run=1 seed=0 k=42 f=0
1 27 12 21 0 34 9 0 9 0 2 12 40 25 20 31 26 40 0 16 26 14 33 9 40 0 28 41 3 19 22 5 24 9 29 8 16 38 37 16 19 2 2 35 24 34 17 1 23 41 17 30 8 0 8 39 37 32 27 32 41 25 20 41 0 26 41 15 31 9 12 3 30 3 33 9 33 17 9 15
run=2 seed=1 k=42 f=0
1 27 12 21 0 34 9 0 9 0 2 12 40 25 20 31 26 40 0 16 26 14 33 9 40 0 28 41 3 19 22 5 24 9 29 8 16 38 37 16 19 2 2 35 24 34 17 1 23 41 17 30 8 0 8 39 37 32 27 32 41 25 20 41 0 26 41 15 31 9 12 3 30 3 33 9 33 17 9 15
run=3 seed=2 k=42 f=0
13 36 1 8 0 31 5 13 36 9 35 16 27 35 29 26 20 0 26 2 35 2 30 3 25 1 25 17 1 9 17 7 38 34 8 23 41 21 22 0 29 0 12 20 14 41 0 1 18 33 26 5 37 3 36 41 39 19 32 41 9 13 27 21 20 15 29 24 25 18 11 40 26 39 41 30 34 10 8 10
run=4 seed=3 k=42 f=0
40 19 0 0 41 26 36 41 1 32 29 32 20 37 12 37 17 41 13 1 6 5 24 33 19 24 20 8 10 14 41 41 34 29 32 10 22 41 35 24 26 11 40 7 40 2 1 0 40 40 11 28 3 2 14 23 9 31 0 19 32 13 20 32 29 26 13 17 16 23 8 8 3 11 0 27 0 19 19 34
run=5 seed=4 k=42 f=0
7 19 32 8 41 31 20 0 20 41 26 0 15 21 12 0 10 25 14 41 18 4 41 39 29 10 15 40 2 13 6 0 36 16 3 33 34 10 41 0 31 41 22 2 8 41 0 22 17 9 27 36 26 25 37 41 4 5 14 17 32 7 32 0 33 23 41 7 34 0 11 21 3 41 24 12 22 10 34 32
run=6 seed=5 k=42 f=0
38 16 23 17 41 40 20 5 19 0 0 9 1 31 8 0 23 34 40 24 26 13 32 26 1 23 25 23 13 8 10 0 39 40 1 41 15 10 22 39 12 26 3 15 41 41 17 31 31 8 27 36 20 30 5 22 27 12 35 32 0 6 18 0 12 26 40 13 39 19 22 14 23 0 32 20 41 13 3 32
run=7 seed=6 k=42 f=0
1 20 31 0 41 17 4 4 6 24 11 9 0 5 20 27 4 32 0 38 26 37 40 0 13 41 23 40 41 0 10 25 39 10 26 32 0 38 6 11 11 41 16 31 5 30 9 17 30 41 36 36 23 34 40 0 38 8 25 0 0 17 28 12 13 18 15 15 21 9 6 22 19 41 32 10 31 33 25 17
run=8 seed=7 k=42 f=0
33 4 14 0 0 25 34 0 18 8 20 31 19 1 21 19 16 8 8 24 15 12 23 14 7 26 40 33 33 30 28 34 25 1 3 16 39 30 16 16 23 12 6 35 0 12 27 10 3 0 21 35 6 27 37 30 14 38 22 35 41 8 41 41 1 41 12 26 37 32 21 35 26 17 9 3 3 41 20 41
run=9 seed=8 k=42 f=0
28 38 9 11 9 33 4 27 2 33 1 1 41 17 30 41 39 27 5 0 24 9 0 13 28 23 18 33 16 33 31 32 36 0 9 41 26 13 39 10 22 20 15 7 18 30 25 16 17 0 19 4 14 16 2 41 38 22 25 8 0 7 28 25 13 14 32 35 29 41 31 39 25 41 18 3 0 6 38 8
run=10 seed=9 k=42 f=0
37 6 28 34 41 19 8 29 37 0 22 13 25 1 0 16 40 27 5 34 18 0 0 15 9 38 41 40 31 41 0 32 31 31 17 41 24 7 38 8 5 41 16 25 36 13 24 5 7 8 21 36 14 1 37 28 25 24 40 16 32 10 7 15 18 33 10 5 35 11 11 21 28 1 24 36 18 25 17 7
run=11 seed=10 k=42 f=0
31 16 24 28 0 41 5 39 28 8 22 10 30 0 17 31 18 35 23 16 35 15 41 1 29 40 0 9 36 2 39 33 10 22 1 30 3 41 27 8 0 23 2 11 8 21 0 0 3 39 8 5 15 40 17 30 23 33 38 20 9 15 35 33 17 14 22 22 41 28 29 17 35 19 41 1 11 38 29 1
run=12 seed=11 k=42 f=0
29 1 8 34 41 10 1 10 28 9 40 4 41 32 32 40 17 41 25 6 14 33 24 6 12 9 27 9 6 17 10 29 12 32 41 26 24 18 37 34 6 33 3 41 39 38 17 0 3 1 19 18 3 2 16 22 29 35 39 35 0 14 17 32 11 41 0 27 14 21 22 0 29 18 8 25 0 19 13 27
run=13 seed=12 k=42 f=0
32 3 40 0 40 26 6 33 22 0 41 20 37 32 20 24 0 32 1 16 14 20 30 28 22 16 41 1 31 8 28 41 2 37 28 26 8 9 0 5 12 0 14 9 0 20 17 13 12 8 14 5 16 17 29 33 36 26 0 35 0 30 25 20 16 41 3 25 5 31 1 13 18 11 8 2 19 31 25 10
run=14 seed=13 k=42 f=0
6 41 18 34 41 18 3 0 17 32 40 0 41 30 11 39 39 27 27 0 33 19 0 2 15 4 41 31 27 31 32 10 18 9 38 24 16 41 41 11 32 0 26 20 36 36 0 2 28 40 24 23 14 25 37 2 17 11 40 8 19 2 36 8 12 16 14 6 10 0 35 25 14 9 27 14 21 24 8 8
run=15 seed=14 k=42 f=0
1 20 27 14 0 0 35 0 3 41 6 32 19 1 30 33 0 41 13 41 8 32 39 24 10 10 7 19 41 0 38 34 16 10 39 14 25 25 14 11 20 0 3 18 5 16 33 40 15 24 36 27 11 2 21 41 10 6 18 0 22 40 37 12 0 6 25 35 23 41 26 18 29 23 14 6 8 1 37 31
run=16 seed=15 k=42 f=0
40 33 17 14 41 0 10 34 37 20 19 6 41 10 13 17 39 41 39 31 7 12 39 3 20 25 22 35 28 25 11 27 37 25 31 41 41 8 33 35 16 34 18 37 30 3 10 2 5 0 21 27 4 2 26 36 40 6 0 32 32 11 7 0 28 26 2 18 28 0 15 9 41 32 24 37 0 11 17 18
run=17 seed=16 k=42 f=0
18 27 39 40 0 6 17 4 21 6 39 0 0 3 33 35 26 12 38 33 27 7 21 8 26 30 33 10 6 14 18 19 14 20 5 15 27 30 11 8 5 7 37 21 31 23 24 0 15 33 36 35 25 0 39 22 24 8 2 41 41 41 5 6 41 0 40 15 30 9 2 0 3 22 21 11 33 27 12 41
run=18 seed=17 k=42 f=0
7 1 27 23 0 9 20 5 18 33 25 41 28 11 29 34 24 15 30 38 35 13 9 20 30 17 0 7 7 41 0 6 2 16 3 25 26 5 12 35 31 9 2 24 35 32 41 41 2 8 40 14 39 41 16 40 38 18 8 0 9 0 30 18 30 17 39 24 33 18 13 0 8 32 41 22 36 25 1 18
run=19 seed=18 k=42 f=0
10 0 26 0 0 13 27 2 0 29 17 30 30 7 17 32 3 7 5 40 34 37 5 31 0 0 19 0 24 34 2 29 38 40 6 11 13 15 36 40 19 23 21 27 39 16 2 19 30 21 32 14 40 25 12 11 7 25 0 41 9 4 30 13 33 35 38 22 4 41 1 19 2 39 28 41 37 7 16 10
run=20 seed=19 k=42 f=0
17 25 41 40 41 26 36 35 14 33 27 32 31 36 20 22 0 9 3 8 26 16 7 41 27 1 0 33 37 0 40 36 3 2 39 3 9 2 16 3 24 0 39 16 22 20 25 41 36 41 33 5 22 41 23 0 5 23 11 17 0 29 20 15 26 11 10 15 7 9 10 34 0 18 32 11 19 10 29 11
