run=1 seed=0 k=50 f=0
33 46 9 19 40 35 0 46 49 21 47 3 40 9 31 35 13 26 31 36 49 2 19 14 24 30 12 49 22 2 49 2 37 7 40 13 43 6 11 42 46 23 21 19 34 37 48 24 15 38 13 17 8 28 6 29 12 20 46 30 3 19 34 27 36 5 0 26 37 20 24 45 23 45 11 17 33 14 43 0
run=2 seed=1 k=50 f=0
33 46 9 19 40 35 0 46 49 21 47 3 40 9 31 35 13 26 31 36 49 2 19 14 24 30 12 49 22 2 49 2 37 7 40 13 43 6 11 42 46 23 21 19 34 37 48 24 15 38 13 17 8 28 6 29 12 20 46 30 3 19 34 27 36 5 0 26 37 20 24 45 23 45 11 17 33 14 43 0
run=3 seed=2 k=50 f=0
40 19 38 3 10 48 16 27 45 36 47 30 38 47 23 49 17 21 19 30 2 21 29 15 1 41 10 32 46 14 13 36 44 2 11 46 41 27 47 47 7 31 27 6 9 1 15 14 0 25 10 46 0 16 10 12 9 44 48 0 31 28 43 2 5 6 22 18 36 40 17 48 34 39 49 20 24 23 37 6
run=4 seed=3 k=50 f=0
46 35 10 7 49 17 27 2 1 14 0 24 49 39 27 7 28 0 1 10 20 29 29 8 23 47 35 37 0 48 3 20 36 28 19 49 15 28 36 18 44 30 42 3 38 47 40 48 17 31 1 13 24 49 48 49 8 35 36 4 9 1 21 21 17 22 33 32 8 0 0 2 23 45 40 11 37 21 15 17
run=5 seed=4 k=50 f=0
1 34 27 30 10 16 10 49 28 1 44 4 14 14 1 26 2 49 6 31 35 37 18 29 49 6 22 0 20 39 30 23 18 11 16 19 44 49 33 22 11 0 26 25 44 31 39 48 22 48 47 5 22 19 39 14 36 45 4 10 19 4 46 10 43 28 41 43 7 28 11 2 6 40 49 2 38 39 0 46
run=6 seed=5 k=50 f=0
25 49 10 41 48 32 20 49 43 30 26 49 11 48 24 14 36 26 28 36 18 5 1 4 30 23 12 30 2 17 46 45 26 0 49 11 40 21 10 15 3 34 13 15 35 40 1 7 16 47 0 3 22 49 38 49 35 23 27 39 39 23 43 27 7 20 38 30 39 0 40 44 10 3 12 24 18 48 6 28
run=7 seed=6 k=50 f=0
4 35 9 49 17 35 31 43 2 28 35 23 36 1 26 42 15 42 23 44 1 2 40 22 31 11 10 28 4 25 14 0 12 19 16 19 6 41 26 9 43 0 34 38 49 26 9 49 19 36 44 22 6 35 44 43 48 16 23 49 39 49 8 0 3 0 29 31 11 49 15 16 1 1 8 47 29 1 48 46
run=8 seed=7 k=50 f=0
27 45 16 21 29 40 36 44 0 15 20 30 29 8 20 20 27 46 26 36 0 13 38 4 43 19 11 42 2 30 13 5 39 12 6 35 0 31 18 21 35 47 20 30 48 47 0 27 45 23 13 6 37 49 5 4 2 16 42 45 48 26 29 4 17 9 36 15 33 38 25 23 13 1 9 11 40 2 44 20
run=9 seed=8 k=50 f=0
46 1 8 23 11 43 36 4 44 0 47 31 46 19 31 22 36 49 3 47 1 21 47 27 40 47 12 30 0 22 3 1 48 13 1 43 44 35 17 20 27 32 3 8 16 10 34 39 0 8 15 16 38 5 30 39 10 14 29 17 49 35 25 31 20 23 27 26 8 40 49 0 10 2 20 26 13 1 42 24
run=10 seed=9 k=50 f=0
15 24 2 22 28 48 9 28 42 2 38 30 9 41 37 15 6 40 46 23 43 30 29 25 34 15 14 33 49 9 40 14 33 0 23 10 25 13 32 4 47 49 22 5 45 31 40 6 49 49 5 33 1 42 19 2 31 1 15 32 12 7 48 38 47 21 48 20 12 3 31 15 0 3 49 44 31 45 11 18
run=11 seed=10 k=50 f=0
45 36 28 0 18 30 18 21 47 23 23 23 28 36 8 31 20 38 1 18 28 48 5 31 12 30 12 23 38 41 42 33 27 40 20 48 15 12 27 12 43 21 0 23 20 16 6 7 0 15 8 6 15 48 21 37 43 33 10 32 0 0 17 13 31 38 2 40 15 49 37 47 37 48 34 7 4 46 10 49
run=12 seed=11 k=50 f=0
23 3 47 45 0 19 31 31 39 45 0 27 18 28 13 40 33 36 13 18 19 32 17 21 5 35 12 48 1 10 27 26 19 0 22 25 31 5 37 10 48 1 26 48 0 39 16 25 23 34 41 48 38 11 18 47 49 32 10 0 28 20 41 27 43 6 4 8 8 45 24 36 29 2 36 11 43 5 39 9
run=13 seed=12 k=50 f=0
10 0 44 8 49 32 28 7 47 36 2 0 49 24 18 47 9 47 37 10 12 48 30 37 49 12 38 29 30 37 7 40 3 0 0 27 11 29 49 7 28 30 11 3 4 47 9 8 14 0 26 20 0 36 45 35 18 31 4 18 3 20 41 13 14 43 36 33 25 40 39 21 29 18 27 11 16 36 17 38
run=14 seed=13 k=50 f=0
40 4 29 41 14 22 32 35 29 0 1 29 49 37 0 3 1 48 44 14 6 23 9 14 43 14 11 13 43 17 15 35 5 42 6 17 19 9 6 0 12 39 30 24 0 16 26 36 32 38 18 28 1 28 27 7 9 4 16 48 24 49 0 42 41 6 45 43 48 37 11 22 10 1 49 26 25 22 30 8
run=15 seed=14 k=50 f=0
33 11 1 22 1 38 7 0 19 49 44 14 49 0 49 35 0 30 5 41 32 19 16 34 10 12 0 14 13 23 2 48 22 49 31 1 6 29 41 39 36 14 29 28 30 27 13 28 35 22 19 9 38 28 15 0 42 17 14 39 41 18 8 42 23 31 22 18 10 24 32 48 5 46 12 37 31 41 47 21
run=16 seed=15 k=50 f=0
43 0 49 0 49 48 24 42 10 28 40 42 46 43 40 43 39 7 24 3 34 30 39 49 10 11 18 35 10 24 36 24 38 7 22 18 29 35 36 23 15 14 18 23 30 2 36 22 17 0 27 29 7 20 6 5 10 32 36 44 16 49 0 15 47 9 34 0 49 6 12 2 46 30 25 44 3 12 16 21
run=17 seed=16 k=50 f=0
23 5 17 33 49 42 28 13 33 39 19 25 22 11 35 16 16 4 1 23 17 37 33 14 38 45 48 2 1 10 12 3 5 37 20 4 8 24 19 24 38 38 19 30 2 9 31 31 1 22 14 33 4 27 47 27 12 47 6 49 0 47 44 45 35 13 1 41 46 26 42 24 11 14 11 22 29 22 37 44
run=18 seed=17 k=50 f=0
15 7 39 47 0 9 43 9 39 27 1 15 28 41 31 28 30 27 32 23 49 11 2 48 33 34 1 0 49 28 4 17 36 36 16 17 45 11 30 1 48 18 22 7 11 0 35 17 18 8 35 36 45 21 22 42 29 44 5 0 23 7 47 48 20 44 25 15 27 9 13 20 36 36 40 33 38 43 13 11
run=19 seed=18 k=50 f=0
13 20 1 47 26 27 5 2 22 47 46 9 22 14 17 38 20 0 26 39 11 20 29 9 49 41 39 4 0 44 4 35 11 17 12 19 10 2 41 3 49 49 37 23 39 9 0 45 12 39 42 31 13 25 18 3 17 7 49 31 49 0 46 11 24 9 0 41 31 2 29 19 34 19 35 23 29 24 32 40
run=20 seed=19 k=50 f=0
41 26 48 2 37 32 21 22 2 14 27 26 2 26 8 49 26 49 3 39 47 6 2 22 45 41 38 0 8 36 42 1 6 41 32 2 6 28 47 11 42 26 12 10 31 41 31 32 13 40 6 31 49 23 1 36 49 13 26 23 0 34 31 10 4 49 20 13 49 19 24 16 46 15 28 3 15 13 35 35
