run=1 seed=0 k=55 f=0
28 39 17 35 32 15 11 17 14 1 17 7 5 14 18 26 14 21 48 54 2 8 27 44 37 50 42 43 43 10 54 7 32 3 29 42 18 41 46 32 29 12 36 2 0 0 11 9 40 33 8 37 46 37 51 28 47 5 16 51 53 54 20 47 54 20 21 24 48 9 44 54 6 51 44 32 34 20 28 20
run=2 seed=1 k=55 f=0
28 39 17 35 32 15 11 17 14 1 17 7 5 14 18 26 14 21 48 54 2 8 27 44 37 50 42 43 43 10 54 7 32 3 29 42 18 41 46 32 29 12 36 2 0 0 11 9 40 33 8 37 46 37 51 28 47 5 16 51 53 54 20 47 54 20 21 24 48 9 44 54 6 51 44 32 34 20 28 20
run=3 seed=2 k=55 f=0
30 54 24 22 1 38 44 23 45 18 42 54 29 7 47 44 24 29 37 0 40 27 14 37 27 21 15 52 35 33 20 51 52 13 1 41 2 27 9 47 42 37 6 41 5 20 8 29 53 53 5 6 43 31 1 16 19 48 33 0 10 21 43 42 51 31 52 53 0 30 32 52 25 5 18 30 12 4 14 49
run=4 seed=3 k=55 f=0
11 45 20 20 54 50 4 51 26 32 43 0 43 49 6 11 47 10 46 5 44 7 53 23 38 0 40 2 28 0 54 39 20 39 46 22 50 16 3 8 9 33 25 12 28 17 11 32 27 2 24 28 9 22 18 50 44 26 36 44 35 31 16 36 17 38 23 1 16 16 20 12 33 29 25 6 14 49 30 1
run=5 seed=4 k=55 f=0
8 53 14 43 53 25 38 23 48 54 54 18 39 39 39 19 53 51 1 14 8 29 46 9 52 3 7 2 45 23 10 33 24 11 24 22 39 34 4 32 16 50 51 30 4 6 32 53 2 8 42 30 17 52 6 41 1 33 24 0 26 27 21 37 13 46 46 44 12 1 1 29 25 33 15 22 0 41 20 26
run=6 seed=5 k=55 f=0
0 10 45 3 1 42 20 44 53 46 36 25 5 53 30 25 0 11 43 11 23 24 54 3 39 30 48 48 22 24 15 9 44 8 39 38 0 36 50 35 37 32 17 22 30 3 22 17 1 13 28 50 25 18 53 47 50 33 32 4 12 42 26 2 3 53 8 37 9 45 20 19 22 34 54 39 48 38 34 39
run=7 seed=6 k=55 f=0
1 50 42 10 53 25 31 25 47 21 25 43 40 31 11 31 45 17 45 39 31 35 0 2 49 51 54 49 22 11 0 10 42 14 41 41 41 4 51 40 32 22 9 15 54 36 53 8 54 6 13 17 49 24 19 47 18 25 1 32 42 3 38 31 23 15 4 6 16 0 35 25 9 1 23 27 54 23 22 7
run=8 seed=7 k=55 f=0
37 29 19 26 34 38 6 38 50 13 20 1 32 4 12 25 0 44 30 11 18 38 52 24 40 35 16 7 47 45 54 29 10 16 1 0 1 3 23 23 7 15 24 20 33 27 45 47 45 54 3 46 0 36 54 10 37 25 51 30 53 52 48 8 33 19 51 7 28 25 15 2 28 53 43 6 41 36 40 21
run=9 seed=8 k=55 f=0
6 49 27 44 44 28 12 47 42 30 1 22 54 12 10 44 0 34 35 47 0 24 54 7 0 47 53 18 23 44 19 17 0 54 6 53 36 8 42 45 54 6 1 28 18 15 38 27 54 3 30 26 12 27 20 14 20 9 44 17 19 4 34 11 26 24 19 36 33 29 14 35 30 6 53 36 47 36 42 33
run=10 seed=9 k=55 f=0
25 54 45 3 10 28 40 13 47 12 1 54 54 34 37 30 39 45 1 54 18 30 31 40 24 49 35 0 2 16 15 11 3 14 16 1 21 20 1 54 32 38 42 0 10 34 21 23 39 49 10 29 7 41 27 49 25 20 4 37 51 54 8 3 21 31 23 42 16 25 41 52 15 13 0 25 47 50 8 22
run=11 seed=10 k=55 f=0
23 38 54 20 54 0 45 29 12 40 9 28 3 46 29 20 40 38 41 33 46 1 28 31 40 33 54 12 26 45 30 53 2 3 40 48 35 0 9 47 4 42 20 23 0 14 31 38 20 17 8 14 23 44 31 37 8 54 26 7 37 26 33 17 16 0 4 6 45 0 42 10 42 10 20 32 18 52 10 51
run=12 seed=11 k=55 f=0
33 39 54 42 54 10 26 46 29 0 35 51 52 4 16 54 21 0 28 51 10 54 44 52 20 52 35 28 32 3 29 28 19 0 22 22 35 42 51 10 38 15 46 33 34 49 33 45 7 48 0 41 22 17 53 29 39 12 2 12 0 7 11 22 13 6 14 33 18 27 29 11 42 18 45 11 43 10 39 0
run=13 seed=12 k=55 f=0
9 51 34 54 23 0 41 8 32 39 23 24 53 20 0 28 13 47 36 30 32 2 45 29 38 52 34 8 5 0 18 35 43 53 14 12 40 49 12 17 46 8 29 43 16 17 0 16 34 52 31 28 45 21 45 15 18 11 54 23 48 4 46 24 6 30 36 15 43 9 34 6 3 8 40 51 26 1 10 39
run=14 seed=13 k=55 f=0
13 6 16 22 4 9 27 16 9 52 7 44 53 19 36 23 2 54 44 34 12 0 51 16 27 43 15 51 33 44 28 10 50 5 50 40 15 24 21 30 27 6 45 2 38 41 1 39 42 23 47 41 0 43 2 54 52 4 20 31 45 33 13 31 1 10 29 30 34 19 51 7 25 34 53 51 45 13 50 19
run=15 seed=14 k=55 f=0
28 54 36 12 18 28 32 11 54 11 53 39 5 33 1 11 0 5 5 26 54 31 27 18 10 22 20 39 18 43 15 8 23 54 14 53 3 39 31 35 37 35 9 43 50 52 0 30 5 23 4 49 25 18 10 41 43 17 49 33 9 43 26 16 25 45 2 39 20 33 2 3 42 53 46 32 51 49 52 43
run=16 seed=15 k=55 f=0
6 0 47 50 37 5 54 21 13 3 33 42 1 9 46 8 49 12 23 28 25 14 10 51 15 26 33 17 11 54 15 5 30 49 3 33 0 50 45 13 40 54 43 35 35 3 53 41 24 44 32 32 45 35 33 5 15 39 21 24 54 23 30 21 0 17 52 6 54 17 5 1 43 22 0 24 27 24 2 36
run=17 seed=16 k=55 f=0
54 48 8 12 54 23 9 53 43 23 32 30 25 34 25 33 38 39 31 3 19 4 36 0 24 25 54 20 31 0 15 52 35 42 2 32 11 13 37 17 23 53 29 44 17 44 0 1 16 52 4 48 37 26 32 48 52 20 36 8 34 2 13 25 0 41 54 11 41 4 52 52 44 2 44 18 45 49 16 6
run=18 seed=17 k=55 f=0
35 1 54 2 14 19 15 13 53 12 26 25 25 11 5 33 0 9 52 23 46 54 21 12 3 3 53 25 51 28 16 22 36 16 43 33 49 1 28 27 13 41 46 41 44 40 20 7 42 4 20 0 53 2 19 15 34 14 28 50 32 39 10 13 0 44 50 22 2 54 43 33 51 40 40 31 7 48 35 34
run=19 seed=18 k=55 f=0
38 44 10 0 36 10 35 17 28 47 46 41 0 23 17 28 25 50 25 8 48 29 54 25 48 53 29 51 11 25 24 0 46 0 37 0 45 3 18 9 39 9 37 3 19 54 28 14 37 18 52 31 51 36 0 14 17 52 23 36 25 7 26 1 8 9 15 11 1 5 39 37 29 18 54 6 54 5 37 45
run=20 seed=19 k=55 f=0
45 6 53 32 10 54 41 45 2 8 12 1 10 41 24 46 41 24 33 2 54 40 1 6 13 1 46 54 26 46 1 50 39 38 53 32 31 48 22 21 9 25 46 27 40 3 22 22 3 0 36 50 38 13 13 30 1 53 21 41 32 2 27 16 54 51 35 18 50 45 39 31 44 15 1 48 18 3 15 54
