run=1 seed=0 k=53 f=0
31 2 28 35 0 46 24 0 6 16 42 21 17 14 34 14 21 12 29 24 11 2 42 30 52 47 52 46 33 14 36 48 23 29 22 34 40 30 11 7 29 26 10 2 19 50 49 35 16 1 44 52 7 52 30 52 33 5 40 25 25 2 21 51 0 10 8 39 31 45 46 9 50 3 17 17 10 4 36 43
run=2 seed=1 k=53 f=0
31 2 28 35 0 46 24 0 6 16 42 21 17 14 34 14 21 12 29 24 11 2 42 30 52 47 52 46 33 14 36 48 23 29 22 34 40 30 11 7 29 26 10 2 19 50 49 35 16 1 44 52 7 52 30 52 33 5 40 25 25 2 21 51 0 10 8 39 31 45 46 9 50 3 17 17 10 4 36 43
run=3 seed=2 k=53 f=0
34 12 49 42 50 22 8 52 31 23 51 50 8 21 30 30 10 35 5 28 11 43 39 47 14 2 13 7 42 4 24 23 43 50 12 46 40 52 34 0 46 49 24 43 9 1 12 19 22 0 44 44 35 13 51 9 47 44 1 36 1 0 38 21 28 29 37 25 34 39 8 27 42 0 17 51 32 37 50 17
run=4 seed=3 k=53 f=0
51 38 31 10 43 29 7 21 25 50 17 2 0 30 1 39 3 37 50 12 35 25 22 28 1 51 52 3 49 15 43 46 44 31 34 25 13 5 37 16 32 7 18 42 41 15 11 19 36 2 10 14 33 22 5 52 40 44 30 36 18 52 49 48 47 44 24 6 7 52 22 8 50 20 26 38 19 52 17 27
run=5 seed=4 k=53 f=0
45 15 4 26 18 36 42 7 33 52 6 18 18 6 9 32 42 9 33 21 50 44 43 24 0 43 0 4 5 27 2 29 43 47 2 40 40 44 16 10 11 11 52 28 52 20 2 21 25 20 25 43 52 25 29 0 20 38 13 29 0 0 33 35 24 11 22 33 15 27 43 18 41 51 40 10 49 12 48 31
run=6 seed=5 k=53 f=0
13 47 27 30 51 11 1 51 21 52 47 5 17 28 2 27 42 17 6 19 20 12 18 25 12 14 37 49 5 2 8 13 34 35 31 21 0 33 42 3 29 52 44 39 7 25 12 10 21 38 34 44 0 9 26 1 52 42 38 4 40 21 17 38 28 29 45 32 34 11 13 51 38 46 26 45 25 1 0 34
run=7 seed=6 k=53 f=0
42 9 30 9 51 18 30 0 45 9 51 50 4 31 0 39 52 24 13 45 17 32 47 42 5 5 0 29 10 40 50 6 44 7 16 27 16 33 35 22 19 32 42 50 0 25 42 21 8 1 51 26 13 48 43 18 0 22 52 18 8 0 24 17 5 52 23 41 0 33 36 23 28 39 23 49 41 50 38 20
run=8 seed=7 k=53 f=0
15 34 49 22 33 3 8 47 26 52 52 14 51 5 6 6 47 42 29 13 52 5 25 2 20 23 51 14 13 40 2 2 46 25 39 26 32 6 21 6 11 13 51 52 7 1 3 51 35 13 44 40 19 41 30 28 42 1 20 41 16 50 7 0 36 35 14 0 44 43 47 35 17 32 24 24 37 39 43 29
run=9 seed=8 k=53 f=0
28 42 20 45 42 35 42 16 25 6 15 1 20 17 51 50 37 52 2 8 19 28 51 23 43 2 12 4 30 27 33 14 4 34 46 43 42 14 0 35 5 0 20 26 8 47 52 25 4 32 12 7 51 10 21 37 13 33 0 21 0 26 40 1 32 13 37 27 48 33 3 33 45 21 13 20 47 15 45 11
run=10 seed=9 k=53 f=0
42 2 40 52 28 39 35 30 32 11 1 24 52 1 41 0 10 45 33 38 48 38 52 27 12 50 2 41 3 19 42 45 25 26 26 33 51 44 5 7 0 7 7 43 31 27 51 13 50 42 31 14 24 34 41 14 28 27 47 22 8 15 18 11 20 0 9 36 23 18 24 4 13 11 0 18 31 49 21 18
run=11 seed=10 k=53 f=0
36 17 45 29 52 52 40 3 35 50 4 46 51 35 25 46 48 0 14 6 33 28 30 33 41 12 9 21 41 22 13 26 49 30 17 11 37 21 13 21 7 22 38 0 14 23 29 3 35 20 48 40 29 1 43 51 23 52 15 2 8 52 8 4 32 43 47 18 43 43 18 52 18 19 0 12 32 12 25 1
run=12 seed=11 k=53 f=0
42 31 22 9 32 30 45 46 33 41 37 49 12 48 41 15 26 36 38 0 0 15 50 4 25 39 18 4 51 43 48 46 8 23 1 22 52 11 18 12 13 27 47 8 35 10 33 41 46 10 15 4 40 32 3 31 28 17 20 2 9 8 11 2 8 49 18 17 0 51 27 13 23 0 23 38 19 28 26 34
run=13 seed=12 k=53 f=0
37 10 45 51 33 25 45 27 44 33 51 14 22 41 9 16 7 40 49 29 17 36 29 21 48 28 31 52 45 3 33 19 45 31 5 43 0 25 49 13 38 43 4 7 14 16 52 37 23 16 28 48 11 23 50 14 12 19 50 8 52 9 40 21 19 0 14 3 0 42 48 38 0 2 24 37 52 24 21 1
run=14 seed=13 k=53 f=0
2 25 14 7 34 16 22 13 2 19 20 25 21 47 44 2 4 46 1 18 17 12 30 2 38 31 0 48 15 3 39 12 24 18 38 0 35 43 4 17 41 10 5 9 48 26 34 31 38 44 49 46 4 26 28 47 34 7 27 52 52 52 43 40 13 11 15 25 1 1 52 21 12 36 11 8 48 13 39 31
run=15 seed=14 k=53 f=0
0 43 19 41 1 5 44 22 0 8 9 50 43 19 17 19 34 34 46 1 11 17 2 43 26 46 15 51 25 10 1 23 22 0 22 51 11 52 52 9 8 29 23 7 49 2 0 9 40 19 10 34 16 31 25 47 1 34 9 40 27 44 13 31 21 34 29 52 29 46 40 37 1 25 37 33 50 32 52 10
run=16 seed=15 k=53 f=0
40 34 44 34 9 50 38 42 18 12 27 44 10 48 0 41 41 26 43 31 37 49 26 1 17 27 4 5 32 2 37 51 47 51 32 21 32 5 43 11 5 52 21 39 8 4 31 26 9 1 0 2 29 20 23 1 29 21 43 40 26 11 39 18 10 50 1 50 35 44 50 51 36 17 18 45 0 16 23 19
run=17 seed=16 k=53 f=0
49 2 20 4 18 34 18 14 18 9 18 12 51 32 51 39 13 40 14 41 45 38 42 31 51 48 28 8 44 28 9 20 9 31 24 1 48 43 26 9 31 0 15 8 12 19 21 25 30 35 13 31 21 16 47 4 52 1 25 52 27 3 43 52 9 46 39 0 48 7 41 3 24 52 39 36 37 15 25 27
run=18 seed=17 k=53 f=0
8 30 0 19 5 37 28 32 32 23 28 31 39 24 35 30 52 7 12 17 27 49 41 46 33 13 43 38 45 51 13 33 50 52 40 15 45 6 39 9 9 23 10 48 8 10 49 19 0 1 39 0 49 3 26 37 17 2 3 41 43 20 33 16 22 31 3 14 15 52 2 26 12 52 21 33 5 5 39 29
run=19 seed=18 k=53 f=0
38 30 9 17 25 31 7 9 2 35 47 3 0 28 9 12 5 43 31 42 52 31 52 26 6 37 25 48 32 45 24 42 2 27 42 6 20 24 49 23 26 52 5 17 0 12 27 33 24 43 22 32 46 35 40 14 20 12 37 52 36 6 40 18 49 14 11 17 0 45 19 38 18 52 0 46 14 22 0 40
run=20 seed=19 k=53 f=0
20 8 49 42 8 51 0 5 5 35 13 5 40 10 38 10 43 14 50 43 0 5 39 43 3 46 35 39 29 13 18 35 52 18 23 52 45 19 13 30 23 27 44 28 21 0 13 47 46 43 38 32 50 2 10 20 28 25 10 26 28 29 7 0 24 0 3 43 28 49 44 30 26 26 20 24 0 0 18 11
