run=1 seed=0 k=41 f=0
4 37 29 26 0 40 29 29 32 0 13 34 21 21 20 19 31 19 16 5 26 6 8 23 34 36 0 40 7 22 11 6 39 27 15 39 34 21 23 0 40 28 35 12 40 15 20 2 38 30 19 36 4 2 18 28 22 39 16 12 40 12 9 0 40 6 3 15 21 9 15 17 29 10 32 0 0 33 40 40
run=2 seed=1 k=41 f=0
4 37 29 26 0 40 29 29 32 0 13 34 21 21 20 19 31 19 16 5 26 6 8 23 34 36 0 40 7 22 11 6 39 27 15 39 34 21 23 0 40 28 35 12 40 15 20 2 38 30 19 36 4 2 18 28 22 39 16 12 40 12 9 0 40 6 3 15 21 9 15 17 29 10 32 0 0 33 40 40
run=3 seed=2 k=41 f=0
36 16 31 0 40 40 12 20 11 0 40 16 10 4 11 37 13 7 1 20 17 23 22 1 27 19 34 8 0 8 20 20 39 22 28 39 29 35 35 1 5 0 15 32 13 39 8 16 7 17 26 27 37 2 31 33 24 33 2 25 31 14 40 0 29 31 38 6 0 0 9 40 19 25 23 16 40 29 12 31
run=4 seed=3 k=41 f=0
18 12 0 31 40 8 12 33 38 18 3 15 40 24 11 12 38 24 36 31 17 40 25 30 13 40 38 27 3 18 0 16 29 40 5 40 4 25 10 3 0 33 10 0 8 11 1 1 12 10 39 26 13 21 29 19 22 2 3 31 31 31 0 33 32 24 31 6 31 0 17 39 19 0 23 20 9 18 17 20
run=5 seed=4 k=41 f=0
3 26 17 24 40 11 37 13 13 26 14 40 17 10 11 28 2 17 15 38 17 21 40 37 1 34 31 36 9 33 0 15 39 1 40 40 20 38 31 8 24 9 8 19 9 27 9 10 5 0 34 35 26 11 16 39 15 21 26 17 31 40 23 0 11 32 4 6 32 0 39 28 31 0 23 38 30 21 25 40
run=6 seed=5 k=41 f=0
27 17 24 7 40 39 30 35 19 6 7 33 40 35 20 11 16 0 27 12 14 0 12 27 20 25 15 31 2 5 29 0 13 3 40 31 38 29 9 21 34 0 17 5 40 30 14 40 19 40 5 5 16 18 32 35 1 0 11 22 0 27 40 33 20 0 12 25 26 31 3 0 13 24 8 17 9 21 20 22
run=7 seed=6 k=41 f=0
20 30 1 25 40 40 29 40 37 0 23 9 13 0 20 7 39 34 38 33 14 3 40 37 8 37 18 26 19 24 40 8 39 40 13 39 32 26 23 39 28 21 14 19 19 5 20 0 14 29 40 4 33 0 11 29 1 18 8 12 0 15 34 10 23 6 27 25 37 31 31 29 32 0 8 29 2 33 13 27
run=8 seed=7 k=41 f=0
17 5 30 33 0 0 21 5 29 6 13 25 0 1 29 35 2 6 30 37 23 40 39 36 14 15 40 22 9 0 39 10 25 9 9 23 16 15 40 23 20 7 17 31 8 38 14 0 0 40 27 14 27 28 14 7 35 24 26 32 9 0 3 15 0 0 39 34 30 40 3 21 40 15 17 17 31 14 21 21
run=9 seed=8 k=41 f=0
6 20 12 30 0 8 33 11 2 11 2 14 30 29 29 17 38 23 27 4 23 9 25 12 19 3 1 40 0 0 40 29 12 9 11 40 34 39 14 37 7 0 22 38 40 35 2 32 21 31 38 5 19 25 1 29 1 34 39 23 9 2 32 33 6 17 20 34 36 40 10 5 27 39 17 19 23 2 8 13
run=10 seed=9 k=41 f=0
32 0 8 8 0 34 5 14 20 0 26 17 30 15 29 36 15 0 13 5 23 17 22 9 27 27 40 4 37 15 40 36 0 18 0 8 28 11 22 5 6 12 29 34 37 22 17 25 39 26 11 5 20 10 18 1 18 20 12 34 9 0 38 30 35 40 40 34 8 40 31 1 32 26 17 13 23 11 1 1
run=11 seed=10 k=41 f=0
24 40 30 0 40 32 3 35 29 16 39 8 40 5 11 14 34 26 12 38 17 4 21 19 11 39 17 0 13 0 8 11 5 30 2 30 23 7 17 8 26 33 17 16 5 4 39 21 15 8 5 27 15 38 36 33 30 23 11 0 31 5 8 12 37 22 22 6 25 0 12 38 1 40 23 29 0 35 29 21
run=12 seed=11 k=41 f=0
33 21 0 40 40 17 37 6 32 40 13 11 1 3 20 16 3 32 19 40 14 20 29 35 23 40 23 6 15 12 10 28 4 33 14 32 40 0 2 15 17 28 27 12 18 29 23 23 30 14 5 34 17 24 26 39 6 28 0 6 0 10 15 37 17 0 24 25 2 31 29 7 38 1 8 1 21 39 33 39
run=13 seed=12 k=41 f=0
24 35 21 0 40 23 12 40 8 0 38 16 31 5 20 18 4 29 23 38 14 3 30 23 17 20 7 34 37 11 40 34 36 10 0 29 28 30 20 11 11 0 39 28 39 0 38 25 10 20 7 5 16 40 35 24 19 0 33 12 0 3 0 0 1 6 40 25 17 31 4 6 16 39 8 16 20 1 34 10
run=14 seed=13 k=41 f=0
8 1 40 29 0 15 32 40 21 0 32 21 0 28 29 32 39 9 22 35 23 39 10 40 22 8 37 18 10 17 40 30 23 8 3 26 24 31 13 31 3 7 13 16 32 21 17 40 14 8 33 14 26 0 6 2 39 2 27 40 9 39 30 25 16 34 35 34 24 40 28 0 20 0 17 2 19 0 1 33
run=15 seed=14 k=41 f=0
2 22 0 9 40 32 12 13 22 39 13 17 9 40 11 33 15 26 10 22 17 39 40 37 28 22 40 0 3 14 0 0 27 25 6 9 6 3 30 5 35 16 17 4 9 24 18 12 23 0 37 35 25 40 14 30 24 0 2 26 31 18 35 30 35 33 34 6 4 0 30 21 0 0 23 39 30 39 26 40
run=16 seed=15 k=41 f=0
33 11 27 29 0 16 34 5 24 32 31 10 0 15 29 0 4 22 36 2 23 21 18 23 30 1 40 14 29 40 32 16 2 30 9 3 21 1 2 31 32 7 6 39 35 37 40 39 3 12 23 14 25 38 18 39 15 25 0 20 9 10 23 2 28 26 33 34 10 40 6 8 40 1 17 10 40 23 7 18
run=17 seed=16 k=41 f=0
35 26 19 0 0 33 22 30 17 40 38 8 23 20 20 33 20 39 27 40 26 5 31 22 1 38 27 14 3 12 0 13 1 1 25 0 8 1 31 36 1 16 36 30 7 11 20 26 12 11 14 36 7 20 21 28 7 5 0 28 40 39 25 0 11 34 11 15 19 9 17 40 29 17 32 40 30 39 1 40
run=18 seed=17 k=41 f=0
12 23 16 31 40 0 9 40 25 40 39 6 18 8 20 18 16 24 40 0 14 28 28 15 23 25 15 34 36 35 40 32 34 9 0 32 0 7 14 22 23 26 40 18 40 10 23 25 4 0 35 5 33 28 34 18 25 13 0 15 0 38 3 3 37 9 40 25 11 31 26 9 19 40 8 1 8 0 31 0
run=19 seed=18 k=41 f=0
30 8 39 28 40 15 39 33 20 40 29 36 40 7 11 10 38 9 27 21 17 39 18 36 13 21 21 0 29 32 0 22 38 40 39 22 27 29 35 25 13 33 11 28 27 0 0 30 13 31 18 26 14 18 39 20 32 39 2 8 31 4 24 0 27 14 0 6 6 0 34 6 1 0 23 17 8 21 38 20
run=20 seed=19 k=41 f=0
27 19 12 1 0 34 14 36 33 0 29 28 40 12 20 31 10 8 37 21 26 10 1 4 35 6 40 23 17 25 12 2 0 0 40 40 17 24 26 13 21 23 32 28 40 28 31 8 2 8 9 5 29 40 38 21 4 6 39 16 40 8 13 33 25 22 20 15 37 9 28 20 23 19 32 1 33 40 1 0
