run=1 seed=0 k=48 f=0
7 16 0 23 47 8 38 12 9 47 23 43 2 5 38 21 12 2 35 15 9 42 47 45 38 11 14 29 19 31 11 40 6 38 29 29 1 40 27 10 21 32 21 20 8 27 9 13 11 18 29 22 44 10 20 33 14 2 4 1 0 47 44 39 19 41 46 33 1 17 0 25 30 33 26 39 25 44 27 38
run=2 seed=1 k=48 f=0
7 16 0 23 47 8 38 12 9 47 23 43 2 5 38 21 12 2 35 15 9 42 47 45 38 11 14 29 19 31 11 40 6 38 29 29 1 40 27 10 21 32 21 20 8 27 9 13 11 18 29 22 44 10 20 33 14 2 4 1 0 47 44 39 19 41 46 33 1 17 0 25 30 33 26 39 25 44 27 38
run=3 seed=2 k=48 f=0
9 1 22 47 21 18 0 7 25 44 22 3 0 46 30 9 5 12 15 26 1 29 47 11 0 27 38 37 42 39 36 18 22 18 17 10 1 14 7 29 34 19 6 20 5 29 36 45 36 19 44 44 29 31 0 14 38 43 44 28 38 42 26 12 22 0 37 13 2 47 14 31 14 29 7 18 26 29 8 12
run=4 seed=3 k=48 f=0
42 1 21 24 25 10 38 33 1 32 38 4 27 46 11 30 30 31 1 39 17 46 31 27 18 23 16 0 44 46 0 46 5 38 38 0 13 24 34 43 9 44 5 6 40 19 9 16 2 44 32 39 14 22 32 17 12 29 26 17 43 4 29 11 7 23 13 6 24 0 38 2 11 47 34 3 18 43 35 7
run=5 seed=4 k=48 f=0
13 24 34 12 22 25 9 17 20 41 32 3 10 44 44 1 22 46 9 36 6 44 0 39 29 35 19 15 0 15 30 34 40 32 7 2 9 4 3 13 13 17 0 21 20 8 22 47 23 12 4 47 2 40 37 16 45 23 26 30 31 25 22 44 40 47 15 39 6 13 17 9 2 34 0 18 45 22 28 37
run=6 seed=5 k=48 f=0
20 29 42 24 44 7 37 10 33 13 18 32 36 38 13 32 34 42 4 14 7 47 15 25 45 44 1 22 7 24 17 15 28 3 39 21 44 23 34 27 5 8 17 9 33 39 45 46 1 1 45 3 28 11 36 37 5 35 11 30 34 26 29 6 25 36 20 20 27 0 34 0 47 15 26 2 0 11 26 45
run=7 seed=6 k=48 f=0
45 23 37 19 44 37 22 38 16 37 47 43 32 5 34 30 0 30 24 40 7 19 28 30 23 35 12 4 23 15 7 43 8 15 47 0 38 26 24 47 29 23 10 18 45 47 27 22 9 47 6 17 47 47 22 29 44 2 1 12 21 8 33 1 39 18 25 29 36 0 27 7 40 2 13 29 15 39 31 41
run=8 seed=7 k=48 f=0
21 3 11 31 29 47 36 35 0 25 22 39 19 0 20 24 34 10 2 42 14 47 38 8 19 28 1 0 1 31 35 46 18 9 12 47 41 40 1 4 25 1 29 12 47 23 36 31 0 5 47 9 42 32 17 7 21 26 15 13 47 16 45 23 46 19 42 0 35 6 21 2 31 19 38 9 12 46 32 28
run=9 seed=8 k=48 f=0
47 16 30 29 38 13 33 31 9 29 32 47 13 23 14 17 32 22 33 41 20 46 9 46 34 39 38 41 7 47 33 0 44 0 29 3 47 18 32 10 44 4 36 1 21 18 14 28 2 38 1 44 24 10 20 11 2 10 21 47 29 24 18 39 7 23 13 9 18 47 37 0 38 5 2 30 20 5 45 40
run=10 seed=9 k=48 f=0
9 2 20 7 2 29 25 22 26 9 40 47 47 5 35 39 24 36 46 22 41 18 46 21 28 26 0 47 13 13 16 16 15 21 7 34 0 41 45 1 39 25 27 33 36 37 0 3 25 43 38 9 39 10 43 1 37 0 45 18 13 33 15 29 11 25 46 30 8 23 17 3 8 17 47 1 6 26 18 31
run=11 seed=10 k=48 f=0
31 11 37 13 17 47 35 31 11 1 23 31 27 45 34 13 0 22 23 12 40 40 27 37 22 6 40 24 10 6 7 21 15 4 27 47 47 31 9 8 33 34 13 35 45 37 16 45 12 35 41 0 46 37 17 1 3 40 26 26 26 28 31 19 11 7 20 9 31 47 35 0 29 0 3 23 42 35 0 18
run=12 seed=11 k=48 f=0
47 0 45 29 25 4 25 25 41 19 22 10 38 36 16 14 25 20 34 0 40 40 14 37 8 11 47 0 44 37 20 0 43 47 4 38 6 30 16 16 43 31 28 23 3 13 47 35 33 27 31 13 46 24 2 6 47 22 17 7 8 34 11 23 1 13 30 0 14 47 40 30 43 38 34 30 11 21 4 2
run=13 seed=12 k=48 f=0
32 47 2 0 0 39 5 9 1 22 43 45 22 14 41 39 11 19 47 35 47 32 12 34 6 26 10 2 40 29 12 28 47 47 13 47 22 41 43 29 4 30 38 45 44 29 5 18 0 30 20 35 44 32 17 9 24 10 18 13 24 10 13 37 41 39 36 16 23 9 7 21 6 31 32 18 47 32 0 0
run=14 seed=13 k=48 f=0
3 29 15 31 25 40 28 27 41 35 5 47 22 6 38 43 1 0 32 18 0 47 1 11 33 40 21 10 11 8 3 21 19 35 29 27 16 19 46 4 40 29 4 47 39 44 18 24 20 9 42 13 42 0 43 37 46 39 13 0 47 27 22 46 41 42 20 33 28 16 14 24 14 9 6 2 45 3 26 35
run=15 seed=14 k=48 f=0
0 20 39 39 22 19 23 23 39 10 18 13 0 16 9 19 34 47 25 0 31 0 27 6 42 22 31 4 6 3 9 22 40 39 32 38 27 18 33 35 3 35 12 34 47 39 0 30 9 28 35 41 29 47 15 25 4 47 42 47 1 10 22 11 17 16 40 14 47 47 32 18 25 3 37 20 43 11 9 20
run=16 seed=15 k=48 f=0
20 6 45 0 30 33 13 44 47 17 43 16 29 44 21 33 33 7 20 1 8 8 23 9 16 1 27 41 40 37 44 41 10 10 36 9 3 27 14 35 7 22 0 34 2 16 38 16 34 29 33 4 37 47 8 18 20 47 37 0 47 27 30 15 46 47 26 16 25 1 21 32 27 41 39 46 15 0 14 0
run=17 seed=16 k=48 f=0
12 29 9 10 0 47 34 18 27 0 45 41 47 22 23 2 45 0 20 45 41 26 21 38 14 29 28 10 35 36 26 37 14 22 38 8 31 47 7 44 20 17 37 36 0 26 25 45 34 34 42 6 37 47 7 3 12 4 43 17 15 15 0 46 22 44 13 28 16 34 38 31 17 19 47 17 0 30 3 10
run=18 seed=17 k=48 f=0
25 14 39 34 10 47 1 35 41 20 25 26 1 15 30 26 22 6 31 39 2 41 0 34 5 5 41 46 7 21 10 13 40 12 13 28 5 5 30 21 45 47 7 32 47 16 1 19 11 37 6 42 17 38 4 32 46 12 14 10 38 20 25 30 23 46 40 25 3 19 7 16 42 17 47 41 30 32 25 38
run=19 seed=18 k=48 f=0
22 14 31 34 30 47 30 6 28 45 34 13 26 26 9 35 10 4 29 19 15 7 20 43 34 12 41 27 46 0 4 43 31 8 4 9 21 12 13 22 31 45 34 0 39 24 26 1 24 0 5 11 34 47 36 47 7 7 0 34 39 1 18 46 21 17 38 47 16 0 13 9 14 23 21 5 37 20 6 17
run=20 seed=19 k=48 f=0
43 25 37 10 37 39 25 41 1 37 27 28 1 13 23 9 29 19 31 24 29 20 47 40 1 19 2 24 17 30 26 6 6 36 7 29 43 14 12 15 19 16 31 46 11 25 12 46 12 47 33 9 33 0 29 5 38 47 44 4 46 29 18 4 10 21 34 18 35 2 0 22 18 47 12 1 36 17 5 44
