run=1 seed=0 k=47 f=0
38 4 14 24 17 10 36 31 0 23 27 16 36 28 45 34 22 4 18 36 38 37 44 38 20 34 31 9 43 25 27 29 11 24 39 6 0 9 36 31 12 46 0 13 1 9 15 17 9 31 23 12 2 15 2 18 44 45 6 40 8 44 32 36 22 46 1 25 46 31 36 30 15 41 0 22 6 2 7 16
run=2 seed=1 k=47 f=0
38 4 14 24 17 10 36 31 0 23 27 16 36 28 45 34 22 4 18 36 38 37 44 38 20 34 31 9 43 25 27 29 11 24 39 6 0 9 36 31 12 46 0 13 1 9 15 17 9 31 23 12 2 15 2 18 44 45 6 40 8 44 32 36 22 46 1 25 46 31 36 30 15 41 0 22 6 2 7 16
run=3 seed=2 k=47 f=0
20 27 46 10 22 23 39 5 12 18 0 44 1 14 8 10 18 17 4 37 14 10 21 13 43 43 0 24 28 12 23 6 5 46 0 32 1 26 42 13 25 45 36 26 30 44 42 40 40 0 2 30 16 34 44 19 25 24 44 8 0 20 16 37 33 24 8 40 28 33 26 6 34 31 46 22 38 31 33 10
run=4 seed=3 k=47 f=0
46 27 0 45 19 23 16 18 44 0 37 13 25 36 6 8 27 29 5 16 0 46 45 8 29 19 38 30 45 7 15 3 3 0 2 8 40 18 32 18 45 46 40 5 13 31 46 45 13 17 14 41 2 15 41 5 1 33 32 38 37 24 20 37 22 32 46 11 25 28 31 22 31 4 45 3 35 15 24 8
run=5 seed=4 k=47 f=0
19 41 17 45 45 27 6 9 39 27 2 3 46 16 30 0 44 21 28 34 37 9 36 9 26 4 12 33 20 10 14 18 46 44 14 44 24 20 6 20 27 35 23 42 2 41 35 11 45 0 6 4 23 14 40 31 34 3 15 9 0 37 2 27 39 19 24 15 18 9 33 46 30 36 21 27 6 24 8 29
run=6 seed=5 k=47 f=0
42 0 19 18 29 0 40 31 9 0 2 37 45 1 20 40 21 27 13 29 13 37 28 34 46 11 10 3 7 12 1 2 1 15 0 35 22 42 9 31 14 16 24 37 38 43 9 33 27 25 15 24 9 31 1 46 7 7 32 17 38 46 42 45 20 43 30 0 20 6 26 4 20 46 46 27 28 24 19 36
run=7 seed=6 k=47 f=0
44 0 7 12 14 36 9 41 33 24 45 1 8 36 0 22 0 19 6 20 6 21 25 19 10 28 42 32 15 39 43 45 41 10 14 46 3 5 18 11 9 15 45 15 45 3 11 46 12 1 34 20 0 39 0 4 37 30 16 37 46 28 1 17 30 30 5 29 36 23 45 34 26 28 38 31 35 2 45 24
run=8 seed=7 k=47 f=0
22 33 3 2 9 31 17 16 12 46 0 46 32 33 18 35 46 12 23 1 46 27 45 24 7 23 37 11 6 28 9 17 15 20 36 26 3 29 10 13 0 46 33 15 36 29 8 43 20 38 45 41 2 43 3 9 41 12 0 0 37 28 6 12 31 17 6 23 37 0 9 18 30 22 29 40 39 1 43 23
run=9 seed=8 k=47 f=0
16 41 2 34 22 10 46 22 25 6 45 2 33 12 5 15 25 41 42 27 38 6 16 13 40 25 16 34 17 9 24 34 38 45 34 37 28 43 17 32 44 2 26 3 46 41 46 22 22 28 28 17 46 0 6 39 37 16 15 20 13 9 12 24 32 0 46 0 30 31 46 31 35 25 44 12 40 8 34 8
run=10 seed=9 k=47 f=0
26 42 15 1 14 17 6 9 15 2 5 35 30 21 0 0 34 45 16 2 6 15 36 45 10 40 11 41 0 5 4 27 21 16 25 10 9 34 2 42 14 38 9 30 0 42 30 7 42 21 3 19 44 35 7 34 20 45 1 46 23 45 29 28 39 39 1 37 26 46 36 22 33 25 31 19 21 30 9 11
run=11 seed=10 k=47 f=0
9 3 46 35 0 16 21 0 28 38 25 0 4 20 17 0 37 26 13 28 23 44 13 19 5 14 9 37 25 23 34 24 33 12 1 46 19 14 38 12 3 25 17 33 0 41 30 46 36 21 22 19 41 46 41 1 28 37 39 7 9 30 6 33 15 0 27 31 10 46 27 39 16 44 37 8 44 18 44 14
run=12 seed=11 k=47 f=0
45 10 23 20 21 10 25 32 23 44 43 28 45 16 30 11 35 2 6 24 13 36 35 24 44 22 46 3 5 5 1 42 2 24 43 23 37 37 6 37 11 31 9 7 0 23 0 41 4 32 0 26 9 46 26 27 38 1 15 8 38 17 30 43 34 14 31 0 13 6 9 11 17 37 46 43 23 29 37 15
run=13 seed=12 k=47 f=0
2 33 24 46 24 0 20 27 31 45 43 35 46 0 33 35 21 6 32 7 39 35 39 36 30 8 25 8 1 46 27 6 8 46 20 33 23 7 41 2 31 0 0 16 16 32 1 26 26 24 15 5 36 2 18 19 40 37 7 16 0 13 27 9 44 10 45 16 4 9 6 3 9 15 45 13 39 15 39 10
run=14 seed=13 k=47 f=0
7 32 43 11 9 24 8 43 44 8 23 46 37 45 38 14 11 18 37 32 32 13 0 46 17 27 0 41 28 26 20 31 7 31 3 0 24 20 37 35 19 30 1 12 9 20 33 21 2 24 20 4 13 5 24 34 32 7 42 41 46 46 11 16 24 14 39 24 45 0 10 31 43 32 18 6 0 1 5 46
run=15 seed=14 k=47 f=0
14 34 4 32 45 0 10 3 20 1 17 6 11 7 17 42 8 25 38 44 36 43 13 41 1 1 46 34 1 39 20 41 37 0 40 28 28 45 35 11 1 4 17 39 45 45 9 21 3 18 46 31 41 10 25 10 40 27 33 39 9 19 26 21 3 46 30 22 25 0 40 30 33 15 28 14 35 10 23 27
run=16 seed=15 k=47 f=0
30 23 1 37 3 10 40 2 17 1 4 46 21 39 29 17 24 30 13 5 11 14 28 26 19 10 2 41 5 35 2 31 10 32 3 39 9 41 37 12 46 44 0 24 12 15 30 3 23 21 40 32 9 24 46 43 15 27 8 13 37 0 46 46 23 7 31 24 33 18 35 40 31 21 46 44 14 23 0 36
run=17 seed=16 k=47 f=0
43 26 18 34 0 24 31 21 20 27 30 0 32 36 36 14 8 41 29 15 8 1 46 43 24 22 18 36 0 32 10 1 39 46 1 36 6 6 40 34 35 25 10 0 37 24 19 0 11 3 15 41 3 30 2 19 1 46 36 11 46 21 24 5 6 46 46 29 43 23 31 11 20 9 14 12 39 26 10 17
run=18 seed=17 k=47 f=0
20 30 45 43 32 10 0 21 46 26 12 3 46 36 9 37 44 36 19 11 24 32 5 44 26 24 18 46 3 38 14 8 22 12 30 17 19 10 44 46 24 2 19 16 21 13 43 5 41 0 6 7 29 0 4 0 32 1 11 35 0 31 6 14 43 9 8 40 23 46 20 33 27 27 18 24 35 29 29 23
run=19 seed=18 k=47 f=0
12 28 16 30 10 39 0 9 21 8 1 46 13 44 0 31 21 23 31 5 40 8 42 40 13 29 14 4 41 23 22 28 25 16 12 28 46 0 40 7 13 38 22 20 8 16 37 41 21 19 45 3 44 24 45 39 35 19 29 45 19 8 44 0 9 0 0 27 32 33 40 33 13 5 46 34 1 11 14 32
run=20 seed=19 k=47 f=0
31 40 2 46 22 24 17 2 42 22 28 30 22 13 13 41 29 39 34 1 7 39 46 0 40 19 1 6 13 16 46 45 27 22 35 46 15 8 26 16 11 29 30 30 11 45 5 34 6 37 21 35 10 0 27 21 44 24 3 13 31 34 13 29 27 28 3 45 14 0 13 22 35 12 39 26 6 17 45 39
