run=1 seed=0 k=54 f=0
19 45 1 43 43 25 21 12 12 37 10 31 47 1 2 4 6 0 52 10 35 0 24 33 44 8 51 51 41 37 0 18 0 12 40 3 37 52 1 37 51 22 6 29 50 31 29 29 47 48 29 7 37 26 8 27 50 19 16 21 19 46 19 16 34 15 52 52 38 28 18 9 18 15 11 15 31 17 40 14
run=2 seed=1 k=54 f=0
19 45 1 43 43 25 21 12 12 37 10 31 47 1 2 4 6 0 52 10 35 0 24 33 44 8 51 51 41 37 0 18 0 12 40 3 37 52 1 37 51 22 6 29 50 31 29 29 47 48 29 7 37 26 8 27 50 19 16 21 19 46 19 16 34 15 52 52 38 28 18 9 18 15 11 15 31 17 40 14
run=3 seed=2 k=54 f=0
4 37 44 35 9 53 0 33 49 16 46 27 46 51 35 44 29 45 1 14 44 23 53 23 39 1 18 1 13 2 31 16 23 53 23 24 22 36 49 17 41 11 6 32 28 41 49 12 6 7 26 38 19 31 0 40 23 43 17 41 0 6 45 19 34 35 43 26 32 20 10 7 20 8 51 24 53 37 23 5
run=4 seed=3 k=54 f=0
5 49 0 44 37 26 0 10 19 4 22 4 0 37 9 45 24 15 49 3 22 0 40 18 31 15 53 13 46 22 52 53 52 53 44 12 1 39 15 36 4 26 7 49 10 7 42 3 44 52 26 31 18 28 15 29 42 17 16 34 1 37 20 32 25 27 3 53 52 46 32 51 5 35 28 17 33 31 11 12
run=5 seed=4 k=54 f=0
25 47 2 26 0 49 15 13 32 47 26 18 41 8 47 22 46 43 33 48 41 38 42 3 27 52 34 46 30 10 51 31 52 30 43 3 5 4 17 36 11 12 21 22 53 5 36 36 48 21 38 33 3 53 6 9 36 5 27 12 22 37 0 30 52 53 33 53 1 10 47 15 18 4 30 48 0 16 16 20
run=6 seed=5 k=54 f=0
53 1 49 13 33 28 33 15 15 25 36 2 0 16 24 26 25 22 4 44 18 25 9 21 3 38 49 1 45 35 49 5 4 10 49 1 38 45 32 15 41 7 17 49 41 9 16 19 1 49 9 27 36 19 48 9 0 27 41 37 4 51 28 22 13 31 10 51 45 42 28 28 25 40 12 20 32 40 24 17
run=7 seed=6 k=54 f=0
9 43 3 41 39 23 37 51 10 40 34 1 33 17 53 2 18 48 3 37 47 4 36 30 53 35 14 29 39 15 11 30 20 15 18 53 35 33 19 53 11 23 34 42 21 23 0 52 50 12 30 18 42 44 10 41 47 24 13 28 11 53 24 52 27 22 9 0 23 21 39 10 25 31 30 47 0 39 31 48
run=8 seed=7 k=54 f=0
45 51 23 13 36 33 50 37 42 13 2 53 49 48 18 9 32 2 8 0 44 47 41 38 7 14 27 36 19 32 14 45 12 0 24 23 18 2 7 34 25 24 17 36 2 53 4 49 17 48 31 0 30 51 7 8 5 26 36 39 4 30 45 14 22 31 0 13 29 27 9 50 31 43 53 33 4 18 19 40
run=9 seed=8 k=54 f=0
48 16 30 53 53 1 7 17 51 32 31 10 7 21 33 45 49 42 27 4 0 52 21 4 10 27 20 35 25 45 16 12 26 14 11 51 53 25 20 5 32 28 29 37 53 9 41 5 1 16 37 48 34 4 14 10 14 34 39 0 41 39 47 2 26 6 43 27 22 20 1 37 44 30 8 35 0 51 49 40
run=10 seed=9 k=54 f=0
31 0 7 49 2 11 32 46 38 14 52 27 52 31 53 51 23 0 10 49 19 0 49 5 40 0 18 43 31 25 2 48 33 15 19 53 26 49 20 26 9 37 8 7 15 13 33 3 13 44 15 24 9 3 37 46 1 18 21 24 43 39 52 38 52 0 52 33 32 11 5 32 2 37 27 24 16 25 16 43
run=11 seed=10 k=54 f=0
31 40 2 8 44 40 5 6 6 12 0 47 0 45 17 1 6 34 35 30 11 28 30 49 16 38 0 53 22 48 9 50 51 28 32 20 45 37 3 8 25 53 18 5 21 37 4 10 18 39 20 38 20 19 0 7 27 21 40 50 2 36 47 13 11 29 20 52 37 35 23 39 35 24 26 1 31 20 11 42
run=12 seed=11 k=54 f=0
23 45 15 35 8 45 0 43 31 19 53 6 38 32 53 40 1 28 35 24 0 40 2 31 10 53 52 19 53 27 50 44 13 10 40 27 26 51 33 10 16 19 26 16 51 31 4 51 15 52 2 14 2 2 26 6 17 40 32 36 21 50 44 35 43 43 24 29 30 44 40 41 5 18 35 19 11 33 8 26
run=13 seed=12 k=54 f=0
26 32 14 28 37 39 17 39 49 36 28 20 43 34 22 21 41 0 11 22 46 5 0 12 6 52 53 13 26 26 52 50 11 50 40 53 29 3 18 23 2 0 31 45 50 53 44 3 48 5 2 20 29 38 35 22 24 50 12 19 14 9 2 41 29 27 10 6 41 0 43 31 18 9 53 18 34 32 18 16
run=14 seed=13 k=54 f=0
30 50 24 0 34 10 4 35 14 35 2 19 48 0 17 13 45 40 20 42 23 10 4 8 27 10 49 5 38 37 0 15 10 53 47 9 21 49 6 2 38 41 18 47 42 17 43 23 20 52 5 12 21 44 47 31 39 33 53 24 8 30 0 14 11 1 39 51 43 45 44 52 32 28 0 5 9 32 14 27
run=15 seed=14 k=54 f=0
24 50 1 27 1 38 42 24 5 13 0 19 48 48 36 11 31 0 29 21 28 53 15 6 40 34 52 40 5 32 15 15 34 27 14 5 3 25 9 17 24 28 33 27 24 51 50 48 39 22 11 6 34 46 33 18 0 7 6 30 12 34 15 41 23 37 21 51 8 45 14 48 14 9 21 23 38 17 15 22
run=16 seed=15 k=54 f=0
47 12 21 33 53 3 30 48 43 0 15 16 2 53 28 15 19 25 44 37 45 32 45 48 16 13 40 3 52 53 22 39 34 40 24 22 33 11 13 35 7 53 14 4 6 42 8 46 43 49 26 31 41 24 26 51 6 12 23 40 15 51 48 34 10 34 44 23 7 6 39 28 51 53 39 4 46 26 26 12
run=17 seed=16 k=54 f=0
42 51 30 22 3 34 19 26 28 6 17 53 11 21 41 2 9 13 51 3 47 0 39 32 44 29 4 52 47 0 20 52 13 43 20 16 35 40 4 32 22 29 22 49 6 17 25 21 44 34 17 37 51 25 50 33 0 27 51 53 23 15 8 21 29 44 1 14 26 32 8 53 23 44 53 35 40 36 11 1
run=18 seed=17 k=54 f=0
7 21 47 17 51 39 9 23 35 0 31 33 27 12 24 0 36 3 21 51 0 42 33 37 1 35 24 28 21 16 18 13 40 45 12 51 35 47 41 33 2 53 12 26 11 52 34 9 10 24 44 4 35 18 52 52 37 6 26 42 16 7 1 0 43 9 51 42 3 7 19 22 18 47 33 27 46 20 1 9
run=19 seed=18 k=54 f=0
34 44 37 17 0 42 21 22 38 27 25 25 8 14 47 33 34 36 5 25 27 43 23 13 33 50 49 17 42 11 51 23 31 51 10 51 44 20 35 28 41 15 1 3 53 52 8 25 36 18 53 34 44 4 6 53 49 44 33 42 39 13 22 0 9 33 32 53 9 12 43 6 44 5 21 35 1 2 40 26
run=20 seed=19 k=54 f=0
21 0 52 28 53 12 46 39 20 8 25 4 7 12 41 33 22 18 14 40 35 44 41 18 46 43 38 25 29 9 53 1 18 48 13 17 12 52 53 9 31 0 36 25 14 5 0 41 37 26 39 17 32 40 34 53 29 5 2 40 10 21 9 28 24 53 4 0 5 20 40 2 6 53 29 37 37 53 35 46
