run=1 seed=0 k=49 f=0
15 25 33 1 29 10 24 29 8 22 9 47 48 18 42 21 17 19 23 42 48 29 17 37 30 1 38 48 25 47 0 0 45 1 27 30 8 35 16 46 39 39 19 9 41 45 39 34 48 13 38 24 13 42 15 2 46 4 12 1 9 27 32 9 31 48 40 37 38 0 12 3 23 29 17 16 32 14 31 7
run=2 seed=1 k=49 f=0
15 25 33 1 29 10 24 29 8 22 9 47 48 18 42 21 17 19 23 42 48 29 17 37 30 1 38 48 25 47 0 0 45 1 27 30 8 35 16 46 39 39 19 9 41 45 39 34 48 13 38 24 13 42 15 2 46 4 12 1 9 27 32 9 31 48 40 37 38 0 12 3 23 29 17 16 32 14 31 7
run=3 seed=2 k=49 f=0
18 4 11 47 37 31 17 0 12 3 36 2 5 0 16 0 10 24 5 11 29 46 22 18 41 41 40 19 45 30 26 2 34 29 34 12 13 42 21 34 43 42 24 48 35 29 35 43 25 45 35 13 48 38 2 16 0 26 39 27 8 48 43 47 48 20 10 21 8 46 11 2 12 12 0 2 34 12 30 19
run=4 seed=3 k=49 f=0
4 47 35 48 9 8 22 5 8 31 21 28 22 45 39 11 41 2 16 23 17 48 9 48 32 29 17 0 28 16 5 22 48 45 34 48 38 46 30 3 9 29 35 7 26 10 9 34 41 39 16 35 12 18 35 9 44 8 28 19 31 4 25 0 37 0 20 44 30 0 47 42 8 39 23 34 15 25 33 47
run=5 seed=4 k=49 f=0
14 5 20 29 27 38 42 25 13 2 47 3 20 1 12 27 1 22 13 38 18 7 11 39 17 10 47 1 46 0 40 16 25 19 5 10 8 38 0 23 38 2 33 46 45 35 19 43 31 35 40 48 33 34 44 20 8 47 0 27 36 44 47 35 16 44 34 7 38 45 46 28 13 12 1 24 30 10 27 11
run=6 seed=5 k=49 f=0
29 20 48 36 14 7 31 43 30 48 35 14 48 48 5 31 12 1 19 13 32 48 11 16 3 15 25 22 35 34 39 20 18 48 20 31 7 12 27 39 4 22 12 8 40 18 40 3 10 13 41 27 10 16 13 20 24 25 42 21 23 40 34 2 9 3 1 0 27 39 43 29 23 46 48 40 29 39 28 4
run=7 seed=6 k=49 f=0
7 33 14 12 48 38 26 17 15 0 32 21 44 12 17 46 0 4 4 35 11 3 46 0 21 40 31 6 27 38 22 30 31 38 47 29 13 38 48 46 9 7 48 29 30 47 8 25 47 39 48 33 0 26 14 21 17 47 9 48 39 0 31 23 41 18 6 23 13 29 20 7 40 48 3 16 36 16 46 15
run=8 seed=7 k=49 f=0
33 47 4 20 13 35 15 18 18 6 40 45 46 34 35 48 2 27 7 17 29 11 42 44 0 26 9 8 29 11 13 13 10 25 1 25 18 48 44 45 23 26 46 7 16 37 38 33 27 47 1 33 0 33 30 0 24 39 38 15 4 2 14 26 4 0 47 41 20 22 0 33 48 0 47 4 35 42 22 20
run=9 seed=8 k=49 f=0
22 3 27 12 39 21 32 15 7 41 15 38 48 10 18 27 5 48 6 33 1 33 48 42 21 4 27 8 34 40 39 42 0 40 24 2 17 48 33 24 14 11 1 47 35 23 33 19 2 24 33 6 32 0 37 48 45 15 13 11 10 48 28 16 41 48 40 23 23 48 3 5 28 1 30 48 25 48 29 17
run=10 seed=9 k=49 f=0
8 37 10 40 0 30 9 30 40 13 1 13 39 8 42 24 37 2 3 35 36 45 21 43 28 38 48 32 28 44 48 46 18 48 32 21 5 27 22 1 27 31 19 18 0 47 0 42 35 47 21 22 13 40 9 26 32 24 4 32 17 14 10 29 39 38 2 47 11 26 46 35 48 22 9 22 20 4 25 6
run=11 seed=10 k=49 f=0
27 7 19 14 15 27 40 27 31 12 25 34 2 47 42 37 11 21 37 3 7 32 33 46 38 8 7 28 24 26 28 30 15 14 20 36 45 40 9 43 42 11 23 18 1 4 0 20 42 46 15 36 21 0 4 10 16 12 0 27 32 23 34 44 27 19 36 48 3 0 22 12 35 45 24 29 18 45 29 40
run=12 seed=11 k=49 f=0
37 31 15 5 20 22 8 16 25 0 12 48 10 39 11 40 29 13 47 13 36 37 37 0 32 8 29 16 1 26 20 20 28 48 43 48 25 37 43 6 11 0 5 26 46 43 19 33 2 39 5 41 30 2 25 25 21 3 15 9 46 34 31 0 42 30 20 6 46 29 29 8 36 38 0 11 38 6 1 48
run=13 seed=12 k=49 f=0
47 0 14 33 45 42 9 14 16 10 13 25 10 35 0 39 18 16 33 2 29 34 43 21 48 20 48 17 3 36 34 11 45 3 28 20 47 45 41 19 1 0 41 11 4 25 0 28 47 29 35 24 48 30 1 7 1 12 28 37 20 21 11 24 38 46 44 6 0 36 8 31 36 0 12 45 26 8 24 42
run=14 seed=13 k=49 f=0
34 43 32 9 38 24 28 32 45 9 33 18 45 37 12 30 47 35 48 3 48 19 2 24 11 28 46 39 39 23 36 38 2 20 37 41 11 16 26 12 6 21 26 47 48 19 17 9 11 0 10 16 0 48 30 41 37 32 5 26 29 1 9 15 15 33 12 7 0 1 21 39 0 0 21 0 28 48 22 6
run=15 seed=14 k=49 f=0
1 13 39 2 38 16 38 39 3 26 41 34 33 43 26 21 21 9 41 17 20 31 18 3 35 10 45 37 0 30 13 6 13 8 15 34 30 39 12 39 33 4 45 24 48 15 48 28 24 0 33 44 22 0 7 2 4 46 11 9 48 48 20 3 26 16 1 7 17 13 47 9 15 24 1 43 40 47 33 48
run=16 seed=15 k=49 f=0
6 12 47 29 8 0 14 12 29 23 47 18 0 46 30 12 31 48 1 14 0 7 18 14 23 32 8 4 48 29 19 7 34 27 23 1 47 42 16 7 21 30 32 9 9 15 47 44 19 31 37 35 46 38 33 39 41 41 25 10 17 0 21 0 35 16 2 25 28 39 15 35 25 39 48 29 42 20 24 9
run=17 seed=16 k=49 f=0
48 42 24 12 0 47 8 15 44 27 46 29 35 3 10 40 26 19 13 26 40 28 14 11 19 37 41 0 45 48 0 1 45 31 6 9 48 2 27 15 34 24 13 44 33 31 35 10 20 48 1 7 43 6 46 39 31 43 2 18 18 15 46 5 47 0 19 32 4 47 2 43 27 3 26 11 9 25 31 17
run=18 seed=17 k=49 f=0
7 13 30 37 0 27 40 6 0 43 4 9 30 41 43 47 1 47 27 7 27 18 39 48 1 34 18 10 36 48 0 28 32 27 21 0 16 12 22 43 12 40 3 21 7 21 10 19 47 23 21 13 22 35 23 40 18 18 10 31 18 1 44 0 26 37 3 48 33 34 13 17 37 0 10 1 8 0 15 47
run=19 seed=18 k=49 f=0
24 6 48 10 40 24 13 26 12 22 36 30 39 12 0 39 29 48 19 3 16 44 12 45 19 48 39 31 48 0 30 20 11 17 31 14 0 37 34 19 39 46 0 34 25 0 39 5 10 48 39 2 14 25 41 17 20 32 28 0 31 48 41 32 4 6 18 48 25 9 22 38 2 0 23 20 6 22 25 22
run=20 seed=19 k=49 f=0
24 32 20 38 38 48 41 40 21 27 8 0 21 25 29 12 19 31 48 43 48 1 37 42 15 1 22 20 37 0 3 6 23 32 48 13 48 10 15 17 38 28 9 36 8 24 38 45 25 1 40 33 46 2 2 42 28 30 19 46 21 24 45 45 48 21 14 7 33 0 24 27 14 13 13 12 43 6 8 11
