run=1 seed=0 k=45 f=0
28 4 24 9 42 25 41 34 35 1 32 44 44 9 21 17 15 32 7 1 27 8 42 24 35 35 17 4 37 9 13 7 27 26 0 9 44 16 19 7 24 37 37 27 14 22 19 34 0 28 38 6 24 35 26 18 23 30 31 43 1 0 14 34 11 37 16 16 41 10 33 0 10 0 33 42 30 44 44 1
run=2 seed=1 k=45 f=0
28 4 24 9 42 25 41 34 35 1 32 44 44 9 21 17 15 32 7 1 27 8 42 24 35 35 17 4 37 9 13 7 27 26 0 9 44 16 19 7 24 37 37 27 14 22 19 34 0 28 38 6 24 35 26 18 23 30 31 43 1 0 14 34 11 37 16 16 41 10 33 0 10 0 33 42 30 44 44 1
run=3 seed=2 k=45 f=0
3 20 9 27 0 3 12 12 27 44 37 9 28 22 44 8 44 18 12 5 17 0 44 4 12 1 35 29 36 33 42 6 30 16 39 36 23 12 0 33 29 0 36 41 17 15 9 1 28 25 44 5 20 35 0 11 21 43 42 17 31 44 7 0 25 0 14 39 20 10 17 28 13 44 23 30 17 37 32 9
run=4 seed=3 k=45 f=0
21 35 16 44 18 26 30 11 1 8 8 1 19 19 44 36 21 10 31 26 38 39 1 3 13 32 20 44 28 8 31 33 16 18 26 44 27 38 40 18 7 12 23 7 44 38 19 7 17 35 44 4 44 10 8 2 6 38 14 27 0 1 33 26 43 0 13 26 28 9 5 32 23 35 32 6 41 23 40 0
run=5 seed=4 k=45 f=0
16 23 44 9 44 22 3 44 42 20 44 0 37 44 7 23 3 16 36 29 1 29 33 9 1 20 29 33 30 9 0 21 34 44 14 39 4 31 27 27 10 30 21 35 14 41 0 13 12 30 40 9 20 16 16 38 36 5 9 8 15 37 0 0 43 14 6 29 0 35 11 24 36 40 23 12 44 3 25 13
run=6 seed=5 k=45 f=0
32 3 30 30 44 44 35 41 20 34 43 38 1 41 14 44 38 21 11 26 36 25 9 26 20 6 1 28 31 37 36 5 4 8 39 1 22 0 30 15 25 9 39 13 0 18 26 37 18 42 14 18 28 0 3 0 6 1 30 11 22 38 16 21 13 17 28 9 9 1 10 43 32 11 30 5 16 21 2 44
run=7 seed=6 k=45 f=0
0 20 7 7 44 21 32 28 30 15 20 28 44 8 16 11 2 0 3 26 34 4 25 12 20 26 15 1 22 15 1 40 28 27 36 26 35 8 14 29 20 24 19 42 43 41 35 43 11 44 39 12 36 44 19 38 8 41 27 3 8 5 33 33 44 9 0 21 31 27 9 0 34 37 0 2 14 18 17 30
run=8 seed=7 k=45 f=0
27 41 31 31 9 17 41 12 23 44 0 44 30 21 39 44 28 23 35 9 33 24 14 24 34 12 0 0 9 0 14 38 16 9 3 0 25 1 2 43 7 37 44 0 44 17 27 22 31 9 13 4 21 34 25 8 29 26 35 35 0 16 20 22 13 18 36 44 38 18 0 5 13 9 27 35 1 31 43 44
run=9 seed=8 k=45 f=0
31 0 16 36 44 27 7 20 42 18 22 21 32 2 35 44 34 43 0 21 16 43 25 42 13 27 0 17 16 7 0 41 26 26 3 33 11 25 22 41 5 18 37 44 34 28 43 35 31 10 10 11 41 36 5 14 29 34 23 2 0 0 4 41 33 24 18 29 3 23 19 2 13 12 8 6 25 6 37 7
run=10 seed=9 k=45 f=0
31 44 28 22 9 38 17 11 2 32 13 44 42 4 35 19 8 0 19 13 17 20 38 30 43 12 32 9 31 21 10 44 11 42 28 23 35 20 22 44 27 26 4 20 7 4 0 1 4 9 15 21 3 3 19 37 42 36 29 44 44 13 18 0 6 38 43 30 44 0 41 16 37 11 24 24 0 27 28 17
run=11 seed=10 k=45 f=0
40 9 35 35 44 17 5 14 36 21 38 0 18 0 0 12 15 43 26 38 36 16 25 31 7 38 11 34 26 18 8 8 42 43 43 0 0 10 39 14 34 33 29 23 12 11 29 21 0 12 28 26 40 27 41 7 18 3 35 44 20 18 2 1 23 38 29 6 25 29 32 44 17 26 12 37 44 0 17 1
run=12 seed=11 k=45 f=0
23 0 44 37 0 13 8 12 0 28 17 1 7 14 18 9 1 19 28 33 26 9 35 31 0 35 44 23 14 28 44 22 4 37 7 0 29 15 16 10 8 0 16 43 6 37 18 31 33 9 10 20 30 2 30 24 44 22 2 44 10 44 7 17 38 37 24 38 44 44 4 23 42 28 32 1 35 15 3 24
run=13 seed=12 k=45 f=0
35 28 16 28 0 15 44 39 22 9 43 9 14 29 38 3 17 37 24 43 44 0 0 19 37 22 21 41 42 23 35 6 32 19 5 23 26 39 0 41 40 44 7 9 31 12 43 11 9 32 11 24 3 10 17 35 0 10 13 0 18 35 28 41 29 15 36 33 20 27 34 9 35 0 10 36 0 25 0 28
run=14 seed=13 k=45 f=0
37 25 9 32 35 19 7 22 18 24 16 4 32 9 12 16 29 13 38 24 27 43 34 11 44 19 25 8 39 19 22 18 30 37 38 15 30 4 24 25 37 41 0 39 1 26 6 44 2 44 2 15 0 1 37 22 20 3 12 36 44 44 28 43 44 30 30 7 34 1 11 24 8 41 21 11 3 23 0 11
run=15 seed=14 k=45 f=0
13 19 43 27 44 38 34 12 0 24 44 0 29 30 16 17 26 44 36 20 23 4 24 33 40 21 9 44 17 35 12 14 11 31 32 41 38 34 0 35 34 44 26 0 15 9 16 3 28 32 29 3 19 8 44 19 2 2 39 8 8 24 13 8 14 1 7 36 35 30 32 1 10 18 0 32 0 26 42 38
run=16 seed=15 k=45 f=0
38 0 44 35 44 0 38 21 34 43 13 6 32 5 11 15 44 43 44 12 17 23 20 6 25 31 15 0 25 5 20 11 3 40 15 15 24 20 17 8 27 41 15 18 10 38 33 22 2 24 12 9 0 6 24 44 22 39 6 6 3 33 30 30 28 0 44 29 34 35 11 37 33 24 23 4 3 31 37 13
run=17 seed=16 k=45 f=0
39 33 42 22 43 8 37 40 33 42 24 2 29 21 28 2 24 30 11 1 35 44 21 0 7 12 15 41 11 28 20 17 40 17 20 34 26 13 44 14 32 44 34 44 12 44 17 23 35 8 24 13 1 35 27 12 15 40 22 0 9 10 0 5 6 26 1 23 1 0 17 35 41 44 17 1 5 33 36 38
run=18 seed=17 k=45 f=0
25 0 44 19 0 44 7 29 8 2 31 37 17 21 44 18 41 12 42 14 9 11 33 20 28 6 28 44 33 8 37 26 34 33 1 42 0 38 20 6 3 28 5 35 3 15 33 27 43 24 15 5 44 11 34 22 19 24 35 15 36 40 27 21 44 8 15 22 0 16 28 13 17 2 28 1 9 8 29 0
run=19 seed=18 k=45 f=0
43 35 17 7 35 22 12 26 43 19 16 16 4 23 26 8 2 0 0 5 20 25 0 4 30 31 43 0 24 43 33 23 31 25 37 43 18 12 5 19 39 24 42 11 9 32 11 16 2 34 22 40 17 35 33 9 1 37 17 1 44 44 14 26 36 25 5 7 36 13 29 37 44 32 1 8 13 44 42 44
run=20 seed=19 k=45 f=0
40 13 43 0 34 15 26 3 39 18 7 44 8 7 21 22 30 21 41 14 15 26 25 27 1 16 7 37 23 8 27 21 5 10 27 44 31 25 15 36 39 0 32 30 34 43 10 29 34 35 21 40 18 2 23 17 11 23 38 0 44 44 21 0 1 26 40 26 41 0 4 16 44 35 9 11 15 44 0 36
