run=1 seed=0 k=51 f=0
42 49 9 1 50 37 28 2 45 39 5 31 20 46 29 21 45 21 40 31 35 50 36 39 14 32 8 31 14 28 50 15 27 0 23 31 37 10 4 31 33 9 36 1 1 22 47 47 36 9 2 31 43 50 17 26 17 50 10 22 0 27 45 18 38 0 10 8 19 14 45 48 28 46 41 0 0 14 21 37
run=2 seed=1 k=51 f=0
42 49 9 1 50 37 28 2 45 39 5 31 20 46 29 21 45 21 40 31 35 50 36 39 14 32 8 31 14 28 50 15 27 0 23 31 37 10 4 31 33 9 36 1 1 22 47 47 36 9 2 31 43 50 17 26 17 50 10 22 0 27 45 18 38 0 10 8 19 14 45 48 28 46 41 0 0 14 21 37
run=3 seed=2 k=51 f=0
12 4 31 38 40 23 5 35 50 34 1 15 9 2 26 48 32 0 0 32 32 41 22 20 49 21 29 26 15 15 20 45 19 15 14 26 8 27 0 32 11 35 21 44 0 23 43 34 21 16 50 28 43 39 48 32 36 22 12 1 16 30 6 44 43 7 31 6 10 49 11 38 10 50 0 45 2 4 25 50
run=4 seed=3 k=51 f=0
18 46 39 45 45 19 50 49 14 1 0 4 45 31 0 15 31 38 28 18 19 15 4 6 12 22 13 7 0 22 36 40 43 36 41 37 25 47 10 48 22 6 1 48 31 43 18 49 49 46 1 28 16 45 32 35 9 44 45 26 34 1 20 14 31 7 4 6 25 12 2 47 15 29 25 18 13 28 41 24
run=5 seed=4 k=51 f=0
3 17 50 6 11 33 20 49 23 39 47 40 33 47 20 3 49 49 15 23 44 2 9 30 0 19 15 50 41 36 24 40 40 39 11 27 31 8 14 38 4 50 9 28 41 1 10 21 33 50 39 17 0 22 19 24 35 8 44 18 28 46 27 27 3 0 3 36 13 2 41 18 0 25 50 18 15 31 34 7
run=6 seed=5 k=51 f=0
19 38 49 39 17 1 11 19 42 28 6 8 0 24 34 26 34 18 49 11 25 30 31 50 36 11 49 1 16 14 37 44 40 13 23 50 50 13 0 15 25 18 23 43 41 6 19 35 20 0 30 30 12 37 48 12 32 44 50 39 8 20 42 0 40 9 0 50 39 44 4 21 26 27 0 23 7 19 37 50
run=7 seed=6 k=51 f=0
0 12 31 47 27 7 40 0 34 16 2 16 12 47 14 15 0 25 42 37 8 44 49 44 5 41 0 23 50 24 1 22 30 7 6 38 30 46 12 20 42 42 38 30 39 38 29 37 34 47 48 49 32 45 49 17 21 14 1 3 37 0 50 3 33 9 15 19 27 1 39 13 16 35 45 2 35 0 1 24
run=8 seed=7 k=51 f=0
0 21 2 22 2 9 35 50 27 19 0 1 46 33 37 3 50 29 11 48 11 8 50 5 40 40 40 18 39 9 35 25 15 50 48 48 30 45 1 47 13 20 40 8 14 3 36 36 23 8 40 7 26 10 13 30 3 18 48 0 20 42 26 35 13 25 14 43 44 50 24 24 43 50 28 24 1 25 2 14
run=9 seed=8 k=51 f=0
1 33 9 8 29 50 28 50 21 0 16 42 15 35 15 38 0 22 21 47 8 9 0 6 17 27 0 5 9 27 45 40 35 28 36 39 16 7 34 37 50 8 0 10 22 26 8 46 44 50 16 3 32 47 2 28 44 4 16 16 41 1 21 50 6 29 16 20 36 0 34 36 29 33 49 42 28 12 3 38
run=10 seed=9 k=51 f=0
42 14 1 1 10 44 38 50 39 23 24 35 21 43 50 14 0 12 10 1 44 47 28 15 49 32 50 39 7 8 10 20 45 22 46 40 47 10 26 26 43 1 16 10 19 25 31 3 40 13 30 31 40 7 46 31 1 27 7 49 35 35 49 50 21 4 3 18 9 0 44 39 8 23 27 12 29 31 25 46
run=11 seed=10 k=51 f=0
7 13 38 41 33 25 17 25 43 0 35 50 33 12 11 49 27 0 44 39 42 49 0 13 33 5 31 25 7 18 4 6 6 7 29 39 0 16 39 35 45 23 34 23 9 21 8 17 6 30 23 47 13 31 11 27 42 0 11 50 19 20 14 27 23 17 38 6 13 0 29 48 23 12 50 36 16 41 50 43
run=12 seed=11 k=51 f=0
17 34 42 16 19 7 22 50 10 19 33 0 15 11 10 5 5 41 7 22 3 26 21 19 47 5 50 22 41 28 0 46 7 50 38 3 13 48 1 1 16 49 7 41 9 19 45 33 9 27 47 7 38 41 26 48 36 34 0 36 41 31 28 2 10 13 30 27 17 50 49 33 39 30 33 7 23 45 1 32
run=13 seed=12 k=51 f=0
29 49 26 47 49 15 41 12 31 0 40 0 0 12 34 42 33 24 26 19 40 31 15 17 5 47 9 20 8 44 25 7 38 4 10 20 50 17 0 16 26 12 13 33 0 47 50 30 22 29 7 44 35 34 50 5 24 32 48 9 9 14 45 35 32 39 24 27 50 21 22 50 33 35 0 24 40 13 3 18
run=14 seed=13 k=51 f=0
37 49 0 42 3 19 5 20 44 3 4 2 43 39 32 6 12 50 23 12 49 50 19 15 30 46 12 17 5 36 10 41 24 35 5 21 28 10 15 40 25 20 41 17 8 35 31 45 43 49 6 35 0 48 19 31 29 49 17 39 12 0 7 27 35 12 31 27 22 21 2 48 28 33 41 50 50 30 0 27
run=15 seed=14 k=51 f=0
28 40 33 12 0 21 32 24 9 42 39 37 46 6 45 13 49 27 4 14 27 14 18 30 23 16 46 31 28 48 9 13 37 42 50 50 21 19 38 50 24 27 36 40 0 36 12 1 1 1 0 32 16 2 42 29 43 44 9 29 9 49 16 7 21 36 34 50 47 18 44 43 22 3 35 20 34 20 24 2
run=16 seed=15 k=51 f=0
2 12 38 35 47 48 0 24 28 9 46 17 11 49 22 1 26 6 29 13 28 23 20 3 25 1 42 9 35 6 20 37 33 39 16 1 50 42 7 33 1 29 4 35 49 45 26 28 8 35 42 38 50 18 14 36 45 40 15 18 0 31 27 28 29 49 29 17 0 35 18 11 36 26 10 13 45 44 41 0
run=17 seed=16 k=51 f=0
49 6 30 34 46 50 19 26 6 38 25 44 2 4 27 37 0 25 30 22 20 40 48 46 14 14 4 4 15 0 11 28 31 29 23 46 47 31 39 2 14 25 46 50 39 4 25 12 47 0 21 40 49 10 15 31 27 41 2 17 36 22 35 17 50 11 37 7 16 13 44 5 32 14 1 20 42 24 18 31
run=18 seed=17 k=51 f=0
0 19 50 47 31 11 50 42 26 35 19 31 0 45 0 0 21 3 48 21 47 35 30 26 36 2 40 49 40 41 29 1 46 18 9 0 25 47 42 49 37 42 23 11 14 7 24 9 10 45 30 17 36 34 37 3 37 32 14 9 13 10 6 6 28 15 35 5 45 22 10 0 46 20 40 19 49 34 28 12
run=19 seed=18 k=51 f=0
46 23 40 3 49 29 45 0 42 33 38 22 50 16 16 30 45 36 18 34 8 25 30 10 25 46 13 20 7 15 41 26 32 7 21 12 14 11 0 13 9 23 43 2 20 37 21 1 48 0 35 12 34 49 25 3 1 10 37 50 30 37 31 0 18 39 8 22 15 1 37 49 5 50 40 26 0 44 27 16
run=20 seed=19 k=51 f=0
41 20 8 19 0 30 26 19 23 37 16 37 0 9 9 3 30 12 7 31 26 5 47 11 40 19 47 38 23 15 19 19 18 23 50 9 44 8 50 42 9 29 28 45 23 7 19 10 27 29 2 50 8 12 2 45 5 46 14 0 17 32 17 31 40 50 34 40 34 33 28 1 48 0 46 46 37 45 0 45
