run=1 seed=0 k=44 f=0
19 10 17 0 0 16 34 1 25 1 30 31 10 3 14 42 26 10 0 29 8 8 27 6 14 34 22 0 3 5 0 10 2 11 2 34 30 8 37 10 43 17 38 23 0 21 25 33 0 16 41 39 29 19 40 24 6 38 14 43 43 4 27 35 28 7 10 19 17 34 0 43 22 41 25 43 35 24 39 43
run=2 seed=1 k=44 f=0
19 10 17 0 0 16 34 1 25 1 30 31 10 3 14 42 26 10 0 29 8 8 27 6 14 34 22 0 3 5 0 10 2 11 2 34 30 8 37 10 43 17 38 23 0 21 25 33 0 16 41 39 29 19 40 24 6 38 14 43 43 4 27 35 28 7 10 19 17 34 0 43 22 41 25 43 35 24 39 43
run=3 seed=2 k=44 f=0
30 19 43 31 0 8 34 4 34 27 42 43 0 9 14 36 2 23 15 21 8 16 25 12 30 17 14 19 43 11 22 18 30 1 1 10 26 5 33 25 38 7 28 38 16 9 0 43 28 19 40 39 30 43 12 36 17 1 0 43 43 10 7 33 40 37 32 19 2 34 21 4 22 0 25 30 34 9 25 14
run=4 seed=3 k=44 f=0
22 15 8 12 0 35 24 42 37 0 3 20 36 35 30 0 39 43 13 27 36 16 42 34 5 7 29 13 14 35 11 15 12 42 22 17 30 26 36 8 0 43 1 22 0 23 34 25 43 8 35 27 18 19 40 25 16 1 7 43 22 9 32 27 37 25 43 8 32 43 42 19 11 3 14 39 25 6 3 1
run=5 seed=4 k=44 f=0
13 43 25 35 0 1 5 5 10 0 32 43 43 28 31 27 13 28 1 6 25 40 16 22 42 40 19 35 31 37 8 33 24 7 22 29 0 32 11 10 5 36 27 11 0 39 17 43 5 8 31 15 28 19 20 14 34 17 0 43 9 39 43 8 39 37 2 36 23 18 1 32 42 10 42 22 21 1 21 0
run=6 seed=5 k=44 f=0
11 21 35 31 0 9 36 43 9 3 15 3 0 42 30 36 40 24 32 22 36 8 26 38 32 34 15 0 24 1 43 11 0 10 39 11 28 25 1 3 21 22 17 17 43 3 29 43 1 20 31 17 28 18 20 32 9 11 43 37 22 43 35 13 0 43 8 8 23 43 42 7 32 41 14 15 33 19 2 13
run=7 seed=6 k=44 f=0
1 10 31 41 43 25 4 4 14 35 43 0 43 41 9 43 33 32 12 28 26 14 0 2 34 27 18 0 18 24 1 43 23 24 0 43 35 26 29 23 1 14 29 6 18 36 27 30 21 18 34 31 22 8 10 36 18 18 9 10 0 17 40 42 24 2 15 14 5 34 35 9 31 9 20 5 26 9 34 8
run=8 seed=7 k=44 f=0
37 7 21 18 42 43 6 0 28 34 7 1 14 42 0 35 2 11 30 0 6 24 0 24 36 36 37 43 25 14 5 18 17 19 43 9 27 7 38 12 43 21 13 20 43 33 26 25 16 42 25 28 37 1 26 42 37 19 1 18 33 12 29 30 22 0 6 19 35 13 37 9 39 27 25 17 33 10 14 43
run=9 seed=8 k=44 f=0
28 16 0 31 34 17 34 41 9 32 43 41 36 10 13 23 14 0 43 37 19 32 41 27 3 3 23 11 43 23 13 28 16 31 30 0 0 43 9 34 43 43 18 29 8 32 24 41 15 40 41 28 1 39 20 6 42 27 25 16 43 17 3 33 15 8 37 8 22 0 25 17 30 9 25 14 5 3 19 20
run=10 seed=9 k=44 f=0
3 35 1 43 43 16 36 38 3 9 40 31 43 1 8 17 2 22 12 43 35 0 30 17 37 9 9 4 21 13 0 22 3 25 25 34 43 31 12 32 37 28 39 21 42 41 17 38 13 43 43 23 7 34 3 21 6 32 29 25 0 0 16 22 2 1 34 14 32 20 41 8 20 0 29 6 14 11 27 34
run=11 seed=10 k=44 f=0
8 18 25 25 42 11 22 43 23 43 11 17 33 17 0 24 40 32 19 29 34 27 3 5 41 0 41 15 1 10 43 32 35 32 32 35 9 11 19 36 12 2 9 7 15 25 2 42 20 25 30 24 12 41 9 37 41 5 17 17 20 0 25 39 6 11 42 5 1 11 31 32 27 3 28 10 26 8 34 18
run=12 seed=11 k=44 f=0
4 20 43 7 43 16 37 17 29 8 12 40 38 42 30 14 21 22 39 3 6 40 33 25 10 35 0 6 14 25 18 38 8 41 4 25 22 19 10 28 28 31 1 22 3 28 0 34 3 16 29 26 11 33 42 19 8 34 32 40 22 2 16 11 13 33 14 35 30 13 40 17 31 31 0 37 8 21 7 0
run=13 seed=12 k=44 f=0
8 0 36 30 2 7 18 4 43 25 34 13 9 30 43 0 14 1 35 8 25 3 20 18 0 8 23 21 33 43 43 3 17 8 2 11 15 14 22 39 37 34 29 21 5 17 42 38 24 2 20 29 17 31 1 43 40 19 10 34 11 43 1 12 33 19 36 38 15 32 23 29 42 40 19 7 24 29 12 0
run=14 seed=13 k=44 f=0
6 0 31 2 43 19 15 43 13 4 43 11 11 43 10 4 41 25 40 34 28 4 40 38 13 36 34 17 34 8 27 30 6 42 5 43 35 39 2 8 16 43 22 26 3 5 25 33 20 34 22 38 3 11 35 37 8 4 29 16 0 23 33 16 1 10 12 15 13 21 29 24 14 43 34 18 0 24 19 20
run=15 seed=14 k=44 f=0
3 36 18 0 34 15 43 37 11 25 32 40 15 33 14 0 40 9 3 18 8 25 1 43 25 22 21 12 7 43 39 14 41 43 32 42 27 39 8 35 0 7 31 10 10 19 8 22 1 17 15 28 0 18 43 10 16 39 38 0 43 36 4 27 29 31 2 19 42 25 24 34 17 31 2 43 22 35 41 32
run=16 seed=15 k=44 f=0
30 38 26 39 15 6 36 20 21 13 11 21 0 10 32 15 5 12 20 42 6 40 17 29 22 37 0 7 40 33 43 21 43 34 4 22 0 39 8 35 39 24 29 27 2 26 32 28 31 43 21 29 12 43 9 5 12 28 23 0 24 27 20 9 43 7 20 37 21 43 5 40 43 30 0 2 34 0 0 18
run=17 seed=16 k=44 f=0
16 7 35 10 43 23 34 38 43 34 41 2 31 31 23 35 17 29 17 24 17 0 26 30 17 25 17 21 43 0 40 24 13 12 32 43 5 24 18 2 37 19 31 2 10 4 1 1 16 26 26 13 3 28 43 23 8 35 43 16 0 43 40 18 12 10 13 28 9 34 30 42 33 39 8 17 0 41 38 9
run=18 seed=17 k=44 f=0
39 29 43 33 43 19 37 14 42 35 37 25 27 10 15 23 31 13 30 23 9 21 24 20 29 43 42 42 8 17 12 2 5 0 7 12 7 1 25 21 12 34 34 0 9 17 43 31 28 3 10 5 40 16 8 4 1 4 43 26 34 36 10 2 31 20 17 20 11 0 43 36 0 0 26 42 20 15 37 0
run=19 seed=18 k=44 f=0
36 42 11 0 43 22 27 28 23 11 2 41 10 34 12 41 14 7 3 19 18 23 0 15 8 19 16 33 0 36 33 1 35 2 32 3 20 36 43 42 35 0 15 3 30 21 42 24 33 19 8 22 40 11 1 8 39 42 0 27 34 29 26 23 21 33 40 7 41 25 17 43 18 32 1 37 43 7 10 26
run=20 seed=19 k=44 f=0
9 28 6 8 0 42 31 1 24 42 1 0 43 30 22 4 30 36 11 43 16 43 23 6 17 23 26 31 4 37 0 1 6 17 38 34 42 2 35 43 15 36 37 12 32 25 16 23 36 0 20 7 18 25 13 18 23 6 0 8 43 10 3 15 10 26 2 28 10 34 28 42 22 17 10 37 22 43 37 12
