run=1 seed=0 k=46 f=0
11 0 44 23 31 45 36 30 11 45 43 39 12 4 17 43 14 9 45 12 39 36 5 3 36 11 30 25 44 21 35 45 28 9 4 2 31 25 24 10 36 19 43 44 28 1 19 3 5 28 27 3 42 1 2 27 29 26 14 36 9 16 20 35 3 10 34 22 12 0 38 15 22 0 45 12 5 18 23 26
run=2 seed=1 k=46 f=0
11 0 44 23 31 45 36 30 11 45 43 39 12 4 17 43 14 9 45 12 39 36 5 3 36 11 30 25 44 21 35 45 28 9 4 2 31 25 24 10 36 19 43 44 28 1 19 3 5 28 27 3 42 1 2 27 29 26 14 36 9 16 20 35 3 10 34 22 12 0 38 15 22 0 45 12 5 18 23 26
run=3 seed=2 k=46 f=0
13 38 45 24 37 15 36 37 16 22 26 41 24 39 16 26 17 31 7 20 45 34 18 15 5 33 9 18 31 25 39 30 2 34 3 14 45 33 24 45 6 17 3 11 0 41 4 10 4 31 30 32 3 2 13 12 10 33 26 39 8 12 40 9 44 45 21 21 44 28 33 31 34 0 0 0 0 39 0 11
run=4 seed=3 k=46 f=0
26 0 24 26 24 11 22 0 35 16 24 45 26 33 10 45 23 17 30 40 16 17 14 20 2 27 35 21 8 7 38 2 8 1 22 34 27 45 19 10 30 0 26 7 32 29 1 13 0 43 14 8 18 37 30 37 12 13 6 25 2 11 44 39 29 10 0 39 8 45 32 45 16 1 33 15 15 39 20 45
run=5 seed=4 k=46 f=0
41 18 9 22 45 0 9 28 20 27 41 6 34 11 18 40 22 43 42 25 24 22 0 25 33 40 15 0 8 44 11 43 14 25 7 19 15 11 21 34 29 27 15 2 38 31 9 19 12 45 5 4 20 33 45 2 28 3 42 36 10 5 39 27 33 0 17 37 33 0 29 17 2 31 30 44 1 8 34 45
run=6 seed=5 k=46 f=0
35 29 42 22 45 45 25 31 0 33 45 0 37 41 0 6 26 30 8 2 6 37 14 21 9 3 39 17 44 22 21 45 16 45 39 25 37 13 10 29 18 44 12 14 32 3 16 39 29 3 45 10 0 23 42 19 5 37 44 45 27 0 30 6 15 39 32 19 1 36 44 0 15 13 13 20 4 28 21 14
run=7 seed=6 k=46 f=0
15 44 36 37 26 23 6 37 16 28 15 29 1 1 17 43 36 44 24 31 0 40 27 22 39 8 0 28 22 18 37 7 22 19 38 19 0 0 24 35 44 8 12 26 13 8 10 36 30 36 32 20 29 11 16 23 36 14 45 44 35 32 2 6 16 1 17 12 5 45 5 0 45 11 6 17 15 11 44 45
run=8 seed=7 k=46 f=0
37 11 19 45 1 1 41 1 20 31 1 27 35 5 23 31 43 9 29 45 17 21 36 33 11 44 18 1 3 1 45 0 6 17 36 45 7 42 13 18 33 0 45 18 6 40 2 23 13 23 3 6 25 39 0 37 9 17 16 15 31 24 32 44 3 37 24 39 30 10 41 27 23 36 45 31 28 42 12 17
run=9 seed=8 k=46 f=0
22 42 0 1 9 15 38 7 24 36 45 9 0 15 29 0 2 30 39 33 1 24 35 13 43 39 21 45 34 14 25 28 17 29 11 44 12 5 5 0 41 38 40 25 8 26 19 35 3 28 31 15 32 21 24 33 19 2 13 11 37 36 1 27 3 5 1 24 15 18 39 19 33 44 45 12 45 11 45 9
run=10 seed=9 k=46 f=0
17 23 3 0 21 33 28 16 1 44 18 25 45 1 12 4 6 7 44 33 6 26 13 45 8 33 16 37 37 28 0 25 23 22 23 26 30 37 0 19 35 38 43 43 33 28 0 28 38 35 0 10 29 11 7 12 9 18 3 15 44 43 32 40 34 9 14 36 0 30 23 22 26 41 0 4 13 15 20 23
run=11 seed=10 k=46 f=0
41 24 0 45 24 3 7 44 15 45 30 11 22 23 33 13 8 38 19 38 39 22 30 43 12 34 29 31 0 45 43 45 9 45 21 37 25 29 17 12 29 3 10 1 39 15 16 2 14 27 3 35 9 37 37 3 23 8 36 8 15 6 0 13 18 0 44 0 44 6 41 21 3 20 45 5 15 40 7 31
run=12 seed=11 k=46 f=0
10 38 31 45 22 19 23 43 43 6 43 2 9 0 36 29 11 11 9 42 30 35 45 10 35 13 38 39 18 11 37 27 33 5 18 23 13 31 20 45 40 22 18 30 5 5 32 11 11 14 1 17 28 45 16 3 8 3 44 40 45 35 31 22 32 0 38 6 22 13 18 16 26 29 0 25 0 0 24 45
run=13 seed=12 k=46 f=0
6 44 0 2 45 39 23 45 1 45 34 45 15 0 26 0 17 28 33 9 20 44 20 4 30 10 9 32 28 13 33 33 30 45 32 35 38 26 19 41 4 8 27 35 8 11 12 20 7 3 18 40 26 11 19 17 42 22 2 21 36 27 6 35 36 27 24 6 0 12 15 41 0 18 0 2 44 10 41 2
run=14 seed=13 k=46 f=0
26 44 0 35 3 18 29 9 41 15 8 25 24 38 37 18 21 11 18 24 19 23 11 4 45 28 44 28 44 39 3 43 34 44 20 1 7 29 15 42 1 45 13 19 21 29 23 2 32 34 9 15 39 36 5 1 38 6 45 45 45 24 4 28 19 9 9 32 39 26 23 34 26 1 12 0 31 12 2 11
run=15 seed=14 k=46 f=0
39 18 44 30 16 39 26 11 11 26 20 9 45 34 34 18 28 0 11 3 8 33 4 44 17 12 45 44 38 11 24 45 8 35 25 35 2 2 39 13 18 37 0 22 24 20 45 0 43 4 3 31 1 27 1 12 7 37 38 14 26 12 15 31 19 20 2 39 4 0 8 37 29 21 45 1 7 25 41 15
run=16 seed=15 k=46 f=0
31 8 36 23 27 9 36 0 0 6 33 1 45 27 36 22 0 16 12 0 6 20 45 29 21 13 30 39 26 29 17 39 41 30 18 16 45 36 19 27 25 0 0 5 2 37 26 14 13 35 43 10 35 11 8 43 16 38 31 43 44 2 24 20 8 0 44 19 5 13 39 14 39 41 0 10 32 2 18 6
run=17 seed=16 k=46 f=0
40 13 35 32 15 1 35 20 6 35 12 7 30 32 45 32 23 40 20 45 23 19 25 31 38 41 25 45 45 18 1 30 2 15 20 1 5 42 11 36 16 21 25 23 44 2 27 22 30 44 24 43 9 23 9 37 18 25 45 19 37 41 0 5 13 13 11 0 4 6 16 11 39 16 29 37 37 38 5 15
run=18 seed=17 k=46 f=0
15 31 22 13 0 39 9 23 21 13 24 5 18 22 9 45 36 45 42 15 15 5 45 10 40 10 20 0 11 0 34 45 32 18 28 27 25 37 31 5 4 11 45 34 5 2 45 9 45 36 45 6 45 7 41 30 1 30 14 3 30 39 36 13 34 19 43 38 16 44 1 30 16 31 22 42 0 38 5 27
run=19 seed=18 k=46 f=0
44 38 30 36 22 11 1 25 38 45 30 5 0 24 13 7 18 29 33 40 38 15 45 35 0 43 17 34 41 9 34 37 41 25 6 37 15 2 31 44 3 21 43 15 14 13 28 19 6 5 18 42 15 0 33 24 21 18 9 20 0 45 6 1 41 14 33 8 38 31 1 23 20 45 45 35 10 0 0 27
run=20 seed=19 k=46 f=0
15 21 28 27 23 12 0 35 40 30 15 19 3 14 32 16 0 45 11 45 38 42 13 10 25 45 6 35 25 5 36 16 42 8 25 9 41 4 30 26 35 24 25 32 0 9 45 2 2 0 41 29 18 0 5 9 41 20 19 20 14 22 15 45 30 36 2 6 30 45 12 39 22 36 0 38 10 23 21 45
