run=1 seed=0 k=43 f=0
9 36 13 8 0 34 24 3 9 36 9 28 32 16 30 34 28 16 21 4 24 42 3 42 10 22 1 25 40 42 0 4 2 3 0 0 42 19 30 27 37 23 17 39 33 24 9 14 33 18 21 14 42 19 37 24 32 30 10 26 10 10 40 26 38 42 33 35 1 41 8 20 15 42 18 6 16 42 27 7
run=2 seed=1 k=43 f=0
9 36 13 8 0 34 24 3 9 36 9 28 32 16 30 34 28 16 21 4 24 42 3 42 10 22 1 25 40 42 0 4 2 3 0 0 42 19 30 27 37 23 17 39 33 24 9 14 33 18 21 14 42 19 37 24 32 30 10 26 10 10 40 26 38 42 33 35 1 41 8 20 15 42 18 6 16 42 27 7
run=3 seed=2 k=43 f=0
23 42 20 0 17 42 32 12 41 0 0 36 42 24 31 21 37 27 6 16 25 7 29 18 6 37 18 13 4 36 10 19 6 36 4 33 0 29 41 0 3 35 1 1 0 25 42 29 42 24 2 3 29 28 38 30 10 28 38 9 8 9 19 9 3 15 17 36 21 42 33 41 24 9 0 16 26 41 31 17
run=4 seed=3 k=43 f=0
38 28 11 33 0 1 21 40 7 33 37 7 14 15 22 10 42 16 32 39 28 29 34 8 29 31 26 32 35 23 40 31 40 42 0 0 0 40 38 37 11 31 37 4 3 17 9 3 20 42 1 6 25 26 8 0 6 3 15 24 42 16 19 42 31 18 41 17 10 10 34 18 27 42 34 30 22 18 26 0
run=5 seed=4 k=43 f=0
5 32 9 23 0 6 35 14 27 20 7 0 19 4 31 33 42 40 14 31 25 0 0 2 37 42 30 12 3 24 0 32 14 25 1 9 18 8 10 36 23 40 7 13 29 27 28 3 25 0 15 7 27 42 18 14 28 42 22 36 11 1 37 41 9 42 33 36 38 42 3 19 41 14 19 8 12 42 23 34
run=6 seed=5 k=43 f=0
32 39 9 42 0 0 18 38 11 17 30 15 42 4 26 40 8 6 0 26 8 21 0 38 12 10 33 7 0 34 23 26 9 23 4 31 16 25 10 39 42 2 0 21 42 26 9 32 3 40 0 30 10 31 25 12 9 7 31 1 34 0 38 18 41 23 39 21 38 15 29 26 17 24 42 14 34 18 15 16
run=7 seed=6 k=43 f=0
25 1 32 40 42 17 6 40 32 41 1 11 24 26 8 42 30 32 18 11 14 8 9 30 19 20 23 0 1 25 33 38 36 33 42 17 23 20 29 0 20 0 27 35 40 35 26 10 29 8 39 5 16 14 33 20 13 32 0 0 0 4 41 17 38 35 0 27 36 21 23 0 20 1 33 18 12 19 42 42
run=8 seed=7 k=43 f=0
21 5 19 42 0 0 39 42 18 25 5 24 28 30 20 15 0 15 1 9 26 37 10 15 22 15 6 7 22 27 19 32 35 34 7 0 26 35 11 6 19 0 2 1 0 3 17 24 21 33 34 36 6 42 17 13 19 36 25 41 40 3 28 42 0 8 42 15 28 9 13 35 39 33 32 41 38 41 22 12
run=9 seed=8 k=43 f=0
40 5 32 25 0 8 4 3 2 23 18 1 41 10 31 16 34 32 15 41 25 11 42 12 27 40 41 40 1 10 4 5 26 24 9 0 0 31 39 9 24 34 2 1 16 39 33 5 3 42 29 13 22 9 33 39 36 2 29 14 9 31 17 23 12 8 16 36 27 18 26 4 41 16 42 20 18 33 25 28
run=10 seed=9 k=43 f=0
41 12 32 0 42 16 5 10 4 42 0 8 42 9 33 1 10 23 15 20 14 27 17 26 1 2 42 17 0 24 11 2 12 32 37 28 42 14 36 29 29 35 40 41 41 18 0 25 35 19 29 18 3 23 2 16 18 36 32 9 0 9 6 2 11 36 16 28 9 22 38 8 18 33 8 29 20 42 29 29
run=11 seed=10 k=43 f=0
20 41 12 29 32 42 13 22 29 20 42 9 0 5 11 13 5 36 8 28 17 29 22 29 16 27 0 37 24 5 9 13 32 28 15 28 0 7 32 41 26 22 42 34 38 10 2 3 22 12 2 27 37 20 30 3 28 0 34 42 41 42 7 30 20 36 41 6 15 0 2 0 10 18 23 41 30 19 23 16
run=12 seed=11 k=43 f=0
15 31 9 42 10 10 31 40 10 0 42 34 16 3 30 18 19 16 0 36 36 21 41 10 19 28 25 28 36 26 27 42 16 37 3 9 0 33 32 5 3 41 4 42 1 26 41 11 30 31 39 5 34 11 39 12 24 13 39 23 0 24 16 18 6 17 19 25 0 19 37 32 20 2 42 41 9 42 10 1
run=13 seed=12 k=43 f=0
40 10 17 33 32 1 21 13 18 0 39 7 17 34 11 40 35 26 7 12 17 23 4 13 25 16 16 7 11 37 8 28 35 32 38 42 0 34 38 35 6 31 39 1 42 25 24 15 14 33 2 26 37 23 10 32 0 21 8 9 41 11 18 26 37 15 25 6 1 0 7 32 23 42 23 40 42 26 41 0
run=14 seed=13 k=43 f=0
42 26 35 40 0 0 9 39 26 20 33 6 0 24 9 3 29 33 7 1 28 7 18 14 7 14 24 20 22 42 42 40 26 42 39 3 35 11 5 16 22 18 13 40 0 12 42 31 0 12 2 24 8 26 31 40 38 31 32 32 42 16 0 8 0 26 1 15 24 21 7 28 9 15 34 3 11 9 33 35
run=15 seed=14 k=43 f=0
21 4 28 11 33 24 42 30 13 42 1 39 0 3 0 34 5 30 27 42 18 29 42 27 15 10 18 15 25 35 30 34 9 24 5 13 0 25 20 0 25 7 37 22 20 14 1 4 39 22 35 38 22 42 27 9 15 11 24 30 42 10 2 13 5 36 35 5 20 11 17 2 14 2 24 1 16 41 16 42
run=16 seed=15 k=43 f=0
38 11 25 0 0 34 12 6 16 40 39 27 33 41 30 33 1 7 26 14 23 22 16 34 28 0 17 8 42 1 0 10 25 41 24 10 15 6 36 30 42 42 0 20 7 21 0 0 1 19 28 13 25 2 15 10 39 35 33 27 9 26 20 35 24 33 35 36 31 42 9 41 27 42 17 36 20 16 8 8
run=17 seed=16 k=43 f=0
14 30 10 7 42 21 36 41 40 34 25 30 0 40 0 0 5 0 16 6 19 1 0 5 28 33 15 25 33 22 42 36 5 8 5 17 31 1 4 1 22 7 38 0 33 13 26 41 38 0 0 29 17 19 22 31 28 32 19 8 33 42 14 40 7 40 17 6 10 12 11 17 8 42 25 24 14 18 10 24
run=18 seed=17 k=43 f=0
24 14 7 31 33 17 5 39 12 18 20 2 35 0 12 20 39 23 5 15 18 0 39 42 27 14 11 6 12 22 16 32 6 35 39 33 12 3 42 14 15 42 24 32 17 32 42 41 9 1 0 27 0 27 5 40 35 33 12 9 42 2 15 31 29 25 25 7 30 1 22 0 32 41 24 21 6 26 38 23
run=19 seed=18 k=43 f=0
31 3 17 33 0 7 39 4 38 0 34 42 0 2 42 16 6 13 0 36 25 42 27 42 21 36 1 6 17 9 34 36 0 31 0 31 0 26 8 26 13 7 14 26 0 28 8 25 12 41 13 13 22 23 34 5 1 13 29 17 9 42 37 42 19 23 20 37 21 18 5 36 18 24 31 2 26 36 32 42
run=20 seed=19 k=43 f=0
7 38 0 18 42 42 21 4 41 8 14 2 0 12 22 33 23 11 31 37 0 26 9 3 28 23 36 6 13 33 28 31 39 41 12 0 12 15 37 28 16 42 19 42 41 42 40 24 42 28 16 9 18 21 14 3 36 2 13 20 14 0 28 24 41 14 33 27 35 33 7 18 23 27 6 28 7 13 1 36
