run=1 seed=0 k=52 f=0
39 22 37 43 1 27 38 16 22 33 33 33 30 43 51 14 48 50 36 24 19 8 27 29 49 18 2 44 41 44 0 38 26 22 5 43 50 44 12 50 1 37 2 0 4 5 18 0 43 2 1 46 7 4 6 17 50 6 32 10 28 31 36 11 21 27 30 36 24 12 12 17 26 19 42 31 22 36 7 14
run=2 seed=1 k=52 f=0
39 22 37 43 1 27 38 16 22 33 33 33 30 43 51 14 48 50 36 24 19 8 27 29 49 18 2 44 41 44 0 38 26 22 5 43 50 44 12 50 1 37 2 0 4 5 18 0 43 2 1 46 7 4 6 17 50 6 32 10 28 31 36 11 21 27 30 36 24 12 12 17 26 19 42 31 22 36 7 14
run=3 seed=2 k=52 f=0
30 20 51 12 32 31 46 29 33 39 34 23 1 23 23 36 51 5 15 32 10 25 13 2 47 3 51 51 25 35 29 22 10 10 9 20 44 49 50 45 13 19 44 14 40 17 0 2 50 50 44 37 46 0 12 6 13 7 34 10 42 30 23 4 20 32 49 18 14 51 49 27 20 41 2 30 39 17 41 12
run=4 seed=3 k=52 f=0
6 21 48 14 0 39 7 36 51 29 18 4 29 11 9 0 12 47 5 23 30 26 30 26 5 35 33 8 20 13 51 26 13 22 18 37 47 10 4 40 40 16 41 47 0 43 13 40 38 0 30 5 44 14 32 11 28 37 2 48 47 34 51 39 19 22 25 14 4 23 2 18 49 23 39 30 3 31 40 38
run=5 seed=4 k=52 f=0
33 27 11 13 3 40 29 22 48 23 40 34 42 23 25 45 38 5 29 1 19 28 20 11 51 46 46 36 24 4 18 17 18 13 31 51 29 8 23 26 45 35 8 35 40 45 6 6 12 32 7 29 0 3 17 1 50 39 19 14 42 51 41 48 40 43 2 11 50 51 37 31 5 22 34 6 9 26 12 51
run=6 seed=5 k=52 f=0
19 37 26 11 44 40 36 41 39 29 22 49 19 14 30 0 12 22 36 25 24 49 12 9 46 40 31 13 48 19 34 31 32 32 47 0 20 7 14 29 48 12 4 33 51 27 9 39 1 45 5 50 27 40 4 16 29 1 44 17 10 6 47 0 9 23 21 35 34 1 42 35 43 2 18 18 42 6 5 2
run=7 seed=6 k=52 f=0
5 12 50 9 4 27 4 27 3 34 51 1 23 1 14 8 4 33 47 36 33 14 40 46 29 43 20 39 39 19 3 23 4 0 32 12 18 46 12 31 50 45 51 14 9 21 23 31 5 43 26 37 51 47 48 37 34 6 9 51 48 34 22 30 43 2 23 20 25 26 19 0 35 46 40 45 30 15 30 10
run=8 seed=7 k=52 f=0
9 17 2 51 9 10 18 39 0 12 51 23 49 46 50 50 7 2 39 25 35 1 36 0 31 40 33 16 36 22 5 46 22 25 46 48 34 40 40 36 15 40 9 12 10 3 36 41 9 27 33 22 33 0 17 43 33 50 24 3 18 9 49 44 38 18 26 45 35 0 5 50 31 42 26 41 26 9 6 13
run=9 seed=8 k=52 f=0
2 28 0 39 51 13 0 49 51 17 31 19 16 5 34 22 50 30 33 50 18 42 9 21 15 51 46 33 23 43 51 12 20 11 5 30 1 35 18 10 23 40 27 37 31 14 9 3 4 0 37 6 34 48 30 15 46 26 36 45 42 38 5 17 22 39 21 26 22 3 13 51 38 5 12 46 31 47 14 0
run=10 seed=9 k=52 f=0
47 34 49 43 32 30 24 31 10 50 16 51 2 49 51 43 4 4 46 15 41 39 39 41 23 14 36 51 25 29 29 20 11 21 3 42 33 0 40 10 51 20 3 1 15 49 31 27 1 15 19 15 51 9 31 27 10 0 45 23 21 0 35 8 15 6 26 6 8 12 33 1 48 13 0 18 38 2 35 11
run=11 seed=10 k=52 f=0
11 32 50 49 51 40 7 34 7 20 35 13 18 37 24 25 47 23 3 44 15 16 7 46 24 17 32 51 24 0 0 23 29 9 48 9 17 39 5 24 14 40 37 8 29 37 44 36 0 35 23 46 27 33 49 50 17 29 26 0 42 47 0 41 42 26 0 7 7 33 7 16 21 0 1 51 30 4 49 7
run=12 seed=11 k=52 f=0
47 26 33 1 15 19 9 49 4 51 34 12 13 9 49 28 0 48 51 18 7 24 1 18 39 3 28 10 7 10 2 47 35 50 21 43 42 37 26 32 8 49 15 26 23 17 3 21 13 19 15 21 43 16 22 50 47 3 0 11 40 2 5 43 34 29 38 32 42 26 12 50 46 37 0 51 25 45 44 36
run=13 seed=12 k=52 f=0
44 2 51 20 42 9 41 46 9 29 38 37 1 50 51 24 3 27 31 17 18 16 20 22 10 24 3 43 15 43 39 46 42 34 3 15 51 20 19 24 36 15 8 37 37 51 37 4 8 1 33 24 9 10 5 44 32 36 2 47 2 0 48 29 11 23 44 34 30 11 19 3 14 51 27 34 22 14 6 30
run=14 seed=13 k=52 f=0
46 40 48 23 41 44 31 33 37 11 2 10 50 7 29 9 29 51 31 22 0 18 17 10 45 16 1 0 36 29 23 49 6 34 3 23 27 25 2 40 40 41 48 38 35 23 35 40 48 51 26 5 16 44 6 36 8 12 0 43 51 18 25 8 17 2 27 24 27 9 33 0 22 36 18 6 12 16 46 1
run=15 seed=14 k=52 f=0
31 42 35 0 46 51 3 8 31 42 6 19 36 2 37 13 3 37 7 29 31 29 23 20 41 22 28 24 47 3 2 26 32 0 3 29 31 49 16 31 38 43 51 50 46 11 11 42 39 20 19 13 51 41 15 18 41 19 34 2 0 50 6 15 49 51 40 23 46 17 0 8 50 9 8 32 10 5 33 24
run=16 seed=15 k=52 f=0
49 2 29 15 46 30 18 36 7 28 15 4 1 32 37 17 8 39 36 25 31 42 49 33 40 41 24 25 44 8 41 17 27 50 17 37 36 43 46 43 40 8 20 7 18 16 48 5 49 1 13 51 21 2 26 9 3 16 34 18 0 11 30 39 50 10 50 8 0 23 29 0 7 48 14 26 24 40 18 33
run=17 seed=16 k=52 f=0
24 13 5 48 14 39 51 51 51 20 21 24 18 19 39 50 13 15 41 47 6 38 46 7 13 29 33 19 47 18 38 48 46 1 16 12 13 34 7 16 32 25 29 0 24 37 29 37 8 49 0 45 9 39 27 51 16 35 23 40 31 23 46 31 7 4 41 22 0 49 42 37 1 2 0 25 5 6 11 31
run=18 seed=17 k=52 f=0
41 1 31 47 27 35 41 51 36 51 25 0 47 4 50 20 41 18 7 47 0 51 50 32 19 29 9 0 31 6 38 12 16 12 20 32 47 1 18 21 2 29 22 14 41 45 22 31 13 4 26 22 2 27 30 36 5 0 46 12 9 37 40 22 24 42 41 42 4 18 11 12 2 27 36 2 6 45 33 16
run=19 seed=18 k=52 f=0
46 18 49 3 40 15 11 48 38 20 30 30 0 22 50 9 34 50 25 35 0 51 27 51 16 1 21 20 46 4 39 41 40 40 20 11 26 8 35 15 23 51 35 40 11 16 0 2 8 36 28 9 32 2 36 17 51 11 5 45 14 48 10 35 42 51 46 23 39 29 25 42 18 40 6 29 18 50 5 26
run=20 seed=19 k=52 f=0
21 40 49 14 51 23 37 49 28 41 13 30 40 19 37 41 18 51 27 12 31 20 3 24 46 3 6 50 8 24 11 47 50 11 9 50 18 6 26 40 7 26 31 32 30 45 33 0 4 12 1 18 4 3 21 42 47 3 8 20 14 35 22 12 24 1 38 43 35 23 12 18 46 42 0 1 1 23 45 51
