run=1 seed=0 k=65 f=0
13 1 22 58 0 40 51 42 14 46 2 48 0 4 38 1 26 28 62 27 45 49 48 29 42 23 2 11 62 9 47 46 27 64 44 54 20 31 6 37 14 63 16 14 4 29 18 39 24 9 53 36 26 30 61 40 37 55 6 36 10 53 46 37 58 30 56 18 63 52 64 15 45 15 64 57 8 49 42 40 52 23 51 28 25 29 33 26 9 2 62 20 56 7 59 31 44 51 19 14
run=2 seed=1 k=65 f=0
13 1 22 58 0 40 51 42 14 46 2 48 0 4 38 1 26 28 62 27 45 49 48 29 42 23 2 11 62 9 47 46 27 64 44 54 20 31 6 37 14 63 16 14 4 29 18 39 24 9 53 36 26 30 61 40 37 55 6 36 10 53 46 37 58 30 56 18 63 52 64 15 45 15 64 57 8 49 42 40 52 23 51 28 25 29 33 26 9 2 62 20 56 7 59 31 44 51 19 14
run=3 seed=2 k=65 f=0
35 26 64 58 37 37 64 42 20 52 17 49 14 55 6 24 26 18 2 10 62 61 39 47 17 16 5 5 8 48 3 61 62 62 2 44 12 62 20 55 52 39 18 1 23 17 22 34 50 31 44 50 22 42 25 41 39 33 11 5 14 0 29 16 25 64 62 29 1 23 62 53 1 28 54 57 46 17 37 33 53 48 19 9 43 47 34 45 64 31 14 64 51 33 4 0 56 50 40 60
run=4 seed=3 k=65 f=0
28 56 8 39 45 50 57 36 64 19 1 1 61 64 22 41 64 64 31 10 0 52 43 13 58 15 25 24 33 50 29 24 31 9 31 11 60 34 50 7 44 3 30 47 0 12 27 1 12 57 39 9 19 17 58 19 41 25 2 39 64 1 55 26 32 46 38 27 43 36 15 19 28 10 6 56 14 55 20 41 23 61 24 2 14 16 48 55 41 46 2 0 61 53 63 14 18 2 43 50
run=5 seed=4 k=65 f=0
63 23 2 1 9 12 28 50 13 56 35 22 29 9 0 59 42 48 16 50 18 54 33 24 43 3 62 2 0 14 3 63 54 16 38 64 9 34 53 52 6 45 21 35 20 46 13 23 12 48 7 14 37 42 29 28 11 0 4 5 34 27 63 59 18 31 21 26 64 55 11 9 44 35 46 32 18 33 42 10 63 34 62 37 49 55 46 24 56 15 24 24 40 19 47 62 52 4 20 55
run=6 seed=5 k=65 f=0
43 50 35 42 21 3 10 54 33 16 61 33 20 53 30 0 25 61 0 7 9 10 59 48 64 40 51 13 14 19 11 13 19 58 10 55 20 46 40 55 63 37 23 20 25 30 24 52 51 45 18 4 31 32 43 36 55 28 63 4 0 48 5 0 43 33 3 63 29 43 37 42 17 22 52 44 52 36 60 64 39 52 2 61 64 29 19 60 27 5 63 57 44 5 9 36 29 14 36 46
run=7 seed=6 k=65 f=0
31 4 37 35 10 47 51 53 47 8 21 0 19 2 54 10 57 11 8 49 47 40 10 50 17 56 20 43 2 45 53 21 57 29 6 61 61 59 0 3 5 32 34 27 22 48 49 35 30 29 40 27 39 17 34 63 8 64 23 17 31 38 48 53 4 2 16 2 49 40 45 0 9 56 21 10 45 2 41 10 29 63 37 49 15 6 16 0 0 17 37 38 56 45 64 60 14 20 63 64
run=8 seed=7 k=65 f=0
12 64 0 4 55 37 11 38 0 43 25 26 47 46 28 50 43 56 40 31 63 3 52 8 59 14 46 42 22 35 18 34 35 29 46 1 22 14 13 38 57 40 9 25 28 62 10 2 35 63 40 0 58 64 30 56 22 11 30 55 46 1 49 18 63 32 63 13 46 37 5 43 18 17 3 41 61 16 2 31 2 55 13 2 54 54 47 16 7 14 21 50 62 13 9 22 25 57 3 9
run=9 seed=8 k=65 f=0
20 28 36 19 51 50 2 22 22 43 57 6 27 61 35 9 25 26 20 2 41 3 22 47 54 12 59 0 11 43 18 37 33 37 31 23 53 57 7 10 15 1 13 37 2 2 51 44 19 3 50 45 9 26 45 34 20 39 64 32 19 64 44 56 38 61 48 30 27 10 16 64 25 42 0 38 47 21 8 39 64 50 29 35 62 25 7 27 1 51 11 20 52 58 12 60 6 31 52 54
run=10 seed=9 k=65 f=0
60 34 10 0 36 55 20 36 64 22 45 40 28 49 17 30 49 30 46 4 44 60 1 15 62 24 49 63 64 18 37 25 63 47 39 64 7 55 1 19 12 0 29 40 23 16 39 53 14 54 45 5 48 38 44 37 6 31 45 31 64 17 58 57 1 6 13 56 22 26 46 38 35 13 50 39 58 39 28 11 2 10 62 14 1 24 24 1 55 57 1 25 12 32 47 11 21 61 7 19
run=11 seed=10 k=65 f=0
50 58 35 25 39 2 20 6 7 57 13 13 35 63 64 51 15 43 16 31 48 29 64 2 38 2 32 38 51 1 26 53 62 28 15 35 61 31 44 55 32 12 50 18 27 0 6 1 0 25 17 44 53 20 63 39 43 51 14 17 1 8 2 9 3 64 39 29 64 20 7 55 47 57 10 12 4 21 55 61 42 41 59 32 10 40 22 31 36 64 43 27 57 46 45 58 0 40 32 18
run=12 seed=11 k=65 f=0
8 32 64 5 18 20 26 36 35 22 60 51 3 39 36 4 21 60 24 18 30 41 27 1 58 55 42 33 9 44 12 61 9 20 22 30 55 50 1 37 8 62 28 13 36 25 49 60 49 58 22 46 21 42 19 19 2 52 52 40 9 28 57 54 13 16 64 55 3 0 64 11 28 32 49 45 38 45 31 51 60 46 35 57 25 46 2 59 10 0 11 34 10 28 1 64 46 2 62 30
run=13 seed=12 k=65 f=0
22 54 38 33 44 64 47 19 22 54 64 24 23 54 28 26 52 42 57 40 22 3 17 9 23 1 4 61 15 49 37 20 23 18 55 43 50 44 63 26 36 12 34 63 58 45 24 44 34 15 1 58 49 39 5 45 58 14 17 5 2 4 1 29 62 33 31 10 21 53 57 0 40 53 16 21 45 1 45 64 30 46 11 42 53 16 24 63 54 5 63 58 10 39 7 36 63 4 46 3
run=14 seed=13 k=65 f=0
20 46 34 36 51 4 40 55 24 45 50 59 64 13 0 23 39 48 38 48 42 38 4 16 58 29 28 41 48 26 36 5 10 8 54 62 60 64 39 40 27 2 63 64 53 36 24 63 22 53 31 23 44 16 19 0 47 21 10 36 28 48 34 18 56 12 40 5 14 11 46 42 35 18 20 56 55 3 20 19 28 36 15 9 54 27 64 36 58 13 4 0 28 43 64 62 58 3 5 11
run=15 seed=14 k=65 f=0
30 7 61 42 23 63 39 34 3 16 58 29 10 51 32 15 46 2 59 16 15 29 49 28 39 42 15 24 29 13 48 13 29 52 57 33 43 34 23 5 31 57 0 63 20 37 63 3 0 8 19 29 40 3 15 10 47 32 34 43 55 63 58 28 23 51 24 47 20 41 59 8 45 53 8 2 35 47 3 63 17 16 51 59 63 1 41 0 34 9 25 52 41 15 0 64 38 27 48 0
run=16 seed=15 k=65 f=0
23 16 37 0 63 28 44 62 58 28 28 12 4 9 25 1 54 52 49 38 54 10 28 56 18 63 22 51 20 8 15 30 63 24 13 16 10 10 46 43 13 33 4 46 13 8 39 12 62 7 52 38 56 60 31 53 59 29 21 64 0 38 30 0 63 57 24 10 0 47 55 49 9 38 34 39 63 32 32 46 35 30 5 5 59 52 42 8 19 0 51 59 39 18 61 19 43 20 51 27
run=17 seed=16 k=65 f=0
24 18 49 22 44 0 12 33 38 30 34 50 47 26 26 0 39 29 41 33 17 64 7 54 44 55 60 34 21 0 64 48 40 43 5 10 20 18 29 10 14 14 29 9 37 59 46 49 23 22 10 38 25 52 27 46 42 22 36 1 53 62 17 28 55 59 41 4 55 35 42 17 1 40 11 38 5 58 51 31 12 33 6 58 20 36 17 0 58 6 64 50 6 60 58 63 43 12 61 56
run=18 seed=17 k=65 f=0
26 59 14 47 0 9 20 60 40 48 51 15 64 37 63 64 58 0 32 8 49 41 38 58 0 3 28 8 44 53 40 3 16 51 46 64 27 1 18 21 37 6 61 50 62 35 35 57 26 4 0 27 12 40 30 10 51 57 31 25 33 58 22 4 45 55 15 41 0 24 52 22 41 61 10 23 32 44 63 21 0 34 62 34 20 33 17 55 12 6 16 14 34 40 29 17 46 47 58 55
run=19 seed=18 k=65 f=0
33 55 13 42 12 23 37 22 17 60 56 16 11 48 33 48 8 62 51 16 39 0 1 64 57 6 49 11 45 30 64 28 7 27 59 24 58 37 17 4 64 39 22 38 24 60 34 19 47 10 2 44 30 5 23 64 12 7 53 1 25 42 36 63 6 44 20 58 15 64 64 46 0 4 0 3 18 64 27 0 34 24 13 22 32 0 34 55 62 52 50 14 42 22 38 49 45 64 15 52
run=20 seed=19 k=65 f=0
40 1 13 52 0 20 36 63 2 28 52 41 16 31 35 20 31 64 53 38 60 25 59 22 44 16 5 37 39 21 63 60 60 11 48 37 30 58 24 36 18 36 31 50 4 19 10 5 37 56 9 51 42 3 8 11 21 3 48 18 46 48 61 51 15 1 7 30 61 10 64 30 46 30 54 32 53 29 43 0 9 38 5 64 16 6 29 25 21 61 48 48 47 43 37 20 27 62 50 26
