run=1 seed=0 k=57 f=0
15 21 56 17 30 46 12 55 21 3 20 28 19 10 0 10 45 39 43 56 6 51 27 12 32 33 56 0 34 46 44 37 36 38 27 24 52 34 13 7 0 34 8 20 2 42 47 47 35 33 35 10 0 21 20 1 28 23 22 15 21 31 48 10 32 9 43 38 42 56 3 18 48 6 13 51 4 20 0 52 12 51 11 2 56 27 43 42 0 25 56 0 29 48 37 49 49 28 42 28
run=2 seed=1 k=57 f=0
15 21 56 17 30 46 12 55 21 3 20 28 19 10 0 10 45 39 43 56 6 51 27 12 32 33 56 0 34 46 44 37 36 38 27 24 52 34 13 7 0 34 8 20 2 42 47 47 35 33 35 10 0 21 20 1 28 23 22 15 21 31 48 10 32 9 43 38 42 56 3 18 48 6 13 51 4 20 0 52 12 51 11 2 56 27 43 42 0 25 56 0 29 48 37 49 49 28 42 28
run=3 seed=2 k=57 f=0
3 16 9 53 48 25 49 51 43 36 46 43 42 49 39 37 11 33 45 2 56 11 35 15 43 13 8 5 29 28 33 38 29 23 8 9 55 4 3 17 29 8 45 21 1 14 0 15 18 55 24 26 0 44 4 0 17 52 38 47 31 15 29 47 22 27 55 7 25 1 29 22 26 17 23 35 22 46 35 56 4 44 55 50 32 3 6 12 40 22 19 48 54 53 56 17 40 13 31 16
run=4 seed=3 k=57 f=0
15 37 0 18 54 4 15 2 1 9 9 46 53 40 22 18 44 10 24 56 16 45 12 21 50 53 29 0 37 28 1 36 0 41 48 46 28 44 22 6 10 36 5 4 55 22 0 34 35 28 29 25 13 7 31 56 54 11 38 37 30 49 34 20 49 18 31 39 19 0 44 34 17 56 45 32 21 54 47 29 8 20 2 55 12 41 12 37 52 1 54 56 27 33 46 7 7 36 42 43
run=5 seed=4 k=57 f=0
28 15 25 38 42 13 45 39 10 38 15 19 56 5 56 7 54 55 42 17 16 6 6 39 28 11 2 49 24 55 39 14 52 30 43 30 43 31 20 36 35 22 0 45 50 44 10 16 55 0 37 27 10 55 5 37 30 32 52 48 33 1 12 43 7 56 27 3 44 9 11 18 30 28 22 18 31 1 34 16 0 26 1 7 35 24 45 0 21 6 21 35 23 30 34 50 54 25 45 47
run=6 seed=5 k=57 f=0
35 5 37 35 46 7 40 53 26 0 18 19 22 39 2 20 0 1 32 56 38 39 47 51 24 31 28 34 49 30 52 36 52 49 45 43 56 36 10 54 26 12 55 48 1 27 18 42 52 28 14 0 40 40 41 0 16 10 22 10 55 2 6 21 10 51 10 13 30 19 22 15 8 51 32 3 43 27 23 6 15 53 32 54 4 42 43 10 24 56 56 40 15 13 56 26 43 4 13 31
run=7 seed=6 k=57 f=0
6 38 11 41 53 29 46 18 7 52 38 0 40 20 30 21 46 12 51 46 6 2 20 15 40 11 21 41 53 27 49 21 46 29 52 37 2 19 45 11 37 30 36 53 32 25 21 10 52 10 15 10 56 55 22 17 5 8 55 1 22 12 23 0 31 45 27 45 24 13 27 54 1 54 0 8 8 1 34 0 33 51 40 45 34 5 6 42 30 41 29 15 50 8 47 36 29 1 40 23
run=8 seed=7 k=57 f=0
48 37 45 56 26 24 29 50 3 28 17 4 55 9 17 21 50 48 14 31 56 35 54 26 49 49 17 2 8 28 3 5 14 29 26 20 12 54 46 22 25 48 24 39 34 47 0 39 47 36 1 20 10 55 43 0 6 40 12 8 0 36 39 16 55 52 0 43 56 49 48 0 56 34 8 18 41 52 45 16 26 15 6 56 11 49 25 39 31 56 45 38 46 31 7 34 24 23 3 33
run=9 seed=8 k=57 f=0
55 46 3 44 35 0 4 18 38 56 23 9 46 14 56 54 31 30 39 47 27 40 39 19 6 55 53 19 5 56 1 6 17 1 50 10 42 13 33 25 47 31 31 37 12 28 19 37 2 1 24 10 25 25 44 56 54 27 24 43 14 15 9 19 39 50 4 50 15 44 28 50 8 21 6 0 21 27 23 37 14 3 19 39 8 36 46 21 31 20 30 49 48 30 30 0 10 8 17 56
run=10 seed=9 k=57 f=0
37 43 33 35 23 44 23 10 50 41 32 55 47 37 0 5 40 18 44 10 6 20 12 24 17 2 28 34 29 5 1 2 42 54 40 33 19 13 36 50 54 32 7 46 0 43 51 24 4 15 51 16 26 28 22 55 31 33 38 7 52 44 17 20 0 1 22 43 11 13 35 49 14 2 37 15 13 14 55 56 20 44 27 14 46 54 12 45 42 53 23 1 0 29 56 31 27 21 1 38
run=11 seed=10 k=57 f=0
10 19 4 14 15 52 2 36 5 11 50 5 0 34 47 49 56 46 32 15 41 0 27 11 22 56 22 3 49 11 53 2 3 19 17 3 41 34 33 26 46 26 37 47 16 40 19 56 30 36 35 20 44 56 50 18 51 42 26 44 55 10 13 42 56 50 2 28 9 34 53 36 20 33 6 27 15 38 41 34 23 19 45 0 30 24 4 24 10 15 27 5 44 27 55 0 50 7 2 9
run=12 seed=11 k=57 f=0
53 9 2 53 10 44 1 20 42 31 29 4 5 53 41 0 24 22 25 38 47 49 32 48 11 41 31 44 17 25 56 15 43 35 52 21 51 12 30 19 5 24 4 31 20 38 46 9 15 9 36 36 14 11 9 37 11 18 29 56 56 22 26 40 43 37 21 2 0 19 28 56 41 13 32 22 38 27 0 30 51 50 4 27 55 22 21 0 52 0 1 8 20 5 49 26 18 14 27 44
run=13 seed=12 k=57 f=0
47 55 11 25 29 9 56 49 24 9 13 33 16 25 0 53 56 2 2 43 6 32 44 35 18 13 16 27 1 37 27 36 56 40 42 32 19 45 50 23 26 41 16 6 29 20 41 7 46 56 5 2 34 10 56 53 35 10 42 18 56 0 4 20 26 24 51 21 2 14 48 53 4 44 48 54 7 35 36 47 38 5 37 16 19 17 16 37 30 29 0 10 47 23 0 42 27 14 32 55
run=14 seed=13 k=57 f=0
7 50 33 0 0 52 19 31 2 48 43 16 0 45 36 10 7 7 50 33 56 19 43 14 51 16 30 23 56 20 30 54 15 53 50 0 34 37 0 16 22 40 12 2 56 44 31 3 11 56 36 22 54 17 34 31 39 5 47 21 28 43 28 2 56 41 36 41 54 9 48 26 23 39 47 10 48 31 26 18 36 22 38 23 46 32 0 21 53 0 10 24 37 24 11 16 16 17 41 10
run=15 seed=14 k=57 f=0
8 56 17 36 56 17 53 14 47 31 39 25 2 36 41 56 10 44 52 17 0 16 8 0 55 0 0 1 46 48 32 3 7 24 18 47 41 7 29 2 35 10 56 12 34 25 1 12 30 20 29 21 52 8 40 48 46 44 21 12 33 50 18 0 35 37 49 8 7 24 23 43 49 9 14 51 24 41 27 16 56 9 54 40 52 28 42 6 12 35 55 5 34 30 26 47 47 6 25 40
run=16 seed=15 k=57 f=0
17 6 21 12 0 55 51 11 10 56 32 43 40 29 49 6 48 4 5 51 56 23 0 3 42 55 19 20 27 12 16 25 34 56 4 1 38 38 1 47 7 55 37 7 30 45 13 43 41 35 35 5 24 14 10 5 30 33 18 22 41 47 50 39 34 50 19 32 49 12 18 56 21 29 26 55 33 0 41 9 0 53 1 45 28 1 27 34 55 34 45 17 11 19 48 19 56 24 27 49
run=17 seed=16 k=57 f=0
21 27 18 34 10 16 43 49 0 9 45 0 26 6 48 26 54 10 3 51 41 20 56 53 15 44 52 7 20 33 0 26 28 49 25 0 56 22 4 56 17 19 34 34 0 41 46 18 27 37 12 37 7 33 48 6 0 9 15 55 56 42 18 8 27 20 16 18 54 34 41 25 8 25 0 50 12 36 27 46 33 19 0 49 0 8 56 21 37 0 29 9 42 15 46 27 37 56 32 55
run=18 seed=17 k=57 f=0
40 13 47 23 56 11 42 54 35 17 52 45 11 51 1 15 3 1 24 12 7 37 18 44 4 0 36 7 49 32 56 56 9 23 28 36 51 47 18 56 24 45 2 35 27 16 45 56 22 54 54 40 28 40 28 46 22 36 54 27 36 0 12 2 13 3 42 20 12 26 37 37 9 56 13 2 31 43 16 22 38 48 5 22 0 49 30 43 43 56 8 28 30 21 56 48 31 40 21 0
run=19 seed=18 k=57 f=0
17 0 7 55 0 27 0 34 44 15 50 4 29 31 56 5 15 33 35 10 8 0 16 28 1 50 46 43 36 51 0 0 13 34 3 33 56 30 26 49 35 36 56 42 56 0 24 52 12 42 44 54 14 17 0 25 40 46 48 1 17 47 2 39 21 56 14 26 36 42 26 46 32 14 32 11 22 19 6 8 56 56 5 10 27 8 35 24 22 26 50 47 12 48 30 49 53 16 35 43
run=20 seed=19 k=57 f=0
47 9 16 37 27 18 10 30 50 1 7 28 35 49 44 10 10 44 46 19 19 32 54 45 13 28 5 29 52 0 56 54 51 49 40 26 23 28 8 33 20 17 4 0 6 25 52 37 18 43 0 2 24 41 7 51 17 32 23 16 36 0 55 43 33 8 6 50 44 56 40 36 30 53 13 10 28 3 38 44 4 54 0 17 54 47 12 2 43 17 35 38 19 4 26 7 31 24 55 11
