run=1 seed=0 k=62 f=0
41 31 3 40 51 49 34 12 17 61 14 31 54 37 0 4 60 60 4 15 43 32 13 59 28 2 2 19 44 61 39 22 18 44 27 29 31 36 1 33 45 61 59 47 34 57 20 35 53 40 7 2 46 12 60 21 15 52 40 1 60 51 24 50 51 49 18 31 2 25 18 43 22 15 37 20 8 58 25 17 33 30 2 59 50 0 11 9 40 8 10 0 9 46 24 18 18 58 50 26
run=2 seed=1 k=62 f=0
41 31 3 40 51 49 34 12 17 61 14 31 54 37 0 4 60 60 4 15 43 32 13 59 28 2 2 19 44 61 39 22 18 44 27 29 31 36 1 33 45 61 59 47 34 57 20 35 53 40 7 2 46 12 60 21 15 52 40 1 60 51 24 50 51 49 18 31 2 25 18 43 22 15 37 20 8 58 25 17 33 30 2 59 50 0 11 9 40 8 10 0 9 46 24 18 18 58 50 26
run=3 seed=2 k=62 f=0
31 37 17 60 0 24 44 11 53 36 5 51 24 61 37 34 44 11 15 48 8 16 61 17 1 48 0 21 16 43 51 6 12 12 33 58 55 43 37 60 15 14 42 36 9 3 1 6 61 19 54 43 33 46 36 34 30 35 52 11 17 25 2 27 21 46 7 52 47 46 3 36 24 33 28 48 60 42 53 8 37 15 29 10 28 40 41 56 11 55 27 27 56 20 52 61 3 26 21 0
run=4 seed=3 k=62 f=0
46 27 20 0 14 46 7 54 12 60 20 11 0 9 1 61 60 21 32 61 22 12 32 16 38 32 57 1 23 8 10 38 12 38 45 45 45 35 57 36 52 53 53 23 0 57 36 18 3 6 37 28 18 21 25 31 60 45 23 26 32 7 15 41 47 53 2 6 58 41 44 48 55 35 61 45 30 31 41 46 37 28 18 55 50 6 60 53 40 2 17 10 25 26 60 48 6 1 12 61
run=5 seed=4 k=62 f=0
25 38 56 14 61 61 35 25 8 35 39 42 52 58 41 29 18 2 39 8 20 58 14 46 52 8 54 40 44 46 23 5 19 1 19 59 18 54 37 26 25 45 14 40 41 14 0 10 49 23 48 16 39 57 43 6 4 33 46 48 33 47 30 30 61 9 27 46 18 12 12 24 32 26 52 38 11 56 48 30 59 29 55 14 25 34 21 26 16 3 14 23 49 0 2 3 7 29 54 2
run=6 seed=5 k=62 f=0
56 13 58 61 11 50 12 61 61 51 38 9 0 10 28 61 22 0 26 60 55 27 8 15 24 23 39 31 38 35 55 59 51 45 7 59 24 17 49 16 33 46 37 1 29 58 43 2 0 23 33 41 32 3 52 44 25 4 4 32 20 15 8 44 59 2 42 3 18 37 50 50 19 25 61 10 7 38 53 15 49 1 22 20 11 10 11 0 30 3 8 28 53 2 20 46 4 37 39 23
run=7 seed=6 k=62 f=0
13 0 58 21 32 60 2 32 2 34 18 54 13 45 23 44 30 30 5 58 2 30 44 48 39 51 10 56 20 33 51 18 25 29 61 1 0 13 52 3 40 32 12 14 15 3 59 37 0 14 38 27 42 37 12 45 31 20 21 24 47 12 42 22 61 42 21 16 61 10 35 28 41 45 55 55 6 11 35 59 36 9 26 52 1 38 51 40 57 11 49 46 20 43 7 61 29 25 19 0
run=8 seed=7 k=62 f=0
10 45 13 25 52 35 20 55 8 16 13 13 47 12 61 52 60 4 43 60 35 47 2 42 21 56 54 26 13 57 57 11 2 10 30 59 43 32 49 52 25 12 0 36 30 25 34 45 61 0 31 0 22 33 15 30 55 4 8 25 19 3 40 23 59 9 20 10 37 3 43 50 47 45 27 2 19 60 50 5 38 19 1 54 5 53 36 12 26 44 49 53 17 47 38 44 61 25 5 31
run=9 seed=8 k=62 f=0
28 60 0 24 44 60 6 55 50 37 33 53 22 55 0 7 14 32 58 1 6 18 11 8 38 27 44 15 61 33 13 28 30 53 13 22 61 17 1 48 52 42 33 13 25 18 52 0 51 61 37 49 4 21 0 1 14 44 60 11 15 44 5 41 39 31 49 29 58 35 13 59 20 14 23 51 1 61 20 53 8 57 5 15 42 46 30 54 11 27 0 44 25 56 50 61 6 6 23 36
run=10 seed=9 k=62 f=0
46 60 12 23 57 61 10 50 18 52 34 7 0 22 34 50 33 16 48 41 28 44 35 57 29 52 36 35 9 5 24 43 55 6 57 13 61 41 2 40 20 37 30 1 0 29 24 43 61 42 21 9 31 23 7 18 3 10 53 61 5 13 42 25 23 5 10 20 11 48 15 19 48 53 14 48 52 61 30 61 18 49 37 35 21 39 4 22 20 1 32 38 55 26 48 41 4 59 60 43
run=11 seed=10 k=62 f=0
60 13 43 49 3 3 22 18 57 49 17 27 0 12 45 50 37 60 21 43 27 34 8 30 49 32 17 0 46 0 41 55 35 13 40 41 61 30 46 39 27 28 18 25 57 61 60 20 2 31 0 8 49 31 27 25 35 53 12 2 53 6 55 29 30 10 6 40 55 34 15 36 43 39 61 37 10 58 52 22 31 1 56 21 29 19 39 19 11 20 23 5 45 15 20 13 49 36 4 59
run=12 seed=11 k=62 f=0
57 10 61 23 26 37 9 36 11 60 46 12 14 26 61 5 31 56 31 50 55 20 3 54 9 7 46 61 61 45 36 16 1 13 40 15 51 47 34 56 2 61 28 36 50 21 42 53 60 52 39 43 29 42 14 38 21 60 2 32 39 26 49 31 33 25 61 11 8 17 10 37 40 0 48 35 22 18 16 4 41 43 26 19 43 52 53 7 0 7 1 50 0 33 20 2 48 0 26 54
run=13 seed=12 k=62 f=0
23 16 32 46 31 61 27 29 9 36 40 23 59 0 45 10 61 33 3 46 60 7 10 2 56 41 55 19 4 43 20 54 49 53 36 22 0 47 48 55 36 29 41 33 50 43 58 2 18 45 36 2 47 31 42 51 19 34 32 13 14 60 9 1 3 30 22 23 25 5 37 24 32 10 54 14 44 28 16 12 51 52 27 9 36 0 44 21 1 34 4 26 60 12 61 39 56 39 13 37
run=14 seed=13 k=62 f=0
48 61 31 45 17 35 20 61 36 9 40 15 40 41 59 57 38 60 60 22 9 8 22 24 1 12 1 0 29 15 16 45 48 41 23 1 31 59 60 46 54 3 57 54 9 0 57 14 16 22 39 32 23 50 59 47 0 36 33 30 51 6 11 0 11 40 35 1 27 35 42 38 2 27 26 37 61 24 5 9 47 3 22 21 53 58 54 3 30 53 45 20 34 7 54 42 7 27 20 54
run=15 seed=14 k=62 f=0
32 24 17 53 54 36 15 21 49 1 27 5 53 32 8 31 56 44 15 43 14 45 61 20 12 40 60 52 19 29 15 4 52 23 59 11 60 21 53 48 26 2 61 60 40 61 43 0 53 20 43 61 8 8 19 21 32 61 6 28 45 39 42 47 50 34 18 36 8 21 58 0 45 21 30 51 33 60 49 44 4 41 0 10 36 2 30 38 35 28 55 38 15 1 7 0 54 25 10 27
run=16 seed=15 k=62 f=0
41 31 18 30 18 58 0 12 17 40 23 52 16 60 6 57 23 6 10 34 50 45 1 14 44 15 39 35 61 49 1 59 2 17 38 18 26 51 38 13 15 40 30 29 28 26 48 50 33 59 23 61 24 1 22 15 42 54 50 0 27 51 54 9 60 28 50 36 56 57 2 37 6 21 43 39 9 10 2 33 43 18 40 14 27 6 27 34 59 13 10 4 3 22 58 0 51 39 47 52
run=17 seed=16 k=62 f=0
42 27 61 4 19 37 21 5 11 18 38 17 1 10 59 11 51 26 57 39 29 3 47 28 18 4 61 61 59 32 52 22 47 49 54 51 27 56 60 56 10 18 23 59 24 32 3 41 10 60 18 39 61 1 5 51 0 2 35 42 10 42 12 12 11 24 22 54 18 1 28 38 31 50 35 47 33 28 32 43 24 55 18 55 54 22 45 49 61 16 29 7 34 23 0 44 5 45 19 12
run=18 seed=17 k=62 f=0
19 51 9 59 1 41 35 10 14 53 35 17 30 56 54 44 0 51 35 19 60 17 43 20 32 13 5 54 8 60 40 7 56 20 2 61 27 31 36 45 48 7 0 0 1 28 41 30 5 32 2 15 52 61 22 52 54 44 24 6 46 1 13 31 45 13 35 38 45 10 29 55 14 27 21 14 55 13 27 21 48 16 37 28 3 9 61 35 53 58 21 37 37 32 18 29 61 51 0 61
run=19 seed=18 k=62 f=0
45 14 5 15 41 48 41 55 40 28 12 3 9 36 12 15 35 24 20 49 6 3 53 7 1 29 35 0 16 46 34 50 61 44 20 57 6 60 12 0 59 54 39 55 29 59 46 55 22 36 2 26 48 36 32 57 1 5 47 19 52 26 16 61 15 7 44 17 35 61 21 41 54 59 23 21 22 38 14 41 2 56 5 27 26 37 37 0 42 51 2 30 10 5 21 33 36 59 58 61
run=20 seed=19 k=62 f=0
7 52 14 60 22 3 57 27 43 34 51 9 17 34 9 21 0 49 43 16 45 18 46 30 52 46 18 10 23 28 61 43 16 48 56 42 38 20 27 47 53 52 0 60 22 41 17 2 26 60 19 40 2 58 39 60 28 37 6 25 61 3 41 36 38 51 10 14 35 52 1 59 2 33 0 60 10 39 25 46 55 21 45 38 56 21 54 30 12 32 4 13 26 41 5 35 61 0 26 32
