run=1 seed=0 k=58 f=0
37 49 9 25 10 3 29 22 47 57 46 47 17 31 57 57 9 57 22 44 25 34 43 40 13 46 34 0 57 35 26 16 55 22 36 49 30 23 37 14 53 0 53 19 57 33 30 16 57 40 57 37 7 6 32 19 22 53 39 1 41 47 11 18 4 9 2 0 11 32 36 29 18 13 19 15 35 38 55 43 2 46 26 10 28 50 12 2 4 41 14 24 44 6 0 50 26 0 48 51
run=2 seed=1 k=58 f=0
37 49 9 25 10 3 29 22 47 57 46 47 17 31 57 57 9 57 22 44 25 34 43 40 13 46 34 0 57 35 26 16 55 22 36 49 30 23 37 14 53 0 53 19 57 33 30 16 57 40 57 37 7 6 32 19 22 53 39 1 41 47 11 18 4 9 2 0 11 32 36 29 18 13 19 15 35 38 55 43 2 46 26 10 28 50 12 2 4 41 14 24 44 6 0 50 26 0 48 51
run=3 seed=2 k=58 f=0
34 7 14 29 39 17 32 33 53 21 4 1 3 19 48 23 30 10 23 44 22 57 2 47 56 29 40 31 23 35 19 6 8 54 9 40 0 34 15 33 21 10 18 10 30 42 56 2 38 13 46 52 27 44 22 30 41 12 9 5 56 35 3 57 20 30 39 0 22 30 25 21 11 51 16 30 56 39 48 36 13 5 14 0 13 42 47 2 55 1 48 53 46 0 44 9 23 0 57 44
run=4 seed=3 k=58 f=0
53 30 10 0 39 24 16 36 6 56 2 13 56 53 7 57 3 31 15 22 25 9 25 45 7 45 40 43 12 18 9 48 44 5 14 31 33 30 0 50 39 49 24 2 0 45 12 14 56 48 4 44 29 13 18 38 47 41 0 3 56 24 35 43 55 21 23 12 18 18 32 37 9 49 48 4 18 27 35 40 25 46 24 37 35 34 14 31 30 53 40 34 52 27 54 1 19 5 42 0
run=5 seed=4 k=58 f=0
29 5 22 32 32 56 41 55 28 57 26 24 50 8 17 34 18 3 29 41 23 36 0 36 17 30 14 0 57 48 28 3 48 44 35 23 23 18 17 34 39 57 20 22 54 42 11 17 52 41 19 10 19 7 19 11 56 1 49 3 49 51 38 36 33 51 55 40 4 7 56 43 2 47 57 32 43 8 0 1 12 43 7 52 51 38 23 42 40 5 33 24 28 0 12 0 43 16 55 36
run=6 seed=5 k=58 f=0
5 55 7 38 48 12 32 41 43 36 30 57 36 44 57 10 40 0 48 17 28 52 37 26 55 17 45 21 48 21 45 11 50 50 49 14 57 17 46 51 51 19 27 9 16 3 44 33 3 53 25 55 26 3 0 37 7 41 57 5 37 35 16 29 23 22 30 19 15 13 38 0 43 21 0 36 29 4 3 13 57 29 47 38 57 26 9 22 54 11 27 24 43 40 48 6 13 31 23 0
run=7 seed=6 k=58 f=0
57 7 0 23 3 47 2 6 4 48 8 41 55 49 45 10 34 31 43 28 11 22 14 46 7 55 54 28 11 45 39 12 12 57 11 34 43 30 36 23 47 24 6 16 23 39 57 2 31 10 22 15 0 19 3 42 22 12 51 0 27 0 48 30 38 26 41 50 49 18 45 38 53 11 57 50 5 21 33 46 22 55 12 40 40 36 1 34 41 57 21 0 15 25 55 39 49 5 31 31
run=8 seed=7 k=58 f=0
13 1 43 3 31 53 48 20 26 3 1 13 37 32 46 26 55 24 34 15 6 23 14 38 26 18 43 57 23 50 18 14 10 12 11 31 51 42 33 20 45 45 31 8 57 15 40 35 50 11 29 26 4 41 9 10 6 40 38 19 22 1 18 24 0 49 42 51 40 13 5 5 27 33 0 54 29 18 2 10 0 31 56 47 7 41 16 54 42 46 56 33 47 39 34 39 54 20 33 56
run=9 seed=8 k=58 f=0
37 50 17 22 15 13 36 20 33 21 45 57 24 55 47 38 2 0 57 13 40 36 27 14 46 27 30 14 39 0 8 46 56 23 51 2 0 56 29 14 36 17 53 3 5 5 52 45 55 29 5 44 0 52 6 11 22 22 29 44 56 9 40 42 46 38 41 7 20 1 53 36 20 48 34 18 57 7 18 49 13 23 38 30 28 52 5 23 32 51 12 27 1 19 57 28 23 46 57 33
run=10 seed=9 k=58 f=0
45 54 0 33 0 55 42 26 0 38 22 13 3 25 35 37 36 48 22 32 19 47 29 1 57 4 25 9 29 7 26 55 27 47 41 20 20 17 14 36 43 55 21 47 48 11 30 1 0 48 31 15 47 2 21 12 7 11 27 57 9 29 36 37 16 12 54 55 36 26 19 13 9 4 49 34 10 17 36 19 57 1 33 17 53 47 54 57 49 49 7 0 29 11 20 41 8 3 12 35
run=11 seed=10 k=58 f=0
2 38 30 0 49 36 5 7 51 57 29 44 28 23 0 39 32 30 37 42 17 8 43 33 50 42 54 11 17 15 55 1 31 20 36 2 48 15 7 38 39 21 54 1 0 25 32 56 57 11 56 13 44 30 49 17 21 31 28 42 40 57 35 7 38 48 29 31 50 24 55 20 41 16 9 39 11 46 55 38 48 19 6 29 0 47 46 33 21 9 24 57 27 54 54 57 21 17 16 2
run=12 seed=11 k=58 f=0
15 21 11 18 42 44 3 23 37 43 18 8 34 46 57 57 57 38 55 21 50 2 1 33 39 52 26 49 0 34 14 48 21 20 46 35 30 20 4 2 22 23 10 0 29 38 0 3 9 16 6 55 45 39 32 39 23 50 30 8 33 12 56 47 14 25 16 0 54 24 52 18 24 54 15 47 41 15 39 51 27 33 43 30 36 7 21 2 50 21 54 10 28 30 56 9 38 6 44 6
run=13 seed=12 k=58 f=0
12 26 16 46 8 27 1 21 43 30 12 34 25 41 57 6 21 53 27 51 38 2 36 4 13 12 16 54 14 57 11 28 55 25 23 11 33 7 12 39 48 50 37 23 0 32 21 31 47 49 2 0 43 42 7 57 54 38 44 2 17 0 16 7 9 40 32 51 27 45 27 25 56 6 32 20 40 0 7 4 55 41 53 37 18 0 17 0 30 1 57 44 45 39 47 26 53 57 49 34
run=14 seed=13 k=58 f=0
50 57 27 17 9 51 35 34 5 33 8 40 57 50 47 57 1 30 18 26 18 29 14 18 8 28 57 44 19 41 22 53 42 27 41 41 5 57 22 2 8 33 13 0 35 4 0 9 46 56 20 14 1 14 52 53 42 46 21 8 27 40 33 6 47 27 15 53 19 0 55 0 15 6 35 46 12 51 40 48 28 17 37 31 37 31 3 57 24 39 17 54 2 17 50 41 38 9 28 40
run=15 seed=14 k=58 f=0
45 6 15 18 57 48 13 46 21 55 1 31 12 3 22 37 57 54 7 47 0 10 0 38 57 52 6 20 39 35 0 18 34 46 57 47 29 41 41 43 50 57 37 24 42 54 23 2 39 14 57 36 21 5 19 19 30 17 48 6 48 55 14 24 23 0 10 28 26 39 38 30 33 40 6 0 45 11 37 31 5 55 15 18 41 35 6 30 53 16 33 25 53 51 53 16 32 54 3 51
run=16 seed=15 k=58 f=0
42 0 44 27 57 3 12 14 17 38 22 36 57 26 16 39 5 20 56 43 10 57 23 57 36 9 46 0 49 8 19 27 46 57 56 48 6 46 51 23 37 0 5 17 3 2 23 51 0 12 18 6 46 31 4 28 26 32 45 3 42 21 42 31 33 32 32 21 35 1 37 14 28 55 27 12 33 27 49 11 40 7 16 52 11 20 53 49 45 56 56 23 19 35 53 33 9 5 49 27
run=17 seed=16 k=58 f=0
18 48 9 55 10 5 33 13 57 40 51 47 28 1 19 43 34 13 5 19 45 32 43 32 48 55 38 57 16 54 19 26 55 28 26 6 35 8 55 19 6 57 23 25 0 31 15 22 4 32 56 36 49 3 48 41 50 39 11 24 32 18 14 35 1 57 34 24 17 1 6 25 37 24 51 7 46 13 11 8 55 57 24 41 2 30 47 39 15 23 49 41 48 34 18 57 2 45 11 0
run=18 seed=17 k=58 f=0
0 41 55 0 32 27 57 8 27 17 17 20 18 34 6 4 44 39 42 26 0 49 46 40 0 41 50 36 57 16 45 21 12 45 10 39 16 3 10 33 33 57 1 20 11 14 0 55 26 48 12 52 29 25 17 33 43 52 16 30 14 55 51 3 25 23 53 42 5 57 21 33 54 11 48 35 8 18 5 35 25 54 10 21 27 7 41 40 1 50 57 4 12 36 26 23 32 13 10 0
run=19 seed=18 k=58 f=0
34 20 13 2 32 31 7 10 44 31 14 51 0 46 57 51 4 24 49 19 40 1 26 3 32 27 15 43 53 37 56 29 19 29 21 47 16 24 49 2 13 7 49 5 42 7 56 14 37 8 8 44 26 37 33 29 23 55 16 17 49 1 9 49 36 23 36 3 22 23 42 56 24 42 10 30 41 4 13 32 22 27 9 45 34 49 55 1 46 16 0 38 56 47 1 16 56 33 52 15
run=20 seed=19 k=58 f=0
27 51 42 0 57 10 27 7 30 12 10 22 55 53 39 17 8 57 55 8 24 47 57 14 0 31 46 32 25 14 9 47 57 44 47 28 26 1 0 31 29 48 53 18 22 3 3 50 1 38 1 43 22 8 11 20 17 37 10 46 48 55 37 29 0 19 6 15 27 0 40 35 46 35 9 31 0 11 46 16 40 16 57 13 39 49 31 18 25 18 55 52 1 25 5 33 36 31 2 32
