run=1 seed=0 k=53 f=0
29 2 23 20 0 47 37 38 52 12 42 40 17 14 37 14 21 12 29 24 43 2 41 30 52 29 29 50 51 10 42 48 42 32 22 34 25 30 17 16 38 33 10 2 15 43 51 5 16 3 20 49 6 44 30 26 29 5 50 25 9 0 21 49 0 19 8 32 33 52 46 4 1 3 17 27 9 26 36 0 35 6 22 38 18 32 32 29 48 2 43 14 40 5 32 23 11 46 50 27
run=2 seed=1 k=53 f=0
29 2 23 20 0 47 37 38 52 12 42 40 17 14 37 14 21 12 29 24 43 2 41 30 52 29 29 50 51 10 42 48 42 32 22 34 25 30 17 16 38 33 10 2 15 43 51 5 16 3 20 49 6 44 30 26 29 5 50 25 9 0 21 49 0 19 8 32 33 52 46 4 1 3 17 27 9 26 36 0 35 6 22 38 18 32 32 29 48 2 43 14 40 5 32 23 11 46 50 27
run=3 seed=2 k=53 f=0
34 42 49 52 52 22 40 38 31 2 51 44 0 21 28 31 5 35 14 28 22 12 0 30 52 28 13 16 41 14 44 23 19 50 21 44 40 16 29 0 44 7 24 8 9 2 19 24 0 10 52 32 18 10 51 42 47 44 3 35 1 1 38 25 28 29 37 10 34 37 11 19 42 0 16 35 35 37 50 27 11 21 37 27 45 46 48 8 16 51 52 21 5 46 35 44 18 5 9 52
run=4 seed=3 k=53 f=0
51 38 31 44 15 28 24 18 25 50 26 2 50 52 24 30 17 37 50 12 30 0 22 34 1 6 52 39 36 15 21 4 40 0 42 27 13 5 37 16 30 7 47 42 41 52 11 15 41 2 25 34 1 22 5 34 40 44 5 36 52 52 10 2 15 44 24 43 51 0 22 8 50 11 37 29 42 46 36 28 5 9 30 0 5 16 52 45 20 12 19 22 24 7 49 7 9 20 29 13
run=5 seed=4 k=53 f=0
17 49 0 26 0 36 42 41 33 52 6 18 19 5 15 31 21 9 52 21 9 46 43 14 33 47 0 2 3 27 36 29 28 45 2 40 52 44 0 10 11 0 28 28 52 25 1 38 30 17 6 48 6 24 37 37 20 38 1 25 44 38 9 35 24 31 22 34 23 28 43 8 47 51 52 8 44 10 12 52 12 33 13 38 51 3 52 37 21 46 9 34 16 39 19 21 26 43 0 28
run=6 seed=5 k=53 f=0
20 43 17 30 38 11 23 4 21 27 51 5 0 51 8 14 25 17 31 25 46 12 26 36 14 14 37 49 6 2 9 13 36 37 0 44 3 10 42 3 32 23 6 30 9 22 12 30 21 35 29 33 50 29 26 41 52 42 18 4 0 20 15 52 30 21 43 13 34 29 13 46 40 48 52 42 47 42 8 17 31 48 36 10 2 41 3 16 10 13 52 52 23 18 35 22 0 47 46 41
run=7 seed=6 k=53 f=0
42 7 33 9 23 19 47 22 24 9 48 50 28 17 8 30 51 26 13 44 15 29 0 42 29 5 0 16 0 40 37 2 33 1 50 27 22 33 37 19 29 46 49 49 49 30 36 49 39 0 26 4 13 48 43 18 0 22 10 18 0 12 24 15 38 47 23 33 0 52 51 9 5 41 39 49 8 6 40 19 44 15 31 35 24 48 3 31 23 38 52 13 39 17 24 45 52 30 8 52
run=8 seed=7 k=53 f=0
23 17 43 9 18 0 22 17 26 32 12 17 43 5 27 46 47 42 29 13 45 5 22 2 46 31 51 13 0 30 34 27 50 28 47 22 0 14 21 6 16 20 34 52 13 50 1 2 36 13 2 25 3 39 33 27 42 40 15 41 0 52 7 6 32 47 15 10 44 52 47 35 23 30 39 6 6 23 37 14 29 20 10 30 36 21 1 7 51 40 52 20 52 10 52 33 37 18 45 52
run=9 seed=8 k=53 f=0
28 36 16 49 0 35 46 21 13 19 15 2 38 37 39 51 25 41 13 8 8 28 51 23 46 2 12 4 52 41 26 32 18 32 45 43 40 48 0 2 5 7 21 51 8 2 52 25 46 0 12 12 50 10 21 7 4 33 15 8 24 25 52 25 32 35 26 33 0 15 47 33 36 21 52 20 45 11 45 19 31 4 39 2 47 3 23 31 9 38 28 11 39 6 0 45 47 27 43 0
run=10 seed=9 k=53 f=0
42 8 39 27 0 52 14 1 32 16 1 17 41 20 9 37 11 45 33 38 15 12 52 27 47 50 6 52 4 24 0 51 1 0 1 34 46 44 5 7 21 52 6 32 31 27 52 7 19 8 51 24 11 29 28 32 28 7 40 25 29 16 43 0 20 42 9 38 48 45 24 7 13 36 21 46 26 30 1 17 50 43 4 19 41 18 52 36 45 19 0 38 20 33 15 52 28 24 36 32
run=11 seed=10 k=53 f=0
40 8 44 19 52 6 40 34 11 38 4 47 42 18 24 46 48 0 13 32 30 28 30 35 25 12 12 21 36 37 33 17 49 30 5 11 38 21 24 1 30 16 38 4 11 18 29 36 13 20 49 5 26 4 43 50 16 52 1 0 9 52 47 0 23 46 47 18 43 0 18 52 19 33 36 48 23 12 25 0 10 52 7 18 52 29 41 16 33 3 51 27 6 11 20 44 26 1 14 51
run=12 seed=11 k=53 f=0
6 29 22 9 38 30 45 14 35 41 8 52 18 48 52 14 5 36 9 32 46 15 0 4 26 39 18 4 25 38 0 24 8 22 47 22 52 25 18 12 13 26 47 8 33 11 33 43 46 12 15 50 41 32 3 26 2 17 35 4 21 8 12 8 7 47 18 30 0 0 27 43 23 0 13 38 44 27 26 34 52 41 13 49 52 48 52 28 35 45 52 0 36 30 50 7 41 0 20 9
run=13 seed=12 k=53 f=0
26 32 50 25 42 34 29 43 30 5 45 14 19 38 8 0 46 40 49 29 14 36 8 21 45 28 52 9 31 0 28 0 6 31 52 43 24 14 18 7 38 43 4 7 17 21 52 37 15 27 45 48 9 41 50 25 12 41 50 19 52 52 46 41 19 13 14 2 0 33 48 33 36 2 20 37 12 25 21 2 52 13 32 13 50 48 41 0 23 0 35 8 19 46 25 26 4 34 31 37
run=14 seed=13 k=53 f=0
19 31 38 8 34 52 11 34 23 17 20 27 16 49 6 44 3 46 52 18 12 13 0 16 5 31 17 52 10 47 0 12 36 16 37 25 36 43 48 2 41 25 5 13 52 37 34 31 38 44 52 48 8 27 28 46 31 42 18 52 52 6 43 21 0 11 0 24 1 43 52 29 12 36 18 3 50 7 39 32 23 33 7 42 40 15 25 26 47 29 5 46 24 49 12 0 5 27 35 40
run=15 seed=14 k=53 f=0
52 45 0 42 52 4 46 49 16 8 9 50 20 36 8 19 1 34 46 1 27 17 39 43 30 46 15 46 27 8 0 23 25 0 38 51 40 52 17 9 36 49 41 7 49 4 0 9 41 19 10 10 29 27 25 48 1 19 8 40 43 51 11 31 21 34 29 2 1 34 16 23 33 25 21 33 8 31 52 35 52 52 0 33 39 30 35 0 50 45 29 13 25 45 16 15 21 12 36 43
run=16 seed=15 k=53 f=0
40 11 36 34 0 50 31 47 22 13 41 44 0 52 46 17 5 26 36 31 40 48 27 1 17 13 2 0 43 2 9 51 2 51 29 22 29 5 35 50 12 50 21 39 8 2 31 38 9 1 50 29 38 8 12 2 8 6 43 40 24 44 39 19 13 47 1 10 16 33 2 52 47 16 16 32 34 9 21 25 52 23 33 26 23 3 52 8 25 22 52 12 31 38 45 52 0 11 21 17
run=17 seed=16 k=53 f=0
3 52 21 4 1 37 33 13 18 9 17 15 52 23 44 12 38 43 14 41 17 41 12 40 51 48 28 52 46 5 0 50 18 26 28 26 45 43 20 13 31 34 0 8 0 0 17 0 51 35 13 7 19 36 46 29 52 19 18 52 52 0 43 34 9 46 39 26 8 10 41 28 24 52 32 39 16 45 0 26 9 52 33 38 34 22 2 23 7 31 0 20 19 5 44 38 27 28 37 40
run=18 seed=17 k=53 f=0
23 33 41 19 0 1 28 35 32 26 28 31 39 24 35 30 52 7 22 17 29 18 17 40 46 48 43 41 45 51 12 33 28 14 42 18 21 6 42 33 9 52 9 38 0 25 9 23 51 0 44 47 3 3 4 43 17 37 2 41 43 50 27 25 22 33 6 17 0 52 2 32 12 52 23 36 0 5 52 30 7 44 15 14 34 29 33 13 39 0 50 16 52 5 8 8 3 44 45 22
run=19 seed=18 k=53 f=0
28 47 9 14 0 31 35 39 28 35 41 3 43 28 14 1 14 41 31 42 20 32 52 26 6 37 25 50 26 26 20 52 48 27 49 6 44 45 12 23 41 52 5 17 0 17 27 33 24 43 14 29 3 35 40 52 20 12 44 52 34 20 40 18 14 14 9 49 0 43 19 42 18 51 26 46 6 42 3 34 50 48 1 37 12 41 36 52 8 39 19 1 20 38 34 8 3 49 51 12
run=20 seed=19 k=53 f=0
35 10 22 43 9 52 0 8 5 36 35 5 41 52 30 37 43 14 50 43 36 7 39 45 1 46 36 52 10 15 13 35 52 22 23 8 45 43 13 30 23 27 35 35 7 0 18 8 15 44 26 32 1 2 10 47 28 25 21 26 52 29 9 0 42 0 3 44 25 0 21 30 0 26 18 24 4 45 11 51 29 35 52 17 17 20 2 42 24 17 52 38 0 37 52 24 47 32 17 21
