run=1 seed=0 k=64 f=0
23 49 41 51 17 63 10 7 41 13 58 43 50 10 41 4 63 2 20 56 25 32 60 13 37 26 27 35 56 31 9 26 38 14 13 21 49 24 9 47 37 29 5 50 24 41 30 20 43 50 13 58 40 22 20 17 19 2 52 1 49 61 28 7 38 41 62 33 1 8 8 1 9 15 62 23 43 57 1 23 14 56 28 42 44 21 0 31 35 4 60 30 63 24 16 0 32 61 62 1
run=2 seed=1 k=64 f=0
23 49 41 51 17 63 10 7 41 13 58 43 50 10 41 4 63 2 20 56 25 32 60 13 37 26 27 35 56 31 9 26 38 14 13 21 49 24 9 47 37 29 5 50 24 41 30 20 43 50 13 58 40 22 20 17 19 2 52 1 49 61 28 7 38 41 62 33 1 8 8 1 9 15 62 23 43 57 1 23 14 56 28 42 44 21 0 31 35 4 60 30 63 24 16 0 32 61 62 1
run=3 seed=2 k=64 f=0
0 63 4 11 22 44 0 48 41 15 22 3 19 5 2 41 28 20 31 26 52 12 25 27 40 31 52 15 56 17 45 50 22 50 50 44 4 1 25 25 13 62 62 47 12 45 4 61 61 35 12 56 4 33 16 0 52 11 28 61 31 59 43 33 60 52 13 14 52 62 45 49 46 29 46 34 36 29 21 10 0 33 54 56 7 18 7 12 29 15 27 23 35 14 56 40 41 60 37 29
run=4 seed=3 k=64 f=0
57 17 24 36 17 60 8 48 1 51 10 4 14 11 57 9 40 14 17 3 63 54 33 26 17 39 27 41 52 51 62 49 1 0 22 1 19 63 4 20 14 44 17 49 11 61 60 62 61 42 1 53 26 53 0 0 41 45 25 16 30 34 63 59 47 9 61 0 36 47 27 2 43 52 38 9 29 17 35 4 21 58 8 34 48 42 38 4 23 1 29 34 26 28 43 9 49 27 12 38
run=5 seed=4 k=64 f=0
38 9 2 53 52 62 7 53 36 55 0 20 57 12 43 46 54 45 8 21 37 61 32 56 5 62 34 25 35 46 14 61 24 16 55 11 4 16 39 14 45 39 0 39 52 43 22 33 24 63 63 5 24 31 53 32 30 54 16 44 61 52 59 59 57 31 31 13 11 19 30 41 33 2 30 24 29 60 1 1 19 11 39 16 4 40 49 9 8 11 3 60 52 2 16 0 25 47 43 48
run=6 seed=5 k=64 f=0
56 29 42 36 1 48 4 40 1 12 34 0 4 62 26 36 61 26 36 46 63 25 15 53 35 44 15 55 44 8 30 7 32 22 63 0 62 39 1 61 21 53 50 25 26 36 61 47 49 33 11 45 14 45 52 16 25 3 43 45 49 13 33 63 59 20 10 21 59 10 55 2 5 56 57 18 38 62 1 23 55 31 22 22 12 10 7 37 14 10 25 0 3 46 54 32 2 55 45 62
run=7 seed=6 k=64 f=0
61 55 0 49 53 63 54 32 10 51 15 39 37 53 15 28 0 12 55 1 63 62 50 19 45 19 30 52 53 20 21 23 24 63 36 5 36 33 8 16 45 0 26 62 13 28 43 9 55 34 6 47 56 17 6 9 6 34 49 60 0 56 46 63 18 18 5 10 45 34 59 26 63 21 44 13 30 42 27 14 63 33 2 33 20 8 25 7 43 5 23 44 2 5 40 21 24 10 53 6
run=8 seed=7 k=64 f=0
53 3 34 12 45 27 58 17 16 57 51 41 31 24 4 56 50 2 50 0 56 2 23 40 13 12 19 48 0 46 15 41 50 8 52 29 35 32 49 52 22 24 29 60 0 60 47 27 9 20 29 1 42 26 41 63 51 42 40 39 26 16 0 14 24 63 42 34 35 17 21 51 63 51 63 9 58 3 6 8 20 35 58 62 60 45 48 36 23 30 9 39 19 38 58 10 42 36 8 51
run=9 seed=8 k=64 f=0
15 24 49 61 20 13 30 21 57 1 17 41 39 7 63 27 0 22 1 38 57 33 40 62 53 39 54 9 33 19 18 16 44 51 13 56 1 10 25 58 44 9 46 17 2 46 17 19 63 26 1 47 59 63 20 11 4 10 21 47 29 38 35 9 44 7 26 9 50 38 25 31 54 4 51 59 51 0 58 25 63 59 50 54 38 34 2 7 44 23 36 9 61 27 58 0 34 32 49 3
run=10 seed=9 k=64 f=0
3 50 35 39 52 29 44 38 9 36 24 3 2 17 21 15 57 20 53 32 0 12 11 53 41 42 62 50 29 26 50 32 46 28 55 0 2 26 23 12 7 33 39 4 47 62 58 35 57 23 31 10 25 56 25 30 21 48 51 50 36 45 6 58 13 9 30 44 44 7 51 20 40 49 62 48 22 21 62 14 44 42 21 18 7 17 6 29 1 19 14 5 61 32 1 15 41 40 36 59
run=11 seed=10 k=64 f=0
47 62 28 63 60 9 3 23 11 3 32 28 8 22 26 13 0 39 55 60 20 51 43 21 34 12 16 0 32 54 63 7 15 36 60 17 49 63 41 56 52 24 45 51 59 50 48 46 44 39 1 0 30 21 21 1 33 13 60 56 4 58 8 19 11 62 36 41 24 13 3 0 10 48 35 27 38 31 0 18 58 51 18 27 8 39 28 43 53 40 26 5 63 54 7 51 35 33 7 48
run=12 seed=11 k=64 f=0
63 22 53 13 0 39 24 39 17 27 52 28 61 14 50 46 63 52 35 50 59 62 27 37 21 27 61 34 55 34 24 23 31 15 4 39 54 45 60 0 32 0 56 63 3 28 48 61 1 62 47 52 17 27 58 23 63 6 40 1 42 2 45 14 17 20 49 8 30 14 8 62 7 1 34 61 49 21 4 41 12 62 47 30 42 27 33 23 24 37 12 3 0 57 42 28 6 56 36 33
run=13 seed=12 k=64 f=0
36 18 53 0 41 55 49 25 1 15 26 61 37 30 55 59 27 32 47 58 49 59 34 18 41 5 21 2 46 7 28 58 63 24 42 59 8 47 20 7 13 46 53 13 12 22 50 40 0 40 4 62 52 52 17 46 8 12 14 30 32 42 62 42 57 23 52 0 8 8 0 2 54 12 24 2 0 18 62 10 56 46 9 28 50 26 30 63 38 63 6 32 32 37 25 15 62 7 25 18
run=14 seed=13 k=64 f=0
9 61 28 15 60 56 48 59 60 0 22 26 22 3 19 21 53 0 48 23 47 9 17 26 33 24 62 36 28 10 3 21 62 1 37 59 63 21 6 4 40 29 31 62 57 1 25 14 60 10 45 54 14 43 12 53 4 0 42 48 1 54 16 0 57 42 47 39 40 10 61 40 30 41 33 34 45 28 18 63 10 5 34 29 49 46 18 41 46 17 37 48 60 43 48 27 21 57 42 35
run=15 seed=14 k=64 f=0
27 35 23 26 1 61 23 40 23 10 6 44 36 14 36 19 20 14 9 37 43 29 49 38 8 38 0 3 63 40 15 54 24 47 16 25 27 39 1 51 39 59 19 28 2 23 35 30 18 55 3 48 8 62 21 54 36 4 10 0 27 10 57 9 40 16 52 61 46 53 16 32 41 35 19 43 43 58 0 52 2 49 62 12 10 45 2 63 55 12 47 32 39 43 59 13 44 47 5 25
run=16 seed=15 k=64 f=0
21 38 28 7 17 17 63 12 31 50 43 48 31 44 34 1 13 26 4 24 45 24 44 22 11 25 35 50 56 52 10 43 26 63 20 42 20 7 59 51 23 49 0 34 18 6 25 32 9 61 47 56 21 31 4 52 29 62 44 0 0 11 14 10 14 34 58 28 61 53 21 0 27 57 8 39 63 19 14 0 47 47 0 2 6 1 32 25 57 29 14 21 41 48 61 61 56 55 60 40
run=17 seed=16 k=64 f=0
20 61 11 12 2 31 55 41 47 62 13 41 11 51 63 2 57 2 61 25 49 2 43 38 62 61 50 58 19 4 62 49 27 32 6 4 13 20 37 60 4 48 37 19 32 9 21 45 50 40 42 33 23 23 23 19 12 13 27 32 39 63 48 25 45 12 45 58 33 11 39 19 1 63 30 51 37 17 0 29 46 17 56 53 8 0 9 55 35 36 53 63 25 37 52 18 1 33 11 0
run=18 seed=17 k=64 f=0
57 18 63 3 58 15 49 46 24 8 45 52 19 15 42 31 7 61 58 7 50 9 54 52 1 21 24 14 53 26 47 49 8 5 52 39 20 37 0 58 29 11 63 56 15 0 0 63 18 20 6 4 55 43 36 0 5 45 14 56 25 59 28 0 39 29 5 37 53 1 23 32 26 41 16 42 0 43 41 39 63 48 5 38 27 59 32 32 55 32 47 13 37 62 44 9 28 49 48 31
run=19 seed=18 k=64 f=0
43 62 15 31 4 21 48 8 36 56 63 45 58 0 42 47 63 10 45 19 32 23 27 11 56 55 59 61 30 42 22 53 63 36 20 3 18 10 11 48 34 32 50 44 37 47 34 15 36 14 52 13 0 2 40 57 7 35 42 42 63 29 26 3 21 63 6 24 11 17 29 63 30 1 55 5 4 26 38 38 11 39 3 17 42 43 49 26 14 58 22 20 0 9 50 48 32 27 60 49
run=20 seed=19 k=64 f=0
25 63 56 10 54 22 37 20 28 52 33 32 24 43 40 56 35 1 34 28 46 20 15 29 59 3 46 26 17 47 52 21 13 43 53 29 34 40 47 63 8 16 31 20 4 9 12 63 44 44 49 59 0 0 55 7 3 15 49 20 63 13 63 36 58 3 27 29 51 2 28 42 18 61 19 33 4 7 53 45 57 38 15 32 38 57 1 31 8 26 62 0 13 61 25 13 2 61 42 33
