run=1 seed=0 k=54 f=0
19 11 42 52 53 25 46 53 33 23 50 31 28 17 1 2 36 18 45 10 32 26 51 33 45 8 9 20 22 16 44 18 4 11 43 1 37 52 5 16 51 21 51 29 0 32 50 28 5 31 29 3 37 26 8 38 32 50 20 11 9 46 0 33 2 17 52 19 15 25 52 9 37 41 39 15 0 50 2 51 8 24 42 44 6 12 13 16 28 2 42 42 44 18 24 45 2 36 48 15
run=2 seed=1 k=54 f=0
19 11 42 52 53 25 46 53 33 23 50 31 28 17 1 2 36 18 45 10 32 26 51 33 45 8 9 20 22 16 44 18 4 11 43 1 37 52 5 16 51 21 51 29 0 32 50 28 5 31 29 3 37 26 8 38 32 50 20 11 9 46 0 33 2 17 52 19 15 25 52 9 37 41 39 15 0 50 2 51 8 24 42 44 6 12 13 16 28 2 42 42 44 18 24 45 2 36 48 15
run=3 seed=2 k=54 f=0
24 37 44 35 18 52 0 35 49 16 3 16 43 51 35 45 38 45 38 0 41 50 17 53 38 1 26 37 20 51 34 16 23 12 23 24 21 7 29 17 48 7 6 32 33 41 51 1 13 8 6 23 13 53 42 39 23 43 16 41 27 5 46 26 34 32 43 2 32 9 45 0 20 7 47 53 26 53 23 0 9 11 1 15 17 18 27 0 52 2 0 31 25 2 8 53 50 13 31 52
run=4 seed=3 k=54 f=0
39 49 0 44 52 23 27 11 19 8 22 4 16 37 8 45 14 17 34 3 14 0 44 12 31 26 53 19 47 21 52 48 48 53 48 17 1 1 28 36 4 9 10 49 26 18 0 29 44 53 18 4 45 12 19 29 2 17 38 34 0 36 24 35 47 27 3 27 52 21 10 53 5 35 33 30 40 0 11 0 26 26 2 27 12 14 18 44 31 3 45 37 40 15 12 39 7 43 48 33
run=5 seed=4 k=54 f=0
25 50 3 26 53 49 15 17 32 47 26 12 39 8 38 23 10 43 33 45 44 38 42 33 27 2 34 42 31 10 28 53 0 0 43 3 10 4 17 36 28 53 47 53 53 5 39 32 48 29 41 48 3 31 25 18 36 5 29 12 0 46 26 32 51 53 33 23 1 17 47 15 39 0 8 23 0 16 16 21 51 11 34 16 49 4 2 26 17 16 21 42 8 49 22 32 9 0 5 12
run=6 seed=5 k=54 f=0
26 19 48 15 42 24 8 38 15 31 18 2 0 0 27 44 11 30 52 44 21 25 14 7 30 38 49 1 28 41 31 3 41 10 21 1 35 45 28 15 38 7 17 18 35 5 40 19 1 49 51 48 24 19 48 8 31 22 51 11 0 50 46 6 24 17 10 9 45 52 28 0 31 40 15 49 21 30 24 40 53 11 44 34 53 0 35 7 9 38 22 17 36 2 26 33 42 7 35 13
run=7 seed=6 k=54 f=0
9 43 13 41 44 18 53 41 30 44 34 1 36 17 0 1 29 48 3 24 6 2 52 30 40 35 24 10 43 0 12 21 4 19 53 53 29 8 4 31 11 43 49 51 5 53 9 52 22 0 30 2 49 38 10 41 0 50 17 33 53 47 25 26 34 18 9 19 14 13 39 20 42 10 30 29 52 39 31 19 0 53 28 18 24 5 6 22 51 36 23 13 32 37 35 36 1 43 49 27
run=8 seed=7 k=54 f=0
45 18 25 53 0 33 50 27 42 1 44 11 51 48 14 0 28 2 8 0 8 4 53 38 30 17 27 36 21 11 26 41 12 50 24 23 22 9 4 34 50 36 25 36 2 53 12 24 17 45 31 16 6 12 51 53 15 26 36 37 38 32 44 43 22 31 0 47 29 29 28 17 31 43 53 40 3 45 22 12 34 53 42 2 9 13 10 45 1 8 53 0 17 34 34 22 9 39 17 42
run=9 seed=8 k=54 f=0
44 38 13 27 9 1 52 8 48 0 31 11 0 3 31 0 24 34 27 22 46 52 22 4 10 27 20 34 13 45 9 34 18 21 5 51 53 25 27 28 0 32 29 37 53 3 41 42 19 30 53 50 16 9 14 41 43 34 2 20 0 40 15 30 27 6 43 38 0 18 1 37 25 43 53 20 46 51 52 38 53 21 34 26 16 48 10 40 44 43 11 30 7 43 2 25 7 14 1 26
run=10 seed=9 k=54 f=0
31 53 9 49 0 11 46 42 32 18 24 26 53 36 53 39 14 0 12 52 23 0 0 53 42 44 17 51 29 25 44 47 33 13 19 52 21 49 53 26 25 27 8 7 17 11 0 3 13 9 44 32 4 4 35 46 1 18 21 28 37 32 41 37 6 37 1 48 36 16 13 31 48 35 29 36 1 21 28 37 20 25 39 5 44 39 52 44 3 2 42 46 27 6 46 9 21 45 17 13
run=11 seed=10 k=54 f=0
30 41 25 35 53 17 5 6 26 12 47 47 0 0 21 1 6 0 35 41 14 28 7 4 16 38 10 37 22 48 9 35 30 28 52 34 16 37 6 26 23 50 18 27 53 37 4 10 18 43 20 25 16 44 41 7 27 21 50 52 29 53 0 15 16 26 20 43 0 7 10 42 30 25 37 1 28 20 52 42 52 31 2 50 44 4 39 45 53 45 21 11 53 1 34 0 3 16 10 34
run=12 seed=11 k=54 f=0
0 27 14 35 53 0 10 23 23 0 52 6 41 32 26 42 34 28 37 24 32 35 4 48 11 53 52 6 47 21 0 4 4 15 43 27 26 51 34 10 16 33 51 3 53 31 8 51 43 53 19 28 15 0 18 9 17 15 29 36 18 48 41 35 43 43 24 45 2 39 40 26 5 18 0 0 12 35 16 21 5 53 2 51 20 25 21 11 28 39 16 15 28 48 44 6 8 0 36 53
run=13 seed=12 k=54 f=0
26 32 10 28 0 10 17 41 49 36 47 20 36 38 25 45 39 37 11 22 8 5 0 39 6 4 53 14 20 17 0 50 11 53 19 53 28 3 20 23 2 20 33 51 22 53 44 3 36 5 48 14 51 38 51 53 24 50 44 13 45 7 2 41 29 29 28 30 29 36 43 31 18 2 53 40 12 32 18 45 5 52 9 16 22 44 22 14 2 11 22 33 40 42 53 19 4 0 35 26
run=14 seed=13 k=54 f=0
10 22 29 0 36 10 5 35 12 35 0 16 17 33 20 8 35 40 21 42 14 13 5 13 53 10 49 38 10 36 33 15 12 53 46 9 20 3 6 34 24 47 0 22 41 32 18 17 20 0 36 41 4 44 7 31 33 2 53 26 0 30 16 14 11 48 39 26 50 53 14 20 30 27 8 53 0 31 14 26 44 29 2 49 3 20 42 28 47 1 53 20 24 31 49 46 1 37 26 53
run=15 seed=14 k=54 f=0
44 50 1 36 53 45 11 47 23 0 16 16 53 48 44 11 15 29 51 34 26 27 15 6 40 34 52 40 0 8 35 52 30 27 29 8 0 53 7 17 24 46 45 2 24 9 47 4 39 25 11 22 3 48 33 53 22 12 16 17 0 34 3 42 39 38 21 39 8 19 14 48 10 3 32 34 6 50 15 28 40 26 48 34 32 27 0 7 23 22 33 49 19 3 33 12 20 5 1 13
run=16 seed=15 k=54 f=0
47 38 21 17 24 1 33 48 50 28 49 7 0 7 15 21 45 25 44 37 44 32 43 33 25 13 40 3 52 0 49 24 34 36 24 20 43 3 17 35 12 14 14 52 5 42 2 52 40 52 25 19 42 28 46 0 42 12 51 40 0 52 23 30 10 34 44 10 7 52 6 14 26 53 38 2 7 27 26 36 21 47 17 12 16 41 28 7 11 27 12 11 45 2 53 32 3 17 21 28
run=17 seed=16 k=54 f=0
30 48 32 22 9 35 19 33 51 27 53 41 14 53 53 2 25 10 28 3 29 10 53 32 26 46 29 52 53 11 31 34 0 17 35 19 39 40 13 32 8 53 24 35 6 45 53 9 44 35 11 4 41 25 41 33 0 19 51 10 38 48 8 23 37 44 1 48 0 0 53 17 23 51 23 28 44 36 18 0 36 5 29 37 22 14 17 45 7 8 1 19 42 40 41 17 0 10 13 23
run=18 seed=17 k=54 f=0
7 37 53 17 44 8 14 19 35 16 31 33 28 12 30 0 30 0 28 51 36 22 32 44 1 35 24 26 37 16 17 13 40 35 4 51 42 47 53 33 45 36 12 26 11 53 33 8 12 24 50 5 52 17 52 52 37 6 5 42 0 7 1 0 43 9 51 25 3 53 19 22 3 47 18 42 49 49 1 9 0 8 27 17 17 43 36 7 43 12 0 23 43 10 44 12 24 39 18 43
run=19 seed=18 k=54 f=0
34 43 36 25 0 47 19 4 38 27 34 15 0 14 35 1 13 36 41 25 29 27 9 13 40 42 53 17 25 52 33 23 18 34 0 51 44 52 30 28 3 20 39 2 46 17 9 26 16 0 10 25 46 53 6 2 49 1 33 42 43 13 22 17 9 33 32 53 43 22 43 0 51 5 9 35 51 39 53 40 7 2 25 53 5 39 53 50 40 0 17 47 50 47 27 15 1 19 15 14
run=20 seed=19 k=54 f=0
47 13 53 29 0 45 8 5 18 36 30 4 13 12 53 44 5 15 1 40 39 44 44 50 22 19 38 0 23 8 28 12 18 29 26 17 18 7 53 9 31 6 36 29 17 41 26 10 12 8 38 21 37 37 44 19 51 15 2 47 9 4 9 29 24 53 4 48 5 18 41 35 6 53 33 17 40 24 35 53 33 11 33 6 38 1 49 45 22 50 0 10 53 41 0 27 22 45 52 0
