run=1 seed=0 k=59 f=0
38 32 25 37 58 15 1 14 40 54 13 28 0 39 7 39 13 45 45 6 39 27 45 56 21 15 7 48 57 55 35 32 43 7 58 46 24 28 44 15 1 18 55 30 36 49 37 15 2 23 14 9 55 57 7 47 8 29 36 0 25 14 20 7 52 6 0 48 39 16 49 0 21 55 33 19 51 24 58 43 7 20 41 1 32 4 9 46 33 1 11 36 0 52 16 0 54 14 58 24
run=2 seed=1 k=59 f=0
38 32 25 37 58 15 1 14 40 54 13 28 0 39 7 39 13 45 45 6 39 27 45 56 21 15 7 48 57 55 35 32 43 7 58 46 24 28 44 15 1 18 55 30 36 49 37 15 2 23 14 9 55 57 7 47 8 29 36 0 25 14 20 7 52 6 0 48 39 16 49 0 21 55 33 19 51 24 58 43 7 20 41 1 32 4 9 46 33 1 11 36 0 52 16 0 54 14 58 24
run=3 seed=2 k=59 f=0
27 21 57 57 58 42 2 53 43 29 47 21 9 33 6 40 19 48 48 6 13 54 9 32 46 47 7 29 28 16 0 58 33 58 56 38 15 5 34 13 42 26 44 54 0 50 1 5 31 20 41 36 17 2 28 1 53 40 11 57 49 24 19 29 58 11 10 24 39 40 10 22 16 31 31 37 34 46 26 56 41 19 52 12 21 26 37 19 3 12 48 4 13 17 39 0 51 58 58 48
run=4 seed=3 k=59 f=0
4 53 19 33 31 44 58 42 2 58 38 0 49 28 6 36 31 51 23 46 39 30 43 8 16 38 20 45 2 26 20 19 24 0 25 46 9 49 44 51 52 2 51 6 58 34 3 29 47 26 42 8 57 26 14 14 0 7 6 11 14 57 35 34 33 17 17 23 55 55 11 0 3 11 46 12 42 58 57 13 25 44 24 23 12 17 54 21 32 48 37 58 22 37 7 0 13 35 40 32
run=5 seed=4 k=59 f=0
20 57 33 58 58 38 33 41 52 35 45 0 35 45 24 58 11 9 30 7 33 2 9 13 39 53 48 39 29 26 1 20 49 12 58 49 50 24 37 44 46 22 21 25 53 7 26 26 16 58 49 27 12 4 8 37 52 22 58 8 49 26 31 43 41 0 33 0 30 11 17 21 33 27 40 50 42 17 16 56 18 31 49 29 7 2 7 2 24 58 17 38 51 17 0 18 5 40 57 48
run=6 seed=5 k=59 f=0
38 1 19 22 58 1 18 57 31 57 3 33 28 12 10 41 6 44 57 3 34 10 46 40 56 21 9 57 34 39 12 24 50 25 46 48 33 17 10 45 15 21 20 34 9 52 9 19 19 18 22 52 36 1 13 40 11 26 1 1 25 52 44 55 26 40 57 15 53 49 7 0 28 55 40 25 57 1 51 45 19 17 36 52 46 31 47 18 58 43 26 0 34 27 29 1 11 31 2 4
run=7 seed=6 k=59 f=0
5 51 26 58 40 18 34 21 13 58 51 49 14 16 22 43 29 40 56 0 16 9 17 19 9 1 4 57 1 43 49 52 37 19 58 11 12 33 35 55 16 21 43 35 48 53 20 6 16 50 37 35 4 3 19 0 17 23 58 38 30 26 52 3 12 30 26 57 23 9 50 58 38 27 0 25 7 26 45 58 40 32 23 22 47 38 43 55 7 34 2 11 36 49 35 48 13 9 47 27
run=8 seed=7 k=59 f=0
35 5 20 12 49 36 18 49 49 16 6 0 40 3 5 28 11 57 33 11 27 37 0 11 46 57 47 7 46 28 3 29 34 49 39 25 20 23 11 11 39 47 31 23 33 57 56 41 24 8 16 56 25 36 57 52 39 38 8 0 13 2 22 40 24 46 16 0 14 34 40 58 37 26 21 40 54 19 39 31 21 31 15 51 0 6 0 58 48 29 38 0 58 44 50 41 58 19 27 13
run=9 seed=8 k=59 f=0
17 8 0 5 12 50 35 5 47 58 40 42 31 13 58 1 43 30 0 5 21 29 27 29 38 7 58 41 19 55 5 1 7 27 33 50 20 12 32 43 55 38 49 22 49 47 33 33 20 3 47 17 58 10 3 3 18 33 40 41 31 49 58 42 24 14 58 40 10 3 17 7 26 21 46 4 13 13 47 52 0 1 35 57 56 14 47 38 55 37 20 58 19 18 15 52 32 26 58 44
run=10 seed=9 k=59 f=0
16 54 22 55 0 19 36 16 34 24 53 13 0 55 16 33 6 26 37 30 39 26 47 18 8 36 44 16 13 0 43 48 52 46 2 0 6 48 24 15 13 19 53 13 30 23 46 25 2 55 1 33 50 55 51 17 13 58 47 37 56 39 28 11 3 13 21 10 38 46 54 56 26 1 30 32 31 7 1 58 38 24 36 38 58 33 11 8 43 1 8 49 0 37 38 22 28 25 37 25
run=11 seed=10 k=59 f=0
49 12 38 56 58 21 49 46 21 32 35 14 8 29 20 12 29 27 14 41 14 25 18 10 58 47 37 46 58 45 22 9 3 55 33 54 30 46 0 52 56 58 37 12 1 32 20 26 1 42 23 53 0 39 8 11 27 3 54 11 49 18 14 57 3 5 56 25 50 31 56 50 28 5 8 10 36 36 36 44 17 33 16 33 17 42 41 0 46 41 0 2 5 52 29 39 3 25 44 30
run=12 seed=11 k=59 f=0
56 50 30 56 58 19 53 21 25 13 53 48 45 49 43 34 4 6 17 42 14 46 0 4 21 5 27 13 52 39 0 37 6 51 12 5 44 6 26 15 12 16 57 58 9 8 22 21 21 39 0 34 55 2 55 36 1 5 8 31 28 18 42 58 32 54 42 48 5 7 37 49 28 39 20 42 58 57 1 23 38 47 1 14 38 1 58 35 11 21 49 29 28 50 17 0 36 29 23 10
run=13 seed=12 k=59 f=0
1 55 39 1 33 49 42 5 8 46 12 36 11 6 58 49 13 27 55 42 1 26 0 48 16 51 58 57 50 46 58 36 46 11 45 21 41 28 51 4 26 4 45 31 52 27 12 28 43 30 15 51 27 32 47 0 24 30 17 4 24 19 3 9 7 39 15 14 35 48 25 30 20 11 7 6 30 40 47 21 1 49 33 48 4 21 58 16 1 57 55 40 18 14 22 41 30 23 14 36
run=14 seed=13 k=59 f=0
14 34 17 50 23 14 43 4 32 58 2 58 18 54 0 33 22 4 15 20 7 16 58 25 10 18 24 24 0 41 37 11 22 0 10 23 18 20 4 6 50 49 54 45 4 53 32 15 54 50 24 54 26 53 28 32 12 47 1 13 50 42 35 50 49 41 28 42 39 14 56 33 15 38 58 25 29 56 7 58 44 40 11 5 6 5 22 40 36 14 0 32 46 36 26 33 43 26 39 9
run=15 seed=14 k=59 f=0
39 15 37 56 49 24 11 46 14 0 0 2 57 53 9 58 23 49 23 0 15 55 9 33 14 44 18 18 51 28 46 13 18 41 24 38 50 39 25 4 44 25 48 23 20 1 28 47 46 9 56 35 19 33 36 24 28 33 42 20 0 4 13 52 58 52 31 27 32 58 55 58 27 35 21 26 0 28 15 39 30 20 33 47 10 41 4 30 13 58 58 17 2 36 0 41 29 42 47 7
run=16 seed=15 k=59 f=0
37 18 8 31 11 58 1 13 2 31 7 40 30 20 20 28 52 20 25 58 58 16 57 21 50 40 52 58 37 23 17 35 26 42 48 21 8 50 0 46 26 1 32 30 0 56 5 5 38 49 5 6 39 20 35 1 13 14 50 40 33 51 5 34 7 58 55 25 48 2 12 15 24 9 41 42 45 51 12 10 23 22 44 58 37 3 32 52 55 12 13 3 23 58 43 47 48 39 0 53
run=17 seed=16 k=59 f=0
3 22 40 4 40 35 19 38 2 19 30 42 26 16 56 0 28 54 31 3 24 54 50 20 37 4 11 58 0 7 4 40 33 49 22 0 22 41 55 19 1 41 43 26 26 53 57 39 46 27 48 58 11 7 1 1 11 51 24 36 0 33 29 58 47 45 54 32 11 9 30 1 52 26 18 36 56 14 38 17 43 57 38 13 4 20 15 30 23 8 10 23 20 47 15 49 31 11 41 50
run=18 seed=17 k=59 f=0
58 23 0 58 29 35 16 39 52 14 19 41 0 21 52 43 11 51 34 52 46 36 40 10 45 42 2 33 42 8 38 41 29 4 25 44 55 41 47 31 1 11 13 31 31 8 24 23 0 6 36 50 17 23 47 45 52 29 24 58 20 13 40 49 37 52 57 3 7 9 9 57 37 26 38 37 20 10 1 54 33 54 29 1 47 44 16 0 56 58 33 17 56 18 16 58 10 17 14 26
run=19 seed=18 k=59 f=0
54 21 57 58 28 1 46 19 24 57 22 42 3 1 58 32 6 51 15 49 52 1 26 57 32 53 9 46 32 8 18 34 36 58 34 41 23 40 49 41 15 49 19 17 13 0 25 20 46 1 10 34 43 1 58 12 57 23 26 15 38 10 6 47 17 49 26 0 30 19 2 0 28 22 46 41 40 2 58 58 12 43 54 31 10 50 35 2 14 25 33 50 37 7 38 11 1 34 32 26
run=20 seed=19 k=59 f=0
51 19 0 10 44 34 30 40 52 41 40 58 13 4 13 31 19 46 21 14 19 32 27 18 35 18 3 39 34 50 37 26 43 13 9 51 55 7 48 32 11 22 1 25 43 15 33 19 58 16 28 58 48 4 20 8 37 55 47 0 35 20 28 36 23 7 33 8 23 26 54 55 49 19 2 58 45 5 57 54 0 38 29 38 46 54 14 58 3 48 24 24 57 54 12 53 7 40 0 28
