run=1 seed=0 k=56 f=0
7 1 9 34 17 25 10 17 22 55 41 4 21 39 30 14 23 45 44 1 48 0 22 37 30 26 54 54 33 43 30 42 38 27 45 23 0 0 51 2 12 45 21 7 48 41 6 44 51 47 45 52 4 36 55 10 46 18 36 14 7 20 4 55 24 33 54 25 17 55 12 0 30 17 42 8 55 20 19 12 0 53 44 26 6 46 4 0 20 15 38 50 34 21 35 36 18 55 46 39
run=2 seed=1 k=56 f=0
7 1 9 34 17 25 10 17 22 55 41 4 21 39 30 14 23 45 44 1 48 0 22 37 30 26 54 54 33 43 30 42 38 27 45 23 0 0 51 2 12 45 21 7 48 41 6 44 51 47 45 52 4 36 55 10 46 18 36 14 7 20 4 55 24 33 54 25 17 55 12 0 30 17 42 8 55 20 19 12 0 53 44 26 6 46 4 0 20 15 38 50 34 21 35 36 18 55 46 39
run=3 seed=2 k=56 f=0
24 1 54 20 21 2 48 21 33 55 40 9 0 21 0 19 38 53 47 0 6 11 45 11 39 3 28 0 30 23 23 48 51 53 17 12 32 4 24 29 29 48 40 34 17 55 33 26 18 3 12 16 32 6 42 25 30 30 4 45 46 42 15 33 20 20 45 55 55 30 53 0 54 37 12 10 55 13 54 9 18 41 9 31 47 53 31 53 3 0 25 45 33 39 8 37 41 10 9 41
run=4 seed=3 k=56 f=0
18 33 23 52 39 29 8 40 1 54 53 4 0 55 25 25 12 23 9 23 31 6 6 47 0 23 13 33 28 45 48 26 48 9 43 37 16 38 36 52 49 7 0 7 40 3 2 0 23 28 41 21 33 1 0 37 40 14 26 13 17 54 18 14 47 19 13 49 15 8 19 31 10 39 55 53 36 19 43 55 43 10 41 51 41 2 2 47 31 37 45 18 50 33 54 0 1 51 44 13
run=5 seed=4 k=56 f=0
21 15 4 18 45 9 46 6 20 9 41 41 2 53 19 18 30 53 41 13 25 17 21 24 7 38 26 10 55 52 34 6 0 1 1 1 26 52 12 14 43 55 40 26 12 35 46 50 32 55 43 15 27 39 37 48 22 47 0 29 1 49 53 30 33 23 47 53 3 10 51 47 6 0 31 26 13 38 5 41 20 11 43 32 22 48 25 55 55 0 38 9 31 49 40 37 55 31 1 49
run=6 seed=5 k=56 f=0
43 23 10 16 33 1 24 28 14 53 3 8 55 6 24 44 7 50 12 38 55 13 39 32 49 36 39 0 43 32 29 31 4 20 8 20 13 26 39 53 45 7 5 15 27 4 29 31 48 45 4 47 38 53 0 22 17 28 35 11 42 4 26 52 0 2 0 6 37 0 17 18 23 30 12 16 0 15 55 13 34 7 54 14 7 26 28 49 38 52 37 25 55 54 0 18 34 22 13 21
run=7 seed=6 k=56 f=0
43 7 0 27 38 2 46 0 55 42 0 35 34 54 0 54 17 20 39 34 6 49 12 14 21 19 52 20 5 46 0 10 32 11 36 8 42 10 51 39 37 14 2 2 41 14 51 46 33 34 34 20 8 26 11 21 38 50 30 24 55 0 55 23 8 18 48 46 13 14 27 51 47 10 24 37 48 6 11 25 41 17 2 50 37 40 42 48 19 28 0 51 29 7 32 30 16 29 53 55
run=8 seed=7 k=56 f=0
5 14 2 47 22 2 31 53 32 49 49 17 30 6 8 49 22 26 47 30 14 39 52 0 38 52 8 32 9 9 55 30 10 18 14 39 10 5 1 37 46 0 46 20 43 0 0 5 30 30 29 10 41 26 9 7 4 18 24 10 46 37 12 25 38 55 26 2 19 37 21 19 22 36 55 17 15 24 35 47 37 32 44 51 44 53 0 0 55 30 22 55 54 43 34 30 41 10 27 21
run=9 seed=8 k=56 f=0
43 24 0 53 55 31 46 49 10 16 15 24 17 22 31 9 9 14 44 5 39 46 17 46 12 15 40 1 55 46 52 0 28 24 53 8 17 27 42 9 36 2 15 49 54 35 47 44 37 25 33 34 43 55 44 27 24 50 4 55 9 31 49 9 33 34 5 0 6 46 42 39 29 4 17 6 40 55 55 26 0 27 55 12 18 10 18 2 1 21 0 44 35 5 31 23 51 17 17 8
run=10 seed=9 k=56 f=0
51 0 46 23 2 13 32 19 26 3 8 35 0 1 22 55 46 54 29 35 28 32 55 41 19 10 44 39 37 39 34 32 39 13 2 26 1 35 8 36 55 18 47 25 3 5 36 47 42 45 8 24 8 48 0 14 23 24 0 12 11 21 34 28 18 18 38 36 52 55 14 34 48 1 42 50 11 31 53 55 28 29 5 35 2 41 50 34 21 22 54 14 20 30 11 48 17 9 28 47
run=11 seed=10 k=56 f=0
9 0 54 21 18 41 37 47 19 8 55 29 42 21 8 21 0 14 23 52 27 16 5 13 42 48 1 35 28 32 33 23 23 4 28 0 43 52 9 8 50 49 30 11 37 4 53 12 37 26 41 23 10 28 53 0 18 5 52 34 0 55 41 45 6 14 36 53 7 46 43 27 21 51 33 15 7 42 1 55 19 55 18 51 28 55 31 55 5 49 43 39 51 52 20 39 27 40 18 1
run=12 seed=11 k=56 f=0
18 0 29 53 55 37 1 33 25 11 12 31 5 1 34 6 2 44 39 32 40 44 55 21 39 43 20 50 12 5 15 14 19 28 54 55 38 48 8 48 32 45 23 54 11 55 42 42 37 2 47 50 23 19 5 53 15 22 9 33 0 0 41 38 28 25 21 14 4 20 55 46 43 8 8 7 55 13 12 31 47 34 15 27 21 17 1 46 24 41 20 25 35 49 19 28 9 48 32 39
run=13 seed=12 k=56 f=0
14 7 42 13 55 22 45 7 9 0 5 37 11 26 22 23 22 51 50 44 16 24 24 31 38 37 28 48 55 49 40 54 31 31 42 31 4 23 36 47 0 55 0 53 4 28 53 0 48 21 25 33 49 16 1 33 35 12 13 13 0 44 22 16 23 39 18 42 15 9 15 55 22 3 36 9 31 12 10 2 45 38 7 36 55 34 55 47 36 0 45 16 39 49 33 28 54 2 9 20
run=14 seed=13 k=56 f=0
34 23 55 23 31 46 6 6 17 24 21 11 14 43 22 41 6 37 12 55 0 29 0 2 25 32 53 51 27 17 5 13 30 11 11 0 32 48 54 27 48 48 22 6 31 18 33 25 4 55 4 24 54 23 51 42 44 32 52 43 14 2 5 8 25 18 19 39 55 55 49 48 14 1 6 42 21 16 50 42 0 32 19 13 1 38 10 42 40 35 10 53 36 45 40 48 47 3 10 33
run=15 seed=14 k=56 f=0
43 37 55 18 45 44 10 34 48 30 51 36 16 22 31 9 19 2 7 13 37 41 20 38 28 38 50 44 36 43 55 6 41 23 8 41 51 39 33 11 54 34 3 1 34 14 52 33 1 0 19 29 40 0 37 30 52 39 18 17 23 16 37 11 43 23 52 53 9 14 40 48 25 27 1 43 43 3 33 25 50 25 54 6 16 5 8 55 45 28 8 0 55 53 1 7 28 47 20 6
run=16 seed=15 k=56 f=0
0 20 37 39 35 49 36 46 23 16 19 0 0 52 14 1 55 55 36 9 0 0 54 50 16 13 9 24 48 30 53 41 28 40 42 8 10 7 28 1 7 35 51 23 24 3 24 16 33 45 51 40 29 48 40 10 0 48 24 53 44 20 14 46 14 0 2 9 55 53 19 0 11 25 26 12 26 48 30 9 37 31 6 10 6 16 39 6 49 31 35 22 33 0 9 20 31 15 25 17
run=17 seed=16 k=56 f=0
14 7 0 12 55 34 45 55 7 1 53 1 43 31 41 27 30 40 13 19 47 46 19 22 6 53 20 19 2 12 55 8 29 37 31 45 13 44 33 12 18 4 29 13 41 41 19 45 34 35 50 16 25 55 53 15 7 43 51 11 0 2 48 34 11 53 5 8 24 28 50 28 17 52 19 29 22 8 42 11 50 33 24 41 32 48 1 10 8 9 27 19 2 7 52 35 25 1 35 34
run=18 seed=17 k=56 f=0
49 29 17 22 31 13 35 55 23 15 25 39 41 48 55 53 44 29 15 7 10 0 37 43 31 21 1 38 29 2 32 26 51 7 36 7 0 5 11 7 5 6 55 13 7 37 35 18 55 52 14 0 12 32 21 40 42 24 22 27 40 42 17 46 47 21 55 49 14 3 55 24 2 49 17 51 15 0 1 50 8 2 15 36 49 43 34 47 47 0 43 18 29 43 55 23 4 41 32 22
run=19 seed=18 k=56 f=0
38 25 9 27 38 46 40 15 12 26 50 53 24 17 24 13 19 34 5 51 18 16 19 3 33 55 19 53 36 0 33 9 39 26 5 0 42 52 35 40 28 0 32 27 28 27 43 32 24 9 4 8 42 2 48 39 7 11 21 35 47 19 45 35 1 54 38 0 0 11 19 52 35 9 55 13 49 21 47 13 2 50 11 49 42 3 33 2 1 54 17 45 7 0 45 30 15 37 28 55
run=20 seed=19 k=56 f=0
1 24 16 15 30 55 41 13 11 20 1 48 48 13 13 34 46 35 55 43 7 12 47 17 53 5 2 26 10 1 14 12 30 44 53 3 18 38 39 49 3 55 31 36 6 1 12 52 52 52 33 35 25 8 8 43 7 25 55 44 21 51 15 55 18 36 42 45 22 39 52 28 42 26 1 33 28 11 29 39 20 29 3 12 38 43 37 49 32 26 31 54 4 45 35 55 42 21 18 3
