run=1 seed=0 k=55 f=0
28 21 14 35 0 15 11 52 14 1 31 7 0 14 32 26 14 53 2 54 47 8 26 44 38 50 22 43 48 33 53 7 37 54 1 42 0 41 46 32 29 9 26 2 54 17 33 10 40 9 8 35 45 36 5 19 33 20 51 51 17 15 4 47 40 20 21 27 48 54 44 7 23 44 41 53 41 19 28 24 7 23 34 53 0 53 13 24 52 39 25 30 33 14 0 8 38 40 49 15
run=2 seed=1 k=55 f=0
28 21 14 35 0 15 11 52 14 1 31 7 0 14 32 26 14 53 2 54 47 8 26 44 38 50 22 43 48 33 53 7 37 54 1 42 0 41 46 32 29 9 26 2 54 17 33 10 40 9 8 35 45 36 5 19 33 20 51 51 17 15 4 47 40 20 21 27 48 54 44 7 23 44 41 53 41 19 28 24 7 23 34 53 0 53 13 24 52 39 25 30 33 14 0 8 38 40 49 15
run=3 seed=2 k=55 f=0
30 19 26 26 0 35 10 25 45 19 43 54 29 35 9 44 24 43 37 0 15 29 14 17 23 21 15 25 35 33 53 51 52 11 1 40 1 27 7 17 42 22 1 8 5 20 10 17 53 30 39 11 37 31 45 16 19 48 34 54 31 20 43 54 51 48 52 54 9 22 32 48 9 5 39 30 15 5 14 46 8 8 24 49 39 9 0 52 37 44 0 54 53 29 41 45 9 24 54 0
run=4 seed=3 k=55 f=0
11 0 18 20 27 50 4 5 26 19 15 0 49 49 14 11 15 10 18 5 8 7 53 23 38 21 40 0 32 32 18 39 46 54 46 27 46 4 5 30 24 33 17 12 27 18 11 34 27 2 24 40 11 18 18 47 51 45 36 44 36 31 39 9 25 38 34 19 38 1 20 1 33 29 54 1 8 20 25 0 42 41 53 47 49 1 3 43 46 8 53 52 26 31 43 48 33 53 1 26
run=5 seed=4 k=55 f=0
46 53 15 54 54 15 40 5 13 54 54 44 29 39 40 14 39 0 1 9 11 24 45 48 54 32 9 2 0 28 7 1 24 34 26 17 41 34 7 37 16 21 54 0 7 43 8 53 2 36 10 0 14 52 21 39 1 18 8 0 25 23 11 0 22 46 46 34 12 3 1 22 31 31 17 24 46 39 20 54 19 45 35 39 29 36 15 32 41 31 25 9 45 50 36 46 22 31 0 38
run=6 seed=5 k=55 f=0
0 10 45 0 0 42 33 23 53 16 43 36 27 53 35 25 48 11 17 24 41 30 4 0 11 30 48 46 34 37 17 22 44 8 44 44 0 36 50 35 38 52 0 19 31 3 34 54 1 8 49 37 10 33 53 53 50 33 21 0 15 16 26 24 3 53 8 54 9 48 7 18 22 26 23 39 7 38 43 42 54 17 34 21 2 19 46 8 10 23 25 14 18 5 54 29 34 0 6 0
run=7 seed=6 k=55 f=0
1 54 46 30 53 9 36 23 47 18 25 0 39 8 13 31 31 17 1 39 28 33 0 2 49 51 45 49 19 9 0 10 42 14 41 41 41 11 51 34 45 22 9 18 15 36 52 8 51 10 14 17 50 24 21 44 18 20 54 30 44 0 38 32 11 24 24 36 16 0 15 38 9 54 22 27 54 24 31 8 46 43 2 27 40 21 29 34 37 12 2 1 0 6 23 7 39 15 13 30
run=8 seed=7 k=55 f=0
37 29 19 26 0 36 6 40 50 17 48 1 54 33 16 25 14 42 30 15 37 38 54 24 9 7 16 8 48 37 34 29 10 17 1 0 1 38 21 23 7 14 24 20 32 27 45 47 0 25 3 46 27 36 15 10 37 41 47 33 53 51 3 10 33 54 51 11 28 30 8 44 41 51 43 6 42 37 40 21 0 43 54 13 0 14 17 8 32 19 8 37 54 51 0 22 50 9 0 7
run=9 seed=8 k=55 f=0
43 49 2 44 54 16 12 12 45 33 42 4 2 12 13 44 0 54 35 51 46 8 54 7 45 47 22 15 8 23 19 17 15 54 6 41 36 8 42 35 54 9 49 28 18 16 50 7 54 9 30 27 44 27 11 24 20 9 43 17 21 2 34 11 33 25 35 36 33 30 30 34 30 35 0 36 48 36 42 31 40 17 48 0 26 25 2 40 21 47 1 25 0 23 41 7 21 0 52 54
run=10 seed=9 k=55 f=0
25 36 45 19 21 7 51 20 53 10 14 54 53 41 7 30 5 45 1 54 0 30 31 51 7 49 1 3 12 24 15 13 15 47 3 1 20 20 1 54 32 0 39 30 2 1 18 23 23 49 10 26 8 9 14 53 31 45 2 41 39 54 23 54 21 27 23 48 45 30 41 19 35 30 54 23 46 52 8 22 31 52 32 48 36 34 10 46 0 37 32 50 12 44 12 13 0 36 7 38
run=11 seed=10 k=55 f=0
0 43 8 49 54 0 45 10 12 38 33 28 33 48 39 18 31 38 41 33 16 54 35 17 11 33 17 50 39 27 6 52 2 3 25 0 37 28 9 6 2 54 20 22 0 54 30 28 20 17 54 41 24 25 31 4 8 5 39 9 30 46 30 17 0 54 4 2 45 9 42 45 42 8 22 5 21 42 10 48 0 28 9 12 12 27 49 0 0 12 47 24 36 15 52 46 30 25 47 15
run=12 seed=11 k=55 f=0
21 32 54 18 54 6 32 3 29 0 12 51 7 4 10 54 53 0 28 23 16 54 27 30 41 35 27 28 41 3 46 0 19 0 46 16 42 15 51 23 38 26 46 28 36 49 33 45 3 52 50 20 38 17 53 29 39 12 12 41 0 8 22 18 21 6 14 30 22 23 29 11 18 42 40 11 34 35 39 16 0 1 50 12 5 35 40 32 35 31 24 23 15 30 45 46 1 47 7 54
run=13 seed=12 k=55 f=0
52 18 35 54 18 0 27 6 11 37 23 24 54 19 48 31 52 47 2 30 54 1 53 29 38 52 34 8 0 0 3 35 51 53 20 45 40 48 12 17 21 19 29 43 15 40 17 17 50 54 31 24 13 24 54 15 18 11 54 25 9 4 46 26 5 31 36 0 43 27 34 6 1 8 36 51 27 1 10 45 9 11 20 42 26 41 44 2 39 29 3 20 36 5 44 42 8 48 41 37
run=14 seed=13 k=55 f=0
54 6 17 1 37 21 27 54 24 15 36 44 33 19 22 23 42 54 39 34 16 26 39 16 26 41 15 48 51 46 54 50 50 4 16 23 15 3 21 30 27 7 32 2 0 26 0 30 15 49 40 24 13 42 2 8 52 4 20 32 46 33 13 31 1 9 50 3 0 9 51 10 25 32 54 17 0 10 26 19 9 16 29 16 19 50 40 0 47 2 41 37 39 29 54 29 24 54 14 44
run=15 seed=14 k=55 f=0
39 54 36 12 19 28 32 39 28 11 53 1 5 11 54 11 37 41 46 26 35 34 16 18 32 22 20 24 20 43 36 8 3 54 37 46 3 39 34 35 26 20 9 43 50 52 1 33 10 23 29 52 27 18 0 0 43 17 49 31 10 43 29 0 5 37 2 0 20 28 2 6 40 53 41 43 54 47 52 43 31 52 36 19 6 46 25 3 19 10 54 2 41 23 25 47 8 7 13 14
run=16 seed=15 k=55 f=0
18 0 47 50 24 5 27 13 13 1 33 42 1 7 46 8 49 11 49 28 40 40 6 51 1 50 33 18 11 54 15 5 30 45 40 33 0 50 53 13 40 48 0 16 31 3 9 36 52 54 32 30 42 37 34 7 9 39 21 24 15 23 30 24 54 18 24 6 14 33 5 40 43 20 0 16 28 0 41 36 20 18 46 10 26 37 36 8 24 30 41 43 54 18 15 53 41 0 51 54
run=17 seed=16 k=55 f=0
14 54 7 12 54 23 45 13 43 20 54 30 0 31 29 12 39 50 54 3 35 4 34 44 24 25 39 54 31 0 17 13 10 42 8 12 3 13 37 33 23 31 29 52 17 44 28 1 16 51 4 48 37 27 46 45 52 17 13 3 44 50 0 25 0 42 46 19 24 0 52 52 7 2 13 26 46 47 16 9 54 8 37 31 35 52 22 21 28 1 37 18 17 37 43 7 38 8 1 25
run=18 seed=17 k=55 f=0
35 1 54 2 3 19 48 2 53 8 26 25 18 43 40 34 40 39 52 22 34 54 36 15 0 3 53 20 0 28 9 1 24 54 8 36 26 1 18 1 31 0 46 32 23 46 20 42 42 0 49 51 26 5 37 16 22 10 35 50 20 40 10 13 8 44 50 11 9 54 43 7 51 11 28 31 47 13 9 33 54 30 2 10 29 31 22 13 12 7 28 23 2 49 45 46 21 27 28 41
run=19 seed=18 k=55 f=0
32 10 3 47 39 8 3 39 42 23 21 0 9 23 48 28 31 54 51 8 54 45 46 8 52 41 31 42 15 25 40 1 21 1 36 2 48 13 18 7 39 2 37 3 15 34 31 7 37 15 0 22 47 35 23 54 17 18 23 39 17 9 26 54 44 45 15 6 29 0 39 30 54 22 25 24 24 34 37 53 0 52 9 43 52 32 30 10 15 6 50 43 15 7 37 31 20 0 43 30
run=20 seed=19 k=55 f=0
51 6 54 32 8 50 41 6 2 54 5 44 10 41 24 42 0 24 33 28 46 32 45 38 13 1 13 54 39 38 1 8 49 27 11 32 34 21 22 21 52 17 46 52 3 3 22 20 39 0 23 50 37 13 1 22 1 53 7 41 32 2 36 16 18 47 35 19 15 53 39 32 47 4 40 48 45 7 15 54 30 10 30 14 38 17 53 16 16 24 13 16 0 2 25 0 32 7 8 23
