run=1 seed=0 k=63 f=0
1 25 9 61 50 18 10 10 0 10 23 4 39 13 41 48 24 36 16 37 16 35 0 51 6 26 26 40 46 19 0 0 45 62 59 2 18 48 58 16 15 10 54 57 41 31 41 2 2 57 16 20 29 8 25 9 46 26 22 19 26 27 32 33 58 26 40 36 60 61 54 62 9 45 9 51 32 14 51 16 7 11 33 35 52 39 42 33 59 1 33 60 26 0 55 1 47 5 39 56
run=2 seed=1 k=63 f=0
1 25 9 61 50 18 10 10 0 10 23 4 39 13 41 48 24 36 16 37 16 35 0 51 6 26 26 40 46 19 0 0 45 62 59 2 18 48 58 16 15 10 54 57 41 31 41 2 2 57 16 20 29 8 25 9 46 26 22 19 26 27 32 33 58 26 40 36 60 61 54 62 9 45 9 51 32 14 51 16 7 11 33 35 52 39 42 33 59 1 33 60 26 0 55 1 47 5 39 56
run=3 seed=2 k=63 f=0
60 46 27 17 0 62 27 50 49 7 12 36 0 21 26 0 38 45 12 32 8 23 0 53 46 10 3 46 45 51 30 59 34 57 59 19 22 21 12 62 50 47 3 41 19 59 42 25 39 52 12 38 11 31 36 57 59 61 11 61 46 42 36 62 33 27 52 56 50 62 53 37 47 54 15 3 14 62 59 54 7 20 61 53 37 9 45 38 5 14 32 26 16 5 10 33 34 1 27 21
run=4 seed=3 k=63 f=0
8 22 62 42 53 61 7 56 1 52 49 4 36 60 19 17 6 30 58 30 27 59 13 56 40 1 14 50 28 55 61 24 49 59 44 40 31 38 37 45 13 6 10 49 25 52 8 8 26 61 53 48 25 3 16 2 51 8 23 16 1 46 19 35 40 32 13 40 37 62 5 50 59 53 34 6 52 40 25 0 43 17 53 0 21 23 33 8 7 14 27 62 29 26 0 13 43 16 30 15
run=5 seed=4 k=63 f=0
52 0 35 1 38 58 7 14 9 2 26 12 61 8 62 12 37 25 6 20 56 56 6 18 32 44 49 1 52 13 36 26 7 28 52 12 57 31 17 0 50 27 16 26 52 0 62 22 39 53 42 52 43 46 16 0 36 39 30 25 16 36 54 21 54 44 33 8 10 48 44 42 45 35 2 34 2 52 15 11 29 35 8 25 62 22 18 30 62 9 39 42 35 33 61 25 12 31 36 20
run=6 seed=5 k=63 f=0
43 37 49 9 14 19 51 15 51 3 51 29 27 43 0 44 24 57 51 17 23 32 8 20 3 29 1 28 35 28 60 3 4 53 12 20 11 27 22 60 32 20 22 57 62 0 37 9 10 59 15 36 45 62 31 60 10 32 2 48 40 37 34 0 35 28 19 6 17 50 1 39 23 45 31 20 42 21 0 53 12 56 26 4 37 54 46 62 41 60 12 46 0 45 17 57 27 8 16 2
run=7 seed=6 k=63 f=0
0 19 49 32 48 59 53 0 1 49 3 10 51 9 62 62 16 48 13 34 27 59 59 21 43 60 39 52 5 8 0 59 20 32 55 0 4 60 48 11 37 42 37 51 3 27 9 25 45 31 57 7 29 40 41 14 10 50 4 21 11 14 24 27 27 60 36 37 30 20 7 15 61 20 3 13 23 12 25 35 59 38 19 36 41 47 51 40 33 53 39 42 5 34 38 56 43 43 52 15
run=8 seed=7 k=63 f=0
45 9 55 22 31 60 54 5 60 7 5 10 13 48 22 60 37 47 8 33 62 37 45 56 7 4 37 18 0 15 47 55 3 34 15 61 42 47 21 16 16 20 8 27 2 53 17 40 26 52 17 25 36 0 31 60 1 53 45 35 40 11 27 23 31 42 54 49 47 9 8 62 41 0 0 24 6 10 62 30 62 21 51 35 0 4 1 55 61 44 26 16 54 52 34 16 62 23 6 55
run=9 seed=8 k=63 f=0
52 62 30 53 9 30 25 44 42 18 22 21 40 38 24 51 6 7 27 19 17 1 48 4 62 19 61 14 34 23 0 14 35 0 11 61 7 57 40 10 50 60 7 28 39 24 8 58 59 52 19 26 13 22 23 39 59 43 48 28 32 58 34 2 33 40 61 1 32 41 2 18 35 39 62 6 28 6 1 19 56 40 53 6 41 3 26 50 44 43 0 13 24 48 11 56 44 13 59 49
run=10 seed=9 k=63 f=0
58 44 35 58 16 20 37 17 16 10 38 34 6 62 1 15 62 46 10 49 32 3 49 57 30 17 9 0 54 16 19 1 6 62 43 62 26 49 57 8 19 55 40 25 0 40 44 34 49 53 29 43 28 35 52 28 0 23 18 1 61 44 21 60 60 23 52 53 13 47 32 21 4 0 38 8 48 25 4 34 14 23 12 14 43 48 43 26 30 0 33 28 54 58 8 7 3 39 28 61
run=11 seed=10 k=63 f=0
13 20 0 35 62 62 54 58 45 5 11 15 9 19 6 28 5 0 44 3 27 43 52 48 60 56 43 2 25 26 0 44 15 46 14 24 55 19 30 8 25 41 37 40 43 50 49 57 1 15 29 21 47 38 32 27 9 12 17 41 43 16 23 61 62 35 29 1 52 52 26 12 51 24 35 20 50 38 7 60 16 10 37 58 24 48 47 18 61 0 57 41 16 28 34 13 48 61 55 35
run=12 seed=11 k=63 f=0
50 23 15 35 51 4 38 16 32 46 47 57 52 52 0 60 56 28 29 6 21 5 46 56 32 8 43 50 1 54 16 49 40 20 22 27 34 56 43 55 25 45 61 1 60 22 54 14 24 36 59 4 23 2 18 14 54 22 47 9 39 13 26 33 7 16 42 30 56 61 22 8 38 18 15 55 8 0 61 62 42 50 1 6 25 52 33 27 10 48 0 12 35 7 1 9 42 41 27 35
run=13 seed=12 k=63 f=0
53 23 34 46 62 30 43 18 58 0 8 9 53 30 12 58 60 37 2 58 48 62 51 4 24 37 24 16 15 17 30 5 38 45 49 43 10 42 29 5 52 18 3 18 11 0 11 0 27 53 40 44 0 37 61 35 15 41 21 30 20 21 55 59 30 62 9 34 47 40 22 41 36 56 28 45 46 32 45 7 38 38 54 1 40 62 13 54 2 53 21 26 25 1 1 6 9 26 44 62
run=14 seed=13 k=63 f=0
54 20 0 58 62 6 20 8 17 51 21 15 28 24 19 62 19 49 20 44 47 61 37 44 18 46 25 42 38 10 8 6 30 8 26 0 50 58 41 61 55 36 24 33 62 26 25 54 11 61 4 42 57 26 37 44 7 61 53 10 11 17 37 45 11 39 12 0 34 33 56 27 58 36 53 56 0 23 50 51 62 34 2 13 0 18 24 3 47 14 34 6 15 9 54 25 29 3 17 16
run=15 seed=14 k=63 f=0
22 13 6 18 47 2 38 2 39 61 44 34 31 50 14 3 44 43 13 62 20 31 60 24 31 37 52 18 14 42 60 34 7 54 50 41 28 25 47 53 24 45 24 2 36 36 53 48 57 24 47 16 39 38 42 2 31 21 60 16 6 61 13 29 10 1 18 28 12 36 5 48 18 61 56 50 1 26 33 52 23 17 35 61 59 54 48 26 3 58 7 4 41 42 20 62 38 43 10 8
run=16 seed=15 k=63 f=0
38 44 30 44 9 6 58 30 37 49 40 25 21 59 0 15 18 34 8 28 36 14 49 24 0 4 14 39 59 57 11 43 34 1 60 22 61 56 13 35 7 30 62 37 40 15 31 25 52 40 10 4 61 28 26 3 51 15 42 13 46 51 21 21 28 59 44 24 31 62 57 14 60 53 30 51 2 62 17 51 36 38 12 24 46 16 21 21 0 2 3 26 54 14 6 55 54 50 47 43
run=17 seed=16 k=63 f=0
54 60 39 40 0 26 37 10 42 6 18 50 51 3 9 51 54 4 6 12 46 31 21 36 62 52 13 16 35 54 13 43 49 43 31 47 23 58 13 58 62 36 22 44 47 44 28 3 62 61 15 31 43 34 18 42 45 29 58 19 17 5 62 6 18 0 19 59 10 34 44 0 41 62 52 53 29 62 38 4 61 5 24 28 25 51 36 62 7 1 37 26 56 22 30 26 45 50 49 22
run=18 seed=17 k=63 f=0
7 22 38 2 22 26 19 27 35 42 32 16 48 48 33 38 9 36 51 59 11 62 2 41 8 17 46 56 42 62 57 38 22 18 28 51 62 53 6 15 22 10 25 32 18 34 61 0 54 24 42 4 33 31 32 39 46 21 8 2 60 44 36 10 61 36 60 51 21 1 55 31 9 56 45 54 28 32 1 0 62 44 29 62 12 43 15 53 40 2 15 24 45 13 53 39 31 11 43 16
run=19 seed=18 k=63 f=0
52 21 44 43 17 55 1 13 47 10 43 13 62 50 51 8 43 62 5 34 57 16 27 31 0 13 32 52 51 61 29 9 4 27 19 24 35 3 0 55 18 15 3 27 18 29 53 41 2 0 30 39 53 46 6 51 49 22 42 40 0 58 13 35 8 33 38 25 30 31 43 9 28 23 8 62 1 21 60 22 37 1 60 45 0 3 26 40 49 5 61 16 61 37 53 45 5 46 14 7
run=20 seed=19 k=63 f=0
38 32 25 40 33 6 35 30 10 33 50 49 54 34 44 0 13 28 55 14 9 26 5 0 22 23 0 22 60 42 31 41 9 42 18 41 53 46 3 45 31 47 16 57 48 52 25 62 15 13 12 23 41 15 12 0 56 31 10 58 0 62 36 57 61 49 49 49 58 55 31 34 42 59 15 19 21 53 8 1 37 18 55 47 31 46 46 24 4 30 2 8 8 26 14 62 0 0 25 14
