run=1 seed=0 k=51 f=0
9 15 50 9 50 40 32 2 1 41 1 17 19 29 27 33 21 2 22 2 21 9 0 40 14 7 48 15 29 20 7 14 39 44 43 8 25 11 38 14 29 43 0 38 9 37 17 6 21 33 34 38 27 9 25 35 11 33 49 25 0 0 21 41 40 0 50 9 42 41 48 25 33 26 15 21 35 22 11 0 12 26 5 47 49 18 15 7 44 3 50 46 28 2 32 33 25 48 36 50
run=2 seed=1 k=51 f=0
9 15 50 9 50 40 32 2 1 41 1 17 19 29 27 33 21 2 22 2 21 9 0 40 14 7 48 15 29 20 7 14 39 44 43 8 25 11 38 14 29 43 0 38 9 37 17 6 21 33 34 38 27 9 25 35 11 33 49 25 0 0 21 41 40 0 50 9 42 41 48 25 33 26 15 21 35 22 11 0 12 26 5 47 49 18 15 7 44 3 50 46 28 2 32 33 25 48 36 50
run=3 seed=2 k=51 f=0
27 7 31 41 0 24 10 5 44 9 38 15 0 2 29 46 2 0 0 32 23 13 0 20 49 22 49 31 50 14 41 29 42 12 0 26 22 27 50 32 11 28 21 44 39 25 35 0 0 17 50 14 48 37 48 32 41 42 3 0 9 3 6 46 37 45 31 34 25 50 2 9 6 32 17 0 16 21 12 34 8 11 25 38 50 48 45 38 19 17 50 41 40 6 22 43 17 22 13 22
run=4 seed=3 k=51 f=0
19 33 48 45 50 19 49 50 45 1 47 4 2 31 21 15 32 38 28 7 15 12 1 3 19 22 13 7 47 41 33 40 43 35 12 40 25 26 10 48 22 50 2 50 36 16 23 49 29 50 41 19 44 45 12 36 9 46 44 31 41 1 21 17 31 9 4 7 22 0 17 11 0 29 33 34 17 29 41 25 38 40 50 2 0 5 6 9 21 27 15 7 42 7 26 27 9 1 36 11
run=5 seed=4 k=51 f=0
17 36 0 3 50 34 10 50 20 42 47 40 0 47 14 0 39 49 15 23 20 1 10 5 33 19 15 50 7 17 50 50 50 9 43 25 26 0 35 33 4 7 16 28 39 35 34 16 37 50 44 12 24 17 19 23 42 10 50 16 41 44 30 28 3 2 3 32 11 0 38 22 0 25 26 0 15 33 9 30 45 47 30 24 25 49 15 34 9 14 7 22 41 6 48 7 6 42 42 38
run=6 seed=5 k=51 f=0
16 22 50 0 0 43 11 39 10 24 5 8 34 24 26 27 31 37 49 32 8 28 8 48 1 11 49 0 41 15 23 0 49 12 39 50 50 1 8 37 15 41 19 46 41 2 41 20 41 0 30 46 11 20 48 12 30 44 3 33 41 33 47 0 17 9 0 31 48 50 4 21 27 27 14 35 6 7 37 50 17 26 35 8 33 6 47 34 15 48 15 26 41 4 32 20 39 17 8 0
run=7 seed=6 k=51 f=0
0 40 25 50 0 36 21 14 45 15 4 16 21 47 17 43 39 27 3 37 43 44 16 19 5 41 42 28 27 0 30 24 6 7 5 40 19 25 12 20 6 0 50 27 34 42 23 36 37 50 48 5 49 36 49 26 29 14 1 31 9 50 41 8 33 9 15 35 12 50 39 43 13 0 29 10 46 49 33 12 3 5 22 13 20 20 48 37 29 50 1 18 0 45 50 23 31 18 10 40
run=8 seed=7 k=51 f=0
0 18 2 18 9 9 23 47 27 0 9 1 11 15 23 16 21 29 11 48 29 1 50 5 40 40 40 4 28 10 45 50 49 50 50 50 33 45 19 7 13 26 39 31 15 4 40 39 23 8 10 3 32 42 26 15 3 29 48 32 50 8 24 41 9 26 24 41 44 0 24 32 35 49 35 34 0 23 2 38 50 3 40 50 12 32 31 43 46 44 21 14 31 16 25 17 30 35 38 20
run=9 seed=8 k=51 f=0
26 32 10 8 50 50 15 37 37 0 35 44 17 1 28 47 20 22 3 47 34 13 0 25 18 27 1 8 39 27 42 44 43 22 44 39 31 7 9 37 27 24 0 10 42 15 8 0 44 49 13 5 30 40 2 23 44 38 36 16 0 0 16 19 6 22 18 23 4 41 34 33 29 35 8 33 10 17 37 0 26 0 19 39 41 21 50 19 10 50 27 6 32 35 50 14 4 13 49 50
run=10 seed=9 k=51 f=0
42 15 0 1 0 30 41 32 36 23 22 47 48 43 35 22 50 12 10 1 29 45 10 15 49 1 36 40 20 42 16 27 6 10 26 41 48 16 17 26 12 31 3 10 19 46 50 50 38 15 32 5 24 2 46 31 20 27 13 32 50 36 28 50 26 2 35 41 8 9 32 37 29 22 22 12 0 30 24 9 29 20 0 22 0 9 50 43 11 36 7 3 17 45 28 16 6 32 37 37
run=11 seed=10 k=51 f=0
7 13 38 41 0 27 38 12 27 8 50 50 36 12 26 34 13 4 44 1 8 40 29 13 34 5 33 50 42 45 10 23 48 6 46 41 15 16 0 35 33 21 34 23 9 33 25 18 29 0 23 46 3 27 46 15 18 15 47 50 41 46 43 1 23 14 38 31 7 50 29 50 23 17 14 50 0 40 50 50 19 13 42 40 0 0 5 34 10 0 33 8 25 4 20 20 47 31 16 27
run=12 seed=11 k=51 f=0
36 30 43 43 50 10 47 29 16 47 49 16 33 23 15 40 2 36 12 4 21 34 17 14 31 5 1 50 49 36 10 41 24 12 33 17 20 25 47 37 16 50 17 42 26 22 26 33 16 8 5 45 23 33 4 43 8 20 0 34 0 4 39 9 22 40 14 9 9 28 18 50 42 25 41 1 26 17 33 17 40 45 36 47 0 49 8 7 28 30 0 8 24 3 0 35 21 50 47 1
run=13 seed=12 k=51 f=0
3 16 9 16 50 0 50 12 36 27 21 36 2 16 33 38 18 45 38 31 19 9 44 1 49 2 6 50 25 37 28 9 3 12 43 10 21 13 42 38 50 11 22 44 32 0 35 27 0 19 34 35 44 30 4 29 3 9 43 50 41 2 35 0 25 44 27 27 36 0 30 17 13 27 13 13 40 17 8 50 9 7 50 23 43 31 15 25 42 48 1 35 1 22 24 7 48 25 30 17
run=14 seed=13 k=51 f=0
49 5 20 5 0 29 18 19 45 37 47 35 0 41 14 0 35 13 49 8 8 6 11 5 17 5 23 26 50 0 21 21 41 38 0 20 50 22 43 1 0 7 12 27 42 42 29 17 13 0 15 12 48 16 24 30 48 21 40 50 22 31 21 35 0 43 48 31 22 50 34 28 32 47 37 32 42 6 18 28 16 6 50 42 33 20 21 29 41 25 11 6 49 25 50 43 28 35 10 36
run=15 seed=14 k=51 f=0
24 17 27 50 50 37 33 38 12 24 48 16 26 12 14 17 34 28 16 50 8 36 12 27 42 6 43 43 41 5 37 8 3 7 46 50 33 49 1 18 42 9 49 22 0 20 41 31 23 32 44 4 15 24 50 15 11 34 41 15 41 49 30 40 7 9 37 32 8 0 44 34 42 3 26 3 19 50 2 0 11 13 0 35 21 23 29 34 6 50 1 29 0 38 49 20 6 26 29 47
run=16 seed=15 k=51 f=0
1 34 19 35 0 48 13 33 29 8 46 17 0 26 37 35 15 42 29 13 43 23 0 3 35 48 4 9 7 7 29 38 4 45 0 0 15 48 32 45 50 7 29 1 27 49 33 25 15 50 46 39 49 24 24 6 1 48 18 42 29 4 38 50 49 15 14 20 35 50 18 12 36 26 14 17 46 16 41 21 36 5 28 9 50 0 40 22 0 0 21 27 0 24 41 8 25 4 6 13
run=17 seed=16 k=51 f=0
12 6 33 34 50 50 19 10 47 38 24 44 37 39 13 46 35 25 30 24 7 0 50 29 14 14 5 3 50 0 8 1 4 17 40 9 24 31 50 23 28 30 44 50 41 41 25 11 47 0 21 15 47 39 15 9 11 8 50 50 41 10 30 15 36 44 33 32 16 0 44 5 32 14 26 8 44 27 6 24 13 2 18 31 50 10 28 34 5 0 17 30 37 45 24 20 45 19 49 0
run=18 seed=17 k=51 f=0
22 0 50 47 50 29 25 37 2 35 48 37 0 35 13 1 7 0 48 1 7 35 16 5 47 2 10 49 43 37 23 18 49 17 50 0 27 47 50 15 32 44 12 11 42 10 27 9 10 45 46 32 9 39 37 3 37 21 50 19 28 10 0 8 31 13 42 19 18 0 10 32 1 20 36 36 37 34 20 15 30 1 44 15 42 4 19 21 25 0 8 21 26 26 25 42 30 39 48 50
run=19 seed=18 k=51 f=0
23 34 50 34 50 4 0 45 42 35 32 13 0 9 26 0 6 41 6 50 7 3 8 48 25 18 24 50 34 1 16 14 48 28 49 18 21 10 33 38 48 35 23 45 17 2 9 7 22 50 47 24 9 43 14 49 47 13 35 1 41 6 11 26 8 41 34 32 12 0 48 32 45 50 13 27 28 34 22 42 21 17 40 5 19 45 28 34 0 44 26 11 40 38 41 19 14 32 50 50
run=20 seed=19 k=51 f=0
50 20 40 19 50 31 26 46 48 35 16 37 50 9 13 6 15 12 7 34 42 9 49 3 28 19 47 36 22 15 18 31 2 21 27 2 44 1 50 42 41 28 28 45 23 12 18 13 25 27 1 33 1 13 2 45 5 23 18 44 28 0 42 30 40 50 34 19 32 0 4 10 48 2 36 50 4 27 0 40 31 21 12 28 50 40 31 21 37 43 10 0 1 46 3 7 11 39 31 10
