run=1 seed=0 k=60 f=0
10 46 57 34 59 55 10 40 42 1 24 14 21 36 23 46 0 23 44 16 0 46 27 9 2 9 2 0 43 34 1 42 42 38 29 27 6 21 31 7 9 39 21 59 49 35 38 31 59 59 24 47 31 20 31 32 2 50 41 46 42 54 44 7 56 17 46 8 15 33 24 39 42 45 50 2 14 22 3 51 7 48 36 38 8 24 3 6 14 16 12 26 56 0 17 17 0 31 54 59
run=2 seed=1 k=60 f=0
10 46 57 34 59 55 10 40 42 1 24 14 21 36 23 46 0 23 44 16 0 46 27 9 2 9 2 0 43 34 1 42 42 38 29 27 6 21 31 7 9 39 21 59 49 35 38 31 59 59 24 47 31 20 31 32 2 50 41 46 42 54 44 7 56 17 46 8 15 33 24 39 42 45 50 2 14 22 3 51 7 48 36 38 8 24 3 6 14 16 12 26 56 0 17 17 0 31 54 59
run=3 seed=2 k=60 f=0
30 37 13 59 20 18 10 57 33 27 22 39 11 53 59 9 48 29 27 34 0 32 29 35 5 31 50 29 38 48 35 57 22 20 41 36 52 57 33 17 17 26 38 24 40 53 45 54 41 55 21 52 43 0 30 57 29 43 44 5 46 42 54 2 16 12 59 36 4 29 42 20 50 5 6 19 3 37 41 59 28 53 34 57 15 42 3 38 8 11 17 0 45 34 56 12 49 4 1 20
run=4 seed=3 k=60 f=0
6 0 48 0 45 40 12 17 9 45 58 46 22 19 36 45 59 55 24 48 14 42 58 18 42 47 21 37 15 20 34 34 57 14 21 1 29 38 10 26 50 15 52 7 28 7 21 52 0 12 59 50 59 57 8 17 5 5 26 33 55 1 31 11 43 52 13 2 28 23 50 2 41 32 8 49 42 0 35 1 53 14 37 17 19 26 6 0 31 33 57 25 6 28 38 30 25 43 36 9
run=5 seed=4 k=60 f=0
1 23 35 26 42 37 45 45 8 58 44 54 20 44 24 0 45 1 21 29 0 2 49 39 57 58 19 22 0 42 44 29 4 56 19 39 48 30 23 56 1 59 36 35 19 11 26 41 12 48 40 28 37 7 17 52 6 0 15 17 16 37 27 12 33 11 10 59 27 7 9 28 6 10 33 42 13 32 3 53 33 59 47 52 50 53 25 56 37 51 3 24 13 54 2 50 59 55 45 6
run=6 seed=5 k=60 f=0
24 18 30 12 59 52 20 9 33 12 10 28 0 3 43 44 40 58 28 33 14 24 39 33 51 20 43 13 47 7 52 27 4 28 39 1 20 51 10 52 58 33 53 45 15 3 32 35 1 23 33 18 45 36 34 33 31 23 47 42 23 53 41 47 13 48 53 38 41 32 10 2 47 3 0 14 13 58 13 59 20 27 57 6 48 18 40 8 18 56 58 32 3 19 59 51 54 38 41 27
run=7 seed=6 k=60 f=0
3 25 50 30 8 5 46 59 22 0 35 52 45 53 21 2 59 12 36 3 53 42 41 8 21 11 23 12 17 15 55 14 32 39 36 9 48 11 0 59 51 18 5 42 59 56 39 58 9 18 54 35 24 27 34 53 58 57 13 48 39 8 18 6 39 54 26 16 1 30 11 0 19 41 47 24 38 46 7 30 2 53 22 18 20 56 2 59 44 34 29 42 29 57 32 0 37 25 13 11
run=8 seed=7 k=60 f=0
57 39 15 31 0 18 26 12 0 13 35 59 18 6 31 0 58 50 56 36 17 14 24 44 12 20 39 58 37 31 33 34 13 29 6 54 20 50 13 52 24 59 38 28 36 47 0 37 5 45 12 42 6 41 25 55 57 26 0 35 59 50 6 4 12 29 40 25 23 9 45 53 16 7 51 21 46 19 50 0 28 3 31 0 4 49 22 43 56 14 24 6 47 22 46 37 30 18 3 53
run=9 seed=8 k=60 f=0
16 24 31 29 59 13 48 59 57 51 7 21 28 47 50 45 31 58 45 17 0 42 49 23 40 27 0 30 56 3 59 50 20 7 37 3 14 9 56 10 0 36 23 57 19 46 59 38 29 29 47 10 19 24 20 51 0 27 9 37 22 34 40 41 33 11 10 45 18 13 38 10 40 40 30 6 43 51 22 4 14 47 0 59 2 59 22 41 56 37 21 25 57 1 59 36 0 36 44 50
run=10 seed=9 k=60 f=0
55 14 45 7 49 36 59 37 2 46 16 43 19 49 35 35 37 0 46 4 41 1 57 45 39 14 24 21 49 9 39 58 40 57 43 27 8 55 33 44 27 53 9 25 34 34 54 3 49 37 28 32 46 46 19 22 1 14 45 9 25 17 51 1 6 1 34 59 56 8 41 15 8 53 17 54 0 12 58 28 58 23 57 47 43 19 13 57 36 1 18 10 30 28 22 0 39 21 1 6
run=11 seed=10 k=60 f=0
55 28 19 5 30 52 46 31 41 9 23 25 45 29 44 1 0 58 11 48 21 4 56 28 22 8 12 39 28 6 57 23 27 28 20 45 46 55 33 32 43 30 48 57 11 18 17 58 11 59 38 2 23 56 41 37 33 33 20 0 7 10 17 48 0 36 44 51 54 58 6 0 17 41 15 7 14 46 3 6 52 24 54 7 20 27 44 0 1 58 27 41 11 37 35 38 0 54 10 36
run=12 seed=11 k=60 f=0
36 13 58 5 56 55 1 1 29 56 20 36 5 41 42 49 1 48 43 48 10 4 37 43 30 35 26 38 39 0 25 46 58 23 52 15 6 45 16 40 28 37 16 58 16 49 48 0 33 25 55 14 59 32 23 49 59 22 38 34 27 58 46 47 13 1 4 36 42 18 4 6 47 17 2 23 53 15 16 18 30 46 55 27 31 25 25 34 9 14 6 59 59 13 24 48 2 32 12 47
run=13 seed=12 k=60 f=0
20 41 14 1 44 15 29 9 53 25 58 9 0 11 23 0 47 35 47 40 17 12 0 34 18 52 59 29 30 7 44 1 12 17 10 7 10 39 32 21 18 30 49 45 38 38 34 57 48 43 56 37 20 56 5 34 19 56 55 16 7 44 1 29 1 53 36 28 0 34 58 59 30 44 53 51 23 46 30 11 59 10 40 33 22 26 19 0 14 5 58 20 40 4 49 59 4 17 41 52
run=14 seed=13 k=60 f=0
30 41 27 38 41 4 35 35 29 11 46 19 23 23 53 44 57 28 39 54 17 6 49 26 33 4 46 57 47 19 2 3 30 36 17 27 28 49 54 40 12 34 0 14 38 17 46 22 57 58 18 46 15 8 7 37 12 44 23 36 32 18 48 58 41 17 41 3 18 9 22 12 15 56 24 26 41 8 50 9 30 1 50 1 50 50 30 0 25 39 1 0 29 3 2 59 8 3 50 54
run=15 seed=14 k=60 f=0
40 34 22 42 0 8 47 45 39 53 18 1 49 30 59 11 57 26 25 41 14 59 39 41 12 22 14 0 20 3 17 18 28 51 27 41 25 2 47 35 6 4 39 58 30 12 0 18 39 28 59 57 10 38 58 10 32 56 0 8 51 58 22 11 19 59 52 36 50 30 32 48 25 55 42 33 32 41 14 40 2 41 6 4 7 21 54 8 0 43 19 52 31 17 55 23 48 47 13 26
run=16 seed=15 k=60 f=0
7 0 57 35 56 45 1 12 16 28 43 52 59 40 35 48 29 7 44 13 21 25 33 21 53 56 28 21 40 48 12 19 10 59 0 58 39 35 13 0 55 27 53 2 7 26 16 41 17 49 42 50 5 30 56 37 24 24 14 40 0 4 44 15 58 1 14 29 58 14 45 42 3 17 47 58 0 32 26 21 52 23 33 30 1 0 7 27 27 5 6 14 9 24 24 41 51 35 21 34
run=17 seed=16 k=60 f=0
24 33 57 35 41 11 59 18 3 48 5 5 59 44 50 4 53 17 42 16 9 57 21 24 38 31 28 52 11 28 27 36 26 12 20 27 41 28 19 44 8 11 28 59 12 0 1 21 26 37 54 48 36 59 18 41 52 47 7 10 59 27 44 5 45 56 1 26 16 32 2 50 41 50 15 53 19 59 9 44 32 53 36 1 0 56 17 23 50 42 19 23 35 57 43 0 15 29 31 2
run=18 seed=17 k=60 f=0
25 51 59 19 32 59 42 38 53 59 1 45 59 36 42 32 44 7 42 3 48 41 31 8 55 5 27 10 33 38 36 37 16 47 16 27 2 41 18 21 8 11 58 20 47 56 50 53 58 8 16 44 5 55 33 13 49 24 0 0 0 26 37 10 55 36 45 23 27 55 58 2 52 36 8 46 20 1 13 50 13 17 47 5 36 43 37 20 7 20 18 1 19 50 20 14 36 57 48 27
run=19 seed=18 k=60 f=0
58 46 55 38 40 18 41 26 32 57 46 1 2 38 22 26 20 30 41 31 31 55 10 19 48 31 56 7 51 35 19 57 5 52 52 39 1 13 23 34 9 9 14 3 42 59 26 59 12 0 32 35 47 15 26 4 7 54 49 8 1 37 46 0 21 15 16 17 22 11 49 30 0 47 59 24 44 14 59 28 37 14 39 23 42 27 29 48 57 2 47 14 31 30 23 53 15 7 8 57
run=20 seed=19 k=60 f=0
0 56 26 26 0 11 41 39 32 4 37 51 25 48 38 45 46 19 43 33 58 56 35 42 58 31 2 2 17 5 41 4 43 11 57 30 26 22 47 26 19 18 31 0 10 8 39 52 24 21 21 33 6 38 53 6 11 23 21 13 21 59 51 17 54 49 10 13 47 51 4 0 6 35 29 22 11 27 27 0 36 18 30 44 40 1 43 9 16 51 59 59 18 4 47 44 8 57 34 54
