run=1 seed=0 k=52 f=0
39 22 37 42 42 27 38 45 17 33 2 20 41 43 14 15 28 10 36 24 20 9 27 47 34 18 0 40 47 0 50 38 39 23 39 41 46 44 18 50 1 32 1 0 5 0 18 0 43 2 1 3 14 4 32 19 50 6 32 50 51 30 35 12 23 27 30 32 36 0 12 18 11 51 26 30 20 9 7 8 34 36 49 49 28 16 5 34 22 40 10 15 50 48 50 8 31 49 6 26
run=2 seed=1 k=52 f=0
39 22 37 42 42 27 38 45 17 33 2 20 41 43 14 15 28 10 36 24 20 9 27 47 34 18 0 40 47 0 50 38 39 23 39 41 46 44 18 50 1 32 1 0 5 0 18 0 43 2 1 3 14 4 32 19 50 6 32 50 51 30 35 12 23 27 30 32 36 0 12 18 11 51 26 30 20 9 7 8 34 36 49 49 28 16 5 34 22 40 10 15 50 48 50 8 31 49 6 26
run=3 seed=2 k=52 f=0
11 27 1 51 51 26 48 44 33 39 34 32 12 21 6 2 15 5 15 28 0 24 10 5 47 3 18 51 23 35 28 22 22 22 39 16 12 49 49 45 44 19 44 41 40 10 0 30 50 50 45 37 2 41 12 10 13 7 0 30 33 30 3 50 23 24 49 24 2 42 49 28 21 41 18 40 5 44 8 42 33 9 40 3 12 34 31 26 1 51 8 1 37 30 20 12 36 37 5 51
run=4 seed=3 k=52 f=0
15 24 48 10 51 23 1 51 26 35 14 29 0 11 27 33 26 47 5 23 6 26 31 39 45 35 17 10 12 2 37 0 11 1 5 27 45 10 6 40 36 8 42 2 7 30 9 49 45 0 32 46 14 26 25 35 28 40 20 51 42 14 51 39 11 43 25 32 4 13 48 22 33 38 0 50 51 25 31 20 44 23 39 41 40 42 2 35 7 38 17 3 19 37 15 21 5 51 9 28
run=5 seed=4 k=52 f=0
33 26 10 12 0 40 29 38 48 14 43 34 42 48 28 46 39 5 29 8 35 33 21 2 16 8 46 22 0 3 22 17 44 13 37 51 28 0 9 26 51 35 8 35 43 49 6 6 11 34 13 30 3 38 17 0 18 39 38 42 51 1 51 36 11 20 18 10 18 42 37 30 51 22 16 40 6 31 12 14 32 47 20 47 51 28 29 8 35 11 26 21 40 6 51 22 0 43 38 51
run=6 seed=5 k=52 f=0
35 14 21 16 51 29 7 47 22 29 16 47 20 22 15 2 24 23 36 6 35 50 9 0 28 40 35 14 12 45 46 51 33 31 35 0 21 7 27 29 37 13 39 33 50 27 9 38 25 39 5 39 29 40 4 32 29 41 45 17 0 10 3 0 17 23 16 10 0 42 42 40 46 1 27 18 6 47 1 35 51 30 0 51 7 42 10 7 34 4 50 41 24 2 33 21 43 51 49 0
run=7 seed=6 k=52 f=0
5 11 23 9 1 40 25 3 23 39 22 29 20 1 10 25 3 20 47 42 28 14 51 46 28 43 1 49 35 16 1 10 4 9 4 47 16 46 3 31 22 37 0 23 8 0 31 38 5 19 26 8 31 43 15 37 34 4 9 0 51 34 22 0 43 6 15 42 44 35 19 35 28 48 22 45 27 15 35 43 10 37 50 46 2 32 26 44 39 16 11 24 30 49 42 16 37 14 48 51
run=8 seed=7 k=52 f=0
42 7 47 51 51 23 18 35 40 18 51 14 7 46 22 22 32 30 14 26 16 1 38 0 33 40 1 14 20 16 36 48 16 1 17 10 30 25 20 36 4 0 21 12 10 0 36 41 9 26 33 46 18 44 17 45 33 50 27 0 42 10 49 29 10 51 26 2 37 9 5 22 31 40 34 32 14 51 6 51 41 42 21 50 7 14 34 0 44 48 45 11 29 45 0 28 17 41 3 27
run=9 seed=8 k=52 f=0
40 50 0 47 36 23 2 12 24 17 31 17 0 2 0 25 2 30 33 49 44 42 10 45 15 51 39 33 31 43 16 12 15 9 37 25 0 35 18 49 23 7 28 37 36 5 37 41 14 9 31 31 40 51 32 51 46 26 37 45 27 42 3 18 10 51 17 18 23 51 13 51 23 7 12 50 37 51 24 23 44 34 4 22 1 38 26 20 40 38 1 17 16 23 27 6 6 43 13 51
run=10 seed=9 k=52 f=0
47 34 50 43 0 29 24 4 11 51 16 51 0 49 37 43 46 4 46 15 44 7 0 41 24 41 36 12 25 19 28 27 11 51 48 42 34 41 46 28 37 18 0 1 30 50 0 29 0 17 2 40 12 2 12 22 31 4 45 8 9 21 42 8 18 26 26 32 48 51 3 14 48 13 17 31 7 4 37 35 16 49 29 11 19 37 11 29 39 5 34 41 36 25 41 23 21 9 36 48
run=11 seed=10 k=52 f=0
11 0 50 49 51 38 43 46 50 42 39 13 19 51 42 25 50 23 3 44 35 14 5 33 24 36 32 51 25 12 0 23 19 0 19 9 15 3 5 24 0 45 8 15 41 14 50 13 0 0 29 39 29 32 49 50 16 29 36 32 0 41 24 23 1 26 0 9 23 28 7 17 21 3 15 51 34 36 40 8 41 27 46 19 44 19 19 7 9 35 19 1 30 35 32 21 39 18 32 51
run=12 seed=11 k=52 f=0
4 29 36 5 51 42 13 38 13 24 33 36 0 11 13 10 5 48 51 18 19 24 1 18 39 3 27 0 20 44 34 51 44 37 50 41 44 37 31 32 39 20 30 26 26 2 0 22 13 16 15 15 47 23 22 49 47 28 0 51 42 4 7 19 42 30 38 32 42 26 12 50 45 18 0 15 12 31 44 41 51 51 35 38 51 33 20 35 2 45 8 34 15 33 10 7 46 5 10 26
run=13 seed=12 k=52 f=0
23 0 8 20 0 31 41 5 15 31 39 37 0 0 29 0 9 13 31 24 23 14 20 22 15 24 3 20 41 51 44 0 31 39 45 17 51 38 43 7 36 7 47 37 45 32 39 45 51 0 40 13 25 12 42 0 32 36 19 8 9 24 4 28 28 25 8 49 25 42 19 1 14 51 17 22 28 12 51 51 17 46 37 16 4 42 9 51 2 48 50 3 32 4 37 35 50 5 33 34
run=14 seed=13 k=52 f=0
51 31 47 15 0 0 50 3 37 8 38 7 51 7 17 24 48 27 12 19 23 15 26 42 50 16 45 0 34 40 7 30 38 44 0 26 37 25 51 3 40 31 37 38 35 23 35 32 51 51 0 15 40 6 43 44 8 0 30 43 9 15 26 11 17 2 27 48 27 42 33 17 22 36 29 50 19 18 46 0 12 49 25 41 7 22 10 51 31 2 17 43 51 47 2 35 21 24 35 25
run=15 seed=14 k=52 f=0
0 28 51 42 51 14 3 37 31 45 6 20 51 22 37 13 46 8 44 29 21 29 23 2 44 42 31 24 10 4 5 28 32 33 50 28 0 9 17 31 38 36 51 50 32 49 11 42 51 37 42 31 19 41 1 16 18 19 34 3 0 50 7 15 49 51 9 9 38 28 17 9 45 51 15 26 16 51 15 25 34 0 41 20 9 1 10 7 21 40 20 0 1 3 40 43 8 6 49 42
run=16 seed=15 k=52 f=0
49 26 33 49 51 32 6 48 45 25 15 0 13 32 37 18 15 39 48 25 43 38 51 47 40 22 24 26 51 21 45 6 32 37 1 10 49 16 22 43 42 6 45 2 16 19 43 5 49 1 13 21 36 2 35 7 20 16 27 51 0 12 31 43 50 19 50 9 0 16 29 0 7 11 25 44 33 42 39 25 40 16 40 34 50 0 1 7 22 29 35 5 13 44 8 31 3 7 25 0
run=17 seed=16 k=52 f=0
15 1 8 48 42 24 51 46 51 22 8 40 51 48 13 50 11 16 41 7 7 34 51 31 13 29 31 29 36 44 32 1 30 1 2 14 12 35 30 44 36 18 7 1 24 18 32 43 26 48 51 3 39 39 9 43 16 35 23 40 51 22 48 17 10 6 41 31 50 0 40 39 1 6 25 8 43 6 13 24 1 51 32 41 22 36 3 33 48 29 0 48 14 47 32 19 27 21 35 12
run=18 seed=17 k=52 f=0
41 51 26 48 0 35 51 46 12 51 24 0 51 4 29 22 46 17 6 47 43 40 35 32 19 51 41 0 28 14 31 38 51 40 6 26 51 1 3 21 23 44 22 24 9 49 0 31 13 9 31 14 3 29 8 30 5 28 46 17 9 11 34 43 34 40 41 34 4 51 11 50 40 26 17 33 0 7 33 10 37 40 20 5 16 7 0 37 51 18 35 4 47 40 1 23 20 19 32 22
run=19 seed=18 k=52 f=0
2 42 49 3 0 15 11 21 30 17 25 30 40 22 31 12 46 51 25 35 25 51 0 51 29 8 21 20 8 7 50 39 24 51 22 9 44 8 22 30 17 33 35 40 12 42 0 34 8 41 28 5 27 5 39 15 51 0 5 26 9 30 26 34 43 32 46 49 39 18 13 40 17 40 43 3 23 45 4 0 31 50 33 9 8 47 21 51 0 25 50 51 0 13 21 37 16 47 20 16
run=20 seed=19 k=52 f=0
41 23 0 14 0 0 35 39 28 0 14 30 35 18 16 42 40 51 37 43 22 25 41 38 49 3 6 50 27 34 13 47 12 10 46 50 18 12 25 38 7 28 31 32 28 44 33 35 0 8 31 45 4 2 21 51 47 3 11 24 51 36 20 50 21 17 38 11 43 42 12 18 46 42 28 0 0 26 25 51 8 2 31 14 17 29 40 8 8 34 41 17 0 35 11 34 6 48 30 21
