run=1 seed=0 k=61 f=0
29 54 0 8 50 32 39 57 29 23 54 47 45 20 9 40 9 25 24 50 15 45 38 8 33 3 15 48 38 59 20 30 52 29 52 14 16 12 60 1 46 60 3 42 28 2 60 19 5 41 11 3 12 7 9 12 54 11 27 33 24 52 20 19 5 50 34 42 23 60 26 50 24 59 0 53 1 2 13 54 25 40 51 38 36 1 19 38 35 60 2 16 60 29 9 33 45 36 41 32
run=2 seed=1 k=61 f=0
29 54 0 8 50 32 39 57 29 23 54 47 45 20 9 40 9 25 24 50 15 45 38 8 33 3 15 48 38 59 20 30 52 29 52 14 16 12 60 1 46 60 3 42 28 2 60 19 5 41 11 3 12 7 9 12 54 11 27 33 24 52 20 19 5 50 34 42 23 60 26 50 24 59 0 53 1 2 13 54 25 40 51 38 36 1 19 38 35 60 2 16 60 29 9 33 45 36 41 32
run=3 seed=2 k=61 f=0
43 27 1 25 22 34 38 45 35 0 2 41 31 39 56 4 59 52 33 51 50 9 20 44 4 18 18 59 41 58 44 43 24 39 46 51 16 24 2 43 10 53 33 59 48 55 10 29 53 28 19 6 60 47 57 60 58 17 44 19 13 29 11 41 11 59 31 37 25 43 19 35 32 8 31 6 23 52 14 1 10 59 5 34 44 56 36 5 14 19 41 28 18 11 10 0 53 43 29 17
run=4 seed=3 k=61 f=0
34 15 27 45 28 3 54 5 31 3 11 21 48 57 18 9 46 11 50 41 44 51 58 28 51 41 59 56 39 10 3 3 57 0 57 24 50 52 32 4 53 40 31 33 43 29 45 25 33 58 7 20 56 23 30 3 21 30 14 34 1 60 45 36 35 9 10 36 41 60 28 20 0 30 51 55 12 38 21 24 60 3 46 22 5 17 21 38 55 16 15 3 16 3 0 12 50 1 15 32
run=5 seed=4 k=61 f=0
41 10 38 32 29 58 0 26 14 8 13 18 49 0 38 58 58 8 42 24 0 35 47 50 42 47 52 26 0 3 24 45 8 12 34 50 5 56 30 31 9 41 3 37 28 30 59 1 53 25 51 4 57 39 2 24 26 56 15 17 60 22 55 20 59 2 9 17 60 8 48 9 21 41 50 6 16 18 17 8 39 9 33 22 50 24 1 20 44 53 35 21 42 22 58 44 31 52 59 32
run=6 seed=5 k=61 f=0
33 24 59 59 38 50 41 34 33 57 6 44 0 39 10 27 32 23 19 24 30 28 4 49 56 18 32 46 46 29 51 18 54 18 6 20 0 44 52 26 58 60 9 8 37 15 37 9 41 49 5 43 27 38 3 0 58 49 52 29 18 9 26 12 12 11 30 3 16 47 9 19 23 8 60 60 24 33 2 38 7 58 47 17 23 3 32 0 53 53 6 27 60 42 49 54 41 56 16 18
run=7 seed=6 k=61 f=0
27 1 58 48 41 39 54 40 40 14 22 0 36 24 18 42 30 12 50 2 25 57 42 44 54 4 59 24 54 49 60 58 10 9 10 51 50 5 34 54 22 0 16 38 6 22 42 15 45 22 39 47 6 18 24 33 24 21 42 33 9 2 55 22 3 4 17 33 11 50 7 15 32 27 1 39 9 31 56 17 45 36 16 10 49 17 27 31 0 10 60 0 1 60 33 60 50 13 3 25
run=8 seed=7 k=61 f=0
48 6 33 42 45 59 37 32 5 58 27 23 47 17 58 25 43 12 1 35 21 48 60 48 26 44 2 51 0 21 5 29 20 39 20 3 57 43 19 32 7 34 21 54 10 8 37 0 38 21 30 39 13 4 42 0 30 44 55 29 30 46 12 42 18 46 32 53 58 14 27 0 55 51 1 30 16 44 10 59 37 60 50 60 16 31 8 37 16 51 13 22 30 33 51 7 16 28 1 27
run=9 seed=8 k=61 f=0
59 19 40 48 1 37 27 35 36 3 12 31 0 42 54 41 8 7 36 57 60 1 14 4 20 13 22 16 40 7 60 15 26 60 43 21 9 27 37 5 59 51 41 33 0 29 30 4 43 40 27 41 26 22 49 33 8 47 17 50 20 48 28 50 39 57 52 49 23 29 35 56 18 58 38 14 33 34 18 17 55 20 7 41 45 28 51 46 60 48 13 3 53 6 29 10 10 1 28 9
run=10 seed=9 k=61 f=0
9 37 11 58 15 4 21 47 51 22 50 50 33 22 6 16 44 12 16 49 43 59 0 46 35 48 27 54 26 28 60 35 53 39 34 0 0 8 13 31 60 25 26 40 40 2 50 32 40 41 23 20 41 47 11 2 46 9 10 13 52 29 5 47 55 60 12 30 19 24 9 56 3 38 60 32 10 5 4 53 17 19 34 0 47 48 46 37 57 58 32 39 11 19 20 0 54 33 39 4
run=11 seed=10 k=61 f=0
47 26 9 20 24 44 53 55 6 60 57 50 27 34 6 30 29 3 29 45 60 20 35 18 57 23 13 38 21 0 1 7 28 14 29 52 22 50 49 42 41 45 8 8 52 32 41 48 45 32 15 35 12 0 55 36 0 7 48 10 39 60 31 43 60 0 60 47 29 53 53 25 34 32 15 57 15 19 53 39 49 4 28 3 0 9 13 32 1 2 24 10 55 58 18 0 58 19 24 60
run=12 seed=11 k=61 f=0
30 60 10 0 22 15 60 12 57 31 19 24 8 45 31 0 12 46 50 35 60 12 46 6 52 30 55 17 26 38 52 24 16 59 25 12 11 38 53 38 39 39 46 22 57 56 22 8 41 59 48 27 0 33 47 54 30 23 19 46 5 44 3 1 9 37 1 47 3 53 16 19 12 37 13 15 60 37 15 45 35 2 50 37 50 30 32 42 60 41 3 5 26 38 26 37 16 27 25 19
run=13 seed=12 k=61 f=0
10 35 47 45 30 14 20 59 36 30 50 37 36 30 51 30 11 8 26 7 0 7 0 59 13 17 56 22 54 56 58 51 28 52 47 38 43 60 19 18 34 11 58 50 38 40 22 46 35 57 0 49 4 60 50 24 10 47 39 3 42 8 29 12 2 47 6 12 42 60 31 20 26 28 6 14 18 0 0 45 0 13 44 43 60 23 54 14 11 6 14 21 35 20 28 21 58 15 30 26
run=14 seed=13 k=61 f=0
49 57 26 0 47 57 44 43 0 25 17 8 0 60 14 59 5 31 32 10 8 24 7 12 40 32 19 50 52 0 23 58 27 21 18 47 0 13 27 2 40 7 16 5 34 2 14 34 49 3 18 52 13 37 13 59 23 23 5 37 29 12 32 41 52 60 47 20 8 1 24 53 58 49 38 25 44 13 19 35 18 45 33 29 1 29 14 22 41 10 55 41 41 51 16 59 2 51 27 60
run=15 seed=14 k=61 f=0
49 3 23 6 45 52 39 44 28 51 49 45 50 11 60 8 16 34 8 55 27 34 14 21 38 45 59 23 5 51 2 7 6 59 15 0 52 11 29 53 48 29 28 24 31 57 32 47 14 14 12 23 12 0 44 43 19 22 4 60 0 19 48 40 14 23 31 35 57 19 11 46 25 19 9 19 43 36 1 35 25 48 59 56 1 42 22 37 4 32 40 46 14 31 59 54 33 41 29 60
run=16 seed=15 k=61 f=0
27 10 0 50 21 13 43 24 39 51 18 4 46 18 12 60 38 58 0 6 29 25 29 23 34 51 24 5 52 50 25 10 16 30 32 59 44 60 58 22 52 53 60 39 56 41 38 49 40 26 45 9 0 20 33 50 23 57 37 1 4 1 15 18 19 16 5 37 0 52 58 8 11 36 43 13 17 25 32 60 5 41 8 34 13 41 29 35 48 31 11 22 38 59 42 59 58 48 43 33
run=17 seed=16 k=61 f=0
44 35 12 2 39 41 50 46 60 10 37 47 24 40 0 34 59 12 19 25 7 44 2 41 59 31 60 57 6 19 55 41 20 42 54 60 49 30 55 7 25 17 34 51 24 14 24 12 60 43 59 2 11 10 41 23 41 47 56 51 30 19 16 53 2 34 1 59 7 48 39 34 3 23 22 27 0 49 13 48 33 20 50 0 30 33 9 57 17 40 1 54 0 43 44 16 26 55 30 40
run=18 seed=17 k=61 f=0
38 49 34 47 11 37 16 22 32 51 12 19 14 16 54 26 56 60 43 28 48 51 13 23 4 23 30 0 26 60 57 25 11 59 16 59 10 20 1 42 13 33 10 47 46 17 5 49 21 34 16 6 39 35 9 2 50 37 58 13 0 52 23 0 22 19 33 31 40 41 29 55 0 7 21 59 42 18 9 2 35 44 15 58 8 22 36 29 59 0 42 45 31 32 24 60 7 55 29 49
run=19 seed=18 k=61 f=0
28 21 2 58 60 29 38 58 33 48 38 35 43 13 22 30 27 15 19 30 43 50 37 32 20 24 45 1 11 44 14 8 27 12 3 17 46 12 55 15 49 23 42 45 49 50 26 21 59 8 45 0 51 21 37 18 12 7 26 57 7 37 59 13 51 41 34 16 5 50 21 60 53 5 36 41 2 44 56 60 36 60 2 10 58 18 34 0 28 58 0 20 35 11 28 28 54 2 0 29
run=20 seed=19 k=61 f=0
45 36 60 22 48 35 2 47 15 9 0 41 15 10 59 13 29 29 47 60 25 28 4 31 21 49 50 59 8 11 24 6 47 0 28 60 46 30 37 32 59 38 34 1 16 51 32 23 55 50 2 56 5 29 51 15 19 42 45 40 39 19 6 25 59 16 40 12 48 18 16 39 20 13 31 0 52 32 23 44 59 48 4 53 9 58 34 8 41 34 0 19 41 6 47 0 14 6 10 32
