run=1 seed=0 k=50 f=0
49 41 34 11 0 25 48 12 24 0 4 42 40 49 36 37 36 19 11 0 30 25 0 34 14 12 31 21 8 26 14 18 39 48 7 26 0 45 41 42 49 47 2 21 9 30 48 30 14 17 31 5 32 13 0 49 24 33 39 40 9 25 34 18 0 34 42 18 36 49 48 42 39 2 24 1 29 0 4 0 49 33 8 22 43 40 20 16 30 41 9 18 9 14 49 42 7 43 11 23
run=2 seed=1 k=50 f=0
49 41 34 11 0 25 48 12 24 0 4 42 40 49 36 37 36 19 11 0 30 25 0 34 14 12 31 21 8 26 14 18 39 48 7 26 0 45 41 42 49 47 2 21 9 30 48 30 14 17 31 5 32 13 0 49 24 33 39 40 9 25 34 18 0 34 42 18 36 49 48 42 39 2 24 1 29 0 4 0 49 33 8 22 43 40 20 16 30 41 9 18 9 14 49 42 7 43 11 23
run=3 seed=2 k=50 f=0
46 39 32 2 0 37 26 33 49 39 35 22 22 3 34 24 6 48 25 30 16 28 1 13 36 9 31 49 28 25 31 23 8 9 28 31 16 6 48 43 34 40 0 47 42 46 1 0 6 47 22 5 46 31 34 19 47 16 10 12 49 0 25 49 40 18 19 39 45 9 10 20 46 11 22 0 49 32 36 0 38 21 49 12 14 17 0 42 25 11 23 19 38 44 13 28 5 10 27 13
run=4 seed=3 k=50 f=0
20 0 16 28 0 49 31 9 19 41 5 10 49 5 22 30 36 41 0 19 28 49 37 0 12 44 1 40 1 44 10 7 4 49 3 49 2 8 13 22 49 40 25 34 49 32 33 10 23 10 34 24 3 23 2 11 16 29 3 1 49 36 8 29 48 19 18 40 30 9 8 23 31 19 34 49 28 23 27 17 42 24 42 7 0 14 33 42 14 11 25 23 17 47 7 16 43 47 9 34
run=5 seed=4 k=50 f=0
32 0 11 49 49 27 43 47 18 7 0 1 2 35 27 1 4 21 28 20 33 40 20 9 48 25 10 27 24 27 49 15 41 36 46 15 20 41 29 21 43 12 2 3 3 0 40 48 23 24 43 37 27 49 49 49 19 9 8 32 0 8 44 49 29 0 11 9 31 40 46 32 40 35 15 36 32 19 48 41 10 13 2 14 5 4 36 7 11 17 49 49 13 4 39 21 24 13 13 18
run=6 seed=5 k=50 f=0
17 46 24 18 0 28 41 21 31 46 26 2 25 10 34 9 47 11 12 1 16 34 15 13 42 18 36 49 18 8 41 28 3 35 13 9 23 3 15 15 7 0 0 32 49 10 18 26 17 0 34 5 14 2 24 7 25 20 47 37 49 45 10 38 31 31 1 39 43 9 12 31 3 49 22 49 11 40 22 34 2 25 38 25 5 38 1 42 32 30 26 42 19 47 0 28 5 45 40 49
run=7 seed=6 k=50 f=0
28 39 21 21 49 47 36 0 37 20 8 41 19 0 25 16 38 13 17 22 7 29 0 26 49 25 30 49 3 7 0 18 46 36 48 49 4 4 11 40 0 49 12 15 12 33 40 28 22 3 3 44 9 23 29 38 27 33 19 32 40 45 0 48 49 26 38 30 45 0 37 42 37 4 13 42 12 10 48 28 47 26 2 46 2 31 12 33 49 24 11 15 21 35 30 19 14 8 18 36
run=8 seed=7 k=50 f=0
46 40 26 0 49 9 13 26 18 0 13 48 0 10 15 32 9 39 14 0 33 5 17 22 29 34 20 40 32 35 28 16 21 10 46 29 21 34 36 15 28 7 49 24 0 41 20 49 35 39 21 44 35 2 41 23 37 48 31 12 0 49 26 49 0 6 3 9 44 40 35 41 25 29 27 24 39 2 49 21 49 24 45 31 25 37 9 7 2 16 48 4 17 3 8 21 3 34 33 13
run=9 seed=8 k=50 f=0
12 18 41 48 0 7 22 0 49 6 10 0 25 15 34 20 23 39 22 49 28 3 24 42 5 41 27 39 42 10 16 0 0 0 18 23 28 27 35 36 13 43 14 29 49 20 49 6 26 32 26 6 33 8 8 38 36 34 46 40 49 45 49 32 10 0 7 40 49 9 46 15 45 16 22 49 36 46 37 2 11 21 0 5 16 29 32 42 16 0 15 31 25 47 1 16 47 10 21 49
run=10 seed=9 k=50 f=0
1 7 41 14 49 42 1 45 20 0 12 36 40 10 13 24 43 49 4 29 7 39 0 16 44 47 6 33 16 49 19 5 1 49 39 10 0 48 29 30 21 47 8 35 22 33 21 42 49 49 22 11 1 10 13 0 39 38 27 30 40 41 23 15 12 36 25 31 24 0 16 9 38 27 25 42 33 11 43 7 49 32 5 43 3 20 43 33 25 23 41 0 17 45 30 19 35 15 41 27
run=11 seed=10 k=50 f=0
0 48 28 16 0 29 11 46 46 20 4 4 0 20 34 22 19 23 17 29 28 35 0 43 5 26 35 38 49 43 44 0 7 0 3 12 7 13 15 48 43 15 22 46 38 26 39 48 13 49 39 32 8 30 40 48 30 10 5 1 49 48 43 8 17 26 37 40 26 9 0 49 31 49 22 17 27 31 11 36 13 10 43 29 17 8 29 42 21 39 31 3 9 44 17 16 22 3 6 21
run=12 seed=11 k=50 f=0
43 11 48 32 0 45 49 46 20 10 10 12 0 36 22 49 2 39 5 49 16 49 29 23 42 42 1 9 35 5 44 37 0 0 28 18 15 1 6 46 48 35 36 20 0 25 2 42 34 35 32 20 8 28 12 19 8 12 42 27 49 43 46 39 30 48 7 40 1 9 10 10 41 22 34 40 22 19 14 14 49 19 47 4 33 9 2 42 21 17 43 7 25 47 18 28 23 27 2 29
run=13 seed=12 k=50 f=0
24 49 0 49 49 0 6 15 37 48 12 22 34 43 25 24 48 41 45 0 19 19 11 31 18 16 32 11 27 43 12 24 3 41 3 10 32 9 49 38 38 43 49 24 37 9 1 49 41 40 4 23 1 17 47 6 30 22 14 21 40 0 22 20 47 27 36 31 28 0 0 48 21 12 13 36 4 18 11 19 41 10 32 17 35 29 23 33 2 17 32 0 0 36 29 7 34 35 15 49
run=14 seed=13 k=50 f=0
46 38 23 16 0 28 49 5 43 49 7 46 0 1 36 38 26 9 3 24 42 48 33 35 49 32 36 21 49 16 9 34 6 5 4 41 14 30 1 26 7 31 0 42 0 22 32 30 27 23 2 38 47 27 34 20 14 9 39 15 9 46 42 48 3 9 14 18 34 49 36 42 16 0 24 40 42 0 28 16 34 25 44 18 42 6 14 16 1 12 2 3 12 44 8 30 29 45 12 24
run=15 seed=14 k=50 f=0
40 32 1 22 49 38 7 36 22 11 44 14 20 0 25 14 41 29 5 35 7 19 13 48 6 9 0 24 14 27 37 26 46 1 49 3 48 1 12 42 0 27 34 28 22 3 19 32 35 49 19 44 10 39 15 0 42 49 14 38 40 20 8 49 23 32 42 30 10 0 17 33 5 48 13 38 7 6 15 48 32 36 46 47 49 11 7 33 27 46 27 23 41 37 40 19 8 44 33 1
run=16 seed=15 k=50 f=0
28 38 9 1 0 49 31 23 22 0 43 34 27 19 34 4 25 43 49 27 28 20 49 0 33 1 8 40 8 22 36 3 49 49 49 32 12 44 45 49 18 20 34 40 17 49 23 16 34 41 4 6 46 25 31 49 12 42 41 49 49 34 3 30 24 14 11 39 1 9 33 40 23 18 22 0 49 33 34 0 41 46 0 47 25 12 16 42 6 30 9 20 9 14 0 16 20 4 14 14
run=17 seed=16 k=50 f=0
32 0 49 39 49 0 22 47 28 0 16 18 40 43 13 8 21 48 26 16 7 42 5 23 0 17 8 16 34 12 19 12 22 34 44 32 25 19 18 36 37 33 49 28 17 42 41 40 25 23 44 11 1 47 46 6 13 4 29 49 40 0 40 39 38 14 37 31 33 0 25 33 9 29 25 8 4 49 1 49 14 3 12 22 1 14 48 33 0 26 9 1 26 6 25 19 13 48 2 27
run=18 seed=17 k=50 f=0
15 7 34 49 0 9 45 13 19 26 1 15 29 0 34 10 48 27 31 23 16 12 0 48 6 6 1 0 37 27 40 40 29 28 1 18 49 35 34 1 27 0 22 45 42 27 0 17 19 34 40 5 19 17 9 38 9 44 30 42 49 4 42 49 19 48 25 39 26 9 16 22 36 37 22 47 22 41 13 11 2 25 47 0 33 33 7 42 27 9 10 18 48 45 15 28 26 5 48 49
run=19 seed=18 k=50 f=0
26 12 29 1 49 23 19 38 4 36 42 49 34 48 13 21 48 40 34 39 7 8 49 2 25 25 29 4 0 42 25 27 18 32 20 19 13 16 49 39 18 43 37 9 37 10 28 41 1 8 46 11 2 41 47 28 5 16 43 0 40 0 15 20 0 44 38 31 21 0 23 14 8 11 25 49 8 27 15 18 41 49 34 33 14 34 13 33 19 35 49 26 48 44 5 19 0 0 11 49
run=20 seed=19 k=50 f=0
14 20 2 26 0 35 31 11 49 19 33 1 22 1 36 18 25 10 29 49 42 49 48 3 9 43 19 2 49 41 31 36 1 40 0 28 26 33 0 32 5 7 20 31 35 28 49 46 0 0 5 38 47 11 42 7 10 18 42 8 9 47 34 28 24 36 13 18 16 49 9 21 7 43 24 1 43 34 21 13 36 33 47 31 9 5 17 16 23 8 41 19 28 13 13 30 40 9 19 1
