run=1 seed=0 k=36 f=0
19 35 9 9 5 0 12 28 33 0 18 35 33 7 23 25 24 17 23 0 35 11 0 8 26 26 26 34 0 19 4 16 18 17 5 8 0 16 27 34 6 16 22 35 32 13 17 7 0 35 4 11 22 9 8 32 30 14 4 25
run=2 seed=1 k=36 f=0
19 35 9 9 5 0 12 28 33 0 18 35 33 7 23 25 24 17 23 0 35 11 0 8 26 26 26 34 0 19 4 16 18 17 5 8 0 16 27 34 6 16 22 35 32 13 17 7 0 35 4 11 22 9 8 32 30 14 4 25
run=3 seed=2 k=36 f=0
6 19 10 35 7 4 0 33 32 0 10 19 9 1 17 9 16 10 13 27 26 32 0 35 19 31 28 0 0 34 24 29 7 27 5 18 17 21 23 17 5 33 12 14 28 13 27 19 25 8 27 1 17 35 0 2 27 7 20 35
run=4 seed=3 k=36 f=0
4 15 0 22 33 35 10 28 19 1 22 4 9 22 22 9 24 15 13 3 7 15 9 3 14 4 29 26 31 22 34 9 16 35 26 9 19 33 25 0 35 25 8 31 28 7 19 0 5 35 35 0 18 1 8 29 24 35 2 27
run=5 seed=4 k=36 f=0
25 1 10 0 6 13 33 31 32 11 3 30 25 8 31 0 3 7 24 29 15 19 24 27 0 0 20 14 12 17 34 17 16 30 7 3 8 4 35 16 26 18 35 35 35 23 35 22 12 19 15 11 2 21 25 28 18 11 2 27
run=6 seed=5 k=36 f=0
23 5 12 0 32 28 15 33 27 17 18 20 0 18 10 27 4 10 4 9 4 32 26 29 3 26 35 35 13 19 35 26 4 11 3 0 19 6 34 33 12 13 17 35 35 27 9 17 1 25 34 8 19 0 12 10 1 23 23 35
run=7 seed=6 k=36 f=0
9 25 14 31 32 6 19 25 11 25 11 0 33 17 22 35 12 12 12 26 5 19 2 30 11 35 24 6 5 34 8 31 28 16 0 17 0 32 11 20 5 25 33 6 22 35 0 23 26 34 0 16 0 27 10 5 26 7 13 8
run=8 seed=7 k=36 f=0
9 15 23 31 29 15 26 13 24 8 2 22 31 30 1 24 10 9 26 0 9 35 0 20 13 4 0 1 1 30 13 34 30 32 31 26 7 15 0 16 25 0 17 18 35 35 16 13 17 0 33 5 21 16 25 10 33 9 2 35
run=9 seed=8 k=36 f=0
18 0 31 17 35 1 28 17 33 25 31 25 8 11 15 27 24 34 27 22 9 16 21 13 28 27 9 13 14 12 21 1 17 35 11 34 6 6 12 10 32 34 6 1 6 6 8 4 5 17 34 0 28 20 32 25 14 34 0 0
run=10 seed=9 k=36 f=0
3 26 8 0 2 22 26 3 2 9 16 29 35 13 29 11 17 16 10 31 21 0 31 34 5 7 7 19 25 17 3 8 15 33 19 35 26 31 14 8 30 20 28 25 22 13 0 3 35 26 15 13 27 3 19 10 1 0 21 18
run=11 seed=10 k=36 f=0
31 16 2 3 30 17 22 31 35 27 11 25 0 9 20 1 24 34 30 2 4 35 11 27 34 1 11 19 13 27 17 35 15 33 24 9 9 7 17 21 1 32 1 23 21 35 35 27 0 0 8 24 10 25 5 25 34 21 8 18
run=12 seed=11 k=36 f=0
23 14 33 16 0 31 21 14 5 18 20 24 0 14 17 1 8 0 19 6 34 4 1 13 23 20 9 26 19 9 16 34 31 35 12 26 9 33 28 28 16 34 16 34 17 34 0 18 35 35 4 28 8 20 12 27 35 30 10 8
run=13 seed=12 k=36 f=0
8 14 29 28 19 3 14 21 13 0 34 9 25 29 4 4 35 19 11 4 10 8 0 10 35 4 35 14 6 8 9 14 11 28 22 17 35 25 0 29 27 18 1 13 20 17 26 22 0 8 22 1 35 20 17 20 24 23 30 34
run=14 seed=13 k=36 f=0
35 29 13 31 16 0 18 35 23 35 34 15 12 18 35 31 9 6 20 25 29 25 35 17 9 9 24 6 23 1 35 33 8 15 29 26 22 3 9 16 16 5 1 2 23 32 9 24 4 0 18 0 20 0 32 13 10 14 35 17
run=15 seed=14 k=36 f=0
31 22 15 2 25 19 5 24 27 35 35 34 11 30 14 35 15 13 24 17 8 13 33 16 24 0 25 8 5 1 1 34 16 27 34 9 17 7 23 35 6 28 21 8 6 27 27 21 21 0 11 19 34 0 15 2 35 33 29 18
run=16 seed=15 k=36 f=0
29 6 21 35 26 21 11 12 2 10 3 15 19 32 10 33 17 27 8 1 1 12 31 33 18 19 4 25 35 12 28 25 22 12 24 18 19 28 35 35 7 11 32 7 2 6 0 4 29 27 17 35 5 4 8 21 24 22 6 35
run=17 seed=16 k=36 f=0
24 16 33 0 33 35 19 35 15 26 33 16 20 3 0 0 9 28 6 20 23 26 21 6 26 14 7 16 30 0 4 16 13 35 33 18 22 4 31 32 2 34 1 35 12 17 1 25 8 34 6 12 28 7 15 15 8 11 31 9
run=18 seed=17 k=36 f=0
25 16 35 10 31 35 7 1 17 8 10 2 28 29 6 12 33 17 6 1 22 29 1 32 19 17 28 35 7 26 1 13 4 0 28 16 29 35 6 33 22 35 9 8 11 16 0 27 1 33 6 8 17 19 16 16 18 34 24 25
run=19 seed=18 k=36 f=0
34 2 19 7 31 29 3 8 20 35 18 23 26 14 22 35 34 14 31 7 12 7 10 31 0 8 35 17 6 30 16 5 31 8 28 18 27 7 13 10 21 6 1 27 35 14 27 25 0 9 16 0 35 0 24 25 23 19 33 1
run=20 seed=19 k=36 f=0
12 32 0 23 3 6 35 11 20 0 25 12 1 29 13 34 22 30 15 4 35 8 23 18 35 3 0 2 29 9 13 11 18 11 9 17 18 11 5 27 0 25 31 12 14 18 26 24 0 8 21 20 32 27 5 18 11 23 3 35
