run=1 seed=0 k=37 f=0
10 35 3 9 18 35 22 36 22 35 35 1 14 36 4 0 4 16 10 15 29 4 18 3 23 24 27 22 25 11 31 28 10 9 35 9 16 10 4 30 19 7 27 10 29 8 18 31 20 0 23 2 22 33 0 13 10 27 35 26
run=2 seed=1 k=37 f=0
10 35 3 9 18 35 22 36 22 35 35 1 14 36 4 0 4 16 10 15 29 4 18 3 23 24 27 22 25 11 31 28 10 9 35 9 16 10 4 30 19 7 27 10 29 8 18 31 20 0 23 2 22 33 0 13 10 27 35 26
run=3 seed=2 k=37 f=0
21 6 36 7 15 36 18 16 29 36 36 15 2 13 6 30 19 0 36 21 27 6 1 3 33 32 24 0 10 27 26 36 15 15 1 25 8 20 1 14 27 17 22 1 12 31 0 22 19 16 31 10 34 23 29 30 34 5 11 8
run=4 seed=3 k=37 f=0
26 0 36 4 11 17 26 7 20 1 0 23 16 26 30 0 13 11 28 34 21 27 26 23 8 19 35 35 33 13 7 22 10 8 4 27 27 30 34 36 5 36 3 0 3 24 36 16 36 18 12 27 0 17 10 10 14 4 33 10
run=5 seed=4 k=37 f=0
15 21 11 34 4 11 3 4 0 36 23 0 19 9 20 0 25 18 28 16 33 16 2 31 25 18 27 34 1 31 4 32 17 16 29 27 9 10 2 1 13 36 1 33 36 36 0 25 6 9 4 11 30 24 21 33 17 5 23 18
run=6 seed=5 k=37 f=0
18 34 15 34 6 0 31 34 3 9 17 26 25 6 18 28 4 6 4 33 24 10 4 7 18 14 15 6 18 25 35 36 7 36 33 1 0 22 30 27 19 18 16 23 31 31 18 19 0 28 6 1 12 15 8 30 3 14 22 36
run=7 seed=6 k=37 f=0
33 6 13 24 6 2 27 10 20 9 34 32 28 14 34 8 0 8 3 36 25 13 36 9 1 34 17 0 8 22 13 7 3 36 29 35 25 32 1 33 33 35 6 27 27 31 26 22 6 17 23 1 20 16 10 24 18 9 32 0
run=8 seed=7 k=37 f=0
9 21 14 27 32 3 24 36 4 10 32 35 29 21 1 4 26 9 27 35 18 7 0 26 11 30 19 29 11 27 0 6 12 12 18 27 35 24 0 3 15 15 1 6 36 32 18 18 0 2 30 7 21 21 31 16 9 5 33 36
run=9 seed=8 k=37 f=0
17 35 28 2 3 17 5 10 8 18 8 35 15 36 31 35 27 23 7 24 17 15 17 34 10 6 10 18 7 5 24 34 19 27 27 26 12 30 21 22 6 6 8 18 0 35 35 4 23 10 6 34 0 0 4 1 16 1 33 1
run=10 seed=9 k=37 f=0
0 29 22 7 22 36 29 22 26 9 23 26 18 21 31 24 29 0 25 32 5 12 34 27 0 31 16 15 0 5 36 12 0 0 11 27 32 2 19 32 2 6 36 8 11 9 36 7 1 1 18 1 28 8 23 29 19 9 5 18
run=11 seed=10 k=37 f=0
25 19 2 11 1 29 20 7 12 0 20 23 14 10 33 10 2 35 4 20 11 9 35 15 30 35 4 29 27 25 5 15 28 18 4 26 1 24 7 0 26 30 24 0 11 35 17 3 34 8 11 22 36 35 14 0 31 36 15 35
run=12 seed=11 k=37 f=0
2 16 0 8 23 21 25 13 13 26 34 0 25 20 4 27 21 15 15 27 35 13 36 5 12 28 31 3 11 7 7 14 14 19 0 18 36 4 29 33 5 18 29 2 22 27 0 34 2 9 27 0 33 9 19 22 0 36 35 35
run=13 seed=12 k=37 f=0
31 1 17 29 28 0 25 29 1 9 36 21 34 24 6 28 1 6 0 31 16 25 26 32 13 36 36 20 26 36 0 20 8 11 27 1 36 35 26 35 31 17 36 1 5 5 27 3 17 36 14 11 23 3 22 4 6 18 20 18
run=14 seed=13 k=37 f=0
33 3 27 36 11 17 21 25 28 18 31 1 7 26 32 13 32 28 17 12 0 4 36 22 5 9 10 30 0 20 26 4 6 4 4 1 36 9 29 12 16 0 14 35 11 9 26 21 13 10 15 34 15 21 24 21 36 30 30 36
run=15 seed=14 k=37 f=0
16 9 2 1 36 36 15 13 23 3 5 29 29 5 18 1 36 10 17 12 24 31 14 12 27 35 20 19 11 22 7 0 15 10 30 36 25 35 6 12 16 36 4 22 32 0 27 33 24 11 31 0 21 34 2 17 26 34 36 19
run=16 seed=15 k=37 f=0
7 0 19 0 0 33 12 16 30 8 18 16 0 36 34 36 19 26 4 26 10 31 28 22 0 24 7 28 31 36 15 33 13 14 17 16 21 20 27 5 0 28 20 12 8 7 25 6 0 0 16 22 8 3 22 8 3 15 36 34
run=17 seed=16 k=37 f=0
0 10 18 2 14 20 8 35 36 8 35 26 11 26 28 13 8 14 9 3 2 13 34 31 14 1 35 21 25 0 36 18 34 35 6 36 4 17 11 3 1 24 1 35 7 14 0 6 0 16 32 19 0 27 33 22 18 29 30 25
run=18 seed=17 k=37 f=0
26 10 17 26 31 36 23 5 31 0 35 18 19 0 1 4 32 0 30 8 13 28 2 20 14 36 9 35 25 28 0 2 20 19 13 35 12 22 36 0 22 31 1 24 36 8 17 27 16 26 35 36 11 27 23 8 15 35 36 9
run=19 seed=18 k=37 f=0
23 35 14 22 16 35 8 21 13 0 0 13 0 4 1 23 20 0 20 11 24 36 30 28 17 17 29 6 32 1 28 27 11 15 27 35 0 30 19 27 10 7 29 30 6 24 17 30 9 26 11 35 13 32 3 21 16 32 1 9
run=20 seed=19 k=37 f=0
11 20 0 32 24 15 35 12 1 17 17 0 0 35 14 0 25 9 20 26 33 36 28 24 12 13 24 33 15 35 12 33 4 16 28 25 8 35 2 25 14 25 11 5 17 4 0 22 7 36 28 19 36 27 4 27 24 2 0 8
