run=1 seed=0 k=33 f=0
28 20 1 13 16 26 0 19 16 24 13 4 5 10 4 0 3 20 32 22 32 25 27 7 32 17 32 14 25 10 32 27 31 31 29 32 8 31 2 10 18 19 19 27 15 10 16 24 0 0 8 25 13 23 29 7 12 5 31 8
run=2 seed=1 k=33 f=0
28 20 1 13 16 26 0 19 16 24 13 4 5 10 4 0 3 20 32 22 32 25 27 7 32 17 32 14 25 10 32 27 31 31 29 32 8 31 2 10 18 19 19 27 15 10 16 24 0 0 8 25 13 23 29 7 12 5 31 8
run=3 seed=2 k=33 f=0
10 16 32 4 3 26 1 3 31 24 31 32 13 20 30 0 2 20 24 30 14 0 23 26 10 10 11 32 32 0 4 11 19 23 23 32 16 15 31 14 20 27 6 1 5 20 16 8 9 0 29 32 21 7 30 25 30 4 17 8
run=4 seed=3 k=33 f=0
0 9 18 9 3 25 29 7 4 24 25 32 24 16 23 24 13 2 5 32 11 18 32 12 6 29 19 1 5 25 2 21 2 16 15 32 32 31 0 30 5 11 32 1 0 28 0 9 10 16 24 16 32 8 2 0 2 0 13 8
run=5 seed=4 k=33 f=0
13 20 0 25 8 12 5 14 30 24 32 0 4 17 19 0 22 32 23 28 27 3 12 23 3 25 18 14 32 25 13 1 13 32 13 32 20 1 28 21 13 27 22 8 30 17 0 26 22 16 32 32 21 8 6 13 15 7 29 8
run=6 seed=5 k=33 f=0
22 32 0 9 30 32 12 9 0 8 11 26 0 9 19 14 22 0 4 32 5 19 17 25 3 0 17 0 14 25 10 0 16 31 30 0 6 17 12 24 32 32 10 21 8 27 16 25 1 32 6 17 26 21 9 32 28 15 4 24
run=7 seed=6 k=33 f=0
12 25 32 0 20 13 31 18 31 8 6 28 24 32 30 23 12 7 0 20 5 14 20 24 1 19 19 6 0 12 15 5 20 15 24 0 32 19 11 23 23 2 22 6 6 32 32 30 21 16 0 32 8 0 5 0 3 29 9 24
run=8 seed=7 k=33 f=0
15 7 32 10 30 25 5 31 1 8 29 1 3 31 8 3 17 32 5 0 2 22 0 2 19 25 19 18 27 25 31 32 21 32 32 0 12 30 1 1 7 18 2 9 11 5 16 10 1 32 25 12 24 24 18 10 15 14 27 24
run=9 seed=8 k=33 f=0
28 7 0 1 9 24 13 21 14 24 0 30 29 28 21 15 0 18 7 2 27 23 30 7 22 3 8 0 23 12 7 11 5 24 29 32 32 2 17 1 23 22 29 12 17 15 16 30 32 0 19 15 0 7 20 14 20 31 0 8
run=10 seed=9 k=33 f=0
29 23 0 22 32 7 18 13 19 8 1 31 31 1 7 8 13 13 26 10 17 8 31 18 24 9 1 25 25 7 0 2 3 0 31 0 32 29 10 2 23 15 14 32 13 1 16 16 31 32 14 21 7 19 25 22 25 20 3 24
run=11 seed=10 k=33 f=0
22 16 0 0 0 32 23 10 21 8 11 26 3 32 26 9 8 16 12 0 15 19 32 1 16 11 7 1 31 9 13 1 24 25 0 0 32 31 7 8 22 26 31 23 21 21 16 18 27 32 8 32 20 17 20 0 15 27 8 24
run=12 seed=11 k=33 f=0
11 29 21 1 16 14 25 13 32 24 0 29 8 26 5 9 10 20 31 12 31 7 12 25 32 2 8 22 2 5 32 30 7 32 22 32 0 14 7 28 20 20 27 17 0 16 16 2 26 0 1 25 0 16 20 18 8 1 2 8
run=13 seed=12 k=33 f=0
9 3 23 15 18 0 11 30 2 8 1 7 9 8 27 23 11 32 0 20 10 23 12 7 27 24 23 0 27 32 18 1 32 14 19 0 6 31 19 17 24 30 7 32 0 17 16 8 11 32 20 25 0 32 29 32 18 11 0 24
run=14 seed=13 k=33 f=0
30 17 32 1 14 26 5 17 0 8 25 20 25 30 32 2 32 10 5 12 23 32 4 32 19 24 32 15 13 24 16 1 18 31 19 0 21 30 27 24 16 32 10 3 14 1 32 24 16 16 0 0 9 9 13 1 30 0 20 24
run=15 seed=14 k=33 f=0
7 14 3 0 7 17 6 12 15 24 9 10 8 0 23 9 29 32 8 26 15 18 29 18 6 22 23 26 20 21 17 8 21 17 29 32 0 31 24 2 18 30 9 15 11 5 16 2 25 0 26 0 24 32 21 32 16 17 1 8
run=16 seed=15 k=33 f=0
8 0 32 13 16 26 1 27 1 8 22 32 12 20 4 16 5 6 23 28 30 15 8 18 2 4 20 2 32 19 27 16 19 24 28 0 32 18 1 2 25 5 32 11 24 14 32 30 8 16 21 0 20 9 17 0 12 6 21 24
run=17 seed=16 k=33 f=0
26 32 15 0 21 23 11 27 32 8 19 8 23 10 32 1 5 30 20 3 8 27 24 30 18 17 17 32 30 0 7 17 23 18 8 0 11 1 5 32 29 30 0 28 6 11 32 8 5 16 8 15 0 26 21 12 30 25 21 24
run=18 seed=17 k=33 f=0
13 7 32 16 25 7 12 24 5 24 22 1 1 5 14 18 32 23 27 12 2 13 0 18 25 14 32 26 17 17 24 3 25 0 19 32 32 31 20 21 15 8 32 31 10 7 0 7 31 16 26 31 14 11 12 4 1 2 18 8
run=19 seed=18 k=33 f=0
29 20 11 25 28 11 0 28 14 8 13 17 0 23 11 0 25 32 29 8 0 0 2 4 15 13 5 31 18 25 30 17 13 18 4 0 25 1 32 31 5 16 6 0 30 10 16 8 22 32 8 22 8 9 12 30 32 19 12 24
run=20 seed=19 k=33 f=0
20 14 32 32 2 18 7 23 3 24 1 24 0 30 13 31 19 12 32 7 20 32 23 26 13 1 0 9 29 0 24 28 6 0 27 32 15 31 6 21 0 9 14 19 5 8 16 22 10 0 3 32 16 24 2 21 23 20 2 8
