run=1 seed=0 k=34 f=0
0 32 9 17 15 3 29 16 33 25 0 33 0 8 29 9 12 24 11 31 1 7 19 5 14 16 10 17 31 27 17 33 22 30 23 33 23 11 16 14 5 33 25 23 1 23 17 1 22 8 19 24 10 2 0 33 0 19 13 0
run=2 seed=1 k=34 f=0
0 32 9 17 15 3 29 16 33 25 0 33 0 8 29 9 12 24 11 31 1 7 19 5 14 16 10 17 31 27 17 33 22 30 23 33 23 11 16 14 5 33 25 23 1 23 17 1 22 8 19 24 10 2 0 33 0 19 13 0
run=3 seed=2 k=34 f=0
12 23 4 33 31 24 29 1 19 8 26 0 18 19 9 8 32 18 6 32 19 11 31 3 26 25 9 0 3 15 33 10 28 33 31 0 16 29 1 25 19 1 5 10 20 13 16 18 4 33 31 6 26 25 14 32 12 1 20 24
run=4 seed=3 k=34 f=0
18 29 14 30 31 8 33 32 2 25 21 1 16 33 16 15 20 14 9 1 5 33 4 6 17 19 23 2 30 22 0 12 4 33 8 0 25 32 0 14 33 31 18 11 33 9 33 22 12 17 7 25 7 8 32 1 26 29 9 9
run=5 seed=4 k=34 f=0
31 14 24 0 13 23 27 15 6 25 30 8 9 30 31 24 32 17 28 23 3 23 33 26 17 2 32 32 20 4 0 25 6 16 25 33 9 15 31 18 13 17 1 11 10 5 0 1 0 17 5 24 33 0 27 8 10 0 16 9
run=6 seed=5 k=34 f=0
19 0 14 25 19 7 12 3 25 33 6 33 24 2 0 25 1 18 32 12 30 17 23 1 18 32 0 9 9 32 0 23 6 33 11 25 16 3 10 15 32 9 23 23 5 17 16 1 30 0 30 14 33 0 26 0 5 27 33 8
run=7 seed=6 k=34 f=0
17 23 31 16 0 0 13 0 26 33 23 33 17 13 28 8 12 8 5 20 18 30 6 0 26 7 23 33 29 13 0 20 22 17 0 25 25 14 11 3 32 33 10 33 19 4 0 0 8 16 6 26 8 0 32 17 29 30 1 8
run=8 seed=7 k=34 f=0
17 29 19 32 13 17 28 7 10 17 17 1 1 33 3 1 18 10 28 13 28 6 3 12 23 6 23 9 11 10 26 9 32 33 29 9 15 1 3 24 31 8 25 18 32 3 0 21 26 25 1 18 33 24 13 33 3 2 14 33
run=9 seed=8 k=34 f=0
16 8 1 25 1 11 30 25 2 8 23 33 0 1 32 8 23 18 24 13 15 30 13 8 33 15 4 0 15 27 12 8 18 25 23 0 33 17 1 20 30 24 19 27 22 31 16 31 12 33 33 19 31 15 2 5 10 4 25 24
run=10 seed=9 k=34 f=0
13 32 15 1 8 27 17 20 17 25 21 21 25 16 20 25 1 12 10 1 0 30 24 15 33 10 33 8 17 8 0 11 23 17 29 33 33 4 21 12 26 18 0 27 2 32 17 0 3 1 24 13 33 2 29 14 30 20 6 9
run=11 seed=10 k=34 f=0
7 30 0 25 16 7 21 25 32 8 22 33 13 14 27 15 16 0 22 6 8 32 23 13 30 22 16 7 33 13 26 23 23 24 12 33 31 17 11 18 6 6 2 0 8 1 0 33 6 16 17 33 0 1 1 15 12 17 26 24
run=12 seed=11 k=34 f=0
17 32 25 33 21 7 29 15 24 17 2 14 23 27 5 9 26 24 6 12 31 30 16 26 33 5 0 17 1 5 14 0 7 1 18 0 33 7 6 18 16 0 23 18 0 19 25 28 21 9 4 7 33 24 26 14 16 0 2 33
run=13 seed=12 k=34 f=0
30 20 9 0 32 9 5 29 31 0 24 33 24 22 0 8 21 15 24 12 24 33 32 16 5 4 24 30 4 25 33 0 11 0 10 8 24 13 6 23 12 17 14 33 0 13 33 18 15 17 6 9 0 15 33 5 29 32 20 25
run=14 seed=13 k=34 f=0
20 14 0 25 11 9 22 19 12 25 4 33 24 22 29 19 29 0 25 33 3 11 19 32 13 12 16 33 16 7 13 0 24 1 5 0 8 32 17 6 22 0 24 0 28 1 17 12 23 33 6 32 6 26 19 31 4 1 17 9
run=15 seed=14 k=34 f=0
11 20 33 12 11 26 15 24 5 24 22 20 17 24 26 32 14 5 21 31 0 33 1 30 10 31 32 10 31 26 26 30 20 24 16 33 17 31 11 33 6 9 19 5 16 19 0 2 1 16 1 33 2 2 25 11 8 3 26 8
run=16 seed=15 k=34 f=0
19 13 32 2 32 27 8 32 12 25 29 11 23 26 20 0 21 21 6 33 11 11 22 3 15 32 33 8 10 5 33 3 4 17 4 17 24 1 11 31 28 8 1 1 10 28 33 28 1 0 2 3 15 33 4 23 26 20 32 8
run=17 seed=16 k=34 f=0
6 18 11 0 27 27 3 28 27 8 13 33 0 5 10 25 7 8 13 28 3 1 1 28 14 14 21 8 24 33 21 23 31 17 33 33 33 1 9 2 14 8 27 33 22 13 16 0 30 0 32 33 14 0 15 20 10 18 33 24
run=18 seed=17 k=34 f=0
3 18 0 17 27 33 24 25 3 25 9 27 5 6 14 22 14 0 14 21 2 1 10 22 15 13 10 31 21 24 26 33 33 7 22 17 0 18 27 13 22 12 12 28 31 33 8 13 23 33 30 17 33 15 30 32 3 0 19 0
run=19 seed=18 k=34 f=0
12 6 30 7 0 20 32 24 2 33 4 27 8 12 16 17 14 0 19 5 29 24 12 27 33 32 14 3 30 0 26 22 9 25 24 25 9 21 15 20 0 1 18 25 21 3 16 31 14 0 23 18 33 33 32 33 1 27 11 8
run=20 seed=19 k=34 f=0
2 12 26 2 3 33 22 21 0 17 33 18 0 26 21 21 30 27 7 14 11 22 17 20 2 19 9 6 23 33 16 20 9 29 33 9 0 10 33 25 9 28 11 8 7 7 0 14 10 25 33 33 8 12 5 3 0 23 33 33
