run=1 seed=0 k=35 f=0
31 11 25 34 2 18 31 20 0 8 2 24 0 29 13 24 22 3 2 8 31 10 16 9 21 5 12 15 29 5 19 4 17 33 24 0 9 21 16 10 29 32 26 14 34 17 16 5 30 25 3 26 12 0 1 19 9 25 1 33
run=2 seed=1 k=35 f=0
31 11 25 34 2 18 31 20 0 8 2 24 0 29 13 24 22 3 2 8 31 10 16 9 21 5 12 15 29 5 19 4 17 33 24 0 9 21 16 10 29 32 26 14 34 17 16 5 30 25 3 26 12 0 1 19 9 25 1 33
run=3 seed=2 k=35 f=0
25 4 33 10 21 23 34 7 15 24 2 29 12 16 12 34 1 3 12 27 1 12 9 25 0 26 17 1 31 23 3 21 4 17 31 33 26 1 0 27 11 19 31 6 18 10 16 11 34 0 14 34 25 8 15 21 14 7 6 8
run=4 seed=3 k=35 f=0
11 5 26 19 22 34 22 26 1 18 28 3 8 9 32 8 14 27 16 26 10 19 12 23 2 22 12 16 28 19 33 5 6 26 16 0 0 28 13 3 23 23 7 34 34 17 26 32 12 9 31 16 0 34 28 0 14 6 29 34
run=5 seed=4 k=35 f=0
21 3 34 29 30 6 32 18 14 26 23 21 9 27 18 1 2 12 23 34 12 14 16 4 21 3 0 22 32 9 20 23 14 9 24 18 16 5 3 7 13 34 27 15 0 21 9 33 32 34 12 0 27 32 16 4 1 5 20 0
run=6 seed=5 k=35 f=0
15 21 10 0 27 14 26 29 23 16 21 8 34 13 6 34 20 32 26 6 19 2 0 8 31 32 20 26 2 26 25 12 4 9 0 24 20 32 32 33 27 7 33 1 18 26 8 18 31 34 30 0 17 1 23 13 10 18 21 0
run=7 seed=6 k=35 f=0
14 5 34 25 8 7 11 8 30 18 0 33 34 33 17 9 0 1 18 25 24 10 0 7 17 26 16 1 16 10 13 10 15 25 1 1 17 3 2 4 30 26 34 2 26 26 10 34 34 26 29 3 20 33 14 27 3 1 18 34
run=8 seed=7 k=35 f=0
34 19 32 1 15 18 31 32 25 34 10 34 26 6 5 25 23 25 15 31 25 18 1 34 14 12 11 33 10 9 7 34 2 0 1 26 17 10 23 14 2 33 27 20 23 2 9 12 26 0 8 0 18 8 30 0 2 21 10 17
run=9 seed=8 k=35 f=0
31 24 8 27 6 13 24 13 33 26 2 19 26 34 32 34 8 0 20 12 25 18 17 32 0 22 34 26 20 33 0 26 0 12 11 18 4 16 32 10 15 11 7 7 28 30 34 6 26 0 5 18 34 20 30 34 16 29 1 8
run=10 seed=9 k=35 f=0
30 16 6 2 30 25 5 33 12 18 1 19 29 33 14 22 34 33 31 15 1 30 21 15 9 24 10 0 9 29 1 2 18 14 18 1 33 3 19 29 27 15 19 4 34 19 26 8 14 10 0 10 21 6 9 7 31 0 25 34
run=11 seed=10 k=35 f=0
20 26 33 0 28 27 5 16 22 9 34 8 24 9 4 34 26 34 16 2 19 24 10 6 24 28 18 2 3 18 7 33 22 18 0 17 11 2 5 22 18 17 31 18 1 11 0 27 5 34 8 0 33 26 11 12 23 33 0 26
run=12 seed=11 k=35 f=0
26 15 22 0 23 33 3 19 11 17 17 18 15 4 13 34 26 9 6 13 5 0 0 21 27 15 27 3 7 33 25 34 30 19 22 0 12 1 1 33 18 6 26 33 11 29 34 25 27 9 5 32 0 27 18 34 18 22 12 26
run=13 seed=12 k=35 f=0
25 9 18 18 23 27 21 18 30 17 13 9 14 4 33 27 32 0 2 30 12 23 30 33 23 27 34 1 2 0 23 5 3 18 0 0 10 4 22 0 14 0 32 18 5 26 34 12 34 9 0 6 32 34 15 0 8 8 14 26
run=14 seed=13 k=35 f=0
20 2 14 16 1 0 20 15 30 8 26 6 0 9 28 9 32 34 13 27 12 33 32 16 0 22 25 26 23 24 34 20 12 17 2 0 0 15 11 5 5 16 10 34 5 8 17 34 9 33 29 21 8 33 21 0 2 4 27 25
run=15 seed=14 k=35 f=0
8 0 33 7 13 23 30 8 13 26 24 34 0 23 26 34 16 16 14 2 5 0 5 3 10 17 0 9 28 25 17 5 28 18 22 9 25 33 11 25 31 7 24 34 20 11 34 1 15 18 19 34 25 1 0 34 17 32 7 0
run=16 seed=15 k=35 f=0
17 27 34 25 13 0 28 0 13 33 33 33 4 24 32 19 27 18 29 11 5 26 21 14 30 11 8 11 20 3 25 34 27 34 25 0 5 4 14 4 0 11 3 1 10 8 25 2 17 9 7 18 32 26 26 10 14 34 21 17
run=17 seed=16 k=35 f=0
0 19 12 12 9 34 0 13 28 17 19 28 34 19 24 9 19 19 6 33 32 29 24 29 0 25 5 1 27 5 13 8 0 17 20 9 34 6 0 7 30 27 9 9 34 9 25 31 10 34 29 3 21 25 32 0 17 22 24 0
run=18 seed=17 k=35 f=0
14 26 33 2 3 28 5 6 32 16 19 34 10 10 12 13 15 22 15 34 21 10 21 13 28 3 13 21 29 13 1 7 1 34 21 24 27 6 18 1 34 33 29 20 7 20 34 6 32 8 0 28 18 0 9 1 21 4 15 0
run=19 seed=18 k=35 f=0
3 10 25 31 1 7 27 27 12 0 1 13 2 0 14 8 27 22 26 13 20 34 16 19 28 6 1 28 9 0 18 13 11 17 19 25 34 33 27 29 4 28 7 22 34 19 8 0 17 34 32 11 34 1 13 25 14 32 0 16
run=20 seed=19 k=35 f=0
5 11 23 32 10 19 6 32 12 34 14 0 0 1 29 0 13 13 13 8 22 1 5 7 28 26 25 16 30 16 9 28 9 26 0 26 34 3 22 31 3 22 31 15 34 3 0 32 29 9 26 27 16 8 23 21 17 23 11 17
