run=1 seed=0 k=21 f=0
1 4 0 9 18 10 15 11 20 10 0 19 20 1 17 7 3 19 16 6
run=2 seed=1 k=21 f=0
1 4 0 9 18 10 15 11 20 10 0 19 20 1 17 7 3 19 16 6
run=3 seed=2 k=21 f=0
18 4 0 9 0 11 15 0 20 9 12 3 12 18 17 12 17 3 0 6
run=4 seed=3 k=21 f=0
0 19 20 11 8 7 5 19 0 0 7 14 15 20 3 9 6 16 18 14
run=5 seed=4 k=21 f=0
0 17 20 0 9 16 6 18 13 1 0 7 16 18 8 19 16 7 6 5
run=6 seed=5 k=21 f=0
1 20 0 9 10 8 15 11 20 20 0 8 6 1 17 7 13 15 19 5
run=7 seed=6 k=21 f=0
0 19 0 18 10 17 12 20 7 18 0 11 9 0 10 20 0 6 9 15
run=8 seed=7 k=21 f=0
11 12 0 9 8 18 15 1 20 0 11 6 13 18 17 19 16 5 0 6
run=9 seed=8 k=21 f=0
0 3 20 11 8 14 5 19 0 0 9 0 19 17 3 20 3 7 6 14
run=10 seed=9 k=21 f=0
16 2 0 18 10 1 12 20 7 20 0 13 19 1 10 0 20 9 10 15
run=11 seed=10 k=21 f=0
13 7 0 9 0 20 15 0 20 20 11 7 9 11 17 7 18 0 2 5
run=12 seed=11 k=21 f=0
8 2 20 0 20 20 8 20 13 2 0 10 17 11 10 13 19 2 14 5
run=13 seed=12 k=21 f=0
11 2 0 9 20 18 15 11 20 0 1 15 10 11 17 16 11 0 2 6
run=14 seed=13 k=21 f=0
7 20 0 20 0 0 14 0 7 20 20 4 7 9 10 1 18 17 20 15
run=15 seed=14 k=21 f=0
0 17 20 11 12 7 5 9 0 20 20 1 9 1 3 8 2 17 13 15
run=16 seed=15 k=21 f=0
20 4 0 9 11 0 15 11 20 19 0 4 11 2 17 5 14 13 8 6
run=17 seed=16 k=21 f=0
13 18 0 20 9 0 5 18 12 20 8 1 5 0 9 5 12 19 6 2
run=18 seed=17 k=21 f=0
0 18 0 19 1 8 12 0 7 11 20 4 8 20 10 6 9 15 19 15
run=19 seed=18 k=21 f=0
10 17 20 0 20 18 6 18 13 12 0 8 11 2 8 20 1 1 4 5
run=20 seed=19 k=21 f=0
20 18 20 2 10 7 8 0 13 2 20 14 7 20 10 12 17 0 13 5
