run=1 seed=0 k=23 f=0
22 0 19 0 9 0 14 2 10 1 17 13 6 18 7 17 20 10 8 22
run=2 seed=1 k=23 f=0
22 0 19 0 9 0 14 2 10 1 17 13 6 18 7 17 20 10 8 22
run=3 seed=2 k=23 f=0
21 0 12 22 13 1 6 17 0 5 4 8 18 22 3 0 21 8 7 9
run=4 seed=3 k=23 f=0
6 3 20 1 0 20 7 17 12 22 5 22 1 10 9 14 18 0 14 22
run=5 seed=4 k=23 f=0
3 17 9 0 0 10 14 3 22 20 16 20 11 11 18 8 20 20 16 11
run=6 seed=5 k=23 f=0
13 22 5 22 2 21 0 7 12 11 20 0 18 20 15 0 8 7 1 2
run=7 seed=6 k=23 f=0
15 7 10 1 18 7 17 12 22 0 1 6 15 9 19 5 13 22 0 7
run=8 seed=7 k=23 f=0
14 11 0 21 0 6 15 0 7 22 21 14 14 13 11 7 1 20 0 16
run=9 seed=8 k=23 f=0
1 19 0 22 5 15 16 7 12 13 22 15 3 22 9 16 2 7 21 2
run=10 seed=9 k=23 f=0
0 1 10 1 10 10 16 4 22 21 18 0 8 1 19 13 4 20 21 12
run=11 seed=10 k=23 f=0
10 10 0 9 1 3 15 11 19 22 0 15 1 10 22 0 8 16 19 6
run=12 seed=11 k=23 f=0
0 15 22 11 19 19 17 5 0 9 14 2 19 0 3 18 11 6 9 19
run=13 seed=12 k=23 f=0
6 21 21 12 8 16 6 14 0 0 4 11 15 17 3 11 17 0 22 22
run=14 seed=13 k=23 f=0
1 18 0 11 4 18 5 14 19 12 3 10 5 22 22 20 12 8 12 8
run=15 seed=14 k=23 f=0
22 22 0 11 0 14 5 17 22 9 8 4 10 20 18 17 5 2 1 3
run=16 seed=15 k=23 f=0
19 8 22 1 1 1 17 6 11 12 15 3 2 22 8 0 9 13 12 20
run=17 seed=16 k=23 f=0
15 14 0 9 22 1 22 0 17 1 11 15 8 10 20 9 19 22 9 5
run=18 seed=17 k=23 f=0
9 8 22 13 1 16 6 22 0 10 4 8 12 20 4 14 7 1 0 9
run=19 seed=18 k=23 f=0
15 15 13 22 20 22 1 20 6 12 10 5 18 1 3 9 12 2 6 15
run=20 seed=19 k=23 f=0
15 14 3 22 4 5 16 5 10 22 14 20 3 13 14 0 17 22 21 0
