run=1 seed=0 k=20 f=0
0 6 0 19 10 19 13 1 7 1 11 7 10 19 11 13 0 6 12 16
run=2 seed=1 k=20 f=0
0 6 0 19 10 19 13 1 7 1 11 7 10 19 11 13 0 6 12 16
run=3 seed=2 k=20 f=0
0 19 0 19 1 19 13 0 7 9 11 15 9 18 10 5 14 12 7 16
run=4 seed=3 k=20 f=0
7 5 19 0 10 0 6 19 12 2 8 0 13 19 8 1 4 15 18 3
run=5 seed=4 k=20 f=0
7 3 0 19 19 17 13 0 7 11 11 5 14 2 11 14 2 0 1 16
run=6 seed=5 k=20 f=0
15 5 0 19 9 1 13 0 7 1 11 4 0 18 11 0 16 9 8 16
run=7 seed=6 k=20 f=0
0 5 19 0 9 19 6 17 12 18 8 4 5 0 9 5 0 12 11 3
run=8 seed=7 k=20 f=0
17 19 19 0 2 3 6 18 12 10 8 0 11 19 9 0 18 11 10 3
run=9 seed=8 k=20 f=0
0 4 0 19 0 13 13 0 7 18 11 4 16 9 10 14 0 6 19 16
run=10 seed=9 k=20 f=0
19 14 0 19 0 12 13 0 7 18 11 5 18 9 11 14 9 0 6 16
run=11 seed=10 k=20 f=0
12 8 19 0 18 3 6 19 12 10 8 14 8 0 8 7 0 19 18 3
run=12 seed=11 k=20 f=0
19 14 0 19 0 12 13 1 7 19 11 18 18 9 10 9 1 0 3 16
run=13 seed=12 k=20 f=0
0 14 19 0 0 15 6 18 12 8 8 0 17 19 9 18 7 7 8 3
run=14 seed=13 k=20 f=0
10 6 19 0 2 0 6 17 12 10 8 14 2 19 8 3 17 19 17 3
run=15 seed=14 k=20 f=0
0 12 0 19 19 8 13 0 7 1 11 5 0 10 11 5 16 19 16 16
run=16 seed=15 k=20 f=0
13 10 0 19 19 6 13 0 7 9 11 4 4 0 11 5 9 19 0 16
run=17 seed=16 k=20 f=0
19 13 19 0 19 3 6 18 12 0 8 12 19 10 9 2 9 13 10 3
run=18 seed=17 k=20 f=0
5 17 0 19 0 19 13 0 7 8 11 15 19 17 11 18 8 11 12 16
run=19 seed=18 k=20 f=0
18 0 19 0 9 2 6 19 12 0 8 1 2 18 9 3 10 10 12 3
run=20 seed=19 k=20 f=0
9 16 0 19 9 0 13 0 7 0 11 4 5 19 11 2 6 19 17 16
