run=1 seed=0 k=25 f=0
8 11 2 14 0 0 8 17 24 21 6 2 15 9 21 1 15 18 22 11
run=2 seed=1 k=25 f=0
8 11 2 14 0 0 8 17 24 21 6 2 15 9 21 1 15 18 22 11
run=3 seed=2 k=25 f=0
15 19 24 0 11 23 8 2 17 2 12 22 24 21 12 24 4 2 6 7
run=4 seed=3 k=25 f=0
21 10 19 10 0 13 24 17 0 14 8 24 18 24 3 16 12 0 1 24
run=5 seed=4 k=25 f=0
1 8 24 15 2 12 0 9 4 10 18 4 14 24 8 14 2 21 23 23
run=6 seed=5 k=25 f=0
14 15 9 0 1 23 20 16 24 9 1 23 10 23 18 20 9 1 3 11
run=7 seed=6 k=25 f=0
16 20 12 24 8 7 17 0 5 0 10 23 5 18 0 3 0 22 23 19
run=8 seed=7 k=25 f=0
2 24 7 23 12 18 13 6 0 3 15 21 6 21 16 20 3 8 24 20
run=9 seed=8 k=25 f=0
4 19 14 24 1 22 7 21 2 13 10 6 21 22 5 19 0 10 15 16
run=10 seed=9 k=25 f=0
10 24 24 5 5 3 19 0 15 23 10 22 8 14 12 15 9 22 21 23
run=11 seed=10 k=25 f=0
20 8 3 12 15 2 18 14 23 7 3 23 3 24 20 6 20 13 12 9
run=12 seed=11 k=25 f=0
3 19 22 0 0 20 6 23 14 23 0 16 18 9 11 19 6 9 13 6
run=13 seed=12 k=25 f=0
23 14 0 11 2 5 5 16 21 14 7 19 7 24 18 4 7 17 12 1
run=14 seed=13 k=25 f=0
15 6 24 15 10 1 9 0 5 1 11 4 12 19 1 3 12 23 8 19
run=15 seed=14 k=25 f=0
24 2 1 13 23 13 7 0 24 10 10 14 15 0 21 10 21 2 5 16
run=16 seed=15 k=25 f=0
18 0 0 11 23 1 24 13 19 3 3 17 19 14 22 0 14 11 24 8
run=17 seed=16 k=25 f=0
19 13 0 23 24 11 17 13 8 13 4 0 19 2 13 12 19 4 1 19
run=18 seed=17 k=25 f=0
15 7 14 24 11 24 7 11 3 2 23 15 4 20 0 20 8 2 7 18
run=19 seed=18 k=25 f=0
23 20 2 23 1 7 10 2 15 22 21 12 22 13 12 13 20 0 1 7
run=20 seed=19 k=25 f=0
24 1 23 0 24 15 14 21 8 14 2 24 15 1 12 0 4 7 3 16
