run=1 seed=0 k=22 f=0
21 10 21 10 0 14 16 21 0 19 9 14 16 9 3 15 20 7 2 14
run=2 seed=1 k=22 f=0
21 10 21 10 0 14 16 21 0 19 9 14 16 9 3 15 20 7 2 14
run=3 seed=2 k=22 f=0
8 19 21 12 0 0 5 9 0 20 20 5 7 9 3 13 2 21 15 15
run=4 seed=3 k=22 f=0
0 1 0 21 18 7 6 0 13 0 17 5 21 9 9 11 4 21 13 5
run=5 seed=4 k=22 f=0
13 9 20 0 0 20 7 18 13 19 9 15 6 9 9 8 18 0 1 3
run=6 seed=5 k=22 f=0
11 21 9 0 11 20 15 6 21 3 17 0 14 20 18 19 0 0 5 11
run=7 seed=6 k=22 f=0
1 17 21 2 20 21 8 0 13 10 17 21 7 0 10 20 12 7 15 5
run=8 seed=7 k=22 f=0
15 7 21 11 1 2 5 9 0 11 20 1 15 20 3 20 2 9 8 15
run=9 seed=8 k=22 f=0
6 16 21 0 21 21 15 4 9 11 13 17 14 1 12 0 14 12 13 19
run=10 seed=9 k=22 f=0
3 12 0 18 21 20 12 0 7 12 14 9 20 1 10 19 12 12 9 21
run=11 seed=10 k=22 f=0
10 16 9 0 2 2 15 11 21 21 0 17 14 11 18 0 18 16 19 5
run=12 seed=11 k=22 f=0
11 18 20 1 11 2 7 21 13 3 0 8 8 21 10 1 21 20 17 5
run=13 seed=12 k=22 f=0
8 8 0 11 1 19 5 14 21 9 2 21 19 18 18 20 11 2 0 7
run=14 seed=13 k=22 f=0
8 17 9 0 21 20 14 5 21 0 17 8 10 10 18 16 9 2 0 10
run=15 seed=14 k=22 f=0
3 14 10 21 10 20 15 8 3 0 18 12 16 20 0 19 14 10 11 13
run=16 seed=15 k=22 f=0
19 0 0 21 3 5 15 0 7 11 11 20 0 20 12 1 5 12 11 17
run=17 seed=16 k=22 f=0
16 15 11 0 21 1 6 13 18 12 0 19 1 1 21 21 17 10 9 7
run=18 seed=17 k=22 f=0
13 7 21 0 0 21 15 2 8 9 21 16 13 21 12 0 8 7 2 16
run=19 seed=18 k=22 f=0
16 20 21 0 11 0 6 21 14 3 0 6 10 21 8 21 14 10 7 6
run=20 seed=19 k=22 f=0
6 6 21 10 3 20 16 21 0 12 10 14 21 21 3 1 8 13 14 15
