run=1 seed=0 k=24 f=0
0 22 0 20 4 7 14 22 8 13 2 19 2 23 12 9 12 18 16 16
run=2 seed=1 k=24 f=0
0 22 0 20 4 7 14 22 8 13 2 19 2 23 12 9 12 18 16 16
run=3 seed=2 k=24 f=0
15 7 12 21 21 2 0 23 5 3 13 3 21 12 2 9 14 21 9 18
run=4 seed=3 k=24 f=0
17 1 0 23 9 4 13 21 7 0 0 4 9 19 10 9 0 23 11 15
run=5 seed=4 k=24 f=0
21 11 9 0 19 1 14 18 23 10 8 4 10 0 19 6 22 13 9 13
run=6 seed=5 k=24 f=0
0 5 16 0 23 16 10 4 23 13 19 8 12 4 7 20 4 8 22 14
run=7 seed=6 k=24 f=0
21 1 1 23 20 5 12 3 8 10 23 19 21 0 16 3 0 12 15 16
run=8 seed=7 k=24 f=0
21 3 13 2 21 3 8 15 20 1 5 1 19 12 23 0 10 10 13 10
run=9 seed=8 k=24 f=0
1 0 21 11 8 13 5 16 0 0 7 21 4 23 3 14 11 22 21 22
run=10 seed=9 k=24 f=0
19 2 22 12 10 5 6 14 0 20 4 19 10 1 3 4 17 12 11 21
run=11 seed=10 k=24 f=0
7 16 13 0 1 17 7 2 20 11 16 5 0 21 23 13 0 1 23 10
run=12 seed=11 k=24 f=0
23 14 22 4 3 7 10 1 15 23 19 12 14 14 12 9 1 17 16 7
run=13 seed=12 k=24 f=0
8 2 2 11 19 15 17 9 23 0 0 21 13 9 19 16 11 1 23 15
run=14 seed=13 k=24 f=0
23 5 13 23 1 16 7 11 0 11 23 19 22 20 3 18 21 3 8 18
run=15 seed=14 k=24 f=0
12 20 10 0 1 20 23 2 17 10 12 16 0 21 20 17 20 2 1 7
run=16 seed=15 k=24 f=0
3 18 1 23 8 12 12 0 8 0 21 5 8 20 16 9 5 19 20 16
run=17 seed=16 k=24 f=0
8 21 23 0 3 23 7 23 15 23 0 17 23 12 12 2 21 16 1 7
run=18 seed=17 k=24 f=0
1 13 23 0 9 8 8 23 16 23 1 12 11 0 11 7 0 21 18 7
run=19 seed=18 k=24 f=0
22 14 0 9 11 6 15 0 20 21 10 22 2 2 23 0 10 16 14 5
run=20 seed=19 k=24 f=0
0 8 23 8 15 15 2 22 16 23 12 16 1 6 0 9 22 23 7 5
