run=1 seed=0 k=41 f=0
13 36 0 30 7 6 6 0 22 17 27 6 17 34 12 22 14 36 0 13 23 40 33 20 2 39 5 26 40 13 16 36 30 18 40 39 37 27 24 0
run=2 seed=1 k=41 f=0
13 36 0 30 7 6 6 0 22 17 27 6 17 34 12 22 14 36 0 13 23 40 33 20 2 39 5 26 40 13 16 36 30 18 40 39 37 27 24 0
run=3 seed=2 k=41 f=0
24 15 11 21 12 7 6 11 0 20 40 31 10 37 39 9 14 0 1 16 20 23 21 40 37 30 5 25 7 1 38 25 16 36 31 33 3 24 10 0
run=4 seed=3 k=41 f=0
22 8 6 31 35 6 0 18 40 9 2 22 34 24 24 39 35 28 0 11 25 11 23 15 12 15 34 25 12 29 37 25 40 23 16 31 4 18 10 3
run=5 seed=4 k=41 f=0
0 23 16 5 1 37 40 1 28 29 18 14 39 15 25 29 2 17 31 13 2 25 19 7 8 34 24 37 5 34 13 40 23 12 22 14 27 7 40 40
run=6 seed=5 k=41 f=0
25 13 0 37 34 37 28 9 24 25 30 36 9 9 30 40 1 11 31 4 19 36 14 1 30 11 40 4 20 0 26 16 17 17 40 8 37 29 40 19
run=7 seed=6 k=41 f=0
18 20 0 27 16 34 19 23 15 0 9 20 18 38 40 0 28 24 40 40 26 3 35 0 12 9 3 6 37 32 37 30 10 39 21 27 35 1 4 11
run=8 seed=7 k=41 f=0
25 2 5 37 40 10 31 40 25 0 20 0 38 17 28 31 4 17 19 2 2 8 40 33 14 16 14 18 10 27 37 33 0 0 11 40 10 27 7 36
run=9 seed=8 k=41 f=0
8 17 9 36 21 24 29 22 17 9 9 30 28 30 0 3 14 32 31 4 20 1 26 15 35 23 27 6 3 37 32 39 0 13 0 40 5 39 19 37
run=10 seed=9 k=41 f=0
31 22 22 40 30 3 7 2 32 2 23 27 0 13 2 39 3 24 25 18 11 38 21 17 10 13 40 6 36 13 32 9 40 27 37 10 24 35 0 27
run=11 seed=10 k=41 f=0
23 15 15 0 31 7 7 27 32 13 0 31 36 40 25 9 17 37 1 8 9 14 1 16 31 38 40 27 22 40 4 18 31 22 7 40 25 13 11 35
run=12 seed=11 k=41 f=0
19 38 2 40 12 7 25 5 32 39 39 12 12 3 27 11 7 34 13 0 40 18 36 40 27 14 26 19 1 31 8 14 27 10 25 0 21 0 34 15
run=13 seed=12 k=41 f=0
26 39 1 37 36 40 16 2 25 26 38 19 18 5 30 17 24 32 33 33 34 23 33 19 6 10 7 4 32 10 18 17 9 31 14 0 25 3 15 40
run=14 seed=13 k=41 f=0
8 36 10 0 23 30 30 12 26 4 32 8 35 14 34 40 21 20 14 39 1 38 6 39 15 20 19 10 40 24 20 5 0 6 29 23 15 5 33 39
run=15 seed=14 k=41 f=0
40 8 28 17 0 28 34 13 40 12 36 31 35 31 37 20 28 7 34 31 28 23 8 14 35 6 23 24 21 5 40 3 0 0 18 21 22 11 9 3
run=16 seed=15 k=41 f=0
33 26 31 11 35 7 17 8 24 24 30 13 37 15 19 4 0 40 39 15 30 0 16 26 26 1 1 39 2 22 10 37 16 40 7 0 7 22 22 31
run=17 seed=16 k=41 f=0
40 26 4 24 9 7 38 26 33 0 40 22 14 21 36 24 6 0 1 9 21 17 14 33 37 15 1 14 31 1 36 19 16 8 29 25 7 31 10 39
run=18 seed=17 k=41 f=0
40 1 23 13 30 7 5 33 0 38 11 37 28 6 3 31 7 14 13 17 22 18 40 22 17 33 38 39 5 0 15 26 32 39 21 0 6 16 26 33
run=19 seed=18 k=41 f=0
32 32 11 29 20 40 4 39 0 33 29 35 27 4 40 2 37 24 26 34 3 23 22 8 12 20 22 6 3 8 18 9 18 15 12 0 12 37 12 26
run=20 seed=19 k=41 f=0
40 25 21 1 17 24 26 39 33 2 28 22 38 33 37 30 37 16 18 23 30 9 21 0 2 11 15 9 11 0 35 4 10 17 26 31 18 5 4 13
