run=1 seed=0 k=47 f=0
46 4 18 44 45 26 12 1 28 6 10 41 44 28 32 29 9 19 20 36 34 37 18 38 40 1 44 17 20 46 27 20 11 24 39 1 3 21 34 22
run=2 seed=1 k=47 f=0
46 4 18 44 45 26 12 1 28 6 10 41 44 28 32 29 9 19 20 36 34 37 18 38 40 1 44 17 20 46 27 20 11 24 39 1 3 21 34 22
run=3 seed=2 k=47 f=0
22 27 33 24 10 46 0 5 12 37 24 44 38 26 8 15 30 30 28 31 11 16 38 15 5 42 0 44 33 38 12 45 6 46 0 39 1 26 0 13
run=4 seed=3 k=47 f=0
46 46 4 31 5 24 9 45 14 13 0 17 29 36 20 4 27 31 18 40 2 33 45 38 14 46 10 23 28 23 35 27 0 18 43 9 42 18 32 18
run=5 seed=4 k=47 f=0
19 0 6 46 40 30 31 9 38 28 33 3 36 13 34 33 0 2 0 25 6 24 12 9 46 19 0 33 20 45 12 16 46 15 46 37 28 20 26 20
run=6 seed=5 k=47 f=0
45 10 0 18 38 0 5 22 9 26 2 41 3 1 42 3 41 38 17 29 13 35 14 9 29 31 17 45 27 12 0 42 26 43 20 35 43 25 4 31
run=7 seed=6 k=47 f=0
44 2 28 15 14 34 0 30 7 24 11 5 5 36 2 17 36 27 28 20 27 21 25 19 6 45 36 26 22 41 11 45 0 35 46 9 43 19 37 11
run=8 seed=7 k=47 f=0
40 33 5 32 29 33 22 17 12 43 43 27 36 19 16 21 16 0 46 38 46 10 45 6 7 41 27 11 8 35 24 3 15 0 36 26 21 13 0 6
run=9 seed=8 k=47 f=0
16 41 38 0 20 7 33 17 11 6 36 2 29 42 7 1 45 44 42 27 40 6 17 34 28 25 4 7 12 26 23 43 24 45 34 0 21 12 30 13
run=10 seed=9 k=47 f=0
24 42 42 0 45 32 21 7 15 6 19 35 27 22 12 0 21 18 16 37 18 37 36 46 13 27 46 5 0 27 26 26 8 46 32 39 1 9 2 42
run=11 seed=10 k=47 f=0
8 13 38 29 2 15 8 0 20 40 16 5 31 20 2 1 37 46 2 45 39 33 13 40 24 14 9 22 28 23 36 34 31 44 30 22 21 9 45 46
run=12 seed=11 k=47 f=0
45 10 26 8 44 10 1 34 46 21 9 31 45 30 43 11 15 31 39 24 25 24 27 24 39 17 16 20 21 45 1 2 0 39 4 17 34 9 7 37
run=13 seed=12 k=47 f=0
0 33 24 45 24 39 16 0 31 16 14 5 27 34 38 5 21 20 21 7 15 26 39 30 30 8 26 8 24 43 18 41 8 37 46 46 37 7 35 2
run=14 seed=13 k=47 f=0
31 32 38 19 10 24 31 14 9 18 23 5 4 42 26 14 11 38 37 31 30 38 1 46 35 0 4 1 46 0 18 41 10 46 24 0 42 20 16 37
run=15 seed=14 k=47 f=0
14 26 46 32 42 43 22 18 8 2 0 6 12 32 2 19 32 26 23 25 39 43 42 7 1 14 33 3 39 27 45 46 33 4 23 0 24 45 46 11
run=16 seed=15 k=47 f=0
30 41 1 41 10 10 22 44 17 26 4 41 37 39 29 17 11 24 21 9 11 14 28 37 40 10 23 24 27 36 4 32 0 31 33 46 46 28 7 19
run=17 seed=16 k=47 f=0
30 26 10 24 46 45 31 21 41 3 35 24 33 36 35 14 8 38 36 15 4 1 36 0 45 0 45 35 8 46 9 5 22 14 21 7 13 43 16 43
run=18 seed=17 k=47 f=0
25 30 16 46 15 6 1 24 29 4 45 31 41 36 5 37 13 19 0 39 12 32 5 44 28 35 18 6 19 7 19 8 33 12 46 16 18 31 40 27
run=19 seed=18 k=47 f=0
9 1 16 31 43 39 37 14 43 12 1 28 13 1 40 33 24 3 33 8 4 7 42 16 0 3 21 10 41 33 26 35 25 22 38 0 39 0 46 6
run=20 seed=19 k=47 f=0
31 9 21 10 13 21 16 2 37 25 33 28 22 4 31 19 29 40 37 27 30 39 46 10 7 1 18 1 13 20 36 45 0 28 39 46 46 8 24 16
