run=1 seed=0 k=37 f=0
14 35 36 1 0 27 29 11 20 31 36 16 22 16 25 2 13 20 21 4 29 0 36 7 25 12 16 22 0 23 13 28 36 16 5 0 36 10 30 26
run=2 seed=1 k=37 f=0
14 35 36 1 0 27 29 11 20 31 36 16 22 16 25 2 13 20 21 4 29 0 36 7 25 12 16 22 0 23 13 28 36 16 5 0 36 10 30 26
run=3 seed=2 k=37 f=0
22 4 36 6 20 9 0 16 28 28 35 21 3 7 25 36 23 16 15 11 12 9 3 29 12 16 24 36 0 27 26 1 0 22 1 36 33 20 6 13
run=4 seed=3 k=37 f=0
14 33 0 36 11 27 18 0 24 2 20 24 15 26 27 35 10 20 21 13 21 31 17 7 4 10 5 25 4 13 7 32 36 6 19 0 7 30 30 36
run=5 seed=4 k=37 f=0
14 21 11 0 26 27 16 10 26 34 22 36 18 10 20 4 29 20 21 16 24 2 36 7 17 32 32 36 0 30 9 3 36 36 20 0 10 32 30 1
run=6 seed=5 k=37 f=0
14 18 35 25 36 27 9 36 14 24 7 0 12 11 17 7 4 20 21 29 22 1 36 7 25 0 18 0 14 24 33 0 36 31 17 0 3 28 30 32
run=7 seed=6 k=37 f=0
14 12 10 19 5 27 4 0 36 27 32 36 28 14 0 32 0 20 21 16 10 11 23 7 7 30 26 28 8 21 2 7 36 26 21 0 35 18 30 33
run=8 seed=7 k=37 f=0
22 21 26 17 12 9 0 36 9 27 13 31 7 36 2 4 26 16 15 0 18 7 16 29 36 35 31 33 1 26 5 20 0 31 18 36 35 24 6 5
run=9 seed=8 k=37 f=0
22 35 32 0 1 9 26 10 15 31 30 15 6 22 21 36 21 16 15 36 36 19 10 29 1 9 5 7 36 0 22 23 0 36 13 36 14 30 6 4
run=10 seed=9 k=37 f=0
14 20 36 6 10 27 29 36 21 25 25 19 18 0 27 2 19 20 21 30 26 15 34 7 25 15 1 4 10 5 35 11 36 0 32 0 34 2 30 7
run=11 seed=10 k=37 f=0
22 11 4 13 31 9 29 36 21 21 26 33 11 10 25 5 36 16 15 31 36 17 20 29 30 35 17 22 20 5 36 3 0 0 4 36 1 24 6 16
run=12 seed=11 k=37 f=0
14 16 19 2 23 27 24 7 12 14 26 13 32 36 9 0 21 20 21 20 11 0 14 7 34 31 0 28 33 19 7 33 36 36 3 0 21 4 30 31
run=13 seed=12 k=37 f=0
22 31 36 10 7 9 16 36 0 15 14 23 34 24 3 1 23 16 15 30 16 23 9 29 36 27 4 19 0 7 10 21 0 31 0 36 23 6 6 35
run=14 seed=13 k=37 f=0
22 1 19 28 25 9 4 19 36 13 32 1 23 35 1 3 32 16 15 24 10 26 15 29 26 10 1 36 15 8 11 10 0 14 19 36 0 32 6 4
run=15 seed=14 k=37 f=0
14 21 29 19 4 27 10 30 36 14 8 3 29 34 12 33 1 20 21 25 17 2 9 7 24 3 2 12 23 17 0 15 36 25 20 0 2 11 30 29
run=16 seed=15 k=37 f=0
22 18 19 1 24 9 13 29 36 36 0 35 2 2 8 34 10 16 15 24 10 6 21 29 4 28 6 28 12 17 2 15 0 23 17 36 21 35 6 31
run=17 seed=16 k=37 f=0
14 2 10 28 7 27 4 8 0 36 31 36 10 27 35 34 29 20 21 36 24 25 11 7 2 19 14 11 2 16 29 23 36 36 20 0 31 18 30 1
run=18 seed=17 k=37 f=0
22 12 15 25 33 9 9 5 0 20 36 30 18 0 6 35 32 16 15 10 36 28 0 29 10 36 30 28 0 13 1 21 0 19 14 36 3 27 6 5
run=19 seed=18 k=37 f=0
14 32 1 24 14 27 30 26 35 4 0 22 5 34 32 4 0 20 21 5 24 6 26 7 35 14 31 5 6 36 23 19 36 18 19 0 33 14 30 10
run=20 seed=19 k=37 f=0
14 20 1 32 5 27 7 1 11 16 20 14 26 34 14 0 3 20 21 26 14 36 15 7 30 23 6 35 35 27 10 35 36 16 28 0 8 35 30 11
