run=1 seed=0 k=50 f=0
49 36 27 15 43 35 36 42 49 21 12 27 21 9 3 7 40 42 41 36 11 18 17 24 32 42 24 23 38 0 8 2 4 8 3 17 43 6 31 29
run=2 seed=1 k=50 f=0
49 36 27 15 43 35 36 42 49 21 12 27 21 9 3 7 40 42 41 36 11 18 17 24 32 42 24 23 38 0 8 2 4 8 3 17 43 6 31 29
run=3 seed=2 k=50 f=0
40 19 9 25 11 48 14 27 45 27 16 33 49 43 18 49 4 23 0 0 39 37 36 17 17 34 10 30 46 7 47 36 32 2 20 9 2 27 23 48
run=4 seed=3 k=50 f=0
46 35 17 40 25 18 22 26 1 14 8 33 43 39 4 41 14 8 1 45 15 42 0 27 23 49 35 43 18 1 22 17 36 31 6 11 0 28 23 28
run=5 seed=4 k=50 f=0
1 43 48 37 25 37 25 13 29 35 44 4 11 14 3 14 2 44 47 49 17 33 43 28 23 18 22 17 38 21 30 5 10 6 49 19 44 24 33 22
run=6 seed=5 k=50 f=0
45 15 43 0 18 4 12 49 23 31 27 37 32 4 10 18 37 26 28 36 14 5 6 20 31 34 44 23 2 17 46 13 37 39 49 11 40 21 0 15
run=7 seed=6 k=50 f=0
41 35 27 49 8 32 36 43 2 28 34 49 20 43 42 16 0 49 48 28 1 9 40 22 7 11 20 24 7 25 5 10 12 19 16 3 9 47 28 33
run=8 seed=7 k=50 f=0
26 23 49 21 11 43 42 47 0 3 17 21 31 26 10 5 28 14 20 25 18 3 38 4 49 34 11 42 7 30 13 34 34 12 36 11 7 44 47 8
run=9 seed=8 k=50 f=0
6 16 42 0 5 22 6 21 27 13 11 31 17 47 30 26 0 48 0 47 5 38 47 13 37 16 34 37 5 0 3 3 32 47 29 43 43 35 17 20
run=10 seed=9 k=50 f=0
8 24 15 4 30 1 20 28 40 2 6 13 8 39 37 15 9 40 46 49 14 0 31 24 49 26 36 13 49 42 40 14 34 48 23 17 23 45 28 46
run=11 seed=10 k=50 f=0
1 42 33 5 18 27 25 2 47 7 23 5 44 28 44 31 20 38 21 18 18 44 5 49 42 17 7 23 38 16 7 33 9 11 37 42 11 35 32 12
run=12 seed=11 k=50 f=0
37 11 47 2 3 45 13 31 17 44 46 16 37 34 11 25 31 14 13 26 23 4 17 21 5 35 12 48 1 39 26 38 0 23 22 28 49 5 48 10
run=13 seed=12 k=50 f=0
14 40 47 8 34 5 14 23 28 14 0 19 7 24 18 4 7 35 38 5 43 48 19 22 38 36 16 17 30 37 8 40 46 32 0 29 18 29 2 40
run=14 seed=13 k=50 f=0
40 31 27 41 14 24 32 9 49 1 0 29 12 44 1 1 37 48 8 14 47 23 9 33 43 14 25 42 43 38 11 35 0 4 27 17 19 27 48 17
run=15 seed=14 k=50 f=0
0 34 1 27 23 38 6 0 19 9 28 37 10 0 46 35 46 6 9 33 25 49 9 48 21 12 12 18 13 21 2 48 28 33 31 19 43 29 42 15
run=16 seed=15 k=50 f=0
41 0 47 5 46 15 24 42 36 28 3 35 44 0 17 25 3 7 22 48 25 31 43 0 10 30 18 31 49 18 15 28 49 12 10 32 13 35 11 23
run=17 seed=16 k=50 f=0
42 13 17 0 49 23 27 5 33 38 29 25 19 11 8 12 5 4 49 23 39 14 23 14 38 45 0 2 1 40 37 48 33 49 20 7 11 48 19 44
run=18 seed=17 k=50 f=0
41 33 41 12 39 9 4 41 49 9 1 15 29 26 32 47 8 27 0 27 19 11 20 48 33 22 8 0 49 28 46 17 33 36 16 17 45 11 27 44
run=19 seed=18 k=50 f=0
28 20 5 47 26 48 37 2 22 47 46 28 22 6 14 13 20 0 1 31 44 28 31 20 48 31 39 5 14 19 45 13 10 12 12 39 12 2 16 36
run=20 seed=19 k=50 f=0
34 26 48 2 37 41 21 47 16 14 27 14 15 26 9 20 26 49 28 38 47 6 5 20 38 28 20 13 5 36 43 5 11 41 7 2 6 28 47 43
