run=1 seed=0 k=49 f=0
15 39 43 5 29 2 24 42 14 17 9 47 44 1 20 39 17 22 21 23 3 31 5 37 30 30 33 48 29 2 5 0 46 47 10 30 11 35 8 38
run=2 seed=1 k=49 f=0
15 39 43 5 29 2 24 42 14 17 9 47 44 1 20 39 17 22 21 23 3 31 5 37 30 30 33 48 29 2 5 0 46 47 10 30 11 35 8 38
run=3 seed=2 k=49 f=0
0 4 5 45 21 9 25 0 12 44 16 36 5 0 19 35 18 24 26 48 29 9 26 18 4 33 40 38 45 30 23 23 34 38 10 48 22 42 12 34
run=4 seed=3 k=49 f=0
7 47 40 0 11 0 22 5 14 35 38 32 7 23 18 47 41 22 25 44 18 32 33 48 19 29 0 33 21 16 5 25 33 45 2 16 39 24 39 28
run=5 seed=4 k=49 f=0
30 3 20 1 39 14 42 25 34 20 40 21 16 1 46 10 23 46 48 6 25 7 0 23 39 10 47 11 46 33 35 16 3 15 45 39 8 38 17 7
run=6 seed=5 k=49 f=0
41 29 40 2 14 5 8 15 30 0 35 22 29 27 26 30 18 47 48 47 47 22 46 24 3 15 25 21 2 42 47 8 14 48 8 32 4 20 8 39
run=7 seed=6 k=49 f=0
7 33 14 25 29 38 46 16 1 0 25 21 4 12 5 41 0 48 13 10 11 3 19 0 10 40 31 6 47 42 17 43 27 36 36 45 30 38 35 46
run=8 seed=7 k=49 f=0
48 47 15 36 15 32 10 0 5 7 26 45 34 34 47 25 16 39 41 17 48 46 38 0 0 26 9 32 33 17 13 33 10 30 1 25 8 16 16 43
run=9 seed=8 k=49 f=0
8 30 44 25 21 39 32 28 1 39 15 21 40 10 34 33 14 47 48 33 6 46 45 25 21 15 21 8 38 0 40 42 0 19 33 18 17 48 33 24
run=10 seed=9 k=49 f=0
24 23 10 1 43 6 30 26 47 13 1 13 40 22 22 47 34 30 0 32 31 39 21 36 4 38 9 14 44 8 5 18 16 20 48 47 5 14 31 1
run=11 seed=10 k=49 f=0
27 42 35 14 21 43 40 16 44 12 25 29 25 47 25 35 11 20 21 10 9 48 25 13 45 0 0 15 3 34 28 33 2 4 0 36 32 40 9 39
run=12 seed=11 k=49 f=0
18 23 15 41 16 30 8 16 25 25 6 48 48 36 33 29 33 44 24 1 12 37 21 0 39 1 34 11 36 26 33 46 10 48 43 38 24 7 4 6
run=13 seed=12 k=49 f=0
32 47 14 3 23 0 9 45 29 7 12 16 10 40 33 37 18 14 16 40 26 34 0 24 11 44 6 15 36 5 37 19 45 25 28 7 3 37 39 48
run=14 seed=13 k=49 f=0
37 27 28 1 33 28 40 3 46 6 42 18 42 22 37 29 18 45 48 37 20 48 47 19 11 11 14 42 48 24 13 27 2 18 28 11 30 16 24 0
run=15 seed=14 k=49 f=0
48 42 48 23 34 15 38 27 3 26 41 34 37 1 35 19 23 36 42 20 19 48 4 3 31 14 34 3 21 1 23 11 24 9 15 33 30 4 12 39
run=16 seed=15 k=49 f=0
17 43 46 4 11 10 41 0 23 23 47 37 19 46 33 7 47 24 23 14 12 7 18 45 29 14 5 4 7 17 25 35 34 32 39 1 33 42 41 7
run=17 seed=16 k=49 f=0
43 4 47 5 18 26 32 12 17 27 34 19 27 42 35 30 26 19 17 26 36 43 0 36 48 25 41 29 45 0 39 1 9 21 6 0 8 18 29 15
run=18 seed=17 k=49 f=0
21 29 30 48 1 30 40 34 0 27 4 9 34 41 17 34 2 42 36 13 25 12 9 48 47 8 39 10 27 48 43 23 12 25 21 0 45 12 44 35
run=19 seed=18 k=49 f=0
36 10 39 4 3 25 17 6 12 34 36 0 39 12 19 8 29 17 19 0 29 44 39 45 21 48 46 39 44 21 30 20 11 26 47 2 7 17 28 19
run=20 seed=19 k=49 f=0
0 47 47 5 38 7 42 2 21 27 48 21 21 8 29 12 48 46 48 43 15 17 40 40 31 15 29 26 37 26 3 13 23 33 18 14 39 10 34 1
