run=1 seed=0 k=46 f=0
16 0 29 39 29 38 45 24 4 1 0 39 6 40 7 45 38 10 8 12 39 34 6 0 24 16 30 23 15 7 45 44 28 12 17 45 45 32 34 26
run=2 seed=1 k=46 f=0
16 0 29 39 29 38 45 24 4 1 0 39 6 40 7 45 38 10 8 12 39 34 6 0 24 16 30 23 15 7 45 44 28 12 17 45 45 32 34 26
run=3 seed=2 k=46 f=0
10 44 44 24 15 22 39 35 3 29 44 31 41 39 17 23 36 31 28 18 28 1 15 44 5 33 10 20 2 25 35 28 2 13 3 37 20 33 19 45
run=4 seed=3 k=46 f=0
44 3 12 45 13 37 31 42 35 0 29 38 1 33 23 5 30 17 2 23 15 20 14 23 23 2 11 21 8 0 34 2 11 6 44 30 27 10 18 10
run=5 seed=4 k=46 f=0
18 17 8 31 3 34 0 35 20 43 14 20 30 12 17 13 43 43 41 7 6 8 0 25 33 40 28 40 8 45 1 43 10 25 19 1 14 38 30 34
run=6 seed=5 k=46 f=0
35 45 45 22 40 42 28 32 14 0 20 0 20 20 0 44 1 13 8 2 14 41 13 19 23 34 10 17 40 5 1 40 0 10 9 26 6 40 45 29
run=7 seed=6 k=46 f=0
14 7 36 11 40 7 2 39 45 24 27 45 5 15 0 0 12 32 1 33 35 10 30 44 39 25 4 17 9 19 33 18 22 31 0 37 18 44 28 35
run=8 seed=7 k=46 f=0
35 11 14 34 5 23 2 11 6 23 33 44 37 14 45 30 24 41 29 16 20 43 39 3 5 24 25 30 3 26 1 40 14 20 36 44 0 12 8 45
run=9 seed=8 k=46 f=0
24 25 20 10 5 14 2 7 35 35 45 24 26 26 32 0 24 30 37 2 41 24 13 0 36 45 13 43 3 15 9 25 45 39 17 7 3 15 17 40
run=10 seed=9 k=46 f=0
8 24 37 1 28 31 11 37 24 44 18 25 8 1 9 45 14 20 37 32 2 26 37 45 5 18 42 37 11 4 0 6 0 43 23 24 30 16 15 32
run=11 seed=10 k=46 f=0
26 10 0 21 7 1 27 9 41 45 45 15 24 25 44 21 36 33 19 3 32 1 45 10 4 34 28 33 1 33 19 16 45 14 2 36 17 40 6 12
run=12 seed=11 k=46 f=0
34 43 19 28 19 15 37 43 0 9 18 2 42 37 39 45 11 6 9 23 36 12 4 41 29 10 9 8 34 29 32 32 0 4 24 23 0 31 45 43
run=13 seed=12 k=46 f=0
6 44 18 43 29 44 23 45 0 13 4 8 32 0 8 34 13 23 0 22 22 36 20 29 44 32 12 24 28 18 34 34 14 9 6 37 40 9 20 41
run=14 seed=13 k=46 f=0
27 41 7 36 4 20 30 38 14 15 1 33 28 33 45 43 35 10 43 24 21 23 11 4 21 23 7 30 19 11 2 45 35 43 9 13 7 43 0 20
run=15 seed=14 k=46 f=0
39 17 2 31 23 18 25 40 45 32 8 4 10 0 38 17 28 2 0 3 41 33 45 32 36 18 33 3 29 19 26 16 8 13 40 25 21 31 14 13
run=16 seed=15 k=46 f=0
19 8 2 27 24 7 36 0 11 6 33 26 2 39 42 25 45 38 13 43 9 20 34 29 4 17 5 41 10 42 28 21 44 6 18 0 16 36 37 27
run=17 seed=16 k=46 f=0
39 37 1 29 17 1 21 27 17 26 11 15 31 45 14 32 19 8 45 3 11 0 5 14 43 41 22 22 45 36 8 34 30 45 12 21 19 42 9 36
run=18 seed=17 k=46 f=0
19 15 28 1 1 38 9 33 45 13 3 42 21 32 18 14 30 3 0 11 12 42 23 10 41 39 41 26 11 19 39 21 29 24 44 45 1 37 35 5
run=19 seed=18 k=46 f=0
45 43 32 21 13 28 1 45 6 36 31 5 18 24 3 9 15 39 38 25 31 15 39 9 24 43 17 31 39 24 10 38 0 39 6 16 38 2 25 44
run=20 seed=19 k=46 f=0
15 14 0 10 39 32 27 0 31 31 13 39 3 14 35 29 40 21 0 22 39 44 13 8 0 45 6 44 25 34 35 41 42 17 25 24 22 45 35 5
