run=1 seed=0 k=40 f=0
32 26 22 35 33 7 27 32 6 21 2 27 2 11 3 3 21 38 39 14 11 8 36 25 15 12 22 39 39 22 14 39 16 16 28 0 33 16 10 2
run=2 seed=1 k=40 f=0
32 26 22 35 33 7 27 32 6 21 2 27 2 11 3 3 21 38 39 14 11 8 36 25 15 12 22 39 39 22 14 39 16 16 28 0 33 16 10 2
run=3 seed=2 k=40 f=0
9 39 28 17 21 21 33 37 0 29 22 3 29 7 37 34 14 3 15 8 2 12 23 39 0 8 16 30 12 29 17 30 30 4 1 0 37 17 24 37
run=4 seed=3 k=40 f=0
23 25 8 38 37 6 32 9 0 0 18 4 11 19 17 1 24 36 0 25 32 24 16 30 33 26 4 17 28 38 3 35 15 14 6 39 23 38 9 32
run=5 seed=4 k=40 f=0
7 39 30 10 33 14 25 39 21 25 28 34 18 4 3 18 22 0 1 33 37 4 5 32 28 39 2 2 0 21 30 13 23 16 14 39 31 4 17 36
run=6 seed=5 k=40 f=0
39 5 9 0 0 32 14 39 33 21 0 34 2 10 39 1 20 23 26 16 14 6 36 10 11 20 29 33 12 18 19 7 0 28 39 17 20 31 6 5
run=7 seed=6 k=40 f=0
22 25 35 26 28 6 5 0 18 1 14 3 5 13 2 4 0 36 0 31 31 31 20 15 29 11 39 6 37 22 15 7 30 39 36 39 13 39 11 25
run=8 seed=7 k=40 f=0
0 4 19 31 1 24 25 21 0 33 35 1 11 18 38 38 18 6 7 28 17 3 11 39 29 7 5 32 17 12 13 14 15 39 6 32 27 1 21 28
run=9 seed=8 k=40 f=0
0 24 2 29 31 39 22 26 18 39 7 30 36 15 15 17 39 7 6 1 25 38 2 30 32 39 14 5 19 0 33 33 14 13 21 23 5 21 36 10
run=10 seed=9 k=40 f=0
0 34 25 1 10 12 20 38 13 18 17 3 18 35 16 5 9 19 6 33 4 0 29 29 39 34 9 15 23 29 4 24 39 9 26 22 10 35 33 0
run=11 seed=10 k=40 f=0
32 8 34 4 35 0 39 31 16 27 0 13 34 13 11 21 0 38 39 7 28 22 37 25 9 25 36 26 37 7 37 24 9 12 20 18 5 15 3 32
run=12 seed=11 k=40 f=0
23 14 37 17 3 7 5 1 9 31 20 8 38 21 1 6 1 32 30 25 28 33 39 16 15 28 13 39 31 13 26 34 38 24 12 0 14 5 12 26
run=13 seed=12 k=40 f=0
0 34 32 0 3 13 27 31 39 24 19 0 37 14 8 24 27 6 7 25 22 7 13 39 38 21 0 19 10 39 5 10 22 15 38 31 30 1 16 7
run=14 seed=13 k=40 f=0
39 21 0 31 4 14 16 39 9 31 24 19 7 14 13 21 0 6 8 34 37 32 9 28 33 22 5 29 3 9 11 17 0 4 37 21 19 29 32 20
run=15 seed=14 k=40 f=0
18 12 30 2 17 30 35 0 39 26 18 24 0 0 9 26 1 6 24 23 15 24 16 39 38 20 33 4 12 39 32 11 0 13 11 9 21 39 35 35
run=16 seed=15 k=40 f=0
33 30 38 15 0 26 7 18 23 8 38 15 24 38 27 39 29 16 39 33 5 0 13 0 0 1 13 39 0 28 5 4 10 34 20 19 37 15 4 3
run=17 seed=16 k=40 f=0
39 13 39 12 19 0 26 1 22 9 29 25 39 31 29 2 29 31 33 36 7 11 21 15 11 1 18 32 11 20 0 8 25 35 38 7 21 3 19 4
run=18 seed=17 k=40 f=0
14 20 31 0 25 32 25 30 39 7 1 39 19 16 22 25 12 39 38 25 26 7 34 7 0 13 35 30 23 18 11 16 23 35 36 0 35 10 29 21
run=19 seed=18 k=40 f=0
39 30 16 7 36 0 39 32 27 4 8 35 35 18 0 23 2 32 33 3 4 15 31 15 13 33 23 5 14 0 20 39 25 23 12 8 27 12 19 27
run=20 seed=19 k=40 f=0
31 16 23 2 12 9 29 25 11 4 15 0 1 21 14 0 6 21 25 20 7 36 15 0 36 37 3 2 29 6 27 38 39 19 37 16 26 38 5 26
