run=1 seed=0 k=38 f=0
23 34 1 35 18 16 25 12 17 1 21 7 20 29 28 6 3 31 29 28 29 37 35 7 15 10 37 7 33 1 16 4 37 6 23 0 6 34 12 13
run=2 seed=1 k=38 f=0
23 34 1 35 18 16 25 12 17 1 21 7 20 29 28 6 3 31 29 28 29 37 35 7 15 10 37 7 33 1 16 4 37 6 23 0 6 34 12 13
run=3 seed=2 k=38 f=0
37 35 11 37 3 25 18 35 22 22 6 1 23 31 2 13 31 6 31 1 2 26 21 16 0 28 29 24 28 13 15 14 0 0 8 9 12 37 21 17
run=4 seed=3 k=38 f=0
14 25 24 37 35 37 31 24 0 1 36 29 13 21 5 33 37 21 20 17 3 17 2 7 18 15 29 0 14 4 14 8 28 9 30 0 27 35 34 6
run=5 seed=4 k=38 f=0
14 9 24 0 31 27 19 15 31 19 27 2 4 10 9 2 28 20 21 22 15 1 12 7 35 37 36 22 11 36 33 5 37 10 4 0 24 33 30 36
run=6 seed=5 k=38 f=0
0 5 17 27 28 28 33 5 0 0 26 1 36 16 36 20 0 8 6 18 24 13 29 14 11 8 10 15 16 37 32 34 37 21 7 21 0 17 31 35
run=7 seed=6 k=38 f=0
14 37 0 37 34 30 31 8 26 18 19 5 8 1 23 37 22 7 8 13 29 0 0 21 28 11 33 2 32 27 17 1 0 15 29 37 22 0 26 11
run=8 seed=7 k=38 f=0
8 1 4 19 23 21 9 21 31 9 11 16 2 0 27 37 5 14 15 16 11 35 13 30 28 37 37 10 34 4 21 0 0 26 28 37 31 16 25 37
run=9 seed=8 k=38 f=0
37 26 37 26 17 25 8 22 0 37 5 0 0 0 3 20 24 6 31 29 21 15 2 16 11 16 37 1 11 37 36 12 0 32 31 9 33 13 21 6
run=10 seed=9 k=38 f=0
37 0 37 26 4 25 8 37 15 12 10 15 4 31 19 0 3 10 31 23 13 20 15 0 25 2 32 16 30 0 27 2 16 32 37 7 37 29 22 24
run=11 seed=10 k=38 f=0
37 29 26 37 34 25 21 15 0 2 4 18 6 15 6 19 15 6 31 34 24 28 35 16 9 15 10 19 30 37 5 23 0 8 8 9 31 15 22 26
run=12 seed=11 k=38 f=0
7 16 3 12 37 19 21 0 25 5 19 6 10 22 19 0 37 34 13 5 4 8 20 0 31 31 13 6 35 29 32 36 28 35 14 37 32 18 22 0
run=13 seed=12 k=38 f=0
37 0 30 8 36 25 35 6 23 28 37 33 37 14 0 18 34 10 31 0 12 27 26 0 3 17 31 10 2 17 29 14 16 1 20 7 0 19 22 0
run=14 seed=13 k=38 f=0
37 34 33 0 24 9 6 37 21 7 8 12 2 37 24 3 8 30 31 13 31 14 19 23 33 12 1 20 31 1 11 29 0 28 31 16 15 37 6 0
run=15 seed=14 k=38 f=0
23 18 10 0 21 16 15 20 25 12 0 25 32 36 22 0 37 31 29 37 0 35 9 7 26 33 29 7 34 11 33 13 37 6 30 0 23 7 13 0
run=16 seed=15 k=38 f=0
16 29 21 1 8 28 26 32 37 34 9 0 25 20 32 27 31 3 22 14 33 0 3 9 13 11 0 21 36 22 5 25 37 17 0 0 18 10 31 12
run=17 seed=16 k=38 f=0
0 27 18 36 11 13 13 9 0 36 37 16 9 25 5 30 33 6 7 14 18 20 11 27 20 27 4 16 1 29 4 23 37 4 0 20 37 22 31 19
run=18 seed=17 k=38 f=0
37 36 0 26 7 14 7 0 34 17 30 26 25 32 37 2 23 29 31 16 3 37 37 0 12 16 24 26 9 15 14 7 23 20 0 7 35 9 17 11
run=19 seed=18 k=38 f=0
30 12 37 17 4 9 11 37 4 15 26 0 10 37 9 12 2 37 36 21 0 19 35 23 21 27 32 25 15 5 1 12 0 0 9 16 24 37 6 30
run=20 seed=19 k=38 f=0
8 8 1 34 19 21 28 14 19 11 32 19 31 2 23 37 10 14 15 37 15 21 1 30 19 11 26 36 7 0 27 7 0 5 24 37 4 20 24 33
