run=1 seed=0 k=45 f=0
1 16 27 9 23 28 1 12 44 1 36 0 5 34 16 18 15 36 35 1 26 20 42 19 6 36 17 36 43 29 27 27 43 40 44 12 44 16 25 7
run=2 seed=1 k=45 f=0
1 16 27 9 23 28 1 12 44 1 36 0 5 34 16 18 15 36 35 1 26 20 42 19 6 36 17 36 43 29 27 27 43 40 44 12 44 16 25 7
run=3 seed=2 k=45 f=0
15 19 8 31 36 3 21 44 0 12 16 9 9 0 17 9 29 21 9 26 2 32 0 35 37 43 35 32 36 2 3 9 44 12 41 27 22 32 0 17
run=4 seed=3 k=45 f=0
25 40 42 15 15 41 9 0 5 4 13 4 18 44 22 36 33 8 9 30 25 27 3 1 13 32 20 2 28 43 11 40 17 38 26 34 10 38 44 12
run=5 seed=4 k=45 f=0
16 23 30 2 2 23 15 0 23 20 44 39 12 44 13 24 7 2 0 39 32 29 33 9 42 43 27 37 30 10 0 8 34 38 14 43 4 36 27 27
run=6 seed=5 k=45 f=0
27 5 30 3 41 34 36 24 40 31 34 21 0 6 10 35 40 10 12 29 44 43 9 20 21 20 13 27 42 9 36 0 44 16 0 1 20 36 38 15
run=7 seed=6 k=45 f=0
36 25 7 44 31 6 1 42 16 43 20 28 15 8 22 11 0 21 0 0 2 34 25 15 44 31 12 42 4 9 10 30 44 24 36 26 36 44 9 13
run=8 seed=7 k=45 f=0
27 7 22 31 20 41 41 28 10 43 44 1 31 29 39 43 28 11 35 36 44 8 18 0 34 4 1 41 37 20 18 19 18 0 6 7 0 9 44 36
run=9 seed=8 k=45 f=0
36 9 12 44 36 26 7 26 1 18 37 41 37 2 36 20 24 5 0 21 0 43 0 17 10 27 31 17 7 18 30 12 44 33 11 10 13 25 22 40
run=10 seed=9 k=45 f=0
44 24 25 16 20 7 5 27 1 32 14 43 43 4 35 20 13 0 1 32 30 20 31 23 3 44 8 38 4 35 10 44 33 40 26 16 17 6 27 44
run=11 seed=10 k=45 f=0
10 13 0 35 0 17 5 29 17 32 38 1 18 18 26 40 15 25 23 43 3 12 25 31 7 11 23 41 13 21 27 8 42 43 5 0 25 10 36 38
run=12 seed=11 k=45 f=0
23 14 42 0 33 36 22 44 15 3 20 6 38 15 26 18 1 29 30 39 24 4 37 12 8 9 7 4 36 28 41 27 0 38 22 44 5 15 16 10
run=13 seed=12 k=45 f=0
8 14 14 31 28 29 44 0 22 9 14 9 7 19 38 3 17 44 2 40 16 8 24 15 33 3 26 23 22 35 3 7 38 18 43 22 29 39 32 32
run=14 seed=13 k=45 f=0
44 11 9 31 34 19 2 35 44 26 5 38 37 9 40 3 27 11 38 24 12 42 34 0 18 19 40 43 26 19 21 15 30 24 2 7 19 4 24 40
run=15 seed=14 k=45 f=0
15 32 0 27 43 22 39 15 9 16 37 42 9 30 41 20 26 7 9 1 35 28 7 33 40 15 25 1 23 3 12 44 43 20 9 0 18 39 25 35
run=16 seed=15 k=45 f=0
38 15 22 0 26 31 8 12 43 43 35 7 29 14 10 15 44 0 44 28 10 22 0 6 25 31 17 31 25 0 5 4 22 39 37 13 4 20 2 8
run=17 seed=16 k=45 f=0
25 33 42 25 39 0 37 8 33 31 24 5 39 21 18 2 31 31 6 3 32 44 21 14 41 4 13 7 35 0 42 43 43 17 0 34 26 13 18 14
run=18 seed=17 k=45 f=0
15 22 28 19 3 44 0 42 4 35 31 15 14 21 42 23 18 5 9 37 27 24 33 22 43 10 0 10 1 8 36 22 31 36 44 0 35 5 41 6
run=19 seed=18 k=45 f=0
44 35 12 40 31 13 18 32 2 6 16 1 17 21 22 8 25 37 38 43 39 25 41 4 18 31 6 13 24 40 4 23 30 7 37 21 32 8 8 16
run=20 seed=19 k=45 f=0
43 41 43 32 32 36 26 30 0 4 44 40 42 21 4 34 19 16 1 13 17 38 2 22 13 16 38 2 20 6 13 22 9 11 27 29 26 8 17 36
