run=1 seed=0 k=39 f=0
7 22 26 16 14 19 0 19 34 32 30 16 26 4 38 1 9 34 13 25 20 37 18 0 29 6 2 1 37 4 35 12 28 10 23 38 10 2 22 37
run=2 seed=1 k=39 f=0
7 22 26 16 14 19 0 19 34 32 30 16 26 4 38 1 9 34 13 25 20 37 18 0 29 6 2 1 37 4 35 12 28 10 23 38 10 2 22 37
run=3 seed=2 k=39 f=0
22 1 0 30 29 9 5 0 9 20 32 36 27 8 38 1 20 16 15 27 17 22 10 29 34 16 38 37 18 9 24 17 0 36 2 38 11 36 6 32
run=4 seed=3 k=39 f=0
30 1 12 3 6 18 18 10 25 19 31 2 3 37 22 20 12 3 24 36 10 2 4 37 37 31 17 22 19 24 37 0 9 35 0 0 34 23 15 27
run=5 seed=4 k=39 f=0
7 0 24 14 9 29 31 1 35 38 14 4 16 23 38 19 16 0 1 6 25 38 33 14 4 1 31 37 21 27 18 22 38 20 31 22 4 34 32 0
run=6 seed=5 k=39 f=0
32 11 9 0 5 0 24 28 33 16 0 10 0 27 30 1 25 15 38 5 10 10 33 25 18 18 37 31 38 19 21 14 9 37 37 18 20 33 3 11
run=7 seed=6 k=39 f=0
17 22 8 38 25 10 32 28 23 34 38 19 33 14 28 11 30 25 23 0 25 16 1 31 21 17 19 36 1 6 0 9 1 0 6 38 9 20 7 20
run=8 seed=7 k=39 f=0
0 12 36 26 35 12 4 8 0 4 38 25 2 15 7 24 19 32 6 21 32 29 36 26 7 17 13 3 3 20 23 30 38 13 28 19 9 27 31 10
run=9 seed=8 k=39 f=0
38 32 0 38 38 25 16 20 30 30 34 30 34 17 20 9 12 32 31 2 19 9 1 0 25 10 26 20 10 0 1 11 16 26 5 7 1 9 22 35
run=10 seed=9 k=39 f=0
0 36 13 4 26 12 30 0 22 35 14 5 28 10 26 10 23 22 6 30 15 8 1 38 31 36 38 8 25 34 22 7 28 18 16 19 37 9 34 5
run=11 seed=10 k=39 f=0
38 38 14 36 13 26 6 11 0 5 35 14 33 24 3 21 15 11 32 16 27 18 7 1 34 23 6 25 5 0 7 26 17 28 35 8 8 16 23 0
run=12 seed=11 k=39 f=0
7 26 17 5 36 29 12 0 25 13 9 13 10 26 29 37 34 18 13 38 33 37 1 0 23 38 29 11 37 27 2 16 38 21 5 22 3 24 32 19
run=13 seed=12 k=39 f=0
6 2 23 11 31 13 4 0 32 15 10 24 1 2 0 25 29 32 0 5 22 29 13 22 1 38 38 35 4 38 21 20 38 18 9 29 37 18 17 20
run=14 seed=13 k=39 f=0
24 1 21 2 10 0 38 31 14 37 0 8 37 23 9 7 3 18 17 36 29 23 23 31 32 30 6 15 35 14 36 24 9 8 29 38 1 25 3 18
run=15 seed=14 k=39 f=0
15 0 38 2 10 31 8 22 31 21 38 16 36 36 26 23 20 6 8 5 2 15 36 22 1 16 27 37 32 0 27 14 0 27 5 38 17 26 28 31
run=16 seed=15 k=39 f=0
0 22 38 16 35 28 31 37 8 23 28 1 17 6 25 14 9 7 6 23 1 12 37 14 24 0 14 12 15 21 2 0 37 4 30 21 10 26 31 17
run=17 seed=16 k=39 f=0
24 11 0 22 18 31 30 38 12 33 22 16 23 6 15 3 0 17 18 33 38 15 19 10 33 37 16 28 28 0 37 3 0 5 13 38 13 31 6 24
run=18 seed=17 k=39 f=0
7 8 16 7 1 24 21 0 38 15 25 8 5 30 0 38 30 0 1 20 38 11 10 38 24 29 34 16 31 38 36 10 15 33 7 31 23 14 21 21
run=19 seed=18 k=39 f=0
21 21 13 30 1 9 24 19 38 25 30 16 11 35 22 0 34 35 15 24 0 36 14 0 27 4 12 29 0 8 3 2 29 0 17 38 31 21 4 4
run=20 seed=19 k=39 f=0
6 14 28 0 28 38 22 29 38 2 15 21 14 18 7 37 26 23 0 21 20 2 16 13 0 16 34 1 2 38 37 8 29 11 9 20 5 32 35 36
