run=1 seed=0 k=42 f=0
27 4 0 19 39 4 10 30 35 31 7 13 20 8 41 0 24 13 11 16 32 1 38 34 10 28 39 13 36 19 31 0 19 39 1 41 1 28 0 16
run=2 seed=1 k=42 f=0
27 4 0 19 39 4 10 30 35 31 7 13 20 8 41 0 24 13 11 16 32 1 38 34 10 28 39 13 36 19 31 0 19 39 1 41 1 28 0 16
run=3 seed=2 k=42 f=0
18 25 24 10 21 30 16 20 41 9 9 15 33 35 3 35 38 3 24 14 8 28 2 11 25 33 26 34 24 2 9 0 39 37 15 0 22 2 33 30
run=4 seed=3 k=42 f=0
0 19 41 0 27 27 36 40 12 8 28 4 15 37 7 39 6 15 33 33 25 6 29 7 19 29 17 1 21 16 40 4 41 21 15 20 0 38 11 24
run=5 seed=4 k=42 f=0
8 9 34 0 39 18 21 2 16 23 36 5 37 8 25 19 15 30 24 41 23 14 6 41 34 10 12 22 22 27 34 25 0 41 31 33 1 10 15 0
run=6 seed=5 k=42 f=0
9 41 21 0 15 30 38 18 30 25 0 41 6 6 34 15 21 39 41 38 21 27 39 16 3 9 25 7 31 7 30 8 0 13 33 23 32 14 33 1
run=7 seed=6 k=42 f=0
11 19 28 11 8 35 4 24 19 28 41 14 9 18 0 18 0 25 41 34 39 13 40 0 31 39 15 4 28 0 31 3 19 35 36 28 30 17 4 11
run=8 seed=7 k=42 f=0
10 33 32 1 29 41 38 22 17 21 5 40 13 6 20 18 1 4 35 41 20 11 32 17 7 10 13 18 14 33 8 32 27 28 36 1 39 30 21 12
run=9 seed=8 k=42 f=0
27 24 30 8 27 0 35 23 18 39 40 3 40 17 1 20 24 7 6 32 22 4 3 34 32 41 12 1 13 31 36 0 14 14 11 41 31 13 20 34
run=10 seed=9 k=42 f=0
14 2 31 13 33 41 20 40 0 15 25 13 40 1 4 20 41 32 8 8 15 32 28 21 9 41 32 11 34 2 40 17 0 7 25 28 26 7 38 8
run=11 seed=10 k=42 f=0
34 39 26 35 0 41 41 37 5 22 0 41 37 33 1 7 18 28 26 32 30 10 31 7 41 14 14 7 19 26 21 23 18 20 41 0 3 19 11 27
run=12 seed=11 k=42 f=0
26 2 18 39 9 34 1 37 11 25 26 40 38 41 5 13 19 1 0 2 0 9 4 8 35 27 32 16 1 18 26 19 18 32 0 41 24 9 12 34
run=13 seed=12 k=42 f=0
32 17 18 4 37 9 23 2 37 0 33 9 31 16 40 16 19 24 26 16 15 40 30 0 41 29 41 8 40 17 31 26 18 11 28 41 23 9 4 5
run=14 seed=13 k=42 f=0
7 41 22 37 18 17 27 2 15 41 41 25 14 30 12 1 39 28 23 7 5 19 13 0 24 2 35 0 9 31 11 26 41 11 23 32 25 37 14 8
run=15 seed=14 k=42 f=0
15 0 27 18 13 3 0 24 35 40 6 21 30 1 8 23 2 38 9 1 1 31 39 22 10 41 31 39 35 15 24 14 31 10 29 41 9 22 0 20
run=16 seed=15 k=42 f=0
0 12 4 13 32 12 33 29 37 40 41 4 32 5 40 31 1 22 6 16 6 8 39 41 16 25 24 39 14 19 23 4 28 0 18 19 40 23 34 35
run=17 seed=16 k=42 f=0
0 39 0 40 12 12 5 1 17 33 39 29 5 3 30 26 33 41 6 34 11 30 2 26 14 11 6 4 17 12 25 25 35 22 20 19 29 16 41 8
run=18 seed=17 k=42 f=0
0 1 20 2 20 7 39 30 35 29 41 35 16 6 10 20 30 31 33 25 32 5 9 21 36 29 4 10 1 20 36 13 41 15 40 14 23 5 25 15
run=19 seed=18 k=42 f=0
34 38 33 1 4 16 20 34 26 15 22 6 32 26 22 29 22 6 41 13 5 13 15 0 0 13 1 25 30 1 16 41 25 40 40 9 14 24 19 31
run=20 seed=19 k=42 f=0
21 32 6 35 0 28 41 8 13 33 33 12 7 15 28 33 16 13 15 22 29 26 5 7 24 19 2 21 23 17 8 41 38 1 39 0 15 38 31 27
