run=1 seed=0 k=43 f=0
42 9 31 0 32 35 26 31 10 2 15 36 22 16 40 31 19 22 27 41 29 41 3 11 13 16 1 27 0 22 0 24 1 6 40 18 41 13 7 7
run=2 seed=1 k=43 f=0
42 9 31 0 32 35 26 31 10 2 15 36 22 16 40 31 19 22 27 41 29 41 3 11 13 16 1 27 0 22 0 24 1 6 40 18 41 13 7 7
run=3 seed=2 k=43 f=0
0 26 0 25 39 38 18 27 11 13 0 12 41 28 15 21 37 14 16 42 28 7 29 24 6 37 6 16 21 35 5 20 8 41 0 31 21 10 41 23
run=4 seed=3 k=43 f=0
34 28 13 22 42 11 7 14 1 34 5 11 15 15 4 10 41 23 28 42 41 32 2 42 27 33 20 9 36 23 37 31 1 42 0 18 0 37 7 21
run=5 seed=4 k=43 f=0
35 11 9 18 20 0 42 16 2 42 6 37 31 4 38 13 23 42 41 11 18 0 5 27 38 29 26 2 12 24 40 39 16 33 14 7 9 23 22 36
run=6 seed=5 k=43 f=0
9 41 0 42 5 16 5 31 11 13 42 14 33 42 30 40 6 31 0 36 14 23 23 42 0 19 19 9 1 9 18 3 25 15 28 34 3 25 19 19
run=7 seed=6 k=43 f=0
42 12 29 0 16 3 6 42 14 40 1 18 0 28 41 33 22 10 9 6 37 18 15 17 5 20 26 32 38 27 21 35 34 34 10 25 10 20 0 0
run=8 seed=7 k=43 f=0
18 31 16 5 21 0 11 15 32 0 5 35 17 30 37 2 34 26 24 0 8 37 10 32 21 26 25 2 21 27 12 40 10 20 15 39 28 38 4 6
run=9 seed=8 k=43 f=0
41 5 30 0 0 18 24 3 9 20 17 21 32 38 20 0 34 33 35 33 23 11 42 9 27 40 41 40 8 28 19 24 27 35 26 1 0 42 13 9
run=10 seed=9 k=43 f=0
11 39 9 0 1 18 28 13 33 36 2 20 41 10 41 1 7 26 24 8 22 20 16 0 32 22 41 17 39 33 7 22 42 38 42 33 4 14 4 29
run=11 seed=10 k=43 f=0
17 16 0 35 40 42 20 14 8 11 34 8 16 25 14 3 41 11 10 20 30 28 25 33 14 26 2 8 22 1 33 42 2 41 1 26 2 38 39 31
run=12 seed=11 k=43 f=0
18 12 8 41 8 42 13 30 1 20 41 12 10 31 30 1 25 26 24 36 37 21 34 33 11 20 25 0 26 4 26 16 0 35 40 9 2 42 39 5
run=13 seed=12 k=43 f=0
41 10 28 8 5 0 23 28 0 34 39 24 26 25 38 35 29 12 6 33 41 16 21 34 8 17 23 26 14 7 0 11 24 34 11 15 15 34 30 2
run=14 seed=13 k=43 f=0
24 24 41 3 17 0 27 1 32 37 21 25 22 1 29 3 42 17 18 16 41 9 22 10 35 14 28 39 8 31 6 42 42 36 26 33 5 30 3 7
run=15 seed=14 k=43 f=0
21 4 28 12 36 13 0 37 21 20 15 2 41 11 5 4 36 28 27 29 5 8 24 35 15 42 42 15 31 22 39 1 0 32 5 42 31 16 7 28
run=16 seed=15 k=43 f=0
36 13 24 35 20 11 7 40 15 11 10 27 1 30 12 25 31 4 42 4 30 18 10 29 0 0 19 39 36 3 26 28 20 29 2 0 14 35 14 23
run=17 seed=16 k=43 f=0
7 30 24 15 0 23 0 25 42 16 2 13 21 40 2 41 12 1 0 7 37 18 3 32 26 33 18 17 33 42 41 32 42 9 5 16 30 6 36 25
run=18 seed=17 k=43 f=0
28 12 5 41 27 35 34 39 12 38 19 6 25 9 17 14 11 7 8 0 18 3 39 17 0 27 8 32 33 12 41 32 0 23 3 42 11 3 21 21
run=19 seed=18 k=43 f=0
18 32 9 25 21 11 32 27 38 40 0 39 11 11 41 1 42 28 24 22 17 42 33 2 22 0 42 8 17 8 17 7 42 13 1 33 31 1 7 26
run=20 seed=19 k=43 f=0
14 38 3 13 24 42 29 20 36 2 8 2 26 12 39 4 38 35 30 28 13 0 13 7 29 23 42 8 27 33 27 1 22 42 30 0 41 18 38 18
