run=1 seed=0 k=44 f=0
43 10 17 35 35 19 22 28 43 20 37 12 38 3 26 26 20 4 26 0 14 8 6 34 35 6 8 43 3 17 21 18 10 0 29 1 29 8 16 10
run=2 seed=1 k=44 f=0
43 10 17 35 35 19 22 28 43 20 37 12 38 3 26 26 20 4 26 0 14 8 6 34 35 6 8 43 3 17 21 18 10 0 29 1 29 8 16 10
run=3 seed=2 k=44 f=0
0 43 15 37 1 41 21 25 0 30 42 16 29 15 25 36 2 6 24 34 14 35 18 16 27 6 7 14 32 5 25 18 32 10 38 9 36 5 38 25
run=4 seed=3 k=44 f=0
17 1 43 20 18 25 26 43 0 0 23 2 21 27 34 33 21 8 11 17 15 33 42 43 5 10 29 13 33 14 38 8 34 4 33 2 39 5 28 8
run=5 seed=4 k=44 f=0
18 31 0 39 43 7 28 22 8 17 32 26 21 28 31 38 18 0 1 27 29 40 5 42 25 14 1 2 0 9 20 43 26 4 35 35 35 12 11 10
run=6 seed=5 k=44 f=0
43 21 19 43 16 35 32 28 9 5 14 19 19 27 30 36 0 22 28 22 38 41 15 10 26 0 42 32 40 3 1 1 0 23 39 17 28 3 6 11
run=7 seed=6 k=44 f=0
9 23 22 31 20 36 42 23 14 42 3 43 39 33 38 20 12 29 15 28 31 16 29 2 5 1 18 40 10 37 11 38 23 7 1 43 8 26 31 23
run=8 seed=7 k=44 f=0
37 29 20 11 1 27 0 9 28 13 43 1 5 42 3 23 2 8 43 0 24 34 32 18 41 36 35 40 25 19 5 18 1 24 34 11 39 16 22 24
run=9 seed=8 k=44 f=0
27 16 38 22 40 15 30 5 10 2 43 39 36 23 13 22 0 8 21 37 29 37 41 43 31 3 16 6 28 23 33 28 1 15 17 36 11 0 9 34
run=10 seed=9 k=44 f=0
42 34 1 11 10 14 43 0 19 26 38 7 20 1 22 19 23 7 8 43 12 8 8 23 35 37 8 42 25 18 4 28 0 25 15 30 42 31 18 32
run=11 seed=10 k=44 f=0
1 16 30 12 42 27 18 43 23 8 11 2 36 17 40 21 17 37 21 0 4 1 35 9 5 0 19 5 20 27 29 31 43 36 32 34 13 26 13 2
run=12 seed=11 k=44 f=0
11 18 21 5 31 35 16 11 29 43 24 40 30 14 12 4 38 43 41 2 8 2 17 4 31 35 16 6 7 32 27 38 19 39 0 28 22 13 0 28
run=13 seed=12 k=44 f=0
11 30 34 43 42 4 2 41 21 28 17 13 41 18 24 0 21 30 35 12 10 11 12 18 38 8 29 14 4 25 40 2 43 30 7 25 18 0 0 39
run=14 seed=13 k=44 f=0
28 40 32 23 16 20 17 27 0 27 4 11 10 2 43 23 28 1 0 34 1 10 37 36 13 6 42 4 23 35 28 17 9 42 41 43 19 32 15 8
run=15 seed=14 k=44 f=0
1 20 2 34 11 25 43 11 16 22 39 18 16 42 12 17 43 10 8 0 10 25 3 16 26 22 20 28 7 0 40 30 34 6 16 43 3 39 22 35
run=16 seed=15 k=44 f=0
14 22 25 8 16 7 1 16 35 40 25 20 11 27 16 37 11 24 20 43 25 41 21 43 4 43 31 8 42 32 37 5 30 21 0 0 0 39 39 35
run=17 seed=16 k=44 f=0
16 37 34 21 43 23 27 35 41 12 20 41 41 24 13 34 17 10 9 25 19 43 25 35 3 0 12 28 31 0 13 1 0 9 36 42 33 24 26 6
run=18 seed=17 k=44 f=0
43 29 43 34 3 0 1 28 9 15 37 25 35 28 6 22 39 30 28 23 2 21 30 36 3 25 13 42 16 6 16 0 9 13 8 18 25 16 3 21
run=19 seed=18 k=44 f=0
21 42 33 0 36 43 11 15 26 25 2 41 10 13 9 27 14 6 37 43 16 23 35 14 3 19 20 17 30 36 28 34 29 43 4 0 22 36 9 42
run=20 seed=19 k=44 f=0
42 28 0 10 0 9 41 13 32 12 1 6 21 30 38 15 30 28 34 24 15 34 23 18 2 23 7 37 29 23 19 41 0 18 5 25 42 2 13 43
