run=1 seed=0 k=48 f=0
7 22 9 18 17 31 47 15 2 8 26 43 2 43 42 22 12 0 1 33 11 8 3 45 38 27 20 0 3 33 41 42 15 38 29 38 27 40 21 20
run=2 seed=1 k=48 f=0
7 22 9 18 17 31 47 15 2 8 26 43 2 43 42 22 12 0 1 33 11 8 3 45 38 27 20 0 3 33 41 42 15 38 29 38 27 40 21 20
run=3 seed=2 k=48 f=0
41 31 20 47 21 2 0 45 39 46 10 3 45 5 29 9 17 35 47 0 18 20 41 11 28 7 31 14 24 29 45 18 22 35 38 32 4 33 7 29
run=4 seed=3 k=48 f=0
47 1 42 32 33 28 24 16 1 16 34 4 33 43 9 27 24 8 9 39 19 6 46 40 1 18 25 41 22 46 24 9 17 38 0 0 25 14 34 36
run=5 seed=4 k=48 f=0
15 42 34 14 19 27 8 43 22 37 12 18 43 1 4 30 15 4 9 5 36 24 0 38 21 46 18 10 32 4 30 32 47 38 43 0 10 0 23 30
run=6 seed=5 k=48 f=0
43 29 38 17 44 16 1 9 31 13 47 2 36 30 10 20 28 7 9 14 14 16 47 32 3 47 26 5 20 31 18 1 0 43 39 25 44 6 36 2
run=7 seed=6 k=48 f=0
45 25 44 16 44 7 22 3 8 34 47 43 21 5 34 38 0 24 39 40 15 39 28 30 17 2 30 4 10 15 16 20 18 31 11 0 36 46 24 47
run=8 seed=7 k=48 f=0
37 23 12 31 33 27 19 44 0 25 29 25 19 47 23 24 34 2 0 35 8 35 47 8 13 41 13 0 1 14 45 22 18 8 19 47 42 0 12 4
run=9 seed=8 k=48 f=0
39 24 1 29 1 9 46 31 9 36 15 21 23 23 15 15 36 30 33 23 33 39 26 46 4 39 38 41 44 3 11 0 18 19 29 0 1 43 25 10
run=10 seed=9 k=48 f=0
7 2 37 9 28 27 44 25 0 20 40 19 34 1 16 14 17 43 46 46 45 32 29 0 39 26 15 47 2 13 16 33 15 19 7 34 2 19 24 44
run=11 seed=10 k=48 f=0
29 13 17 26 18 46 35 47 0 35 32 5 0 45 8 13 0 22 23 12 36 25 43 37 34 44 4 29 40 16 45 23 15 4 23 0 45 31 9 8
run=12 seed=11 k=48 f=0
47 38 21 0 27 0 31 9 41 19 23 12 34 10 46 12 8 20 6 18 27 1 37 14 23 11 4 2 30 37 18 32 28 47 41 37 6 45 20 31
run=13 seed=12 k=48 f=0
32 2 31 16 43 39 5 9 1 24 22 6 37 14 7 40 45 19 47 28 46 44 20 25 6 40 14 35 42 29 12 40 2 36 4 11 22 0 20 31
run=14 seed=13 k=48 f=0
47 40 15 27 24 40 45 11 41 35 47 43 22 6 35 24 21 16 32 18 29 25 1 10 33 5 35 30 32 1 3 2 0 36 44 19 0 37 6 12
run=15 seed=14 k=48 f=0
31 20 1 12 1 19 23 46 41 10 33 41 0 30 20 17 44 3 25 5 41 13 3 9 28 32 16 5 11 3 36 26 40 37 16 0 27 47 13 35
run=16 seed=15 k=48 f=0
2 24 45 23 32 26 40 26 31 16 46 16 32 44 34 33 29 19 20 1 13 8 43 35 16 1 40 42 4 36 5 13 10 16 10 42 4 23 29 0
run=17 seed=16 k=48 f=0
12 20 9 28 27 47 40 47 0 0 9 41 21 15 36 2 29 40 41 41 47 2 21 23 45 47 28 40 22 36 4 16 1 21 8 31 29 4 19 44
run=18 seed=17 k=48 f=0
16 22 47 38 31 47 1 34 9 16 25 45 35 41 30 5 30 36 0 20 2 41 45 26 19 20 40 46 7 17 12 1 8 29 4 39 11 21 30 21
run=19 seed=18 k=48 f=0
22 14 31 46 17 15 39 25 20 45 36 40 26 7 10 47 10 7 29 30 36 47 33 47 1 0 43 29 30 16 4 5 37 4 37 1 2 12 11 22
run=20 seed=19 k=48 f=0
0 8 36 3 21 39 29 33 44 4 1 16 37 30 10 9 22 47 33 28 47 20 47 24 34 19 38 26 42 47 44 13 8 11 39 17 2 14 47 13
