run=1 seed=0 k=51 f=0
11 49 9 20 32 0 37 48 43 5 39 15 20 19 29 48 45 35 40 31 47 8 36 49 14 50 3 4 2 28 17 15 29 0 38 20 37 10 4 0
run=2 seed=1 k=51 f=0
11 49 9 20 32 0 37 48 43 5 39 15 20 19 29 48 45 35 40 31 47 8 36 49 14 50 3 4 2 28 17 15 29 0 38 20 37 10 4 0
run=3 seed=2 k=51 f=0
12 4 2 45 27 24 36 50 19 43 40 35 50 2 26 48 32 4 0 1 32 3 14 33 1 11 9 14 15 29 33 27 49 15 22 40 13 27 20 50
run=4 seed=3 k=51 f=0
0 46 48 23 40 19 39 49 0 1 30 44 6 31 16 15 18 33 28 18 33 15 4 7 25 33 7 15 22 0 34 40 40 5 8 50 25 47 13 48
run=5 seed=4 k=51 f=0
31 35 7 17 13 9 26 49 40 1 31 42 1 47 46 17 49 49 15 23 20 2 9 24 0 32 15 19 3 21 47 1 40 36 25 1 46 37 46 39
run=6 seed=5 k=51 f=0
19 23 48 0 20 0 23 27 18 28 14 8 24 3 34 26 34 50 49 32 32 34 6 26 46 11 22 1 38 43 36 6 40 7 45 7 50 42 34 15
run=7 seed=6 k=51 f=0
0 40 14 47 23 32 25 21 34 13 11 16 1 47 28 20 0 8 25 50 9 44 40 50 11 0 42 10 29 0 1 3 14 6 35 42 36 14 8 20
run=8 seed=7 k=51 f=0
0 21 2 22 11 49 28 35 13 19 17 1 46 33 49 47 22 29 42 48 11 8 39 7 14 40 40 3 25 44 45 25 16 50 48 25 30 20 34 7
run=9 seed=8 k=51 f=0
5 33 48 8 30 13 0 50 33 40 4 42 33 8 15 38 33 22 21 24 47 13 0 46 25 27 38 5 21 27 45 15 29 39 23 39 16 7 50 46
run=10 seed=9 k=51 f=0
49 14 1 31 8 24 41 27 45 23 49 32 28 43 24 44 35 35 31 34 36 3 28 15 18 12 6 26 7 13 46 20 6 21 50 40 47 10 21 12
run=11 seed=10 k=51 f=0
6 13 28 17 33 41 33 26 41 50 35 50 33 12 44 49 33 25 49 6 42 49 40 13 13 5 16 49 7 18 40 50 32 9 25 21 48 16 38 0
run=12 seed=11 k=51 f=0
17 47 42 31 38 10 22 28 14 27 2 6 29 11 19 22 10 41 26 36 0 11 3 50 35 5 22 20 15 37 8 46 34 49 1 3 12 48 46 43
run=13 seed=12 k=51 f=0
30 45 7 16 49 9 38 12 31 0 40 15 33 35 34 43 38 1 3 46 4 24 15 19 6 47 0 3 3 47 27 20 38 3 10 47 43 0 23 23
run=14 seed=13 k=51 f=0
3 17 0 10 22 18 16 20 38 30 4 50 43 39 29 50 12 26 24 26 20 28 19 32 30 46 12 27 32 43 49 49 41 50 5 50 28 10 15 49
run=15 seed=14 k=51 f=0
28 50 0 48 28 20 5 21 38 43 34 38 42 6 26 23 28 1 4 14 50 28 0 50 10 16 46 38 11 48 9 2 37 42 21 13 18 31 45 50
run=16 seed=15 k=51 f=0
19 32 24 45 35 48 13 30 7 7 46 19 11 26 37 30 26 40 42 16 28 23 3 28 44 1 2 9 10 0 41 37 11 39 46 1 46 35 32 14
run=17 seed=16 k=51 f=0
6 45 43 34 15 13 24 14 4 24 30 17 11 39 27 33 24 25 30 49 17 44 45 50 14 14 22 4 38 0 13 40 38 9 33 20 47 31 46 12
run=18 seed=17 k=51 f=0
37 4 44 12 21 11 25 48 37 35 29 6 5 6 29 48 21 3 17 21 15 35 30 30 10 2 10 49 40 13 24 1 46 6 13 0 29 47 25 43
run=19 seed=18 k=51 f=0
50 23 40 7 46 27 45 19 24 0 50 10 47 29 16 28 19 36 2 34 15 3 47 10 3 30 42 34 30 37 43 10 42 14 7 19 8 27 34 37
run=20 seed=19 k=51 f=0
41 29 43 34 10 34 26 21 0 37 41 37 37 47 4 3 13 47 10 31 23 50 47 0 19 19 47 38 2 31 19 14 18 11 23 27 44 8 50 42
