run=1 seed=0 k=55 f=0
28 36 17 35 33 0 11 3 14 1 52 7 27 14 54 26 0 17 42 49 48 8 27 44 37 50 28 43 47 10 54 7 32 53 29 42 2 41 46 32 29 43 36 42 1 32 9 9 40 33 8 11 37 37 51 28 26 5 45 51 15 15 4 47 0 20 21 24 17 6 44 54 5 48 42 53 34 20 28 18 7 23 33 53 0 9 13 22 19 15
run=2 seed=1 k=55 f=0
28 36 17 35 33 0 11 3 14 1 52 7 27 14 54 26 0 17 42 49 48 8 27 44 37 50 28 43 47 10 54 7 32 53 29 42 2 41 46 32 29 43 36 42 1 32 9 9 40 33 8 11 37 37 51 28 26 5 45 51 15 15 4 47 0 20 21 24 17 6 44 54 5 48 42 53 34 20 28 18 7 23 33 53 0 9 13 22 19 15
run=3 seed=2 k=55 f=0
30 19 28 26 0 35 20 47 45 52 10 54 29 7 47 44 24 43 37 0 41 33 14 33 52 21 15 21 36 37 20 51 52 52 1 41 2 27 8 7 42 54 8 35 5 20 4 29 50 21 4 7 39 31 45 16 0 48 28 13 24 17 43 54 51 31 41 53 1 33 32 42 25 5 16 30 12 9 47 45 5 8 22 49 39 17 0 8 37 12
run=4 seed=3 k=55 f=0
11 45 18 20 3 50 3 51 26 34 53 0 45 49 12 11 4 10 18 7 35 7 53 23 38 7 40 2 28 3 22 39 7 41 46 26 50 14 1 8 26 0 26 0 28 17 11 32 27 2 24 31 9 22 18 47 53 45 36 44 54 31 16 35 17 52 19 18 38 44 20 10 33 30 28 6 14 23 25 54 38 33 51 3 15 1 0 20 5 52
run=5 seed=4 k=55 f=0
32 53 13 33 54 15 40 11 48 54 54 44 27 31 2 17 24 0 1 44 8 34 45 9 16 3 9 2 39 23 11 33 24 26 24 19 38 34 21 32 16 44 21 53 4 6 28 53 2 8 10 0 37 52 6 44 1 9 29 40 24 7 12 37 53 46 46 46 12 40 1 29 21 24 16 22 3 33 20 50 18 26 40 42 42 50 15 31 46 31
run=6 seed=5 k=55 f=0
0 10 45 17 2 42 10 0 53 14 41 0 25 53 30 25 0 36 16 11 36 30 54 3 38 30 48 54 16 24 9 22 44 8 39 44 43 36 0 35 53 0 17 0 30 3 22 17 1 31 32 50 34 33 7 52 50 33 23 4 12 16 26 2 3 53 8 22 11 45 0 19 22 27 54 39 38 38 43 54 45 17 34 21 3 23 46 19 53 23
run=7 seed=6 k=55 f=0
1 50 42 28 53 53 31 0 31 53 25 37 40 29 37 49 1 17 48 39 31 32 0 2 49 51 47 0 22 11 0 10 42 29 41 43 41 4 51 34 45 22 9 10 54 36 34 8 54 15 12 17 8 17 19 43 18 53 51 25 13 4 38 31 11 2 4 43 16 0 53 25 9 3 23 27 54 23 22 31 47 43 2 33 37 21 22 45 38 12
run=8 seed=7 k=55 f=0
37 29 19 26 0 38 6 42 50 13 45 1 33 33 15 25 54 44 30 11 21 38 52 24 43 9 16 33 47 38 6 29 10 2 1 0 53 40 22 23 7 15 24 20 33 27 45 47 2 54 3 25 49 44 15 10 37 21 47 30 53 12 51 8 33 20 51 9 28 28 30 1 51 53 45 6 41 19 40 21 1 43 54 16 8 14 17 37 32 36
run=9 seed=8 k=55 f=0
42 49 27 9 46 54 12 45 42 35 43 41 54 12 10 44 0 21 35 52 54 8 54 7 0 47 0 15 10 40 19 17 14 53 6 9 36 1 42 45 31 6 2 31 18 22 48 1 54 0 30 26 12 27 9 25 20 9 44 20 19 4 34 11 33 28 21 36 33 29 30 34 30 31 0 36 47 36 42 31 40 17 39 0 22 25 2 38 21 50
run=10 seed=9 k=55 f=0
25 34 45 22 10 0 50 54 47 9 1 54 39 41 38 30 54 45 1 54 32 30 29 40 24 49 35 14 12 17 15 15 3 47 12 1 20 20 1 54 32 0 39 30 2 0 18 23 23 49 10 28 7 37 37 54 30 32 1 37 46 54 8 54 21 27 23 19 43 25 41 11 15 13 54 39 47 52 8 22 31 5 32 42 36 34 13 1 46 46
run=11 seed=10 k=55 f=0
0 38 51 19 42 0 45 39 12 42 33 28 33 43 33 20 40 38 41 33 50 3 33 53 27 33 52 11 27 43 9 53 2 1 48 50 35 0 9 47 4 42 20 11 2 43 31 28 20 17 23 54 21 44 31 12 8 4 33 7 16 26 37 17 17 0 4 6 45 0 42 11 42 8 24 32 17 52 52 50 1 28 0 12 37 27 49 9 11 12
run=12 seed=11 k=55 f=0
33 40 54 20 53 8 26 46 29 0 35 51 10 4 37 49 21 0 28 50 20 16 45 28 20 50 31 28 37 3 53 1 19 0 22 23 34 46 51 20 38 1 46 33 36 49 33 42 3 48 0 41 22 17 53 29 39 12 54 14 2 7 23 22 13 6 14 32 52 11 29 11 42 40 26 11 44 10 42 28 3 1 37 12 21 35 20 45 14 30
run=13 seed=12 k=55 f=0
11 50 34 54 23 0 42 20 32 39 23 24 52 0 2 41 54 47 2 30 31 1 45 29 38 52 34 51 1 1 18 37 43 33 24 12 12 19 29 17 46 6 7 43 54 42 54 14 9 22 31 0 42 21 45 16 18 11 27 3 45 3 46 24 2 32 36 11 36 54 34 6 0 8 37 51 26 1 10 34 10 24 51 42 26 41 42 13 37 30
run=14 seed=13 k=55 f=0
28 6 17 22 36 9 27 8 24 16 0 44 32 49 45 23 10 54 43 34 11 43 52 16 28 14 15 46 26 44 53 0 50 1 1 40 15 9 7 30 27 6 30 4 39 41 1 30 17 51 39 41 23 54 2 9 52 21 20 31 27 33 13 31 47 10 37 0 34 18 51 7 25 35 54 51 45 13 28 16 0 16 5 16 54 50 28 5 41 18
run=15 seed=14 k=55 f=0
3 54 36 12 0 1 32 33 44 11 53 29 5 9 10 10 36 38 35 26 54 14 25 18 33 22 20 39 18 43 14 8 23 54 14 54 1 28 31 35 26 29 8 43 50 52 41 18 5 23 33 49 21 18 10 40 0 17 49 33 18 43 24 16 6 0 31 40 28 34 2 3 43 53 46 32 51 49 52 43 27 46 17 19 6 46 29 25 23 10
run=16 seed=15 k=55 f=0
51 0 53 14 51 1 49 14 13 3 33 42 0 9 42 8 49 7 33 28 25 40 20 51 15 36 33 16 11 43 15 5 30 49 4 33 0 50 11 13 40 54 11 48 35 3 45 35 13 54 32 30 45 35 1 2 34 39 21 24 34 23 26 12 38 17 24 6 54 17 5 1 43 24 0 24 28 44 41 36 20 18 46 15 26 52 30 8 24 44
run=17 seed=16 k=55 f=0
21 48 7 2 54 23 43 40 43 23 53 29 34 31 27 32 38 52 8 3 21 4 36 46 11 25 38 17 53 0 17 54 35 42 0 33 11 3 34 14 23 53 29 44 17 44 1 1 16 50 4 2 26 50 45 45 52 21 11 9 45 0 6 25 0 41 52 11 38 5 52 52 1 14 37 28 45 24 16 6 22 8 39 31 10 9 22 14 28 16
run=18 seed=17 k=55 f=0
35 44 0 2 14 19 44 29 53 12 26 25 25 38 4 12 44 38 52 23 46 5 35 43 3 3 53 20 0 28 16 22 36 54 43 37 47 1 16 21 31 41 46 29 47 40 20 0 42 4 19 50 4 0 33 15 34 33 25 50 32 38 9 13 0 29 50 22 52 53 43 19 51 11 40 31 7 48 13 34 52 29 20 10 29 48 54 25 12 14
run=19 seed=18 k=55 f=0
35 20 0 54 33 8 1 17 17 42 23 38 1 23 54 30 30 47 51 8 48 45 46 8 52 50 29 50 19 11 38 3 46 0 37 1 22 8 54 49 39 11 37 3 17 34 31 8 37 54 52 28 51 43 23 14 17 20 54 23 23 9 26 33 21 9 15 9 1 3 39 27 12 16 42 43 54 17 37 45 9 0 9 43 40 32 29 14 2 52
run=20 seed=19 k=55 f=0
49 6 53 32 45 1 41 45 2 32 12 44 10 7 22 46 0 24 33 22 54 32 1 23 13 1 53 54 40 46 1 8 5 2 9 9 31 13 22 21 48 25 15 45 40 3 22 22 42 0 36 50 38 13 13 23 1 53 46 41 30 40 36 16 13 51 35 17 0 11 39 31 4 9 1 48 17 11 15 54 31 0 30 14 38 23 53 37 24 17
