run=1 seed=0 k=50 f=0
1 36 27 15 49 1 36 16 49 21 12 33 48 9 33 0 15 24 31 36 9 32 17 2 24 30 7 49 24 1 14 2 5 9 37 13 43 6 13 42 48 23 4 19 8 37 48 24 39 39 13 5 29 30 6 22 12 20 46 31 0 21 39 49 18 5 46 38 0 24 46 43 32 45 15 17 32 14 25 0 9 36 26 28 38 34 3 41 48 49
run=2 seed=1 k=50 f=0
1 36 27 15 49 1 36 16 49 21 12 33 48 9 33 0 15 24 31 36 9 32 17 2 24 30 7 49 24 1 14 2 5 9 37 13 43 6 13 42 48 23 4 19 8 37 48 24 39 39 13 5 29 30 6 22 12 20 46 31 0 21 39 49 18 5 46 38 0 24 46 43 32 45 15 17 32 14 25 0 9 36 26 28 38 34 3 41 48 49
run=3 seed=2 k=50 f=0
3 19 37 1 0 37 16 3 45 38 49 31 24 47 23 49 22 22 45 32 9 7 1 28 17 41 10 22 49 49 8 36 32 37 11 46 2 27 20 47 7 17 28 6 10 10 15 14 29 25 44 46 37 29 9 16 9 23 48 0 31 12 43 27 39 6 30 18 36 40 15 44 0 45 49 20 42 5 37 0 31 33 23 34 45 12 3 15 37 42
run=4 seed=3 k=50 f=0
46 35 12 15 26 29 2 13 1 14 34 23 30 39 43 40 9 8 1 7 49 0 29 8 23 47 35 10 24 48 8 25 36 48 26 49 19 28 12 18 44 49 42 1 38 47 40 2 15 31 4 41 21 31 1 49 13 35 36 4 35 4 21 21 17 22 33 6 24 17 33 2 23 45 0 11 38 21 15 15 3 49 6 27 31 6 26 8 41 39
run=5 seed=4 k=50 f=0
1 33 24 31 20 48 28 14 26 32 44 4 10 14 0 23 2 13 21 31 42 35 15 29 7 6 22 31 20 38 0 23 26 6 16 20 46 0 29 22 11 31 26 25 44 41 40 48 22 49 47 25 37 14 41 15 36 45 4 6 29 37 0 6 43 12 41 5 7 11 11 0 16 40 49 2 41 38 0 49 33 49 37 25 17 10 28 36 6 11
run=6 seed=5 k=50 f=0
25 49 10 40 31 31 20 32 11 28 28 48 11 48 13 16 48 25 11 41 7 19 0 23 7 10 14 31 1 17 49 34 28 6 49 11 40 21 12 15 3 34 13 20 35 9 48 23 0 2 41 3 24 49 38 48 39 23 6 39 48 23 0 27 33 21 1 39 39 0 3 44 18 3 22 24 27 48 33 41 18 27 44 16 0 12 13 41 8 31
run=7 seed=6 k=50 f=0
41 35 9 10 9 35 6 43 22 49 35 29 16 1 26 42 46 42 23 44 40 20 40 22 31 11 20 28 32 25 47 0 12 19 16 21 6 4 27 9 22 0 34 19 49 24 9 49 9 32 21 24 6 35 44 43 22 16 12 40 18 49 8 0 49 0 29 32 0 48 13 16 19 1 0 47 26 35 40 40 2 43 22 8 8 16 2 34 29 16
run=8 seed=7 k=50 f=0
3 49 0 32 25 43 36 23 0 13 20 21 31 0 0 34 28 49 25 36 33 13 44 4 49 47 11 42 10 9 13 39 42 0 6 30 7 32 13 33 19 22 48 30 18 20 0 27 45 21 13 6 42 24 5 4 18 16 30 45 49 49 37 28 42 38 36 15 33 40 25 35 13 0 9 1 45 16 12 1 38 3 35 26 6 9 17 17 27 44
run=9 seed=8 k=50 f=0
46 0 20 13 14 43 37 34 45 0 47 31 46 20 23 27 30 49 1 47 6 15 47 7 40 47 22 38 0 5 3 2 30 48 11 43 19 35 25 20 49 36 3 9 12 10 33 12 22 8 26 19 10 7 46 39 10 14 29 17 49 33 21 36 16 23 27 28 32 40 12 27 0 2 0 26 13 1 42 24 38 24 43 10 22 20 2 31 36 45
run=10 seed=9 k=50 f=0
32 24 2 33 8 49 20 45 8 2 38 24 8 39 36 0 6 40 46 18 42 30 29 25 49 13 14 13 49 9 39 14 33 28 18 11 19 45 32 4 47 48 38 5 44 2 49 22 49 40 5 21 0 40 23 2 31 36 13 32 17 7 48 37 27 21 48 31 9 49 31 15 0 3 25 44 24 45 28 32 16 5 42 17 35 11 20 0 15 37
run=11 seed=10 k=50 f=0
19 35 42 45 15 29 33 21 47 8 23 23 0 0 24 31 20 38 5 18 30 44 7 31 12 30 12 23 39 0 19 33 27 40 39 45 15 20 24 12 43 42 28 23 17 31 0 10 8 16 8 9 34 48 21 1 43 33 20 32 0 0 17 27 49 26 17 42 15 49 25 49 37 1 36 7 7 46 34 26 14 3 14 47 35 37 34 7 0 47
run=12 seed=11 k=50 f=0
23 37 48 24 0 43 21 31 39 25 0 49 17 26 9 0 15 34 13 18 23 35 17 21 5 33 12 48 1 26 26 36 19 39 22 8 31 5 4 10 47 10 17 48 0 39 17 25 23 33 45 45 3 12 18 47 49 32 10 49 49 21 27 8 43 0 4 14 8 30 49 36 7 2 40 11 42 34 38 33 49 31 15 4 15 35 3 17 45 26
run=13 seed=12 k=50 f=0
24 17 44 8 49 25 29 13 47 18 28 19 9 24 16 44 7 0 37 42 22 48 30 14 49 12 36 16 21 37 39 40 3 2 0 27 10 29 46 7 25 30 26 3 2 47 9 8 41 0 41 18 46 32 45 34 18 16 4 36 0 20 41 9 45 43 36 34 0 40 39 21 34 49 28 26 49 36 17 0 34 28 11 32 23 33 20 8 4 13
run=14 seed=13 k=50 f=0
40 47 29 41 16 0 13 25 42 1 0 33 0 37 0 3 2 48 23 14 43 23 9 33 43 14 24 13 41 17 10 35 20 42 5 17 19 9 1 0 12 39 0 24 37 33 26 36 32 38 18 31 19 28 27 7 42 4 35 46 27 49 21 0 19 7 45 5 41 36 11 22 10 8 49 7 25 27 30 49 15 1 40 31 49 20 49 8 19 25
run=15 seed=14 k=50 f=0
33 45 1 22 0 38 7 0 19 49 44 14 48 0 49 35 5 29 5 41 26 19 15 25 10 12 0 14 13 23 28 24 10 4 3 1 45 29 0 42 36 14 29 28 30 46 13 28 35 22 19 5 37 28 15 0 36 17 14 39 40 18 49 37 23 31 22 13 10 19 19 48 2 48 32 37 40 41 47 21 33 36 46 4 49 11 6 10 26 0
run=16 seed=15 k=50 f=0
43 0 49 0 48 48 24 15 6 28 20 42 38 27 17 0 32 7 45 3 34 31 39 35 10 11 18 8 10 18 15 25 3 46 24 20 30 35 11 23 47 47 18 41 30 35 36 40 41 2 27 5 30 20 5 5 9 24 36 44 9 39 1 9 49 12 34 22 49 0 2 3 13 33 28 44 3 31 19 22 49 43 16 18 16 22 27 40 33 3
run=17 seed=16 k=50 f=0
44 25 17 22 49 37 27 47 4 38 1 30 19 11 33 23 34 4 1 23 17 14 31 14 36 45 48 2 1 8 48 3 5 37 20 4 11 16 19 36 44 35 20 29 2 25 30 43 39 21 14 29 5 47 47 30 42 47 49 47 8 30 9 49 35 12 1 39 47 24 42 43 11 13 0 42 26 29 49 41 12 26 16 1 9 6 7 41 23 49
run=18 seed=17 k=50 f=0
15 7 39 49 49 9 45 19 3 27 1 15 2 41 31 28 8 27 32 23 0 12 2 48 33 33 3 0 49 28 39 24 36 36 47 17 45 12 30 1 41 9 22 2 12 0 0 17 19 35 43 29 46 20 15 30 5 44 39 43 23 11 47 48 18 49 24 13 37 7 21 23 36 37 40 12 31 43 13 15 24 32 47 25 7 33 7 16 27 40
run=19 seed=18 k=50 f=0
48 20 2 31 25 48 5 2 22 49 46 9 22 48 9 13 20 0 1 28 16 21 28 9 35 41 39 44 49 40 0 13 11 29 49 1 37 2 43 38 49 47 36 23 48 33 18 35 12 40 29 31 10 21 1 5 22 7 16 31 49 7 49 11 31 9 0 40 31 0 26 19 34 21 34 23 29 24 32 40 14 10 49 13 2 17 40 42 24 42
run=20 seed=19 k=50 f=0
17 26 48 2 35 33 10 19 2 14 29 27 15 26 49 21 31 48 3 39 43 11 0 22 45 41 39 0 47 36 0 0 4 41 35 2 6 28 47 11 20 34 49 10 31 34 31 32 4 40 39 29 49 28 28 36 0 13 18 23 1 15 23 9 4 49 20 11 21 17 34 16 46 15 26 0 41 13 35 24 6 13 25 4 46 9 43 8 16 18
