run=1 seed=0 k=54 f=0
10 16 2 43 43 25 46 12 17 37 50 31 46 18 2 2 6 18 52 10 8 26 51 33 46 8 9 51 39 41 7 18 0 12 42 3 37 52 31 52 51 20 4 29 22 31 29 28 0 48 29 0 37 23 34 39 53 26 17 13 53 46 43 33 2 19 52 24 13 31 18 9 18 53 14 15 32 17 43 14 53 53 43 44 37 12 33 22 8 1
run=2 seed=1 k=54 f=0
10 16 2 43 43 25 46 12 17 37 50 31 46 18 2 2 6 18 52 10 8 26 51 33 46 8 9 51 39 41 7 18 0 12 42 3 37 52 31 52 51 20 4 29 22 31 29 28 0 48 29 0 37 23 34 39 53 26 17 13 53 46 43 33 2 19 52 24 13 31 18 9 18 53 14 15 32 17 43 14 53 53 43 44 37 12 33 22 8 1
run=3 seed=2 k=54 f=0
6 37 44 35 11 51 0 12 49 15 46 27 44 51 38 45 38 45 38 14 44 53 0 53 21 1 18 0 18 53 53 15 21 12 23 24 22 35 3 17 26 11 6 32 28 41 49 28 7 7 50 33 24 52 45 39 23 43 16 41 29 36 42 19 34 32 43 0 32 20 38 12 20 9 51 23 30 37 23 0 9 11 1 26 17 2 27 3 33 49
run=4 seed=3 k=54 f=0
19 49 0 44 53 27 23 10 19 4 22 4 0 37 9 45 34 17 49 3 44 0 40 42 31 27 53 23 49 22 53 17 47 53 44 18 1 28 27 36 4 26 6 49 10 37 42 3 44 52 3 35 46 10 23 29 53 17 38 34 0 37 15 30 9 27 13 24 51 18 53 50 5 35 30 15 42 31 7 15 28 26 2 27 12 14 18 38 31 3
run=5 seed=4 k=54 f=0
25 49 3 26 0 49 15 13 32 47 26 12 42 8 45 24 46 43 33 45 39 38 42 45 27 52 33 41 30 10 10 53 52 12 18 3 5 4 17 36 9 49 51 40 52 5 39 31 48 30 7 33 3 47 25 18 36 5 7 12 53 30 27 30 53 53 33 24 1 10 47 15 41 0 30 48 0 6 16 20 53 11 0 16 49 4 30 22 6 41
run=6 seed=5 k=54 f=0
53 0 18 19 32 9 5 15 15 35 18 2 0 52 52 26 5 30 4 44 18 25 9 26 3 38 49 1 39 53 9 23 4 10 21 1 38 45 30 15 41 53 17 19 35 9 44 19 35 53 9 27 37 19 48 9 34 30 41 22 4 49 52 42 13 11 10 47 53 41 28 48 29 40 12 20 45 34 25 17 30 53 0 36 46 0 21 24 6 47
run=7 seed=6 k=54 f=0
9 43 16 41 53 18 4 51 53 33 35 1 33 17 24 32 30 48 3 40 41 1 2 30 53 35 24 6 5 32 24 21 20 15 43 0 0 8 28 0 11 11 53 3 37 26 9 52 20 25 30 16 1 39 10 41 46 20 15 48 9 50 24 51 34 42 9 29 13 0 39 24 41 10 35 47 41 39 52 49 14 53 28 18 22 50 6 16 51 35
run=8 seed=7 k=54 f=0
45 51 28 53 37 33 50 37 42 15 42 11 49 48 19 2 28 2 8 0 47 3 46 38 7 11 27 36 43 12 12 15 12 50 24 23 21 29 7 34 48 36 17 36 2 53 3 25 17 48 7 23 0 42 20 48 30 26 36 37 3 32 1 38 22 31 0 13 29 28 40 17 31 43 53 23 4 44 18 19 34 30 52 26 14 13 10 11 1 8
run=9 seed=8 k=54 f=0
51 15 30 53 9 12 6 10 53 32 31 3 4 1 32 9 24 40 27 20 53 52 21 4 10 27 20 34 16 45 13 12 26 20 11 51 49 25 31 40 53 24 29 37 53 6 42 42 2 16 37 48 35 2 14 41 43 34 18 0 40 40 12 2 47 7 43 26 13 20 1 38 44 30 0 24 44 51 53 52 30 23 34 6 5 35 10 47 25 49
run=10 seed=9 k=54 f=0
31 53 7 49 2 11 43 47 38 14 26 40 21 36 37 53 23 0 10 49 20 0 46 2 12 44 18 43 31 25 46 8 33 15 19 52 37 49 19 26 47 29 28 7 19 13 22 3 13 6 15 53 9 0 37 46 1 18 21 30 45 27 52 38 6 37 0 32 53 11 43 32 48 31 26 24 14 23 28 3 51 15 33 5 31 39 52 52 3 41
run=11 seed=10 k=54 f=0
31 40 2 8 44 40 5 49 47 31 47 47 0 45 53 1 6 0 35 53 26 34 30 8 16 38 34 53 22 48 9 40 51 26 32 13 45 20 3 8 52 36 1 1 21 37 4 10 18 39 20 30 19 18 41 11 27 21 41 50 16 34 47 13 19 25 20 7 25 35 23 39 11 24 0 1 28 20 11 42 53 37 50 7 39 32 1 9 26 45
run=12 seed=11 k=54 f=0
23 6 15 35 52 44 0 1 2 19 52 6 38 32 36 43 20 27 15 24 42 40 1 31 9 53 52 26 3 27 51 42 13 11 40 27 19 51 48 10 53 0 32 16 51 31 5 51 16 52 39 6 18 2 26 9 13 40 20 36 21 36 53 35 43 43 24 30 2 12 17 42 5 18 1 19 11 33 9 26 46 53 37 51 17 25 0 28 46 39
run=13 seed=12 k=54 f=0
26 32 24 29 37 3 17 12 49 36 34 21 43 38 51 52 12 37 11 22 45 4 0 41 6 8 53 14 26 17 11 50 11 0 40 53 28 3 20 23 2 2 31 0 52 53 44 6 43 5 46 53 32 38 35 53 24 50 38 17 8 10 7 41 29 28 31 24 19 18 43 31 18 12 0 18 35 32 18 18 6 0 9 7 40 44 21 27 2 43
run=14 seed=13 k=54 f=0
20 2 27 0 38 10 46 35 10 35 0 19 21 49 16 38 53 40 20 42 30 9 7 17 32 10 52 25 0 37 3 26 12 12 29 9 19 49 6 10 46 52 0 22 42 17 0 48 16 52 36 13 46 49 19 31 15 2 53 24 8 32 35 15 11 43 39 53 43 47 14 53 32 29 0 5 11 32 14 39 30 2 26 49 3 20 42 24 48 41
run=15 seed=14 k=54 f=0
27 50 2 36 1 45 23 50 45 52 51 26 45 48 40 18 43 0 0 33 34 31 15 6 40 34 52 40 5 29 13 14 34 27 21 5 1 25 7 17 24 26 50 27 24 53 44 50 39 23 11 6 32 47 33 20 0 9 42 15 11 34 13 37 33 32 6 21 8 49 14 48 9 9 27 23 52 3 15 20 37 26 48 34 22 27 0 18 21 30
run=16 seed=15 k=54 f=0
47 31 23 33 52 3 30 48 52 28 18 16 25 2 26 20 53 25 44 37 1 32 45 33 26 13 40 3 9 1 49 25 6 12 4 12 41 11 17 35 7 10 20 50 6 42 2 49 40 48 18 5 40 30 26 4 39 12 51 40 43 51 48 53 10 34 44 21 53 8 32 15 51 53 35 4 3 26 26 34 18 47 0 6 39 12 25 17 11 26
run=17 seed=16 k=54 f=0
6 51 31 22 0 52 19 53 31 6 51 41 7 21 43 2 38 13 51 3 26 11 40 32 45 29 4 52 47 23 25 52 13 43 20 16 35 40 0 32 8 53 17 36 4 2 25 21 37 34 16 48 39 25 15 28 0 30 48 53 9 15 8 11 33 44 1 18 0 33 40 17 23 31 52 26 0 38 8 16 32 5 53 37 30 14 17 16 7 10
run=18 seed=17 k=54 f=0
44 26 47 17 52 53 8 27 35 2 31 33 23 12 24 17 36 3 28 51 30 18 33 45 1 35 24 28 3 40 0 13 40 41 44 51 34 47 19 33 29 53 12 26 11 52 34 9 1 24 6 7 35 49 9 52 37 6 23 42 16 7 1 0 14 9 51 43 43 37 19 22 18 43 0 35 46 49 1 11 30 8 29 17 35 9 38 8 49 20
run=19 seed=18 k=54 f=0
40 11 4 16 3 30 19 26 38 27 34 24 8 14 34 7 10 36 5 25 19 43 16 13 40 45 49 34 42 52 52 51 31 51 10 51 44 5 35 28 3 37 13 52 45 15 8 25 20 18 22 32 45 0 6 2 49 47 33 42 42 13 22 35 9 33 32 53 9 12 43 28 49 5 25 35 28 46 41 20 1 2 27 53 0 39 53 49 40 53
run=20 seed=19 k=54 f=0
49 11 4 27 44 44 7 39 18 6 29 4 35 12 1 12 22 18 1 40 36 45 39 18 24 45 38 4 29 47 26 7 18 29 27 14 21 50 53 9 31 3 51 30 14 53 25 23 52 48 39 13 53 42 38 19 41 8 2 40 9 0 9 28 24 34 4 24 0 18 40 52 6 53 30 37 15 53 19 46 0 17 31 20 40 1 9 53 22 9
