run=1 seed=0 k=48 f=0
7 22 9 21 15 8 46 12 22 31 24 43 2 6 35 21 9 2 40 16 41 47 47 45 38 15 14 29 18 31 13 41 0 38 29 39 1 40 19 46 31 31 21 23 17 6 9 5 11 18 47 21 43 10 20 33 14 2 4 1 0 47 44 39 38 47 46 30 1 24 12 26 30 33 47 39 24 44 34 37 47 0 45 15 14 0 27 7 2 31
run=2 seed=1 k=48 f=0
7 22 9 21 15 8 46 12 22 31 24 43 2 6 35 21 9 2 40 16 41 47 47 45 38 15 14 29 18 31 13 41 0 38 29 39 1 40 19 46 31 31 21 23 17 6 9 5 11 18 47 21 43 10 20 33 14 2 4 1 0 47 44 39 38 47 46 30 1 24 12 26 30 33 47 39 24 44 34 37 47 0 45 15 14 0 27 7 2 31
run=3 seed=2 k=48 f=0
16 0 24 47 16 10 0 16 25 44 20 3 32 17 30 28 39 21 15 26 24 35 46 11 0 23 39 38 47 39 7 18 22 19 18 8 0 13 24 38 47 47 26 47 5 29 36 46 47 19 44 42 22 11 6 14 38 43 6 28 38 42 47 12 28 0 37 6 2 47 32 31 14 30 0 18 25 13 31 14 1 17 1 8 24 18 39 8 29 7
run=4 seed=3 k=48 f=0
42 1 24 20 47 39 24 22 5 36 24 4 26 43 8 9 29 31 1 10 14 47 33 8 20 23 13 29 44 47 1 46 3 46 42 0 39 14 33 18 13 47 40 0 42 19 9 16 0 44 33 42 16 16 32 17 12 29 32 27 29 25 3 11 44 21 13 2 34 38 38 2 11 47 21 0 19 38 35 35 6 14 26 21 0 26 6 0 43 37
run=5 seed=4 k=48 f=0
9 26 34 12 30 25 9 29 20 39 32 0 10 44 21 0 7 45 17 5 7 39 0 39 30 38 19 18 0 15 31 29 2 29 2 10 8 4 23 30 16 18 0 22 20 47 22 10 23 47 43 43 2 45 2 16 47 23 26 30 39 36 12 47 3 0 15 16 5 0 23 9 45 34 47 7 47 34 28 38 21 11 35 16 45 40 47 13 13 27
run=6 seed=5 k=48 f=0
21 29 42 24 47 7 47 42 33 13 39 32 37 30 14 38 32 42 4 14 8 13 23 21 47 44 1 9 7 5 18 41 47 0 39 21 46 22 34 15 5 9 19 9 32 39 45 31 1 1 45 4 28 15 36 32 2 35 40 30 38 25 28 15 25 36 0 20 25 0 34 0 47 15 30 2 0 22 23 46 23 47 16 6 43 42 7 22 24 15
run=7 seed=6 k=48 f=0
31 20 37 19 47 35 22 45 1 38 47 43 32 5 21 26 38 12 24 40 15 40 28 38 23 35 29 4 4 15 1 0 0 15 43 0 34 26 24 47 29 41 10 18 45 13 27 46 9 47 6 11 20 46 22 17 38 2 1 12 0 8 28 0 47 18 11 36 27 30 44 7 31 2 8 34 16 37 31 47 25 11 34 42 20 8 24 39 1 44
run=8 seed=7 k=48 f=0
21 3 38 31 30 45 26 43 19 25 16 10 10 6 8 24 35 38 2 47 14 35 47 8 35 28 1 0 1 14 42 42 0 37 34 47 47 0 1 4 25 2 29 19 19 21 36 16 47 5 45 24 35 16 44 3 37 26 15 13 39 30 45 26 46 19 42 3 25 21 14 2 31 19 47 38 18 32 32 28 47 3 38 14 44 13 22 0 7 11
run=9 seed=8 k=48 f=0
38 29 18 29 37 13 44 33 15 31 27 47 0 23 20 38 27 22 33 42 14 47 9 46 14 39 38 0 13 0 30 0 44 19 29 3 47 42 40 10 15 12 36 1 26 30 14 28 1 39 1 42 23 10 25 11 2 10 21 47 28 32 25 41 7 23 13 6 18 47 4 35 38 5 0 41 19 9 47 37 47 15 44 47 42 39 34 8 13 5
run=10 seed=9 k=48 f=0
46 2 20 7 0 29 44 22 26 47 0 47 0 1 35 39 25 0 46 10 41 36 47 21 39 26 36 47 13 13 16 47 15 20 16 0 2 38 24 24 17 25 10 17 28 36 9 28 25 39 15 9 38 12 43 46 37 30 3 18 15 32 28 38 23 25 46 30 15 24 17 3 8 17 47 25 7 0 33 31 44 29 39 35 8 0 10 8 33 1
run=11 seed=10 k=48 f=0
31 11 37 15 17 31 0 16 44 2 23 5 0 1 26 14 2 22 23 12 32 39 27 37 21 9 38 32 47 6 10 34 3 5 34 37 47 31 9 8 14 32 26 35 45 37 17 43 47 47 3 23 45 38 0 3 8 45 44 25 0 28 17 19 12 8 20 9 13 47 35 0 29 47 38 18 41 20 41 18 27 4 18 43 0 39 27 7 11 9
run=12 seed=11 k=48 f=0
47 7 44 29 37 47 25 25 34 20 26 11 36 40 13 28 23 20 47 32 7 40 12 37 47 11 2 0 30 37 24 47 43 47 18 39 6 45 12 16 2 0 28 22 3 16 0 10 47 28 17 11 47 20 2 6 47 5 19 8 28 34 38 23 43 14 30 19 14 46 40 30 40 39 1 7 16 34 4 7 43 15 31 27 23 1 0 21 12 0
run=13 seed=12 k=48 f=0
32 7 0 2 0 39 5 11 1 22 43 45 32 14 47 40 11 20 47 32 15 32 12 34 6 4 11 2 38 29 12 27 2 24 24 47 17 38 42 43 36 25 38 45 44 30 5 30 0 30 20 43 3 32 17 9 24 19 18 13 39 7 47 37 40 39 36 23 23 30 32 23 6 31 9 18 0 9 25 47 22 14 24 45 46 26 47 21 37 5
run=14 seed=13 k=48 f=0
42 29 15 31 0 40 16 11 41 35 0 46 19 6 39 0 0 0 32 18 33 25 1 40 47 40 21 28 13 8 10 21 30 37 35 27 15 24 31 4 40 38 0 33 35 26 18 20 46 8 0 43 3 45 43 37 47 40 10 0 47 6 20 46 41 42 20 24 8 18 28 24 14 9 9 2 47 11 26 31 40 47 2 13 47 14 18 27 30 46
run=15 seed=14 k=48 f=0
43 21 46 39 0 20 27 0 0 12 18 14 30 16 18 17 41 46 25 5 24 26 27 6 42 22 32 4 7 37 1 19 40 39 27 37 27 20 0 35 32 37 12 34 18 38 3 30 9 28 3 16 43 47 15 36 4 47 47 47 46 9 22 11 17 18 40 36 44 9 21 0 25 3 30 16 13 11 9 21 47 11 30 28 21 45 0 39 45 28
run=16 seed=15 k=48 f=0
43 6 45 23 0 6 11 47 42 17 17 15 31 44 38 32 16 0 20 30 32 8 23 38 16 1 38 40 37 37 47 43 10 15 34 9 3 27 11 35 0 16 0 35 3 12 38 24 41 29 33 5 40 47 8 23 21 0 37 0 10 26 34 15 27 47 26 20 30 47 21 32 27 47 26 46 8 47 14 22 0 2 47 18 3 43 14 18 0 26
run=17 seed=16 k=48 f=0
12 3 10 11 0 47 34 0 27 0 45 20 47 4 23 0 45 40 21 45 41 29 21 38 14 25 29 37 22 36 26 36 36 8 0 8 30 39 3 11 20 17 22 35 0 41 25 45 2 34 27 5 37 47 39 38 12 7 47 17 15 15 32 45 17 44 13 28 16 34 2 30 17 1 47 17 3 13 29 11 33 41 24 37 24 32 9 8 31 4
run=18 seed=17 k=48 f=0
25 13 47 38 14 4 15 44 45 19 21 10 1 15 32 26 22 45 0 39 6 39 7 10 1 5 31 0 7 21 10 37 40 13 14 0 6 5 30 21 15 33 47 32 38 16 11 19 32 36 34 28 19 43 29 12 36 12 28 28 47 20 25 30 7 45 42 37 5 23 2 16 42 22 0 36 47 32 25 39 30 37 23 44 45 27 47 40 7 44
run=19 seed=18 k=48 f=0
34 44 32 31 47 7 39 0 20 45 34 13 38 26 11 37 0 0 29 19 33 7 7 27 47 47 47 29 32 0 1 17 31 7 4 9 23 2 11 22 34 10 36 12 40 15 24 1 24 0 1 15 30 47 34 47 7 34 30 33 19 0 18 23 18 39 38 6 16 0 13 17 14 22 27 24 45 20 6 22 6 26 3 17 42 45 40 39 46 46
run=20 seed=19 k=48 f=0
43 8 37 10 38 39 7 19 47 33 0 45 8 12 29 9 29 19 35 23 23 20 47 8 34 1 2 26 17 28 25 11 6 41 21 0 20 14 47 15 42 38 31 41 12 25 9 0 13 44 33 43 32 2 33 6 23 47 44 20 47 31 15 0 13 26 34 11 35 0 18 22 19 31 17 11 0 18 5 47 36 6 27 20 46 25 36 9 46 3
