run=1 seed=0 k=51 f=0
11 49 9 16 50 36 28 15 45 19 0 25 19 46 32 20 45 42 40 31 26 8 36 39 14 5 9 30 9 28 50 15 27 0 23 29 37 10 43 31 4 9 35 37 0 40 0 47 44 9 2 30 43 11 17 27 17 50 41 41 40 26 49 20 2 47 15 4 19 11 34 48 8 0 20 0 0 14 21 35 26 48 11 41 38 6 21 2 26 17
run=2 seed=1 k=51 f=0
11 49 9 16 50 36 28 15 45 19 0 25 19 46 32 20 45 42 40 31 26 8 36 39 14 5 9 30 9 28 50 15 27 0 23 29 37 10 43 31 4 9 35 37 0 40 0 47 44 9 2 30 43 11 17 27 17 50 41 41 40 26 49 20 2 47 15 4 19 11 34 48 8 0 20 0 0 14 21 35 26 48 11 41 38 6 21 2 26 17
run=3 seed=2 k=51 f=0
12 4 32 7 39 24 50 50 47 39 48 15 18 2 24 48 32 0 0 32 31 41 49 20 26 19 45 28 39 15 0 46 19 15 14 22 8 27 2 32 11 35 21 44 40 28 31 1 18 13 50 27 42 41 48 32 41 46 15 5 16 32 6 23 37 45 31 6 6 49 2 7 4 32 0 45 25 10 38 48 5 11 25 38 35 48 45 8 37 14
run=4 seed=3 k=51 f=0
21 28 48 45 0 19 48 49 36 1 46 4 6 31 14 15 31 37 28 18 20 15 4 6 25 46 13 7 0 36 32 40 43 34 30 37 25 47 10 48 22 50 50 11 31 9 18 49 0 46 41 40 18 45 32 35 9 50 21 28 34 1 28 17 31 9 4 9 25 50 23 41 9 28 26 18 13 21 41 24 38 40 50 2 0 5 6 41 20 50
run=5 seed=4 k=51 f=0
2 19 50 8 0 37 33 49 23 4 47 0 0 47 23 0 49 49 15 23 17 2 9 33 0 19 15 39 30 35 27 40 40 8 11 29 33 37 14 35 4 47 18 5 42 2 38 20 37 50 39 13 34 22 19 25 42 8 50 13 31 50 30 27 3 21 28 42 13 9 41 18 0 25 48 14 17 31 34 9 41 9 29 9 50 49 18 38 11 21
run=6 seed=5 k=51 f=0
19 41 48 0 17 43 11 3 2 28 6 8 25 24 34 26 27 18 15 32 50 42 8 49 13 11 49 0 38 28 34 20 40 14 41 49 50 13 29 15 40 18 23 4 37 0 19 46 27 0 30 46 12 37 48 12 4 44 50 40 8 4 46 0 0 9 31 28 19 43 4 21 12 27 0 23 44 7 46 5 16 26 35 2 37 6 18 25 0 45
run=7 seed=6 k=51 f=0
13 40 27 47 0 10 40 0 34 16 2 16 12 47 35 13 14 26 20 37 41 44 47 50 5 41 0 21 29 0 38 41 24 5 0 38 34 48 0 20 50 22 10 22 36 38 24 39 36 47 48 50 31 46 49 17 22 14 1 1 17 25 30 8 33 9 15 8 28 26 39 19 27 35 47 2 1 0 29 45 20 5 22 6 49 20 48 10 9 50
run=8 seed=7 k=51 f=0
0 21 2 19 0 9 23 21 2 19 0 1 16 33 39 11 22 29 11 48 33 8 50 5 40 40 40 36 29 9 45 50 15 49 12 5 30 45 4 38 13 24 15 12 14 12 39 4 23 48 13 6 31 18 13 30 3 28 48 31 15 42 27 35 10 25 23 44 44 26 47 27 43 49 50 24 1 25 2 38 50 37 4 50 17 30 17 8 32 41
run=9 seed=8 k=51 f=0
48 33 9 8 31 50 30 45 21 0 1 44 12 1 1 38 15 22 21 47 8 13 0 25 19 27 0 5 49 50 45 22 35 28 33 39 16 7 32 37 50 22 0 10 45 27 8 46 43 50 16 4 34 45 0 28 44 35 38 16 41 0 19 20 9 29 44 16 36 50 34 36 29 35 22 42 31 12 37 0 38 2 50 4 23 21 19 14 10 4
run=10 seed=9 k=51 f=0
3 14 1 1 9 38 43 40 5 22 40 32 23 43 50 22 0 12 10 1 44 47 28 15 49 28 48 39 7 8 11 20 6 14 46 40 50 44 40 26 11 30 0 10 19 25 50 48 23 13 30 4 50 6 46 31 13 27 6 31 35 32 27 50 21 4 37 26 13 18 30 39 7 23 0 12 44 31 24 36 16 0 11 47 2 9 43 28 34 45
run=11 seed=10 k=51 f=0
7 13 38 41 34 22 38 48 38 8 35 50 36 12 11 49 33 4 44 36 42 49 0 13 29 5 16 26 22 18 0 1 6 9 29 39 32 16 25 35 45 23 34 23 9 30 0 0 14 28 23 28 16 42 11 27 18 0 3 50 19 16 0 28 23 17 39 6 7 0 29 48 23 30 50 14 12 41 50 45 5 8 47 40 14 0 38 26 1 42
run=12 seed=11 k=51 f=0
17 29 42 7 50 50 22 22 9 19 0 16 11 11 9 19 39 41 7 24 42 16 21 19 46 46 0 27 4 14 0 46 15 50 1 3 7 48 1 1 16 49 7 39 9 19 45 35 9 29 4 29 39 41 37 48 36 34 1 37 1 31 20 0 10 13 30 15 39 26 49 33 50 30 36 41 23 3 1 33 47 19 29 37 11 13 40 17 22 30
run=13 seed=12 k=51 f=0
29 0 26 16 0 0 41 47 31 0 40 46 43 49 30 41 41 25 9 19 36 31 15 27 10 43 8 23 15 44 23 2 38 3 10 19 50 42 20 23 26 12 13 33 5 7 50 33 19 29 10 5 34 29 50 5 0 32 23 9 10 10 45 36 32 39 24 25 50 19 3 50 33 35 42 24 31 47 3 0 50 26 45 50 15 44 13 50 1 33
run=14 seed=13 k=51 f=0
3 11 0 42 29 19 5 36 32 1 4 2 43 39 38 38 1 49 23 12 44 50 18 37 30 46 12 12 15 25 8 9 22 21 16 21 28 10 15 40 25 20 42 17 8 40 31 45 13 49 49 15 0 48 19 31 21 3 0 39 20 0 7 40 35 12 23 7 22 1 2 48 28 33 50 50 50 29 4 34 25 14 23 37 0 7 42 12 47 8
run=15 seed=14 k=51 f=0
28 16 33 12 28 23 15 24 6 41 7 38 42 6 50 17 32 29 4 14 44 18 10 30 23 16 47 30 12 48 9 13 2 43 41 50 36 15 29 50 24 27 36 40 1 36 12 10 39 1 39 33 16 2 42 0 43 37 9 29 10 50 16 24 23 35 34 2 47 19 44 40 22 3 37 1 20 50 24 2 49 3 15 4 23 50 33 0 1 19
run=16 seed=15 k=51 f=0
2 40 18 35 0 48 32 15 28 8 46 21 50 49 50 0 9 2 29 13 35 23 35 3 25 11 42 9 36 6 40 37 43 39 21 0 46 48 10 14 16 17 34 1 48 45 16 28 8 35 32 23 32 20 46 1 45 35 15 24 17 30 25 27 24 49 29 45 38 28 18 11 36 11 9 13 26 16 41 2 19 5 30 9 49 28 40 41 0 29
run=17 seed=16 k=51 f=0
43 6 30 34 41 50 19 26 6 38 26 44 0 39 24 37 2 25 30 23 18 40 48 20 14 14 4 4 17 0 13 28 31 18 34 46 47 31 35 35 14 25 12 50 39 47 25 12 47 1 21 36 49 10 15 5 1 10 50 17 32 0 26 17 34 11 0 9 16 50 44 5 32 14 1 12 42 23 18 31 8 2 21 31 50 1 11 12 6 34
run=18 seed=17 k=51 f=0
1 50 43 47 29 11 50 38 26 35 43 31 3 35 50 0 21 3 48 1 44 35 28 18 50 2 40 49 40 36 23 1 46 18 33 0 27 47 44 11 50 39 23 11 14 49 24 9 7 45 23 16 50 36 37 50 37 21 12 9 11 10 1 6 28 15 50 0 17 20 33 0 50 20 38 19 46 34 28 12 29 8 45 32 26 0 19 2 25 5
run=19 seed=18 k=51 f=0
46 24 39 6 50 42 31 19 46 20 39 22 35 27 15 38 31 36 5 34 8 25 0 10 42 46 13 22 7 19 44 21 44 7 37 12 16 27 0 34 9 25 39 1 27 37 29 1 48 0 35 12 3 48 42 8 1 10 45 50 33 30 14 10 18 39 8 25 15 1 37 49 5 50 41 0 0 31 19 16 50 11 2 5 42 0 29 23 21 23
run=20 seed=19 k=51 f=0
41 6 39 20 0 30 26 15 23 37 16 37 29 9 17 3 5 13 7 1 23 5 50 30 16 19 47 37 23 11 20 20 44 23 0 11 44 8 50 42 41 37 28 45 23 8 20 10 25 0 14 45 6 12 2 45 5 23 18 28 9 32 42 30 40 50 34 37 32 30 49 1 48 4 49 46 49 28 26 13 41 21 12 28 50 40 31 39 37 35
