run=1 seed=0 k=49 f=0
15 0 33 40 32 10 35 4 8 22 13 48 48 18 48 35 17 21 23 38 24 30 21 37 30 26 3 48 1 47 4 0 45 0 33 1 8 42 14 27 39 21 10 8 41 45 39 6 23 12 38 15 28 42 15 1 46 4 40 31 10 27 32 12 15 48 40 42 42 0 0 3 0 30 18 16 31 29 30 11 23 24 33 28 18 24 7 40 45 29
run=2 seed=1 k=49 f=0
15 0 33 40 32 10 35 4 8 22 13 48 48 18 48 35 17 21 23 38 24 30 21 37 30 26 3 48 1 47 4 0 45 0 33 1 8 42 14 27 39 21 10 8 41 45 39 6 23 12 38 15 28 42 15 1 46 4 40 31 10 27 32 12 15 48 40 42 42 0 0 3 0 30 18 16 31 29 30 11 23 24 33 28 18 24 7 40 45 29
run=3 seed=2 k=49 f=0
18 39 14 45 48 30 18 0 12 2 41 36 5 0 16 36 10 24 31 15 34 33 23 18 40 17 1 14 32 7 28 0 34 28 46 17 21 42 12 34 43 45 23 48 33 14 35 43 22 45 28 40 13 4 0 15 5 26 39 26 8 48 43 47 48 9 8 21 8 27 11 2 12 10 0 38 38 22 22 19 48 20 30 4 1 16 3 40 47 2
run=4 seed=3 k=49 f=0
4 47 35 25 48 10 22 0 27 33 21 48 24 45 38 11 48 0 16 23 16 48 8 48 2 29 17 0 3 16 7 11 30 46 44 8 39 47 30 27 35 48 35 7 26 12 48 18 12 25 13 35 14 22 35 1 44 8 28 17 30 4 17 0 7 0 20 6 30 0 1 42 45 39 22 44 17 40 35 42 33 33 18 28 7 44 42 10 3 20
run=5 seed=4 k=49 f=0
14 3 20 32 28 41 1 25 14 0 46 4 21 16 0 48 6 14 13 6 6 6 11 39 23 10 47 1 46 43 5 16 42 19 45 9 11 38 0 42 48 38 33 45 0 35 18 34 31 34 24 33 44 32 5 20 17 47 11 26 39 42 47 35 40 44 34 18 38 48 46 48 13 23 12 7 30 10 27 12 0 32 16 46 25 15 1 20 23 17
run=6 seed=5 k=49 f=0
29 20 48 48 1 34 18 48 0 48 35 40 8 48 35 34 24 1 19 38 41 48 9 47 3 15 25 23 17 29 48 46 18 48 6 31 7 29 27 39 4 15 12 8 40 30 40 3 14 13 41 33 22 17 47 28 35 25 42 22 27 40 0 0 8 3 41 11 7 18 43 19 23 13 48 46 31 42 28 40 1 21 33 9 30 26 0 9 5 38
run=7 seed=6 k=49 f=0
17 33 14 0 21 38 25 14 22 0 32 21 44 12 12 48 0 48 4 27 6 3 45 0 21 40 31 6 31 38 34 8 27 37 5 29 30 38 20 46 44 9 44 32 30 47 8 18 47 39 1 27 2 12 14 21 17 42 33 48 48 0 28 23 42 18 21 39 13 32 20 6 40 12 0 16 25 42 46 17 6 3 28 43 29 26 12 41 6 38
run=8 seed=7 k=49 f=0
33 48 4 2 9 33 48 14 33 39 26 27 39 29 25 28 0 18 27 22 41 11 43 48 0 38 9 48 23 11 16 13 10 11 1 25 20 46 44 37 23 46 17 13 16 37 0 39 35 48 1 30 3 35 12 0 4 39 38 14 0 2 29 27 24 33 47 20 43 34 0 34 4 42 48 4 32 1 5 9 48 33 44 24 21 20 15 17 20 13
run=9 seed=8 k=49 f=0
19 3 26 18 48 36 32 7 7 39 15 44 48 10 17 26 20 11 6 33 34 46 48 31 21 19 26 8 34 40 39 42 0 40 24 9 17 48 33 24 3 4 1 27 35 23 18 33 4 28 33 14 32 0 10 21 18 15 41 0 9 48 28 16 4 45 40 22 37 0 47 5 28 1 28 48 28 48 0 10 0 27 36 45 18 24 11 40 44 15
run=10 seed=9 k=49 f=0
39 33 10 8 0 34 11 11 40 13 1 16 40 6 48 20 36 47 3 48 30 37 21 28 13 12 1 32 16 28 13 0 18 48 32 0 5 24 22 1 27 33 19 26 2 47 22 41 10 47 21 23 3 40 40 28 32 24 4 32 17 14 9 42 39 38 45 43 47 37 46 35 48 26 9 22 48 4 17 27 7 0 33 0 12 48 18 24 23 31
run=11 seed=10 k=49 f=0
27 6 18 14 47 36 40 14 31 12 48 30 9 47 14 37 11 21 37 10 8 17 32 43 37 9 5 28 21 25 27 30 27 16 44 36 45 40 9 43 40 18 23 18 2 4 0 0 26 46 15 34 44 0 4 39 16 1 47 26 30 23 5 44 12 19 36 20 4 1 22 11 17 45 38 29 2 45 29 38 48 44 0 46 11 27 33 22 40 41
run=12 seed=11 k=49 f=0
41 23 16 19 22 28 24 16 25 0 12 48 33 2 0 39 31 12 4 13 6 37 39 0 21 8 34 16 1 28 17 48 21 47 16 26 24 40 17 6 11 0 5 26 48 12 17 32 1 43 10 10 44 3 25 27 46 36 13 9 47 33 21 3 42 34 35 37 46 31 0 9 36 3 13 39 41 6 48 24 48 31 8 34 23 38 20 40 47 20
run=13 seed=12 k=49 f=0
44 8 15 9 0 44 48 17 16 8 13 26 13 33 15 37 18 16 16 2 9 34 43 21 48 20 35 15 36 36 33 11 45 3 33 20 48 48 42 19 1 0 41 11 4 25 0 28 41 29 35 5 40 30 1 7 1 41 20 37 23 21 25 24 29 46 44 32 24 39 8 31 35 0 48 45 25 8 24 48 2 37 47 1 48 26 0 30 23 10
run=14 seed=13 k=49 f=0
34 40 31 9 48 24 28 41 45 8 33 18 45 37 27 29 48 35 48 2 33 19 1 4 11 45 46 40 37 24 33 41 12 18 3 41 10 16 33 12 27 22 31 28 48 19 0 6 48 17 0 12 0 48 30 41 43 32 2 26 7 0 5 15 15 32 12 22 0 16 21 38 0 0 39 44 15 23 22 7 28 38 9 13 48 45 29 0 17 0
run=15 seed=14 k=49 f=0
1 45 36 0 0 16 48 48 45 26 19 34 33 43 47 18 48 9 41 29 31 31 8 3 13 10 43 37 27 1 1 6 13 10 33 34 27 4 21 39 31 48 24 24 48 44 46 25 48 18 33 43 12 0 1 2 0 46 39 9 9 46 42 20 26 3 0 19 11 38 47 27 11 24 25 2 41 47 33 19 6 5 33 12 4 40 14 17 27 36
run=16 seed=15 k=49 f=0
17 23 44 26 1 0 14 8 8 23 31 18 35 47 48 13 28 48 1 14 24 7 18 45 23 32 8 0 21 28 25 35 34 38 15 1 47 42 16 7 21 0 31 9 8 38 46 44 19 31 34 15 48 28 33 39 42 41 24 11 10 4 21 0 35 17 2 32 48 39 30 35 25 39 18 29 42 20 24 11 2 0 46 45 28 20 12 30 2 47
run=17 seed=16 k=49 f=0
48 42 23 12 0 47 35 22 46 27 48 29 0 3 24 40 23 19 13 26 41 32 14 8 19 25 41 0 45 48 36 1 18 23 30 9 48 2 27 15 34 24 8 44 33 2 35 10 20 48 1 10 47 6 46 42 19 43 2 18 16 15 34 5 25 0 13 29 4 48 2 43 27 3 35 11 8 34 31 17 29 47 38 28 45 34 10 9 0 35
run=18 seed=17 k=49 f=0
37 13 30 37 1 25 40 6 21 42 5 9 0 45 27 48 45 45 37 7 41 18 39 48 1 38 18 10 38 48 43 28 43 27 44 0 16 12 22 43 12 30 3 24 7 48 10 19 30 23 21 13 23 35 26 38 25 18 48 31 19 1 43 0 12 48 11 33 46 48 46 17 37 0 10 1 7 37 17 17 28 37 22 6 1 4 2 35 13 9
run=19 seed=18 k=49 f=0
24 5 46 16 48 25 19 6 12 22 36 31 1 0 0 17 29 48 19 47 33 0 12 45 18 21 9 30 48 0 30 2 11 0 47 10 36 39 21 19 39 48 16 34 25 10 38 6 13 48 39 43 14 10 3 48 7 32 28 0 9 45 41 32 40 29 10 25 26 18 48 38 30 0 39 20 8 23 42 23 35 15 34 14 40 10 5 27 42 2
run=20 seed=19 k=49 f=0
24 32 0 3 0 38 48 1 21 27 8 45 14 26 18 12 21 32 48 43 41 0 40 42 15 1 23 4 37 21 0 7 1 31 6 13 39 10 15 17 45 21 13 36 8 24 36 45 23 3 40 30 39 48 2 42 5 30 28 47 26 0 37 48 11 21 14 8 33 48 24 27 14 13 35 46 28 25 8 47 7 4 38 5 17 46 48 10 32 1
