run=1 seed=0 k=53 f=0
48 2 32 21 0 47 7 12 6 12 39 39 17 14 32 14 0 12 29 24 15 2 42 30 52 45 29 48 51 20 36 48 23 23 22 34 32 30 16 11 38 26 10 2 13 4 49 40 16 2 17 48 5 42 30 45 25 5 33 25 24 3 0 51 0 18 8 37 31 43 44 0 50 2 52 17 8 0 36 43 31 6 23 38 8 32 52 9 0 24
run=2 seed=1 k=53 f=0
48 2 32 21 0 47 7 12 6 12 39 39 17 14 32 14 0 12 29 24 15 2 42 30 52 45 29 48 51 20 36 48 23 23 22 34 32 30 16 11 38 26 10 2 13 4 49 40 16 2 17 48 5 42 30 45 25 5 33 25 24 3 0 51 0 18 8 37 31 43 44 0 50 2 52 17 8 0 36 43 31 6 23 38 8 32 52 9 0 24
run=3 seed=2 k=53 f=0
34 12 52 52 52 22 40 50 31 23 52 44 4 20 0 31 19 35 37 28 44 22 39 46 14 1 13 7 42 4 26 49 28 45 12 46 22 6 29 0 39 46 16 8 9 1 14 19 0 4 47 40 15 13 51 42 47 44 3 36 35 2 38 23 28 29 37 7 34 26 3 30 42 0 17 51 35 37 50 52 11 14 36 26 0 46 48 9 16 25
run=4 seed=3 k=53 f=0
51 44 32 45 20 29 11 21 25 51 11 2 41 30 0 0 39 37 50 12 35 25 22 34 1 3 52 40 49 49 52 0 13 31 34 21 13 5 37 16 32 7 45 17 41 27 11 19 41 2 10 26 15 22 5 0 37 44 16 36 52 52 10 2 47 44 24 5 51 11 22 8 50 20 29 38 18 47 37 32 2 0 32 35 5 16 8 45 20 12
run=5 seed=4 k=53 f=0
45 15 4 26 16 36 42 39 33 51 6 18 17 30 36 32 23 9 33 21 52 46 43 29 9 38 0 4 5 27 36 46 43 46 2 40 15 44 5 10 11 1 13 1 52 20 9 52 27 20 31 48 9 25 31 37 20 38 51 29 0 39 33 35 24 0 22 31 19 25 43 18 41 51 45 10 52 12 48 44 30 33 13 1 26 1 1 7 50 38
run=6 seed=5 k=53 f=0
3 47 27 30 51 11 44 51 21 52 52 5 18 27 0 14 42 17 6 19 24 12 18 36 12 14 37 48 0 2 9 13 28 35 4 44 3 33 42 3 30 36 30 49 7 25 14 23 21 35 34 44 2 27 26 41 52 42 0 4 40 52 17 38 28 24 43 32 34 9 20 51 42 50 18 46 25 40 0 49 33 51 36 10 2 41 7 30 0 15
run=7 seed=6 k=53 f=0
1 9 30 7 51 17 25 29 45 9 52 50 4 12 1 39 51 30 9 50 16 35 47 42 5 5 0 31 11 40 50 6 32 5 16 27 15 33 37 6 18 29 41 45 0 25 42 19 10 1 51 43 14 48 43 18 0 22 48 18 31 27 24 17 37 52 23 7 0 40 41 23 28 39 22 49 22 46 38 36 45 15 31 37 10 43 3 9 19 38
run=8 seed=7 k=53 f=0
38 17 42 0 52 9 22 35 26 35 23 15 52 5 0 50 19 42 29 13 38 5 25 2 20 33 51 13 41 52 38 27 29 25 39 26 32 2 21 6 11 26 49 52 7 49 5 2 52 17 49 3 19 43 44 29 42 39 16 44 11 0 7 0 3 50 15 26 44 20 47 35 17 30 32 24 5 39 42 13 32 20 10 30 31 21 40 44 35 4
run=9 seed=8 k=53 f=0
28 34 15 51 43 35 26 33 13 1 15 2 52 37 52 51 37 44 2 8 18 28 51 23 43 2 12 4 6 25 33 20 44 33 46 43 40 48 49 2 5 0 22 18 7 47 52 25 46 32 12 9 40 10 21 2 0 33 14 20 4 26 43 0 32 13 26 26 38 34 50 33 52 21 12 20 45 15 45 16 26 4 38 44 47 3 23 24 6 32
run=10 seed=9 k=53 f=0
42 6 36 52 28 36 40 5 32 11 1 23 52 2 37 36 12 45 33 38 52 11 52 22 32 50 2 52 3 19 40 48 25 26 2 32 0 44 7 7 21 7 2 43 13 27 50 13 19 41 31 14 25 43 22 32 28 27 50 23 1 15 19 27 20 0 9 44 48 19 24 4 32 11 9 51 29 3 21 19 45 0 13 19 40 18 39 46 45 39
run=11 seed=10 k=53 f=0
11 25 45 21 49 6 40 37 35 51 4 47 44 33 25 29 48 0 15 6 41 26 30 24 41 12 12 21 27 20 16 4 49 51 3 11 44 21 22 21 29 52 38 0 14 19 29 10 37 20 48 6 30 0 43 47 16 52 3 1 10 14 8 4 20 43 47 19 17 0 3 52 18 33 35 34 33 36 25 1 11 42 52 18 0 29 12 17 29 3
run=12 seed=11 k=53 f=0
42 1 8 10 34 30 45 28 33 41 8 49 12 48 43 15 6 36 11 36 52 15 17 4 12 39 19 4 25 30 0 26 8 24 4 22 52 21 18 12 13 26 47 1 35 10 1 41 46 31 15 48 39 32 3 31 2 17 22 11 10 0 10 46 6 49 18 19 0 1 27 52 23 0 25 38 43 32 26 33 50 41 13 52 52 48 52 17 38 1
run=13 seed=12 k=53 f=0
37 10 50 25 33 34 30 27 44 33 43 14 22 40 8 21 7 40 49 29 14 36 31 21 47 28 49 13 35 3 32 19 45 29 23 43 0 25 51 4 34 49 4 7 16 16 52 37 14 2 19 39 11 37 50 25 12 13 50 19 52 9 46 23 19 13 14 3 0 42 48 40 36 2 20 41 41 5 21 1 52 13 29 29 50 48 40 0 23 24
run=14 seed=13 k=53 f=0
20 9 17 8 36 52 22 2 37 19 20 26 21 47 9 46 4 46 50 18 52 32 30 25 38 28 17 0 13 3 0 12 48 16 50 1 36 11 2 44 24 9 5 9 48 40 34 31 0 44 0 48 39 27 28 47 35 34 12 52 17 52 43 40 0 11 15 25 9 0 52 8 12 36 45 8 44 22 39 33 52 42 7 42 42 15 27 27 49 29
run=15 seed=14 k=53 f=0
0 45 19 4 1 40 46 8 43 8 9 50 4 35 19 19 34 34 46 1 44 17 1 43 25 46 15 51 48 10 52 23 22 0 1 51 11 52 39 9 8 27 42 7 49 2 0 9 42 19 10 13 38 29 25 52 1 19 12 40 34 47 21 31 23 34 29 25 33 51 52 37 33 25 10 33 42 30 52 21 11 16 5 26 40 30 35 27 50 23
run=16 seed=15 k=53 f=0
3 33 50 34 9 52 37 42 19 13 26 44 14 48 42 43 43 26 43 31 35 47 26 1 17 8 5 2 32 2 36 51 47 51 32 21 32 5 0 50 6 52 15 39 8 4 31 30 9 1 47 3 29 20 27 0 29 52 42 40 26 11 39 18 10 50 17 49 34 0 4 39 36 16 18 45 1 11 25 23 50 23 33 26 21 3 51 52 45 20
run=17 seed=16 k=53 f=0
49 2 20 4 18 34 18 14 18 9 18 12 51 28 51 13 13 40 26 41 43 30 44 31 51 48 28 42 44 7 6 20 9 32 24 0 49 43 36 9 31 43 16 8 12 19 21 25 39 35 13 31 21 24 46 2 52 16 25 52 27 3 7 33 9 46 39 3 10 9 41 0 24 51 35 36 35 3 1 27 0 17 33 25 52 22 49 0 5 6
run=18 seed=17 k=53 f=0
24 30 41 19 0 0 28 1 32 23 52 31 39 24 35 30 52 7 18 39 29 27 13 40 46 13 43 43 45 51 10 33 24 2 46 14 50 6 10 51 3 1 8 0 4 17 49 52 4 1 49 24 50 37 26 45 17 2 0 41 43 23 48 21 22 31 30 11 38 52 2 27 12 52 21 33 18 8 44 29 5 44 15 14 18 34 33 9 46 25
run=19 seed=18 k=53 f=0
51 34 9 12 24 31 7 4 2 35 46 3 0 28 47 0 5 38 31 42 8 32 52 21 3 37 25 48 32 45 25 42 40 27 42 6 20 24 52 23 27 49 5 17 28 12 27 33 24 43 22 33 18 35 40 17 20 12 27 52 39 6 40 18 13 14 4 52 0 15 19 38 18 47 2 46 15 20 51 40 51 48 1 41 10 41 36 32 52 20
run=20 seed=19 k=53 f=0
35 2 20 42 8 51 8 46 5 35 36 5 41 11 33 10 44 14 50 43 39 5 39 44 0 46 35 39 14 12 17 35 52 22 23 52 45 14 13 30 23 26 45 38 6 0 13 47 45 43 52 31 0 3 10 52 28 25 0 26 25 29 9 48 42 0 3 52 28 46 26 30 2 26 17 51 5 1 18 51 23 51 7 17 17 20 17 0 24 33
