run=1 seed=0 k=52 f=0
39 22 36 43 1 28 38 11 12 33 0 51 29 43 51 14 8 10 36 24 45 8 3 29 49 18 0 3 50 43 9 38 7 22 5 41 49 44 17 50 1 37 14 1 25 5 18 28 43 2 1 49 19 31 35 21 50 6 32 51 22 8 36 51 16 27 30 37 34 13 12 15 11 20 31 31 44 38 7 0 15 36 51 15 46 16 4 39 22 39
run=2 seed=1 k=52 f=0
39 22 36 43 1 28 38 11 12 33 0 51 29 43 51 14 8 10 36 24 45 8 3 29 49 18 0 3 50 43 9 38 7 22 5 41 49 44 17 50 1 37 14 1 25 5 18 28 43 2 1 49 19 31 35 21 50 6 32 51 22 8 36 51 16 27 30 37 34 13 12 15 11 20 31 31 44 38 7 0 15 36 51 15 46 16 4 39 22 39
run=3 seed=2 k=52 f=0
30 21 51 51 1 0 32 29 33 39 0 27 1 21 25 37 51 6 15 29 9 38 13 18 47 3 15 51 44 35 49 22 10 10 9 20 45 49 39 45 13 26 44 35 40 16 0 27 50 50 13 37 17 0 1 8 13 7 0 9 33 30 25 5 39 29 49 45 23 51 49 27 34 41 15 30 34 17 41 10 24 9 23 48 4 34 32 40 17 37
run=4 seed=3 k=52 f=0
6 21 48 10 0 24 40 36 42 29 18 1 29 11 9 0 12 47 5 23 33 26 30 26 41 35 17 8 20 11 51 26 44 22 3 37 47 10 2 40 43 16 35 47 6 6 13 51 43 2 31 5 42 14 20 50 28 34 19 48 47 33 44 39 9 22 25 14 4 26 13 18 10 32 39 40 39 31 40 1 46 22 34 41 40 42 2 17 51 27
run=5 seed=4 k=52 f=0
33 27 11 13 33 40 29 23 48 17 40 34 50 48 0 46 44 5 29 1 17 27 22 11 17 42 46 37 28 4 21 17 18 19 31 51 30 8 23 26 34 39 8 35 40 47 6 6 10 33 7 28 13 11 17 1 50 39 38 42 42 1 32 48 15 23 23 5 17 51 2 31 51 22 11 6 8 26 12 0 37 47 22 50 51 51 31 25 0 21
run=6 seed=5 k=52 f=0
50 37 22 16 41 7 3 41 35 29 17 0 25 10 28 0 22 23 36 24 22 49 12 9 2 40 35 13 12 30 34 49 32 32 47 0 20 7 27 29 37 11 20 33 51 27 9 39 26 45 5 48 17 40 4 33 29 15 44 17 9 9 1 0 17 23 16 33 1 0 25 40 43 48 51 18 42 6 3 3 51 39 51 18 22 42 7 16 34 36
run=7 seed=6 k=52 f=0
5 14 51 9 3 43 14 41 5 34 22 33 33 1 12 10 0 51 47 36 36 14 40 46 29 43 20 51 39 19 3 19 4 0 32 13 25 46 12 31 7 18 7 23 9 31 23 40 5 43 26 46 12 43 0 37 34 7 19 51 51 34 22 30 43 2 15 22 44 29 19 0 13 0 43 45 48 16 32 24 8 37 50 46 28 32 26 20 39 17
run=8 seed=7 k=52 f=0
8 14 45 12 9 51 18 7 0 13 51 21 33 46 19 51 30 30 44 25 35 3 36 0 31 40 1 14 21 22 5 46 22 24 46 46 35 40 29 36 3 43 9 12 8 3 37 41 12 28 33 16 25 0 17 42 33 50 51 3 51 9 47 0 12 19 26 43 25 0 5 17 31 43 29 51 13 4 6 49 40 45 24 22 32 19 34 41 1 14
run=9 seed=8 k=52 f=0
9 49 0 49 51 24 13 44 9 17 31 17 49 0 33 24 45 30 31 47 39 42 9 39 14 51 39 33 23 43 18 12 28 11 3 25 1 35 19 10 28 41 17 37 31 14 51 17 14 5 37 6 35 48 32 0 46 26 35 43 18 38 5 17 24 37 21 28 22 0 20 51 24 6 10 34 32 47 14 0 39 31 6 22 6 38 46 25 40 51
run=10 seed=9 k=52 f=0
47 34 49 43 30 28 24 28 10 51 16 51 0 49 51 43 44 4 46 15 45 34 39 41 23 38 36 12 25 29 48 23 11 51 3 42 33 33 40 28 51 25 3 8 0 49 6 31 1 15 25 41 18 0 40 24 10 41 45 28 21 17 20 8 14 34 26 6 48 12 0 16 48 17 0 20 7 1 2 34 14 49 29 11 19 37 38 39 22 0
run=11 seed=10 k=52 f=0
11 32 46 49 34 40 7 40 40 33 35 23 18 18 14 25 0 14 3 44 8 16 7 40 34 36 32 51 24 39 1 23 23 10 48 9 17 3 5 24 35 40 43 51 29 37 47 38 26 0 50 48 27 38 49 50 17 29 23 20 43 47 29 22 39 26 0 0 7 23 12 16 20 2 51 51 30 4 11 8 45 27 46 19 21 19 5 2 10 17
run=12 seed=11 k=52 f=0
47 26 33 0 16 18 8 49 13 23 30 12 28 10 49 28 26 48 51 18 7 20 1 16 39 3 28 36 0 9 3 51 35 50 29 38 42 37 25 32 8 49 30 26 23 44 5 21 13 15 15 11 43 15 22 50 47 29 0 51 40 2 5 43 23 29 38 31 42 0 26 50 46 39 25 23 17 45 44 37 9 7 35 38 1 33 44 33 3 33
run=13 seed=12 k=52 f=0
50 2 46 20 42 29 41 16 0 29 39 37 1 2 16 0 3 12 31 20 22 16 22 29 10 24 3 22 20 15 23 33 23 33 36 15 50 50 17 7 23 42 39 37 38 46 37 44 23 46 40 47 9 8 49 46 32 36 1 3 1 40 13 30 27 23 44 34 31 51 19 1 14 51 28 34 14 14 13 51 38 46 37 16 4 42 11 8 2 13
run=14 seed=13 k=52 f=0
50 22 47 21 39 1 51 19 37 8 4 7 50 2 29 31 20 28 30 24 23 18 17 42 50 16 46 0 42 29 19 5 10 47 11 23 12 25 51 29 44 43 37 38 35 23 33 40 51 51 13 5 33 38 43 44 8 12 29 42 9 22 25 7 17 2 27 47 27 0 33 0 22 37 17 6 29 16 46 1 14 49 0 41 8 42 10 49 35 33
run=15 seed=14 k=52 f=0
31 2 35 42 51 51 3 8 31 37 8 0 36 2 37 13 46 31 4 29 43 0 23 26 41 28 21 24 3 51 0 26 32 0 1 29 31 47 11 31 38 43 51 50 46 49 11 42 51 20 41 13 24 41 6 14 21 19 34 2 0 50 6 15 49 51 40 31 38 25 11 8 34 11 8 15 9 51 33 18 29 0 42 20 17 1 26 16 21 40
run=16 seed=15 k=52 f=0
49 2 28 48 31 32 18 36 38 28 29 0 0 32 40 17 8 39 36 25 23 0 51 25 40 41 24 25 44 8 41 17 21 50 12 37 36 49 43 43 30 9 43 7 18 2 48 2 49 1 13 19 51 2 26 22 3 16 34 17 0 11 30 39 50 10 50 9 9 16 29 3 7 12 49 26 24 40 21 33 17 44 13 34 32 0 4 7 39 35
run=17 seed=16 k=52 f=0
49 5 12 48 0 22 51 51 51 11 51 37 19 19 40 50 26 16 14 26 8 16 50 2 8 29 28 32 47 20 39 48 12 0 44 31 13 19 7 48 35 26 7 48 25 16 48 43 26 22 18 46 4 39 11 43 16 35 23 40 32 23 46 33 4 4 4 16 1 49 42 41 35 2 24 25 7 6 38 32 0 51 32 41 25 36 12 14 0 37
run=18 seed=17 k=52 f=0
41 1 31 47 30 35 41 35 27 51 25 0 48 4 50 20 22 18 19 47 22 51 48 32 19 12 9 0 31 14 36 38 16 40 20 31 47 1 18 21 29 27 22 24 39 19 22 31 13 4 26 4 20 32 30 36 5 34 46 12 8 10 13 22 29 42 41 45 4 39 11 8 2 27 0 2 6 51 33 14 41 39 23 14 11 7 0 16 47 9
run=19 seed=18 k=52 f=0
46 14 49 3 41 17 11 28 41 24 30 32 50 22 51 8 9 50 25 35 32 51 27 51 16 3 23 29 44 0 0 41 2 40 29 11 22 8 35 11 25 32 35 40 11 12 1 15 8 36 28 7 38 0 36 15 51 7 5 45 11 49 10 35 44 51 46 20 39 1 6 41 18 41 26 29 16 50 8 24 34 51 33 4 0 47 21 18 47 4
run=20 seed=19 k=52 f=0
21 40 0 14 51 0 33 49 28 41 0 23 15 18 37 33 18 51 27 40 31 18 51 5 46 3 6 50 25 24 51 28 50 10 47 50 18 6 47 36 7 24 31 27 30 45 33 41 25 11 49 35 4 2 21 49 47 3 1 20 18 39 20 12 15 1 38 43 35 0 12 18 46 41 10 1 0 23 48 40 8 22 31 4 3 29 40 25 7 35
