run=1 seed=0 k=47 f=0
17 36 24 8 18 37 16 19 44 22 10 19 45 28 34 36 22 0 18 36 40 43 43 46 20 1 31 9 0 6 29 37 11 24 7 8 0 9 28 31 11 20 4 13 1 9 46 46 30 30 44 36 2 15 2 18 42 45 35 38 9 44 32 15 22 0 22 28 0 0 36 34 41 46 46 22 6 29 41 14 34 45 13 4 16 24 4 26 22 42
run=2 seed=1 k=47 f=0
17 36 24 8 18 37 16 19 44 22 10 19 45 28 34 36 22 0 18 36 40 43 43 46 20 1 31 9 0 6 29 37 11 24 7 8 0 9 28 31 11 20 4 13 1 9 46 46 30 30 44 36 2 15 2 18 42 45 35 38 9 44 32 15 22 0 22 28 0 0 36 34 41 46 46 22 6 29 41 14 34 45 13 4 16 24 4 26 22 42
run=3 seed=2 k=47 f=0
14 25 44 7 0 23 10 6 36 18 0 44 0 17 9 11 3 17 9 37 23 10 19 13 0 43 0 0 34 12 15 10 46 46 0 32 22 26 16 13 25 37 33 26 28 44 42 32 35 0 2 32 43 31 0 19 25 24 39 9 37 4 7 35 29 24 9 14 28 46 26 7 10 31 29 26 46 21 33 23 10 14 45 37 41 35 4 17 21 17
run=4 seed=3 k=47 f=0
46 22 4 45 46 23 16 11 44 0 35 13 29 36 37 2 0 29 39 16 7 46 45 4 10 18 38 23 23 29 8 27 26 35 5 8 46 18 0 18 12 22 40 27 15 36 45 43 12 17 14 41 1 9 41 1 3 2 32 37 21 18 28 37 7 27 46 32 19 0 31 24 29 4 13 13 39 15 11 15 46 0 22 33 30 36 42 28 3 6
run=5 seed=4 k=47 f=0
19 0 11 46 46 19 0 9 1 28 2 3 46 16 30 1 0 27 14 37 24 10 37 9 26 3 13 29 16 45 12 18 46 44 43 46 23 20 6 20 27 32 23 42 3 37 36 15 45 17 46 4 20 14 6 31 34 3 17 7 0 35 2 27 6 1 24 36 19 9 33 19 15 36 18 27 39 39 8 26 6 43 12 34 5 31 25 38 35 45
run=6 seed=5 k=47 f=0
44 35 21 18 46 0 15 1 27 17 4 37 32 1 24 40 38 28 36 29 30 34 30 34 40 43 10 1 18 14 11 14 12 13 14 35 31 39 5 31 0 0 28 12 9 41 9 27 27 25 7 22 40 21 6 13 7 18 39 0 16 46 43 46 22 45 30 7 45 0 26 0 20 46 36 25 24 18 19 46 6 35 9 22 8 25 0 9 42 32
run=7 seed=6 k=47 f=0
44 2 9 12 16 36 9 28 32 24 46 4 2 36 0 15 16 19 46 20 32 20 26 19 1 45 46 23 8 41 11 46 41 34 14 46 3 5 19 6 9 31 46 27 36 37 11 46 10 1 34 21 41 42 21 0 37 30 14 37 46 27 7 18 41 31 5 5 36 25 45 46 32 28 38 3 38 2 16 25 45 11 35 10 10 23 25 8 2 22
run=8 seed=7 k=47 f=0
10 33 3 46 9 30 7 7 12 46 46 38 41 33 0 36 46 12 23 0 25 25 45 1 7 1 2 11 3 28 7 9 15 27 34 26 3 29 31 6 0 19 33 15 36 31 36 43 3 8 45 14 0 43 14 10 41 46 0 0 46 15 6 12 35 17 23 37 37 18 9 21 30 22 31 21 33 1 43 25 12 41 27 20 20 16 16 39 39 39
run=9 seed=8 k=47 f=0
16 41 7 34 46 10 46 37 0 6 13 2 32 13 1 37 46 41 42 27 7 6 17 20 38 25 16 1 25 0 22 24 16 46 31 37 29 43 0 28 33 9 27 4 44 42 46 22 22 16 31 3 43 20 6 43 17 16 11 28 28 11 39 25 32 0 46 19 33 37 46 31 35 25 13 12 39 8 34 15 6 15 38 2 41 41 2 21 44 34
run=10 seed=9 k=47 f=0
35 41 8 17 37 3 20 42 15 1 10 35 37 41 8 0 45 45 16 3 14 1 46 26 13 3 10 46 13 26 46 29 39 20 38 11 13 34 2 42 7 28 9 30 33 5 30 11 40 21 3 5 18 33 7 33 43 45 25 46 0 42 28 18 39 39 19 26 18 46 36 1 22 26 20 19 21 29 8 0 30 0 46 27 37 33 15 29 31 39
run=11 seed=10 k=47 f=0
9 38 46 35 0 16 4 46 30 45 37 1 0 20 46 0 2 23 13 28 32 30 13 28 5 14 10 33 32 21 36 34 2 8 0 18 40 19 46 12 20 20 46 33 0 14 37 45 46 28 22 13 29 17 28 1 11 37 39 7 18 27 22 30 15 0 27 40 20 9 33 39 19 44 26 27 45 26 44 9 22 43 6 0 13 2 23 38 0 40
run=12 seed=11 k=47 f=0
16 10 23 20 0 11 7 3 23 44 38 28 46 16 31 10 0 2 6 24 15 24 32 24 39 22 46 0 27 15 1 42 13 25 45 23 37 37 30 37 10 30 40 44 46 18 0 41 6 32 30 25 12 46 3 13 22 1 30 8 46 4 9 2 17 14 1 36 46 22 12 9 17 37 9 43 17 31 37 36 6 34 46 45 15 26 0 39 32 34
run=13 seed=12 k=47 f=0
2 33 17 24 46 7 20 0 19 46 45 40 25 0 12 44 29 0 21 7 6 35 39 19 30 8 31 8 4 46 1 6 46 31 46 33 21 7 46 2 36 35 26 16 25 21 0 25 0 24 12 41 9 2 18 19 34 36 9 15 37 12 15 8 44 9 32 28 12 21 41 0 9 15 0 30 46 16 39 16 38 4 14 46 0 43 28 30 38 46
run=14 seed=13 k=47 f=0
20 36 45 11 0 20 15 29 29 8 23 3 14 42 16 40 9 37 37 31 22 13 0 46 17 27 46 28 27 27 24 38 45 19 1 0 11 20 32 3 26 33 1 11 9 12 33 0 1 24 3 42 3 2 24 34 32 7 8 41 46 46 43 16 26 14 18 10 45 37 9 37 43 28 28 45 0 10 5 46 36 33 17 29 36 2 46 8 11 3
run=15 seed=14 k=47 f=0
3 26 9 39 46 0 9 11 10 2 16 6 0 30 17 42 40 26 6 18 23 43 45 41 1 1 46 32 6 38 46 10 33 6 43 23 26 45 45 1 1 7 17 39 23 45 10 24 1 32 46 19 28 14 15 8 40 27 33 40 9 36 0 0 0 46 14 36 28 0 40 32 46 17 30 1 32 0 22 15 24 30 12 14 13 22 22 38 35 13
run=16 seed=15 k=47 f=0
30 8 1 38 0 10 25 1 25 1 4 46 37 39 25 12 18 30 13 8 31 14 28 36 18 10 0 26 3 37 0 25 36 45 44 39 32 41 41 12 46 44 1 29 12 15 30 1 22 21 40 23 7 19 4 43 14 22 8 13 17 3 35 19 38 7 21 40 33 46 35 45 31 20 9 40 10 19 0 27 46 17 0 17 40 44 28 37 46 24
run=17 seed=16 k=47 f=0
43 26 19 10 1 45 31 3 4 26 30 27 22 36 25 0 7 39 21 15 31 1 46 0 23 15 18 35 14 34 5 0 40 45 42 40 9 39 40 31 25 15 12 45 29 26 18 7 46 1 15 42 33 29 8 19 5 46 36 10 10 20 23 5 46 32 24 19 39 46 23 11 20 0 37 9 36 26 10 46 0 33 3 3 17 32 12 17 37 41
run=18 seed=17 k=47 f=0
24 0 45 43 0 10 3 0 3 25 40 0 46 36 10 31 15 36 19 11 16 32 5 44 26 22 18 8 3 32 14 8 28 39 30 17 23 34 34 27 26 0 46 46 21 43 43 16 9 8 10 7 27 2 4 18 21 1 37 0 30 46 30 14 9 34 6 39 0 46 20 38 33 27 22 24 39 46 27 21 32 46 30 39 25 34 2 37 23 10
run=19 seed=18 k=47 f=0
22 28 16 33 9 20 45 46 21 12 46 42 11 43 26 34 24 26 24 6 40 12 42 40 0 22 14 5 43 23 46 35 6 17 39 26 42 0 0 9 17 25 32 15 8 0 37 45 21 4 9 3 38 27 45 39 3 19 18 45 18 9 44 1 9 18 0 31 1 0 40 32 13 5 46 34 1 12 32 31 18 15 2 35 29 0 28 34 33 10
run=20 seed=19 k=47 f=0
46 8 1 46 9 33 18 27 37 22 46 27 23 13 26 27 21 39 34 1 32 39 46 28 36 19 3 0 11 16 14 30 33 42 43 46 35 8 24 16 45 46 28 30 11 45 5 19 4 14 21 3 34 7 27 17 44 24 1 34 46 16 12 32 24 28 6 20 24 0 0 22 35 12 38 21 5 10 45 40 30 45 10 39 31 17 31 17 19 2
