run=1 seed=0 k=46 f=0
11 0 45 1 9 23 40 13 11 36 44 17 18 43 45 37 0 8 41 12 39 23 5 3 33 16 29 29 24 22 28 40 3 17 3 1 45 27 34 10 20 0 10 6 28 5 19 9 6 28 27 43 6 3 2 38 24 26 18 45 18 25 41 35 34 10 34 27 14 0 7 15 22 45 33 38 11 44 0 36 45 40 25 42 0 35 0 25 31 13
run=2 seed=1 k=46 f=0
11 0 45 1 9 23 40 13 11 36 44 17 18 43 45 37 0 8 41 12 39 23 5 3 33 16 29 29 24 22 28 40 3 17 3 1 45 27 34 10 20 0 10 6 28 5 19 9 6 28 27 43 6 3 2 38 24 26 18 45 18 25 41 35 34 10 34 27 14 0 7 15 22 45 33 38 11 44 0 36 45 40 25 42 0 35 0 25 31 13
run=3 seed=2 k=46 f=0
10 20 44 24 45 15 36 10 15 23 3 0 45 39 21 2 38 31 41 20 15 34 15 17 5 33 9 22 21 25 36 30 45 34 40 9 42 33 0 45 5 27 2 11 0 41 32 10 20 0 30 19 4 9 25 12 14 33 26 41 36 18 40 7 45 17 21 27 44 0 17 31 34 41 9 0 0 39 5 13 30 29 5 43 29 4 38 29 11 8
run=4 seed=3 k=46 f=0
40 2 23 9 36 23 37 34 28 45 44 40 14 33 27 45 9 17 29 23 21 18 14 20 1 27 2 21 38 7 34 2 43 0 40 28 28 7 19 19 33 6 29 15 31 5 1 32 0 37 29 25 44 37 38 37 12 13 5 19 0 11 44 38 24 11 0 9 8 45 45 44 27 31 15 14 21 11 42 0 29 1 15 13 41 42 31 7 9 22
run=5 seed=4 k=46 f=0
41 18 10 24 36 11 0 38 12 19 14 4 45 2 20 43 37 43 16 22 14 22 0 25 32 40 17 1 0 42 36 45 2 25 31 0 15 43 21 34 29 0 15 27 37 42 9 19 31 45 4 18 6 36 15 2 28 11 34 36 0 5 45 29 12 25 17 26 42 45 29 17 2 34 8 15 20 34 34 12 29 19 6 25 9 41 45 28 40 22
run=6 seed=5 k=46 f=0
35 45 24 16 0 6 21 6 22 0 45 0 1 44 36 6 16 36 13 2 30 37 14 21 9 0 45 17 45 37 17 44 43 44 5 26 33 13 16 29 27 45 12 17 32 31 17 36 6 8 9 40 28 24 42 19 5 29 43 43 9 0 30 5 15 34 32 18 28 45 44 43 26 27 24 8 8 25 24 36 23 9 32 18 1 22 0 16 14 0
run=7 seed=6 k=46 f=0
22 44 37 37 9 19 5 6 42 26 45 29 0 5 25 45 38 44 23 30 31 7 28 36 43 36 0 28 11 21 17 7 28 19 30 18 1 6 23 35 45 7 13 23 16 2 9 3 0 34 32 40 27 11 27 24 36 14 45 45 45 36 3 6 19 0 17 20 17 0 5 0 8 11 37 38 30 12 43 45 22 42 13 10 37 30 34 17 39 28
run=8 seed=7 k=46 f=0
37 11 19 43 36 0 28 42 25 31 43 25 38 39 20 36 30 7 31 23 14 7 36 32 11 0 16 28 0 0 29 39 31 19 34 45 12 1 26 18 8 0 44 18 5 20 2 44 30 23 3 5 17 43 41 37 1 7 12 15 0 2 9 28 42 37 24 26 23 45 36 45 21 34 8 31 21 13 12 9 45 15 4 44 0 11 24 28 10 39
run=9 seed=8 k=46 f=0
18 42 0 36 0 14 3 30 0 36 45 0 0 15 16 15 6 29 39 33 38 24 35 33 40 39 20 44 26 7 9 39 43 32 23 44 0 26 45 38 18 26 7 25 45 39 19 25 9 28 31 18 36 24 24 33 30 11 13 11 24 9 38 27 43 5 7 10 0 45 11 19 3 45 32 11 33 8 45 44 15 1 29 2 37 4 20 8 35 1
run=10 seed=9 k=46 f=0
0 31 17 27 36 1 30 35 44 25 26 36 0 4 15 13 6 9 32 37 21 34 7 3 43 13 45 27 28 0 9 14 10 1 2 44 21 34 5 34 28 30 9 24 27 9 15 35 10 35 23 42 24 33 25 20 16 10 40 6 0 42 45 42 3 0 39 10 3 45 0 36 17 18 27 19 37 44 45 16 45 13 45 9 17 33 29 7 37 0
run=11 seed=10 k=46 f=0
23 10 0 36 36 3 12 34 15 45 29 9 19 15 20 22 17 44 19 38 14 21 15 34 6 34 29 35 0 44 35 36 45 10 0 37 44 29 18 12 24 0 45 1 39 21 16 2 14 26 34 5 44 29 43 7 23 25 31 7 0 3 0 30 18 0 44 26 39 45 15 24 6 20 8 5 9 16 7 28 40 41 26 45 26 13 1 28 35 33
run=12 seed=11 k=46 f=0
37 8 17 38 0 0 15 2 2 22 6 10 17 6 16 0 10 45 4 45 38 29 29 39 24 19 30 36 30 37 8 18 22 23 28 36 45 35 39 20 3 35 3 33 0 7 45 8 44 14 22 29 44 8 40 12 22 15 37 5 24 30 43 45 7 28 0 11 19 45 4 9 23 21 32 18 24 29 41 0 39 41 27 0 43 27 18 8 0 45
run=13 seed=12 k=46 f=0
6 44 0 0 0 39 12 4 18 45 34 45 0 0 21 0 15 27 29 8 15 27 20 4 30 7 7 24 35 13 13 38 25 38 1 35 45 9 21 41 4 39 19 17 8 23 11 32 45 0 29 23 32 13 19 12 42 22 2 26 29 31 7 35 33 20 24 39 5 45 3 41 27 18 9 2 27 45 40 45 8 12 39 18 17 27 23 36 6 43
run=14 seed=13 k=46 f=0
26 6 41 35 0 18 31 4 2 15 10 27 20 36 32 17 16 9 18 28 38 23 11 4 45 28 44 30 26 0 29 45 35 43 20 0 0 29 37 42 30 6 8 20 21 10 23 2 32 32 17 12 41 10 5 1 39 6 45 40 17 24 21 28 19 9 9 27 39 45 23 34 26 0 9 0 37 23 2 0 45 3 12 37 13 29 38 24 45 34
run=15 seed=14 k=46 f=0
39 22 9 30 45 39 25 40 27 37 14 9 45 34 0 19 10 0 11 3 29 33 0 44 28 12 45 39 36 45 8 40 16 6 20 28 45 8 1 13 18 38 44 22 39 28 45 0 43 4 3 20 31 33 21 20 10 37 38 13 15 13 24 31 6 19 0 5 4 36 34 16 29 20 23 11 25 32 41 0 16 44 16 15 23 24 26 8 8 3
run=16 seed=15 k=46 f=0
19 8 33 24 45 9 36 43 38 6 33 15 13 32 23 24 7 2 12 0 29 20 15 29 23 13 31 41 19 40 45 39 45 9 5 16 16 26 45 27 22 36 2 5 2 31 25 1 0 35 43 4 26 31 8 11 13 35 28 44 8 0 22 24 19 0 44 18 45 36 22 45 39 41 0 45 29 34 18 0 40 13 35 31 15 18 44 15 24 2
run=17 seed=16 k=46 f=0
40 14 35 32 0 0 44 41 19 26 11 6 0 28 32 31 3 24 30 45 38 0 25 45 38 41 39 45 45 0 42 34 0 13 0 1 0 42 9 36 16 7 6 18 6 6 35 24 30 44 24 12 35 21 9 37 18 25 27 12 17 41 33 44 13 18 12 26 19 45 16 15 1 15 9 15 24 38 6 16 31 31 42 3 8 11 5 24 18 22
run=18 seed=17 k=46 f=0
15 8 19 12 0 26 38 29 21 13 20 32 18 20 9 45 45 43 0 13 38 5 35 10 41 13 19 24 7 0 34 23 35 8 1 27 18 37 4 5 9 10 16 34 5 15 45 2 45 36 24 5 43 30 16 29 1 30 10 3 24 39 44 45 24 19 43 15 38 45 1 26 1 3 32 45 0 13 8 27 39 30 39 39 31 43 17 17 27 31
run=19 seed=18 k=46 f=0
45 38 23 36 45 20 40 42 24 45 26 3 13 24 0 10 43 28 33 15 6 4 45 10 2 43 12 37 0 10 42 36 25 24 6 37 31 2 13 44 24 21 43 8 15 20 28 18 39 5 6 31 3 0 10 32 27 43 9 20 27 42 6 1 0 14 16 18 14 36 5 30 20 45 12 41 6 0 0 27 37 34 23 15 30 3 45 20 0 10
run=20 seed=19 k=46 f=0
15 3 28 13 0 0 23 19 45 29 15 26 0 14 32 16 21 45 27 6 38 7 13 10 25 45 6 44 6 20 24 41 39 8 15 11 32 4 12 24 28 45 26 32 0 16 44 34 0 0 41 34 11 0 5 38 41 44 12 20 17 23 17 45 1 35 2 26 30 45 12 39 21 36 9 0 14 23 21 38 29 38 28 32 0 22 19 24 44 42
