run=1 seed=0 k=83 f=0
30 29 72 12 59 52 6 66 33 82 8 15 82 8 58 11 7 36 82 47 56 48 19 73 50 46 38 79 42 0 61 82 64 61 14 14 22 5 49 62 20 24 82 21 46 41 28 6 14 36 21 23 74 20 38 70 40 27 0 32 47 81 39 27 57 0 43 24 51 68 74 1 57 45 75 8 32 77 81 42 0 0 11 74 43 54 71 12 81 37 36 17 31 70 27 61 20 64 82 2 38 13 61 45 54 0 51 5 66 53
run=2 seed=1 k=83 f=0
30 29 72 12 59 52 6 66 33 82 8 15 82 8 58 11 7 36 82 47 56 48 19 73 50 46 38 79 42 0 61 82 64 61 14 14 22 5 49 62 20 24 82 21 46 41 28 6 14 36 21 23 74 20 38 70 40 27 0 32 47 81 39 27 57 0 43 24 51 68 74 1 57 45 75 8 32 77 81 42 0 0 11 74 43 54 71 12 81 37 36 17 31 70 27 61 20 64 82 2 38 13 61 45 54 0 51 5 66 53
run=3 seed=2 k=83 f=0
58 49 19 79 57 10 39 55 34 11 19 82 20 40 56 8 12 25 75 50 65 32 52 41 28 28 39 9 30 64 25 3 19 23 82 31 82 43 45 73 55 72 16 82 78 72 13 51 11 68 76 4 35 50 29 57 55 78 22 60 52 63 63 77 64 36 1 25 64 5 81 68 71 0 45 36 48 37 0 54 69 0 62 17 0 51 34 8 9 79 14 82 72 3 25 30 38 43 9 47 82 1 0 41 45 18 63 69 17 61
run=4 seed=3 k=83 f=0
20 5 26 0 52 27 21 17 45 82 34 48 81 67 17 15 64 52 0 72 75 9 53 62 2 82 57 81 5 42 37 25 46 30 3 55 19 68 31 49 67 23 47 7 22 77 50 36 30 8 18 58 70 39 9 74 59 45 73 66 16 67 36 74 15 8 80 12 16 82 23 82 41 78 68 60 37 72 81 71 10 53 61 36 51 27 27 45 70 0 40 3 50 40 74 1 28 34 79 59 78 59 57 10 21 44 11 14 27 62
run=5 seed=4 k=83 f=0
66 3 66 43 0 73 19 0 11 13 75 32 21 73 15 0 17 16 14 58 15 53 82 45 49 4 27 74 20 15 49 39 22 71 46 0 80 51 40 37 65 68 57 7 41 32 7 54 13 35 66 80 81 59 52 80 70 30 55 3 12 26 9 82 79 6 32 21 28 61 56 48 59 33 45 8 63 79 65 57 52 52 32 77 34 81 6 54 26 24 27 65 60 30 72 42 11 74 58 38 27 38 41 72 0 19 2 63 22 82
run=6 seed=5 k=83 f=0
54 18 57 33 82 21 62 72 14 56 82 51 23 41 82 60 55 3 60 3 15 0 22 12 0 45 19 50 0 9 2 30 32 27 76 0 82 55 18 47 25 22 34 82 74 50 18 73 64 17 40 0 55 8 67 56 0 34 69 75 58 50 43 66 39 61 45 42 23 29 74 67 38 31 38 82 32 25 81 38 9 68 42 42 4 58 62 79 0 47 68 58 73 45 46 33 80 24 31 69 77 68 65 10 15 9 12 29 14 77
run=7 seed=6 k=83 f=0
41 71 5 56 67 9 10 59 72 34 68 18 35 43 40 79 18 70 49 21 67 75 71 27 5 16 2 56 37 24 47 40 0 37 82 74 28 82 57 49 6 0 0 62 23 0 52 18 9 75 4 73 35 25 16 32 0 46 41 72 77 32 55 54 35 43 82 12 60 11 16 49 50 20 16 43 26 23 28 36 30 82 80 61 25 51 8 13 65 42 66 30 53 19 80 73 5 34 9 13 20 65 82 0 68 0 64 17 36 45
run=8 seed=7 k=83 f=0
30 29 82 40 24 7 77 81 9 44 1 39 80 14 73 46 14 37 13 35 31 24 55 74 33 57 52 74 7 33 9 26 65 5 61 53 56 67 82 27 24 66 71 0 51 17 69 45 0 13 62 37 41 32 67 0 8 22 42 76 11 53 3 82 38 72 21 73 52 19 73 63 78 24 60 32 79 59 81 46 69 66 82 57 57 53 7 14 24 42 3 44 46 19 46 38 19 0 49 15 47 54 27 72 32 0 27 63 69 50
run=9 seed=8 k=83 f=0
8 7 67 54 71 82 72 33 38 10 69 29 1 47 76 67 70 21 16 28 60 40 51 66 11 44 56 34 17 0 73 46 40 48 77 73 26 18 62 31 47 50 30 58 18 61 8 51 33 7 66 56 58 18 27 15 71 19 61 7 57 35 37 4 1 10 29 74 65 43 10 3 0 42 24 54 21 46 82 49 22 0 81 71 27 75 41 22 30 80 34 15 50 81 82 42 25 11 62 77 0 55 38 3 10 0 62 63 27 82
run=10 seed=9 k=83 f=0
43 71 64 17 35 61 59 14 25 64 49 67 18 51 29 55 22 10 68 70 39 82 0 52 72 73 9 48 21 73 4 79 35 68 15 26 69 10 56 82 20 29 51 2 80 33 21 16 41 0 54 1 60 9 7 11 78 37 29 41 5 47 48 73 5 30 80 56 41 0 62 37 30 40 2 82 73 65 9 32 74 82 40 51 34 7 58 71 51 45 12 63 60 49 46 1 19 4 59 21 27 36 79 66 77 25 27 56 82 42
run=11 seed=10 k=83 f=0
11 15 0 82 68 45 30 26 70 26 66 57 49 80 16 0 28 38 19 79 32 51 53 82 35 46 13 64 6 12 54 59 59 42 20 68 38 78 36 71 27 81 82 75 5 18 2 31 57 73 73 2 40 63 49 35 1 68 63 18 24 54 13 24 52 60 3 49 56 47 5 3 64 16 75 13 11 50 45 82 0 56 74 71 42 26 39 82 24 60 79 37 13 22 61 66 27 33 43 27 23 69 33 79 8 32 30 45 82 9
run=12 seed=11 k=83 f=0
40 0 54 69 69 56 49 55 45 1 9 81 82 25 1 62 16 7 8 73 76 41 70 47 44 18 36 8 61 16 74 82 16 22 50 81 70 31 59 30 42 47 14 74 63 0 76 0 62 29 7 62 48 61 36 57 19 55 23 0 7 27 79 34 28 59 65 14 11 13 75 4 51 17 29 34 75 31 36 82 69 79 30 33 1 41 41 66 9 3 50 64 3 44 21 53 23 25 71 21 71 66 23 3 68 18 11 36 0 35
run=13 seed=12 k=83 f=0
38 75 28 46 17 17 2 33 69 67 77 37 39 8 0 51 65 44 82 39 9 71 8 3 78 75 20 21 19 6 38 49 74 52 50 47 82 26 25 14 40 27 45 10 6 23 61 31 66 66 60 1 54 15 44 31 56 18 72 81 4 81 40 62 61 31 55 0 59 71 19 62 22 69 43 33 76 68 31 82 14 7 65 58 9 5 36 73 37 17 0 12 16 0 53 48 58 55 50 0 24 80 66 24 9 29 75 0 60 82
run=14 seed=13 k=83 f=0
74 67 27 49 0 39 36 82 41 40 49 73 34 29 38 66 82 49 55 5 52 43 14 63 41 82 23 31 14 61 58 14 24 77 64 46 63 26 67 34 75 36 46 7 6 56 9 14 82 70 65 76 40 20 17 1 72 28 59 53 59 30 50 2 0 40 82 32 55 80 15 60 19 73 28 7 11 34 72 41 19 63 81 45 61 0 23 79 12 70 29 68 13 3 40 45 22 74 5 56 30 52 24 4 7 48 54 13 1 0
run=15 seed=14 k=83 f=0
39 18 70 52 73 47 64 0 60 28 82 41 27 82 8 22 25 3 32 16 11 16 64 24 82 30 24 53 67 46 44 45 57 77 67 0 53 44 74 33 20 30 70 67 35 9 56 15 70 17 51 42 60 44 48 25 0 56 15 5 62 77 37 36 8 38 82 75 7 25 55 5 52 42 70 82 20 29 46 13 14 1 8 78 38 34 58 74 82 6 45 33 79 62 64 18 64 38 21 10 50 36 57 77 74 0 9 82 73 23
run=16 seed=15 k=83 f=0
32 78 13 62 56 0 76 72 41 41 1 78 31 73 51 37 82 55 48 66 54 65 65 14 76 35 27 29 36 25 62 81 23 17 35 7 39 0 66 52 33 57 69 82 39 53 45 40 48 22 61 64 10 0 82 2 10 12 21 46 22 7 56 64 58 23 73 21 25 53 74 13 18 71 10 82 2 61 0 71 0 71 21 8 42 12 16 73 82 82 17 34 67 78 26 18 14 5 17 47 25 37 67 43 6 47 57 53 27 28
run=17 seed=16 k=83 f=0
53 15 0 55 56 71 38 31 82 42 0 16 72 11 19 82 79 11 12 19 31 80 71 4 4 75 76 60 36 9 26 7 20 4 36 62 54 26 0 0 75 75 67 43 6 14 70 80 0 10 59 23 51 63 29 54 45 62 30 27 2 58 39 38 47 64 31 40 74 71 66 62 66 50 58 32 50 75 53 44 82 33 74 43 54 5 65 22 46 21 40 48 8 82 22 16 0 68 65 25 22 45 51 12 9 82 37 35 16 24
run=18 seed=17 k=83 f=0
51 49 29 0 46 24 34 53 15 3 0 71 0 57 11 20 6 7 18 48 41 69 37 0 48 82 11 20 82 15 76 27 39 25 63 66 56 24 76 23 52 34 63 31 13 7 60 58 82 20 37 36 4 50 70 30 74 59 16 50 18 43 28 76 6 6 82 36 79 27 70 71 63 82 40 12 12 13 82 43 1 65 38 8 32 20 51 68 42 46 45 80 33 15 59 48 57 55 24 72 16 82 61 73 70 28 63 2 1 74
run=19 seed=18 k=83 f=0
71 25 5 53 76 27 43 71 65 68 41 63 55 34 45 3 6 58 50 78 5 35 27 64 64 20 35 55 21 5 3 57 0 59 61 18 18 70 58 23 74 29 52 42 65 0 22 82 9 35 76 0 12 12 7 47 36 74 56 0 40 77 14 48 39 62 10 47 52 45 22 26 22 32 51 13 43 33 46 69 80 82 41 73 65 38 81 16 72 66 5 15 46 27 30 0 82 39 82 51 0 75 11 36 30 18 82 14 82 29
run=20 seed=19 k=83 f=0
27 69 18 55 47 53 47 29 34 82 44 48 80 14 31 73 46 60 33 51 53 65 16 20 64 6 9 34 79 53 50 80 76 0 20 43 10 71 0 9 14 0 22 13 41 12 38 5 33 40 4 66 82 26 4 27 46 24 2 58 39 31 33 45 58 38 67 3 53 73 48 70 39 0 20 22 29 49 56 0 9 64 13 67 39 35 39 68 81 73 82 59 0 25 65 59 61 44 11 82 58 82 24 77 80 76 17 7 7 73
