run=1 seed=0 k=89 f=0
37 33 38 25 15 15 9 65 88 48 54 23 35 74 5 2 18 83 53 74 73 16 25 1 12 68 83 73 40 1 2 6 66 58 56 8 0 43 18 32 38 76 70 58 83 44 72 44 12 85 16 41 54 0 63 27 63 66 61 62 57 9 39 33 88 28 26 31 1 69 60 39 49 70 35 47 82 73 80 9 0 52 44 49 74 6 68 48 15 83 81 22 80 54 29 23 51 61 10 20 87 41 88 49 86 26 88 65 88 79
run=2 seed=1 k=89 f=0
37 33 38 25 15 15 9 65 88 48 54 23 35 74 5 2 18 83 53 74 73 16 25 1 12 68 83 73 40 1 2 6 66 58 56 8 0 43 18 32 38 76 70 58 83 44 72 44 12 85 16 41 54 0 63 27 63 66 61 62 57 9 39 33 88 28 26 31 1 69 60 39 49 70 35 47 82 73 80 9 0 52 44 49 74 6 68 48 15 83 81 22 80 54 29 23 51 61 10 20 87 41 88 49 86 26 88 65 88 79
run=3 seed=2 k=89 f=0
41 63 5 88 81 78 63 32 12 10 87 29 87 0 78 64 43 35 60 39 9 74 36 52 50 69 2 55 20 41 34 78 29 82 88 20 41 79 0 17 76 11 16 11 43 0 8 88 1 15 75 50 2 29 69 27 50 14 58 62 86 4 71 22 8 34 68 61 36 54 24 26 83 41 17 36 63 57 80 2 71 22 75 77 66 5 74 44 37 58 83 68 69 19 46 58 10 46 1 24 55 49 49 29 22 27 31 85 0 54
run=4 seed=3 k=89 f=0
22 64 41 65 73 69 23 12 34 10 21 83 3 52 72 41 88 7 28 26 34 38 11 1 26 0 63 84 48 53 75 42 14 74 38 61 73 63 88 15 72 75 7 76 13 48 61 44 87 31 77 24 1 87 44 27 19 48 33 38 6 18 79 81 37 81 53 72 79 68 46 53 64 49 81 17 62 33 70 8 0 79 55 17 81 61 0 13 54 88 9 0 43 53 54 28 45 16 66 85 82 2 29 53 59 31 11 18 2 7
run=5 seed=4 k=89 f=0
26 46 32 3 5 10 46 88 21 31 17 66 87 78 48 87 39 60 83 0 49 68 21 1 32 15 30 35 23 5 3 48 44 28 0 35 0 32 74 10 8 75 23 52 73 10 81 19 76 60 72 56 30 74 88 18 41 55 49 84 19 75 4 86 55 79 68 66 44 14 0 57 39 7 60 28 20 80 76 26 4 41 14 57 39 35 71 8 88 51 62 38 23 66 48 55 79 79 31 15 7 40 42 63 86 63 14 59 66 54
run=6 seed=5 k=89 f=0
88 2 28 88 33 58 23 74 69 54 15 42 87 77 66 27 64 34 47 50 66 83 10 67 70 76 86 79 58 66 41 24 0 61 3 38 78 0 17 15 86 88 65 79 52 33 41 11 69 56 49 25 87 48 63 49 28 82 39 33 76 47 0 74 73 9 24 79 45 64 23 60 63 2 54 79 69 6 21 56 53 18 18 10 10 72 86 80 8 19 29 6 18 44 2 56 70 43 0 15 32 8 23 75 35 10 36 27 55 0
run=7 seed=6 k=89 f=0
8 30 63 82 23 88 88 33 39 45 43 88 88 58 33 27 41 38 0 20 7 65 10 79 69 21 79 46 70 82 83 88 32 17 88 23 54 13 84 27 66 16 12 46 1 58 50 57 63 55 35 79 73 3 68 24 40 77 0 0 32 74 49 13 39 67 69 0 5 51 31 66 0 61 74 6 36 62 21 72 75 47 62 63 46 20 52 56 11 9 15 7 80 28 59 72 55 71 55 16 58 0 27 60 2 13 0 38 87 28
run=8 seed=7 k=89 f=0
48 71 78 8 18 36 0 43 48 10 70 58 7 79 60 85 10 75 10 3 1 83 17 69 1 41 37 42 35 52 88 77 88 74 0 78 31 20 62 87 46 78 80 29 49 35 20 56 65 21 69 56 25 55 37 14 57 55 79 0 72 16 26 44 22 15 0 24 29 85 74 57 8 34 61 54 47 20 45 22 16 67 10 46 1 22 71 29 29 5 38 12 77 88 29 48 57 16 27 40 43 38 9 36 77 64 39 30 66 88
run=9 seed=8 k=89 f=0
41 75 32 23 7 33 75 64 71 35 88 59 69 77 13 88 30 25 80 47 63 35 52 88 36 54 1 62 78 11 19 10 7 48 68 21 39 28 0 11 43 20 13 68 30 16 1 61 59 81 45 50 53 8 16 69 0 44 19 68 27 81 64 13 71 75 49 81 59 86 35 58 0 6 55 52 24 56 5 0 11 88 39 38 16 24 41 17 63 83 29 29 51 86 63 9 47 3 48 17 84 25 2 84 79 86 78 6 75 40
run=10 seed=9 k=89 f=0
41 21 12 29 43 1 7 81 70 67 32 25 87 80 73 70 88 57 60 11 70 68 81 51 17 43 65 30 85 41 52 25 22 36 0 12 59 7 87 51 38 50 40 32 6 48 88 68 66 55 0 19 86 78 25 60 77 54 59 61 19 11 36 44 29 27 81 40 34 34 81 52 88 29 56 46 10 63 27 40 54 62 77 2 72 9 73 38 0 76 4 2 17 43 20 52 12 84 13 5 73 26 70 43 79 61 31 1 46 20
run=11 seed=10 k=89 f=0
14 40 20 69 6 4 63 88 4 14 21 1 79 40 1 88 51 79 58 16 38 34 70 29 44 88 0 55 76 49 28 74 85 25 79 37 0 24 7 59 43 57 52 63 82 54 0 49 46 57 59 30 22 44 63 16 9 81 37 44 22 22 17 56 19 86 72 61 70 65 85 83 34 15 12 52 0 0 8 20 81 37 72 10 1 17 88 48 11 74 26 40 71 54 73 33 65 28 67 53 77 83 32 23 35 47 63 6 26 79
run=12 seed=11 k=89 f=0
70 79 74 36 37 0 42 60 65 69 24 36 2 52 50 86 37 7 78 0 60 8 12 58 22 27 40 48 75 31 63 74 88 0 3 40 88 55 11 45 4 67 87 47 0 80 50 21 81 13 64 76 71 57 9 56 24 61 81 86 29 66 72 73 65 77 30 53 19 59 17 31 77 50 88 29 60 15 52 13 0 5 20 52 87 22 29 9 86 20 50 14 38 14 72 46 27 45 44 36 67 72 5 66 83 88 68 37 0 20
run=13 seed=12 k=89 f=0
52 85 44 86 77 69 39 88 28 20 59 24 63 51 32 17 1 87 88 37 41 71 84 31 42 20 19 73 50 0 21 5 40 24 88 16 84 37 74 9 45 40 77 24 13 15 80 59 13 78 32 68 30 7 35 29 4 30 50 84 69 77 75 13 8 24 0 77 59 37 82 65 35 47 33 54 42 81 58 53 62 61 60 6 20 10 28 70 70 63 28 44 55 75 1 47 37 0 16 7 2 10 75 35 15 3 27 47 66 52
run=14 seed=13 k=89 f=0
17 68 58 46 6 55 0 23 86 84 81 18 0 21 2 0 43 28 77 29 40 88 57 10 25 20 74 88 27 32 16 1 87 16 63 45 9 50 24 28 51 59 46 63 29 63 50 1 36 11 46 12 0 28 72 25 19 66 5 76 83 47 14 68 60 30 35 53 38 65 17 17 72 85 9 88 54 51 88 80 55 78 38 48 70 11 0 84 69 77 5 43 68 59 32 79 56 7 1 41 78 40 38 77 35 45 27 2 80 37
run=15 seed=14 k=89 f=0
75 26 33 44 29 51 12 7 18 88 34 78 22 40 14 36 7 82 36 65 33 0 68 13 86 1 78 87 2 17 78 41 88 29 0 58 75 83 0 62 64 65 37 43 17 88 79 68 1 23 14 21 47 61 73 42 66 78 26 44 19 0 56 34 19 48 28 27 48 69 75 0 22 45 47 87 12 4 44 34 51 54 3 32 44 36 82 86 82 55 10 58 40 9 27 58 64 9 86 63 66 71 24 37 51 56 31 11 14 70
run=16 seed=15 k=89 f=0
7 13 9 78 18 0 59 13 27 83 22 80 61 41 68 78 84 39 54 74 80 6 10 67 1 34 58 43 36 74 82 1 45 39 76 35 45 0 88 0 63 88 47 25 57 69 82 81 52 87 74 24 24 0 30 23 33 32 54 2 10 11 45 31 22 67 16 85 62 59 5 39 88 50 32 40 50 51 19 68 28 44 72 18 81 49 13 16 53 63 70 49 87 10 13 25 0 63 45 60 76 52 67 37 59 5 70 35 69 18
run=17 seed=16 k=89 f=0
8 10 30 65 37 38 84 79 88 79 38 24 32 47 81 41 8 88 0 54 67 46 30 57 65 40 7 24 55 31 62 70 48 72 18 65 48 86 30 41 71 85 28 72 1 1 23 15 24 22 82 2 74 57 59 16 77 57 75 64 51 29 21 77 81 38 24 43 27 17 51 27 53 70 10 39 65 34 47 33 76 50 50 40 11 47 53 21 8 57 88 61 57 16 59 4 41 76 72 81 38 4 0 88 71 87 65 78 3 16
run=18 seed=17 k=89 f=0
36 35 17 75 18 13 81 77 24 76 88 4 29 63 66 10 38 2 30 46 85 21 54 84 44 55 70 78 33 63 52 12 45 13 88 77 73 54 0 21 54 16 9 53 26 68 40 22 81 27 19 1 2 47 39 87 15 17 76 68 77 32 3 59 8 2 69 61 46 49 70 32 88 39 29 61 55 62 83 8 86 88 61 25 23 77 30 51 8 0 15 53 63 45 41 7 17 37 47 26 30 73 56 66 58 70 37 43 71 0
run=19 seed=18 k=89 f=0
80 36 65 33 55 29 27 0 72 88 76 25 45 24 40 11 14 60 37 88 70 88 62 87 75 88 16 51 58 20 2 7 18 5 5 0 30 62 45 58 81 33 19 52 83 60 68 71 1 0 36 32 64 46 40 45 19 30 41 4 53 0 49 43 60 7 8 43 71 75 67 65 34 44 39 21 80 24 0 87 88 53 27 43 30 82 46 27 21 80 13 50 53 77 53 88 71 81 12 67 78 55 69 25 22 16 11 11 85 13
run=20 seed=19 k=89 f=0
0 69 1 14 73 8 41 51 46 22 29 25 13 42 39 37 88 78 16 0 52 88 4 84 74 65 10 13 70 37 59 38 44 59 36 60 78 27 88 48 54 0 53 52 39 7 21 71 48 51 77 67 30 82 52 47 87 44 62 60 78 16 30 63 78 43 34 85 8 50 0 77 88 50 73 42 58 66 54 0 10 24 4 43 22 4 79 20 74 10 29 64 1 69 66 36 23 56 17 24 8 79 83 15 73 86 61 32 12 33
