run=1 seed=0 k=84 f=0
0 41 69 18 61 26 64 29 52 73 62 32 44 52 55 69 23 61 19 21 24 56 61 9 3 27 35 54 41 4 1 44 68 83 16 54 36 79 37 57 1 81 30 33 20 74 22 42 70 78 18 82 81 10 8 12 53 83 10 0 17 52 31 75 76 66 83 81 40 8 13 68 21 81 38 83 2 76 51 46 25 36 68 60 30 55 66 82 45 44 46 14 14 0 66 61 78 61 51 12 16 70 68 75 37 33 22 62 41 1
run=2 seed=1 k=84 f=0
0 41 69 18 61 26 64 29 52 73 62 32 44 52 55 69 23 61 19 21 24 56 61 9 3 27 35 54 41 4 1 44 68 83 16 54 36 79 37 57 1 81 30 33 20 74 22 42 70 78 18 82 81 10 8 12 53 83 10 0 17 52 31 75 76 66 83 81 40 8 13 68 21 81 38 83 2 76 51 46 25 36 68 60 30 55 66 82 45 44 46 14 14 0 66 61 78 61 51 12 16 70 68 75 37 33 22 62 41 1
run=3 seed=2 k=84 f=0
18 0 75 56 22 55 50 21 64 10 8 14 13 83 0 0 78 83 47 15 50 38 59 11 70 13 33 82 38 0 9 42 39 68 16 30 64 56 83 65 15 83 57 64 40 29 14 1 83 32 79 28 31 5 59 63 73 29 21 72 42 33 13 21 68 20 75 2 52 23 35 54 25 17 59 53 37 7 51 46 0 45 50 55 75 30 3 68 22 76 61 73 33 43 8 3 34 36 47 46 77 26 63 43 57 71 24 18 37 83
run=4 seed=3 k=84 f=0
25 61 30 57 69 83 79 21 14 8 0 4 60 78 39 81 55 6 39 51 30 9 47 48 61 73 39 11 26 83 82 29 74 26 2 61 3 15 8 83 67 47 46 34 40 36 44 0 26 10 11 48 4 1 56 17 81 29 67 57 11 21 19 63 20 21 14 5 16 71 77 62 68 39 59 45 62 44 75 22 81 47 74 19 0 38 39 76 21 74 53 72 52 43 31 69 0 82 34 53 66 52 66 9 65 30 35 35 1 66
run=5 seed=4 k=84 f=0
51 59 41 50 6 44 17 70 83 53 61 75 1 21 19 70 67 59 66 42 12 55 46 10 55 10 54 22 32 13 83 30 30 79 31 0 19 67 58 41 6 83 12 83 0 36 45 21 58 58 81 61 27 67 37 74 77 22 17 54 63 34 77 2 80 61 74 13 72 10 51 21 6 22 24 18 12 16 9 54 45 74 69 25 72 64 81 24 28 4 36 6 50 30 27 39 41 62 41 40 38 64 0 0 15 47 9 32 30 0
run=6 seed=5 k=84 f=0
73 40 33 72 48 44 78 52 5 25 83 6 45 6 0 43 29 17 67 77 3 11 58 53 0 54 44 76 16 0 54 31 0 28 70 20 16 56 10 81 48 77 16 61 83 38 59 31 74 41 70 15 70 18 34 65 37 19 36 37 12 78 76 70 39 29 83 14 55 27 16 60 26 51 69 2 40 36 49 22 44 83 26 56 32 52 0 78 63 19 58 21 65 83 82 9 6 25 29 8 2 45 64 8 43 63 25 32 67 47
run=7 seed=6 k=84 f=0
64 67 79 53 8 2 25 18 29 56 33 13 9 81 11 16 19 47 53 50 39 39 59 41 83 69 24 43 43 8 31 11 22 13 37 83 72 46 45 11 67 73 58 30 50 74 82 71 33 1 79 28 0 61 22 21 83 0 77 4 39 60 68 81 7 15 13 65 46 58 75 40 7 41 56 17 65 76 44 55 34 19 83 83 39 68 2 61 36 64 0 0 25 0 26 55 12 6 26 54 5 49 52 52 81 74 64 2 36 44
run=8 seed=7 k=84 f=0
33 22 7 41 28 80 35 3 56 56 52 71 52 9 62 62 58 26 27 24 22 83 25 44 47 50 14 61 10 66 9 37 60 61 75 9 45 70 83 14 53 37 30 52 1 12 26 71 6 27 2 66 42 0 37 53 36 83 40 57 28 9 69 2 0 76 19 47 0 49 21 65 40 0 43 75 44 1 33 50 16 83 72 0 44 25 23 43 19 75 65 77 14 83 36 61 35 32 20 76 48 15 81 6 3 83 28 44 16 71
run=9 seed=8 k=84 f=0
40 22 33 62 18 65 38 1 70 78 40 70 0 61 0 66 1 73 71 79 23 46 23 79 50 15 62 14 83 75 43 47 48 19 55 15 72 63 62 83 83 62 71 57 35 28 66 23 19 24 15 37 55 76 1 83 38 77 71 44 53 0 59 31 30 55 6 21 28 35 7 35 18 79 55 23 7 83 33 64 78 83 79 6 41 58 46 33 45 34 1 13 47 10 51 80 2 53 18 28 61 9 27 16 25 72 30 58 8 7
run=10 seed=9 k=84 f=0
78 3 45 83 0 0 50 35 30 54 14 83 83 15 1 83 41 72 10 7 57 81 70 62 54 36 21 11 29 6 83 50 40 0 67 69 64 9 34 49 45 20 19 30 52 61 26 23 48 25 43 31 63 75 73 37 27 24 60 10 68 10 33 82 83 76 53 40 83 49 55 79 18 45 44 76 6 46 10 56 24 68 32 40 64 68 22 5 9 54 2 71 0 18 16 35 45 55 75 65 56 64 0 77 0 39 71 72 2 19
run=11 seed=10 k=84 f=0
57 0 20 11 42 39 46 78 50 61 9 37 0 17 43 52 57 5 83 59 72 54 64 18 74 0 68 36 54 31 58 19 29 5 23 0 13 23 9 12 34 69 31 68 69 25 16 75 54 66 12 2 47 33 53 74 33 4 81 83 63 25 43 60 65 6 49 3 76 23 16 33 34 41 63 59 32 13 30 46 72 82 18 46 77 30 67 48 57 40 41 42 83 62 50 43 25 38 1 82 63 83 18 49 79 83 70 9 21 72
run=12 seed=11 k=84 f=0
6 1 16 82 59 72 43 36 31 67 12 83 38 83 73 33 62 51 0 6 59 29 83 35 2 25 83 82 65 60 26 56 19 54 34 28 45 19 13 78 40 50 33 82 39 1 78 62 62 35 15 24 66 9 6 17 71 48 29 8 31 14 17 2 53 7 44 75 14 59 32 18 24 62 21 47 43 67 39 70 36 59 12 23 69 73 1 50 49 69 79 47 30 80 21 2 55 40 0 58 61 6 41 54 8 50 53 44 75 68
run=13 seed=12 k=84 f=0
31 1 8 62 75 49 68 83 72 30 33 10 75 62 35 17 11 24 25 14 81 0 83 40 28 50 2 64 25 20 73 23 12 15 70 3 10 2 78 19 33 41 47 56 22 55 76 83 49 75 61 5 59 42 39 34 31 50 43 73 3 35 0 61 62 53 72 38 47 37 42 59 7 64 8 68 83 65 61 31 46 20 83 81 10 0 56 46 83 49 17 45 40 66 55 23 42 0 65 43 30 59 53 34 79 13 83 9 75 29
run=14 seed=13 k=84 f=0
9 41 51 72 47 58 12 29 16 16 83 68 21 61 19 27 59 83 19 24 27 0 1 1 80 4 36 56 25 73 75 69 49 78 32 28 64 0 61 41 41 5 61 65 83 46 22 36 29 43 59 81 15 64 72 16 81 20 11 52 76 45 35 22 70 39 76 0 53 45 5 78 16 59 55 13 3 41 47 9 0 83 2 32 51 75 67 5 27 49 82 8 10 54 34 44 28 59 40 54 48 35 16 25 0 23 71 66 71 37
run=15 seed=14 k=84 f=0
42 75 36 19 13 4 52 48 0 55 5 1 83 0 55 58 44 35 32 39 26 68 37 64 83 7 74 83 25 36 22 83 13 41 8 83 47 64 21 60 59 83 63 27 6 12 77 74 73 67 11 78 34 27 64 29 7 11 21 45 77 80 73 48 47 70 55 54 26 65 0 18 18 8 21 40 39 0 28 33 52 80 55 16 15 33 69 60 46 56 7 30 17 37 77 54 0 71 63 67 16 9 72 1 52 48 28 44 49 61
run=16 seed=15 k=84 f=0
61 54 0 11 32 53 75 64 71 16 21 4 48 80 82 54 76 28 27 57 10 56 83 44 33 52 79 83 59 31 74 33 35 25 56 82 40 18 8 35 49 12 0 75 64 83 15 14 8 68 14 26 25 34 71 45 0 47 42 82 66 65 24 80 66 56 2 5 47 53 58 15 40 4 0 21 3 19 61 9 71 61 14 24 34 30 66 37 20 80 41 50 83 64 0 75 35 28 73 10 41 7 43 13 0 40 27 23 69 44
run=17 seed=16 k=84 f=0
53 65 22 81 77 77 75 83 70 13 61 46 50 3 67 0 35 7 9 78 11 0 22 42 62 49 47 14 67 40 74 4 1 66 20 23 43 17 60 8 29 55 38 16 48 17 50 33 82 35 78 29 1 57 38 59 26 70 79 0 80 59 12 25 48 67 66 54 51 34 0 22 46 35 25 42 83 38 54 42 73 0 31 17 66 23 67 40 11 31 83 34 1 59 15 35 83 30 75 83 18 9 9 45 0 58 73 23 30 42
run=18 seed=17 k=84 f=0
49 0 0 27 22 36 21 39 61 70 23 71 71 48 64 14 44 55 29 18 78 54 24 0 83 15 73 47 81 16 25 50 13 65 28 72 43 82 7 19 18 29 15 21 35 76 32 61 52 81 5 83 83 7 11 82 25 60 52 42 19 43 72 74 41 55 80 83 62 24 77 3 31 0 0 47 4 66 0 75 35 53 70 9 0 17 37 32 36 44 56 10 1 12 66 61 60 70 60 5 40 72 51 10 14 55 36 8 39 44
run=19 seed=18 k=84 f=0
68 43 27 42 76 56 22 68 9 67 24 64 74 26 82 73 54 3 62 55 57 47 47 75 0 15 76 33 41 0 16 46 9 5 39 0 44 63 37 72 71 30 63 24 56 60 14 32 23 71 19 60 10 34 48 26 4 65 79 73 2 38 34 65 21 27 44 18 17 82 31 0 61 15 83 45 83 52 18 23 27 51 83 17 6 2 7 49 0 39 14 37 14 34 56 83 68 66 52 83 73 57 9 27 46 0 51 77 10 77
run=20 seed=19 k=84 f=0
13 78 83 66 28 71 60 12 51 66 56 0 13 11 9 44 41 7 2 63 69 82 5 56 24 41 0 24 65 30 12 43 80 45 81 63 75 36 74 1 29 49 28 33 68 36 4 40 45 54 32 19 35 15 40 54 53 60 67 15 28 17 15 28 50 7 22 7 47 83 67 83 66 52 68 56 34 51 32 64 45 29 3 58 19 23 72 48 0 74 36 24 62 27 8 82 46 20 40 0 8 18 78 53 6 54 0 37 79 75
