run=1 seed=0 k=73 f=0
72 63 38 63 39 59 22 49 0 6 26 53 53 61 3 43 26 6 65 19 2 2 16 29 57 47 37 47 33 18 24 66 0 42 34 36 19 63 6 43 56 72 5 52 54 33 69 44 0 30 22 68 33 8 27 10 9 8 63 11 65 19 71 68 23 29 14 44 52 60 13 57 64 28 60 41 21 23 49 58 18 15 14 24 71 67 12 60 72 30 49 11 72 44 30 35 71 26 41 32 48 53 0 3 18 0 26 39 0 54
run=2 seed=1 k=73 f=0
72 63 38 63 39 59 22 49 0 6 26 53 53 61 3 43 26 6 65 19 2 2 16 29 57 47 37 47 33 18 24 66 0 42 34 36 19 63 6 43 56 72 5 52 54 33 69 44 0 30 22 68 33 8 27 10 9 8 63 11 65 19 71 68 23 29 14 44 52 60 13 57 64 28 60 41 21 23 49 58 18 15 14 24 71 67 12 60 72 30 49 11 72 44 30 35 71 26 41 32 48 53 0 3 18 0 26 39 0 54
run=3 seed=2 k=73 f=0
24 28 62 0 35 17 67 48 14 64 72 67 56 47 7 12 19 44 30 6 50 17 49 50 3 36 55 50 28 62 37 64 38 9 41 0 72 64 46 0 55 40 20 72 0 57 37 59 13 54 44 72 61 45 7 44 1 27 34 0 6 0 70 67 66 10 8 41 55 35 4 33 31 57 2 72 14 54 58 63 60 72 13 20 40 8 29 69 21 25 13 23 38 21 22 30 70 50 12 63 33 54 53 8 11 21 48 5 39 29
run=4 seed=3 k=73 f=0
72 50 44 35 36 7 5 33 0 6 53 36 55 57 3 0 5 36 34 40 18 67 26 25 53 65 4 18 64 0 39 66 42 49 51 0 27 35 21 40 54 45 0 60 11 60 40 16 64 56 24 30 29 17 45 31 72 44 72 17 2 46 35 65 63 41 51 20 21 58 4 28 21 7 24 40 67 29 17 61 48 10 65 27 28 0 12 32 26 15 11 13 2 11 70 46 72 52 72 11 22 56 7 58 25 0 20 6 67 72
run=5 seed=4 k=73 f=0
12 52 57 16 45 66 30 46 35 9 28 9 62 23 32 4 58 18 72 20 13 22 66 29 52 41 40 24 72 56 43 54 39 51 39 21 26 18 33 29 61 35 0 47 17 62 39 56 37 65 30 16 8 8 33 5 0 32 45 50 3 34 11 8 7 34 1 5 72 66 53 67 71 60 1 15 63 62 20 8 57 25 71 26 26 39 50 5 0 14 44 12 54 72 0 46 60 48 64 25 63 69 18 3 67 1 8 33 40 71
run=6 seed=5 k=73 f=0
58 13 22 72 49 46 17 21 53 63 57 27 0 16 57 16 0 25 52 27 45 0 37 35 6 47 11 45 72 12 4 1 19 26 7 28 7 49 0 52 72 40 48 72 37 7 46 65 69 10 10 23 65 39 1 72 22 55 12 18 8 0 46 55 41 72 7 42 72 46 61 71 51 44 68 23 41 41 71 64 66 31 28 59 6 55 32 64 0 33 14 35 32 58 34 40 21 14 50 32 32 61 2 60 38 57 14 53 63 62
run=7 seed=6 k=73 f=0
32 0 28 45 46 11 13 40 35 9 15 53 17 55 38 61 33 39 72 0 11 49 71 64 42 72 30 52 8 72 64 48 45 67 61 54 35 53 39 49 21 34 55 18 26 23 31 25 72 20 36 70 9 0 34 9 1 0 8 43 12 72 15 57 6 48 0 69 27 61 32 9 51 2 5 0 0 68 55 6 26 7 72 1 66 70 40 57 62 57 14 60 62 26 48 43 35 16 64 7 37 19 21 21 24 18 9 44 27 54
run=8 seed=7 k=73 f=0
37 0 42 0 7 30 37 67 25 54 20 50 66 64 21 19 22 11 52 72 50 2 29 21 41 9 30 69 14 42 46 39 5 60 13 14 7 31 66 37 27 34 14 46 62 47 29 61 48 30 27 0 52 72 41 19 22 11 5 71 64 56 61 40 43 72 72 6 72 57 36 62 66 34 10 8 27 26 71 58 31 65 27 24 72 43 48 9 53 72 0 55 57 40 20 14 37 34 59 0 67 52 5 55 30 20 0 8 52 16
run=9 seed=8 k=73 f=0
39 50 58 37 33 72 22 5 10 6 26 55 25 55 5 71 20 6 66 68 31 72 55 46 9 16 50 29 11 48 41 41 0 43 72 54 0 43 7 60 41 64 2 61 13 53 33 12 7 50 66 14 72 65 66 10 62 36 30 2 71 35 64 56 32 11 23 20 47 26 49 31 17 43 16 59 25 30 45 7 45 72 60 32 1 36 38 57 28 0 17 61 52 71 72 16 19 46 40 50 28 58 20 3 54 0 33 67 0 0
run=10 seed=9 k=73 f=0
18 12 7 27 20 72 55 51 35 6 39 54 43 31 58 30 8 6 8 46 49 72 53 45 1 41 16 3 18 59 58 69 0 45 15 62 26 34 41 0 21 28 35 37 29 12 31 54 51 15 63 55 64 0 39 40 0 22 69 45 39 22 42 64 33 12 27 57 46 25 68 28 59 71 22 1 64 68 62 35 72 50 46 65 57 36 25 5 72 16 50 4 59 71 14 19 23 19 0 48 20 7 9 32 50 72 9 67 13 64
run=11 seed=10 k=73 f=0
45 6 26 0 54 16 7 16 11 2 58 62 11 16 65 0 53 31 51 22 36 40 44 25 72 17 72 15 9 26 64 39 60 21 9 0 56 40 13 22 43 48 31 8 22 31 52 38 27 51 31 47 48 60 67 72 19 26 4 19 42 49 13 2 31 46 72 63 38 26 72 50 65 22 68 5 60 20 62 1 37 72 38 2 21 43 72 53 37 11 66 3 71 1 57 63 45 55 35 55 13 0 72 31 35 31 49 55 36 45
run=12 seed=11 k=73 f=0
8 55 37 16 49 51 22 47 52 25 25 43 33 64 67 72 6 35 60 6 14 66 51 15 38 46 56 24 72 37 1 39 0 42 72 72 8 0 48 44 11 19 10 65 31 32 56 41 16 29 21 17 66 8 38 49 64 29 59 52 11 4 14 70 21 39 28 64 1 26 42 20 21 61 2 66 55 55 66 61 16 0 44 0 54 10 32 3 59 8 35 13 55 46 3 72 70 25 61 46 60 28 31 24 39 10 25 16 0 72
run=13 seed=12 k=73 f=0
8 1 70 61 18 24 21 27 36 6 46 62 64 47 33 27 30 34 0 71 23 0 19 40 37 15 32 56 10 39 34 1 72 32 12 31 57 10 21 52 45 20 53 17 10 54 72 49 21 51 17 37 40 42 31 48 31 72 43 0 5 4 9 12 13 3 61 19 61 50 37 11 67 60 14 58 25 54 59 45 41 26 24 29 27 33 0 55 0 8 67 64 72 40 6 49 67 47 53 45 6 60 72 67 22 72 0 16 0 8
run=14 seed=13 k=73 f=0
72 59 72 27 3 32 35 39 50 29 10 53 40 52 47 64 39 54 24 34 20 2 31 44 1 56 16 18 0 62 0 58 10 45 58 51 33 67 65 0 3 45 39 19 50 20 54 60 17 17 12 12 28 8 66 11 8 22 17 70 13 6 71 68 37 72 0 5 21 7 46 25 38 25 29 57 72 28 52 27 42 40 72 26 72 22 46 29 0 72 16 70 58 49 30 0 44 13 18 47 67 23 34 65 7 37 26 33 10 64
run=15 seed=14 k=73 f=0
6 70 38 21 39 72 67 36 63 51 59 0 72 28 8 71 51 12 0 41 23 0 36 35 9 47 72 27 32 72 46 18 19 43 34 28 65 19 13 22 42 45 13 63 20 7 15 56 28 60 43 7 33 31 13 61 47 27 67 55 67 0 60 25 67 33 46 28 72 48 7 0 31 43 24 22 59 39 0 65 72 72 56 25 53 65 44 5 0 30 60 48 56 10 35 0 37 13 8 52 24 52 17 14 17 0 39 5 19 54
run=16 seed=15 k=73 f=0
72 48 10 30 15 30 5 44 66 69 0 36 71 6 63 0 53 7 56 8 52 51 27 0 65 46 17 8 72 9 17 27 64 62 30 10 64 48 42 11 70 64 11 38 72 15 24 18 28 18 44 60 2 72 54 1 11 35 72 56 11 68 7 54 25 31 48 50 21 0 14 36 58 19 33 63 48 24 19 68 19 0 33 47 5 9 0 62 55 39 32 57 0 20 50 37 26 22 17 14 43 69 26 40 44 40 57 60 46 39
run=17 seed=16 k=73 f=0
17 72 36 72 41 30 41 0 64 32 54 72 72 10 45 59 52 41 38 5 66 24 31 47 72 26 60 9 28 45 21 37 72 6 16 54 20 12 24 37 16 63 46 3 63 31 60 10 27 61 17 1 2 50 24 52 3 0 66 50 55 67 20 56 0 32 62 46 47 43 7 23 25 17 70 59 61 34 43 28 11 1 33 19 49 1 71 9 11 34 67 13 46 55 32 38 41 55 8 50 29 15 38 8 64 54 64 0 11 19
run=18 seed=17 k=73 f=0
58 66 55 0 4 46 50 35 46 65 24 32 63 46 7 1 4 25 52 4 19 2 71 31 29 64 70 0 41 14 9 17 0 20 29 38 56 12 6 20 60 58 15 72 49 9 42 65 24 43 53 72 39 29 16 54 71 55 46 0 25 36 12 55 21 28 12 61 38 47 0 29 51 58 65 72 10 19 37 44 64 36 27 8 42 21 52 9 15 28 28 54 41 3 14 33 20 23 49 42 34 72 70 60 63 59 49 37 63 71
run=19 seed=18 k=73 f=0
7 55 36 56 64 34 2 17 6 53 0 14 63 21 0 1 66 55 13 22 18 58 34 61 72 65 11 9 50 25 30 34 49 32 59 26 7 36 56 0 5 6 6 19 70 41 10 0 14 11 8 72 37 20 4 37 55 57 16 71 21 45 24 10 39 31 71 62 12 1 71 45 29 8 66 33 40 41 9 18 45 27 22 33 50 26 28 41 47 72 65 52 72 46 19 0 0 15 42 64 67 48 61 46 43 47 23 64 49 72
run=20 seed=19 k=73 f=0
66 72 63 72 28 29 16 34 20 41 72 5 8 51 13 61 66 54 72 65 65 23 39 48 0 36 27 50 42 0 18 1 39 5 33 57 33 61 26 57 19 28 47 21 57 58 66 14 26 23 30 14 40 44 65 11 0 52 7 52 22 5 18 70 7 23 0 40 72 12 39 53 34 24 49 1 0 9 28 42 35 51 0 69 53 21 23 57 0 39 45 12 52 43 64 72 31 8 17 45 29 55 61 47 3 7 16 63 72 29
