run=1 seed=0 k=87 f=0
69 67 1 19 16 58 57 40 9 2 76 70 72 54 86 5 28 47 31 25 38 3 74 76 65 63 33 36 18 32 56 49 12 13 60 21 25 34 47 78 40 54 40 39 77 69 82 3 64 72 42 10 46 43 26 49 80 36 55 27 60 18 48 25 63 14 86 86 40 36 25 16 80 60 21 13 69 27 84 0 83 79 6 45 78 61 21 86 51 63 56 61 46 6 1 55 13 38 86 54 27 73 9 3 43 86 18 23 14 30
run=2 seed=1 k=87 f=0
69 67 1 19 16 58 57 40 9 2 76 70 72 54 86 5 28 47 31 25 38 3 74 76 65 63 33 36 18 32 56 49 12 13 60 21 25 34 47 78 40 54 40 39 77 69 82 3 64 72 42 10 46 43 26 49 80 36 55 27 60 18 48 25 63 14 86 86 40 36 25 16 80 60 21 13 69 27 84 0 83 79 6 45 78 61 21 86 51 63 56 61 46 6 1 55 13 38 86 54 27 73 9 3 43 86 18 23 14 30
run=3 seed=2 k=87 f=0
48 16 12 69 11 13 63 72 83 25 34 75 41 56 33 27 30 54 81 65 2 86 13 3 70 57 50 24 51 0 66 6 40 5 18 69 67 20 16 62 9 19 36 86 1 52 14 60 50 86 69 49 76 77 69 58 58 79 86 6 85 67 0 30 53 12 24 29 0 26 64 15 8 80 44 35 39 34 44 73 59 0 85 32 73 83 81 25 24 78 0 22 85 76 46 7 50 46 64 18 54 29 40 6 11 32 30 41 59 38
run=4 seed=3 k=87 f=0
14 11 83 7 39 85 32 9 27 54 35 58 67 20 30 77 58 70 78 60 59 47 51 0 86 72 2 73 69 75 44 16 56 14 14 66 4 85 33 25 17 83 82 37 64 0 86 24 42 59 46 46 0 41 86 3 14 43 4 29 23 52 66 32 7 37 47 78 0 86 0 46 61 34 22 24 63 5 34 6 51 19 53 1 60 5 79 78 51 55 42 53 23 52 72 32 19 36 42 28 24 66 15 72 85 31 76 35 19 65
run=5 seed=4 k=87 f=0
60 36 25 78 3 6 20 38 86 71 7 23 34 26 57 0 24 46 0 44 41 64 44 72 76 0 73 59 71 15 0 18 52 49 65 43 55 76 17 55 10 0 77 13 83 71 82 24 44 66 56 18 48 8 41 29 9 7 86 32 79 79 61 36 35 63 86 60 34 6 85 1 29 64 56 48 79 37 33 73 66 15 67 52 60 13 46 80 42 75 28 27 86 18 74 1 20 52 86 68 56 42 43 1 39 11 67 51 52 33
run=6 seed=5 k=87 f=0
25 27 69 16 23 33 35 12 77 58 31 5 24 39 80 2 40 17 15 38 64 48 76 44 86 0 49 19 59 39 77 69 86 73 74 71 53 16 48 53 77 75 84 9 59 85 20 0 83 41 50 86 69 62 0 68 7 31 6 35 11 74 16 54 57 86 63 23 15 20 9 4 48 33 1 66 30 56 60 9 81 30 36 52 0 13 65 1 54 82 31 57 44 35 40 73 43 45 24 38 56 8 86 22 0 48 60 53 68 7
run=7 seed=6 k=87 f=0
58 11 63 25 41 65 31 51 80 65 23 15 36 0 76 8 56 51 20 28 42 17 78 75 64 3 17 1 75 81 79 40 43 56 36 86 27 71 36 23 57 57 62 0 54 10 43 28 61 39 48 7 35 86 86 49 0 39 16 0 83 19 48 5 3 64 12 58 49 8 42 67 83 70 64 65 80 71 1 63 52 48 70 67 13 86 71 5 16 6 78 1 12 81 28 20 38 35 31 32 4 73 42 86 14 18 52 22 23 71
run=8 seed=7 k=87 f=0
38 45 15 56 54 85 10 0 48 22 59 80 63 75 84 59 23 75 44 81 35 23 73 31 35 3 31 86 53 44 21 71 21 70 60 78 56 42 0 45 71 65 62 67 30 86 52 60 30 23 46 29 72 42 67 37 21 12 65 39 73 0 86 51 53 69 8 21 83 62 6 5 16 10 77 22 6 27 53 77 32 65 0 2 37 71 16 8 75 83 14 14 82 3 86 13 55 37 29 48 78 4 20 0 68 38 74 12 4 29
run=9 seed=8 k=87 f=0
8 47 86 10 15 84 16 76 54 7 18 12 42 56 49 1 60 59 14 28 17 69 84 40 11 67 59 69 24 52 38 45 0 47 82 62 69 50 76 1 45 63 66 51 85 62 4 27 11 1 72 45 57 79 74 11 83 48 29 48 54 76 39 11 54 8 70 1 66 41 36 68 18 48 32 20 22 80 76 52 29 22 7 74 68 81 36 53 31 22 86 86 34 24 5 0 0 74 39 32 29 83 3 16 19 29 59 59 66 39
run=10 seed=9 k=87 f=0
15 52 86 0 12 75 70 30 25 24 1 11 56 57 22 67 60 59 25 45 48 43 53 33 43 45 54 44 68 55 9 73 6 6 38 56 31 43 72 16 39 86 76 86 19 50 83 65 72 32 39 49 84 15 72 0 11 21 27 59 40 20 34 12 80 19 42 12 65 20 31 86 0 38 20 64 79 50 7 86 35 58 61 27 9 80 1 4 76 14 0 62 64 85 49 24 26 67 76 28 29 34 47 73 76 31 0 67 76 38
run=11 seed=10 k=87 f=0
14 64 53 13 33 84 7 37 0 25 9 64 56 13 3 9 79 21 20 42 68 68 17 71 67 86 19 38 0 59 84 55 60 19 65 5 49 64 54 41 11 73 35 38 15 48 77 48 19 45 80 56 74 31 81 52 75 57 86 41 22 76 35 2 41 14 28 68 74 34 1 78 53 29 86 68 4 80 26 11 76 38 6 84 48 12 19 36 74 3 86 28 85 7 26 31 21 22 17 0 56 43 53 49 0 49 40 30 45 61
run=12 seed=11 k=87 f=0
50 17 74 48 47 7 68 64 8 6 49 67 59 17 41 23 28 39 40 73 11 30 55 57 8 15 55 68 81 72 41 0 78 22 0 30 31 67 2 12 18 55 34 86 58 79 4 22 9 82 38 60 75 36 35 48 77 42 47 26 77 30 74 47 63 51 69 19 86 45 53 30 62 82 13 76 41 16 84 51 58 28 2 35 34 6 77 22 1 86 11 39 86 0 85 46 9 86 0 0 85 60 17 68 20 24 24 78 34 57
run=13 seed=12 k=87 f=0
40 26 21 47 35 86 26 68 83 48 59 64 0 81 33 61 35 9 61 54 67 2 6 77 44 11 20 83 25 42 46 75 26 53 0 3 73 33 53 68 81 14 37 68 71 16 78 48 60 79 48 29 54 71 64 10 10 54 21 5 46 22 72 37 33 27 17 28 56 86 67 44 0 35 32 12 11 82 86 75 20 2 3 35 25 57 42 36 58 86 74 8 52 43 42 84 65 66 52 31 62 20 81 78 23 18 18 56 14 38
run=14 seed=13 k=87 f=0
21 86 1 43 80 82 86 71 21 62 39 24 34 33 62 8 31 1 0 48 83 28 77 64 51 27 65 61 59 0 33 3 42 5 52 75 0 22 57 9 10 13 0 32 70 63 47 51 56 80 2 42 6 14 13 41 43 16 0 33 43 46 39 24 35 51 13 84 72 66 28 14 59 66 80 18 86 86 66 2 6 52 47 85 71 41 18 27 72 66 47 55 65 75 81 12 11 9 51 71 75 18 76 59 78 25 86 53 26 34
run=15 seed=14 k=87 f=0
18 35 13 35 13 77 81 24 62 46 13 51 56 76 0 50 2 42 9 46 8 65 24 86 13 56 31 47 7 46 3 78 31 17 86 46 31 70 37 10 52 70 61 4 67 51 31 56 39 65 25 39 19 43 0 56 1 76 58 85 24 27 43 15 23 78 66 19 21 58 64 55 72 2 0 16 63 82 67 73 0 86 79 16 30 44 53 37 24 77 71 39 21 47 80 85 23 5 60 60 48 10 31 31 60 28 10 85 34 73
run=16 seed=15 k=87 f=0
28 36 51 28 56 0 70 41 36 34 7 64 16 2 19 65 8 52 61 20 40 34 80 14 25 10 28 28 46 74 16 85 46 3 77 7 0 8 75 24 36 0 22 38 81 15 24 82 59 42 70 14 71 58 20 9 85 0 72 37 71 8 47 23 20 64 69 46 63 86 27 73 75 34 51 2 50 58 35 69 15 65 61 80 81 57 86 4 86 57 52 61 25 75 43 34 1 0 29 86 50 45 20 57 54 43 49 86 16 78
run=17 seed=16 k=87 f=0
21 11 7 53 80 5 19 14 33 3 85 49 19 69 86 77 0 63 45 6 29 38 27 74 7 25 73 50 79 55 25 41 53 29 75 66 35 10 28 64 10 32 58 12 72 0 74 37 58 36 42 10 19 61 40 80 0 15 37 23 83 42 60 29 0 76 84 64 24 16 34 56 0 34 47 86 46 32 70 18 38 71 85 70 51 7 86 53 44 8 58 24 48 84 76 70 34 16 1 48 48 66 61 54 43 59 27 0 86 81
run=18 seed=17 k=87 f=0
0 0 29 38 5 36 70 66 55 55 86 48 74 79 59 43 13 84 80 15 10 5 22 7 7 20 61 42 79 74 61 79 69 13 85 60 0 32 11 27 33 14 48 15 28 45 59 46 82 48 16 47 54 85 37 84 43 83 74 31 23 73 50 53 19 85 25 24 63 73 45 39 31 62 20 86 18 77 37 54 38 75 19 1 68 6 0 35 8 52 52 32 23 65 26 53 12 64 40 56 38 26 59 57 76 72 12 34 67 0
run=19 seed=18 k=87 f=0
37 38 14 68 47 50 40 12 44 61 48 52 41 25 86 86 83 59 56 17 35 1 8 86 17 77 6 58 30 35 25 28 19 30 40 78 78 69 6 31 72 60 64 10 78 83 56 28 60 59 8 18 19 7 69 18 52 68 59 43 80 23 35 40 42 20 69 59 7 85 30 37 75 33 66 48 53 0 25 1 15 35 9 2 0 78 75 58 51 77 24 75 4 27 64 15 49 2 22 45 81 86 71 47 12 86 85 69 54 22
run=20 seed=19 k=87 f=0
57 7 0 71 23 64 48 0 14 69 60 23 55 34 10 52 38 29 1 36 83 78 82 73 32 80 67 73 4 18 41 50 35 65 80 13 45 74 67 29 58 46 17 21 49 85 10 84 85 36 37 17 68 20 86 86 15 12 1 14 53 39 59 10 24 0 46 5 7 30 45 80 5 11 40 80 43 79 23 65 41 43 59 62 17 72 53 48 54 70 51 24 33 24 7 65 22 62 33 70 2 55 83 70 4 0 3 31 43 30
