run=1 seed=0 k=101 f=0
80 0 85 94 74 62 100 25 1 2 43 39 60 19 56 48 1 5 86 75 47 58 63 52 9 65 30 9 20 10 30 18 43 16 97 1 26 52 56 70 65 0 75 29 86 80 88 73 84 75 33 85 100 7 54 21 100 34 53 52 46 95 100 34 32 89 15 58 47 72 16 8 38 69 34 24 27 90 77 58 10 30 41 30 78 86 37 76 21 77 100 68 37 12 47 69 70 39 94 58 92 46 65 14 90 65 4 96 21 47
run=2 seed=1 k=101 f=0
80 0 85 94 74 62 100 25 1 2 43 39 60 19 56 48 1 5 86 75 47 58 63 52 9 65 30 9 20 10 30 18 43 16 97 1 26 52 56 70 65 0 75 29 86 80 88 73 84 75 33 85 100 7 54 21 100 34 53 52 46 95 100 34 32 89 15 58 47 72 16 8 38 69 34 24 27 90 77 58 10 30 41 30 78 86 37 76 21 77 100 68 37 12 47 69 70 39 94 58 92 46 65 14 90 65 4 96 21 47
run=3 seed=2 k=101 f=0
81 7 100 48 77 52 86 100 70 40 23 54 30 12 1 58 75 33 75 41 99 44 68 18 49 18 9 91 67 80 73 52 90 74 5 66 92 22 35 61 28 30 31 25 83 62 12 5 82 65 4 47 42 38 54 56 8 30 11 76 90 85 87 63 12 58 99 15 99 96 42 81 42 22 0 60 70 13 97 17 46 8 64 19 89 85 82 17 79 65 0 34 74 39 20 53 48 89 7 73 0 95 39 25 37 28 66 23 5 28
run=4 seed=3 k=101 f=0
82 1 67 27 68 75 48 94 76 46 63 0 70 59 98 4 62 33 55 41 0 55 70 92 29 42 89 85 71 14 66 31 3 71 99 37 61 97 69 88 29 23 42 61 18 9 37 47 40 80 82 16 32 91 80 78 86 78 11 89 65 54 53 85 13 78 22 51 25 18 48 100 42 15 82 61 34 13 21 73 44 16 93 57 90 27 2 38 57 88 98 20 30 51 6 16 28 86 49 99 12 99 34 47 44 9 2 50 90 0
run=5 seed=4 k=101 f=0
37 22 47 31 71 99 77 67 81 29 90 40 86 80 21 16 99 65 62 20 94 28 24 82 47 12 98 89 2 53 47 60 46 20 54 0 50 19 19 11 54 96 59 23 78 100 45 30 62 3 46 20 100 92 37 81 73 32 79 75 90 51 87 7 76 65 13 9 93 100 27 47 94 1 36 35 65 78 67 27 84 72 13 62 68 56 42 23 63 72 8 0 28 41 92 7 0 39 16 57 50 7 30 2 75 5 97 38 6 55
run=6 seed=5 k=101 f=0
76 58 36 48 86 10 54 95 22 22 49 77 16 35 2 81 87 36 55 1 29 80 71 30 47 16 71 78 12 68 32 88 93 100 51 3 44 57 35 30 78 43 96 17 21 8 39 43 0 93 37 73 50 28 2 1 8 39 20 30 71 52 56 65 100 62 84 78 14 60 10 54 0 100 17 22 96 63 100 8 49 71 68 100 43 4 64 100 85 27 69 31 72 90 88 81 47 97 58 26 76 11 90 0 23 42 31 90 8 62
run=7 seed=6 k=101 f=0
13 93 73 100 96 6 28 76 21 13 34 50 1 84 30 56 17 100 19 83 75 15 8 54 81 47 25 9 12 84 56 6 63 92 3 95 62 98 35 26 50 70 45 30 82 68 3 40 70 58 30 35 39 80 65 35 84 46 95 100 76 48 33 76 70 7 83 57 72 6 63 49 21 68 44 43 58 2 63 78 26 87 28 32 77 81 49 58 0 61 57 97 51 41 89 20 0 12 92 73 62 50 21 86 99 20 10 72 90 38
run=8 seed=7 k=101 f=0
17 61 99 65 87 61 23 29 19 41 7 23 14 72 42 53 16 68 9 100 68 14 23 100 7 33 81 29 53 94 84 70 74 82 35 51 80 22 80 67 21 78 92 1 6 39 73 85 73 74 82 10 74 3 19 44 48 70 42 1 29 80 60 12 31 58 25 0 58 96 1 45 44 99 49 45 1 92 96 76 36 11 48 10 57 71 47 25 87 58 64 61 99 89 88 31 18 79 65 32 40 35 41 79 90 96 40 1 84 55
run=9 seed=8 k=101 f=0
22 22 78 27 26 89 100 29 87 8 94 35 33 89 62 88 71 30 44 13 89 43 41 98 97 17 65 90 100 13 65 49 3 82 47 72 3 83 29 63 36 49 30 62 37 61 22 80 22 53 56 77 55 37 68 96 14 4 10 7 58 70 55 19 59 76 13 34 33 0 6 99 49 7 0 79 0 38 32 7 16 45 80 25 66 86 99 0 94 87 52 76 96 62 95 45 52 5 80 76 5 72 67 20 40 15 73 1 15 70
run=10 seed=9 k=101 f=0
71 39 60 100 81 89 94 47 0 45 5 71 47 25 35 85 32 22 0 11 95 30 98 63 11 87 31 69 100 64 27 96 80 70 2 99 72 35 59 84 31 14 20 31 5 21 39 38 98 77 16 38 91 6 53 50 82 74 53 44 3 45 24 7 48 28 13 83 93 22 40 66 2 92 87 77 13 93 46 77 35 28 61 80 92 84 58 40 15 75 8 58 20 0 67 56 95 43 54 52 56 2 91 67 16 100 11 85 63 52
run=11 seed=10 k=101 f=0
5 86 99 36 60 64 59 99 85 39 77 96 91 89 29 47 100 100 71 17 5 91 6 29 63 46 71 11 61 38 58 47 94 81 65 50 36 26 100 84 25 71 19 14 25 22 30 79 73 91 39 31 38 14 100 65 60 92 42 50 30 86 17 20 58 43 38 94 14 17 82 35 70 0 9 65 5 56 35 20 78 74 50 86 10 24 49 13 65 52 88 63 81 51 33 100 43 53 20 23 70 1 4 23 77 72 2 96 78 3
run=12 seed=11 k=101 f=0
71 45 79 42 37 78 48 66 12 14 17 25 21 88 53 33 81 94 61 74 63 77 17 13 5 19 25 84 95 10 99 90 100 58 42 32 28 51 93 71 69 33 80 40 58 84 30 88 99 91 31 62 67 6 25 38 84 66 25 69 0 19 91 64 51 2 0 50 3 56 37 4 53 63 0 78 99 26 48 32 16 70 17 49 27 87 53 44 33 21 44 37 38 70 4 11 4 61 59 84 71 91 80 10 15 76 60 53 100 97
run=13 seed=12 k=101 f=0
42 78 13 42 38 49 72 48 32 75 76 55 13 86 58 51 48 80 2 69 55 100 79 32 38 98 96 45 25 62 14 84 58 28 56 100 98 0 11 31 43 82 53 17 89 8 0 86 90 3 4 68 4 51 62 7 41 23 61 66 30 10 13 66 20 74 72 54 3 47 53 0 28 3 91 61 14 92 2 83 75 77 33 93 28 98 96 36 87 20 35 39 29 81 83 69 58 21 35 64 94 41 16 87 36 24 21 70 100 64
run=14 seed=13 k=101 f=0
96 10 1 70 28 12 60 46 22 83 100 95 29 51 88 37 0 53 0 91 23 27 97 88 48 54 1 84 78 70 69 39 40 36 9 61 56 70 74 56 55 57 99 20 42 86 78 69 37 79 63 95 77 16 61 48 96 28 72 3 66 44 79 100 82 88 29 51 37 14 9 76 64 74 6 41 68 84 18 31 32 31 92 85 89 53 23 7 43 0 23 64 47 2 99 16 56 9 35 1 54 89 21 86 100 2 82 21 10 96
run=15 seed=14 k=101 f=0
32 95 36 84 87 98 93 29 43 31 89 0 23 76 66 50 36 57 91 80 84 83 14 25 80 100 63 20 96 9 79 99 11 62 45 62 31 53 78 0 37 68 41 85 62 73 39 46 92 9 88 69 71 49 100 50 13 91 74 15 83 6 100 70 19 45 0 8 23 24 29 34 40 34 18 50 59 18 6 53 7 27 28 43 84 35 93 5 57 24 100 52 72 0 69 64 35 16 78 72 87 100 59 85 64 6 42 1 62 0
run=16 seed=15 k=101 f=0
77 11 58 23 7 65 3 59 88 80 94 4 97 89 74 82 79 19 31 100 90 86 20 52 73 46 36 31 85 74 22 17 1 15 44 22 81 48 59 68 72 13 47 100 100 40 100 13 57 32 63 53 84 80 38 62 34 2 39 26 36 45 62 94 89 69 40 53 22 68 37 78 31 12 29 15 99 8 28 87 95 96 75 46 0 41 0 55 10 52 49 8 18 6 80 74 1 0 66 56 57 37 100 11 16 60 26 81 94 68
run=17 seed=16 k=101 f=0
25 71 26 42 76 38 98 93 82 85 70 79 52 14 59 89 38 5 78 49 24 40 54 100 22 88 86 15 89 16 52 37 53 78 70 0 38 19 87 20 15 47 0 73 28 3 52 66 10 0 14 92 61 34 40 5 0 2 7 58 53 81 82 93 46 97 12 18 30 19 72 100 32 70 24 64 60 96 14 99 8 11 85 34 38 26 0 74 73 61 31 59 61 79 97 92 35 95 1 48 13 87 100 46 77 7 29 23 63 65
run=18 seed=17 k=101 f=0
59 70 88 76 33 52 83 25 15 74 45 67 73 91 1 94 10 14 92 30 79 51 42 67 33 21 4 84 51 5 46 52 35 41 40 17 40 87 100 22 55 82 15 25 9 0 68 8 7 100 21 50 91 9 18 90 52 84 73 29 47 72 52 0 28 14 84 94 100 40 35 73 47 58 100 83 4 76 61 75 6 46 28 17 1 12 66 33 32 32 72 87 96 64 63 28 1 65 59 4 33 76 92 90 95 57 17 22 19 57
run=19 seed=18 k=101 f=0
54 55 4 100 58 33 94 16 51 94 100 81 21 83 71 86 83 48 81 59 64 48 11 99 51 45 21 87 61 66 0 30 89 0 76 25 72 37 7 22 31 4 68 71 34 38 57 61 80 55 68 41 76 11 3 39 57 59 35 19 10 39 68 78 68 15 14 71 52 35 99 2 5 77 76 56 10 95 2 30 74 19 46 53 1 28 63 76 29 84 44 89 0 92 91 9 73 85 43 20 86 27 93 91 100 17 48 9 29 64
run=20 seed=19 k=101 f=0
45 100 99 53 68 61 9 75 27 80 0 21 98 94 23 100 15 32 21 93 28 68 68 38 86 62 39 73 48 13 8 82 74 32 44 100 88 53 3 89 66 29 76 54 22 88 41 9 81 1 66 35 35 79 29 52 11 36 25 59 10 67 52 0 92 62 86 5 20 80 74 60 22 49 57 32 1 93 77 82 70 71 90 92 14 88 63 16 44 97 51 100 72 21 41 3 32 36 82 13 58 21 39 97 23 52 37 62 2 18
