run=1 seed=0 k=98 f=0
30 47 38 69 19 17 14 34 86 95 52 43 38 1 82 70 66 24 71 72 91 70 95 82 42 96 82 97 29 5 3 94 96 0 74 0 57 83 9 16 57 97 19 63 13 45 90 50 23 50 87 49 91 77 64 38 46 5 24 56 74 45 32 5 88 75 40 12 87 93 44 3 88 0 62 65 32 13 85 56 36 29 28 65 15 4 7 19 7 27 23 25 12 0 77 97 88 20 13 79 34 55 80 0 43 39 72 76 55 56
run=2 seed=1 k=98 f=0
30 47 38 69 19 17 14 34 86 95 52 43 38 1 82 70 66 24 71 72 91 70 95 82 42 96 82 97 29 5 3 94 96 0 74 0 57 83 9 16 57 97 19 63 13 45 90 50 23 50 87 49 91 77 64 38 46 5 24 56 74 45 32 5 88 75 40 12 87 93 44 3 88 0 62 65 32 13 85 56 36 29 28 65 15 4 7 19 7 27 23 25 12 0 77 97 88 20 13 79 34 55 80 0 43 39 72 76 55 56
run=3 seed=2 k=98 f=0
18 35 54 34 21 25 74 49 61 93 16 85 5 67 78 84 95 73 5 6 78 58 66 67 53 67 36 0 97 23 96 89 34 93 53 79 23 97 61 83 85 33 69 0 87 41 84 92 74 45 51 29 59 25 78 78 47 75 34 74 49 62 4 47 49 58 55 70 8 27 11 78 11 37 0 93 38 40 45 65 44 2 10 14 22 18 73 65 87 67 70 29 33 14 36 83 27 20 42 96 2 12 60 16 19 45 61 51 23 11
run=4 seed=3 k=98 f=0
44 74 88 70 97 71 22 56 15 57 7 25 17 69 18 9 25 87 64 90 67 75 62 97 19 29 0 33 70 16 54 74 81 94 2 20 94 25 30 52 37 62 38 35 26 37 66 12 64 40 86 78 91 59 84 9 82 82 96 97 56 25 47 51 89 47 2 44 30 0 96 64 57 39 86 58 90 93 35 66 13 51 4 77 70 44 42 28 3 41 50 29 0 36 78 52 85 97 48 67 79 0 37 10 93 12 9 21 0 80
run=5 seed=4 k=98 f=0
63 3 19 0 7 17 91 25 49 36 82 78 16 58 95 14 0 95 11 30 23 53 62 26 23 10 96 52 1 63 92 65 42 45 45 89 8 38 21 11 3 13 82 5 64 35 76 51 90 52 49 97 41 67 75 20 78 47 83 30 66 68 35 84 32 93 75 88 87 37 75 77 30 0 6 83 21 82 76 60 57 81 15 51 43 64 70 85 28 97 69 16 69 54 96 1 74 72 39 55 24 30 91 53 24 28 26 43 90 58
run=6 seed=5 k=98 f=0
10 8 72 2 14 81 37 43 79 81 74 70 48 90 82 21 18 49 64 38 96 97 11 72 2 62 25 26 2 27 94 61 18 48 33 35 0 69 84 6 53 62 0 57 84 67 57 3 57 13 39 71 66 28 44 69 18 60 91 31 95 14 36 91 43 80 27 97 23 59 91 13 96 55 18 20 62 88 77 53 48 21 75 41 0 13 97 59 43 4 97 6 35 9 76 26 46 55 83 42 16 78 53 48 88 0 84 34 68 88
run=7 seed=6 k=98 f=0
7 44 82 25 51 87 46 0 63 0 32 3 87 61 69 2 47 24 50 22 11 67 69 0 21 52 92 85 43 85 11 10 76 59 36 29 30 38 20 88 93 59 72 68 78 97 38 14 47 39 51 75 0 75 69 21 66 10 31 70 31 81 80 47 41 76 59 72 27 97 69 41 33 97 52 9 18 93 60 54 36 3 63 91 0 78 7 28 91 76 85 79 3 56 58 96 30 34 25 43 7 94 12 96 66 93 19 2 52 16
run=8 seed=7 k=98 f=0
53 68 11 85 15 81 78 0 18 7 75 45 83 34 47 74 16 89 72 51 48 65 97 0 49 26 9 32 29 97 13 62 10 30 0 24 42 16 4 85 64 53 54 62 24 92 9 34 75 97 1 75 87 52 55 74 5 88 6 63 6 46 58 16 41 59 96 42 42 77 49 83 29 39 47 57 26 42 34 51 17 35 44 71 28 38 61 20 60 19 86 25 25 66 97 92 2 2 83 20 5 88 12 68 80 94 35 59 0 70
run=9 seed=8 k=98 f=0
52 49 85 61 22 15 31 27 7 39 0 97 34 65 1 74 24 82 58 32 55 46 45 74 0 15 66 5 60 35 79 42 0 19 11 67 17 97 34 33 92 51 1 38 63 96 65 45 53 24 91 56 27 53 86 97 5 64 17 40 87 58 54 65 20 45 89 22 47 25 3 88 28 95 83 49 77 97 92 68 77 36 13 2 40 7 0 14 45 73 13 56 87 78 85 69 30 69 17 19 92 11 69 85 39 97 26 57 10 77
run=10 seed=9 k=98 f=0
23 72 61 9 40 77 16 26 97 62 88 7 3 71 71 78 83 86 50 70 33 47 21 16 46 37 58 80 96 0 5 18 67 70 35 33 25 63 2 45 27 81 42 9 48 81 38 58 35 47 21 23 91 1 8 86 97 95 53 32 19 63 6 28 88 87 94 45 0 74 95 35 38 71 63 66 14 53 66 55 57 88 33 50 79 85 90 78 22 31 12 6 45 72 40 14 17 30 42 0 29 95 68 75 28 97 54 64 30 53
run=11 seed=10 k=98 f=0
28 42 83 63 70 41 75 89 47 61 25 96 97 9 70 19 16 6 97 97 58 82 27 70 84 8 62 77 52 17 95 79 20 4 0 85 45 54 10 91 43 8 23 63 63 56 97 0 25 50 6 41 10 41 34 49 65 39 70 70 78 75 55 93 76 77 54 11 27 1 69 39 35 94 35 30 50 92 97 58 47 93 86 23 91 39 82 31 29 71 60 69 1 16 18 83 13 1 62 48 66 28 84 7 68 20 36 1 1 19
run=12 seed=11 k=98 f=0
44 34 66 19 9 96 0 92 27 53 19 47 15 84 33 97 32 64 59 54 44 85 39 13 48 57 35 47 25 76 61 81 2 97 92 35 24 74 92 5 82 7 54 26 95 12 68 75 86 91 5 25 79 77 70 24 95 64 54 58 95 38 1 20 20 79 85 72 42 78 1 4 9 88 32 41 61 55 87 77 10 84 19 87 31 97 16 88 6 52 51 61 64 35 65 56 70 38 39 71 41 15 69 80 10 0 47 4 17 49
run=13 seed=12 k=98 f=0
0 30 41 32 23 93 84 8 65 56 69 65 59 81 82 86 67 65 62 2 26 34 44 54 97 94 55 64 25 59 86 97 84 3 28 71 52 22 36 19 50 0 72 10 57 25 51 28 90 68 32 73 11 16 1 10 13 77 2 86 71 23 13 73 13 95 44 82 89 7 28 35 36 0 90 94 38 19 33 52 56 9 47 50 1 72 10 47 58 19 79 44 68 4 20 81 2 49 40 51 21 97 96 57 92 96 43 77 60 75
run=14 seed=13 k=98 f=0
34 1 77 9 22 86 96 29 40 96 81 68 42 86 37 97 65 7 52 24 1 58 31 13 11 60 97 68 37 74 33 2 1 35 37 43 11 51 8 46 76 0 80 20 97 18 5 70 60 69 10 59 40 26 5 40 87 40 90 21 60 28 81 38 97 18 60 70 13 92 24 62 46 1 66 0 72 75 22 93 28 87 58 13 15 76 28 64 0 49 83 90 78 96 64 31 24 31 94 66 62 87 53 1 16 79 69 10 57 53
run=15 seed=14 k=98 f=0
97 42 41 97 83 16 86 64 0 26 89 69 43 92 84 1 58 58 91 71 68 31 43 52 80 10 34 88 47 1 68 9 5 6 65 82 79 53 59 97 22 36 76 24 55 15 71 42 88 32 63 52 20 51 9 14 14 94 88 25 53 88 20 77 71 59 65 57 74 1 36 84 11 27 23 15 43 47 33 28 40 66 32 12 78 91 14 19 24 59 30 42 27 97 51 4 6 89 97 72 60 48 81 2 77 0 70 96 63 78
run=16 seed=15 k=98 f=0
76 12 69 53 60 66 2 50 28 95 0 18 32 13 18 15 35 97 57 70 61 83 82 91 72 41 8 96 77 39 25 57 33 45 88 1 80 96 96 7 14 8 80 8 52 64 24 44 19 31 56 48 43 11 82 18 70 91 96 34 25 51 44 79 84 22 18 14 75 71 44 84 25 67 74 7 28 85 0 57 51 87 65 45 76 25 66 42 78 93 38 91 47 10 63 87 46 5 67 38 94 54 87 22 78 37 2 0 58 97
run=17 seed=16 k=98 f=0
0 15 45 72 8 47 40 13 2 87 70 53 6 34 94 40 75 68 87 75 39 0 63 36 16 25 90 61 0 97 6 50 9 8 0 58 57 66 27 67 52 19 93 93 82 92 26 79 20 64 59 56 29 52 95 88 76 55 48 66 94 13 97 55 67 94 19 65 25 46 0 22 27 53 59 16 43 74 24 31 80 15 38 7 74 90 15 26 34 78 97 36 48 85 38 31 46 57 44 84 60 65 30 88 84 73 97 23 5 82
run=18 seed=17 k=98 f=0
23 33 77 28 1 78 91 26 20 43 55 9 29 90 94 66 2 17 84 7 74 65 9 48 75 61 88 16 0 34 92 77 92 73 73 55 65 46 38 55 61 74 86 32 7 48 10 67 91 52 41 23 21 36 61 79 21 18 45 82 66 42 59 60 16 85 10 96 13 71 23 60 86 49 84 50 34 2 30 47 29 86 71 43 77 19 96 49 13 51 97 40 55 2 4 11 59 69 91 97 43 2 61 85 37 80 37 25 38 1
run=19 seed=18 k=98 f=0
67 96 39 86 24 74 34 8 17 71 21 90 88 12 28 57 78 92 20 27 94 62 87 41 70 48 89 81 41 0 30 68 11 25 97 58 56 23 97 66 76 29 45 83 1 54 42 2 10 57 19 88 52 11 34 71 2 1 17 51 82 7 50 49 47 73 32 45 43 8 40 1 45 29 97 69 52 25 10 15 36 64 67 63 28 59 5 35 0 85 86 80 47 65 0 79 40 95 75 16 82 14 13 28 24 60 97 54 36 73
run=20 seed=19 k=98 f=0
49 34 11 54 87 56 16 51 37 79 66 70 21 61 29 44 48 7 97 92 58 23 91 42 1 1 30 26 37 84 0 16 68 33 67 0 91 10 21 20 87 28 87 86 97 73 58 32 36 80 78 2 76 65 51 75 0 83 29 1 44 27 70 74 61 15 14 81 33 83 15 57 97 13 42 29 42 61 57 80 55 45 64 91 43 95 96 87 88 6 74 0 45 73 7 53 42 21 17 76 7 94 60 76 10 15 63 52 34 97
