run=1 seed=0 k=109 f=0
66 27 11 97 43 88 82 39 18 52 74 18 78 101 24 52 48 59 39 55 58 1 23 11 5 35 47 88 3 92 41 86 98 69 108 107 49 102 52 28 19 46 19 0 99 49 101 77 25 44 70 67 50 57 60 58 15 85 41 35 61 82 14 50 60 91 22 0 12 10 46 103 42 65 25 92 3 34 103 55 25 76 76 102 31 106 81 99 88 13 81 62 3 38 0 63 69 66 81 92 93 35 55 94 8 34 87 105 71 108
run=2 seed=1 k=109 f=0
66 27 11 97 43 88 82 39 18 52 74 18 78 101 24 52 48 59 39 55 58 1 23 11 5 35 47 88 3 92 41 86 98 69 108 107 49 102 52 28 19 46 19 0 99 49 101 77 25 44 70 67 50 57 60 58 15 85 41 35 61 82 14 50 60 91 22 0 12 10 46 103 42 65 25 92 3 34 103 55 25 76 76 102 31 106 81 99 88 13 81 62 3 38 0 63 69 66 81 92 93 35 55 94 8 34 87 105 71 108
run=3 seed=2 k=109 f=0
23 27 8 79 100 36 41 85 69 56 74 47 39 33 88 94 66 87 0 6 52 10 25 71 60 30 14 40 107 28 105 35 100 108 16 64 62 74 94 94 21 67 37 78 85 99 64 48 55 103 1 73 95 50 6 1 29 0 11 82 53 107 76 2 86 69 13 92 106 73 79 108 42 52 55 33 0 32 108 48 10 17 12 3 68 18 82 60 58 93 42 22 9 86 51 106 76 45 39 7 20 47 98 45 30 64 95 58 16 0
run=4 seed=3 k=109 f=0
31 35 38 74 58 70 13 34 47 104 43 22 108 78 6 13 60 41 63 66 50 27 96 80 24 29 76 80 55 63 25 99 22 80 28 106 1 86 48 10 55 91 88 54 73 93 5 12 22 54 45 46 63 101 39 18 97 5 72 100 105 98 83 59 86 9 3 19 66 72 101 10 76 51 71 2 1 89 37 107 39 108 9 31 79 65 89 90 87 53 94 85 59 75 26 36 99 1 0 66 52 106 79 19 69 17 13 43 46 61
run=5 seed=4 k=109 f=0
69 53 90 106 63 18 100 78 58 37 63 101 99 5 16 64 73 25 75 11 80 19 43 92 55 32 108 77 24 56 3 0 108 73 56 6 66 47 88 83 0 12 26 33 36 37 7 40 18 80 51 46 72 64 87 65 10 103 0 81 53 83 94 63 98 42 49 68 106 38 82 91 99 17 88 66 97 0 26 91 19 4 16 2 33 7 11 35 47 106 55 50 30 89 105 74 99 76 33 13 91 82 45 35 18 27 58 42 79 25
run=6 seed=5 k=109 f=0
77 0 97 0 14 26 32 73 8 79 41 12 95 108 70 3 105 12 14 33 38 2 38 6 48 42 57 34 33 108 52 98 44 101 6 105 46 55 29 64 73 57 38 53 69 53 12 84 16 25 79 50 97 90 40 94 0 82 20 2 101 72 13 37 0 75 96 46 87 94 101 88 108 30 63 7 100 33 95 73 85 16 84 23 45 53 25 14 106 45 38 24 107 84 61 25 104 65 88 89 64 80 68 76 18 59 36 25 25 78
run=7 seed=6 k=109 f=0
99 76 55 25 23 83 12 6 17 58 41 81 9 39 101 63 40 43 52 93 96 51 81 11 46 0 103 93 51 18 25 61 2 97 87 108 50 37 22 9 78 95 7 26 15 108 29 69 105 33 91 32 59 43 104 87 73 108 102 65 24 55 70 21 33 2 60 36 50 13 67 50 16 76 79 41 77 35 54 66 72 75 45 43 99 0 18 56 64 72 85 70 19 63 59 28 37 8 105 90 108 63 34 0 80 4 82 0 8 87
run=8 seed=7 k=109 f=0
98 54 103 1 66 6 83 98 59 81 28 89 12 50 79 0 81 107 104 67 28 61 91 57 21 14 1 3 52 35 97 41 90 52 104 17 21 80 33 0 50 68 88 79 26 20 5 26 31 91 35 60 37 39 8 12 107 9 54 101 95 13 46 41 83 49 70 86 37 75 94 105 51 44 108 0 92 63 99 30 45 27 76 59 59 64 74 73 47 79 8 12 90 56 24 44 108 95 18 36 46 24 2 27 68 17 67 40 73 73
run=9 seed=8 k=109 f=0
76 107 87 0 77 59 71 53 8 29 37 68 15 12 16 88 103 100 16 20 79 93 30 3 52 37 43 99 80 2 41 85 107 19 67 92 8 105 55 24 31 106 0 47 9 79 43 38 53 95 58 58 61 57 20 56 95 41 72 9 0 26 79 70 65 63 84 95 108 27 43 72 11 43 27 72 1 33 7 51 37 65 72 43 9 49 43 34 24 11 101 62 40 70 0 24 25 48 20 65 101 82 97 95 84 89 81 65 20 105
run=10 seed=9 k=109 f=0
8 53 51 3 60 32 97 91 17 106 67 31 54 16 104 93 21 41 106 0 108 52 38 70 107 81 77 74 53 76 100 103 61 85 91 97 72 96 55 63 85 84 30 49 22 44 108 17 12 14 103 27 45 73 8 60 46 5 101 62 69 57 29 88 27 62 82 59 49 89 75 50 0 31 7 38 2 24 54 14 79 66 66 100 1 71 82 41 91 28 46 32 84 36 20 27 6 36 45 73 12 40 13 72 42 38 65 87 62 26
run=11 seed=10 k=109 f=0
49 60 31 108 63 32 25 69 64 93 27 93 27 9 79 63 95 76 93 21 99 93 51 12 20 9 34 10 12 19 1 91 70 35 57 24 19 45 108 76 38 79 98 40 18 85 11 57 35 51 4 17 52 72 72 30 0 106 40 49 99 4 1 105 2 12 85 77 1 32 70 4 98 38 58 99 36 8 69 102 76 96 40 57 53 20 47 42 18 105 61 101 56 80 84 107 81 46 0 28 79 65 37 85 24 87 9 48 88 0
run=12 seed=11 k=109 f=0
36 11 52 32 103 96 108 80 75 63 97 76 107 50 0 81 58 54 46 108 33 67 50 64 6 15 85 99 44 11 63 64 87 6 73 0 13 75 99 106 81 88 73 13 52 90 28 105 35 68 12 4 42 59 80 18 94 30 23 35 105 2 102 26 21 3 75 1 13 65 53 36 44 34 52 91 32 68 14 46 16 99 88 59 5 83 94 66 82 0 30 18 52 43 40 60 108 23 24 23 36 94 5 41 36 21 23 81 93 41
run=13 seed=12 k=109 f=0
19 27 88 97 99 106 54 26 20 17 15 21 69 43 48 84 59 73 48 52 26 98 108 67 29 26 43 105 70 75 85 89 28 11 0 98 20 41 6 35 85 8 0 0 77 46 86 79 10 1 82 53 94 79 31 67 77 91 100 90 15 100 4 13 58 6 90 62 65 64 22 77 9 22 35 105 86 39 73 96 35 37 41 41 0 54 25 37 71 50 75 1 104 95 14 60 14 8 59 58 32 21 102 18 43 9 29 58 48 108
run=14 seed=13 k=109 f=0
66 108 72 0 52 30 77 60 40 34 23 54 71 63 37 51 86 60 11 106 100 85 20 19 42 50 29 14 104 40 75 69 78 67 70 0 22 38 107 45 64 30 47 102 86 32 49 87 4 22 84 9 22 105 78 95 108 105 57 8 62 95 94 5 53 33 41 17 18 36 80 52 35 82 11 27 0 23 29 24 88 61 4 20 18 0 107 17 12 5 73 96 79 93 97 62 34 82 91 14 9 18 76 37 50 94 52 56 3 90
run=15 seed=14 k=109 f=0
46 29 57 81 68 68 62 38 96 30 78 0 39 17 39 51 45 96 78 59 55 14 93 15 63 29 0 1 10 49 17 71 108 74 63 58 46 77 24 86 31 66 55 84 84 2 26 37 6 91 96 107 61 47 93 104 91 1 76 106 51 27 20 55 92 83 0 44 51 73 84 15 73 13 108 65 6 7 11 78 38 106 48 82 14 32 23 63 8 5 100 87 26 68 49 104 93 66 19 103 97 85 43 36 33 37 60 72 31 19
run=16 seed=15 k=109 f=0
71 20 84 75 51 55 16 55 22 82 3 108 31 63 25 93 44 26 31 62 52 78 51 103 17 57 73 65 34 90 80 14 94 61 26 8 91 44 78 35 89 98 86 82 4 96 26 20 55 6 74 5 30 38 12 9 78 85 76 86 51 13 101 36 66 3 45 89 97 17 23 108 107 85 104 59 107 62 9 73 41 66 95 60 99 6 88 16 105 68 0 43 22 69 49 106 106 32 13 2 100 35 25 59 15 40 9 57 32 50
run=17 seed=16 k=109 f=0
15 23 91 1 72 57 74 36 80 54 88 51 104 14 8 41 0 23 30 5 39 67 68 42 83 64 27 95 4 18 37 53 80 95 108 49 53 34 101 21 21 73 87 1 79 45 5 89 46 51 94 46 10 107 2 29 8 106 101 25 30 33 26 6 62 73 108 97 37 10 5 64 102 90 59 68 84 94 14 57 76 17 65 103 89 85 7 55 39 83 39 104 25 82 55 62 3 71 43 75 16 48 63 91 69 30 16 106 55 31
run=18 seed=17 k=109 f=0
20 91 93 67 0 78 40 63 75 29 38 0 87 16 103 64 101 95 29 26 18 21 77 5 5 47 96 26 71 77 14 85 62 105 92 108 74 43 93 66 1 29 45 71 79 55 89 88 64 28 27 36 7 10 42 98 33 46 27 17 79 11 17 25 39 6 45 103 6 47 23 68 54 107 47 101 81 37 58 49 66 17 105 58 71 36 108 77 82 68 9 7 96 52 56 107 59 35 102 28 83 34 85 0 85 71 12 2 85 0
run=19 seed=18 k=109 f=0
108 48 5 65 86 43 0 38 57 60 14 2 0 24 48 30 15 58 49 3 6 46 22 1 87 75 25 101 28 7 9 48 65 107 77 28 39 67 37 41 72 51 21 80 79 30 76 92 49 34 11 106 95 12 16 55 108 1 62 105 33 49 49 31 84 18 11 72 52 76 21 103 5 107 67 90 68 19 72 30 57 84 60 91 43 64 7 46 102 24 6 88 90 57 99 29 92 18 60 96 86 33 71 99 84 0 80 68 40 94
run=20 seed=19 k=109 f=0
97 12 20 9 65 50 15 65 99 35 12 105 23 102 67 48 101 4 9 78 39 108 82 90 7 105 108 108 36 99 23 32 60 94 52 83 51 68 39 69 104 71 37 35 81 73 83 72 43 54 13 21 102 41 94 32 90 72 14 2 10 80 26 28 0 17 22 51 87 76 63 88 67 100 26 29 78 106 92 60 67 87 55 59 17 54 3 84 29 7 48 44 3 100 90 79 89 1 91 15 78 57 20 34 40 44 108 48 58 60
