run=1 seed=0 k=102 f=0
57 100 9 85 83 50 69 44 25 92 56 40 20 19 29 2 96 30 43 82 78 8 87 68 14 100 8 79 31 79 26 66 77 0 13 33 96 10 89 76 72 17 87 21 2 92 20 98 0 19 53 28 43 36 72 57 68 50 67 73 27 73 38 3 2 89 10 2 101 101 96 17 44 81 101 13 44 93 22 35 49 43 66 92 60 6 4 101 52 37 24 33 58 46 79 34 46 72 0 65 77 95 62 58 71 57 83 14 101 60
run=2 seed=1 k=102 f=0
57 100 9 85 83 50 69 44 25 92 56 40 20 19 29 2 96 30 43 82 78 8 87 68 14 100 8 79 31 79 26 66 77 0 13 33 96 10 89 76 72 17 87 21 2 92 20 98 0 19 53 28 43 36 72 57 68 50 67 73 27 73 38 3 2 89 10 2 101 101 96 17 44 81 101 13 44 93 22 35 49 43 66 92 60 6 4 101 52 37 24 33 58 46 79 34 46 72 0 65 77 95 62 58 71 57 83 14 101 60
run=3 seed=2 k=102 f=0
58 55 32 89 27 101 101 85 19 86 94 79 33 53 45 99 32 91 51 33 5 77 47 71 26 79 80 14 66 15 3 67 2 59 65 82 61 71 36 11 43 3 72 44 88 27 42 18 101 64 0 79 64 3 37 93 41 1 20 89 13 54 57 61 94 77 30 47 98 100 4 7 8 83 51 17 2 67 89 22 8 11 97 38 66 48 45 99 53 69 25 0 93 23 74 85 40 97 58 78 16 24 22 72 101 72 54 83 37 72
run=4 seed=3 k=102 f=0
20 97 6 97 45 70 91 100 49 17 29 4 33 68 16 15 18 100 84 1 73 71 4 6 25 76 23 59 17 22 34 90 94 55 8 35 25 69 10 48 22 50 27 79 82 38 1 27 18 46 41 25 10 24 90 46 60 35 68 82 28 1 97 17 43 3 55 16 76 66 56 78 89 82 84 74 38 43 75 70 90 31 50 98 0 25 100 86 85 63 50 8 91 10 101 81 5 58 36 63 18 12 59 82 41 0 49 87 51 66
run=5 seed=4 k=102 f=0
56 35 58 93 13 63 63 49 74 67 39 43 2 98 70 28 100 49 100 84 94 86 65 34 52 84 66 70 54 4 88 56 43 54 29 27 46 88 77 18 55 81 16 9 44 16 33 16 38 13 79 39 23 26 75 76 10 88 44 71 64 97 6 78 6 53 91 23 87 88 83 8 0 76 69 33 54 82 34 48 0 47 53 28 19 100 3 35 38 21 66 96 62 30 48 70 101 101 92 71 2 42 12 78 57 61 97 10 15 2
run=6 seed=5 k=102 f=0
32 53 50 90 68 94 19 78 42 4 50 101 24 24 12 26 6 18 100 32 92 85 57 69 87 60 22 1 38 43 33 57 40 56 85 7 50 81 25 15 62 17 73 79 41 10 27 49 13 25 53 31 12 36 93 99 39 95 67 85 10 36 40 5 87 60 58 84 40 44 1 72 101 45 1 74 58 65 75 46 93 77 62 31 49 6 101 33 0 7 16 95 3 99 35 65 90 67 59 2 8 66 71 23 64 76 90 20 13 101
run=7 seed=6 k=102 f=0
101 35 82 47 74 28 76 21 26 16 11 42 63 6 59 86 83 78 80 16 9 44 40 0 5 19 42 10 29 35 96 79 59 57 0 89 36 44 8 71 31 66 65 41 87 1 84 48 15 95 76 93 45 67 100 17 72 31 100 93 86 8 75 92 22 81 15 70 49 62 39 54 67 52 95 53 35 53 13 55 35 35 22 6 98 20 24 101 9 101 72 63 2 95 0 28 74 91 79 21 93 26 57 58 39 65 85 49 95 101
run=8 seed=7 k=102 f=0
51 21 54 26 11 9 82 7 78 19 16 1 97 84 63 56 22 16 62 99 62 59 14 80 91 39 91 54 67 44 45 57 70 20 48 19 81 13 85 79 13 76 38 0 32 49 36 99 23 72 9 59 71 91 41 29 3 101 43 29 63 88 3 24 27 39 36 42 4 96 91 2 43 7 70 56 29 76 35 15 45 3 6 38 68 19 70 46 101 92 5 29 72 52 76 34 78 68 85 28 53 0 52 96 88 92 43 69 66 12
run=9 seed=8 k=102 f=0
69 11 60 69 65 29 8 101 4 13 0 93 10 98 39 38 84 22 23 47 70 64 55 76 73 27 39 100 46 88 60 66 86 56 25 37 22 1 15 45 93 79 20 60 89 42 73 46 79 101 20 58 31 18 2 1 44 7 0 66 41 12 31 101 57 29 0 77 36 28 50 87 80 65 23 42 79 51 63 16 82 51 43 22 70 74 70 62 86 51 5 32 54 99 101 90 35 13 11 98 38 96 57 92 76 51 32 83 16 94
run=10 seed=9 k=102 f=0
84 14 1 11 8 77 94 61 56 74 100 64 28 43 24 23 35 9 101 94 45 12 79 15 69 62 86 77 21 43 46 20 24 21 68 40 98 60 54 26 33 53 62 94 70 48 84 3 37 52 81 50 39 38 32 99 1 88 57 96 46 36 101 50 72 54 64 69 0 27 65 39 44 96 74 12 14 31 16 85 77 76 89 11 3 35 94 66 87 34 90 4 75 10 46 19 57 101 88 56 8 67 0 7 3 21 88 25 4 29
run=11 seed=10 k=102 f=0
77 64 18 95 84 40 89 93 31 101 35 2 84 63 44 49 84 71 46 88 42 100 91 13 40 54 16 18 82 64 45 65 55 58 24 86 99 48 37 71 67 74 85 23 9 1 20 94 6 27 21 48 92 37 30 0 14 18 3 30 35 100 75 82 7 68 64 101 7 51 29 48 32 59 45 59 90 0 101 96 71 72 55 91 90 44 38 52 63 9 99 77 25 61 15 73 27 81 16 9 32 80 57 60 57 0 36 72 66 10
run=12 seed=11 k=102 f=0
70 98 31 57 1 7 71 43 65 19 2 6 62 62 21 43 61 92 88 9 3 62 90 19 100 11 34 20 101 35 87 93 99 6 76 39 17 26 48 101 13 57 58 52 9 19 101 77 9 77 53 39 39 92 83 51 71 34 0 29 45 82 71 58 56 97 30 48 54 20 73 56 23 30 27 1 92 3 52 28 80 40 67 93 31 13 13 40 0 81 64 77 35 90 94 45 74 98 69 62 30 14 85 83 2 46 80 41 13 83
run=13 seed=12 k=102 f=0
80 20 69 16 92 4 74 64 0 0 39 51 10 56 3 94 89 17 52 100 28 32 63 44 72 82 85 28 89 95 59 20 89 101 48 61 94 51 1 23 8 15 89 37 68 46 23 73 30 95 74 82 35 38 101 8 18 32 54 60 25 29 16 99 30 39 24 76 65 69 96 50 56 86 55 24 32 11 41 75 101 26 45 34 80 44 13 99 52 70 15 10 79 67 37 1 84 60 77 47 64 49 0 101 97 6 87 39 2 89
run=14 seed=13 k=102 f=0
2 17 51 65 22 9 56 71 88 41 0 81 101 90 29 101 68 39 74 29 71 49 19 82 81 40 81 96 36 7 0 45 24 17 3 43 79 26 64 25 17 99 6 68 59 35 26 96 14 85 6 55 42 8 82 32 51 56 61 90 72 75 7 50 35 40 57 13 73 21 53 99 88 33 93 29 12 16 95 87 12 22 27 28 1 68 101 21 98 41 85 60 2 90 96 35 79 3 56 29 72 86 47 37 44 35 61 68 48 79
run=15 seed=14 k=102 f=0
27 14 46 55 79 20 14 24 39 94 71 88 77 6 35 22 19 13 54 64 23 41 66 45 10 99 45 22 11 99 60 5 90 94 50 63 60 31 0 101 24 77 87 37 32 86 65 6 0 20 35 63 70 0 57 28 94 43 0 27 96 94 30 58 13 67 100 17 26 18 44 96 49 3 33 70 40 69 75 2 40 8 101 4 86 57 12 99 69 18 78 52 85 47 97 9 94 29 61 85 24 54 49 91 68 88 18 46 57 77
run=16 seed=15 k=102 f=0
13 50 25 37 86 99 64 20 79 58 100 70 73 26 88 34 80 70 41 13 79 71 3 59 100 101 40 98 50 6 41 1 89 0 72 52 21 35 83 10 15 78 8 1 22 44 84 28 81 48 15 36 81 13 14 57 98 54 66 2 96 8 41 49 70 66 77 30 101 35 1 62 20 77 35 64 45 46 28 3 22 5 32 60 100 28 91 59 57 47 7 52 9 89 91 53 75 69 89 63 37 24 41 19 16 64 44 90 86 94
run=17 seed=16 k=102 f=0
13 57 82 34 15 26 40 78 20 60 38 82 37 39 46 91 75 76 81 88 71 71 37 50 59 64 98 4 47 0 23 28 89 86 45 0 47 80 97 85 12 20 7 101 90 48 25 63 98 4 27 67 49 13 27 63 90 16 101 101 90 3 26 17 21 31 37 68 9 33 44 5 21 14 8 88 21 44 7 31 7 55 70 40 66 62 95 17 73 32 54 59 12 22 75 0 82 0 55 68 18 93 73 0 54 77 57 41 81 96
run=18 seed=17 k=102 f=0
37 55 34 43 59 68 0 93 78 96 82 15 5 6 15 19 92 3 89 19 22 101 81 100 47 53 10 13 101 5 24 1 50 18 21 61 68 47 44 101 55 23 36 75 68 58 74 9 61 73 85 31 18 85 88 64 37 72 62 0 62 61 1 82 79 99 23 88 45 73 34 51 30 71 36 21 69 85 13 4 30 8 95 80 67 55 83 66 25 88 4 27 15 80 98 92 78 99 49 97 49 30 40 38 52 38 26 45 57 67
run=19 seed=18 k=102 f=0
22 74 91 51 92 78 97 73 28 36 64 79 9 80 11 15 38 68 53 87 66 25 69 61 32 82 4 85 30 49 94 48 13 57 59 38 96 78 101 88 66 17 14 93 21 37 81 30 48 25 86 50 100 5 10 101 1 61 45 39 88 37 23 47 83 32 0 78 3 10 17 100 56 89 91 0 70 44 78 17 62 62 3 97 42 21 29 51 71 10 74 13 18 39 92 27 66 43 2 83 30 40 55 101 7 43 61 54 4 19
run=20 seed=19 k=102 f=0
41 101 97 72 2 75 34 21 58 14 32 58 17 62 55 86 56 60 0 82 23 56 41 54 65 19 98 48 99 66 19 67 88 101 77 65 0 8 101 92 94 11 25 96 74 7 76 10 78 80 91 101 8 64 53 94 54 23 14 28 95 69 98 18 18 101 24 37 42 8 28 26 48 5 90 84 22 17 5 67 72 28 63 80 58 51 31 63 88 45 35 50 86 31 44 69 30 1 2 30 47 84 38 70 12 85 39 3 76 44
