run=1 seed=0 k=76 f=0
49 2 53 40 6 75 46 53 29 44 43 50 66 64 33 44 47 1 0 37 73 0 17 18 4 23 10 22 69 74 73 1 40 58 37 28 36 20 14 25 22 28 25 66 13 7 35 8 29 10 12 0 44 70 30 51 8 63 68 59 20 30 29 46 70 25 57 48 74 43 57 59 22 75 22 34 15 34 75 66 75 63 62 37 48 23 58 39 0 64 63 66 55 45 6 0 41 75 15 12 39 10 4 9 12 51 75 32 55 16
run=2 seed=1 k=76 f=0
49 2 53 40 6 75 46 53 29 44 43 50 66 64 33 44 47 1 0 37 73 0 17 18 4 23 10 22 69 74 73 1 40 58 37 28 36 20 14 25 22 28 25 66 13 7 35 8 29 10 12 0 44 70 30 51 8 63 68 59 20 30 29 46 70 25 57 48 74 43 57 59 22 75 22 34 15 34 75 66 75 63 62 37 48 23 58 39 0 64 63 66 55 45 6 0 41 75 15 12 39 10 4 9 12 51 75 32 55 16
run=3 seed=2 k=76 f=0
10 24 70 9 21 3 52 58 47 52 43 70 67 64 50 0 6 16 19 5 11 68 54 63 13 41 73 63 52 22 1 36 75 37 43 56 74 17 0 58 37 36 32 24 49 75 4 31 34 25 38 27 58 62 75 56 26 41 75 61 28 45 22 54 48 42 40 65 1 33 60 23 59 38 30 74 12 50 65 18 43 32 9 8 28 4 70 21 0 47 66 12 56 0 12 47 40 56 0 70 44 14 16 36 52 35 8 75 33 19
run=4 seed=3 k=76 f=0
37 27 42 1 6 14 29 53 65 20 70 57 11 38 32 32 36 43 58 4 73 0 51 75 75 19 40 39 48 42 56 31 29 15 12 68 49 3 44 44 17 28 8 21 67 37 61 49 57 68 30 0 18 50 48 33 66 14 7 37 8 70 24 61 8 17 2 47 62 75 64 13 9 16 8 0 30 55 59 21 13 57 1 67 35 19 53 59 10 74 24 20 34 25 52 42 14 26 15 64 37 22 3 68 71 75 75 47 0 75
run=5 seed=4 k=76 f=0
61 8 9 67 44 26 59 30 35 1 9 41 8 75 32 43 46 36 20 44 61 66 10 68 65 18 24 0 66 0 40 62 44 5 53 75 74 38 37 6 30 49 72 52 50 49 39 1 56 52 34 38 66 75 60 54 0 36 75 75 70 17 56 57 56 30 12 15 67 26 43 4 72 27 19 70 15 30 0 73 9 0 21 32 14 54 24 71 42 74 49 72 16 47 0 25 62 56 58 5 34 13 15 31 11 31 65 27 21 25
run=6 seed=5 k=76 f=0
37 27 24 34 46 55 42 67 17 67 47 38 26 55 74 75 58 68 66 52 60 14 65 7 41 0 73 54 17 23 36 27 17 28 41 0 54 0 23 50 41 56 67 47 0 75 53 74 38 14 67 1 61 64 33 60 9 0 23 27 50 1 32 41 50 35 29 61 10 45 6 41 22 58 36 75 19 61 16 66 11 47 10 65 16 2 28 52 56 2 57 0 18 73 32 47 18 69 9 10 5 72 73 74 7 74 63 46 53 7
run=7 seed=6 k=76 f=0
52 4 22 1 59 65 27 7 31 74 24 28 46 29 49 74 71 58 28 69 21 0 27 36 8 37 12 75 0 47 61 39 75 53 0 14 73 38 68 12 40 59 44 21 27 17 35 45 66 13 62 53 36 66 8 23 57 55 60 51 74 13 18 26 0 33 6 51 38 35 52 2 40 50 75 6 65 32 37 31 44 73 14 9 74 13 23 75 58 14 58 62 1 10 22 28 52 9 39 0 9 69 69 45 7 45 18 38 65 44
run=8 seed=7 k=76 f=0
56 18 41 25 53 27 36 60 10 44 16 45 1 8 50 75 22 62 8 21 39 23 15 68 59 75 72 27 67 40 37 39 17 55 33 75 17 9 23 50 31 53 30 44 75 46 5 36 65 7 20 1 4 17 22 49 73 0 6 29 75 13 36 49 48 28 0 53 59 3 41 1 22 2 75 54 16 31 69 10 37 0 45 18 71 75 74 51 60 69 62 29 46 57 14 33 62 33 1 7 64 13 10 42 55 67 24 2 50 68
run=9 seed=8 k=76 f=0
68 18 75 16 49 45 48 75 27 67 46 17 59 9 46 39 65 74 75 19 35 33 24 54 71 33 69 59 61 56 46 53 36 70 73 10 68 51 30 18 50 6 55 18 69 61 23 25 8 24 47 42 29 7 22 65 20 15 9 72 32 63 0 12 60 12 0 10 56 55 39 37 30 13 14 66 28 50 46 11 43 0 2 49 14 10 3 27 55 41 21 3 42 0 3 75 26 67 27 6 40 0 37 35 52 35 30 74 59 40
run=10 seed=9 k=76 f=0
75 57 61 75 74 0 45 21 39 25 43 66 35 8 42 38 73 31 7 27 8 37 0 39 12 51 13 4 29 61 66 62 67 66 34 46 28 12 34 20 18 15 9 58 23 56 28 25 21 7 45 58 41 16 16 19 1 45 63 38 59 8 31 53 54 41 15 48 68 12 28 3 49 25 9 0 0 4 54 12 23 23 32 49 41 54 43 24 32 0 61 71 74 57 72 66 75 11 75 21 73 51 5 7 25 50 49 43 68 0
run=11 seed=10 k=76 f=0
75 0 64 31 69 58 9 45 56 43 6 42 25 16 53 37 29 48 0 0 2 38 63 42 7 15 20 42 68 74 73 37 23 60 36 51 32 75 38 0 65 33 45 65 14 69 0 33 0 39 36 23 56 48 4 20 9 71 14 0 50 19 21 71 14 67 8 11 63 19 55 75 0 72 15 72 75 15 43 57 61 4 24 11 44 51 9 14 75 65 29 28 53 41 6 62 8 43 57 28 69 52 24 50 16 50 17 30 53 22
run=12 seed=11 k=76 f=0
0 30 17 26 36 71 64 19 59 1 38 62 35 51 62 8 38 48 20 75 72 5 0 28 44 53 50 63 32 54 52 6 54 13 31 64 28 20 48 7 3 0 18 15 42 48 75 7 0 44 4 20 68 35 12 24 43 24 62 71 56 22 69 35 34 58 41 32 68 39 12 24 61 31 28 27 43 32 15 0 8 71 4 21 68 17 57 26 8 34 75 68 10 65 56 51 11 40 11 75 55 43 47 75 46 75 75 71 53 0
run=13 seed=12 k=76 f=0
75 18 29 75 14 30 46 42 50 34 17 45 67 74 68 10 26 37 9 70 60 1 18 47 33 56 23 7 35 50 52 2 17 36 40 40 15 39 51 10 61 62 66 0 72 8 70 68 22 11 26 20 0 22 46 31 75 3 66 12 39 21 74 5 25 0 57 34 62 20 44 12 51 68 27 1 53 25 57 68 65 41 37 28 15 55 0 43 0 21 32 57 30 48 73 8 61 17 74 63 7 12 3 47 15 28 58 43 43 63
run=14 seed=13 k=76 f=0
26 18 30 21 46 18 7 0 66 25 62 29 64 8 55 42 7 49 32 25 20 68 0 40 21 39 48 35 75 39 65 36 55 34 14 0 1 47 49 30 15 6 54 66 27 44 25 9 18 69 14 1 40 60 68 47 10 63 68 66 0 59 75 2 63 70 75 5 75 21 4 57 33 9 52 57 40 14 36 23 10 12 9 53 26 0 61 41 0 58 70 15 56 29 41 75 75 50 19 5 73 13 45 47 43 54 37 1 55 75
run=15 seed=14 k=76 f=0
11 52 28 44 13 40 50 54 12 27 16 2 68 60 62 35 26 68 17 47 47 75 47 50 19 18 74 29 58 65 63 61 59 59 66 0 75 43 36 51 45 10 32 24 22 23 7 31 52 9 38 34 38 35 45 46 8 64 39 49 16 16 10 7 68 18 75 38 7 22 59 1 3 28 42 75 75 44 0 41 63 0 75 40 29 14 18 26 75 35 53 31 60 33 7 0 13 56 26 54 68 20 73 59 56 0 22 4 73 67
run=16 seed=15 k=76 f=0
57 68 0 41 33 40 47 10 51 61 20 27 75 6 55 3 31 74 75 15 56 55 62 64 16 32 75 28 36 74 10 0 28 16 54 48 68 60 22 69 37 0 51 10 20 27 3 17 22 66 18 41 4 75 47 35 31 51 46 70 6 22 39 50 6 0 0 35 14 63 29 43 45 32 39 0 24 34 75 62 41 11 58 15 69 8 0 64 21 64 13 66 14 40 54 49 1 70 46 67 62 23 57 7 17 75 5 44 26 60
run=17 seed=16 k=76 f=0
38 66 32 16 42 75 59 10 45 31 54 24 9 60 62 56 28 6 44 1 68 19 9 22 34 0 41 19 15 63 35 61 0 49 69 55 74 64 72 0 26 36 55 15 49 37 2 31 55 41 75 14 13 25 75 8 35 42 74 0 74 43 64 52 12 49 63 22 51 32 3 70 26 18 74 50 23 49 18 45 7 54 27 56 37 41 37 59 75 27 19 29 26 0 61 18 0 8 47 70 72 42 69 58 54 7 45 75 1 67
run=18 seed=17 k=76 f=0
67 15 52 11 69 18 5 42 0 53 7 75 54 44 3 62 57 43 75 49 73 18 16 0 40 68 23 24 27 0 67 35 49 37 3 11 44 10 21 65 4 53 57 35 0 26 49 28 37 23 6 17 30 59 9 75 0 32 8 17 42 9 0 71 39 33 59 63 75 0 60 14 75 29 69 48 29 5 71 50 56 43 46 9 15 41 38 61 32 61 32 56 20 66 69 28 39 19 35 23 70 30 65 45 12 60 75 6 49 75
run=19 seed=18 k=76 f=0
54 65 40 9 75 32 45 51 63 57 71 54 58 35 68 60 22 74 75 3 16 28 40 15 70 0 30 34 64 59 25 42 65 67 51 23 75 67 35 0 42 18 73 39 56 35 2 47 39 32 32 42 14 18 22 49 50 31 56 9 38 5 4 58 9 36 0 15 15 70 27 56 27 53 11 15 66 9 13 60 46 25 43 30 52 23 29 44 56 75 60 22 28 0 2 9 0 48 44 18 8 39 0 75 69 8 20 16 48 75
run=20 seed=19 k=76 f=0
35 7 31 15 48 11 9 30 56 20 7 0 63 3 1 40 7 1 0 48 71 60 0 59 14 50 64 58 36 41 75 37 68 35 41 52 27 75 75 15 8 75 55 20 22 0 51 28 47 59 6 27 40 24 11 13 1 49 22 19 30 64 67 50 17 15 44 21 64 12 57 12 55 8 17 32 54 7 58 0 61 66 66 47 69 51 73 42 75 3 24 72 55 36 43 20 46 6 55 73 44 69 66 34 20 34 11 29 27 43
