run=1 seed=0 k=110 f=0
83 76 17 35 23 15 67 72 43 1 55 25 28 69 73 69 73 76 2 102 21 8 27 92 92 102 38 43 94 89 109 62 35 77 94 50 50 96 101 56 29 43 4 57 67 0 48 64 18 50 62 79 101 90 86 97 72 60 39 51 15 0 4 47 20 34 109 79 103 67 44 92 42 15 16 87 34 24 83 0 40 26 35 34 58 0 13 100 6 29 76 31 86 8 9 105 16 55 104 10 85 38 79 48 26 51 37 62 107 109
run=2 seed=1 k=110 f=0
83 76 17 35 23 15 67 72 43 1 55 25 28 69 73 69 73 76 2 102 21 8 27 92 92 102 38 43 94 89 109 62 35 77 94 50 50 96 101 56 29 43 4 57 67 0 48 64 18 50 62 79 101 90 86 97 72 60 39 51 15 0 4 47 20 34 109 79 103 67 44 92 42 15 16 87 34 24 83 0 40 26 35 34 58 0 13 100 6 29 76 31 86 8 9 105 16 55 104 10 85 38 79 48 26 51 37 62 107 109
run=3 seed=2 k=110 f=0
74 20 28 5 109 38 106 13 45 27 40 49 29 99 50 99 51 108 22 0 57 82 69 61 0 18 70 80 76 33 3 92 52 90 0 96 1 78 45 62 79 7 28 16 60 75 0 84 50 85 43 85 99 55 91 101 39 109 28 18 71 32 43 11 106 86 1 108 46 30 87 33 89 5 24 72 12 65 77 104 83 67 45 107 35 2 37 10 37 67 57 63 17 100 13 63 12 81 97 26 8 58 88 95 91 69 8 39 10 98
run=4 seed=3 k=110 f=0
6 37 62 20 1 50 2 104 109 59 17 64 43 34 29 11 16 58 99 0 35 62 99 78 61 9 46 57 28 37 95 61 36 54 65 61 105 58 84 8 68 88 80 69 28 89 11 14 83 86 79 81 64 74 18 47 16 45 36 44 102 98 71 88 43 7 23 70 98 13 20 12 83 25 80 37 42 30 87 108 93 36 104 74 8 101 26 55 101 109 107 26 26 68 50 0 75 82 56 105 24 29 8 53 33 88 93 7 1 45
run=5 seed=4 k=110 f=0
101 53 84 46 74 67 92 41 58 105 109 44 13 94 53 70 62 0 1 99 7 0 108 9 3 35 62 91 0 80 10 33 25 52 79 16 94 25 33 32 81 65 76 55 2 8 62 108 2 63 97 47 16 107 86 69 56 49 84 56 26 19 98 92 51 101 44 79 67 109 102 89 86 10 16 22 3 78 11 108 73 0 103 8 40 80 17 35 73 31 60 69 68 44 91 86 20 18 91 35 36 99 103 54 0 25 76 44 23 28
run=6 seed=5 k=110 f=0
25 65 63 72 16 84 11 99 90 71 36 48 62 108 28 80 94 66 35 66 44 46 35 108 8 42 94 109 22 107 25 43 44 59 56 61 50 91 70 65 53 87 49 93 7 3 25 17 1 53 83 22 82 33 28 93 105 69 87 32 81 50 26 37 2 5 8 28 82 41 20 15 0 103 70 94 38 38 43 72 16 17 34 96 29 74 101 55 108 78 79 54 25 36 109 11 54 49 61 56 40 17 3 0 6 92 78 0 108 81
run=7 seed=6 k=110 f=0
96 105 95 23 9 25 86 72 102 41 25 43 95 63 82 64 100 37 79 94 77 18 0 0 26 109 62 18 77 5 55 10 50 0 48 41 37 4 106 91 98 99 64 72 88 36 59 14 109 61 0 1 79 77 99 82 18 109 53 34 1 108 36 86 69 10 61 56 71 55 35 82 9 31 108 86 109 19 77 40 15 43 2 88 60 68 82 107 5 67 4 46 66 27 24 52 94 15 13 55 92 48 61 12 62 29 81 34 89 67
run=8 seed=7 k=110 f=0
33 29 19 82 45 93 68 55 50 13 11 15 81 64 3 109 68 61 79 102 24 17 88 24 19 99 71 62 47 90 12 33 69 2 56 55 89 73 43 78 4 75 106 2 88 27 100 15 32 57 93 101 73 91 108 35 57 30 12 85 108 43 59 8 88 47 106 5 2 0 97 23 83 27 43 61 92 75 40 19 101 73 54 6 50 69 28 36 34 50 11 78 107 2 26 17 43 64 23 51 22 80 32 47 87 36 43 95 98 109
run=9 seed=8 k=110 f=0
6 15 90 105 81 83 12 50 97 33 87 41 60 67 65 82 10 109 15 11 105 38 107 24 0 47 44 97 65 23 83 20 60 55 61 93 13 5 73 48 80 6 73 101 41 70 93 46 109 36 85 26 7 82 20 48 52 64 99 31 19 94 89 11 104 71 37 36 88 24 67 59 72 42 108 51 103 53 42 34 109 17 106 89 32 103 2 94 27 101 0 29 37 23 9 77 0 76 57 14 100 66 75 75 72 53 98 28 28 3
run=10 seed=9 k=110 f=0
16 108 45 77 31 83 40 68 35 12 42 53 108 89 69 85 109 99 56 109 99 30 46 92 36 104 74 79 33 79 3 8 3 109 42 67 20 53 109 54 87 109 54 43 46 85 48 23 79 17 65 25 11 96 69 22 43 76 95 73 44 61 8 54 76 1 33 63 76 25 3 54 70 13 2 94 102 105 17 92 81 5 87 97 20 46 1 56 55 88 38 100 10 88 12 33 14 91 61 27 6 102 14 67 49 59 70 41 54 23
run=11 seed=10 k=110 f=0
74 46 8 25 108 87 45 21 67 60 30 83 0 83 62 14 60 38 39 88 48 74 109 31 83 98 62 74 74 50 7 53 57 58 10 108 35 55 19 102 27 42 91 23 55 93 106 98 20 17 8 68 23 85 31 37 64 93 30 62 70 80 46 17 64 23 4 0 45 34 97 10 103 53 7 87 0 51 75 51 1 109 64 94 13 27 20 98 52 0 47 81 12 74 71 107 85 76 102 62 31 96 14 88 41 92 43 17 1 35
run=12 seed=11 k=110 f=0
33 84 20 10 53 102 81 101 29 3 73 42 75 74 44 25 21 39 83 78 8 22 44 91 75 35 33 28 51 3 106 16 19 109 65 71 88 101 106 50 38 16 46 0 6 49 93 45 3 103 20 100 95 72 109 99 39 91 2 90 29 108 107 77 3 96 55 107 11 8 89 66 97 62 39 98 91 65 56 37 58 1 67 109 66 35 80 44 90 33 24 57 15 63 46 28 56 98 62 84 3 69 80 32 72 18 51 13 15 63
run=13 seed=12 k=110 f=0
30 63 34 8 75 23 101 63 87 60 78 73 73 84 81 17 77 47 57 3 32 70 103 84 38 59 40 106 58 106 42 52 0 53 37 73 40 0 6 17 46 30 29 109 4 17 1 14 60 25 86 2 87 76 45 15 104 0 32 0 103 4 85 103 99 63 38 27 68 52 37 72 60 88 36 106 26 80 10 57 65 106 51 19 79 96 99 109 94 85 91 96 90 51 22 11 78 67 8 93 91 24 44 47 29 12 30 97 68 44
run=14 seed=13 k=110 f=0
30 61 62 1 83 64 84 5 79 0 27 0 0 74 21 23 97 38 42 34 67 45 59 16 13 30 15 50 33 99 81 49 75 23 107 87 19 73 59 33 81 61 102 0 2 55 65 54 42 48 88 7 23 38 57 37 52 4 75 79 103 88 39 99 25 10 105 21 89 19 34 62 80 3 108 106 45 98 88 19 7 71 95 71 14 50 62 22 94 88 69 90 94 83 94 27 109 103 17 47 51 74 42 25 69 38 63 12 107 14
run=15 seed=14 k=110 f=0
3 102 91 0 1 28 86 92 99 66 108 84 10 28 108 85 106 62 56 87 0 101 69 106 40 47 20 26 73 37 62 39 79 43 57 41 62 73 23 35 101 29 71 98 50 27 74 88 19 78 59 47 80 18 11 53 82 17 4 49 61 35 28 71 72 91 11 77 20 33 89 58 22 53 61 80 101 51 93 69 95 56 36 105 48 101 84 33 9 81 109 50 41 27 5 108 8 34 8 74 5 15 19 77 1 109 96 94 9 67
run=16 seed=15 k=110 f=0
48 25 47 105 44 5 63 108 13 74 33 42 44 64 90 1 49 63 42 22 25 40 42 55 70 81 88 71 100 18 15 42 30 91 0 88 0 99 61 13 99 65 98 12 90 52 76 72 16 2 12 23 61 20 6 5 34 109 76 86 15 77 30 45 18 72 102 60 109 0 5 102 35 103 0 80 93 22 7 60 95 72 35 30 26 52 39 2 38 85 107 68 109 88 71 59 47 95 9 92 44 56 77 87 81 101 75 108 57 29
run=17 seed=16 k=110 f=0
102 82 104 12 58 23 69 28 43 66 19 85 89 31 95 42 39 94 46 3 107 62 97 85 109 25 38 32 57 79 18 82 35 108 80 16 11 68 89 54 80 108 29 51 72 99 1 1 30 4 48 12 37 50 87 39 59 57 70 94 99 67 84 44 67 96 60 54 96 4 52 107 79 14 91 40 45 71 16 61 75 63 50 31 10 26 22 75 77 13 109 73 43 80 99 3 93 89 69 10 102 53 9 4 73 105 19 5 25 34
run=18 seed=17 k=110 f=0
45 7 109 28 69 19 15 100 53 97 81 25 78 6 62 67 8 57 51 4 46 25 33 108 109 45 108 99 95 7 16 64 10 105 0 36 35 56 92 104 30 41 81 0 47 40 61 97 97 0 8 49 25 85 35 53 89 95 81 50 32 39 47 68 60 68 76 22 77 2 43 92 28 21 48 84 62 102 73 91 72 10 57 84 67 63 40 38 96 90 21 31 19 0 101 27 76 79 74 85 93 34 15 21 25 84 107 107 14 71
run=19 seed=18 k=110 f=0
38 0 92 47 36 12 77 72 24 47 46 20 40 106 72 65 80 50 51 63 104 103 101 59 10 63 29 108 59 1 93 3 30 19 54 87 50 109 74 64 39 9 37 3 30 54 86 99 99 105 52 86 47 0 78 67 17 72 17 108 83 26 26 106 21 9 68 41 1 12 80 82 84 77 37 103 10 104 92 100 64 34 9 43 7 87 29 69 83 57 0 94 1 77 94 64 18 101 98 19 62 28 33 36 6 69 29 45 44 11
run=20 seed=19 k=110 f=0
9 6 108 32 47 108 26 30 63 34 67 40 60 96 79 36 100 0 3 18 9 106 0 72 24 57 0 52 93 22 93 105 61 91 27 32 86 68 77 63 103 5 18 100 104 3 59 22 14 0 73 7 38 70 58 65 77 53 48 57 73 29 91 47 54 97 90 73 109 108 94 96 66 53 77 18 18 43 15 42 86 41 85 49 38 31 83 44 16 86 68 48 107 24 46 51 32 87 14 84 97 40 102 76 2 69 1 78 106 100
