run=1 seed=0 k=72 f=0
26 0 31 11 6 0 5 9 0 62 65 45 71 53 3 12 53 19 32 15 16 71 1 51 23 56 71 56 59 0 30 32 13 35 36 44 25 34 19 9 57 36 53 37 69 26 17 71 18 43 22 21 22 64 27 11 52 31 16 70 21 30 41 42 5 64 60 60 70 0 48 52 66 43 55 11 0 4 71 64 52 71 46 6 26 31 45 38 20 48 65 43 9 43 38 1 39 39 27 48 26 61 16 61 3 14 61 20 58 49
run=2 seed=1 k=72 f=0
26 0 31 11 6 0 5 9 0 62 65 45 71 53 3 12 53 19 32 15 16 71 1 51 23 56 71 56 59 0 30 32 13 35 36 44 25 34 19 9 57 36 53 37 69 26 17 71 18 43 22 21 22 64 27 11 52 31 16 70 21 30 41 42 5 64 60 60 70 0 48 52 66 43 55 11 0 4 71 64 52 71 46 6 26 31 45 38 20 48 65 43 9 43 38 1 39 39 27 48 26 61 16 61 3 14 61 20 58 49
run=3 seed=2 k=72 f=0
11 30 57 18 46 30 52 47 29 22 21 0 9 58 26 48 45 17 36 14 50 0 34 0 57 35 33 60 52 57 2 56 54 25 52 20 56 20 4 63 26 27 71 62 17 62 14 45 48 65 35 31 55 43 8 20 39 0 26 43 64 36 18 8 65 15 71 40 40 30 55 68 4 11 36 71 0 40 9 24 59 0 39 18 42 23 14 2 9 42 49 6 71 30 14 63 11 49 71 26 61 66 10 71 37 71 0 51 68 71
run=4 seed=3 k=72 f=0
36 8 18 71 65 43 57 63 44 34 8 0 44 2 1 41 64 64 30 68 58 70 24 9 71 28 2 32 71 38 68 55 20 22 71 0 52 36 46 39 53 20 0 50 57 0 48 57 0 41 64 26 48 11 43 61 69 11 2 33 67 31 33 2 64 31 71 24 59 24 19 32 15 0 29 5 49 27 47 0 59 62 24 10 71 52 8 13 51 3 13 17 18 8 38 26 43 6 56 4 33 15 45 17 20 15 60 52 57 35
run=5 seed=4 k=72 f=0
27 55 58 0 58 16 53 37 65 47 51 33 43 30 29 20 17 65 35 56 49 1 8 7 45 71 0 5 1 20 18 44 71 43 24 0 18 34 64 52 13 58 71 52 46 15 61 59 51 18 66 64 36 34 15 49 61 66 35 24 5 31 28 24 22 29 43 31 1 40 58 20 3 71 70 6 39 11 0 32 17 48 26 69 70 54 10 15 9 30 49 7 71 9 29 0 39 39 44 37 21 10 10 71 58 71 25 66 58 24
run=6 seed=5 k=72 f=0
71 33 59 28 7 0 14 56 9 48 16 24 54 71 12 66 7 18 65 23 60 71 0 24 50 44 67 57 52 0 24 1 34 5 35 43 37 45 20 54 56 36 9 58 50 64 22 51 62 67 18 1 0 36 19 40 22 32 71 71 17 46 23 68 5 5 11 40 63 60 71 48 28 7 44 11 13 4 60 69 0 19 65 45 37 41 26 34 0 29 29 32 70 13 49 0 4 71 63 39 61 52 6 45 49 42 30 15 13 51
run=7 seed=6 k=72 f=0
23 0 15 60 3 58 30 47 71 22 27 44 8 36 68 1 64 29 17 13 14 12 9 44 56 0 53 39 33 71 69 63 71 66 28 51 71 0 31 0 5 53 36 37 49 20 56 0 16 23 50 45 22 44 66 45 54 43 50 63 68 67 32 20 64 36 9 41 9 12 46 33 48 22 37 70 59 63 23 53 1 51 9 25 25 21 71 59 36 3 40 1 24 43 57 64 30 27 17 15 18 23 7 16 12 16 33 60 71 7
run=8 seed=7 k=72 f=0
44 54 0 71 18 71 40 44 28 62 23 27 71 51 53 57 19 31 29 7 12 69 27 11 39 34 49 22 62 57 63 66 0 5 69 18 0 46 6 56 49 4 27 64 43 52 32 37 7 25 50 1 0 63 7 0 28 0 7 18 11 20 50 58 60 41 52 38 25 34 0 16 5 46 13 23 40 24 63 47 55 45 71 46 14 10 12 2 11 19 67 0 63 19 42 36 10 58 36 14 12 48 71 34 29 33 55 38 71 19
run=9 seed=8 k=72 f=0
49 23 48 71 5 57 5 58 0 21 7 61 24 51 3 54 7 20 22 68 38 24 34 42 0 38 15 47 17 0 69 25 12 44 0 35 1 34 6 30 47 71 39 28 56 17 67 71 62 13 4 59 0 55 66 60 45 69 64 35 52 66 46 33 62 66 0 42 12 68 39 34 7 43 37 30 43 61 24 18 43 62 12 9 0 50 71 59 23 14 55 49 16 54 14 71 5 9 45 39 18 51 26 52 40 36 8 32 15 31
run=10 seed=9 k=72 f=0
42 18 34 71 0 54 29 10 15 40 25 71 19 65 12 3 0 36 48 33 66 0 62 64 32 44 19 53 62 34 2 3 30 49 71 71 46 62 15 48 58 16 37 10 61 39 19 20 9 22 49 33 8 7 13 12 1 45 39 42 7 26 12 45 7 13 0 47 57 54 31 65 49 15 68 0 6 58 54 41 35 0 45 28 42 11 18 57 54 59 24 56 27 37 65 71 30 26 52 67 56 42 2 26 63 25 53 70 21 62
run=11 seed=10 k=72 f=0
8 56 52 71 6 61 35 31 40 28 21 34 32 42 43 64 61 14 0 26 57 2 8 30 19 62 36 43 44 39 17 1 70 44 20 44 25 53 64 37 57 9 40 37 34 57 15 52 62 14 23 0 25 23 50 49 40 43 25 71 66 4 33 42 13 48 21 65 71 18 48 12 47 40 69 38 56 57 70 29 53 30 1 25 71 59 11 14 0 62 27 49 70 9 6 0 71 18 55 27 66 27 0 49 53 63 17 7 0 8
run=12 seed=11 k=72 f=0
5 70 46 11 28 44 5 36 0 16 8 12 64 38 3 59 65 11 50 15 44 71 43 21 71 56 23 35 61 0 1 70 58 50 23 14 71 37 64 32 40 42 26 28 61 27 16 35 11 30 50 47 15 39 53 10 2 11 17 70 34 66 26 2 0 32 71 52 71 45 18 60 49 36 57 7 0 40 52 15 22 20 46 53 70 0 58 14 71 63 31 45 19 55 56 27 55 34 20 18 64 31 29 6 42 8 46 21 0 63
run=13 seed=12 k=72 f=0
71 50 21 70 43 32 61 11 38 7 42 14 0 54 63 25 29 17 15 6 45 71 69 47 60 32 34 36 71 21 17 18 23 16 48 54 58 66 0 39 28 62 0 40 59 26 34 6 51 41 38 62 8 7 31 6 8 43 53 4 23 56 6 68 37 71 62 64 15 65 60 50 0 9 2 9 24 11 18 9 32 0 70 40 71 55 71 62 55 54 44 57 24 33 21 16 26 13 30 50 23 45 48 0 57 1 42 64 34 47
run=14 seed=13 k=72 f=0
42 39 8 47 34 34 40 30 35 0 60 67 71 21 38 37 34 1 0 52 65 5 45 23 71 18 15 23 52 18 56 6 50 23 15 16 35 60 71 70 55 0 16 66 48 13 54 59 51 55 30 28 29 64 9 63 0 23 54 42 15 46 0 14 29 55 8 21 40 5 10 66 19 27 69 21 58 29 61 5 60 71 0 32 65 14 49 47 28 47 36 44 9 18 47 42 71 59 10 55 69 34 24 8 43 65 26 11 11 0
run=15 seed=14 k=72 f=0
50 60 19 54 18 14 24 29 6 51 52 13 54 62 47 0 47 56 42 57 60 58 62 62 53 0 11 52 0 19 16 22 34 45 26 0 7 45 17 57 66 63 49 7 41 14 1 71 62 10 66 0 23 33 6 34 71 13 5 23 4 46 34 2 55 19 23 47 71 60 23 35 29 71 38 48 42 66 70 65 70 40 71 54 36 41 11 5 71 71 29 69 35 26 6 0 3 27 45 40 66 10 34 18 39 33 16 25 21 63
run=16 seed=15 k=72 f=0
38 60 26 70 65 13 14 40 19 36 12 67 11 11 16 0 50 62 65 55 45 71 13 31 34 61 35 32 45 3 69 5 46 57 17 0 54 38 27 29 35 56 29 71 40 31 23 22 61 34 25 0 15 43 52 10 29 59 5 7 13 50 68 2 8 5 55 46 71 60 21 26 27 7 50 71 45 8 23 7 50 9 2 38 55 34 57 59 52 63 15 65 19 69 42 0 49 38 29 18 51 36 19 39 42 24 47 20 45 0
run=17 seed=16 k=72 f=0
7 40 26 50 64 25 21 62 17 44 23 19 0 5 43 1 18 71 56 71 54 13 27 37 58 71 10 31 42 37 11 31 65 30 25 44 64 8 71 0 5 29 26 51 70 42 69 0 46 14 31 71 59 59 19 56 35 70 7 57 62 61 36 46 30 43 15 56 36 1 16 46 41 48 52 50 13 31 50 45 35 35 0 49 40 12 59 66 0 0 23 2 17 26 62 71 20 64 8 21 5 46 70 42 5 52 57 65 12 8
run=18 seed=17 k=72 f=0
8 2 71 46 6 44 29 14 23 43 32 0 63 22 26 14 66 1 0 52 2 0 44 34 4 15 19 39 56 25 55 1 54 19 1 27 8 45 47 48 40 38 65 63 29 39 52 70 0 36 41 15 45 63 52 33 55 54 10 11 27 24 21 12 13 29 19 66 71 71 31 43 49 60 71 6 34 40 36 24 35 56 20 19 53 27 57 49 0 62 60 59 71 36 20 15 71 32 48 31 7 43 66 27 8 64 24 14 71 8
run=19 seed=18 k=72 f=0
34 33 71 17 15 60 23 47 29 36 25 67 54 24 25 22 0 15 54 20 24 0 57 45 31 35 52 48 0 61 3 37 9 66 30 19 18 28 41 18 33 31 62 0 56 56 34 27 38 59 19 9 43 8 0 27 46 14 37 51 37 53 71 37 65 33 71 11 45 60 48 1 41 69 15 71 71 49 44 39 28 0 22 21 23 35 54 65 50 52 4 71 71 9 13 0 70 63 8 64 50 43 42 65 60 64 62 12 6 42
run=20 seed=19 k=72 f=0
71 53 39 19 56 12 28 53 32 36 9 50 1 45 26 38 23 53 50 15 57 36 66 21 0 64 40 11 71 0 1 1 59 5 71 38 16 61 16 62 25 42 18 45 37 44 15 30 9 47 13 29 28 56 6 47 31 31 6 20 66 63 47 40 7 48 0 59 14 2 33 68 17 71 65 56 0 25 13 42 29 10 63 11 71 37 51 65 0 24 64 22 70 40 44 23 31 51 31 8 67 59 61 37 57 21 51 70 58 71
