run=1 seed=0 k=104 f=0
39 22 91 12 29 79 0 68 4 85 48 26 26 43 51 48 100 10 0 24 59 8 10 30 94 25 54 3 72 93 65 90 16 36 23 95 50 34 84 50 77 61 74 68 56 56 76 52 43 82 53 93 91 64 99 86 102 55 84 89 49 97 36 63 44 14 103 81 8 65 12 15 85 41 29 37 72 3 69 33 8 100 13 2 91 16 59 38 72 17 22 103 4 79 102 69 42 32 81 27 27 51 42 2 11 79 57 101 18 44
run=2 seed=1 k=104 f=0
39 22 91 12 29 79 0 68 4 85 48 26 26 43 51 48 100 10 0 24 59 8 10 30 94 25 54 3 72 93 65 90 16 36 23 95 50 34 84 50 77 61 74 68 56 56 76 52 43 82 53 93 91 64 99 86 102 55 84 89 49 97 36 63 44 14 103 81 8 65 12 15 85 41 29 37 72 3 69 33 8 100 13 2 91 16 59 38 72 17 22 103 4 79 102 69 42 32 81 27 27 51 42 2 11 79 57 101 18 44
run=3 seed=2 k=104 f=0
84 79 29 20 85 26 36 28 40 39 46 75 53 21 2 77 80 5 76 53 30 102 65 92 48 55 18 70 96 14 13 74 60 76 9 19 62 102 49 45 13 66 0 43 92 0 52 35 73 43 44 98 27 86 50 6 89 12 54 5 42 56 24 81 67 69 103 62 66 28 40 87 16 93 91 82 75 69 92 60 90 11 41 103 95 13 31 84 69 83 0 8 37 16 58 1 33 81 57 97 60 23 23 0 19 2 28 47 33 97
run=4 seed=3 k=104 f=0
58 68 48 58 97 5 96 30 103 32 99 4 82 64 74 10 46 47 82 23 41 78 30 26 94 87 54 9 40 47 102 90 100 52 70 91 99 65 50 92 30 68 44 17 80 42 62 41 90 27 96 81 2 69 88 91 28 77 20 76 30 31 103 84 20 5 74 66 4 25 75 74 67 23 18 0 103 1 59 28 14 34 24 93 40 32 54 68 15 25 64 9 74 48 102 14 57 79 57 37 74 34 85 37 18 44 56 0 85 1
run=5 seed=4 k=104 f=0
20 75 26 14 45 74 81 103 34 9 40 83 42 93 75 46 94 5 82 53 69 28 4 63 69 46 98 2 52 4 37 23 12 20 40 51 82 0 94 76 45 93 8 87 97 62 90 33 64 87 7 29 16 70 57 56 102 23 103 70 44 53 53 100 69 31 42 83 67 103 88 9 96 74 49 58 51 78 12 101 37 102 25 24 31 16 20 85 55 13 0 76 92 56 76 22 65 93 33 59 94 99 61 86 82 86 11 47 37 2
run=6 seed=5 k=104 f=0
91 8 74 16 44 40 88 22 103 85 74 0 53 21 83 55 82 74 0 65 22 7 75 61 88 65 87 23 12 84 92 11 81 78 39 25 61 7 10 59 37 37 101 33 51 0 61 52 25 97 32 103 17 54 4 68 81 67 44 69 96 1 100 95 96 12 16 80 50 58 75 40 22 39 49 18 94 6 33 15 103 39 62 24 63 42 69 63 6 30 47 96 71 39 87 92 77 91 101 46 34 18 90 1 54 32 103 44 14 29
run=7 seed=6 k=104 f=0
1 20 24 9 27 94 3 27 51 18 59 67 85 53 34 51 56 20 84 4 39 103 92 46 29 43 20 100 53 72 1 68 56 55 84 23 100 14 103 30 5 82 74 77 61 36 94 14 0 96 101 42 8 67 90 88 24 82 9 18 49 62 0 82 74 91 33 90 73 79 19 82 87 69 44 45 96 67 71 11 10 103 50 98 28 32 64 11 84 17 63 12 49 64 90 73 40 60 37 42 37 62 0 20 93 35 37 79 100 76
run=8 seed=7 k=104 f=0
103 51 38 103 61 43 18 101 0 17 51 27 103 0 15 0 93 82 49 96 78 45 14 0 85 47 13 16 73 22 5 44 74 96 46 34 35 60 16 64 85 92 11 11 41 9 36 93 25 78 14 103 82 70 27 63 85 77 56 55 48 61 101 18 62 19 26 21 35 67 5 76 69 43 86 41 74 57 6 83 1 91 67 83 55 88 11 42 29 13 97 63 1 70 76 94 90 82 3 20 2 74 38 24 27 95 47 101 34 56
run=9 seed=8 k=104 f=0
5 96 0 45 103 13 29 85 7 17 31 80 60 91 31 22 91 30 33 55 89 94 75 43 12 103 46 33 14 43 67 64 100 11 60 75 1 33 54 10 47 52 36 89 16 38 61 24 70 16 74 28 87 53 53 25 98 31 103 97 60 56 57 84 0 39 62 26 74 28 13 103 39 68 21 102 83 47 66 0 39 86 6 22 22 45 98 53 65 103 84 0 10 19 66 82 58 96 65 80 102 78 3 44 18 43 50 49 0 74
run=10 seed=9 k=104 f=0
101 10 101 61 2 19 76 80 10 100 16 51 58 17 69 95 80 39 41 67 17 8 3 93 23 50 36 19 76 29 0 45 10 67 56 54 23 66 16 28 103 1 55 1 93 88 96 28 14 15 9 89 103 32 83 102 50 13 102 98 21 70 42 60 66 97 78 55 38 61 95 93 48 31 59 24 70 33 51 64 5 39 29 11 75 89 10 25 82 45 83 103 77 0 34 39 73 24 67 84 24 84 41 18 95 45 85 35 66 0
run=11 seed=10 k=104 f=0
60 32 103 68 90 41 59 70 0 80 88 13 72 47 24 89 80 14 73 44 92 16 59 99 101 36 32 51 64 4 7 23 23 42 100 9 64 55 103 55 35 40 0 79 44 50 32 86 99 47 21 40 79 85 12 83 46 29 34 82 99 47 10 67 93 103 52 62 70 28 79 76 34 96 79 51 30 3 48 17 43 77 98 74 64 35 4 1 16 47 17 101 83 13 1 29 91 29 55 70 94 65 94 91 67 60 38 24 21 95
run=12 seed=11 k=104 f=0
47 19 98 5 83 12 34 49 65 75 60 4 94 51 49 17 73 100 0 18 59 27 95 55 34 24 28 48 71 16 2 92 34 83 100 95 12 41 40 12 8 101 44 63 72 73 96 21 65 69 16 21 95 13 8 9 51 103 51 54 20 2 5 71 73 81 81 36 43 78 86 102 75 84 1 23 1 26 44 90 12 56 29 89 103 33 65 46 88 65 60 10 73 21 49 4 98 80 42 88 61 76 25 86 32 36 29 57 57 43
run=13 seed=12 k=104 f=0
103 2 98 72 20 95 93 66 32 80 56 102 0 69 88 49 0 3 28 51 22 16 20 74 62 24 3 74 2 45 36 40 19 0 41 67 102 59 4 16 88 94 21 35 11 103 37 54 8 39 92 6 99 10 57 85 32 9 70 76 43 65 100 81 12 70 44 88 31 22 71 15 14 92 26 34 98 89 32 82 49 46 89 68 103 42 63 63 55 5 58 75 88 78 81 49 102 5 33 26 58 53 14 87 93 48 17 63 77 81
run=14 seed=13 k=104 f=0
98 89 1 27 72 12 7 96 36 87 11 59 68 63 78 86 29 51 86 90 50 56 41 43 1 16 45 54 35 81 75 69 61 20 19 73 27 77 47 92 96 103 28 36 35 75 89 0 52 55 87 1 18 44 43 45 60 64 75 6 41 22 52 80 17 83 27 56 79 81 29 16 68 57 30 1 49 18 98 39 66 103 2 93 41 22 10 101 92 64 10 0 4 38 103 16 21 83 18 77 60 36 71 59 85 99 93 10 10 63
run=15 seed=14 k=104 f=0
83 20 17 42 29 18 76 18 31 4 58 88 88 54 26 66 51 74 24 45 67 48 75 55 57 70 99 56 27 35 40 71 32 23 101 103 75 47 40 83 81 80 51 2 98 65 10 67 7 60 74 65 66 94 15 4 60 88 34 12 3 50 6 39 49 103 92 91 46 95 0 8 100 27 86 67 92 46 42 1 59 52 88 20 18 53 10 39 7 92 7 0 15 34 30 98 12 79 101 37 84 61 43 21 73 78 25 28 17 103
run=16 seed=15 k=104 f=0
80 54 85 39 48 73 78 19 31 80 64 80 56 63 28 41 69 91 87 59 79 86 93 17 76 8 24 25 90 103 93 100 28 27 0 0 35 23 70 43 79 72 100 7 70 3 11 64 13 61 68 103 83 69 96 61 72 16 62 59 53 51 30 39 52 10 45 14 9 21 29 88 59 25 94 46 90 97 49 33 101 103 8 8 4 0 55 102 20 0 38 46 2 44 93 88 46 74 26 68 4 36 35 23 81 16 99 75 0 52
run=17 seed=16 k=104 f=0
76 5 53 100 83 42 48 103 0 96 68 89 57 71 28 50 13 7 11 16 103 94 3 54 86 84 84 51 99 13 76 49 1 5 44 20 36 44 58 65 92 80 87 35 23 31 85 68 26 74 18 56 61 39 13 43 68 70 75 26 31 23 26 81 29 4 87 74 24 49 39 93 103 93 21 5 5 95 38 95 67 10 35 61 72 76 33 34 19 56 103 58 81 13 84 89 17 44 47 16 98 65 7 100 84 102 101 28 62 64
run=18 seed=17 k=104 f=0
63 53 79 56 79 7 33 103 0 103 25 53 99 50 102 81 32 69 57 92 92 41 66 84 19 27 8 62 31 95 36 33 16 14 95 102 81 24 70 21 29 71 74 24 26 49 77 41 72 43 78 40 93 64 33 88 57 44 2 63 97 59 9 100 78 5 93 42 8 87 63 64 2 42 58 2 58 33 101 47 38 9 84 5 11 44 69 68 88 29 49 85 47 14 22 33 20 71 81 53 5 0 15 87 81 0 89 103 91 97
run=19 seed=18 k=104 f=0
41 94 39 55 36 62 63 67 4 67 49 29 38 101 0 87 50 103 77 35 69 103 23 18 44 69 75 29 88 56 76 93 88 95 20 11 20 60 34 33 25 13 35 25 63 85 0 97 0 88 23 60 24 31 84 69 103 59 5 45 103 79 12 35 46 31 0 44 91 82 95 62 70 63 39 68 44 51 94 99 4 78 42 95 53 99 73 57 14 90 60 28 76 9 17 87 16 99 80 6 52 25 62 80 83 6 28 49 32 22
run=20 seed=19 k=104 f=0
73 40 0 65 103 7 49 103 54 52 65 8 41 70 89 33 70 51 79 12 34 10 55 39 5 74 58 50 72 1 5 81 16 78 61 103 85 4 47 47 54 90 31 0 95 95 87 30 21 57 64 2 56 17 28 58 101 43 100 20 76 81 15 67 67 53 90 45 96 38 85 70 98 43 41 1 12 22 26 18 60 38 77 101 30 81 38 25 9 35 95 22 73 13 12 93 25 101 28 65 0 70 49 82 90 84 59 102 86 29
