run=1 seed=0 k=80 f=0
57 50 52 36 67 17 57 40 11 36 7 79 50 56 70 79 15 51 0 79 73 16 66 29 21 79 66 18 47 63 59 22 44 24 30 79 33 79 50 62 61 71 42 36 32 69 78 8 66 8 36 9 11 44 0 35 58 53 37 0 34 24 44 74 22 24 65 47 21 27 44 57 0 58 51 7 79 72 5 70 40 62 76 13 32 63 50 17 18 45 15 31 42 12 70 0 7 27 21 13 72 0 56 73 39 43 21 26 30 1
run=2 seed=1 k=80 f=0
57 50 52 36 67 17 57 40 11 36 7 79 50 56 70 79 15 51 0 79 73 16 66 29 21 79 66 18 47 63 59 22 44 24 30 79 33 79 50 62 61 71 42 36 32 69 78 8 66 8 36 9 11 44 0 35 58 53 37 0 34 24 44 74 22 24 65 47 21 27 44 57 0 58 51 7 79 72 5 70 40 62 76 13 32 63 50 17 18 45 15 31 42 12 70 0 7 27 21 13 72 0 56 73 39 43 21 26 30 1
run=3 seed=2 k=80 f=0
9 25 69 9 21 17 64 79 27 9 23 19 32 53 23 16 71 54 51 5 4 50 8 74 50 54 15 33 70 4 12 68 60 74 3 0 52 24 68 79 36 45 47 25 64 42 32 32 0 45 50 28 6 1 38 58 70 42 20 10 53 64 61 3 22 19 43 49 65 31 7 34 37 29 12 76 44 79 33 50 40 35 54 77 45 2 15 65 79 68 15 56 79 41 58 14 42 61 36 70 36 19 61 55 22 73 62 79 0 18
run=4 seed=3 k=80 f=0
21 49 52 19 38 59 0 37 4 30 48 20 9 62 27 60 17 29 27 54 16 21 24 44 33 10 32 60 74 79 16 22 13 74 10 0 41 57 56 57 8 62 79 52 6 28 54 35 0 67 43 79 65 45 53 43 76 45 74 52 14 1 1 68 71 51 77 42 22 34 62 79 40 15 13 15 0 70 66 35 66 35 27 41 39 27 47 60 79 32 47 67 66 31 78 21 0 71 0 7 33 7 9 39 25 72 48 68 79 61
run=5 seed=4 k=80 f=0
61 0 13 4 72 16 73 7 68 6 36 32 13 35 71 18 21 68 71 1 51 48 44 54 3 23 12 43 72 27 23 45 25 64 49 34 62 5 19 40 59 19 39 76 12 18 0 0 69 46 58 28 77 31 20 79 79 55 10 11 25 6 78 36 11 0 44 28 79 66 0 61 50 57 57 77 14 11 67 8 4 59 67 60 29 25 0 40 79 69 50 77 22 33 40 45 55 50 43 38 16 11 52 60 73 60 54 34 28 40
run=6 seed=5 k=80 f=0
77 48 18 50 0 34 2 8 38 40 72 53 19 78 0 32 63 17 71 47 78 51 42 53 57 69 28 76 62 79 66 0 63 64 5 45 68 11 57 46 32 25 72 25 32 23 33 0 0 41 7 14 7 11 63 39 27 0 26 35 69 43 73 73 21 61 9 66 56 2 63 15 68 2 43 40 30 39 19 36 28 30 57 44 49 70 70 51 59 59 14 57 37 46 79 56 26 6 0 49 22 14 16 79 51 21 75 4 11 76
run=7 seed=6 k=80 f=0
30 10 79 69 30 52 12 6 46 0 15 48 0 62 42 79 55 7 1 20 37 79 10 62 64 60 52 41 2 23 58 78 78 41 35 11 30 74 56 79 67 65 18 69 77 54 62 23 55 51 61 47 64 3 53 51 9 72 0 27 8 17 38 44 46 79 38 0 24 71 25 61 57 28 71 79 10 46 29 4 41 35 0 17 7 12 70 71 18 0 19 32 65 47 33 18 27 9 56 0 55 34 76 17 13 17 39 70 21 26
run=8 seed=7 k=80 f=0
55 18 59 26 45 42 32 45 38 7 34 39 55 64 42 39 42 19 49 5 24 61 7 62 26 7 52 33 17 27 66 22 6 79 13 16 9 66 34 69 58 79 26 71 58 54 19 79 47 51 10 0 73 67 28 53 36 66 61 56 22 51 53 33 68 61 27 64 37 63 6 79 1 64 72 43 56 46 18 50 74 74 8 48 79 29 23 42 16 10 0 12 0 75 22 17 1 47 3 12 47 40 68 31 59 79 26 75 79 0
run=9 seed=8 k=80 f=0
24 79 10 56 71 60 15 60 73 27 45 17 31 8 69 29 32 45 16 0 2 53 5 4 17 79 39 52 53 0 61 16 51 25 64 42 24 16 57 49 0 28 49 11 20 5 67 31 69 0 61 79 34 47 57 44 49 77 69 76 47 20 53 69 65 66 79 50 18 32 79 25 73 37 79 47 37 36 42 24 6 20 1 65 37 0 0 20 30 20 72 32 77 40 22 7 71 64 9 0 73 35 39 12 15 44 57 8 62 38
run=10 seed=9 k=80 f=0
37 0 57 0 50 57 62 19 8 31 58 0 58 40 11 10 71 79 45 79 29 11 0 9 45 79 13 79 42 79 52 65 67 53 25 76 51 33 54 47 61 34 43 50 10 74 39 25 10 38 15 57 74 22 19 70 20 34 63 73 14 42 79 34 15 38 0 25 76 31 0 35 30 59 2 68 0 61 53 37 20 45 29 56 25 50 14 77 68 46 6 48 1 71 39 44 18 17 65 72 79 26 25 7 3 68 79 61 19 32
run=11 seed=10 k=80 f=0
12 8 37 78 0 52 32 74 69 78 61 49 48 65 13 56 0 63 79 44 3 25 48 20 6 26 23 43 78 11 52 9 69 65 19 60 27 10 4 71 11 67 60 0 77 53 43 29 76 56 63 6 67 8 12 37 56 40 61 40 61 45 16 75 47 79 39 29 48 17 68 0 79 20 3 25 57 24 28 63 73 1 33 0 40 8 34 72 46 57 33 36 67 36 54 19 21 60 20 33 19 79 29 79 11 26 1 71 71 18
run=12 seed=11 k=80 f=0
15 33 42 51 30 8 72 76 68 47 64 79 41 15 74 10 17 1 0 21 25 0 34 22 54 62 12 14 45 18 77 44 66 57 55 79 19 50 49 0 14 35 17 36 49 37 47 44 11 8 15 23 0 23 61 39 79 3 60 0 63 79 79 30 33 3 55 59 79 58 25 1 61 22 8 74 37 72 67 45 21 0 24 10 63 67 9 55 31 68 40 29 60 70 7 32 5 79 53 26 65 27 26 48 29 70 0 54 45 14
run=13 seed=12 k=80 f=0
1 19 34 24 46 17 10 69 16 24 58 65 35 11 6 26 46 79 78 53 64 46 1 32 40 78 43 10 51 14 44 76 67 30 4 24 42 78 49 17 62 30 69 10 2 39 79 55 67 42 6 78 79 66 59 37 10 79 73 79 5 37 57 5 7 29 42 63 52 33 0 31 62 68 22 41 69 73 9 63 58 49 52 20 28 24 39 74 58 54 14 6 1 57 72 18 75 71 41 51 24 4 0 27 22 32 49 28 17 0
run=14 seed=13 k=80 f=0
71 62 1 14 46 19 33 16 46 68 30 26 22 55 58 16 23 58 13 74 77 70 32 64 0 23 37 16 43 48 27 65 31 5 37 1 32 70 58 13 73 63 20 8 35 54 24 52 79 49 56 0 51 63 21 10 61 63 6 12 34 27 53 42 24 10 79 8 78 77 32 24 46 65 40 66 28 23 43 49 19 70 79 54 49 0 61 67 39 79 39 0 48 3 7 40 1 30 4 37 46 57 72 70 74 8 14 41 76 79
run=15 seed=14 k=80 f=0
41 14 72 0 37 65 6 50 65 69 11 68 0 0 41 62 77 28 26 57 62 19 18 34 9 32 0 4 20 42 25 20 8 37 20 58 22 79 2 33 40 79 31 20 59 78 57 74 29 61 75 61 68 46 28 74 46 46 70 38 60 13 55 56 17 6 50 41 43 46 8 74 79 43 70 64 8 69 27 68 12 53 43 52 51 56 52 31 17 64 79 32 70 37 33 15 36 9 28 0 79 0 5 2 11 75 59 49 35 25
run=16 seed=15 k=80 f=0
46 23 79 28 73 0 63 57 67 48 0 65 64 39 46 78 72 40 53 75 71 25 21 25 12 0 21 5 7 71 66 46 34 4 11 65 46 0 21 53 4 20 0 17 50 35 43 10 53 70 23 23 40 51 57 59 79 50 43 53 58 51 35 63 79 56 73 6 1 30 70 30 59 1 79 11 67 5 0 45 0 58 13 78 47 74 79 48 11 50 40 13 10 29 59 39 37 41 32 29 29 15 42 61 18 32 18 77 67 19
run=17 seed=16 k=80 f=0
43 13 58 8 23 79 69 48 65 46 71 22 0 34 1 0 26 60 23 5 53 39 19 54 9 17 37 36 55 9 45 78 69 79 66 0 40 10 76 40 44 79 21 17 29 0 18 31 20 40 74 0 0 51 6 63 70 37 57 67 73 38 79 46 14 17 8 14 13 37 68 54 74 31 59 29 79 26 46 19 49 74 71 31 54 15 52 24 26 53 62 28 79 31 7 61 78 44 1 51 6 26 43 73 10 59 47 2 66 34
run=18 seed=17 k=80 f=0
38 77 79 58 72 10 65 79 70 31 22 2 19 57 67 67 0 0 44 54 77 42 20 31 30 0 46 29 16 55 18 6 62 74 37 3 11 68 79 26 27 67 69 74 39 30 12 52 79 33 72 16 59 19 22 4 2 41 60 59 10 26 52 79 71 53 20 15 65 33 7 37 57 41 0 54 48 47 74 55 23 40 9 76 38 42 79 63 9 34 13 61 39 28 64 48 47 24 47 14 53 25 28 9 68 2 59 61 5 49
run=19 seed=18 k=80 f=0
36 67 78 0 7 79 65 59 70 77 0 55 41 22 67 68 79 42 57 34 64 50 41 12 12 48 76 76 23 79 3 44 28 74 0 19 2 10 43 70 71 44 79 5 38 7 41 49 68 30 1 42 28 56 48 10 50 2 63 12 70 32 31 0 0 15 65 53 14 31 26 18 23 79 15 51 33 75 20 27 79 38 19 3 15 73 53 28 13 21 8 27 33 22 63 58 45 61 35 58 0 30 65 7 37 60 79 55 49 21
run=20 seed=19 k=80 f=0
5 57 67 38 79 12 32 63 11 60 79 20 14 6 6 0 57 79 18 1 47 16 79 68 38 51 18 45 59 42 3 33 31 47 39 60 40 78 46 75 72 30 20 23 14 72 7 51 22 75 74 13 38 0 68 67 0 46 21 50 40 46 29 2 0 56 40 45 50 13 8 68 64 8 24 55 25 73 6 64 67 27 74 0 37 41 0 26 18 54 79 52 69 31 26 61 25 79 71 55 11 76 8 67 18 32 49 36 16 58
