run=1 seed=0 k=90 f=0
68 32 13 22 23 25 37 12 69 1 32 67 49 83 65 76 1 54 50 55 71 67 40 38 62 54 26 84 38 54 57 82 1 49 60 59 56 16 31 89 11 3 63 89 15 60 26 75 63 30 58 43 51 84 37 41 3 86 81 25 60 45 14 62 82 35 14 7 13 74 0 17 6 16 75 88 74 21 70 50 7 77 6 14 69 81 32 11 44 19 42 42 26 86 18 40 74 34 85 33 18 8 48 25 22 67 77 0 49 0
run=2 seed=1 k=90 f=0
68 32 13 22 23 25 37 12 69 1 32 67 49 83 65 76 1 54 50 55 71 67 40 38 62 54 26 84 38 54 57 82 1 49 60 59 56 16 31 89 11 3 63 89 15 60 26 75 63 30 58 43 51 84 37 41 3 86 81 25 60 45 14 62 82 35 14 7 13 74 0 17 6 16 75 88 74 21 70 50 7 77 6 14 69 81 32 11 44 19 42 42 26 86 18 40 74 34 85 33 18 8 48 25 22 67 77 0 49 0
run=3 seed=2 k=90 f=0
53 31 11 36 81 46 82 87 21 57 13 18 9 47 52 30 70 66 59 51 62 38 88 34 56 1 80 23 36 23 3 6 25 17 41 70 22 58 0 84 43 48 78 89 11 29 0 82 1 25 44 28 42 45 0 62 87 44 35 4 63 12 10 1 16 74 7 42 19 11 24 71 20 5 76 65 6 38 24 54 30 66 71 84 89 72 63 20 75 8 78 63 40 49 51 31 45 85 68 75 58 53 58 49 15 89 77 83 0 57
run=4 seed=3 k=90 f=0
6 85 19 58 15 37 89 5 0 4 29 8 63 89 87 73 76 57 31 75 13 72 22 48 13 76 65 46 78 58 37 20 23 80 83 74 55 19 40 18 89 46 64 65 24 14 23 84 72 50 48 51 52 35 77 30 6 35 46 34 73 1 1 71 61 27 14 52 28 56 79 37 28 35 40 24 42 44 64 5 83 28 0 25 13 17 69 0 7 0 0 85 80 89 68 33 16 43 66 89 43 9 89 8 23 58 42 77 52 67
run=5 seed=4 k=90 f=0
74 49 69 28 43 0 8 33 82 65 0 81 4 7 41 24 13 52 21 14 77 75 50 9 59 88 38 9 27 14 86 56 82 53 79 39 11 47 55 2 71 59 79 16 2 44 89 61 27 77 53 89 57 36 26 39 36 5 41 18 40 37 82 23 47 24 29 5 37 66 80 70 67 11 67 12 18 88 70 56 32 19 17 72 61 40 48 65 0 4 3 24 60 84 89 18 31 50 50 45 70 22 8 28 24 72 68 64 33 61
run=6 seed=5 k=90 f=0
18 6 28 72 86 82 43 77 11 31 45 38 0 18 60 80 39 64 68 26 44 25 9 45 21 37 70 73 29 53 37 57 4 33 81 52 20 12 89 25 23 17 67 73 20 65 7 36 46 85 67 45 81 55 66 0 54 64 53 49 44 51 30 10 13 87 27 40 9 61 6 86 89 16 89 74 60 58 73 89 0 48 59 84 83 21 0 9 2 62 42 0 63 72 32 27 46 80 70 41 50 81 5 16 56 52 36 15 0 20
run=7 seed=6 k=90 f=0
81 8 52 21 5 51 77 23 0 17 11 73 17 48 43 56 30 34 37 18 81 48 38 12 23 71 39 19 5 32 55 30 2 67 41 71 36 44 8 22 65 41 63 42 38 86 5 88 28 89 38 85 24 29 30 25 0 46 66 18 11 6 79 61 56 24 25 46 76 89 75 60 74 44 56 23 58 64 6 1 31 61 82 63 84 57 11 89 12 16 45 73 53 72 0 8 74 80 82 15 18 89 50 52 61 69 61 43 89 38
run=8 seed=7 k=90 f=0
27 73 26 89 55 88 8 35 56 43 6 1 62 20 60 87 29 56 80 25 41 0 20 20 35 80 70 0 67 49 63 47 50 30 6 7 27 54 43 15 14 19 89 0 38 18 74 70 35 14 14 35 82 67 67 56 87 70 0 57 38 31 57 44 57 0 36 11 82 22 72 88 13 7 61 51 73 76 80 22 88 1 50 28 0 39 60 80 48 12 64 81 18 75 30 7 30 72 85 63 17 41 76 51 47 89 44 84 45 40
run=9 seed=8 k=90 f=0
0 89 12 89 81 74 48 40 35 63 53 21 78 40 82 89 59 29 43 16 42 88 72 23 7 29 74 17 89 16 43 25 59 69 32 16 13 25 65 12 54 46 79 37 35 60 28 85 59 39 55 22 49 21 0 62 50 34 39 34 40 44 46 51 33 64 8 46 48 81 20 88 79 12 0 7 73 53 82 4 49 53 67 60 88 0 88 15 3 35 26 9 87 3 73 35 26 66 77 20 12 6 68 1 70 57 68 53 64 77
run=10 seed=9 k=90 f=0
42 41 25 0 65 10 18 40 67 27 71 43 88 49 37 60 82 0 49 27 44 25 48 73 39 60 54 29 21 79 11 78 32 85 2 17 80 71 66 44 83 87 49 24 0 32 10 61 49 71 5 34 72 43 19 35 1 0 75 12 74 47 18 38 5 9 89 46 89 0 41 18 78 34 62 25 12 52 28 61 36 13 57 64 13 81 70 66 80 47 76 3 26 16 57 34 20 89 30 69 76 68 54 57 52 79 62 89 9 53
run=11 seed=10 k=90 f=0
82 58 82 35 54 17 25 29 67 12 83 45 21 63 28 34 60 88 62 88 51 64 25 31 52 73 75 66 58 50 27 9 54 55 49 45 45 55 36 35 85 22 17 24 10 1 77 0 0 50 39 89 83 89 41 7 34 87 80 32 65 42 41 67 8 8 74 51 25 89 76 60 5 15 16 50 0 13 17 82 1 13 35 80 30 14 74 89 60 89 19 38 75 65 68 83 75 22 72 61 1 33 6 8 3 18 11 43 72 44
run=12 seed=11 k=90 f=0
80 14 89 22 89 67 29 61 56 28 70 22 41 14 78 27 0 74 73 16 20 9 37 37 6 35 52 34 78 53 86 6 49 80 49 59 0 14 18 9 27 14 60 0 51 48 18 7 32 53 57 67 27 64 5 25 89 66 87 0 57 88 77 17 88 35 24 82 38 68 4 36 62 81 89 82 83 13 17 22 8 71 42 87 63 29 58 8 10 75 34 25 49 67 47 76 5 42 33 44 73 38 42 26 72 76 23 65 53 1
run=13 seed=12 k=90 f=0
0 14 13 51 21 76 61 45 67 73 87 11 7 85 58 52 17 14 47 11 52 10 10 89 78 24 21 89 62 23 0 0 21 71 38 69 0 68 7 26 60 0 49 62 62 18 31 55 54 84 83 8 6 42 32 77 24 34 84 49 20 4 59 42 30 63 36 58 65 78 73 31 85 38 54 41 56 44 0 71 56 34 81 85 0 26 79 71 76 65 16 78 89 44 89 34 54 89 72 26 23 39 39 50 45 49 15 28 69 5
run=14 seed=13 k=90 f=0
32 33 8 33 23 64 3 31 89 5 0 51 80 54 49 24 0 39 38 24 47 39 43 54 67 64 69 84 14 88 21 8 19 83 18 0 19 53 25 70 70 59 89 89 44 71 49 82 2 76 35 89 3 25 37 63 71 86 7 4 21 15 15 5 10 30 73 80 79 87 31 43 50 2 18 56 45 58 53 9 66 42 76 33 47 73 32 21 17 11 78 62 10 62 17 89 55 0 80 7 10 74 41 25 40 65 40 1 76 56
run=15 seed=14 k=90 f=0
12 32 32 71 43 33 47 60 8 69 14 32 88 88 84 63 17 76 75 66 81 84 78 0 30 0 30 4 22 3 13 0 24 65 10 57 65 38 36 35 6 68 69 89 23 26 75 65 75 23 15 24 51 15 16 20 21 47 4 8 26 18 56 8 17 8 44 19 80 64 44 42 51 45 38 52 0 70 89 70 1 55 89 89 69 40 49 71 41 29 86 51 0 47 26 58 48 79 79 4 4 55 47 67 41 58 11 78 39 89
run=16 seed=15 k=90 f=0
82 59 59 37 26 10 12 7 45 88 89 46 72 54 10 13 89 20 45 83 34 57 59 56 68 80 60 39 70 25 12 0 73 84 61 17 40 64 89 42 60 83 68 63 80 30 75 36 47 0 57 20 5 51 71 49 24 45 6 0 22 89 36 49 0 52 27 54 79 77 21 34 41 53 39 12 10 52 26 0 39 22 89 60 34 26 33 42 89 65 67 19 9 0 51 89 21 5 15 0 44 3 33 51 54 47 80 31 77 68
run=17 seed=16 k=90 f=0
9 35 82 23 39 53 37 53 33 75 6 57 16 54 2 4 0 73 59 67 54 44 88 27 28 65 58 43 12 65 58 83 81 60 61 34 66 58 50 80 8 22 18 89 50 89 79 67 24 52 35 89 85 7 26 12 84 47 67 46 86 33 56 45 42 31 1 48 46 74 80 13 41 51 16 89 5 19 36 30 65 14 6 1 30 26 16 1 43 31 15 26 6 47 0 73 23 56 38 62 72 3 79 23 74 68 39 89 79 72
run=18 seed=17 k=90 f=0
0 76 89 16 19 10 77 82 8 47 46 17 59 76 75 68 13 57 43 87 72 11 31 67 53 33 52 10 78 0 37 75 76 37 40 60 0 77 7 52 21 70 15 48 88 69 20 27 37 24 5 28 1 2 34 44 19 61 45 60 32 80 5 18 34 32 85 23 5 67 13 40 36 11 30 28 87 14 75 81 89 42 48 49 0 43 67 14 59 88 51 61 9 50 81 86 27 80 39 23 84 54 26 21 0 57 67 62 89 51
run=19 seed=18 k=90 f=0
89 81 54 11 75 48 72 76 0 27 55 61 62 36 22 53 72 0 41 50 84 25 41 6 18 86 66 30 22 44 45 24 31 50 80 67 2 11 16 64 61 69 35 23 9 18 83 79 72 3 78 20 52 37 2 1 27 1 33 1 36 37 86 71 0 69 57 89 46 84 34 41 11 28 5 8 10 44 26 52 74 77 68 52 89 40 89 7 45 11 50 34 54 37 25 46 18 30 88 63 12 58 31 56 7 59 82 89 77 62
run=20 seed=19 k=90 f=0
28 30 76 56 33 11 71 76 2 4 7 40 32 66 36 15 8 22 89 60 22 24 1 81 58 65 34 0 23 84 11 83 0 11 27 74 71 79 35 81 13 52 89 63 54 38 60 56 24 5 54 49 68 30 89 36 11 23 66 89 82 75 45 49 23 3 41 50 40 17 4 20 6 35 46 68 58 50 35 64 8 16 82 70 58 0 72 69 45 16 46 67 88 61 81 41 44 25 31 86 47 4 62 16 88 19 50 72 71 89
