run=1 seed=0 k=95 f=0
78 93 24 43 48 48 31 84 59 62 55 47 0 39 2 16 47 56 27 67 86 48 27 69 7 52 92 84 62 22 50 20 17 63 4 61 33 91 51 94 73 33 41 39 59 0 39 5 77 77 73 14 8 8 89 1 52 81 75 16 54 85 59 25 42 12 92 29 80 37 57 8 0 41 13 66 24 24 38 63 0 15 24 78 9 29 33 36 69 71 85 75 61 43 94 17 11 81 6 66 20 80 92 66 20 73 26 35 90 94
run=2 seed=1 k=95 f=0
78 93 24 43 48 48 31 84 59 62 55 47 0 39 2 16 47 56 27 67 86 48 27 69 7 52 92 84 62 22 50 20 17 63 4 61 33 91 51 94 73 33 41 39 59 0 39 5 77 77 73 14 8 8 89 1 52 81 75 16 54 85 59 25 42 12 92 29 80 37 57 8 0 41 13 66 24 24 38 63 0 15 24 78 9 29 33 36 69 71 85 75 61 43 94 17 11 81 6 66 20 80 92 66 20 73 26 35 90 94
run=3 seed=2 k=95 f=0
59 93 33 17 38 52 94 90 85 77 64 69 23 88 92 75 9 35 8 72 2 20 21 85 62 51 42 85 11 35 33 14 0 68 48 94 92 84 81 17 72 25 9 68 20 45 11 29 61 41 39 59 72 26 65 51 74 33 68 85 91 4 0 62 40 46 17 56 31 20 31 3 45 55 76 65 2 24 81 74 35 63 55 1 89 93 94 30 77 82 47 29 35 14 56 51 65 8 43 10 88 3 52 38 24 11 5 42 94 0
run=4 seed=3 k=95 f=0
25 29 89 74 79 18 16 77 82 64 68 84 54 49 67 36 21 55 54 41 25 9 14 7 5 32 88 48 52 47 39 12 45 59 84 34 87 63 68 54 28 38 52 0 3 26 34 75 94 23 29 41 61 41 23 67 18 29 62 72 14 12 46 65 13 37 87 57 11 59 20 32 93 75 92 39 2 62 90 76 8 0 71 94 48 15 31 78 9 0 92 3 9 44 80 1 57 19 61 80 76 83 22 73 7 93 73 18 70 50
run=5 seed=4 k=95 f=0
89 0 73 55 39 32 45 53 25 0 30 34 4 14 28 94 54 56 54 72 63 23 23 82 85 93 59 84 75 92 20 43 16 87 6 7 24 69 62 67 71 3 80 24 29 6 75 67 42 9 52 77 92 17 71 37 94 70 1 86 28 76 32 93 94 39 44 89 27 0 11 81 11 69 66 38 88 37 15 94 48 64 55 15 85 66 47 20 82 10 78 14 80 14 25 31 67 0 45 0 11 60 58 38 41 62 56 47 48 34
run=6 seed=5 k=95 f=0
20 0 23 32 38 4 38 25 58 46 36 13 35 58 55 53 56 66 57 79 24 14 66 13 44 92 50 53 92 82 16 18 36 52 64 69 78 87 0 35 83 73 48 85 30 7 67 78 71 65 57 0 80 83 13 23 44 90 27 29 84 40 11 29 29 93 48 41 94 62 51 69 94 13 45 75 22 30 20 44 45 14 89 39 92 84 78 74 46 32 9 89 53 63 22 6 62 0 4 74 60 91 50 85 6 71 27 77 2 74
run=7 seed=6 k=95 f=0
69 75 41 60 53 33 7 18 3 33 79 43 80 14 53 94 38 12 11 84 86 39 0 61 80 13 65 19 64 0 37 11 52 48 6 94 41 94 77 49 36 32 85 20 62 26 64 43 14 0 34 93 14 83 79 93 72 46 88 53 94 48 11 76 0 18 86 46 71 6 67 31 38 86 88 27 61 29 72 86 17 94 2 83 88 92 27 57 32 57 47 53 27 62 58 51 49 20 10 5 33 23 23 17 66 44 1 8 59 73
run=8 seed=7 k=95 f=0
39 39 43 28 43 15 6 0 85 28 40 36 34 64 80 22 57 2 94 77 63 70 31 64 5 62 56 67 17 79 78 19 24 20 50 8 93 54 47 0 82 25 64 87 88 48 60 53 16 52 81 94 31 36 5 92 70 65 45 65 43 33 84 92 33 1 78 65 84 89 0 10 58 72 13 73 73 71 75 11 28 73 57 56 40 52 37 91 12 51 61 31 25 45 20 7 0 3 87 49 47 33 6 20 30 18 86 23 94 94
run=9 seed=8 k=95 f=0
36 68 22 11 37 80 94 89 2 90 76 66 46 73 49 14 17 49 68 47 40 61 77 14 5 32 14 77 45 25 58 62 55 18 32 88 85 70 77 84 24 56 88 73 13 52 38 5 1 58 5 1 30 84 55 44 20 87 92 94 79 0 49 91 48 78 28 81 43 31 9 23 63 86 7 39 10 21 40 94 0 42 0 9 84 23 60 90 75 71 17 31 10 58 62 30 36 91 17 94 5 81 36 67 25 21 92 8 30 67
run=10 seed=9 k=95 f=0
83 20 16 0 80 52 80 67 37 12 86 93 44 22 93 45 80 90 62 29 70 58 94 5 64 59 78 68 79 4 34 59 23 9 28 94 60 52 32 88 47 34 64 36 86 94 30 43 4 34 28 73 51 43 1 14 34 72 57 12 60 18 38 30 78 1 70 11 39 20 14 2 0 78 49 55 61 12 3 11 73 86 7 52 38 64 48 16 25 72 8 20 94 22 88 81 46 51 25 56 26 91 44 21 55 94 72 81 26 72
run=11 seed=10 k=95 f=0
87 38 29 62 41 33 56 44 52 87 87 68 63 12 45 11 27 93 0 93 28 94 20 80 36 71 22 58 94 63 90 79 49 8 34 61 50 23 42 7 9 8 2 68 8 18 76 23 3 15 74 63 63 88 1 70 14 0 45 47 90 60 70 2 73 37 14 68 50 5 17 3 28 52 26 55 74 55 59 83 21 38 47 82 92 12 18 1 80 0 30 35 78 87 80 42 30 11 55 44 25 84 38 91 41 25 33 17 82 0
run=12 seed=11 k=95 f=0
23 88 48 15 81 14 53 29 85 15 12 6 79 34 72 31 66 74 63 22 28 87 89 31 41 59 60 58 19 64 49 36 1 69 52 40 13 24 71 0 46 73 6 91 21 77 22 84 50 7 0 87 72 39 46 16 94 58 17 60 92 38 24 66 94 56 55 7 61 32 57 51 49 19 44 88 75 67 79 94 52 31 40 26 19 46 28 86 92 0 80 94 4 42 11 33 68 66 82 9 46 33 39 35 42 8 68 78 0 0
run=13 seed=12 k=95 f=0
84 29 59 2 61 41 38 0 42 70 13 43 37 4 45 94 50 16 47 5 7 45 85 56 22 32 69 86 5 87 8 90 4 8 19 13 0 29 94 42 26 76 54 63 79 64 79 77 67 82 80 78 92 72 35 15 58 6 32 68 14 0 74 89 35 23 23 76 28 53 4 27 29 35 31 18 55 37 65 1 0 13 66 30 61 26 10 63 91 25 73 56 90 75 86 50 41 51 51 48 23 61 93 92 34 47 11 72 57 23
run=14 seed=13 k=95 f=0
5 89 14 63 46 17 80 93 30 31 83 54 24 69 33 48 7 84 90 11 12 58 57 69 15 72 50 81 39 45 44 0 28 35 51 37 0 45 12 22 22 7 50 60 16 6 67 78 87 3 93 1 31 24 7 73 77 79 84 21 68 93 28 1 0 40 51 56 39 75 50 65 33 3 19 58 88 22 37 94 44 40 0 91 31 1 76 71 91 0 66 74 66 55 83 7 35 83 63 72 63 13 30 66 17 59 16 26 89 49
run=15 seed=14 k=95 f=0
52 36 32 48 78 78 73 16 77 42 70 42 65 93 41 75 72 23 46 36 0 94 9 38 55 5 91 28 20 34 69 63 29 62 87 20 23 6 5 34 14 50 84 62 2 27 43 91 30 94 73 5 91 13 65 78 87 82 44 1 36 33 64 68 73 59 11 0 25 78 59 52 86 60 82 37 56 0 27 41 67 57 16 28 94 55 14 81 67 0 87 7 40 52 26 16 58 18 63 44 31 10 92 94 21 48 77 89 18 88
run=16 seed=15 k=95 f=0
93 25 0 23 46 70 61 71 8 11 0 29 82 29 14 25 60 40 24 48 90 33 3 51 35 36 38 75 57 88 5 58 15 4 0 60 75 94 37 83 45 65 12 4 94 83 51 32 28 79 12 22 85 94 62 69 49 90 11 79 5 86 79 62 8 31 79 30 55 18 56 94 55 48 25 74 92 47 43 13 52 55 54 39 65 43 67 73 67 19 1 16 64 6 91 19 61 75 47 66 89 42 94 30 52 37 38 83 16 43
run=17 seed=16 k=95 f=0
59 8 2 71 26 33 62 68 38 75 18 94 28 88 48 87 16 79 41 5 22 40 77 23 39 94 33 91 38 76 60 58 85 30 82 74 56 48 28 94 0 30 34 16 42 50 91 52 11 35 74 10 77 79 67 25 37 2 59 22 79 0 52 70 65 81 7 27 1 53 22 92 46 54 1 90 53 94 29 46 4 20 52 11 34 46 37 8 56 55 13 82 1 93 80 63 80 86 86 68 46 13 60 70 67 18 84 0 10 11
run=18 seed=17 k=95 f=0
23 32 30 42 89 48 72 16 77 17 70 12 49 51 70 62 27 70 61 45 12 1 18 39 0 85 83 24 44 24 72 27 10 81 57 1 35 66 16 11 81 87 21 55 0 35 59 30 27 54 80 66 79 12 7 65 75 49 42 60 67 17 92 78 70 60 94 55 32 50 55 63 86 80 50 31 75 43 73 84 75 4 59 30 41 68 2 25 62 42 88 7 4 85 8 94 51 21 77 34 38 94 3 81 35 40 17 9 9 93
run=19 seed=18 k=95 f=0
68 85 45 61 5 8 91 72 30 72 26 66 67 63 2 44 37 1 0 67 19 80 14 60 58 24 10 19 94 57 1 58 51 0 12 15 33 76 83 2 64 14 30 26 74 19 65 40 12 35 37 31 62 52 38 25 2 22 48 1 50 17 94 76 23 54 94 2 22 73 55 87 35 52 37 6 44 79 75 80 59 73 46 28 92 21 54 29 83 7 30 49 94 42 43 85 53 94 86 88 57 43 45 86 62 93 24 35 6 9
run=20 seed=19 k=95 f=0
59 46 61 17 57 75 8 20 3 49 37 85 52 86 10 90 86 83 81 13 72 1 40 22 52 71 45 67 0 12 8 85 89 33 15 68 61 93 27 61 47 31 61 0 0 66 90 37 70 0 23 42 38 54 28 76 37 29 22 16 22 28 75 63 14 11 50 74 6 75 87 29 10 69 49 61 75 43 0 24 53 26 82 47 34 40 33 89 81 56 94 58 82 28 7 1 32 92 94 19 72 25 67 69 49 93 15 17 64 41
