run=1 seed=0 k=78 f=0
77 40 12 67 27 47 52 26 21 9 68 29 53 62 24 39 66 1 0 37 37 0 59 70 72 77 2 1 41 36 53 54 8 17 56 40 60 20 14 4 75 20 4 63 77 7 61 21 30 4 16 16 60 40 50 73 69 19 11 75 0 56 47 38 52 46 32 73 76 57 64 63 15 77 77 45 35 52 33 23 68 47 11 49 7 0 44 24 58 12 25 44 2 11 34 77 30 0 5 26 35 46 62 26 9 69 40 64 6 31
run=2 seed=1 k=78 f=0
77 40 12 67 27 47 52 26 21 9 68 29 53 62 24 39 66 1 0 37 37 0 59 70 72 77 2 1 41 36 53 54 8 17 56 40 60 20 14 4 75 20 4 63 77 7 61 21 30 4 16 16 60 40 50 73 69 19 11 75 0 56 47 38 52 46 32 73 76 57 64 63 15 77 77 45 35 52 33 23 68 47 11 49 7 0 44 24 58 12 25 44 2 11 34 77 30 0 5 26 35 46 62 26 9 69 40 64 6 31
run=3 seed=2 k=78 f=0
25 0 28 69 31 42 5 67 9 23 54 58 77 43 76 45 21 0 15 60 43 43 11 70 74 57 3 69 76 0 60 45 51 77 36 77 24 57 45 76 28 36 66 8 40 23 60 33 17 44 28 10 76 35 51 32 9 31 41 16 11 77 0 21 5 52 60 75 66 0 71 18 66 6 14 54 0 38 62 28 32 0 24 48 37 41 57 20 16 72 65 32 33 67 21 1 12 40 25 17 28 20 6 50 44 17 48 51 54 50
run=4 seed=3 k=78 f=0
10 37 68 0 71 31 20 16 44 53 48 0 0 38 18 15 38 77 62 30 47 42 31 0 46 30 10 14 42 77 76 74 71 72 45 41 77 68 77 68 11 34 28 56 47 35 4 49 50 41 74 28 20 51 7 50 58 76 52 9 49 6 22 13 25 7 19 54 0 68 37 1 36 61 26 46 77 27 60 55 31 77 0 23 56 61 19 26 59 11 4 62 21 40 18 13 67 23 66 65 13 59 54 8 3 62 29 22 0 11
run=5 seed=4 k=78 f=0
1 52 33 0 4 23 28 12 68 33 22 70 65 15 56 6 10 74 77 39 46 45 23 46 77 10 64 31 0 54 0 48 35 37 77 54 37 29 41 0 26 28 61 61 69 60 4 68 55 65 35 24 12 51 46 10 2 42 47 59 5 40 56 4 16 58 10 7 68 21 71 77 50 14 74 49 52 18 33 17 31 76 23 14 0 77 39 25 42 67 64 32 12 74 9 20 40 25 38 28 72 19 47 62 49 59 44 76 68 17
run=6 seed=5 k=78 f=0
42 28 65 8 6 34 34 28 19 50 39 16 18 71 1 59 70 50 66 5 33 77 45 0 77 40 23 10 77 6 1 74 56 69 63 20 39 29 31 39 38 58 52 27 44 0 14 12 77 16 46 27 15 25 20 62 60 1 32 25 9 66 25 22 47 74 77 44 0 61 56 54 7 23 51 73 14 70 53 48 52 77 66 33 24 37 77 66 49 45 3 63 50 9 12 0 73 30 69 16 8 22 0 8 18 56 68 36 37 57
run=7 seed=6 k=78 f=0
45 49 63 27 54 11 38 33 77 69 15 37 53 0 41 29 58 70 17 23 23 51 43 76 77 53 50 21 28 42 58 41 54 59 76 29 68 19 70 50 6 5 66 22 10 8 21 64 61 11 67 39 26 71 45 27 0 0 11 77 72 41 68 33 40 37 0 56 24 2 33 70 59 19 66 24 15 36 23 65 11 18 74 21 76 17 6 44 2 75 59 0 77 30 47 9 37 35 58 7 4 12 49 30 45 32 42 0 51 46
run=8 seed=7 k=78 f=0
53 56 23 34 12 46 28 11 0 64 77 18 46 42 67 3 0 77 17 51 73 35 24 25 45 53 4 39 48 53 3 28 71 48 58 8 11 35 77 9 58 27 70 38 32 69 4 62 18 5 12 18 64 14 0 13 0 34 39 72 40 57 76 6 35 40 0 17 77 30 25 65 29 50 21 1 34 21 53 28 65 76 47 8 70 37 48 20 43 43 42 41 26 65 51 56 21 9 0 12 39 61 60 70 66 70 77 75 67 60
run=9 seed=8 k=78 f=0
68 57 73 34 51 23 28 18 53 18 32 77 28 40 5 75 37 13 14 38 45 38 15 50 61 22 13 41 43 72 77 75 59 77 1 77 39 59 0 76 54 11 46 31 3 66 57 6 68 50 36 11 36 10 26 51 19 50 55 23 34 64 24 73 34 54 40 26 62 62 21 60 54 22 46 72 32 19 7 19 49 43 15 56 43 15 46 64 60 24 27 6 10 77 8 0 32 15 64 2 68 1 1 68 65 69 50 9 42 0
run=10 seed=9 k=78 f=0
34 37 32 65 3 41 12 67 73 74 77 29 28 15 57 57 16 28 26 56 41 30 24 73 77 44 35 49 59 54 0 1 64 59 57 15 35 9 77 0 50 0 52 48 70 37 4 55 0 77 48 22 10 24 44 65 18 40 32 72 46 13 64 20 0 4 7 27 66 5 35 14 69 37 19 20 37 21 50 77 54 17 59 17 59 13 9 68 0 43 43 45 62 53 67 77 15 8 9 0 18 74 38 72 34 29 43 25 9 51
run=11 seed=10 k=78 f=0
30 15 62 20 77 43 5 47 9 55 0 4 70 10 37 25 64 4 36 41 56 12 8 11 34 77 15 44 74 21 26 24 54 26 16 0 77 61 48 48 17 61 62 77 70 35 54 63 0 12 34 71 3 43 22 1 39 44 21 42 37 37 74 70 70 3 20 57 29 65 29 73 48 71 77 57 2 68 0 8 23 0 35 13 42 17 39 46 51 70 8 64 30 20 77 51 77 29 31 14 73 39 52 56 32 62 12 57 59 70
run=12 seed=11 k=78 f=0
40 39 46 61 56 32 6 69 33 30 8 14 7 76 77 45 77 24 26 64 27 14 70 0 61 27 14 65 41 0 3 1 18 75 24 9 0 60 62 59 52 75 50 66 28 41 28 57 41 36 77 1 71 53 8 55 49 53 7 50 45 73 21 7 77 37 48 77 68 21 68 24 13 56 59 45 41 77 38 32 72 70 16 65 16 58 15 65 0 36 34 49 15 72 0 32 76 11 23 4 63 45 32 47 9 48 23 22 30 20
run=13 seed=12 k=78 f=0
10 8 16 45 25 64 39 35 68 1 11 38 1 76 37 76 26 32 28 41 55 65 18 48 35 62 25 77 48 43 44 60 38 57 69 1 76 59 53 58 60 26 0 57 18 21 74 77 68 24 28 32 33 9 38 33 33 63 41 0 77 4 53 13 69 44 19 6 9 23 16 75 43 65 2 77 19 69 10 3 64 77 67 9 7 70 46 63 1 52 44 50 12 22 34 50 24 54 59 25 29 17 17 77 37 53 41 60 0 30
run=14 seed=13 k=78 f=0
15 15 0 20 7 51 26 75 31 66 6 50 53 44 28 28 45 21 9 23 32 51 14 65 77 38 37 50 34 22 24 52 33 70 27 24 1 27 54 72 70 69 77 58 34 43 35 42 76 63 23 55 65 7 20 59 45 53 32 12 18 11 62 4 0 59 77 68 1 65 47 0 0 64 63 30 14 47 22 65 74 77 0 0 60 4 38 74 49 11 38 16 17 66 17 37 72 12 42 68 45 2 59 7 4 77 8 41 37 57
run=15 seed=14 k=78 f=0
37 18 8 36 25 24 47 30 25 58 4 0 38 69 63 64 13 55 53 67 5 54 77 14 52 17 20 38 72 67 28 50 61 21 52 0 77 21 27 5 34 48 62 7 75 61 11 77 0 28 53 43 44 69 12 0 49 22 69 34 54 0 0 68 70 26 45 14 19 42 61 35 18 10 41 6 77 71 35 63 65 53 54 11 47 23 30 63 77 35 18 74 58 68 77 12 9 44 19 29 39 76 59 60 73 0 30 46 43 0
run=16 seed=15 k=78 f=0
23 62 15 69 55 7 38 72 33 18 7 26 59 34 36 16 19 29 43 77 20 47 43 63 52 25 37 47 54 34 0 46 72 29 77 14 9 25 59 50 67 0 54 0 20 0 65 35 16 3 39 25 34 77 42 23 77 9 72 67 72 46 27 18 28 53 53 20 1 48 9 66 59 37 16 21 10 40 0 32 34 43 8 17 53 13 60 28 60 56 3 58 34 68 75 46 75 7 42 77 72 10 77 35 66 70 0 39 67 52
run=17 seed=16 k=78 f=0
22 66 44 0 71 40 38 2 51 25 35 31 49 59 65 77 0 0 16 40 75 68 49 59 67 13 56 58 52 58 40 65 7 8 43 66 69 61 1 64 43 23 24 33 15 18 29 50 31 54 4 14 77 77 37 19 20 19 73 40 60 64 8 27 29 35 74 10 77 77 70 26 55 40 44 58 5 13 38 24 47 33 2 6 22 18 32 28 24 76 36 74 0 9 10 40 31 70 14 44 58 50 70 56 70 50 77 10 27 60
run=18 seed=17 k=78 f=0
38 1 50 59 7 10 65 47 70 77 60 7 33 48 67 74 77 17 32 54 55 54 44 24 22 77 29 14 32 0 77 17 77 15 70 47 77 51 13 23 20 77 61 3 55 26 74 55 60 29 21 1 41 3 19 45 41 0 52 64 47 43 67 35 62 64 68 0 32 26 7 38 61 30 35 56 56 29 33 50 71 10 26 56 76 49 42 75 20 10 0 7 14 2 40 69 68 33 18 51 8 23 42 9 59 63 25 36 12 42
run=19 seed=18 k=78 f=0
61 38 15 60 0 36 20 5 0 20 62 77 52 49 3 77 29 69 67 10 8 56 49 27 66 44 68 24 9 25 6 20 76 66 43 45 1 44 13 4 58 38 77 52 69 77 42 18 61 74 0 58 14 8 9 48 25 57 73 18 5 13 9 1 0 58 7 39 34 54 28 47 41 61 14 40 67 0 38 51 32 25 55 60 7 64 14 75 34 0 22 31 35 69 73 14 62 70 69 30 2 33 48 21 70 77 77 16 18 51
run=20 seed=19 k=78 f=0
8 64 61 45 21 24 31 60 27 56 34 21 68 2 24 1 70 14 58 55 31 77 63 46 48 15 72 28 69 27 11 1 0 22 16 38 40 60 27 25 9 53 50 31 77 70 41 77 17 73 38 76 36 53 70 35 0 28 55 45 59 62 11 54 19 22 68 18 34 14 33 41 41 24 14 1 64 20 37 57 64 36 0 76 42 58 43 14 0 67 50 48 76 9 77 51 45 77 0 56 70 5 9 5 2 50 26 20 77 8
