run=1 seed=0 k=94 f=0
42 75 62 2 17 73 48 39 44 59 30 17 44 45 12 37 22 21 18 65 51 84 65 85 55 38 18 93 58 52 61 56 59 69 39 2 32 56 78 78 45 90 27 13 42 9 60 28 0 78 92 88 1 29 82 21 22 82 33 45 50 0 46 36 93 4 50 25 27 87 36 5 78 10 0 70 4 68 1 14 32 53 53 7 27 2 51 63 20 12 10 75 86 68 53 14 4 82 66 89 39 34 81 11 31 68 76 47 27 90
run=2 seed=1 k=94 f=0
42 75 62 2 17 73 48 39 44 59 30 17 44 45 12 37 22 21 18 65 51 84 65 85 55 38 18 93 58 52 61 56 59 69 39 2 32 56 78 78 45 90 27 13 42 9 60 28 0 78 92 88 1 29 82 21 22 82 33 45 50 0 46 36 93 4 50 25 27 87 36 5 78 10 0 70 4 68 1 14 32 53 53 7 27 2 51 63 20 12 10 75 86 68 53 14 4 82 66 89 39 34 81 11 31 68 76 47 27 90
run=3 seed=2 k=94 f=0
17 27 80 11 57 73 0 5 58 19 65 41 80 73 55 78 59 41 5 84 58 12 52 61 5 64 0 0 82 25 59 24 51 30 49 36 52 64 45 13 23 59 36 0 76 89 40 91 42 35 7 84 88 50 34 66 25 71 93 51 2 8 43 81 82 15 26 34 27 76 70 74 66 15 79 88 40 57 26 91 11 43 51 70 53 18 67 68 21 50 64 47 92 34 30 0 16 3 33 32 6 93 92 0 35 8 12 85 87 71
run=4 seed=3 k=94 f=0
48 17 6 90 21 70 0 65 23 48 13 62 10 34 58 84 10 8 6 87 47 84 92 80 16 39 29 50 28 6 82 4 16 18 0 57 0 18 36 18 90 72 55 27 62 31 45 41 60 28 56 60 2 73 88 24 84 44 32 91 34 20 25 61 65 67 93 59 72 84 78 70 36 51 93 0 82 76 71 93 12 66 32 48 30 44 42 23 81 53 72 78 28 39 22 93 73 14 39 1 78 34 19 53 65 8 49 42 61 52
run=5 seed=4 k=94 f=0
19 47 8 92 14 79 53 83 48 77 58 64 11 60 20 14 57 0 62 25 43 5 24 9 73 40 78 82 17 92 38 65 46 44 31 93 28 20 82 17 14 35 65 86 2 75 32 33 92 72 87 51 73 62 87 25 73 35 64 54 22 65 46 56 0 59 70 13 68 10 47 93 41 53 21 69 6 28 8 74 32 29 93 74 56 78 40 67 82 68 41 39 50 2 22 36 9 57 46 59 20 78 2 82 91 24 81 60 93 0
run=6 seed=5 k=94 f=0
93 87 64 19 80 0 27 83 11 36 92 88 50 48 50 88 10 38 18 76 60 13 1 81 33 78 15 47 0 48 0 49 46 74 67 35 90 25 4 31 41 56 78 73 55 43 4 57 62 8 19 3 64 91 9 93 14 54 62 68 45 19 42 89 67 42 26 25 16 61 92 4 64 51 21 73 56 15 19 39 51 35 18 22 56 10 92 34 0 31 84 61 72 0 27 83 9 86 38 6 50 63 77 49 79 25 36 72 79 55
run=7 seed=6 k=94 f=0
91 61 57 16 14 84 62 77 50 24 11 5 5 70 33 1 19 31 44 20 61 70 74 66 57 68 68 32 46 51 47 0 24 46 58 0 50 73 18 11 6 32 41 39 20 85 3 56 57 79 78 49 89 93 42 89 83 30 63 85 60 16 84 74 77 12 9 34 83 72 85 92 79 37 38 64 36 49 45 66 55 6 71 23 50 28 92 41 41 18 33 58 34 92 93 17 80 75 93 69 16 27 67 3 0 6 43 10 12 26
run=8 seed=7 k=94 f=0
89 93 0 79 16 2 17 63 13 57 43 39 53 85 23 68 71 12 69 2 61 56 82 34 7 66 91 58 92 75 27 50 18 70 22 9 8 16 52 6 28 12 33 26 43 29 37 43 25 33 67 47 83 7 1 8 42 30 15 4 84 93 53 52 78 21 58 73 93 32 59 38 77 49 84 21 31 48 90 13 63 41 74 69 38 77 78 84 51 90 0 21 33 72 87 1 0 59 26 37 63 46 54 59 41 66 93 80 20 90
run=9 seed=8 k=94 f=0
14 51 85 47 67 59 80 51 11 53 83 0 76 89 39 60 93 8 0 76 87 7 16 49 40 25 92 12 17 36 23 43 69 41 37 42 35 59 21 46 55 44 32 33 73 61 69 26 85 16 42 0 93 92 6 89 24 78 53 27 59 74 7 17 86 64 92 20 80 49 93 29 82 26 24 12 61 53 32 86 73 72 82 10 28 89 18 56 3 76 64 1 14 3 36 50 1 55 93 1 58 16 68 25 68 30 68 61 70 33
run=10 seed=9 k=94 f=0
71 42 4 82 87 79 76 35 17 16 80 62 73 72 91 47 81 93 14 74 65 47 31 45 13 44 58 73 13 72 29 25 22 0 35 52 0 81 2 44 75 0 9 7 80 89 28 33 93 62 4 57 0 11 7 58 31 92 68 43 68 40 40 55 86 39 63 41 26 81 28 93 84 25 64 67 93 28 22 11 93 69 93 87 8 33 0 86 24 92 38 8 57 13 58 49 18 32 22 57 68 83 52 8 63 49 21 4 76 56
run=11 seed=10 k=94 f=0
8 60 93 35 63 41 54 50 85 93 19 0 44 12 0 1 4 24 14 76 90 13 13 82 52 15 56 42 43 59 83 30 0 29 48 65 21 9 45 39 5 8 89 34 7 42 79 92 0 73 69 21 17 63 75 1 75 24 86 54 47 67 65 16 53 61 73 0 57 32 27 14 59 40 93 93 82 18 93 14 23 24 69 67 37 13 68 4 48 72 85 66 52 30 75 84 28 58 29 87 42 37 77 29 77 34 65 52 78 8
run=12 seed=11 k=94 f=0
45 10 24 54 81 61 87 75 64 35 39 79 20 16 91 11 40 54 51 23 46 25 22 29 74 72 90 85 70 12 48 0 93 68 0 73 0 72 20 88 59 20 78 36 38 46 3 12 53 0 41 74 20 31 26 58 33 48 30 5 87 78 93 20 39 12 3 34 46 34 26 10 86 38 93 12 65 25 82 18 65 7 93 45 90 51 10 28 39 82 83 57 89 61 0 81 68 84 32 66 15 42 60 58 27 58 7 33 1 16
run=13 seed=12 k=94 f=0
77 51 24 83 37 5 77 21 31 17 11 75 27 28 49 52 23 88 21 48 62 28 43 30 93 12 26 43 25 39 33 0 55 7 92 12 18 58 2 49 36 0 83 63 72 56 48 70 92 35 12 8 7 91 0 19 73 60 0 34 18 39 69 16 91 7 44 16 58 50 78 91 20 14 86 61 67 35 81 16 41 63 25 9 8 90 76 47 2 60 84 67 40 84 70 0 3 74 53 0 1 69 64 31 54 85 49 93 9 41
run=14 seed=13 k=94 f=0
57 79 93 67 10 24 40 62 9 53 81 0 83 36 15 62 11 82 84 31 41 11 1 33 17 83 51 42 57 93 65 41 4 19 77 93 23 46 14 65 29 47 45 40 29 88 55 64 93 24 50 25 56 3 71 85 32 79 91 88 29 52 42 16 52 89 74 21 45 65 38 93 29 44 71 6 16 10 52 58 34 35 89 76 77 72 86 25 58 3 44 0 56 13 22 0 17 75 38 89 34 28 17 33 93 1 65 51 71 48
run=15 seed=14 k=94 f=0
61 26 86 30 29 17 69 17 8 2 52 6 11 61 2 75 27 24 23 25 86 43 57 7 20 48 80 46 22 27 91 45 81 93 71 71 71 90 93 11 86 66 17 89 5 0 77 38 3 63 64 21 56 14 15 12 38 39 44 89 55 54 87 67 53 0 47 91 52 45 40 35 33 83 86 76 35 13 66 59 35 21 65 15 29 54 93 33 39 3 1 63 24 57 16 48 73 73 37 3 48 61 78 81 6 78 81 36 49 57
run=16 seed=15 k=94 f=0
77 79 67 83 56 57 53 0 17 30 21 88 89 86 76 11 93 70 63 80 17 14 46 1 66 0 70 0 52 79 53 90 10 73 50 86 26 41 30 59 93 34 30 18 12 62 28 36 19 21 27 69 61 42 44 43 58 21 7 17 82 85 78 25 72 35 48 55 78 58 36 5 93 21 47 44 15 41 0 84 3 35 37 25 53 77 39 46 93 58 21 38 1 10 12 67 71 26 8 28 4 93 66 27 32 24 80 19 57 8
run=17 seed=16 k=94 f=0
78 13 58 19 1 9 26 21 83 63 76 83 45 43 12 40 55 32 84 28 51 46 23 0 74 69 37 77 27 33 38 0 18 64 8 35 16 6 92 80 29 15 57 47 86 39 12 61 66 50 71 26 67 77 35 19 83 93 3 48 59 85 84 24 52 60 70 66 90 66 76 11 56 68 54 58 71 26 32 65 22 32 50 39 39 35 17 3 93 88 11 90 37 27 2 91 0 45 2 3 32 73 93 44 47 57 53 28 15 5
run=18 seed=17 k=94 f=0
29 50 91 18 20 53 0 21 26 69 62 80 41 38 53 84 56 70 92 15 57 28 5 43 67 32 89 3 3 43 23 0 21 36 63 63 68 31 84 0 34 12 31 0 85 55 87 7 15 75 63 50 73 47 57 78 87 48 36 26 86 34 77 14 14 26 77 44 9 73 67 36 60 43 6 54 82 39 29 43 8 82 39 55 25 17 92 82 61 66 46 77 3 50 0 77 91 8 91 93 9 17 35 15 72 30 59 58 21 69
run=19 seed=18 k=94 f=0
79 7 5 37 90 39 10 6 45 59 49 56 60 48 61 33 62 73 33 57 26 55 9 87 0 27 21 57 93 70 73 75 25 21 24 46 86 0 91 93 59 19 33 53 21 63 41 67 68 52 50 15 39 74 30 15 19 19 29 1 28 6 71 18 9 41 0 0 84 22 27 38 62 84 87 81 38 12 81 44 64 82 49 77 17 13 75 84 16 0 73 30 77 9 40 34 82 69 34 93 86 28 43 52 35 0 44 92 45 93
run=20 seed=19 k=94 f=0
38 56 68 31 59 71 60 78 84 16 28 69 39 45 78 73 76 87 90 48 9 86 93 10 8 20 3 48 13 20 1 61 46 72 39 22 46 14 53 62 34 92 91 29 37 15 7 58 25 8 21 53 10 46 27 64 61 34 18 60 23 51 55 2 66 29 80 23 71 85 80 70 15 59 52 45 6 66 45 31 76 92 70 51 59 32 83 84 54 32 0 37 79 91 9 71 24 41 0 0 79 41 40 0 89 93 5 14 82 0
