run=1 seed=0 k=103 f=0
67 2 58 35 40 59 8 16 80 73 102 11 101 82 27 30 0 6 8 6 43 1 96 28 44 86 21 44 68 81 30 55 87 54 7 17 34 55 53 47 23 32 97 49 21 46 92 97 5 99 17 102 89 20 51 14 71 72 38 57 96 37 13 14 34 9 77 64 22 27 76 88 21 65 38 94 32 0 81 58 82 13 78 75 64 36 89 29 2 24 42 28 80 24 0 88 85 94 49 102 38 73 87 61 19 67 46 52 56 71
run=2 seed=1 k=103 f=0
67 2 58 35 40 59 8 16 80 73 102 11 101 82 27 30 0 6 8 6 43 1 96 28 44 86 21 44 68 81 30 55 87 54 7 17 34 55 53 47 23 32 97 49 21 46 92 97 5 99 17 102 89 20 51 14 71 72 38 57 96 37 13 14 34 9 77 64 22 27 76 88 21 65 38 94 32 0 81 58 82 13 78 75 64 36 89 29 2 24 42 28 80 24 0 88 85 94 49 102 38 73 87 61 19 67 46 52 56 71
run=3 seed=2 k=103 f=0
75 102 4 88 66 93 22 67 49 28 102 10 71 98 81 28 92 69 41 31 59 15 64 63 78 63 94 44 55 50 20 14 53 32 0 20 78 89 98 9 73 26 27 12 54 57 41 33 98 53 42 75 76 75 38 70 37 47 40 74 80 1 5 25 9 25 83 72 48 48 35 4 102 44 7 15 18 59 16 33 89 27 3 62 0 83 59 2 16 94 28 80 17 48 58 7 11 39 87 39 51 1 35 100 65 88 62 83 87 97
run=4 seed=3 k=103 f=0
52 18 38 54 40 88 73 94 46 14 38 82 12 53 70 87 53 65 32 30 5 85 15 75 70 21 21 0 10 54 91 8 15 42 67 62 29 96 24 76 6 20 38 98 69 61 23 43 22 81 1 102 100 30 88 98 39 95 44 49 26 30 0 57 93 62 1 101 22 41 46 83 10 47 2 86 4 37 32 46 102 0 59 92 68 64 93 99 90 12 78 69 85 49 54 75 76 76 74 20 51 65 31 84 9 31 58 27 58 14
run=5 seed=4 k=103 f=0
33 72 2 44 91 45 62 85 58 27 46 82 1 79 100 27 58 80 3 24 15 21 3 54 49 27 76 1 53 12 17 3 99 6 86 77 49 37 14 96 84 74 97 18 33 32 40 26 102 36 41 14 6 52 100 29 80 82 76 30 91 11 69 65 39 29 90 102 4 67 73 94 40 94 98 98 51 0 33 26 23 79 53 61 32 91 65 65 70 51 58 67 89 70 49 57 102 88 0 62 25 92 18 21 8 43 18 59 100 16
run=6 seed=5 k=103 f=0
28 99 96 23 28 99 30 25 0 95 77 10 98 63 48 102 46 15 11 89 36 83 59 21 19 79 30 32 89 17 59 63 36 72 56 82 77 32 92 35 25 102 26 49 79 101 60 74 10 15 26 72 15 89 48 10 22 76 89 33 22 42 9 1 52 13 63 16 6 73 17 72 69 81 42 3 19 4 27 13 46 56 68 64 61 81 82 0 67 92 102 53 59 45 38 69 41 35 2 89 6 48 56 98 1 89 84 74 37 9
run=7 seed=6 k=103 f=0
8 40 44 53 84 96 89 66 4 50 57 11 5 66 91 23 63 65 45 93 50 22 78 58 69 17 101 90 92 35 0 41 77 40 39 86 88 43 68 87 93 27 66 36 78 12 0 0 21 8 66 30 49 62 23 56 78 41 50 51 76 53 2 41 18 62 26 26 0 40 11 84 89 44 47 80 75 49 14 9 97 100 31 62 51 19 96 35 81 8 31 77 13 101 0 30 102 35 101 102 96 79 2 21 47 57 58 17 58 71
run=8 seed=7 k=103 f=0
66 81 67 87 67 38 49 23 17 2 12 79 74 84 56 46 97 15 48 73 50 40 63 57 90 96 84 39 38 4 93 1 94 58 90 11 13 1 102 33 67 51 15 3 31 102 83 26 24 2 99 77 22 11 48 25 64 76 71 0 100 62 1 81 83 81 75 51 20 54 38 43 102 74 69 30 102 83 25 4 88 77 101 61 15 46 61 22 40 75 22 34 34 43 5 92 52 6 90 33 5 99 28 14 17 11 54 64 55 28
run=9 seed=8 k=103 f=0
49 32 87 1 87 17 11 49 54 45 39 81 91 29 50 95 45 28 55 11 97 31 9 77 63 36 85 71 99 76 102 20 36 22 38 25 21 72 9 4 96 12 6 102 41 93 64 90 60 67 53 100 16 79 21 55 0 55 69 35 65 68 22 1 71 8 63 70 75 92 49 34 81 20 4 18 59 13 32 52 0 16 62 21 79 25 16 17 100 85 42 102 48 82 64 39 93 26 59 4 95 42 70 93 82 9 30 19 40 43
run=10 seed=9 k=103 f=0
33 87 68 19 6 75 30 12 61 33 27 7 1 66 83 0 7 7 63 1 9 80 45 1 28 0 18 45 51 60 3 101 102 102 0 22 41 23 55 95 92 34 95 68 29 73 5 40 49 37 92 40 66 45 52 14 96 76 59 23 95 82 101 47 47 53 89 32 76 42 18 53 96 23 94 101 24 16 66 18 0 52 78 66 28 61 86 43 10 49 84 42 32 87 71 76 56 96 102 50 0 24 74 15 33 101 58 71 87 88
run=11 seed=10 k=103 f=0
28 23 62 97 97 82 1 26 44 83 92 42 45 16 90 95 25 57 63 61 57 8 16 91 52 7 18 74 53 99 2 36 40 88 57 9 66 18 55 7 102 32 15 2 50 67 19 19 36 37 14 48 68 79 63 66 89 60 40 81 10 47 76 31 47 31 72 10 70 98 69 0 66 6 56 2 32 102 0 18 35 52 102 21 23 61 90 99 16 48 77 76 9 0 90 80 93 84 2 86 62 39 72 99 43 39 55 84 34 31
run=12 seed=11 k=103 f=0
47 57 1 50 0 12 85 76 9 73 43 85 9 90 79 53 56 2 74 36 0 59 99 31 68 15 97 12 51 102 90 85 61 94 96 5 44 71 35 33 99 66 15 19 68 22 13 94 17 65 76 23 21 42 52 6 80 44 78 28 72 26 2 55 53 64 82 62 7 12 91 17 38 74 2 22 61 102 17 82 95 99 100 20 82 102 46 39 33 81 66 53 89 98 45 58 49 90 93 90 0 34 7 87 64 39 34 26 30 71
run=13 seed=12 k=103 f=0
79 48 34 53 63 69 47 81 41 35 59 19 0 14 44 60 63 31 30 20 99 22 51 38 38 24 12 92 101 52 27 74 57 102 102 13 91 81 63 0 80 74 68 45 38 29 71 88 102 93 61 44 58 16 77 1 57 6 89 33 58 75 25 96 97 67 4 86 84 1 18 52 20 97 7 38 25 102 97 73 49 63 15 9 55 78 54 40 75 63 73 94 33 15 87 47 83 10 44 92 11 39 89 31 19 6 70 100 70 0
run=14 seed=13 k=103 f=0
84 99 90 99 60 71 0 70 44 75 29 14 0 41 3 46 15 21 17 1 59 101 86 58 102 56 37 0 79 36 42 79 31 64 35 51 100 66 99 80 79 23 48 93 54 85 51 42 28 78 55 99 6 26 89 6 36 6 94 62 29 53 58 81 66 18 7 62 3 2 43 53 77 36 93 33 20 37 25 71 90 34 67 42 59 71 47 43 69 59 25 20 10 81 10 91 16 16 0 13 20 75 98 65 92 27 50 85 68 8
run=15 seed=14 k=103 f=0
85 42 87 23 4 59 0 101 37 34 68 0 79 25 49 52 32 77 39 1 97 93 91 71 5 100 26 12 90 32 25 16 16 44 77 7 42 1 102 1 0 23 89 32 72 52 75 97 87 6 19 59 18 31 65 53 60 81 48 36 94 1 14 27 90 9 48 94 17 65 33 73 67 21 6 56 97 22 71 88 45 13 98 83 12 72 43 40 69 15 77 82 69 28 25 50 3 78 47 41 68 62 11 24 64 50 102 81 101 61
run=16 seed=15 k=103 f=0
7 81 48 18 93 54 41 35 62 69 44 65 25 41 58 58 55 14 13 84 79 83 35 83 87 102 16 24 91 0 90 73 22 95 31 32 18 0 69 89 102 9 67 45 57 54 69 0 9 67 13 61 17 9 50 75 43 66 10 31 73 91 47 30 77 98 63 93 15 48 40 102 70 4 26 5 78 98 0 71 58 30 98 42 93 102 101 51 86 101 86 6 71 86 20 63 44 1 19 79 25 59 79 24 84 4 33 11 19 78
run=17 seed=16 k=103 f=0
102 83 65 8 4 34 96 78 58 26 94 23 2 82 40 18 4 70 27 14 11 29 99 76 90 50 69 0 0 102 10 30 19 2 38 51 101 26 80 56 72 72 33 11 61 36 86 43 17 85 68 102 101 72 47 55 64 33 27 90 95 97 62 6 91 33 61 0 93 41 62 83 28 59 10 100 12 1 43 29 58 101 40 82 46 14 68 86 27 42 8 44 47 74 33 55 69 91 61 82 47 20 52 76 79 20 93 92 51 19
run=18 seed=17 k=103 f=0
80 69 53 10 2 9 24 8 94 30 86 93 71 85 33 98 83 1 0 45 21 71 17 90 89 67 25 41 102 41 27 15 28 90 24 43 47 31 59 91 17 59 6 36 81 59 49 66 40 101 17 46 90 0 63 34 86 33 4 67 73 59 44 102 73 6 51 3 76 23 47 54 23 9 99 84 56 13 62 7 6 85 50 48 65 0 15 79 43 2 97 33 63 99 33 54 61 28 21 70 45 82 30 102 52 97 10 15 53 76
run=19 seed=18 k=103 f=0
25 56 35 101 87 37 6 2 82 36 44 102 46 25 19 16 30 86 88 20 18 60 88 62 7 0 31 45 68 86 65 64 14 18 59 45 75 91 97 82 19 34 101 69 81 26 50 4 28 52 24 50 32 89 102 39 37 51 42 82 93 43 65 94 32 6 53 53 13 11 52 100 98 51 76 73 94 80 76 22 0 44 93 48 82 93 4 86 62 96 65 92 64 55 39 13 2 10 13 59 76 29 56 19 100 73 1 11 35 70
run=20 seed=19 k=103 f=0
78 1 24 43 57 48 84 90 72 15 30 0 19 35 60 3 69 95 72 99 46 6 54 25 63 78 15 82 77 101 100 57 88 19 22 17 71 59 4 61 11 54 54 56 20 50 61 63 93 7 89 47 34 34 69 28 85 14 96 37 99 10 79 2 31 37 39 37 100 64 81 4 21 40 41 56 7 32 42 54 45 89 62 84 40 9 76 69 101 69 93 79 101 0 102 28 37 12 13 102 97 47 23 32 4 91 48 11 88 0
