run=1 seed=0 k=108 f=0
19 62 40 79 41 79 45 12 33 102 50 21 86 61 0 43 60 54 56 64 35 23 107 36 96 62 26 103 2 91 5 5 66 7 0 3 60 52 32 38 105 65 16 28 50 86 61 45 2 102 29 82 91 54 8 81 23 50 76 41 93 0 68 87 24 94 93 104 49 62 72 42 74 81 38 15 29 104 87 14 99 24 77 84 41 55 94 47 12 54 81 97 14 69 91 100 70 92 102 11 27 107 74 10 26 21 33 40 34 70
run=2 seed=1 k=108 f=0
19 62 40 79 41 79 45 12 33 102 50 21 86 61 0 43 60 54 56 64 35 23 107 36 96 62 26 103 2 91 5 5 66 7 0 3 60 52 32 38 105 65 16 28 50 86 61 45 2 102 29 82 91 54 8 81 23 50 76 41 93 0 68 87 24 94 93 104 49 62 72 42 74 81 38 15 29 104 87 14 99 24 77 84 41 55 94 47 12 54 81 97 14 69 91 100 70 92 102 11 27 107 74 10 26 21 33 40 34 70
run=3 seed=2 k=108 f=0
15 91 44 35 9 52 0 33 101 39 46 27 45 48 90 29 7 45 75 1 98 104 17 1 1 55 26 38 72 77 81 80 106 95 77 24 76 94 57 67 41 11 60 86 28 71 8 66 24 7 79 1 19 85 56 31 1 43 92 38 107 6 99 31 32 84 97 51 86 46 89 66 74 22 60 102 98 37 82 46 67 64 72 0 51 20 27 56 77 52 83 90 33 106 8 13 99 13 85 62 76 66 94 50 15 107 63 5 53 21
run=4 seed=3 k=108 f=0
102 49 36 107 57 4 48 64 73 66 22 61 45 91 58 45 50 91 49 59 11 0 94 66 85 67 101 89 100 107 106 30 25 101 98 85 55 36 95 84 58 10 37 75 79 7 57 41 76 10 107 2 15 92 8 29 65 17 38 88 55 18 72 81 107 81 13 50 28 72 67 86 59 35 82 21 42 33 8 68 29 26 0 19 10 14 19 52 83 72 0 39 2 88 40 27 61 98 48 0 6 42 35 65 77 35 97 13 107 16
run=5 seed=4 k=108 f=0
25 90 54 17 43 11 78 67 32 101 76 95 29 8 91 78 46 97 32 107 44 92 70 62 52 106 18 50 84 1 29 40 52 9 0 3 58 17 58 90 13 59 53 107 68 59 50 71 48 36 53 81 3 0 32 100 87 3 38 33 50 37 29 0 45 35 87 11 53 67 100 1 18 58 24 20 25 44 102 74 104 45 104 16 38 4 107 101 65 72 79 99 8 106 88 70 9 74 107 65 26 39 42 60 57 18 79 82 89 86
run=6 seed=5 k=108 f=0
9 70 102 0 107 28 97 69 27 34 22 28 107 54 46 80 76 71 49 98 20 5 63 81 30 60 60 1 76 35 54 39 93 64 7 0 92 64 70 43 57 89 17 57 35 54 45 102 1 19 9 27 62 73 80 93 73 40 95 97 58 1 16 63 15 5 37 107 99 43 82 48 23 99 13 91 70 46 1 64 107 11 98 16 100 60 89 81 36 78 22 80 27 54 35 40 85 67 53 106 50 27 2 106 34 16 13 104 90 86
run=7 seed=6 k=108 f=0
95 35 76 40 32 77 94 51 10 81 83 57 53 17 22 56 84 48 3 45 94 14 34 33 100 60 65 14 5 0 91 2 20 46 72 53 74 14 86 29 93 96 4 8 21 104 59 106 45 13 30 93 60 1 8 41 26 92 13 48 65 15 76 40 27 42 63 28 1 75 20 78 88 29 74 101 41 39 5 102 34 87 82 18 80 92 60 71 51 28 11 36 86 105 66 5 56 97 107 69 106 101 39 52 22 50 61 67 22 68
run=8 seed=7 k=108 f=0
45 51 23 67 65 76 10 90 96 97 23 37 103 81 40 87 82 0 1 0 44 83 75 21 61 4 105 36 73 14 107 10 66 75 0 107 24 36 60 90 25 100 17 36 2 107 0 85 17 102 85 50 30 47 44 95 80 107 36 1 69 107 52 14 99 31 54 42 31 51 9 57 25 43 53 33 105 94 21 75 90 88 60 26 68 13 10 63 55 62 81 64 71 53 43 1 27 78 46 16 35 40 58 66 99 20 89 7 6 34
run=9 seed=8 k=108 f=0
27 72 36 92 19 1 106 17 67 45 31 57 15 83 2 107 24 45 66 37 22 69 73 58 64 27 8 0 80 99 21 46 78 23 65 106 49 72 85 77 16 24 41 37 107 6 43 20 41 16 37 102 11 60 5 53 86 34 16 14 41 74 85 30 33 59 97 104 30 73 78 57 15 22 77 1 91 51 46 38 94 83 34 6 50 102 10 69 74 36 9 86 106 3 23 30 62 12 49 91 86 12 89 55 96 52 98 89 4 51
run=10 seed=9 k=108 f=0
99 32 77 27 2 65 21 106 38 68 16 7 106 85 1 83 89 10 20 55 19 92 103 38 42 98 74 83 85 65 6 93 87 70 19 73 26 62 12 80 63 42 103 47 53 60 0 3 13 63 66 34 76 10 101 13 1 76 59 102 20 29 13 94 94 37 107 67 52 0 5 3 56 17 80 78 94 25 51 43 51 107 91 59 34 93 106 48 50 35 42 46 53 76 26 87 21 18 28 69 56 50 72 4 67 61 98 97 94 86
run=11 seed=10 k=108 f=0
67 31 2 89 105 1 59 107 71 95 63 101 0 45 20 57 78 80 35 97 68 28 13 102 90 53 88 56 85 95 9 0 54 75 32 45 16 91 106 8 79 22 1 95 64 36 4 10 72 39 18 84 83 97 0 70 106 50 40 50 16 34 101 64 62 26 20 22 53 30 23 12 107 24 15 55 62 27 65 42 75 29 18 67 14 42 20 9 11 45 4 54 81 33 88 49 106 81 0 40 50 87 35 107 3 72 60 79 0 46
run=12 seed=11 k=108 f=0
23 86 69 92 8 13 49 97 77 16 66 60 38 86 53 5 83 92 38 103 87 40 71 85 52 15 72 14 19 73 47 58 53 11 39 75 78 105 6 64 62 81 37 44 63 85 104 105 69 38 0 49 75 59 26 6 50 94 20 90 75 70 42 35 97 97 0 45 2 104 32 18 59 38 23 54 105 33 13 57 68 107 104 51 89 74 73 55 24 92 16 6 16 29 45 60 78 32 32 80 19 55 10 31 101 96 5 29 102 0
run=13 seed=12 k=108 f=0
54 86 14 28 91 24 59 95 84 10 34 45 53 38 76 71 31 61 11 76 46 8 0 82 51 37 107 68 78 17 1 22 69 43 52 100 77 3 63 23 56 70 77 45 48 71 102 0 69 5 38 98 29 92 104 35 24 60 66 102 13 94 93 9 29 63 36 4 83 2 43 13 18 11 0 107 74 87 82 16 83 106 9 28 94 11 3 18 65 81 21 63 107 98 73 85 54 97 88 29 16 25 60 107 45 60 33 95 38 51
run=14 seed=13 k=108 f=0
13 29 27 77 76 94 32 79 53 35 34 38 10 0 86 67 48 40 21 42 23 97 38 62 25 64 105 6 66 11 106 96 107 47 101 83 70 49 6 88 89 103 67 2 95 70 107 48 20 106 90 66 52 4 19 73 0 56 107 83 93 18 5 55 34 43 74 84 43 45 66 1 86 52 62 74 11 32 14 81 28 13 38 54 57 107 26 73 38 41 97 22 60 99 15 33 49 101 26 102 84 0 5 73 33 59 82 18 76 91
run=15 seed=14 k=108 f=0
103 104 58 49 25 95 12 16 27 5 54 27 48 102 68 97 31 75 49 86 38 42 87 39 78 34 97 40 94 8 12 70 68 107 96 5 27 79 85 71 60 102 87 57 78 63 97 30 56 91 10 81 34 73 87 60 4 47 6 44 15 21 22 51 77 91 16 105 37 54 68 48 0 63 82 23 19 90 61 4 37 80 0 87 14 81 49 107 19 32 97 35 15 65 107 96 21 95 0 9 48 69 67 103 107 58 36 94 39 2
run=16 seed=15 k=108 f=0
107 106 0 74 50 57 94 48 19 88 103 17 53 27 82 69 53 27 42 37 1 32 45 33 60 13 89 18 52 12 29 61 85 107 107 22 16 6 50 35 1 66 68 1 60 86 41 76 29 101 23 96 41 66 13 57 96 12 6 40 58 42 102 11 10 34 98 7 61 77 93 26 51 93 0 59 2 91 26 44 29 47 80 6 17 98 79 10 32 83 68 77 45 107 105 71 3 97 27 80 24 74 87 72 66 70 82 95 36 56
run=17 seed=16 k=108 f=0
96 105 106 65 6 71 46 9 23 65 105 15 11 37 14 68 9 61 105 57 59 64 93 86 104 29 4 52 47 0 76 85 49 16 0 14 89 24 74 32 8 28 41 35 12 94 32 22 98 98 78 46 83 57 27 87 0 47 73 95 63 15 84 43 32 44 0 14 105 3 64 32 77 44 52 89 77 8 18 67 25 5 61 37 50 68 87 101 88 97 57 71 107 71 42 37 4 41 75 26 9 23 86 60 41 95 57 35 56 77
run=18 seed=17 k=108 f=0
25 106 62 71 94 107 97 63 43 68 85 33 23 12 78 50 10 57 74 2 80 9 107 12 84 89 100 82 42 92 72 13 40 36 100 51 72 101 4 75 57 107 66 79 2 107 78 63 1 24 6 19 89 55 52 43 37 60 26 96 14 7 1 98 98 92 92 94 3 66 11 76 18 101 48 46 46 100 92 63 19 9 38 54 35 58 87 107 0 20 105 25 46 14 80 86 96 32 72 35 5 0 0 39 49 29 65 55 70 18
run=19 seed=18 k=108 f=0
77 1 58 48 4 101 95 76 90 91 34 30 62 14 13 35 107 0 107 63 41 43 100 67 72 67 16 17 61 7 79 45 31 71 64 51 98 82 37 0 57 69 65 43 99 12 62 19 51 84 104 84 35 35 41 107 72 52 15 79 96 13 82 37 9 87 86 107 26 14 97 28 107 67 51 89 100 25 6 94 1 0 87 53 44 7 74 49 101 86 71 99 10 1 25 33 32 80 17 59 48 22 91 38 43 50 19 59 92 25
run=20 seed=19 k=108 f=0
100 106 38 60 103 73 17 93 52 50 15 4 37 70 49 47 22 19 3 40 63 44 97 44 78 7 48 48 29 74 31 75 92 0 81 14 98 87 107 13 31 66 67 84 41 69 25 35 60 24 92 93 74 96 5 54 3 106 56 40 10 65 63 28 78 53 60 10 60 72 44 99 6 107 82 84 40 69 89 100 63 88 87 20 100 12 29 105 76 36 54 32 45 25 23 76 78 28 106 30 58 99 51 1 70 19 15 2 14 105
