run=1 seed=0 k=91 f=0
88 90 36 82 80 71 76 17 0 59 90 69 10 1 63 56 80 37 24 37 16 84 5 14 16 6 54 52 40 54 61 77 55 60 65 41 37 70 10 37 83 78 68 29 28 30 38 4 30 15 24 87 0 48 15 46 88 32 60 50 23 20 89 47 66 75 80 11 27 0 37 23 65 80 5 90 74 49 44 19 33 55 9 6 54 82 7 35 24 66 75 45 1 48 18 61 79 90 28 0 53 13 60 51 1 44 79 34 73 68
run=2 seed=1 k=91 f=0
88 90 36 82 80 71 76 17 0 59 90 69 10 1 63 56 80 37 24 37 16 84 5 14 16 6 54 52 40 54 61 77 55 60 65 41 37 70 10 37 83 78 68 29 28 30 38 4 30 15 24 87 0 48 15 46 88 32 60 50 23 20 89 47 66 75 80 11 27 0 37 23 65 80 5 90 74 49 44 19 33 55 9 6 54 82 7 35 24 66 75 45 1 48 18 61 79 90 28 0 53 13 60 51 1 44 79 34 73 68
run=3 seed=2 k=91 f=0
1 53 21 52 50 80 90 46 71 41 67 0 39 21 12 63 25 17 21 88 33 22 9 90 49 3 5 69 35 54 90 56 62 76 87 33 19 49 74 54 3 27 61 26 40 8 0 46 11 67 76 10 24 28 64 9 0 90 39 59 45 56 0 68 55 8 10 16 1 84 90 79 86 2 83 15 73 70 80 47 50 43 1 72 28 23 34 53 82 63 41 37 89 68 64 58 18 33 90 41 70 41 9 66 59 80 80 33 32 61
run=4 seed=3 k=91 f=0
30 47 31 40 6 66 57 52 63 50 68 4 19 37 74 67 33 43 45 23 68 10 75 9 16 22 10 61 83 61 90 37 75 26 44 58 60 11 0 0 28 16 66 21 34 17 76 37 73 48 40 70 18 69 84 37 81 46 61 47 57 60 25 0 18 49 90 79 17 24 54 46 81 88 43 69 90 5 85 80 12 87 0 90 6 62 56 26 11 0 80 90 90 1 89 33 71 54 30 53 41 84 74 11 14 26 44 21 38 0
run=5 seed=4 k=91 f=0
7 10 25 1 89 80 39 54 43 9 36 47 90 22 88 69 90 21 57 27 42 30 48 37 81 64 75 25 59 16 52 89 28 21 31 16 82 0 66 0 33 69 44 62 1 8 47 71 25 13 7 54 76 83 47 90 50 26 73 26 63 32 12 55 1 22 46 59 79 76 11 3 0 7 78 21 40 53 58 17 40 34 36 10 81 34 63 64 53 5 88 66 14 59 51 74 65 17 85 89 71 58 1 21 45 70 40 81 37 72
run=6 seed=5 k=91 f=0
90 20 87 11 0 36 5 15 74 81 0 90 90 40 69 42 90 50 49 6 17 61 24 23 74 59 78 80 38 84 45 89 0 79 57 12 46 73 27 66 18 7 75 81 90 54 22 57 31 23 9 6 31 31 13 13 3 33 14 18 23 65 50 9 65 38 71 62 20 60 55 48 29 83 69 84 29 18 2 38 43 0 63 66 5 70 47 28 48 29 76 34 82 58 35 22 55 19 48 7 86 39 78 79 17 71 13 3 59 40
run=7 seed=6 k=91 f=0
70 40 64 73 52 87 49 13 8 21 86 40 39 38 2 90 56 22 60 62 30 59 49 6 19 14 4 48 54 45 0 20 37 90 69 25 9 59 80 44 44 73 9 45 73 0 69 52 0 43 78 14 21 81 29 27 73 66 74 0 14 75 40 30 0 64 15 47 90 48 53 34 62 6 31 68 3 31 9 24 7 24 89 82 14 18 80 11 55 7 89 77 82 48 33 25 79 87 22 0 63 17 63 33 86 61 90 66 79 37
run=8 seed=7 k=91 f=0
6 11 44 65 0 74 49 45 34 53 30 26 43 14 15 34 30 81 0 9 65 81 49 40 0 89 72 19 2 72 77 20 87 40 85 23 74 51 63 22 44 16 45 67 89 14 90 51 61 31 14 36 56 73 30 59 33 10 79 42 33 11 62 19 15 24 31 86 61 53 28 59 57 65 63 81 75 44 90 44 73 3 37 80 90 67 8 55 56 23 36 0 88 9 8 0 51 78 55 17 18 5 90 69 1 68 20 31 73 25
run=9 seed=8 k=91 f=0
14 80 50 24 90 0 66 71 36 4 32 79 81 77 32 90 38 55 20 65 40 0 13 38 22 72 7 63 62 85 5 78 49 76 18 89 74 23 34 9 82 5 29 64 37 44 9 71 67 0 0 84 48 16 58 34 59 58 28 89 11 18 70 86 5 50 28 13 33 25 57 88 76 82 52 75 69 43 1 75 53 90 71 69 48 38 46 70 81 60 67 20 14 5 12 32 45 5 42 6 41 24 17 63 52 26 89 90 33 58
run=10 seed=9 k=91 f=0
21 86 49 65 2 40 41 37 80 64 84 90 53 36 2 69 63 0 59 0 74 90 14 75 30 25 23 12 33 16 0 14 12 21 80 68 68 41 0 9 90 72 9 90 30 72 0 31 78 76 83 29 77 57 44 52 32 38 43 42 47 57 55 18 81 47 51 29 89 54 46 45 45 39 62 29 56 62 90 49 76 36 66 61 6 67 71 1 16 31 37 53 22 90 19 13 74 90 7 7 35 81 23 0 24 20 61 43 79 8
run=11 seed=10 k=91 f=0
76 21 88 2 54 22 30 58 63 5 74 90 75 89 49 62 66 15 16 31 37 19 1 49 19 24 5 76 37 81 90 17 36 68 59 0 17 67 44 50 74 27 61 87 67 9 90 58 0 73 50 18 10 55 25 53 30 79 10 69 0 80 55 2 90 87 67 52 71 81 38 85 45 31 48 64 41 27 88 6 54 35 46 46 23 2 83 63 15 63 31 39 44 8 10 58 13 44 6 8 42 0 17 26 30 34 90 39 37 79
run=12 seed=11 k=91 f=0
83 65 0 70 44 41 78 26 32 89 16 90 3 0 28 69 66 0 20 83 26 85 53 90 90 38 41 19 69 59 54 65 59 54 25 32 88 11 0 6 54 46 0 25 86 45 3 50 48 84 20 60 30 17 74 30 40 77 43 9 63 79 31 30 9 16 74 52 50 76 71 11 36 59 37 86 38 6 0 90 43 60 39 18 38 59 79 83 9 12 65 74 56 67 26 78 5 22 80 45 23 70 31 15 45 11 30 79 18 90
run=13 seed=12 k=91 f=0
18 0 0 81 65 34 41 25 7 51 90 37 66 26 10 37 0 70 24 85 18 77 63 90 10 35 55 49 21 45 23 33 10 31 40 54 24 44 4 31 39 59 46 79 13 15 56 63 34 24 14 15 74 89 81 85 10 74 81 81 14 56 22 21 70 39 43 75 5 64 18 45 1 46 65 76 89 27 45 68 46 59 89 28 58 52 76 3 68 3 86 0 75 55 30 88 37 28 72 50 17 12 7 56 8 57 1 62 88 49
run=14 seed=13 k=91 f=0
7 20 17 43 75 29 49 29 24 57 68 46 63 16 79 2 71 81 85 49 76 22 43 75 32 55 20 28 8 3 71 83 20 60 50 61 53 21 52 0 25 35 87 90 48 75 90 0 71 28 54 65 64 1 34 39 90 24 55 23 65 57 62 11 44 7 38 58 25 2 7 3 68 23 11 38 40 48 85 79 30 8 2 90 16 86 10 36 65 53 69 40 43 30 78 0 60 88 60 15 34 81 74 19 35 86 82 10 76 34
run=15 seed=14 k=91 f=0
0 8 90 81 62 37 65 37 32 70 24 75 86 11 49 65 71 46 49 64 54 72 88 15 39 1 42 34 84 45 66 74 84 28 3 29 23 60 90 18 39 4 38 22 18 50 87 59 4 35 0 39 72 10 29 22 73 48 31 50 88 89 6 7 76 33 68 7 88 64 23 83 32 18 58 15 78 11 80 25 43 60 89 33 69 37 56 68 71 80 7 0 41 13 55 49 0 44 66 74 77 13 17 63 11 47 30 54 56 20
run=16 seed=15 k=91 f=0
10 47 49 18 53 58 44 70 75 73 1 56 17 44 6 15 12 84 2 26 40 78 72 20 5 28 17 85 27 48 14 62 90 24 4 73 66 48 61 56 15 7 73 65 31 8 87 49 75 90 0 25 8 67 17 36 7 50 45 90 1 32 90 0 83 90 38 90 35 44 27 49 44 25 31 8 90 27 32 72 19 37 58 72 69 65 80 73 82 65 33 40 26 57 52 85 24 0 16 77 17 56 37 64 43 65 38 2 58 57
run=17 seed=16 k=91 f=0
75 36 24 62 66 0 0 90 75 20 58 50 32 46 2 18 25 68 30 47 71 68 2 15 72 81 6 61 74 34 76 66 47 45 80 65 15 44 20 58 59 82 16 7 89 29 79 89 22 71 57 39 22 14 54 86 3 54 85 38 18 42 63 33 81 39 56 85 3 9 14 15 27 87 21 70 30 38 12 69 90 37 45 28 50 24 90 13 90 14 42 40 53 86 0 76 4 8 0 83 60 55 64 49 33 12 62 27 46 53
run=18 seed=17 k=91 f=0
90 75 80 57 2 22 39 90 49 62 42 7 5 20 70 50 61 41 55 81 25 10 77 6 67 3 60 56 59 27 0 8 35 84 69 81 90 40 42 8 87 71 89 74 17 75 53 47 73 46 67 78 28 65 84 20 18 5 0 38 45 85 87 57 17 47 65 68 53 24 48 37 1 35 2 11 90 58 40 47 0 89 8 88 62 84 30 34 12 78 71 19 63 81 32 55 31 23 15 15 57 45 50 19 16 40 27 64 24 31
run=19 seed=18 k=91 f=0
66 3 39 0 28 83 53 90 84 43 47 51 11 13 65 24 8 76 10 53 85 79 39 38 14 78 75 81 72 57 37 27 58 43 33 22 0 89 34 24 42 37 63 90 20 33 21 49 71 88 39 60 11 70 68 87 22 31 55 61 12 17 62 28 71 64 0 18 78 3 64 37 44 9 65 55 3 7 89 16 77 48 55 21 26 30 50 2 26 29 87 3 44 57 16 80 68 60 7 53 26 13 84 68 43 89 34 49 71 10
run=20 seed=19 k=91 f=0
73 53 65 40 83 21 54 22 0 69 78 19 29 28 50 33 83 79 28 9 60 36 54 37 0 7 54 89 59 85 4 34 1 90 1 82 36 44 9 10 70 50 85 49 44 70 4 56 87 73 12 53 69 30 15 63 21 16 25 70 80 15 75 44 46 73 65 48 43 53 38 83 7 69 44 0 77 25 64 71 34 23 34 40 16 81 20 38 84 11 90 61 5 53 62 68 18 57 0 86 14 74 29 34 38 63 77 27 42 14
