run=1 seed=0 k=97 f=0
43 94 96 23 89 8 76 12 42 0 46 84 22 17 81 22 19 1 90 0 64 40 77 50 39 60 55 77 0 96 68 19 33 91 57 57 4 78 2 43 17 53 13 95 4 67 56 23 14 0 69 96 61 34 51 1 96 91 0 18 37 29 54 81 81 36 73 30 82 75 38 95 60 51 26 10 67 12 28 8 27 51 34 8 51 43 33 82 14 32 65 86 50 87 96 31 45 73 73 84 84 20 63 11 85 24 58 59 68 6
run=2 seed=1 k=97 f=0
43 94 96 23 89 8 76 12 42 0 46 84 22 17 81 22 19 1 90 0 64 40 77 50 39 60 55 77 0 96 68 19 33 91 57 57 4 78 2 43 17 53 13 95 4 67 56 23 14 0 69 96 61 34 51 1 96 91 0 18 37 29 54 81 81 36 73 30 82 75 38 95 60 51 26 10 67 12 28 8 27 51 34 8 51 43 33 82 14 32 65 86 50 87 96 31 45 73 73 84 84 20 63 11 85 24 58 59 68 6
run=3 seed=2 k=97 f=0
65 9 9 60 17 72 54 82 68 32 58 68 20 88 0 84 93 45 48 76 65 96 9 6 62 92 95 96 15 73 41 17 32 23 38 89 12 33 40 21 0 43 65 13 72 2 39 81 72 18 48 0 0 74 47 88 55 72 55 78 26 36 43 54 16 40 23 88 11 21 84 41 96 29 10 96 76 55 33 82 8 81 58 54 26 35 67 74 36 63 74 30 80 93 56 5 18 26 3 1 83 48 87 85 51 26 44 31 21 46
run=4 seed=3 k=97 f=0
43 10 50 5 16 29 80 55 22 58 95 16 59 33 90 59 30 20 21 60 78 73 38 96 16 59 31 95 32 64 67 72 5 13 11 81 52 84 12 22 66 7 31 89 43 88 0 73 4 19 22 1 78 96 73 86 18 96 87 52 36 10 47 84 55 65 62 11 91 60 27 0 78 1 27 38 41 52 69 54 95 68 59 44 77 67 64 12 41 49 0 44 96 34 87 44 2 77 79 33 22 38 89 76 79 84 70 26 6 33
run=5 seed=4 k=97 f=0
2 22 52 77 79 10 85 74 42 29 9 96 89 40 91 66 44 45 16 83 29 56 74 89 10 68 16 64 18 25 88 51 67 48 70 82 96 58 73 20 49 3 96 56 31 19 0 36 81 38 6 94 72 30 48 16 2 36 3 83 64 81 24 73 59 47 25 26 85 11 95 64 31 96 93 22 54 93 57 27 42 12 55 48 37 54 11 77 3 79 30 33 22 40 0 13 46 96 39 18 7 70 69 31 82 1 68 37 85 61
run=6 seed=5 k=97 f=0
56 15 51 23 25 29 88 6 58 59 86 94 45 82 71 74 17 2 1 11 67 95 0 86 83 94 52 38 39 46 47 96 95 29 53 68 4 93 23 67 54 30 2 47 62 41 54 76 70 6 7 11 74 64 0 79 78 30 38 51 68 23 50 66 37 14 10 67 34 75 63 30 90 32 71 31 43 19 60 74 13 34 83 82 81 19 89 83 14 12 44 20 22 33 89 56 56 0 63 37 70 22 0 96 1 96 11 89 8 80
run=7 seed=6 k=97 f=0
79 77 0 34 58 89 68 1 63 43 50 79 62 79 70 61 82 53 95 41 55 12 53 0 93 55 6 41 56 37 32 21 47 77 9 15 89 4 53 36 63 7 26 70 49 96 59 59 52 92 34 52 94 18 23 3 70 45 75 15 61 13 32 75 23 38 32 72 96 0 30 56 25 47 84 75 71 39 68 63 67 25 11 95 39 47 0 0 10 90 87 31 14 80 9 96 19 80 69 4 88 45 28 20 26 88 23 56 17 46
run=8 seed=7 k=97 f=0
78 70 42 14 46 39 48 44 71 96 67 77 47 66 66 27 30 6 25 49 65 73 70 92 1 96 19 80 0 96 89 59 70 60 20 13 84 39 63 43 45 59 39 20 26 36 82 0 96 55 61 55 3 22 34 30 56 53 94 20 83 54 12 61 86 33 48 7 0 93 79 96 86 35 16 71 84 96 79 64 6 29 54 46 19 86 73 75 78 52 37 26 20 11 52 28 45 87 8 65 17 3 34 6 38 9 0 21 40 0
run=9 seed=8 k=97 f=0
44 15 0 78 5 18 35 81 96 25 91 38 78 94 30 1 73 61 38 55 36 54 57 7 48 47 47 23 16 11 34 74 28 62 88 53 29 87 62 11 1 62 80 85 63 5 45 67 67 56 28 37 52 87 72 86 46 25 32 5 56 52 91 36 96 12 76 12 61 81 49 65 96 37 19 90 51 34 82 45 24 67 91 94 32 58 0 1 17 0 71 31 55 96 12 21 7 38 71 14 71 28 50 20 96 81 4 74 68 25
run=10 seed=9 k=97 f=0
42 2 30 79 96 9 11 27 88 71 96 48 50 18 39 57 94 93 89 32 74 65 80 66 69 48 67 91 76 0 37 48 0 52 61 33 93 2 60 34 23 9 15 74 79 42 34 55 66 58 89 25 63 71 55 57 18 30 53 67 55 33 39 85 47 34 19 57 44 3 77 10 25 5 18 11 81 86 6 50 81 96 45 36 38 32 1 8 20 45 71 74 58 41 95 26 73 65 85 13 94 80 22 13 18 11 84 26 48 3
run=11 seed=10 k=97 f=0
54 53 84 39 11 86 0 19 65 0 5 54 68 87 46 82 95 67 21 10 82 12 53 35 70 71 77 36 93 27 1 52 13 76 20 0 93 3 80 62 43 46 19 27 43 96 49 61 38 93 44 51 28 56 95 88 30 0 26 22 67 18 13 4 94 62 74 89 71 37 86 35 95 46 84 28 42 44 40 8 8 5 64 83 74 0 31 8 14 62 65 42 50 13 50 22 96 22 35 7 83 40 75 86 57 80 59 71 61 30
run=12 seed=11 k=97 f=0
86 19 15 71 92 41 96 10 79 70 59 7 0 28 93 7 53 62 9 95 7 51 74 52 83 29 49 57 16 1 96 66 68 63 38 95 82 53 60 95 33 24 87 77 31 20 28 21 24 83 58 62 71 37 1 71 62 92 12 40 31 96 65 1 46 21 30 33 8 51 89 5 16 25 86 81 48 37 0 87 0 1 8 65 66 28 17 80 55 35 73 40 38 96 19 75 46 88 76 55 75 14 91 27 23 77 11 81 45 46
run=13 seed=12 k=97 f=0
84 24 46 24 15 63 80 85 0 79 55 21 96 96 84 79 33 71 18 60 27 21 52 54 40 55 4 8 93 69 96 20 36 41 54 27 1 35 50 12 6 78 3 0 73 32 61 45 9 36 80 66 90 89 60 33 49 5 73 45 38 32 63 81 79 57 9 74 24 2 56 36 24 6 96 73 41 95 21 80 65 67 50 58 43 14 3 66 7 1 90 46 71 87 33 22 42 94 29 57 17 52 7 89 71 31 63 64 13 15
run=14 seed=13 k=97 f=0
60 90 51 85 93 84 34 30 4 81 75 44 2 50 37 49 70 70 95 52 92 48 96 42 18 70 22 66 84 0 7 38 23 79 60 51 85 16 16 86 64 55 62 11 31 57 69 4 68 1 51 5 50 10 71 28 33 2 79 94 38 56 29 93 78 10 32 66 22 26 55 91 38 23 87 34 41 88 55 77 0 19 81 66 85 61 32 40 94 96 71 15 45 76 8 25 20 28 23 78 40 13 6 13 49 15 96 57 65 43
run=15 seed=14 k=97 f=0
27 40 42 96 26 36 90 44 49 84 13 47 1 96 75 19 76 64 2 59 87 56 67 74 7 55 24 87 2 86 52 87 58 38 17 89 40 83 51 90 69 26 25 96 73 0 19 45 47 15 66 68 82 29 44 33 59 87 1 34 57 50 52 20 22 70 14 32 59 81 61 6 0 90 65 96 36 70 96 30 17 83 2 68 32 57 49 8 66 9 41 74 27 94 8 15 67 22 78 79 8 96 94 26 4 9 74 79 35 9
run=16 seed=15 k=97 f=0
76 36 64 8 24 50 14 78 71 85 95 50 48 12 21 2 49 96 82 30 85 57 21 69 71 55 59 6 36 88 48 11 90 83 95 27 38 91 41 17 65 28 25 37 14 22 40 60 80 0 76 69 64 32 53 96 28 63 37 18 44 13 91 42 16 96 5 2 30 70 96 43 83 47 66 10 2 17 10 41 1 46 87 81 23 87 58 41 78 73 56 51 8 19 33 69 61 37 5 54 52 0 59 79 83 79 57 20 31 91
run=17 seed=16 k=97 f=0
57 16 17 40 1 12 79 42 26 53 83 89 14 43 81 50 53 72 6 36 34 57 6 30 26 49 94 24 57 29 4 5 21 3 88 92 21 29 64 61 55 8 52 0 92 67 12 47 40 58 95 29 59 32 82 69 84 74 80 74 42 40 16 64 72 46 79 88 7 11 87 62 96 83 21 0 74 34 93 39 82 74 76 18 46 31 19 70 8 92 38 51 75 2 19 53 46 0 65 87 63 38 47 42 11 67 66 83 66 95
run=18 seed=17 k=97 f=0
18 90 28 96 86 40 80 57 21 77 40 28 2 58 82 94 75 9 0 66 39 26 40 96 49 15 26 53 68 73 72 93 70 51 44 48 75 46 8 30 54 20 58 62 25 33 64 31 31 37 35 96 48 71 18 35 86 27 21 44 80 46 14 22 77 64 84 9 69 96 41 50 78 33 13 16 11 36 87 82 58 59 2 52 65 78 1 56 45 96 24 84 11 95 85 22 19 77 0 2 6 44 90 61 64 37 58 9 70 2
run=19 seed=18 k=97 f=0
42 48 55 45 42 86 78 95 0 74 75 71 1 0 84 12 69 20 22 49 29 3 83 49 60 19 39 35 23 31 10 66 77 26 81 96 52 13 83 38 37 8 0 28 28 86 49 11 41 4 37 8 80 62 90 70 78 45 52 0 65 4 4 94 1 45 64 22 48 30 91 80 53 92 16 7 17 90 21 56 16 94 96 55 74 96 26 55 72 61 59 56 88 64 49 23 22 32 45 70 92 40 84 94 89 66 32 82 34 10
run=20 seed=19 k=97 f=0
82 10 34 49 16 33 80 54 3 41 78 72 29 60 21 87 56 42 76 41 1 61 2 57 14 11 70 88 62 96 31 12 67 7 72 0 92 44 96 36 86 29 25 19 79 26 18 9 4 0 51 50 51 89 27 75 64 28 66 2 17 78 40 2 40 39 90 83 10 35 22 92 61 22 45 14 81 73 79 19 26 96 68 43 57 92 0 85 74 36 47 34 55 16 65 72 44 57 85 51 96 0 11 92 64 96 81 53 96 66
