run=1 seed=0 k=92 f=0
1 19 19 68 23 60 14 72 58 1 53 0 6 67 0 91 84 10 7 44 39 79 75 44 5 91 79 27 39 28 43 90 70 23 18 51 45 33 24 43 31 19 32 80 10 1 45 88 53 30 73 90 59 52 48 51 62 13 64 49 72 49 49 28 77 13 34 25 58 82 87 17 22 83 36 65 9 64 29 3 91 40 80 10 0 28 73 57 8 61 15 10 24 91 42 80 70 76 88 55 66 8 67 0 55 35 16 86 40 84
run=2 seed=1 k=92 f=0
1 19 19 68 23 60 14 72 58 1 53 0 6 67 0 91 84 10 7 44 39 79 75 44 5 91 79 27 39 28 43 90 70 23 18 51 45 33 24 43 31 19 32 80 10 1 45 88 53 30 73 90 59 52 48 51 62 13 64 49 72 49 49 28 77 13 34 25 58 82 87 17 22 83 36 65 9 64 29 3 91 40 80 10 0 28 73 57 8 61 15 10 24 91 42 80 70 76 88 55 66 8 67 0 55 35 16 86 40 84
run=3 seed=2 k=92 f=0
10 23 42 69 6 70 37 33 49 75 13 30 40 85 91 69 90 77 53 66 51 22 61 38 26 78 23 70 21 70 81 76 2 53 0 29 88 55 43 32 11 0 74 47 12 6 79 91 81 11 59 13 53 86 28 58 30 79 52 39 59 62 15 27 80 16 21 90 67 15 33 0 33 4 62 88 46 85 5 61 64 29 91 81 23 49 22 84 0 87 73 42 72 0 4 9 33 59 53 56 15 44 91 74 49 38 64 3 41 17
run=4 seed=3 k=92 f=0
51 49 24 72 69 23 61 89 33 61 70 36 1 51 63 57 64 91 44 53 62 0 14 32 70 0 81 0 8 13 34 2 8 8 25 76 27 66 67 56 36 54 69 16 80 18 51 84 46 37 71 44 60 81 38 42 12 90 39 20 46 43 50 71 91 85 61 65 3 85 61 41 28 19 38 15 15 39 32 9 29 91 13 1 24 43 78 50 55 84 3 26 36 55 53 90 57 11 77 2 90 28 64 85 72 91 81 19 79 44
run=5 seed=4 k=92 f=0
41 87 86 32 39 84 15 35 2 12 18 63 20 64 23 83 89 91 0 11 91 83 58 74 45 9 54 79 10 52 1 90 59 91 54 50 61 84 81 34 43 91 8 67 29 25 6 23 49 49 55 25 67 77 72 22 71 11 18 46 55 53 27 16 31 5 9 81 82 36 66 73 3 11 68 91 4 32 0 62 70 70 44 20 75 27 45 65 41 43 15 46 32 41 6 11 35 18 0 19 26 74 80 68 71 18 1 13 73 55
run=6 seed=5 k=92 f=0
35 38 16 53 26 88 59 25 30 37 66 0 54 71 0 52 8 29 41 2 14 34 33 67 43 83 47 17 46 83 91 57 76 2 55 25 47 62 12 91 5 72 29 18 51 78 18 51 40 25 9 2 10 68 84 65 5 0 83 87 39 40 76 7 60 80 0 71 45 80 75 86 71 78 42 66 13 62 21 73 54 7 78 18 48 22 31 34 41 8 91 10 27 72 33 88 57 63 57 9 82 49 30 69 85 64 16 0 90 90
run=7 seed=6 k=92 f=0
36 48 11 78 39 43 21 15 62 75 29 75 71 23 59 65 9 72 63 82 37 82 76 90 1 69 66 28 59 65 66 36 80 34 0 17 64 91 71 35 38 87 58 24 2 6 56 54 22 27 17 64 88 49 58 39 82 32 84 50 68 15 58 6 27 54 0 53 88 43 48 22 86 30 44 79 14 11 19 42 3 42 15 10 57 26 50 46 0 0 87 75 10 1 11 32 8 31 22 50 43 73 35 27 77 81 41 91 41 91
run=8 seed=7 k=92 f=0
16 11 34 59 5 75 0 57 42 21 87 52 82 57 45 3 74 10 9 82 20 40 36 34 57 24 62 87 81 74 46 2 87 20 81 27 49 12 57 66 18 0 35 62 54 66 49 49 73 74 7 50 26 82 70 81 1 91 16 15 61 91 47 41 80 39 0 27 90 75 41 73 23 49 9 0 32 40 26 59 45 15 0 90 50 61 11 54 6 32 66 34 65 27 33 91 68 51 25 71 72 61 68 0 3 39 57 22 82 91
run=9 seed=8 k=92 f=0
24 55 1 91 0 17 85 53 81 81 91 70 72 15 40 19 48 30 91 34 1 78 73 83 41 75 59 84 85 8 9 68 41 39 57 55 80 32 35 38 8 24 24 74 68 26 18 4 52 12 7 6 31 67 91 62 14 28 13 59 81 60 85 47 71 66 65 6 66 19 84 22 90 80 0 27 29 11 62 21 0 47 17 46 62 50 75 35 32 31 78 44 41 23 43 91 74 16 38 50 5 49 14 91 1 45 3 41 3 58
run=10 seed=9 k=92 f=0
74 70 86 47 74 30 67 84 12 44 75 71 59 1 9 0 75 20 91 90 53 9 33 45 51 18 16 83 55 29 0 28 4 90 23 53 30 81 62 91 83 37 14 83 45 34 0 67 91 39 87 54 59 79 32 58 46 66 43 7 89 91 86 58 23 9 13 65 80 79 71 54 62 71 20 48 68 26 18 62 0 72 25 15 16 20 37 32 27 79 40 42 17 68 31 37 38 2 63 38 32 47 46 4 31 10 2 19 9 58
run=11 seed=10 k=92 f=0
53 56 43 66 42 77 36 77 11 91 90 74 24 33 75 47 25 9 23 84 32 68 18 89 91 56 18 80 39 55 65 35 68 60 48 35 17 37 11 13 75 12 73 28 88 50 15 2 60 4 15 0 48 81 21 91 69 65 36 22 5 21 2 59 59 50 44 72 57 0 31 63 38 68 42 51 66 15 53 72 91 88 29 47 42 58 85 2 30 1 82 4 83 8 66 91 41 0 63 83 6 27 84 77 33 7 0 19 73 22
run=12 seed=11 k=92 f=0
81 38 13 77 19 18 35 57 89 55 66 78 41 83 85 42 54 87 72 33 54 16 28 0 64 0 23 12 15 73 78 13 47 52 61 91 70 49 21 16 4 36 71 26 51 5 43 57 29 46 7 75 24 68 6 6 21 91 46 90 69 10 77 67 29 33 38 48 91 59 65 72 71 57 28 35 29 5 36 85 43 60 0 0 79 70 41 62 29 91 11 81 11 85 51 0 30 40 48 52 88 62 24 6 2 68 58 21 17 21
run=13 seed=12 k=92 f=0
54 79 20 81 72 41 14 48 0 0 62 57 69 46 72 80 61 1 47 68 2 36 11 72 30 32 91 87 33 79 70 34 89 28 78 31 14 55 61 69 68 88 40 65 8 73 91 12 4 49 19 13 33 57 38 63 88 91 2 70 77 58 51 81 79 80 22 12 24 84 11 79 46 21 8 0 91 7 22 42 15 64 50 42 90 50 54 59 7 0 39 20 26 35 25 44 26 89 25 16 86 53 4 35 4 63 77 15 71 43
run=14 seed=13 k=92 f=0
22 41 91 7 90 86 0 63 52 16 26 87 74 66 18 45 81 8 3 4 21 91 27 14 15 28 68 72 16 82 83 87 34 17 30 79 7 29 63 48 54 5 76 67 32 75 56 48 14 48 25 1 13 84 52 65 64 52 63 40 45 30 71 40 41 88 57 20 39 72 34 32 76 1 46 47 76 0 5 57 29 68 61 61 20 57 10 81 59 22 91 12 42 51 10 0 9 43 74 90 24 34 50 91 18 23 85 51 35 35
run=15 seed=14 k=92 f=0
39 90 78 69 56 70 83 58 0 11 11 25 57 30 37 45 28 0 55 51 83 71 55 90 8 58 88 25 51 88 73 66 7 63 81 77 67 31 1 59 34 33 7 25 32 46 38 46 89 49 4 90 79 31 41 17 0 16 35 41 75 58 70 31 65 19 16 35 50 60 81 16 80 19 23 46 68 52 0 12 70 17 62 9 22 17 20 64 7 4 87 77 11 48 10 74 47 26 65 64 23 54 81 44 65 5 40 82 91 91
run=16 seed=15 k=92 f=0
63 18 0 71 24 38 82 0 9 52 33 44 48 38 42 68 9 75 45 44 9 15 57 29 26 15 71 41 25 86 5 85 91 5 64 1 15 56 72 27 57 6 30 16 68 91 27 53 22 88 89 2 49 54 8 75 40 0 36 16 29 23 43 60 13 65 82 18 18 51 85 60 4 41 65 7 79 48 77 72 37 61 80 77 66 59 46 78 24 37 20 51 83 31 29 73 54 79 55 34 90 46 69 88 83 88 1 63 91 37
run=17 seed=16 k=92 f=0
40 37 81 32 27 47 66 15 62 72 27 61 31 84 16 78 62 68 32 91 84 49 2 0 56 43 68 68 89 2 17 78 77 38 20 13 66 88 55 32 19 21 5 87 48 86 75 24 42 90 67 41 78 23 14 83 76 71 25 12 51 53 14 36 91 38 61 20 1 25 62 36 9 16 57 38 50 19 86 7 82 53 88 70 48 0 91 45 72 33 72 43 12 21 7 55 26 1 79 29 30 11 40 79 46 59 3 55 45 10
run=18 seed=17 k=92 f=0
21 0 68 59 3 73 73 79 0 59 58 74 82 25 18 30 76 15 62 90 58 20 62 4 87 87 52 91 0 29 55 19 29 91 66 39 67 54 14 0 75 12 82 80 31 50 38 54 45 36 62 51 41 6 73 77 2 15 10 21 33 39 53 65 47 49 89 35 87 55 0 72 47 77 67 91 33 59 24 44 5 78 22 65 31 43 18 32 44 3 83 9 91 37 68 10 64 13 51 7 67 46 87 39 84 11 22 15 70 27
run=19 seed=18 k=92 f=0
24 50 72 63 0 83 36 1 91 81 30 6 24 70 15 53 27 8 7 83 18 15 39 35 62 43 63 10 18 40 36 37 52 24 54 91 38 85 42 35 66 89 60 0 85 77 68 73 72 52 91 88 73 85 31 29 3 80 49 36 74 20 6 27 19 31 63 55 15 29 48 12 31 45 59 81 6 46 17 77 13 31 23 61 34 74 44 42 0 53 58 46 47 64 1 13 91 21 80 87 80 6 49 0 65 61 56 71 71 9
run=20 seed=19 k=92 f=0
63 62 69 28 25 54 75 21 80 70 30 46 49 91 9 7 86 47 20 52 39 82 59 9 42 88 6 90 58 41 35 88 41 65 31 72 22 70 85 9 35 75 71 33 46 10 91 80 32 0 91 62 84 48 5 15 87 51 36 16 8 70 14 24 48 29 0 42 79 26 59 62 19 83 2 67 40 91 1 69 53 19 20 32 78 37 19 73 37 55 12 70 61 1 3 13 77 4 66 76 31 26 84 72 44 54 41 6 27 57
