run=1 seed=0 k=99 f=0
27 43 69 47 47 0 32 39 0 70 29 98 5 37 95 35 42 54 61 86 98 48 60 34 0 17 44 76 89 10 58 18 96 5 95 75 73 91 38 65 51 53 81 88 3 74 23 15 29 39 74 28 71 88 18 0 50 97 19 0 15 81 79 69 83 26 44 53 4 56 96 34 9 92 82 24 56 68 88 35 47 27 93 79 14 31 13 65 80 71 6 96 82 19 67 39 16 9 63 19 63 91 21 73 52 84 59 29 48 61
run=2 seed=1 k=99 f=0
27 43 69 47 47 0 32 39 0 70 29 98 5 37 95 35 42 54 61 86 98 48 60 34 0 17 44 76 89 10 58 18 96 5 95 75 73 91 38 65 51 53 81 88 3 74 23 15 29 39 74 28 71 88 18 0 50 97 19 0 15 81 79 69 83 26 44 53 4 56 96 34 9 92 82 24 56 68 88 35 47 27 93 79 14 31 13 65 80 71 6 96 82 19 67 39 16 9 63 19 63 91 21 73 52 84 59 29 48 61
run=3 seed=2 k=99 f=0
98 19 89 29 95 91 73 69 0 0 41 63 74 53 80 0 98 18 48 77 98 49 91 26 82 10 26 47 54 33 3 51 1 18 40 39 13 93 59 80 86 16 27 10 88 83 6 82 39 51 46 19 54 37 34 40 50 70 62 5 39 39 54 55 13 30 73 20 68 19 98 92 47 71 60 30 89 64 14 27 90 44 63 76 0 37 9 65 59 24 68 13 1 23 79 84 97 67 84 32 85 79 98 33 59 75 63 69 23 97
run=4 seed=3 k=99 f=0
17 72 30 39 41 94 85 75 89 57 33 63 54 0 66 0 15 10 75 55 96 18 31 53 49 95 64 2 79 58 15 4 25 26 35 1 28 92 67 63 13 27 8 34 52 50 67 43 71 54 44 49 97 2 92 47 62 40 6 88 46 64 82 71 59 21 83 23 10 53 86 81 77 21 42 6 74 58 69 56 38 80 62 98 48 23 87 9 13 5 96 98 40 79 30 0 39 71 12 89 33 96 0 95 77 22 16 87 98 60
run=5 seed=4 k=99 f=0
57 86 82 64 97 65 26 67 22 69 98 33 10 17 31 96 73 17 98 30 52 74 17 90 36 55 18 16 78 91 69 44 0 86 80 75 58 67 39 37 49 60 21 44 8 50 34 33 81 19 41 53 51 7 61 46 45 64 59 12 70 82 1 49 9 35 24 2 1 63 32 73 70 25 15 24 25 86 44 91 4 38 35 20 58 70 11 2 73 9 16 80 89 28 88 97 0 12 0 8 80 55 51 87 30 45 0 98 78 94
run=6 seed=5 k=99 f=0
81 32 7 74 5 64 98 86 93 15 61 90 45 29 21 2 53 57 75 78 71 11 42 4 66 31 4 0 77 70 9 42 96 19 37 11 83 95 0 24 91 98 50 35 21 36 0 28 1 90 14 98 80 55 75 93 27 77 32 4 32 14 95 48 58 9 19 52 86 44 22 32 73 81 48 83 58 49 10 17 26 83 89 54 7 33 46 58 46 27 67 24 18 36 98 76 45 16 41 89 65 58 20 71 62 66 54 77 26 65
run=7 seed=6 k=99 f=0
44 97 20 41 86 14 83 73 90 31 1 94 52 8 49 20 12 54 52 61 9 40 88 60 71 63 78 73 53 60 55 21 70 48 66 28 63 26 86 21 75 31 64 6 32 14 27 91 42 75 62 80 7 4 16 6 90 79 44 23 73 86 59 24 20 98 79 7 49 67 58 52 97 8 96 33 40 64 0 28 14 98 46 41 98 6 97 72 32 89 1 34 79 0 46 14 82 70 10 32 36 69 85 34 37 0 70 22 49 56
run=8 seed=7 k=99 f=0
49 51 41 1 56 73 50 62 17 0 43 4 4 75 52 69 43 84 98 57 35 19 0 3 52 74 82 39 91 86 27 73 31 68 18 87 27 66 42 34 7 25 35 10 78 36 78 64 88 84 58 68 68 59 98 10 15 14 27 82 37 57 87 41 57 71 19 48 83 28 81 26 94 16 98 51 92 77 62 3 62 27 87 52 17 21 51 46 10 32 0 4 51 78 70 97 95 65 74 25 44 1 13 8 74 11 43 60 34 92
run=9 seed=8 k=99 f=0
93 27 70 45 90 28 78 74 4 23 86 82 58 56 55 44 9 76 79 31 5 96 77 40 55 36 11 53 56 45 39 67 19 31 83 60 39 1 31 1 14 6 4 84 73 15 0 0 32 7 19 98 58 90 31 14 86 97 19 27 41 63 88 97 98 50 51 93 66 2 91 81 8 21 53 65 37 69 64 21 73 83 96 16 24 38 46 94 98 24 44 38 69 12 53 78 62 21 64 35 21 69 98 29 71 7 98 89 0 61
run=10 seed=9 k=99 f=0
25 47 34 22 82 79 51 79 47 23 9 97 98 52 57 74 90 60 0 74 69 43 10 98 41 76 63 29 58 91 38 19 70 72 60 34 55 33 14 98 54 50 94 52 12 59 26 9 13 42 86 9 0 10 91 55 90 56 48 1 34 20 66 2 84 1 42 29 32 47 41 84 92 35 35 6 0 83 21 16 75 3 21 82 20 26 43 78 66 5 65 0 45 23 93 64 63 90 66 4 83 14 39 76 50 70 80 80 30 98
run=11 seed=10 k=99 f=0
22 49 72 81 63 49 23 76 89 20 98 83 36 72 29 85 63 16 58 36 48 16 75 31 36 11 1 37 31 3 18 50 83 93 97 0 93 55 76 80 88 64 64 42 0 67 31 10 9 39 5 57 97 52 86 70 64 93 8 47 38 4 47 65 17 80 92 8 34 67 26 21 98 44 40 98 44 71 20 5 12 98 78 55 43 59 13 16 61 46 35 59 1 22 52 85 88 43 91 62 11 80 21 27 74 27 72 59 0 0
run=12 seed=11 k=99 f=0
77 95 87 75 42 47 4 25 95 16 2 51 98 31 2 72 10 20 97 78 24 40 28 58 83 35 16 50 73 67 12 58 38 83 22 27 39 74 7 46 0 81 79 88 69 49 12 12 65 98 28 94 19 19 76 22 17 49 2 93 24 97 18 2 82 61 69 41 83 35 23 7 53 46 90 55 65 1 98 35 66 26 28 42 90 0 55 88 55 98 17 34 83 48 46 6 63 14 18 62 49 56 61 76 72 3 32 87 37 64
run=13 seed=12 k=99 f=0
8 32 23 36 45 82 30 38 76 72 25 90 0 29 46 98 32 91 89 12 11 88 45 73 60 12 1 98 57 98 86 84 17 8 8 66 73 30 29 50 78 78 40 54 4 17 72 34 9 98 75 17 65 82 55 26 51 77 22 12 4 4 11 62 58 22 45 43 37 82 70 94 69 79 48 18 92 23 88 0 98 3 18 20 40 44 60 92 90 54 1 60 42 85 51 59 45 65 68 38 53 1 33 71 68 78 96 11 0 54
run=14 seed=13 k=99 f=0
29 83 9 67 80 64 42 71 35 54 23 55 36 63 40 61 9 13 14 78 56 49 72 49 90 92 48 52 77 83 70 5 4 57 74 56 44 15 75 17 67 2 98 98 14 97 30 22 93 27 0 98 57 19 6 6 63 82 53 42 25 0 46 86 95 21 40 61 34 63 29 18 78 36 11 47 45 68 37 61 85 49 38 97 20 91 88 29 76 19 35 89 6 72 6 81 91 85 34 52 76 64 15 25 0 27 52 44 19 0
run=15 seed=14 k=99 f=0
58 14 58 49 7 89 30 90 0 88 9 61 1 63 23 74 45 98 6 23 29 56 19 24 39 88 97 57 95 21 85 52 33 84 95 42 36 61 20 35 56 29 42 15 48 63 98 66 94 67 79 0 25 7 40 8 49 83 60 44 6 43 53 1 95 91 79 33 53 0 68 43 28 9 46 32 71 48 10 65 90 14 2 52 84 24 17 58 75 76 74 79 19 74 49 10 30 95 69 3 61 37 85 26 23 78 27 94 93 40
run=16 seed=15 k=99 f=0
80 13 3 17 57 92 87 93 36 25 74 97 11 84 89 60 78 7 98 28 91 30 50 51 70 62 42 83 66 21 92 13 66 98 33 22 18 83 9 62 84 39 71 15 2 67 9 1 74 28 20 13 23 75 76 53 0 39 87 13 59 75 0 59 44 65 35 59 1 88 3 83 87 38 45 38 93 46 9 69 73 82 35 0 68 52 52 80 43 64 30 1 54 35 60 96 26 95 84 26 44 79 28 20 98 45 46 41 96 51
run=17 seed=16 k=99 f=0
60 15 39 67 21 53 82 35 87 95 96 41 2 41 91 52 72 28 42 3 18 26 83 73 8 49 49 61 20 15 30 28 22 92 47 82 44 13 67 33 89 7 64 1 39 44 1 12 71 4 47 13 74 16 54 97 53 97 40 82 0 68 62 38 33 8 98 78 0 13 18 40 77 36 52 26 66 34 27 94 95 98 6 50 55 59 80 73 30 58 4 71 80 63 76 91 71 11 67 89 36 41 29 91 18 87 34 80 19 58
run=18 seed=17 k=99 f=0
72 42 32 43 58 7 37 33 51 20 73 69 70 39 98 80 61 98 97 78 43 65 33 86 91 80 64 54 60 17 27 13 58 27 10 14 35 50 82 87 75 8 57 44 95 7 47 37 24 15 15 0 80 88 47 77 1 12 52 37 89 32 42 75 0 9 27 22 66 30 10 40 17 65 83 64 29 2 73 36 21 0 2 98 39 52 97 26 68 0 47 97 62 79 91 98 87 93 25 53 7 94 79 21 47 73 87 11 25 60
run=19 seed=18 k=99 f=0
86 53 0 25 58 29 66 93 33 2 79 52 98 23 94 94 90 72 95 52 92 27 68 4 81 16 40 17 2 70 29 12 13 75 37 69 44 3 79 64 39 43 11 36 67 45 53 43 17 48 41 75 80 8 91 62 25 19 32 90 7 17 46 89 54 14 60 98 52 34 61 62 0 38 19 26 85 25 58 0 17 56 42 98 88 68 97 83 80 13 47 0 64 55 7 33 95 69 32 53 84 3 23 14 70 8 73 77 11 88
run=20 seed=19 k=99 f=0
20 37 97 76 58 0 8 12 2 2 35 57 10 41 6 78 85 46 53 87 89 46 23 94 13 35 20 74 94 26 49 50 72 31 18 32 53 34 45 54 4 76 13 61 28 69 91 40 69 44 30 9 5 56 68 18 44 49 92 85 10 68 36 82 81 62 10 40 97 25 98 97 29 8 82 37 31 98 71 1 0 26 96 47 60 64 63 76 85 98 90 59 96 1 74 84 87 63 5 87 74 0 17 43 25 82 18 62 0 17
