run=1 seed=0 k=71 f=0
63 69 47 70 26 12 61 57 26 34 70 30 70 62 63 69 7 19 42 51 40 5 14 30 0 7 30 61 63 38 2 6 50 51 70 22 28 44 56 29 65 0 57 37 51 12 30 70 11 29 7 0 31 40 7 45 62 60 65 43 36 44 33 60 7 49 0 63 20 12 18 17 56 35 21 0 47 8 22 14 69 56 18 18 27 22 56 56 18 65 34 44 19 2 48 35 34 35 10 27 10 15 52 39 50 40 53 24 48 0
run=2 seed=1 k=71 f=0
63 69 47 70 26 12 61 57 26 34 70 30 70 62 63 69 7 19 42 51 40 5 14 30 0 7 30 61 63 38 2 6 50 51 70 22 28 44 56 29 65 0 57 37 51 12 30 70 11 29 7 0 31 40 7 45 62 60 65 43 36 44 33 60 7 49 0 63 20 12 18 17 56 35 21 0 47 8 22 14 69 56 18 18 27 22 56 56 18 65 34 44 19 2 48 35 34 35 10 27 10 15 52 39 50 40 53 24 48 0
run=3 seed=2 k=71 f=0
9 10 46 25 49 56 31 1 10 23 33 5 62 34 7 22 65 15 62 48 31 68 56 38 0 55 6 33 61 11 70 69 70 6 54 46 9 70 16 29 8 52 18 29 41 41 49 21 35 38 12 9 26 16 15 27 54 32 37 20 14 5 11 64 32 20 0 19 43 37 52 27 42 65 23 0 70 52 47 20 56 0 56 29 42 48 0 40 70 59 25 56 0 45 68 26 1 34 42 61 63 37 70 17 40 63 16 46 70 62
run=4 seed=3 k=71 f=0
51 0 36 17 52 22 31 27 57 23 49 30 7 63 54 45 50 66 43 21 61 19 22 13 69 63 43 64 9 36 35 34 0 53 57 70 0 24 25 29 56 57 59 38 46 41 62 31 59 44 55 0 70 9 38 70 68 34 63 41 47 4 2 46 7 39 59 5 14 61 18 65 17 36 1 1 45 8 12 20 14 26 16 0 66 70 70 28 0 7 35 13 15 50 49 33 52 48 66 27 38 45 21 39 42 7 42 26 57 70
run=5 seed=4 k=71 f=0
70 13 9 61 6 25 24 0 45 29 41 15 8 70 42 41 70 6 8 36 32 47 15 16 0 51 18 65 6 20 23 7 0 5 52 54 61 19 20 22 69 61 44 32 58 14 57 45 53 17 24 0 0 37 17 39 45 25 6 34 2 57 56 38 36 14 62 54 62 65 60 27 20 29 32 49 38 12 35 30 41 30 35 26 14 56 11 65 0 10 29 64 0 70 2 37 3 21 52 50 63 69 70 44 17 45 28 53 65 70
run=6 seed=5 k=71 f=0
35 2 54 1 54 27 38 21 33 25 40 25 25 39 36 30 7 64 62 4 57 0 61 42 0 63 46 70 59 54 57 55 70 59 0 49 0 17 6 57 37 14 51 56 45 49 28 0 8 46 37 48 63 18 6 19 70 52 43 49 63 19 70 51 22 12 13 15 67 17 45 26 7 53 8 68 12 23 36 41 41 25 29 2 0 10 31 2 10 66 29 64 33 42 56 62 10 42 33 45 69 44 70 21 25 19 52 35 15 70
run=7 seed=6 k=71 f=0
16 70 0 70 6 41 50 44 27 37 23 0 19 24 63 21 5 31 32 67 25 69 62 50 12 33 17 35 50 55 60 51 70 5 12 0 70 62 44 58 21 29 43 57 28 62 32 9 27 24 32 46 0 41 63 0 53 28 35 40 46 65 51 2 60 3 24 37 70 26 70 8 46 39 12 5 0 37 42 22 66 55 16 9 38 58 30 66 10 39 53 0 37 10 14 45 48 46 64 4 64 20 17 19 66 53 0 10 70 18
run=8 seed=7 k=71 f=0
52 69 60 50 17 18 41 37 15 28 27 0 23 56 43 1 41 59 62 70 56 12 16 33 55 70 21 6 51 70 58 53 0 56 0 26 0 51 37 51 53 61 0 10 35 65 21 70 7 18 64 11 52 29 64 51 32 33 27 33 11 28 70 49 13 46 43 43 36 57 0 32 37 68 47 46 70 65 7 30 19 36 25 25 30 12 22 5 8 3 6 6 15 69 70 40 18 24 17 22 16 33 42 62 65 46 60 42 46 0
run=9 seed=8 k=71 f=0
29 70 16 70 22 41 39 6 34 33 42 11 60 8 37 7 60 23 35 50 39 68 31 57 54 7 1 32 33 16 13 13 70 11 39 20 27 9 7 70 61 52 28 49 1 21 49 12 43 47 5 16 38 61 66 56 68 42 48 20 26 66 22 32 46 15 1 64 0 65 70 26 36 44 29 15 55 62 1 6 41 54 60 0 1 47 27 24 27 35 54 57 0 51 27 34 42 43 61 16 18 2 70 9 51 47 20 23 70 0
run=10 seed=9 k=71 f=0
43 8 19 70 5 61 14 29 10 17 0 4 49 39 63 38 20 24 49 67 27 55 12 70 0 40 6 51 43 69 70 56 30 23 10 21 15 23 36 1 66 23 27 54 33 62 6 13 59 7 64 56 57 32 62 18 41 46 51 32 39 47 70 37 6 55 0 35 47 70 15 43 7 57 40 0 31 65 60 37 11 0 43 62 43 19 67 12 55 34 57 18 0 70 27 33 0 27 14 17 37 46 53 41 28 24 8 60 29 47
run=11 seed=10 k=71 f=0
70 0 0 54 52 56 41 25 46 31 39 11 60 61 43 28 36 21 62 10 48 12 49 11 0 10 18 67 63 0 15 32 0 31 46 18 26 52 7 55 38 45 70 35 59 5 50 27 19 23 5 0 47 62 6 36 10 58 7 35 27 4 69 66 51 37 44 65 70 42 1 0 62 55 69 23 23 52 20 29 56 36 23 70 13 50 12 29 70 61 31 58 0 69 68 43 44 27 54 14 6 21 20 63 5 39 33 53 41 17
run=12 seed=11 k=71 f=0
18 26 8 45 63 58 39 43 34 33 5 0 62 20 37 69 48 35 52 49 56 32 41 25 0 28 38 18 64 19 67 26 70 24 27 32 0 52 6 15 21 55 48 43 1 14 51 11 7 17 20 70 57 62 8 11 70 56 65 35 69 5 20 48 63 28 0 65 54 25 46 10 52 23 69 69 0 62 33 60 58 54 35 46 0 50 39 2 70 62 40 58 43 15 14 33 53 21 27 28 70 2 12 7 4 46 24 41 11 0
run=13 seed=12 k=71 f=0
9 10 54 0 6 69 59 32 63 20 42 37 54 52 22 70 7 3 54 5 37 22 48 36 0 34 26 18 16 54 40 55 26 38 0 0 47 0 41 31 6 62 25 61 58 49 4 46 39 46 43 70 32 16 37 30 9 24 65 50 44 22 58 56 64 23 17 20 12 59 25 37 40 54 68 70 60 51 37 54 21 9 49 8 48 4 46 64 70 14 32 12 70 30 13 18 2 42 0 31 0 46 27 19 63 26 62 69 15 27
run=14 seed=13 k=71 f=0
7 0 25 46 9 22 30 11 57 63 48 19 0 23 54 54 50 38 41 27 6 61 42 60 11 63 16 22 68 25 55 65 32 53 38 53 31 65 64 28 5 37 47 46 15 20 42 0 8 17 61 70 27 8 32 6 16 68 60 29 60 14 33 51 17 70 70 5 0 12 57 41 64 22 1 48 55 18 22 62 1 37 69 46 70 41 17 33 0 70 25 34 56 46 34 24 40 13 55 27 22 16 6 6 10 48 38 31 0 70
run=15 seed=14 k=71 f=0
8 69 20 51 65 70 65 0 70 45 62 36 10 35 67 69 18 16 18 55 16 22 25 26 12 35 11 54 45 70 0 21 0 5 70 54 25 70 31 50 9 27 41 62 47 15 55 36 43 12 66 12 60 43 6 61 60 0 5 54 49 4 46 56 65 39 46 40 59 13 25 31 31 48 34 59 0 22 63 42 70 60 14 64 49 21 29 28 0 43 41 48 51 0 2 34 26 8 17 40 50 12 6 37 7 21 18 35 55 28
run=16 seed=15 k=71 f=0
0 0 36 0 34 12 41 37 56 64 28 0 61 17 7 69 21 45 6 42 32 1 14 55 42 62 11 18 63 68 29 64 70 32 70 48 54 46 31 30 15 8 21 19 9 8 60 26 37 53 6 0 42 23 25 12 18 34 65 47 70 33 2 64 62 41 38 20 56 11 52 2 7 61 16 68 40 62 57 62 57 46 68 39 0 35 11 52 15 24 22 49 1 70 42 26 54 28 55 52 64 47 20 49 44 48 10 38 26 70
run=17 seed=16 k=71 f=0
24 27 18 44 10 60 58 70 63 24 55 0 61 1 60 29 64 17 18 48 49 30 57 0 11 28 25 36 44 62 46 15 46 14 30 70 36 53 4 7 64 24 63 38 3 23 48 31 18 6 6 70 54 36 49 19 10 19 24 67 6 50 36 68 55 67 10 32 42 29 35 3 4 62 7 49 16 54 0 22 60 53 15 51 24 20 55 38 70 39 41 41 0 27 12 43 69 10 15 66 42 1 34 48 13 62 70 56 45 0
run=18 seed=17 k=71 f=0
33 29 42 54 9 7 47 65 8 20 30 50 61 63 11 70 47 63 60 43 40 58 54 16 19 63 13 61 59 42 13 0 69 13 70 0 9 35 20 15 12 0 20 24 68 37 4 52 17 34 31 2 56 25 35 35 53 30 25 24 16 0 63 30 28 21 41 60 42 65 4 23 12 32 20 54 29 57 6 22 8 18 42 33 70 15 56 5 1 26 46 51 69 0 37 45 1 30 11 48 64 69 70 35 39 49 26 53 39 70
run=19 seed=18 k=71 f=0
24 0 61 40 64 12 56 60 9 33 70 66 70 48 48 57 61 30 18 65 12 5 12 41 0 15 4 49 18 52 17 18 64 65 26 33 36 44 70 70 51 0 10 48 29 47 14 55 54 6 6 0 55 31 20 43 27 44 37 33 50 70 30 21 7 49 1 34 56 12 63 42 17 5 38 26 14 8 21 34 57 24 39 25 37 51 42 38 70 32 44 27 62 1 0 19 59 53 10 37 48 23 42 49 11 7 10 68 66 0
run=20 seed=19 k=71 f=0
39 31 27 70 52 46 56 42 51 8 60 66 70 24 54 34 65 12 58 67 7 0 0 66 46 0 20 23 46 52 55 1 18 47 2 9 36 11 70 19 23 36 13 53 44 22 66 1 29 19 34 59 0 34 35 40 0 26 38 56 42 22 57 36 34 17 27 37 42 29 4 10 70 59 13 41 70 62 10 48 0 61 63 14 64 9 30 26 42 28 49 30 62 45 16 54 7 15 5 5 25 19 22 51 36 14 20 70 18 7
