run=1 seed=0 k=88 f=0
41 52 20 35 13 63 42 5 27 45 75 56 81 3 62 14 19 7 70 0 43 56 70 79 47 87 37 43 1 87 63 15 53 0 26 28 74 39 60 10 22 20 28 21 22 66 23 13 48 50 24 53 35 13 60 16 59 55 60 70 85 37 4 47 36 9 0 57 80 17 11 87 86 63 32 87 66 67 81 87 6 6 8 30 54 37 35 54 72 48 47 50 20 29 76 4 78 46 41 76 82 71 11 42 69 73 67 33 29 80
run=2 seed=1 k=88 f=0
41 52 20 35 13 63 42 5 27 45 75 56 81 3 62 14 19 7 70 0 43 56 70 79 47 87 37 43 1 87 63 15 53 0 26 28 74 39 60 10 22 20 28 21 22 66 23 13 48 50 24 53 35 13 60 16 59 55 60 70 85 37 4 47 36 9 0 57 80 17 11 87 86 63 32 87 66 67 81 87 6 6 8 30 54 37 35 54 72 48 47 50 20 29 76 4 78 46 41 76 82 71 11 42 69 73 67 33 29 80
run=3 seed=2 k=88 f=0
74 42 28 79 46 67 43 67 0 27 86 52 31 63 72 80 46 20 17 32 47 74 25 56 71 53 5 50 22 0 69 15 26 59 1 8 24 16 32 69 39 8 2 0 87 22 30 85 51 19 0 85 55 87 76 84 59 3 54 38 26 48 87 33 50 79 42 73 19 86 23 55 61 5 49 67 40 52 17 60 45 64 21 71 4 14 10 71 37 37 59 39 87 7 77 41 9 46 79 12 13 19 62 77 80 33 73 27 33 9
run=4 seed=3 k=88 f=0
68 1 35 65 25 0 12 40 0 78 76 56 65 16 83 33 21 87 57 71 35 59 87 9 51 6 61 55 28 17 35 10 81 48 46 17 83 73 75 58 2 46 52 24 72 84 33 32 37 43 77 5 84 73 40 25 57 41 10 0 35 72 65 39 39 45 45 46 33 63 81 34 13 22 67 23 86 4 0 12 49 56 18 69 13 39 71 20 18 4 87 53 26 10 32 0 87 78 86 59 66 79 9 80 29 64 49 44 77 26
run=5 seed=4 k=88 f=0
15 78 19 58 74 1 71 55 66 17 79 14 47 28 69 30 62 72 87 2 29 85 55 33 68 86 22 15 0 36 54 87 24 23 35 69 39 12 55 12 17 49 60 59 87 8 62 42 24 11 8 52 39 0 61 43 78 0 87 41 72 49 43 64 8 18 79 35 2 21 1 73 86 61 16 64 67 37 18 24 31 28 6 64 39 72 79 57 40 75 46 42 0 66 81 86 31 79 23 7 14 3 87 27 85 45 55 66 77 48
run=6 seed=5 k=88 f=0
48 21 29 17 61 31 34 30 9 21 58 7 36 86 5 38 42 68 6 63 42 85 15 62 28 57 15 87 46 2 66 83 87 25 56 73 28 47 57 10 50 21 50 0 3 51 64 41 21 66 27 0 38 77 31 45 57 86 73 37 31 9 4 51 24 82 14 36 67 66 13 24 55 46 40 84 37 21 51 27 17 43 78 53 0 74 79 52 86 71 33 74 1 10 42 68 34 70 78 79 9 15 87 22 18 48 78 57 63 0
run=7 seed=6 k=88 f=0
7 17 2 75 20 72 86 67 58 38 54 49 16 85 82 86 56 1 0 72 31 60 48 44 4 52 12 84 74 21 26 24 60 48 44 87 48 6 66 23 52 86 42 51 61 38 30 29 65 35 61 72 36 10 30 37 57 18 78 28 43 65 39 21 22 86 15 84 5 17 35 34 34 53 80 9 62 24 29 34 56 66 2 64 72 0 14 46 27 1 79 4 39 75 45 25 67 45 13 77 69 74 38 87 8 51 83 55 61 19
run=8 seed=7 k=88 f=0
36 54 0 12 45 29 49 10 29 2 51 1 0 86 25 80 2 87 42 3 20 27 51 0 23 35 15 41 24 43 23 62 9 5 78 52 27 12 64 68 80 33 31 68 63 69 18 76 57 64 61 57 2 79 15 0 37 71 84 83 40 50 37 57 24 73 18 76 22 75 34 45 4 18 86 17 37 58 62 49 29 44 82 53 70 49 9 31 87 59 87 37 65 46 7 78 69 20 66 44 41 76 15 31 17 30 87 9 13 57
run=9 seed=8 k=88 f=0
72 75 0 18 79 51 6 0 10 87 86 26 35 41 32 19 45 12 57 67 59 32 38 65 64 47 22 11 65 13 66 78 18 40 17 27 2 27 12 34 73 49 27 4 85 72 52 80 18 56 5 71 47 87 0 2 43 12 77 17 69 60 0 25 87 86 39 56 50 44 63 31 30 6 61 22 62 47 27 56 35 63 19 7 51 55 5 13 79 79 1 45 52 66 80 75 36 37 39 84 59 21 75 86 82 28 9 45 55 27
run=10 seed=9 k=88 f=0
7 78 43 52 68 61 87 46 13 53 56 8 19 9 67 63 87 1 0 71 55 8 0 29 79 81 22 7 71 18 48 2 51 0 15 36 86 78 57 45 87 26 40 43 0 38 29 19 11 20 87 62 55 73 29 35 68 38 29 62 45 55 20 11 12 28 78 85 1 82 41 51 87 39 67 49 82 70 57 73 17 5 18 53 66 0 24 40 32 75 26 78 45 3 74 34 66 24 84 26 51 59 35 7 31 39 58 86 49 61
run=11 seed=10 k=88 f=0
16 72 35 67 31 26 30 16 11 86 56 61 86 40 8 21 42 87 59 44 4 8 52 51 82 44 0 87 82 87 29 31 78 39 76 34 13 50 8 34 83 49 53 65 13 49 62 42 20 17 29 24 23 84 58 80 77 70 7 19 4 58 61 72 68 24 2 87 48 41 75 63 8 46 71 0 11 47 28 17 87 24 39 27 14 71 67 46 76 0 24 80 59 68 53 38 46 56 36 38 2 23 10 87 53 2 6 59 0 2
run=12 seed=11 k=88 f=0
55 27 21 0 75 0 73 58 77 52 68 85 30 25 46 62 55 24 39 63 8 1 4 62 31 32 50 50 7 33 17 35 31 38 44 87 2 13 25 72 9 21 68 7 5 8 24 48 22 13 54 61 55 83 13 62 78 75 24 29 35 35 87 80 75 19 16 87 6 13 45 26 71 84 45 81 35 81 12 0 49 68 42 0 58 63 19 71 59 53 68 17 50 41 1 87 73 41 75 41 47 11 40 81 66 86 68 82 50 51
run=13 seed=12 k=88 f=0
7 50 36 17 79 55 41 47 73 34 77 19 48 64 59 0 85 13 79 52 54 57 28 20 37 86 67 18 66 37 87 2 87 32 74 67 76 4 0 39 8 28 15 27 4 65 85 46 69 77 8 6 38 51 44 24 40 45 54 87 71 83 19 3 30 63 37 82 15 35 42 39 70 52 15 15 26 51 10 66 47 27 70 79 63 74 49 0 0 9 23 24 24 13 55 32 78 45 2 60 80 68 52 63 29 57 85 42 78 8
run=14 seed=13 k=88 f=0
74 17 32 83 57 64 12 34 57 0 15 11 55 79 54 67 31 5 0 65 41 78 81 84 58 23 7 28 74 44 59 43 11 28 85 45 20 63 56 54 38 61 44 52 51 0 65 34 13 63 24 68 65 39 35 37 75 48 73 50 42 78 12 47 27 10 21 26 25 65 70 81 40 25 87 17 45 28 22 1 32 7 80 22 79 38 16 66 74 8 87 72 29 85 7 0 69 16 1 87 0 52 83 4 77 9 47 86 0 48
run=15 seed=14 k=88 f=0
2 72 25 35 37 85 87 83 49 66 42 37 16 10 12 64 68 35 49 30 0 70 3 13 84 55 67 31 51 29 7 12 58 9 43 38 54 38 9 34 18 8 27 76 15 62 53 22 47 1 31 25 0 43 76 46 24 38 48 0 71 7 12 46 73 44 67 76 2 78 55 58 17 71 2 43 53 44 58 80 62 69 52 85 0 69 16 87 81 78 87 23 63 72 25 82 64 6 64 53 60 37 20 77 50 87 8 20 27 17
run=16 seed=15 k=88 f=0
63 21 69 34 16 40 17 21 26 81 11 80 0 31 14 87 61 51 20 16 74 39 21 82 54 79 0 29 42 86 41 64 71 0 45 47 7 33 87 36 31 0 70 33 56 74 30 12 42 23 60 24 11 87 73 13 56 72 13 53 47 67 30 23 58 47 2 83 66 14 51 55 78 1 58 76 8 17 81 86 27 7 82 64 67 21 54 28 60 50 38 46 65 81 6 15 5 42 72 8 49 78 33 0 18 0 24 63 44 52
run=17 seed=16 k=88 f=0
60 37 78 11 75 22 83 79 87 0 17 42 23 27 28 0 59 72 53 74 63 25 69 31 26 69 59 71 75 37 87 26 87 0 33 0 77 68 68 80 44 0 29 15 54 32 71 8 0 46 58 53 7 19 84 77 52 18 48 11 55 56 40 64 76 15 41 65 8 81 30 37 82 44 8 17 44 50 86 25 25 39 63 87 62 49 66 5 60 59 36 45 31 86 6 41 47 3 66 34 58 14 31 1 12 17 10 3 9 52
run=18 seed=17 k=88 f=0
48 29 87 38 62 64 82 78 8 45 16 31 81 73 67 66 59 12 70 22 53 22 16 41 52 19 4 87 2 52 60 87 78 66 52 16 32 45 6 21 49 62 1 2 47 0 43 32 55 4 49 31 69 55 5 37 14 6 46 70 79 73 29 55 59 87 87 70 12 84 12 40 21 27 33 42 81 59 72 1 54 48 11 14 33 19 67 36 76 71 26 58 63 23 76 5 78 62 87 38 74 6 40 87 44 38 71 17 84 27
run=19 seed=18 k=88 f=0
27 86 0 46 36 43 57 12 17 81 2 85 11 47 14 39 55 52 49 7 60 21 79 34 48 23 37 62 8 77 25 70 79 71 0 0 66 56 57 86 39 38 65 7 17 28 42 20 47 86 52 20 47 7 56 10 39 3 35 73 24 0 28 85 87 31 67 87 67 34 63 60 74 12 63 81 30 87 70 78 43 35 74 65 72 0 41 44 64 31 16 49 79 20 25 87 40 54 56 16 35 51 19 13 47 9 3 1 62 79
run=20 seed=19 k=88 f=0
28 65 0 9 26 70 42 1 46 12 22 86 65 40 57 72 79 34 76 54 83 87 33 40 2 67 42 74 73 46 29 83 87 51 0 54 38 46 67 87 60 28 83 12 38 59 78 19 77 79 25 69 16 27 61 20 3 15 62 50 65 53 50 60 9 51 2 30 52 34 29 6 44 28 11 82 20 79 41 46 20 37 52 5 39 9 31 35 87 35 46 67 21 12 1 56 10 75 58 62 12 70 39 10 58 82 87 1 23 18
