run=1 seed=0 k=105 f=0
43 46 72 40 8 0 104 72 99 31 2 79 104 43 83 25 45 36 37 16 97 97 38 9 2 57 47 13 22 40 89 91 87 34 52 27 43 91 16 3 2 89 23 104 104 52 83 78 65 15 38 85 55 90 68 4 34 95 11 31 71 97 74 50 101 5 61 78 21 64 54 30 67 45 11 72 74 53 104 35 7 3 31 98 84 0 63 86 29 27 92 60 25 57 45 11 77 64 48 14 12 18 57 28 24 96 77 62 87 21
run=2 seed=1 k=105 f=0
43 46 72 40 8 0 104 72 99 31 2 79 104 43 83 25 45 36 37 16 97 97 38 9 2 57 47 13 22 40 89 91 87 34 52 27 43 91 16 3 2 89 23 104 104 52 83 78 65 15 38 85 55 90 68 4 34 95 11 31 71 97 74 50 101 5 61 78 21 64 54 30 67 45 11 72 74 53 104 35 7 3 31 98 84 0 63 86 29 27 92 60 25 57 45 11 77 64 48 14 12 18 57 28 24 96 77 62 87 21
run=3 seed=2 k=105 f=0
60 4 75 92 50 30 70 51 40 72 72 99 34 23 58 84 94 19 12 95 66 0 44 82 67 31 5 20 66 93 91 21 69 56 101 22 24 42 33 62 92 7 29 41 40 80 25 4 60 15 89 80 101 6 15 103 14 103 53 25 91 74 76 101 76 51 52 11 89 3 27 58 9 92 63 45 41 97 17 73 85 65 79 74 18 11 3 80 47 84 103 33 75 5 55 100 55 1 16 0 12 45 41 33 11 30 85 64 25 102
run=4 seed=3 k=105 f=0
93 19 12 0 91 40 7 61 40 19 36 16 104 79 67 81 31 100 16 4 98 80 14 49 103 92 80 47 96 91 94 20 76 18 86 59 25 81 100 3 53 24 53 0 103 52 44 67 47 23 62 12 4 74 71 2 90 48 54 77 85 20 61 56 85 42 31 71 58 8 3 92 9 45 99 24 42 24 91 66 37 101 62 67 94 86 104 30 31 13 46 11 71 0 68 17 84 58 51 71 66 33 3 74 23 29 58 75 36 85
run=5 seed=4 k=105 f=0
30 35 34 101 84 37 91 99 83 67 89 54 79 29 88 39 46 46 0 104 2 14 25 23 93 70 12 22 0 35 56 2 13 27 94 54 64 94 44 72 31 9 48 82 5 56 77 62 0 13 66 104 27 41 16 97 36 5 14 96 16 7 78 69 79 86 96 74 51 6 11 32 104 85 66 73 3 73 55 11 89 48 92 69 58 31 60 21 4 51 18 44 27 55 103 46 72 63 21 20 101 4 81 84 29 42 19 81 64 19
run=6 seed=5 k=105 f=0
85 79 45 72 56 26 80 99 52 46 21 86 95 76 55 22 99 36 92 26 34 73 39 78 66 26 72 36 14 7 58 87 4 38 23 61 102 6 72 60 47 78 7 15 20 65 57 52 31 98 80 69 87 89 93 48 76 53 77 96 20 8 10 97 21 84 103 9 9 30 85 39 58 48 31 104 32 96 28 15 43 17 0 50 37 54 85 24 3 16 11 0 41 66 0 16 67 34 41 44 65 103 63 3 43 103 58 89 0 104
run=7 seed=6 k=105 f=0
6 40 7 95 1 80 46 104 69 28 35 28 30 68 48 53 81 27 18 77 81 80 29 42 14 75 54 13 100 19 78 45 62 88 34 30 51 77 56 19 104 42 0 72 87 26 10 89 17 30 22 7 29 18 50 98 38 99 88 63 11 10 3 51 69 70 98 14 76 0 88 94 104 61 1 39 44 36 67 26 94 38 103 78 50 74 97 89 104 55 82 62 104 6 9 95 48 85 88 84 63 71 51 50 91 59 61 32 44 56
run=8 seed=7 k=105 f=0
9 54 20 1 50 18 101 66 89 28 2 31 92 6 56 60 29 26 50 102 1 58 3 2 51 33 16 102 22 95 82 34 42 38 36 95 102 69 58 58 37 39 89 34 43 28 84 82 79 72 43 86 63 13 95 70 12 38 45 12 83 93 69 59 73 21 65 10 68 78 0 59 74 67 19 66 77 89 79 47 104 63 9 56 86 4 0 76 80 10 26 75 36 51 17 60 1 41 48 99 47 25 89 102 92 17 28 33 14 49
run=9 seed=8 k=105 f=0
91 24 14 74 6 0 92 87 42 43 96 27 26 17 45 104 45 28 8 11 90 45 87 54 13 36 26 92 39 34 42 79 75 80 103 44 18 57 82 10 50 81 8 61 72 29 12 16 10 0 76 0 34 21 65 104 80 64 57 7 99 79 96 86 33 38 100 1 89 104 94 67 39 3 64 0 28 5 22 61 56 62 82 90 62 86 78 14 86 71 70 55 0 48 14 101 54 96 17 48 50 2 49 35 85 49 35 16 73 104
run=10 seed=9 k=105 f=0
12 0 12 37 3 82 6 103 47 62 0 15 104 51 22 20 104 46 48 32 15 62 91 104 9 59 9 53 92 79 40 61 21 27 88 61 5 70 40 40 0 38 19 89 93 19 41 4 34 103 42 10 25 73 80 86 46 66 60 24 97 99 48 35 92 31 73 87 99 5 65 77 56 0 54 98 27 27 33 76 54 80 12 65 13 73 68 52 0 22 31 70 80 58 82 90 66 66 7 38 56 96 48 21 4 19 23 31 81 97
run=11 seed=10 k=105 f=0
104 17 0 35 63 62 6 16 92 80 54 2 61 33 74 91 17 11 86 8 93 94 104 76 7 98 31 28 73 29 2 104 1 103 41 45 68 86 9 0 101 10 98 53 56 46 64 95 75 43 42 71 68 27 11 52 0 33 84 62 85 100 62 37 37 54 29 23 57 79 92 75 68 35 0 17 101 17 50 81 96 53 39 37 3 27 89 18 13 42 57 38 37 13 68 104 90 62 101 79 77 82 48 26 97 48 48 72 42 79
run=12 seed=11 k=105 f=0
8 104 57 33 61 25 2 16 74 88 5 55 85 74 26 34 30 44 57 48 63 71 71 94 95 48 97 8 64 103 29 25 38 83 22 68 46 0 1 55 10 46 61 104 81 64 29 15 101 69 40 67 72 21 13 37 93 44 104 29 5 73 17 59 101 16 84 0 98 87 64 81 0 102 53 48 0 77 61 41 96 101 0 21 26 10 80 78 10 90 33 37 35 23 18 73 54 41 83 51 43 12 73 7 87 48 53 20 86 91
run=13 seed=12 k=105 f=0
8 44 14 88 58 30 44 90 80 84 13 8 1 74 30 79 16 0 2 96 82 83 93 66 3 97 25 2 21 27 85 5 75 3 99 97 35 24 58 54 91 0 12 18 20 32 74 84 61 77 56 23 32 57 48 35 91 26 9 93 33 89 64 59 37 18 51 39 5 15 8 72 70 98 52 66 66 41 45 72 48 23 96 54 82 41 33 33 69 95 24 65 104 74 104 47 59 47 78 104 62 19 69 77 39 12 15 104 53 104
run=14 seed=13 k=105 f=0
90 41 84 16 19 19 77 50 57 65 61 0 12 9 63 44 102 52 83 9 47 103 4 44 84 4 80 50 23 94 96 90 30 10 80 3 4 55 54 70 25 11 89 104 5 42 23 97 32 103 51 56 78 68 91 70 72 29 95 99 63 63 16 7 11 28 75 104 34 68 61 27 35 78 3 43 0 23 50 12 16 35 65 76 74 80 24 66 26 35 35 71 99 40 92 87 25 48 86 9 27 46 41 40 87 104 21 58 67 96
run=15 seed=14 k=105 f=0
16 4 2 80 13 95 50 90 24 61 48 34 30 23 56 65 61 86 54 37 44 0 95 3 55 30 55 76 98 81 87 76 32 95 93 41 93 4 26 70 87 59 24 73 40 58 33 80 15 88 22 102 55 72 0 54 52 32 39 43 6 103 77 11 68 12 62 65 7 78 47 100 25 42 16 8 51 99 12 25 92 13 96 24 101 54 84 81 39 100 0 7 76 62 61 39 63 47 73 46 102 10 11 22 41 32 84 19 1 103
run=16 seed=15 k=105 f=0
38 75 72 95 16 81 53 48 59 103 103 67 74 74 40 29 14 97 25 92 35 35 43 66 100 0 43 20 55 73 90 70 55 43 58 92 7 21 15 98 70 9 38 19 65 78 18 104 47 21 42 88 50 65 26 26 84 69 21 1 50 8 55 0 0 67 46 3 49 32 104 14 73 53 88 62 3 62 35 42 100 104 11 94 53 90 67 9 84 63 83 29 55 97 7 0 104 50 81 2 59 96 23 78 83 35 37 2 86 10
run=17 seed=16 k=105 f=0
89 87 12 82 6 51 36 85 19 48 38 28 95 18 44 47 54 95 6 33 32 29 21 29 64 0 13 37 1 75 99 1 70 6 24 79 78 26 34 98 92 20 79 0 12 45 15 102 44 55 79 73 50 97 102 0 87 92 12 61 39 23 104 11 43 101 61 101 33 96 62 92 36 59 55 53 0 18 3 16 12 71 66 87 101 41 88 20 28 63 22 68 6 57 73 15 53 51 10 9 102 93 49 39 44 80 69 23 75 61
run=18 seed=17 k=105 f=0
66 22 60 2 64 95 29 0 98 92 46 30 32 4 12 80 14 10 72 63 11 11 93 83 28 35 88 1 62 86 58 7 1 80 85 28 65 56 48 57 63 71 66 20 103 55 103 42 82 101 0 70 35 70 79 40 4 54 7 41 94 33 73 75 102 51 57 82 42 86 13 21 49 56 35 21 19 89 43 96 7 44 92 55 91 103 28 95 89 25 36 74 24 74 78 41 81 26 18 100 15 94 80 36 65 12 99 49 1 17
run=19 seed=18 k=105 f=0
72 104 7 22 1 18 66 62 42 57 1 46 21 71 39 8 0 87 26 8 99 8 26 94 94 76 93 95 104 70 79 83 46 80 63 1 77 87 98 19 16 38 42 62 87 15 90 34 51 60 2 81 32 0 48 20 7 67 40 16 22 39 76 56 55 70 80 68 36 33 73 52 52 59 100 81 103 29 49 12 89 93 56 95 42 57 90 49 49 49 65 25 61 39 9 30 66 104 83 104 12 58 28 56 43 25 103 35 18 31
run=20 seed=19 k=105 f=0
28 11 58 82 52 90 40 45 36 34 82 74 70 62 74 75 14 58 83 8 92 58 5 38 42 1 59 47 65 12 96 22 10 26 102 62 0 18 94 56 73 100 31 100 104 75 67 52 8 33 96 86 83 10 93 21 56 94 21 16 22 6 60 31 45 11 70 52 26 35 26 69 21 88 91 103 70 86 50 64 6 18 68 89 0 46 40 24 46 50 20 0 42 31 53 81 87 93 4 0 3 79 55 76 73 4 90 38 33 101
