run=1 seed=0 k=100 f=0
83 40 99 18 44 35 0 85 46 93 62 27 30 80 42 26 41 8 77 56 21 68 67 55 3 30 68 16 97 32 29 2 22 58 69 68 88 56 11 88 87 53 21 99 67 37 24 2 15 70 9 24 91 80 56 88 38 54 96 45 5 74 84 65 40 5 46 27 13 59 24 95 90 45 14 0 34 62 32 50 92 8 76 78 64 84 3 51 53 99 32 76 76 67 51 46 60 65 0 39 95 47 18 78 93 99 97 2 17 91
run=2 seed=1 k=100 f=0
83 40 99 18 44 35 0 85 46 93 62 27 30 80 42 26 41 8 77 56 21 68 67 55 3 30 68 16 97 32 29 2 22 58 69 68 88 56 11 88 87 53 21 99 67 37 24 2 15 70 9 24 91 80 56 88 38 54 96 45 5 74 84 65 40 5 46 27 13 59 24 95 90 45 14 0 34 62 32 50 92 8 76 78 64 84 3 51 53 99 32 76 76 67 51 46 60 65 0 39 95 47 18 78 93 99 97 2 17 91
run=3 seed=2 k=100 f=0
90 1 24 75 16 98 81 73 46 27 42 79 49 54 40 96 54 73 67 37 2 33 80 0 67 91 15 30 34 92 89 86 82 2 71 28 98 71 75 97 57 67 23 7 60 97 59 14 90 49 41 45 82 66 77 41 9 25 30 14 86 62 43 21 38 56 45 0 88 21 16 53 32 45 9 0 62 57 90 82 52 33 49 27 99 62 3 28 7 50 10 23 18 35 86 81 68 61 1 18 8 18 98 18 15 38 26 98 0 16
run=4 seed=3 k=100 f=0
45 85 67 40 0 13 72 76 1 64 55 86 59 20 50 61 23 79 0 95 25 37 38 95 29 25 85 36 68 98 73 14 36 21 79 61 15 82 91 33 30 49 96 87 62 47 6 52 22 79 99 89 24 99 48 0 36 83 3 0 35 41 97 71 72 89 27 34 8 23 50 67 19 95 90 11 42 68 11 16 54 9 6 61 65 32 70 12 91 13 80 26 6 47 42 73 45 83 21 5 49 66 40 48 53 98 93 27 52 59
run=5 seed=4 k=100 f=0
68 59 60 25 63 31 91 63 87 81 74 55 14 48 3 15 83 44 43 49 41 4 68 79 77 16 22 78 38 20 30 2 0 56 99 17 65 24 83 16 61 46 8 59 97 32 42 51 72 43 99 89 47 67 21 72 85 95 54 70 16 25 31 72 73 31 92 39 7 24 37 69 6 90 98 1 73 38 0 67 33 96 38 97 89 62 35 80 51 35 9 14 0 94 51 46 50 8 89 85 19 84 6 24 41 0 56 14 49 78
run=6 seed=5 k=100 f=0
75 65 89 98 2 3 21 95 1 81 26 47 60 27 10 41 0 26 28 34 14 49 79 16 50 46 20 73 57 72 52 11 83 8 99 55 8 99 10 65 70 37 13 65 35 84 40 93 1 77 7 19 22 33 61 79 83 68 26 99 26 55 16 36 37 68 44 77 39 21 90 44 88 32 64 43 55 98 33 82 62 26 94 86 16 33 90 89 58 17 1 55 24 46 79 74 1 17 1 8 70 91 13 9 60 12 36 28 59 70
run=7 seed=6 k=100 f=0
32 85 71 62 12 99 85 43 2 65 34 23 5 93 44 16 0 92 23 81 11 69 36 58 89 11 20 64 60 0 55 50 12 19 19 50 85 51 73 98 43 52 34 42 97 76 58 0 70 79 47 72 72 49 0 93 98 23 66 8 41 28 58 47 65 64 79 14 81 96 11 66 53 1 10 56 29 67 47 90 1 90 22 85 80 16 52 79 35 79 87 93 19 31 34 40 46 23 99 5 44 28 71 12 34 41 61 11 99 99
run=8 seed=7 k=100 f=0
77 99 99 70 40 99 88 99 92 53 7 0 0 26 60 17 9 46 70 36 65 63 88 3 49 80 58 74 57 30 13 24 28 12 32 58 7 77 14 71 97 20 29 10 67 45 0 19 45 48 17 1 86 37 10 6 37 66 40 95 82 93 29 38 36 87 85 64 83 31 25 2 70 7 82 63 16 36 98 23 88 3 45 11 82 74 62 31 27 94 43 73 55 22 6 93 83 18 69 0 18 40 38 55 47 92 68 53 58 54
run=9 seed=8 k=100 f=0
86 82 88 49 21 93 81 21 41 96 47 81 96 47 56 60 0 68 69 15 5 39 98 61 89 22 34 37 55 0 53 3 6 99 87 43 89 35 57 17 98 63 3 26 63 10 55 16 9 13 65 67 99 62 1 68 58 33 26 33 22 34 69 41 30 43 77 26 58 94 49 59 11 52 31 38 33 51 42 24 10 0 28 41 87 74 7 84 34 77 1 85 70 23 19 0 14 96 89 1 90 25 15 52 61 75 78 93 79 72
run=10 seed=9 k=100 f=0
90 74 55 11 30 56 99 0 41 52 56 3 87 62 37 18 48 40 50 99 45 79 76 31 6 74 30 63 49 9 32 64 80 60 24 66 70 26 35 33 12 33 19 11 94 49 17 4 49 19 12 92 51 86 15 2 79 56 65 82 45 65 86 17 21 21 98 77 42 95 81 15 27 53 70 72 83 72 98 11 16 2 85 67 0 29 70 1 65 87 58 89 97 7 43 63 54 24 97 49 36 26 21 16 79 0 36 41 35 32
run=11 seed=10 k=100 f=0
95 8 54 98 18 32 74 78 47 7 23 73 27 73 1 81 20 57 71 68 71 44 0 88 99 28 12 0 39 66 57 85 63 89 97 45 65 35 79 12 36 92 34 23 78 0 56 16 99 10 58 88 63 65 30 81 91 33 60 84 0 70 67 49 27 41 1 31 65 15 87 57 37 31 35 7 54 74 43 71 32 38 87 60 20 96 35 49 84 3 53 95 3 17 65 77 95 6 52 12 22 28 9 77 51 42 51 17 52 16
run=12 seed=11 k=100 f=0
23 37 97 48 44 90 81 99 77 23 11 16 18 34 61 12 4 60 64 17 84 4 23 39 55 71 70 55 40 76 26 26 13 59 49 75 60 7 56 29 19 57 76 98 91 90 18 0 87 87 67 97 68 10 79 97 99 47 92 49 10 70 77 27 83 1 50 64 58 33 38 86 31 79 33 11 87 5 36 64 88 30 15 0 95 82 73 94 21 65 44 45 39 73 2 28 0 2 92 84 23 49 26 13 90 8 53 84 65 39
run=13 seed=12 k=100 f=0
63 14 94 0 39 56 29 73 44 12 0 69 56 74 47 4 72 79 78 60 69 48 80 14 25 12 19 92 30 16 42 90 3 40 99 27 10 79 53 7 96 90 52 98 78 99 8 91 48 35 75 59 97 86 87 35 19 16 54 98 75 44 61 23 69 96 39 80 32 83 31 10 70 30 64 13 45 86 94 82 35 66 61 10 22 6 19 43 75 25 44 33 88 34 61 0 0 22 41 50 75 81 58 87 28 52 65 67 36 54
run=14 seed=13 k=100 f=0
16 99 79 89 6 24 32 78 46 51 50 63 62 96 51 21 65 63 84 14 13 91 73 33 93 14 25 69 43 68 1 85 50 83 44 67 69 9 0 0 12 21 23 74 48 9 17 5 32 38 18 81 63 56 75 57 92 4 54 54 73 90 83 79 41 50 95 61 59 89 94 0 0 42 99 47 26 39 30 9 99 1 34 81 77 70 90 5 26 6 58 37 24 83 28 0 85 97 30 56 12 44 12 98 37 19 53 28 47 70
run=15 seed=14 k=100 f=0
14 0 45 24 85 88 10 6 84 6 49 55 40 63 96 85 2 44 8 41 21 69 31 98 49 61 0 64 70 41 38 98 30 0 72 47 47 4 0 45 41 79 14 78 57 92 60 64 23 87 27 35 90 78 15 50 92 67 78 15 91 18 58 71 73 31 55 17 22 37 32 62 5 63 26 81 91 24 17 28 62 36 46 4 57 88 54 11 70 20 20 75 56 77 95 64 8 4 33 95 31 99 99 97 81 98 13 87 39 53
run=16 seed=15 k=100 f=0
93 50 34 0 96 47 29 90 44 28 4 0 99 54 90 25 89 99 0 36 25 83 36 60 75 62 85 81 57 50 99 14 70 8 60 18 9 57 8 99 78 14 68 80 30 57 37 26 17 13 77 43 39 70 86 2 84 2 82 32 78 3 50 15 88 62 35 27 15 98 29 64 64 93 75 52 3 56 67 21 25 80 16 70 69 19 34 12 51 65 41 99 70 48 61 39 42 95 41 41 44 23 85 27 12 73 2 89 16 20
run=17 seed=16 k=100 f=0
83 13 17 72 99 23 66 61 9 88 70 25 19 68 88 21 89 34 1 18 81 14 81 14 38 33 48 52 16 42 68 33 51 37 60 99 29 48 19 43 88 88 98 59 28 87 27 41 69 6 85 34 37 47 47 4 0 46 99 96 76 47 14 78 77 99 68 42 16 71 42 76 74 64 79 31 25 28 55 8 46 99 76 0 53 57 77 65 57 56 62 96 60 38 8 93 84 25 8 92 82 93 34 67 97 1 79 23 5 0
run=18 seed=17 k=100 f=0
64 58 99 45 98 3 15 11 53 27 2 65 38 10 75 1 64 77 54 23 48 61 46 27 83 66 70 50 99 87 96 32 36 33 16 92 95 63 78 1 41 31 66 20 7 73 49 71 2 84 24 35 45 0 89 80 29 36 30 17 22 96 97 58 15 73 84 62 47 46 32 84 31 61 40 70 82 43 73 24 28 8 34 4 99 0 57 80 27 69 8 97 19 10 61 86 1 37 53 55 93 26 75 88 85 67 77 17 10 91
run=19 seed=18 k=100 f=0
97 26 56 47 50 30 95 57 63 87 46 1 22 98 11 63 70 50 1 83 44 2 27 59 54 89 39 46 14 99 80 3 68 67 1 38 62 52 47 41 92 89 90 23 39 9 86 9 12 39 92 56 60 79 68 55 79 5 19 81 36 1 93 16 81 88 89 99 11 8 29 27 35 17 35 73 78 74 82 90 19 30 99 73 63 35 29 69 0 42 56 76 30 97 99 0 8 72 26 13 32 18 65 49 22 18 39 65 44 21
run=20 seed=19 k=100 f=0
49 75 48 0 87 91 21 45 73 17 77 81 65 78 9 25 76 99 81 88 47 56 55 22 34 91 38 83 14 86 32 55 12 81 60 2 15 52 18 11 64 34 91 60 54 8 38 32 4 40 21 51 43 66 69 98 73 63 68 42 2 83 17 52 54 57 70 23 1 72 25 66 42 15 27 10 33 78 85 24 29 58 13 64 97 1 42 9 28 11 38 16 27 91 87 81 62 36 94 6 27 70 52 97 92 97 36 0 94 99
