run=1 seed=0 k=96 f=0
73 1 9 80 82 31 1 5 16 63 26 40 66 91 32 48 18 0 52 0 95 12 25 43 86 67 71 65 19 35 41 49 8 20 36 86 49 88 14 58 69 93 69 23 56 73 44 61 11 42 84 70 91 95 20 89 74 2 41 1 32 83 95 70 0 20 94 32 1 65 20 62 14 6 65 34 45 56 75 86 79 25 76 9 44 48 27 59 50 79 26 84 3 37 93 28 16 90 53 35 27 58 74 9 49 9 56 30 67 59
run=2 seed=1 k=96 f=0
73 1 9 80 82 31 1 5 16 63 26 40 66 91 32 48 18 0 52 0 95 12 25 43 86 67 71 65 19 35 41 49 8 20 36 86 49 88 14 58 69 93 69 23 56 73 44 61 11 42 84 70 91 95 20 89 74 2 41 1 32 83 95 70 0 20 94 32 1 65 20 62 14 6 65 34 45 56 75 86 79 25 76 9 44 48 27 59 50 79 26 84 3 37 93 28 16 90 53 35 27 58 74 9 49 9 56 30 67 59
run=3 seed=2 k=96 f=0
47 18 23 47 21 4 4 45 68 71 95 10 95 5 54 8 86 17 76 50 40 27 68 59 55 38 26 59 82 88 45 84 84 19 65 13 4 33 22 77 7 0 62 92 93 76 36 68 82 73 45 94 76 60 48 81 21 43 34 29 78 42 15 25 30 89 36 32 56 94 49 6 73 60 12 66 27 63 2 12 3 10 1 56 88 18 39 1 82 65 41 57 65 56 57 73 73 1 73 27 11 54 38 21 51 83 12 33 81 91
run=4 seed=3 k=96 f=0
83 49 14 36 80 28 61 28 6 16 0 5 53 43 85 58 72 77 48 39 36 54 94 90 49 73 77 41 35 45 95 49 15 10 92 0 19 91 9 83 32 92 30 35 1 19 95 71 0 94 23 36 64 46 24 23 61 80 20 14 47 95 31 46 23 85 61 59 51 28 80 15 10 44 86 39 66 22 40 28 54 27 74 79 16 87 6 95 54 33 93 68 45 28 62 9 81 90 61 67 40 72 71 60 17 58 73 8 0 80
run=5 seed=4 k=96 f=0
87 39 20 2 19 25 57 88 70 53 28 95 55 69 43 94 13 16 0 78 2 95 0 45 68 94 94 57 0 5 78 19 95 80 91 76 76 95 49 5 27 71 0 34 48 40 22 10 24 74 13 29 27 30 9 64 34 49 86 61 28 73 31 84 57 19 68 33 43 6 17 4 53 82 13 68 61 61 76 71 23 11 95 16 81 75 81 41 63 36 39 61 86 66 91 46 9 85 81 5 86 46 47 55 21 0 6 89 21 49
run=6 seed=5 k=96 f=0
0 29 42 82 41 16 50 57 31 13 67 32 36 30 57 68 56 6 8 95 14 26 80 40 3 69 79 37 23 46 69 0 75 35 86 33 92 10 82 95 67 2 41 57 15 74 95 50 45 1 80 62 78 13 1 81 25 35 28 14 65 31 90 63 25 42 88 19 47 42 16 48 95 15 8 50 71 12 18 23 71 91 61 54 76 65 7 94 24 18 60 40 63 73 95 1 9 5 76 24 6 63 87 40 44 54 84 0 50 62
run=7 seed=6 k=96 f=0
93 25 95 43 44 75 22 5 10 82 47 43 69 53 25 56 59 12 87 52 63 64 24 30 77 83 95 52 16 95 10 65 53 31 36 5 76 26 72 47 65 85 58 22 95 90 82 44 14 66 87 27 84 51 61 76 91 44 1 60 65 39 13 90 36 18 62 27 5 81 56 76 0 48 56 95 17 84 95 90 26 58 34 52 20 8 67 32 74 40 13 37 2 53 48 41 68 19 33 69 45 16 75 83 20 75 83 1 35 0
run=8 seed=7 k=96 f=0
86 10 64 78 77 27 26 51 30 57 61 73 27 6 24 22 82 2 74 66 56 41 56 8 13 88 77 48 55 14 90 22 18 84 13 95 14 60 66 52 25 4 44 54 58 71 0 61 41 35 64 65 71 17 86 55 94 0 72 43 16 92 93 81 1 44 38 95 42 34 17 86 32 8 91 80 92 45 38 3 50 3 36 90 91 0 22 34 55 65 11 7 83 70 58 50 81 12 31 77 95 74 22 30 59 29 7 21 66 46
run=9 seed=8 k=96 f=0
87 24 70 29 85 62 89 95 56 95 16 21 12 71 79 95 1 22 33 33 81 28 9 94 84 95 4 41 88 38 81 48 41 20 77 3 36 45 25 63 9 46 47 49 65 75 60 76 4 59 0 54 55 9 20 14 63 74 18 34 29 70 25 30 57 71 13 22 13 51 88 87 0 36 83 79 45 66 40 88 95 38 92 61 39 66 34 39 47 53 71 67 93 27 17 54 71 14 73 32 38 4 8 92 10 3 74 33 58 0
run=10 seed=9 k=96 f=0
65 50 37 55 61 27 46 11 63 77 88 94 34 16 48 58 17 38 95 5 45 53 79 81 94 75 22 29 55 63 64 32 15 69 7 35 2 66 58 25 41 27 2 74 73 0 24 3 25 87 62 70 87 8 93 94 85 48 39 18 13 47 1 92 22 73 52 72 44 2 71 51 8 17 79 89 54 85 65 79 45 28 21 36 7 82 34 8 95 17 77 41 94 57 29 15 9 83 4 21 80 38 72 88 58 0 48 85 30 17
run=11 seed=10 k=96 f=0
56 69 0 57 66 95 35 55 9 13 23 58 1 45 67 13 0 6 24 60 84 88 43 14 34 44 88 79 41 72 50 71 34 50 72 81 45 28 10 58 53 33 9 42 60 65 14 49 11 95 24 6 95 25 53 39 92 51 87 67 6 63 65 21 62 62 68 47 82 48 35 0 77 48 3 91 21 20 24 30 30 18 18 91 72 76 92 9 85 61 0 95 19 69 18 55 3 30 80 86 56 28 15 14 11 37 79 93 95 76
run=12 seed=11 k=96 f=0
95 86 34 77 68 7 39 25 43 19 67 60 71 47 15 27 23 20 17 74 85 32 85 42 43 59 4 94 34 77 26 93 87 95 38 0 54 45 64 64 93 87 35 55 3 11 48 26 3 47 79 29 46 68 55 18 95 68 77 51 75 47 94 71 49 38 78 83 91 84 40 30 64 36 0 7 82 34 55 71 44 4 76 27 23 0 1 20 88 6 73 58 11 27 31 62 41 52 42 11 7 56 13 10 48 12 87 65 1 20
run=13 seed=12 k=96 f=0
78 76 50 69 91 36 81 20 0 27 58 93 0 62 88 37 62 71 47 28 94 67 69 0 92 40 42 2 37 77 59 51 95 14 10 10 7 15 21 95 75 14 37 17 67 45 4 63 55 5 76 34 7 30 17 95 72 44 78 50 25 10 13 89 88 48 27 85 84 71 6 10 85 44 89 63 74 50 29 41 2 60 23 65 32 10 55 18 22 53 55 35 63 81 41 25 30 77 0 59 56 42 84 19 80 48 89 12 2 95
run=14 seed=13 k=96 f=0
42 69 63 52 24 89 80 12 95 83 67 43 20 10 83 94 58 78 80 18 77 73 75 10 50 0 33 30 75 1 10 0 0 59 71 27 91 83 18 4 65 52 48 61 89 35 25 49 68 71 64 17 79 44 43 85 37 12 83 84 79 54 37 32 56 45 71 85 34 69 89 59 16 9 89 2 51 6 26 81 94 28 2 61 74 13 91 54 16 95 35 48 60 5 48 29 20 75 19 85 15 41 29 43 47 61 52 55 67 7
run=15 seed=14 k=96 f=0
13 68 82 14 1 20 23 71 32 23 17 68 0 78 68 3 0 71 74 6 80 63 88 6 76 54 64 79 59 47 39 24 89 39 72 43 27 8 57 83 37 11 51 81 59 89 8 30 57 29 35 54 88 74 15 85 65 47 42 28 54 58 35 45 65 95 51 77 33 21 27 42 40 10 81 11 93 24 9 20 2 44 30 82 49 45 63 54 95 30 84 56 18 42 95 75 12 61 39 94 17 0 91 16 89 46 88 95 63 1
run=16 seed=15 k=96 f=0
71 4 93 72 80 81 79 48 31 16 95 16 61 44 34 33 91 23 21 1 16 56 23 39 64 0 40 48 88 0 90 81 0 26 2 11 52 91 64 83 55 25 68 55 18 6 88 48 41 9 33 25 53 17 93 21 72 0 7 58 53 75 78 15 86 85 30 66 73 28 4 57 95 89 70 46 63 87 15 10 37 84 39 66 70 0 53 50 57 32 78 14 9 28 93 80 63 22 80 7 44 12 43 35 41 32 20 75 47 42
run=17 seed=16 k=96 f=0
61 93 8 49 80 24 55 95 15 53 48 7 3 40 39 2 45 43 93 35 47 28 69 53 58 29 84 39 73 2 4 55 36 77 22 4 81 60 68 92 28 16 43 83 66 41 86 74 50 82 42 0 85 21 15 51 12 35 27 63 42 66 78 91 45 25 13 26 64 81 37 5 19 75 61 13 9 28 16 55 32 89 25 93 76 89 73 18 72 67 21 70 36 69 58 95 18 63 34 50 61 11 54 84 29 47 21 80 93 0
run=18 seed=17 k=96 f=0
24 80 13 35 31 73 76 39 89 40 25 12 83 72 27 19 45 7 90 30 51 56 84 17 67 69 4 0 55 84 12 49 0 93 52 38 59 47 76 27 67 72 18 81 47 64 31 63 91 84 34 79 88 43 15 23 3 94 14 80 86 49 5 30 7 94 54 72 88 19 52 59 90 41 1 1 7 45 75 38 30 4 69 37 24 65 61 75 55 7 59 13 38 27 44 14 60 80 47 33 5 67 95 35 19 95 73 91 58 21
run=19 seed=18 k=96 f=0
60 62 76 31 11 21 39 27 69 93 36 58 0 26 10 44 40 71 72 19 64 55 85 87 22 55 91 78 1 64 52 60 31 92 0 94 50 60 15 31 57 45 24 51 86 12 20 1 24 19 20 60 71 63 66 0 8 67 93 31 36 27 58 8 81 84 40 41 85 49 32 4 91 65 75 7 46 82 6 70 66 1 6 17 42 75 17 42 46 9 26 49 35 94 88 69 32 95 91 11 12 83 82 74 91 37 79 41 32 84
run=20 seed=19 k=96 f=0
90 56 88 17 67 60 42 33 38 52 95 64 1 30 57 95 88 67 31 28 28 26 1 23 82 67 2 74 0 79 65 47 0 84 21 13 71 23 45 47 19 88 31 40 14 73 12 51 12 76 79 59 0 0 90 18 35 28 16 54 94 30 63 11 95 53 81 63 83 6 51 89 18 59 58 59 4 56 74 10 84 8 23 20 68 25 95 9 31 70 75 20 93 61 37 43 89 80 8 6 95 51 44 39 0 42 85 38 46 52
