run=1 seed=0 k=81 f=0
49 68 24 74 15 77 80 60 0 69 49 56 36 39 67 29 59 16 43 44 29 2 0 68 53 6 13 49 0 37 34 22 58 66 31 31 80 22 16 80 80 76 60 3 23 30 19 10 64 33 18 1 10 57 61 55 54 77 37 26 32 45 18 36 0 69 23 54 21 38 10 35 72 78 10 60 53 64 68 41 6 15 0 12 27 80 10 6 48 27 73 71 13 45 51 0 16 62 67 38 6 45 43 46 24 75 73 79 9 39
run=2 seed=1 k=81 f=0
49 68 24 74 15 77 80 60 0 69 49 56 36 39 67 29 59 16 43 44 29 2 0 68 53 6 13 49 0 37 34 22 58 66 31 31 80 22 16 80 80 76 60 3 23 30 19 10 64 33 18 1 10 57 61 55 54 77 37 26 32 45 18 36 0 69 23 54 21 38 10 35 72 78 10 60 53 64 68 41 6 15 0 12 27 80 10 6 48 27 73 71 13 45 51 0 16 62 67 38 6 45 43 46 24 75 73 79 9 39
run=3 seed=2 k=81 f=0
23 64 79 26 67 52 65 3 72 51 67 60 46 9 67 46 50 10 15 80 20 80 5 4 14 14 47 55 80 14 12 11 80 9 0 59 7 15 0 72 49 51 51 32 73 19 48 70 27 52 54 29 5 0 80 27 80 27 64 71 17 59 39 19 29 72 42 53 60 45 9 61 0 80 57 21 43 65 80 36 35 60 31 5 40 13 15 5 44 72 75 29 36 60 65 0 44 5 23 74 18 37 40 22 67 22 69 1 55 35
run=4 seed=3 k=81 f=0
69 76 59 1 49 80 74 16 23 61 77 57 48 0 40 43 64 33 32 53 54 0 71 23 58 68 43 59 71 33 26 62 61 27 44 5 80 35 76 55 68 49 32 50 67 39 55 13 73 19 78 78 17 9 11 8 11 36 1 5 15 8 10 72 54 40 40 72 25 64 26 33 0 66 68 0 69 27 23 5 20 32 1 80 9 13 16 29 80 62 47 6 0 64 38 19 38 14 25 18 42 20 40 31 72 33 56 51 80 48
run=5 seed=4 k=81 f=0
80 38 80 9 70 14 61 65 56 79 25 20 42 17 33 15 80 22 41 71 49 7 6 63 34 50 36 21 69 37 9 6 5 42 2 70 61 0 11 37 57 12 65 56 78 32 18 49 54 17 14 62 16 73 32 27 80 61 56 78 53 38 24 77 19 22 32 15 25 0 5 47 67 48 50 50 52 44 49 73 35 66 57 62 78 57 11 74 25 80 26 78 33 9 64 69 50 38 2 0 3 70 46 69 32 45 19 0 75 0
run=6 seed=5 k=81 f=0
75 63 16 60 3 0 43 13 76 76 58 7 27 14 46 80 76 56 55 27 80 29 36 47 70 70 18 39 23 73 0 6 63 80 8 37 36 76 3 68 43 41 25 29 54 21 64 22 55 24 39 50 12 9 44 8 18 52 44 32 58 67 12 79 70 43 11 67 36 14 20 48 17 49 0 61 22 43 0 16 48 31 72 80 33 72 59 50 1 18 26 36 1 64 79 9 48 40 50 5 37 55 65 28 25 29 46 78 61 51
run=7 seed=6 k=81 f=0
16 66 26 66 61 32 10 14 33 73 38 32 0 0 37 0 3 80 0 23 27 80 13 23 35 17 49 40 80 45 52 79 73 21 67 40 16 8 27 45 34 22 6 7 79 73 2 48 23 4 64 80 14 58 49 16 50 79 74 4 38 59 50 13 55 39 64 8 27 50 68 69 27 18 28 76 36 55 61 11 60 51 28 12 45 41 55 12 80 60 10 62 69 78 19 32 0 0 53 44 42 35 71 21 32 20 59 74 69 42
run=8 seed=7 k=81 f=0
40 80 80 59 13 50 74 41 17 41 51 46 80 59 66 80 55 26 13 56 44 57 62 60 47 42 10 9 25 12 52 66 32 65 79 23 27 35 64 16 79 33 14 8 26 33 21 1 46 14 66 49 46 50 33 29 72 2 70 1 80 44 11 79 45 60 73 46 25 75 19 77 56 4 80 38 4 17 26 42 54 26 60 18 70 14 65 31 0 0 5 2 17 8 29 55 19 71 69 67 34 46 60 39 33 72 0 68 34 8
run=9 seed=8 k=81 f=0
14 71 64 80 68 53 69 8 19 6 59 30 0 29 1 74 28 8 0 53 72 76 20 31 11 33 36 31 52 23 19 77 80 54 0 23 49 79 35 12 68 42 28 62 41 0 15 40 56 16 37 22 58 25 16 38 8 67 5 1 19 45 58 21 59 59 71 28 57 64 28 67 26 35 32 16 77 49 80 63 45 9 2 80 50 23 38 47 48 49 8 46 21 31 77 65 80 72 68 1 45 62 13 49 44 49 41 8 40 40
run=10 seed=9 k=81 f=0
46 60 17 80 29 39 73 50 9 14 75 19 1 4 6 41 8 0 72 56 71 64 0 30 50 52 2 52 28 5 27 65 21 56 71 55 80 20 15 80 42 58 36 10 76 40 13 64 39 43 55 35 17 24 64 19 62 77 65 9 3 56 18 49 7 15 80 27 49 37 66 44 26 74 32 23 58 34 29 15 62 61 8 47 32 77 23 37 34 80 0 20 30 50 49 10 0 70 39 70 2 44 67 42 63 42 73 70 60 0
run=11 seed=10 k=81 f=0
73 36 1 68 32 11 74 80 41 69 13 51 29 7 52 0 50 79 80 74 14 7 14 36 57 33 30 28 40 45 66 20 54 17 63 18 71 10 32 35 6 72 11 62 45 28 64 1 0 10 6 0 21 47 15 78 40 22 6 18 13 17 80 44 45 23 26 6 79 68 38 64 40 24 36 13 44 7 68 9 2 79 74 28 73 78 20 66 22 23 59 51 80 58 24 48 16 14 0 49 30 55 61 27 40 56 19 1 30 57
run=12 seed=11 k=81 f=0
58 58 40 70 61 39 35 68 22 46 33 13 15 35 27 79 9 32 33 62 2 42 60 25 36 16 39 37 23 18 23 14 80 26 29 1 8 74 42 40 71 74 17 72 5 0 61 65 0 3 44 3 48 48 80 31 23 68 48 37 80 20 1 10 13 60 50 45 20 53 58 77 6 12 80 6 54 15 19 64 64 55 69 47 48 70 73 80 79 54 20 52 40 53 78 32 78 32 1 44 73 10 58 80 51 13 65 0 27 9
run=13 seed=12 k=81 f=0
31 48 66 57 35 24 71 67 45 17 56 64 62 26 76 19 80 80 38 61 69 26 53 62 0 39 19 28 0 41 39 74 15 34 8 73 33 41 5 31 21 32 62 55 15 80 50 0 72 49 37 41 56 8 67 1 52 26 64 19 39 5 35 35 52 80 46 36 60 26 12 28 40 29 15 68 75 9 45 19 80 0 80 50 32 54 50 47 29 60 59 4 17 8 45 25 68 13 8 66 43 77 73 15 57 0 0 10 75 21
run=14 seed=13 k=81 f=0
2 77 29 57 15 39 4 54 0 55 8 19 57 1 50 80 40 8 80 32 17 14 31 14 5 10 46 59 43 0 1 64 60 49 20 22 73 23 72 62 37 71 26 68 68 72 61 30 80 75 27 34 52 36 45 31 49 52 47 79 26 56 73 78 7 65 50 13 71 12 18 23 25 39 27 47 80 35 15 49 31 43 35 50 63 67 7 5 66 80 55 39 0 40 0 11 10 80 35 44 72 41 59 0 67 27 32 21 61 20
run=15 seed=14 k=81 f=0
19 17 42 51 33 26 37 80 0 79 8 56 74 65 30 54 44 72 74 58 51 2 13 6 22 6 70 0 0 62 66 42 66 28 71 36 7 25 2 17 23 40 78 80 27 72 45 56 56 69 38 51 5 59 13 73 43 66 60 20 50 61 76 13 13 19 47 26 6 43 32 17 0 47 54 80 39 10 3 80 27 79 40 77 68 11 26 28 21 21 60 33 34 65 51 0 49 65 29 30 52 11 69 33 9 58 16 32 39 13
run=16 seed=15 k=81 f=0
74 0 48 71 29 57 64 68 80 59 27 23 0 43 61 80 7 46 80 32 55 7 47 24 13 39 10 39 53 59 25 61 0 44 53 42 61 42 51 36 72 44 59 33 47 14 76 67 32 10 46 1 14 0 7 32 8 39 58 78 57 7 70 78 30 26 13 42 72 16 11 73 62 21 36 37 23 20 29 61 68 21 73 35 22 30 14 38 30 18 5 49 18 80 59 69 11 5 1 53 80 51 10 79 46 80 52 67 0 56
run=17 seed=16 k=81 f=0
24 51 27 72 80 0 0 41 64 65 79 50 33 8 44 15 30 68 53 26 2 25 43 17 1 56 54 33 62 55 60 1 74 60 0 41 8 55 80 38 35 0 43 8 11 32 8 31 15 35 19 24 67 80 56 75 25 64 80 37 43 42 22 49 11 69 61 12 74 29 23 74 79 51 69 46 50 48 73 67 67 5 25 22 73 8 14 47 17 46 2 19 41 76 59 64 17 39 12 36 15 37 73 59 8 43 0 2 56 49
run=18 seed=17 k=81 f=0
25 14 56 0 71 80 25 19 30 56 3 23 21 11 69 20 71 38 9 59 5 59 40 48 65 10 35 57 45 30 80 79 66 38 42 0 11 78 72 0 24 80 5 55 64 51 9 32 3 33 74 18 41 80 24 21 68 52 58 9 2 11 12 60 58 60 17 13 32 31 47 69 3 70 72 64 77 44 80 7 51 20 30 38 15 0 63 13 45 47 40 43 49 40 80 30 70 74 54 75 48 0 67 25 28 49 57 36 32 64
run=19 seed=18 k=81 f=0
42 70 34 79 39 63 72 76 67 25 54 37 8 70 70 37 57 17 69 59 42 45 80 35 12 58 47 43 80 68 61 1 50 62 9 20 25 0 31 65 43 60 8 27 21 12 4 80 70 8 29 18 0 26 58 80 16 22 72 19 14 46 49 71 0 64 10 29 50 74 80 16 75 53 21 14 33 56 31 26 6 19 30 0 25 66 0 74 0 27 61 38 79 57 52 36 52 42 8 0 50 36 48 42 74 79 46 13 67 50
run=20 seed=19 k=81 f=0
73 41 36 80 16 20 41 45 56 40 80 67 62 71 62 2 43 9 26 39 38 23 13 34 76 0 11 60 53 10 12 0 43 4 27 4 80 5 49 9 56 0 74 55 68 16 52 80 34 19 74 0 80 29 55 79 17 22 56 42 8 69 63 0 15 0 64 74 63 21 69 64 38 19 61 9 80 16 34 19 60 9 23 77 0 32 50 47 48 70 38 32 70 26 80 52 49 23 28 29 56 34 16 70 74 34 43 2 48 67
