run=1 seed=0 k=77 f=0
40 49 76 65 46 47 71 52 38 69 30 49 51 55 16 32 35 0 68 69 23 36 14 27 58 31 19 24 39 20 33 5 76 25 17 20 58 0 1 49 38 0 40 13 58 14 45 6 9 41 5 76 17 56 36 76 30 45 71 25 17 72 0 35 52 12 60 59 0 33 62 46 23 42 63 75 29 51 26 42 57 48 72 65 27 15 61 61 8 57 10 76 76 67 45 40 65 21 10 66 62 5 73 7 54 8 19 15 76 0
run=2 seed=1 k=77 f=0
40 49 76 65 46 47 71 52 38 69 30 49 51 55 16 32 35 0 68 69 23 36 14 27 58 31 19 24 39 20 33 5 76 25 17 20 58 0 1 49 38 0 40 13 58 14 45 6 9 41 5 76 17 56 36 76 30 45 71 25 17 72 0 35 52 12 60 59 0 33 62 46 23 42 63 75 29 51 26 42 57 48 72 65 27 15 61 61 8 57 10 76 76 67 45 40 65 21 10 66 62 5 73 7 54 8 19 15 76 0
run=3 seed=2 k=77 f=0
28 76 20 0 24 68 15 65 46 14 56 74 41 64 76 69 39 61 21 3 53 4 32 41 57 30 40 16 8 34 61 31 3 60 48 58 59 49 36 20 8 16 36 76 8 25 50 13 19 43 23 57 68 69 0 42 30 24 63 40 32 24 0 31 73 15 50 72 75 0 28 20 8 16 76 53 6 18 76 68 67 54 46 60 62 32 29 62 9 70 45 11 68 8 15 76 0 63 26 38 26 21 50 12 9 37 0 29 47 37
run=4 seed=3 k=77 f=0
6 1 10 39 48 16 5 73 61 30 8 76 39 14 46 13 16 73 0 13 10 35 66 56 76 19 1 11 27 0 37 42 28 14 0 76 32 59 22 52 40 63 46 65 69 48 66 47 22 67 18 22 30 76 6 52 3 26 44 41 20 32 57 3 62 25 37 33 64 67 29 52 22 50 56 56 40 52 35 29 34 0 19 6 6 0 76 63 54 43 13 20 76 49 47 68 62 71 15 43 58 23 52 7 47 57 13 74 0 26
run=5 seed=4 k=77 f=0
0 7 58 67 76 32 9 5 13 37 43 0 2 17 5 29 64 75 76 48 47 63 47 46 20 48 17 55 36 76 16 59 68 26 71 39 35 43 8 22 1 22 76 12 64 53 17 59 62 18 24 9 36 40 26 0 10 75 14 12 31 54 36 3 52 65 22 37 50 61 35 27 42 68 33 69 59 50 55 40 19 76 45 68 14 76 31 57 31 39 29 70 73 19 45 52 30 22 58 63 58 48 49 1 4 0 28 69 5 0
run=6 seed=5 k=77 f=0
21 30 50 76 74 67 67 13 22 16 1 9 0 64 69 16 75 60 27 8 6 48 56 46 1 41 60 13 76 63 61 49 0 18 58 56 12 48 42 21 62 30 71 76 44 55 27 35 57 26 63 31 7 5 25 0 31 47 12 38 72 4 25 24 72 53 11 69 8 16 11 29 51 34 73 33 40 30 35 68 67 12 53 46 21 25 49 44 61 37 5 40 22 68 50 39 76 0 20 40 57 9 57 65 5 0 76 21 68 34
run=7 seed=6 k=77 f=0
51 27 31 20 32 0 26 8 47 68 22 5 75 58 0 1 7 58 45 63 23 43 71 37 13 41 42 57 40 0 3 15 16 14 0 7 38 57 33 63 24 57 68 74 75 36 61 64 45 50 27 26 17 5 8 20 10 55 19 49 25 47 28 10 71 49 27 0 50 76 52 30 33 26 70 12 76 42 37 70 20 57 49 68 39 64 14 35 67 76 58 54 67 1 0 18 12 10 30 21 38 52 15 44 47 42 31 35 63 76
run=8 seed=7 k=77 f=0
43 34 71 60 28 51 66 22 37 6 6 19 36 50 5 48 30 61 37 28 42 35 59 20 68 31 74 66 73 62 25 15 67 27 0 76 57 48 61 14 46 53 74 13 15 76 12 29 76 14 59 60 1 52 76 18 66 10 5 10 65 76 19 40 10 7 3 49 69 32 17 64 35 7 43 2 35 55 76 53 50 21 58 40 55 44 23 51 44 71 23 56 19 0 70 27 8 10 29 25 42 1 0 46 38 42 10 47 0 0
run=9 seed=8 k=77 f=0
26 1 10 20 59 33 26 22 76 49 10 55 40 28 54 55 7 62 42 16 20 42 32 10 65 0 33 44 39 63 57 44 0 14 0 54 47 76 76 56 25 16 49 47 37 35 71 19 22 73 26 38 13 59 6 20 32 44 49 3 10 5 19 52 62 68 70 5 75 21 1 69 76 23 0 68 12 38 73 30 34 66 26 28 16 12 66 61 41 6 7 56 0 9 48 54 67 29 47 13 8 32 75 25 51 19 63 76 0 49
run=10 seed=9 k=77 f=0
7 25 46 0 63 20 59 65 54 37 0 4 66 51 57 34 37 0 14 72 50 76 47 34 3 10 58 50 51 45 66 46 49 50 0 76 75 0 0 58 63 71 73 27 34 40 9 68 48 26 76 28 12 68 6 15 28 64 18 60 32 45 25 12 40 41 59 6 13 45 72 20 73 21 23 30 69 41 11 20 67 76 58 19 6 12 44 34 34 55 54 32 19 9 21 57 2 63 37 16 19 30 27 76 72 76 36 39 56 17
run=11 seed=10 k=77 f=0
41 31 9 63 13 76 15 22 35 0 39 18 55 40 32 7 0 69 70 11 49 33 16 25 76 41 1 3 46 52 48 59 8 57 66 18 9 37 48 8 0 10 0 0 68 46 7 34 47 50 33 28 8 27 51 24 18 68 52 56 36 48 43 56 56 62 62 69 19 5 22 27 21 55 65 62 57 52 24 38 76 20 20 66 13 70 46 12 74 43 29 76 0 27 39 76 13 54 0 30 44 73 27 35 54 76 67 62 60 0
run=12 seed=11 k=77 f=0
24 51 76 51 17 42 10 14 19 9 67 27 46 75 59 76 61 62 66 0 7 50 8 8 54 35 61 76 18 5 37 48 74 0 23 0 19 11 31 4 58 73 73 35 25 58 34 17 72 16 68 41 66 69 47 28 0 40 46 0 8 50 29 29 47 52 55 31 32 52 38 9 3 18 24 5 66 46 18 11 42 5 7 64 21 59 52 23 26 42 13 76 37 63 76 29 0 64 55 13 56 62 36 73 69 59 55 18 67 42
run=13 seed=12 k=77 f=0
24 9 76 49 12 62 70 63 25 1 29 25 23 26 41 29 43 0 56 69 29 0 71 31 49 0 38 29 67 9 19 13 16 33 67 72 38 62 0 9 26 35 25 40 60 42 21 48 31 28 58 76 1 58 41 66 15 5 0 76 71 20 61 70 37 67 7 55 18 32 76 0 56 64 51 9 58 66 21 2 62 65 70 52 67 39 36 8 16 57 44 76 75 53 18 2 38 36 17 76 51 45 2 28 54 50 45 76 13 7
run=14 seed=13 k=77 f=0
43 58 17 36 37 10 70 74 54 23 49 9 11 11 43 24 51 35 68 5 44 5 14 50 40 27 36 6 34 66 35 62 76 58 42 0 20 0 13 18 46 43 29 17 70 22 40 29 49 63 23 1 0 48 62 76 29 0 6 71 64 0 59 22 22 55 60 44 31 54 31 26 68 47 30 5 56 6 32 66 27 76 17 21 75 47 76 4 8 53 37 12 76 66 62 39 24 67 0 53 10 15 59 69 13 49 58 45 76 0
run=15 seed=14 k=77 f=0
19 48 60 76 0 76 46 28 51 49 6 46 35 71 48 42 47 59 56 35 72 0 68 26 12 15 18 15 19 51 2 59 11 56 62 46 12 76 32 76 16 38 18 67 76 65 35 0 57 68 11 32 34 7 10 9 27 22 27 0 15 15 35 51 71 61 38 11 18 76 0 75 5 22 15 41 41 52 0 25 7 31 67 26 50 55 5 43 40 21 64 42 48 3 24 66 60 0 60 29 29 75 70 55 69 55 19 40 76 22
run=16 seed=15 k=77 f=0
21 69 76 46 41 76 71 6 23 6 40 24 24 26 56 26 43 34 47 69 40 21 68 64 37 17 1 29 34 64 43 15 13 13 0 57 17 45 38 14 23 46 24 42 17 58 50 28 35 6 61 57 36 38 63 76 2 18 52 54 40 17 3 53 71 31 1 35 48 66 0 51 8 75 29 16 69 72 76 21 76 65 3 3 53 42 35 70 30 36 7 76 75 56 30 10 58 10 72 51 61 1 11 25 65 76 67 9 60 0
run=17 seed=16 k=77 f=0
44 76 42 16 38 15 71 14 59 51 76 43 40 0 24 30 1 38 22 37 74 56 15 6 50 65 54 5 34 66 25 7 32 38 75 76 20 0 2 42 45 24 31 58 44 23 0 51 56 56 22 18 0 8 69 47 48 38 23 11 5 23 67 74 61 61 68 68 9 66 32 27 10 71 31 52 27 19 58 50 28 76 15 74 8 59 64 5 32 9 38 44 29 11 16 67 37 2 51 0 51 19 0 33 13 57 76 61 76 50
run=18 seed=17 k=77 f=0
57 2 62 9 61 12 15 11 44 49 40 18 11 10 18 62 24 29 51 6 41 60 42 23 51 38 50 32 69 74 67 59 0 48 56 72 2 19 31 38 59 31 28 46 39 67 34 64 38 70 34 2 11 24 22 42 66 15 7 8 53 4 0 53 7 25 37 18 29 40 68 73 19 12 1 1 67 8 69 45 63 53 49 0 45 51 17 4 0 23 14 27 48 76 23 57 16 31 47 76 76 7 58 76 9 76 28 55 34 76
run=19 seed=18 k=77 f=0
67 37 62 43 44 22 31 27 9 52 4 76 76 2 5 72 76 41 28 22 55 57 0 11 38 53 14 73 54 11 55 47 76 49 24 38 38 68 59 47 52 43 14 54 7 17 39 47 4 14 39 60 21 69 30 3 12 22 30 65 70 62 65 30 17 0 0 56 37 22 34 70 16 24 74 0 69 31 56 0 48 76 65 0 43 30 8 7 24 66 8 63 28 48 71 20 46 34 34 6 74 20 17 16 34 15 58 28 47 0
run=20 seed=19 k=77 f=0
40 38 10 26 75 59 34 73 38 31 48 52 11 17 41 0 45 23 24 0 50 12 66 33 15 0 42 16 64 0 2 55 4 43 60 76 40 24 10 12 38 26 24 49 68 5 21 68 33 18 37 51 11 52 6 30 57 7 30 76 68 8 37 44 53 19 16 18 69 29 4 65 73 45 61 70 39 63 23 33 0 59 52 16 17 22 0 71 76 55 46 29 66 0 60 76 62 47 40 30 59 69 8 76 73 24 47 46 55 68
