run=1 seed=0 k=106 f=0
101 51 21 101 85 47 40 91 60 29 42 101 2 15 35 83 9 92 23 24 89 2 40 63 104 66 54 2 21 73 89 72 76 85 75 87 83 30 59 36 102 81 103 55 72 52 65 32 69 78 53 52 7 13 40 59 102 58 17 5 0 37 31 15 0 75 8 83 104 48 79 35 68 3 104 17 61 26 89 45 30 6 30 38 92 85 23 13 90 31 69 10 40 21 39 60 38 46 50 17 75 22 66 68 83 97 11 12 49 29
run=2 seed=1 k=106 f=0
101 51 21 101 85 47 40 91 60 29 42 101 2 15 35 83 9 92 23 24 89 2 40 63 104 66 54 2 21 73 89 72 76 85 75 87 83 30 59 36 102 81 103 55 72 52 65 32 69 78 53 52 7 13 40 59 102 58 17 5 0 37 31 15 0 75 8 83 104 48 79 35 68 3 104 17 61 26 89 45 30 6 30 38 92 85 23 13 90 31 69 10 40 21 39 60 38 46 50 17 75 22 66 68 83 97 11 12 49 29
run=3 seed=2 k=106 f=0
34 90 12 95 94 0 36 83 31 23 94 24 33 13 80 85 10 78 27 89 54 27 47 63 67 55 27 2 42 67 32 76 16 74 65 46 60 25 95 52 39 32 24 8 43 1 100 72 68 4 6 41 101 87 76 60 47 97 60 89 48 28 76 97 56 82 89 50 5 66 20 9 42 53 17 104 86 57 0 80 11 23 15 104 89 52 101 62 45 51 77 40 1 95 0 13 71 103 9 105 96 42 73 32 18 57 78 103 21 62
run=4 seed=3 k=106 f=0
96 75 32 68 54 86 60 74 25 27 89 2 101 83 54 89 84 66 103 65 67 21 22 60 1 18 7 3 102 44 40 17 41 51 34 1 50 58 65 16 32 52 18 29 94 105 11 21 36 43 63 103 85 85 11 87 88 72 77 70 89 10 63 3 50 0 74 0 0 77 22 79 103 73 36 91 72 47 43 26 55 78 32 35 82 16 48 45 7 65 11 56 28 19 43 75 49 47 82 17 2 30 26 6 56 62 9 101 35 94
run=5 seed=4 k=106 f=0
45 15 4 24 71 8 95 39 85 41 89 18 72 30 13 71 16 51 33 104 105 0 40 67 59 104 73 4 74 80 105 29 21 46 55 93 30 2 0 36 86 97 28 81 96 15 105 58 92 82 34 22 37 57 49 90 80 84 94 45 66 31 102 88 77 89 105 53 65 28 43 7 97 104 69 10 103 14 48 43 100 33 66 37 58 82 77 26 68 32 51 60 51 40 66 20 57 43 53 4 72 23 8 1 97 86 102 75 25 76
run=6 seed=5 k=106 f=0
57 72 36 105 68 74 75 51 94 8 90 58 102 88 70 14 56 4 8 65 96 33 77 64 1 14 37 49 1 16 18 13 28 98 31 97 51 11 42 0 77 27 91 37 9 24 5 83 21 28 46 43 82 60 22 41 0 95 105 71 76 52 68 105 52 42 18 31 61 16 66 104 91 21 69 25 78 48 38 91 33 53 36 10 2 94 14 7 84 105 105 79 61 86 85 74 28 1 98 102 66 56 82 24 6 105 36 84 27 44
run=7 seed=6 k=106 f=0
93 9 30 9 105 61 38 44 51 6 85 55 57 65 54 15 37 87 68 26 67 27 70 42 5 45 0 61 91 0 103 104 33 59 16 84 25 17 0 101 19 32 24 54 0 76 95 10 45 79 104 81 66 105 96 71 0 22 11 18 9 0 52 70 104 40 23 36 53 73 89 72 77 39 12 49 90 65 88 30 99 68 77 41 10 37 72 11 92 19 59 64 94 85 28 76 52 83 101 105 45 80 68 63 45 39 33 89 31 18
run=8 seed=7 k=106 f=0
10 44 44 0 33 25 11 105 57 77 23 53 9 44 13 43 46 103 82 66 66 1 78 90 54 104 51 66 1 68 35 16 46 61 86 97 85 40 21 6 11 81 104 34 19 49 78 55 17 66 84 25 72 93 11 27 95 62 20 97 16 75 105 62 30 25 68 83 97 63 47 35 17 83 87 76 58 86 33 75 41 73 81 30 92 34 38 45 35 98 105 96 1 55 4 103 88 8 45 0 50 18 10 67 1 104 68 53 70 27
run=9 seed=8 k=106 f=0
28 48 20 87 97 35 42 89 38 43 6 10 47 61 103 78 90 54 52 61 19 28 70 76 96 77 12 57 102 60 33 46 20 51 102 43 54 8 61 2 27 0 71 89 64 100 80 9 21 32 27 35 3 10 11 92 66 104 9 86 57 99 60 84 85 1 104 74 80 35 3 84 65 35 70 15 69 14 28 15 79 57 88 66 100 56 51 92 68 38 70 19 105 87 92 74 100 28 48 5 60 17 74 18 73 26 38 9 44 0
run=10 seed=9 k=106 f=0
91 62 7 23 28 0 14 84 32 11 1 21 9 49 93 68 7 21 85 91 23 96 105 27 16 54 74 15 91 59 45 47 71 79 0 105 102 38 35 60 52 105 52 43 6 66 50 13 18 63 31 22 78 0 41 32 0 25 49 8 41 33 34 50 21 85 62 17 76 48 77 57 54 11 26 60 102 8 74 68 98 86 103 81 93 71 86 100 45 74 4 10 73 63 14 47 81 72 67 83 92 8 53 40 51 93 27 23 96 105
run=11 seed=10 k=106 f=0
90 8 102 1 71 58 93 3 87 61 57 47 48 15 82 99 48 0 97 24 78 28 83 6 36 12 105 21 92 64 77 79 67 42 34 40 105 21 105 25 83 105 52 30 40 19 75 79 93 73 102 79 27 54 50 47 3 57 68 0 41 52 1 87 27 96 21 9 43 73 57 52 72 63 99 65 0 12 75 105 8 37 60 23 0 29 97 69 26 37 51 34 59 39 16 11 0 46 14 44 14 85 79 11 65 86 76 97 24 66
run=12 seed=11 k=106 f=0
65 68 73 7 87 83 45 49 81 41 73 2 37 73 64 56 47 34 29 30 5 67 17 53 39 55 88 4 28 34 77 2 0 1 65 75 90 25 18 12 66 93 100 13 35 60 24 41 46 25 67 105 49 33 56 84 103 70 88 43 12 69 101 6 88 49 103 105 0 36 80 66 23 0 9 94 95 46 26 39 50 40 13 69 105 101 79 82 98 15 59 96 75 13 6 58 94 90 80 79 88 105 56 55 58 25 2 47 7 16
run=13 seed=12 k=106 f=0
98 73 0 100 16 105 55 51 83 86 61 67 75 28 62 66 35 89 56 104 14 15 27 74 43 28 73 65 88 93 86 43 45 33 80 66 93 25 28 13 38 102 95 5 22 69 105 83 56 49 30 3 11 90 41 59 45 102 50 56 30 49 83 28 20 0 14 31 60 77 101 91 36 2 24 92 70 24 74 54 105 40 50 10 62 48 105 95 76 77 2 2 34 66 11 85 4 19 35 57 26 41 18 97 94 98 7 31 16 9
run=14 seed=13 k=106 f=0
20 83 89 61 36 70 22 32 37 12 20 86 77 92 7 99 57 28 63 77 83 97 83 34 0 31 6 102 38 64 52 65 86 69 21 49 11 0 94 97 43 9 58 57 94 105 87 4 38 46 12 47 20 80 56 43 99 24 71 52 47 50 43 41 13 64 102 25 1 25 105 96 12 89 56 34 30 66 8 13 6 15 9 104 87 68 64 27 98 26 79 46 90 49 57 19 68 53 76 78 30 2 95 36 91 73 29 34 33 0
run=15 seed=14 k=106 f=0
69 32 23 37 29 10 29 25 58 60 66 50 46 72 70 77 86 38 99 90 32 17 0 32 46 11 37 0 39 103 44 76 22 53 54 48 66 105 77 14 12 76 4 55 102 95 79 62 15 91 99 35 16 64 41 62 54 38 71 10 83 101 62 89 1 87 83 31 98 105 40 20 5 25 43 32 81 28 105 22 18 84 58 31 59 83 66 73 103 9 91 11 2 78 67 26 74 45 89 14 71 37 1 25 95 8 90 88 96 4
run=16 seed=15 k=106 f=0
15 66 18 87 62 32 78 42 9 96 26 89 10 10 36 3 24 79 44 31 26 58 17 1 62 61 66 58 32 83 95 56 100 104 32 88 32 1 23 103 36 52 54 39 8 0 35 66 43 6 39 43 29 52 76 28 94 42 9 100 60 11 92 49 10 50 57 75 87 5 103 84 105 37 92 95 1 72 82 71 81 98 104 21 76 57 53 75 27 73 52 16 85 68 67 21 37 47 11 26 84 18 65 68 16 22 60 49 50 68
run=17 seed=16 k=106 f=0
100 55 11 65 71 61 78 67 51 13 47 8 51 47 22 66 13 40 67 60 45 95 0 0 104 101 28 66 97 28 78 96 9 5 53 80 97 26 91 62 31 38 71 87 11 19 86 25 82 48 66 30 21 57 92 20 17 83 71 84 68 16 50 70 18 79 48 0 100 0 75 76 77 92 105 12 39 56 37 23 52 33 86 17 103 22 81 37 91 0 39 10 70 61 60 5 33 81 54 31 14 60 75 92 105 3 42 46 20 42
run=18 seed=17 k=106 f=0
96 83 0 25 29 105 81 62 87 38 83 31 39 69 45 30 52 90 18 17 80 27 82 70 93 13 46 23 45 104 73 33 82 19 84 37 51 60 10 3 95 17 64 48 41 48 4 0 77 54 64 93 6 105 61 93 69 66 14 94 84 65 21 22 27 31 59 57 46 101 55 8 13 103 74 86 18 5 105 32 51 36 15 67 46 21 75 88 75 40 77 95 7 24 2 99 56 99 54 73 97 12 6 35 10 104 15 1 57 67
run=19 seed=18 k=106 f=0
38 30 9 90 78 84 55 7 2 7 76 95 34 104 60 43 58 91 32 105 17 83 4 14 66 28 25 105 32 24 16 61 55 64 42 94 79 24 47 0 40 62 75 101 40 100 45 5 56 103 64 30 49 38 60 9 98 12 80 51 20 59 50 71 65 49 24 31 53 71 19 42 18 25 92 99 16 0 26 66 59 48 1 79 10 41 89 103 18 69 82 16 5 69 0 87 56 81 104 77 99 35 12 100 75 96 45 91 86 72
run=20 seed=19 k=106 f=0
35 8 20 42 18 27 69 4 105 36 42 17 20 68 90 97 100 67 64 14 3 55 39 84 0 99 36 48 51 12 27 54 52 28 23 8 72 92 95 14 23 80 35 20 74 93 85 100 49 10 66 85 100 78 105 100 81 25 51 26 3 105 58 92 42 29 0 67 45 86 56 23 46 55 20 0 58 89 71 78 77 33 83 70 70 9 0 45 52 33 104 75 61 37 32 103 17 1 62 76 89 0 101 92 40 92 6 63 12 60
