run=1 seed=0 k=86 f=0
8 52 9 46 0 85 28 48 24 67 60 33 22 11 70 83 12 68 31 13 9 39 1 62 71 18 41 25 42 11 16 84 0 55 83 55 41 85 23 48 81 25 22 17 7 67 3 41 75 34 13 18 85 85 77 61 56 30 77 67 16 53 21 33 68 78 76 53 30 74 9 0 26 6 19 1 58 36 54 64 85 60 71 58 60 52 5 71 0 70 47 32 1 65 38 32 0 38 77 47 67 82 3 40 73 37 48 44 62 76
run=2 seed=1 k=86 f=0
8 52 9 46 0 85 28 48 24 67 60 33 22 11 70 83 12 68 31 13 9 39 1 62 71 18 41 25 42 11 16 84 0 55 83 55 41 85 23 48 81 25 22 17 7 67 3 41 75 34 13 18 85 85 77 61 56 30 77 67 16 53 21 33 68 78 76 53 30 74 9 0 26 6 19 1 58 36 54 64 85 60 71 58 60 52 5 71 0 70 47 32 1 65 38 32 0 38 77 47 67 82 3 40 73 37 48 44 62 76
run=3 seed=2 k=86 f=0
81 57 20 46 72 36 15 0 11 27 72 65 40 52 54 7 2 15 29 66 47 53 29 56 73 31 34 16 41 35 0 19 8 78 44 20 64 53 39 75 0 17 9 0 29 25 66 69 8 65 78 63 67 4 38 73 20 46 38 31 75 77 19 84 76 12 47 52 19 11 46 78 24 49 44 69 7 32 81 25 50 73 77 2 16 22 33 68 83 7 59 85 85 0 84 28 39 38 81 53 32 22 55 56 69 85 74 48 63 59
run=4 seed=3 k=86 f=0
33 60 64 23 85 0 71 20 15 45 4 55 28 15 73 54 84 72 74 61 22 40 75 40 2 34 26 9 36 66 79 85 21 29 0 7 66 39 51 39 13 13 48 47 2 47 10 56 20 50 74 53 26 0 72 53 11 67 59 45 61 6 21 83 84 80 65 74 64 79 34 51 26 15 79 64 24 13 30 46 17 7 41 72 44 7 77 62 82 0 27 34 2 50 0 85 70 41 28 85 18 85 84 11 16 34 58 22 38 56
run=5 seed=4 k=86 f=0
38 61 52 66 22 54 10 17 30 75 7 68 62 1 7 23 64 47 44 70 4 52 84 64 44 24 23 0 13 74 38 79 13 82 57 78 52 80 24 34 4 23 72 85 28 59 26 0 44 33 27 43 7 43 49 14 21 76 0 0 42 77 16 20 70 85 30 39 85 49 32 53 5 14 35 85 16 68 52 79 8 15 84 32 54 39 7 77 76 65 61 46 11 36 16 71 22 85 58 58 56 4 82 24 29 69 0 47 32 1
run=6 seed=5 k=86 f=0
74 41 0 85 38 2 6 75 10 13 66 72 76 0 78 44 37 17 21 36 16 84 1 81 20 64 51 85 0 40 18 82 63 70 44 37 85 28 85 21 77 54 33 26 8 19 57 11 58 15 40 69 57 38 63 0 9 65 49 20 47 67 78 55 53 55 47 61 78 28 44 25 85 53 48 5 31 6 10 3 59 45 77 82 33 49 58 62 54 24 68 2 45 0 15 67 70 73 31 57 51 12 9 85 28 51 19 60 32 28
run=7 seed=6 k=86 f=0
24 60 36 85 76 82 19 40 51 18 0 30 75 5 15 76 79 51 30 34 20 54 18 58 85 67 58 32 80 25 51 72 45 71 12 65 0 28 85 23 77 8 40 36 84 61 33 9 17 57 36 85 16 45 27 78 84 8 47 44 76 29 29 16 19 48 73 22 35 52 69 6 62 8 83 60 64 15 66 72 11 76 1 18 47 22 55 11 27 45 40 15 62 41 0 54 10 1 59 0 27 3 69 0 40 44 7 20 42 9
run=8 seed=7 k=86 f=0
24 40 58 74 16 43 85 30 20 1 10 25 26 33 67 14 77 84 85 70 8 37 0 52 56 28 25 2 16 70 54 59 16 24 51 33 72 35 56 6 74 53 48 67 27 65 56 0 65 17 74 83 8 0 45 63 16 21 66 41 59 60 85 31 64 85 77 3 23 79 20 35 48 37 79 12 60 39 45 13 70 10 67 8 40 33 40 52 37 46 4 43 57 46 48 3 21 82 0 5 77 14 64 16 32 74 80 83 29 49
run=9 seed=8 k=86 f=0
21 1 29 63 39 7 77 5 21 63 33 1 30 27 18 54 85 27 13 67 4 54 28 70 73 84 11 82 64 72 73 50 33 25 69 77 22 85 39 52 56 49 33 0 22 13 85 48 1 8 56 17 55 36 48 39 51 47 9 13 58 42 19 85 85 79 59 79 78 70 48 28 14 67 43 19 0 66 2 42 52 72 65 37 65 44 34 72 52 62 28 60 67 40 5 13 50 41 25 83 60 9 84 60 25 9 76 17 36 0
run=10 seed=9 k=86 f=0
47 10 76 46 68 57 29 79 18 77 39 51 84 9 54 52 37 72 20 73 13 15 65 66 75 67 84 18 20 67 50 2 1 72 85 30 1 57 83 72 7 32 63 9 1 57 5 78 35 23 7 0 77 38 59 58 67 26 5 73 78 31 45 44 52 40 38 64 52 40 45 51 18 59 48 0 32 62 13 63 58 10 32 1 26 64 23 32 1 23 69 25 27 48 14 75 71 32 10 85 54 42 84 58 7 39 18 81 0 85
run=11 seed=10 k=86 f=0
48 17 23 11 29 9 18 9 47 37 23 19 16 19 50 37 85 17 66 0 70 70 65 0 11 2 59 1 71 51 74 16 56 78 43 20 45 56 85 24 5 79 55 71 82 30 0 31 74 64 5 70 42 41 11 85 82 45 53 55 26 26 74 63 77 10 40 66 61 12 51 78 80 59 62 43 80 62 30 35 1 73 62 63 25 29 6 40 83 14 35 85 24 0 60 65 47 36 33 3 26 38 45 16 58 54 34 29 22 56
run=12 seed=11 k=86 f=0
17 12 31 82 33 35 15 20 46 1 10 26 9 20 50 1 17 10 70 36 37 27 65 0 85 40 68 54 35 58 30 55 85 35 38 7 2 44 32 49 49 43 84 28 73 65 50 44 53 23 20 27 1 57 80 78 25 56 79 66 9 69 34 78 23 49 62 26 58 0 64 5 49 30 74 41 11 39 43 85 76 72 45 17 84 51 72 76 9 68 56 85 81 61 14 71 20 18 2 75 62 7 82 4 1 65 35 39 22 0
run=13 seed=12 k=86 f=0
37 7 0 49 0 54 22 0 8 36 48 44 69 78 78 82 21 30 46 80 84 56 37 65 6 69 12 24 72 8 48 55 24 64 59 7 26 77 57 85 71 34 18 0 80 74 82 15 14 15 10 6 67 40 51 75 61 29 72 85 10 20 64 73 32 19 85 66 68 27 63 27 59 42 16 39 28 50 54 34 67 85 39 54 85 0 43 52 58 41 78 37 4 42 18 33 64 19 64 70 71 29 22 13 1 14 50 85 16 31
run=14 seed=13 k=86 f=0
21 69 85 0 59 14 67 13 71 48 37 5 85 21 40 16 76 29 80 25 41 49 49 58 67 9 75 20 52 74 56 85 35 41 3 51 12 73 62 27 22 44 15 85 79 79 31 72 39 76 11 85 26 55 31 83 64 58 9 33 27 64 23 45 9 78 2 43 13 73 68 52 54 5 60 46 71 9 33 63 15 62 0 67 55 24 54 59 27 0 29 4 51 21 0 30 37 35 20 43 35 9 85 40 46 42 5 28 0 18
run=15 seed=14 k=86 f=0
0 6 47 11 30 11 32 36 3 0 52 39 44 62 19 33 15 40 26 23 50 60 47 70 68 63 84 58 17 23 25 44 34 71 52 55 29 71 8 43 40 70 38 62 17 18 7 47 36 0 10 76 80 54 39 0 58 77 24 57 10 76 7 28 16 66 81 58 20 83 60 14 52 3 78 32 8 15 59 35 46 27 48 30 51 25 85 75 38 43 66 66 14 85 75 2 75 76 85 24 20 15 3 1 65 69 22 84 85 85
run=16 seed=15 k=86 f=0
39 58 51 36 12 19 17 66 61 77 1 80 9 52 21 0 51 8 69 40 73 32 59 77 80 67 80 39 7 41 73 30 1 55 2 11 31 39 84 72 40 50 11 64 5 46 8 32 71 4 65 60 31 26 66 64 85 67 19 58 27 27 43 85 24 45 47 71 29 44 15 6 53 47 77 76 43 73 8 15 19 12 82 35 31 27 85 35 76 83 54 21 1 18 4 58 49 0 15 15 44 23 71 37 32 22 49 0 34 84
run=17 seed=16 k=86 f=0
84 30 55 20 0 18 14 77 8 24 44 82 13 83 11 78 85 60 25 49 33 35 1 75 20 36 14 64 37 56 2 34 66 51 50 57 72 5 39 17 14 13 78 4 72 85 65 34 79 66 1 59 57 74 13 43 44 67 74 51 61 70 47 9 0 84 46 62 6 9 51 71 13 42 2 67 33 29 10 25 19 0 21 3 85 60 69 74 45 20 78 23 54 63 31 24 52 79 28 53 25 8 69 40 76 41 36 83 37 29
run=18 seed=17 k=86 f=0
26 35 5 85 27 85 42 37 54 74 63 78 1 16 61 66 60 33 46 12 46 0 39 0 30 48 26 8 0 54 60 2 63 59 2 36 59 50 71 24 10 43 72 52 0 29 21 76 17 26 34 34 43 14 48 47 38 73 49 67 34 22 20 43 55 67 17 45 55 14 40 70 9 84 8 62 82 42 85 76 85 36 81 7 30 52 43 85 75 82 3 77 9 26 22 80 17 19 17 80 51 66 28 10 51 67 71 26 0 67
run=19 seed=18 k=86 f=0
70 45 48 28 0 0 69 77 82 83 29 73 0 54 14 3 60 31 45 24 60 85 45 24 22 63 16 29 57 62 60 5 9 34 48 55 74 26 85 26 69 35 23 17 77 43 0 63 83 85 48 74 66 55 34 16 17 11 79 17 50 74 36 39 34 42 79 59 65 24 59 71 50 14 12 10 11 42 70 84 64 74 9 83 19 31 39 85 4 25 2 52 8 53 77 37 71 37 44 59 80 50 8 4 0 20 66 37 85 19
run=20 seed=19 k=86 f=0
51 16 81 55 66 26 4 8 0 74 47 4 68 20 9 45 42 8 32 52 50 32 13 44 72 24 82 24 18 77 54 26 85 85 49 2 8 25 13 63 20 63 63 37 34 39 21 76 84 67 46 11 6 14 57 0 76 59 54 53 33 17 29 0 65 20 59 17 37 70 50 35 65 27 57 59 28 21 85 71 25 46 75 43 7 31 80 13 33 13 40 67 42 57 79 0 44 63 27 80 49 69 84 22 4 0 15 83 3 73
