run=1 seed=0 k=93 f=0
14 8 1 81 50 74 6 11 47 1 27 14 26 37 92 92 33 84 64 17 58 33 75 7 59 70 42 84 75 69 74 84 23 75 91 87 36 4 42 79 11 92 90 46 43 90 20 32 56 24 38 70 55 53 62 14 17 51 40 23 30 37 84 66 0 80 55 73 28 57 33 63 0 15 59 18 9 78 11 56 6 13 33 63 50 0 45 9 61 42 72 2 47 65 81 91 49 28 83 68 81 0 50 22 65 16 77 26 27 38
run=2 seed=1 k=93 f=0
14 8 1 81 50 74 6 11 47 1 27 14 26 37 92 92 33 84 64 17 58 33 75 7 59 70 42 84 75 69 74 84 23 75 91 87 36 4 42 79 11 92 90 46 43 90 20 32 56 24 38 70 55 53 62 14 17 51 40 23 30 37 84 66 0 80 55 73 28 57 33 63 0 15 59 18 9 78 11 56 6 13 33 63 50 0 45 9 61 42 72 2 47 65 81 91 49 28 83 68 81 0 50 22 65 16 77 26 27 38
run=3 seed=2 k=93 f=0
90 14 0 92 57 23 38 42 25 66 21 92 72 10 47 0 40 51 15 13 42 49 70 82 32 83 62 22 80 12 90 77 43 57 0 31 91 27 71 92 25 35 53 75 3 5 81 1 45 29 23 17 64 19 36 0 2 78 83 0 86 38 14 13 55 15 65 86 26 60 0 0 9 21 90 49 51 19 53 8 38 74 43 44 91 12 72 89 11 62 6 32 53 81 83 61 34 52 54 58 70 26 70 63 66 83 18 76 45 65
run=4 seed=3 k=93 f=0
24 58 51 0 75 32 6 31 69 91 65 49 33 40 74 29 21 13 90 18 52 14 0 78 62 42 26 32 13 57 6 52 42 38 50 57 40 14 17 35 10 5 71 85 46 88 73 4 47 92 20 4 27 23 66 64 60 82 92 88 59 92 46 21 49 8 65 36 59 78 63 92 74 48 45 39 26 36 70 42 68 12 80 24 84 58 84 83 82 83 0 80 71 88 28 3 91 28 38 53 84 0 73 77 12 16 24 20 8 60
run=5 seed=4 k=93 f=0
76 31 90 13 61 85 21 25 59 35 64 42 57 86 63 81 4 4 39 46 43 74 28 21 60 51 54 0 75 91 54 9 31 55 92 60 49 76 92 57 54 15 17 67 8 0 44 10 90 5 0 48 72 33 77 37 66 19 14 59 1 16 51 57 71 81 51 19 9 49 64 87 45 88 82 80 24 25 87 82 6 26 87 84 25 21 66 92 41 60 15 36 29 18 33 9 69 77 51 36 66 10 30 41 12 16 41 22 9 68
run=6 seed=5 k=93 f=0
6 44 48 80 74 37 74 27 34 46 76 11 76 91 38 35 76 0 88 20 23 91 92 22 44 65 90 31 22 4 3 7 48 21 69 30 83 0 55 57 75 70 9 15 86 42 12 79 68 7 5 17 63 55 24 58 92 67 10 62 91 68 3 90 12 33 63 58 81 0 19 81 26 87 50 35 37 74 22 49 80 26 53 51 61 90 0 51 16 36 68 65 14 58 46 41 66 88 85 53 32 80 43 31 40 10 27 15 82 0
run=7 seed=6 k=93 f=0
65 6 10 88 92 72 63 54 49 43 41 73 28 77 66 92 28 30 50 59 50 92 13 36 62 20 72 58 49 34 31 32 91 45 10 79 0 70 58 19 20 63 89 45 15 25 4 13 57 1 79 86 41 33 26 71 40 38 56 27 53 8 75 58 0 84 23 1 61 43 64 85 54 79 77 86 51 0 5 0 15 40 78 91 75 36 36 64 57 11 31 15 19 10 7 92 22 79 19 83 20 83 3 45 80 68 48 43 21 71
run=8 seed=7 k=93 f=0
23 17 78 10 24 66 83 47 37 13 60 92 70 54 25 62 92 6 92 2 38 54 33 12 53 0 82 89 53 36 57 67 36 41 29 59 5 46 30 59 69 70 35 78 65 73 3 0 92 34 32 4 84 64 46 79 24 81 24 43 49 29 9 86 43 89 51 26 86 5 11 53 16 76 89 81 38 88 0 12 73 46 3 26 0 22 68 63 55 11 17 13 14 79 50 55 71 92 18 45 7 28 0 75 21 78 36 48 71 19
run=9 seed=8 k=93 f=0
28 60 57 48 92 60 36 85 40 53 13 21 4 26 18 54 25 1 43 32 69 51 42 70 7 27 44 77 78 41 0 55 92 61 44 18 88 79 1 74 83 91 8 84 84 20 28 7 41 70 37 86 25 80 70 15 12 92 15 68 44 13 70 41 33 20 51 77 6 53 58 90 21 80 2 73 34 75 82 52 11 0 46 30 23 46 61 92 92 80 64 70 59 49 90 30 92 66 56 64 89 68 6 0 37 19 67 31 34 9
run=10 seed=9 k=93 f=0
10 18 13 41 75 68 35 0 29 83 33 10 31 18 33 60 74 30 40 20 60 44 46 57 6 59 66 33 52 79 78 45 24 92 0 87 38 73 32 23 70 61 28 0 90 8 58 48 58 0 16 92 48 51 28 52 47 82 87 72 21 40 27 89 15 8 78 54 47 46 91 75 17 11 16 23 9 53 38 85 3 80 70 35 52 39 67 83 22 70 63 85 23 88 79 1 60 89 91 91 84 23 26 58 14 54 11 1 69 70
run=11 seed=10 k=93 f=0
20 34 10 40 6 65 34 65 29 47 21 89 0 15 48 3 13 81 83 14 39 27 64 9 41 21 88 16 70 12 68 58 30 17 71 73 57 10 43 53 61 58 89 57 57 47 91 48 88 81 61 0 21 61 92 54 30 49 20 49 28 37 81 91 92 91 0 80 37 15 77 36 70 54 74 35 80 89 33 86 65 88 77 77 26 81 62 53 73 38 54 6 76 46 6 19 45 53 0 12 1 81 33 92 23 27 68 6 25 0
run=12 seed=11 k=93 f=0
0 41 57 28 92 37 84 60 37 37 86 0 48 26 87 23 2 90 31 1 54 42 9 57 71 75 46 15 55 76 75 69 21 71 52 9 15 40 53 76 46 28 28 66 83 52 32 84 22 49 71 67 60 11 45 1 83 58 47 64 6 30 80 48 63 25 75 78 8 92 14 30 42 3 5 4 86 15 89 35 25 66 7 84 75 19 20 9 3 65 39 20 62 1 83 31 89 16 15 51 17 23 44 28 44 0 91 53 34 92
run=13 seed=12 k=93 f=0
43 40 3 46 22 23 89 60 54 36 35 41 34 92 37 10 92 66 92 40 40 1 2 1 27 61 83 8 66 71 72 0 72 66 67 52 10 63 17 52 42 92 12 32 56 8 41 11 18 14 5 14 86 22 77 32 53 65 60 78 47 76 40 40 65 0 83 76 5 0 11 67 91 85 16 26 28 59 76 35 86 83 27 20 76 48 82 58 71 51 35 25 91 73 58 83 90 92 9 19 53 80 29 21 24 47 45 18 51 31
run=14 seed=13 k=93 f=0
77 18 0 72 13 90 19 77 88 1 0 7 17 91 22 67 36 23 26 56 29 12 77 5 57 44 25 0 28 46 89 47 46 4 29 64 58 49 1 16 10 62 63 12 56 27 92 36 91 10 87 44 29 52 37 35 80 20 2 70 51 60 48 71 72 9 55 7 66 34 60 71 1 50 68 43 75 86 92 9 15 34 47 89 82 78 54 54 81 55 92 37 40 0 52 70 26 15 20 40 73 83 40 85 63 82 25 69 28 61
run=15 seed=14 k=93 f=0
69 16 26 45 0 51 72 5 0 47 85 81 36 58 14 9 60 44 45 74 75 14 27 9 41 35 91 4 50 92 60 27 18 39 68 81 57 82 61 77 68 68 90 88 39 21 30 0 44 58 59 38 70 8 81 24 92 80 85 27 45 65 71 35 33 49 27 12 8 92 87 39 76 21 61 21 20 57 18 53 38 92 48 10 77 72 92 7 66 52 13 48 22 12 53 0 84 53 40 33 63 0 18 46 33 28 64 75 0 81
run=16 seed=15 k=93 f=0
38 39 11 46 80 1 40 8 3 30 49 92 66 20 37 33 75 58 44 42 82 0 63 82 15 79 55 24 80 63 61 22 67 84 0 53 88 9 74 92 4 32 10 92 90 16 28 20 50 0 54 39 2 62 64 17 75 88 27 43 60 46 54 74 13 14 30 92 12 28 33 80 78 72 77 19 70 8 45 32 0 55 71 14 80 7 58 34 23 44 62 35 58 22 88 40 51 31 23 24 32 91 70 83 7 46 0 80 0 71
run=17 seed=16 k=93 f=0
80 72 36 15 48 1 90 72 0 20 86 76 8 63 92 69 85 10 92 39 29 65 78 45 19 25 67 9 92 42 0 22 16 21 26 64 56 25 7 56 41 1 43 25 28 47 34 72 48 44 63 70 64 6 36 50 0 8 92 11 69 54 30 86 52 44 34 61 80 45 59 51 92 27 55 30 2 49 63 43 86 70 18 59 81 53 14 80 56 26 22 12 69 85 71 38 86 87 19 40 54 78 36 40 75 92 16 60 0 79
run=18 seed=17 k=93 f=0
90 88 36 60 1 39 92 12 29 71 64 48 3 50 49 11 0 25 45 0 52 0 28 71 66 69 58 75 1 88 6 89 10 17 64 0 41 62 36 45 66 23 78 79 32 53 71 19 71 12 25 80 23 43 40 27 19 75 86 92 17 1 39 50 54 75 62 46 30 7 29 69 45 89 80 76 15 55 51 23 59 86 67 66 91 40 92 14 22 60 84 37 90 32 15 82 15 76 33 33 59 48 74 9 33 57 11 40 20 6
run=19 seed=18 k=93 f=0
92 14 67 85 28 73 37 19 44 71 40 34 86 5 47 87 92 14 23 14 66 82 55 7 3 18 4 52 82 55 40 69 62 14 11 0 79 58 15 31 90 13 65 80 78 62 73 53 45 29 11 57 23 2 63 26 15 76 83 51 20 28 14 88 36 92 42 35 43 58 53 83 48 38 30 29 79 32 45 73 68 9 2 89 63 42 20 26 76 6 47 92 31 1 79 71 91 25 64 69 87 47 73 69 0 86 23 60 23 53
run=20 seed=19 k=93 f=0
51 83 66 91 77 9 49 60 41 1 46 87 37 61 44 92 9 42 0 88 43 67 38 29 48 82 80 14 68 92 61 70 78 36 72 38 68 26 64 82 23 10 10 60 21 11 83 90 57 29 61 20 4 3 9 54 84 85 63 18 79 82 0 67 56 17 20 0 33 74 91 55 33 2 20 83 53 5 56 39 31 54 35 38 6 51 91 30 17 76 14 31 0 10 44 76 27 25 27 14 89 43 1 27 50 46 48 2 73 75
