run=1 seed=0 k=79 f=0
57 78 24 39 54 28 19 36 49 78 15 40 32 64 46 64 69 18 4 31 25 0 35 41 22 55 3 21 30 72 2 77 12 78 33 21 39 47 36 51 60 48 56 48 31 7 45 78 0 4 60 15 42 31 9 27 70 54 60 21 16 36 0 62 51 52 68 58 24 9 68 42 5 52 54 26 42 32 45 58 64 14 63 57 15 2 4 44 73 63 74 24 9 18 44 78 50 0 6 74 68 12 78 77 10 71 56 37 13 65
run=2 seed=1 k=79 f=0
57 78 24 39 54 28 19 36 49 78 15 40 32 64 46 64 69 18 4 31 25 0 35 41 22 55 3 21 30 72 2 77 12 78 33 21 39 47 36 51 60 48 56 48 31 7 45 78 0 4 60 15 42 31 9 27 70 54 60 21 16 36 0 62 51 52 68 58 24 9 68 42 5 52 54 26 42 32 45 58 64 14 63 57 15 2 4 44 73 63 74 24 9 18 44 78 50 0 6 74 68 12 78 77 10 71 56 37 13 65
run=3 seed=2 k=79 f=0
59 78 68 0 8 51 20 53 78 29 0 57 31 70 8 68 61 14 9 58 69 28 41 28 32 42 10 28 69 15 46 20 39 48 35 20 39 12 71 47 32 33 64 78 19 7 74 66 46 29 41 2 56 61 43 37 76 75 24 78 17 35 0 73 46 17 1 45 78 36 78 31 24 76 41 15 56 45 12 72 27 15 0 2 60 8 17 60 53 67 53 65 0 55 0 22 11 25 23 7 13 4 47 69 52 63 67 58 53 35
run=4 seed=3 k=79 f=0
78 23 22 13 51 71 5 45 78 26 23 41 50 1 75 3 0 56 54 17 35 76 27 62 73 49 73 57 78 9 47 7 40 27 71 14 71 19 0 32 76 0 73 48 34 54 17 23 41 34 15 62 63 70 15 67 8 60 55 29 6 12 13 0 30 44 6 67 45 71 10 50 32 63 62 37 9 66 48 39 60 0 8 20 66 6 20 57 60 32 45 34 28 62 23 78 1 30 55 19 54 41 66 78 26 78 0 14 40 40
run=5 seed=4 k=79 f=0
47 1 19 78 57 6 5 9 0 48 78 6 38 72 3 41 36 17 0 17 18 36 29 40 69 48 4 31 24 0 61 70 72 54 3 14 78 12 78 54 64 57 78 64 46 25 17 57 71 28 76 63 69 67 36 11 63 50 8 49 31 0 0 25 25 7 31 51 27 68 45 37 78 51 47 19 17 24 15 70 41 10 17 74 6 61 78 31 59 28 53 61 46 0 32 26 52 32 66 10 22 71 15 44 21 10 54 41 58 41
run=6 seed=5 k=79 f=0
21 18 23 45 32 4 18 47 30 10 78 60 19 71 67 40 48 57 72 71 60 25 77 51 54 36 2 39 39 71 55 21 37 52 16 12 12 0 55 1 18 30 4 78 73 65 35 28 54 6 72 78 10 73 22 11 45 13 69 11 77 70 22 14 44 5 64 39 54 67 8 11 9 15 7 25 43 47 62 8 33 13 47 51 61 47 27 32 59 42 1 57 27 77 78 37 29 78 0 0 68 62 20 35 72 64 68 78 31 0
run=7 seed=6 k=79 f=0
56 43 20 0 40 39 41 74 45 56 0 19 20 13 53 0 42 7 50 25 65 6 49 29 59 9 17 10 37 45 34 53 64 50 4 22 0 49 6 32 35 27 67 78 19 14 22 1 32 74 4 48 54 29 28 78 40 26 65 78 47 22 7 48 75 27 14 6 69 70 0 38 69 76 34 58 78 35 74 55 31 36 74 2 26 51 23 73 66 69 42 64 58 9 15 78 25 78 11 44 11 60 61 14 17 62 68 0 18 58
run=8 seed=7 k=79 f=0
62 39 0 78 54 69 6 55 64 22 12 39 0 31 9 2 8 42 8 5 61 62 77 29 48 58 49 67 61 23 18 19 16 17 48 39 49 66 72 0 45 78 48 78 60 30 39 0 42 44 70 14 73 70 78 10 76 39 20 19 11 9 68 59 57 18 49 43 39 1 78 34 55 72 0 14 62 22 59 33 52 23 27 68 34 46 72 27 36 46 26 75 32 9 64 56 53 14 31 32 23 73 6 29 24 6 24 1 14 50
run=9 seed=8 k=79 f=0
70 32 26 77 67 78 21 67 49 33 24 72 77 19 5 75 18 47 44 19 4 78 25 36 61 55 77 78 30 2 0 5 11 8 62 0 60 9 52 44 68 38 13 56 23 31 56 63 36 45 40 73 49 63 11 65 69 51 37 47 25 15 0 2 18 14 26 60 0 64 4 35 32 67 15 12 53 19 69 7 35 38 60 17 59 0 27 64 13 46 76 42 44 28 25 19 53 69 60 6 41 27 9 10 35 39 52 18 42 0
run=10 seed=9 k=79 f=0
64 61 62 0 78 10 67 27 54 37 71 0 36 21 16 50 36 70 20 64 13 10 0 53 60 48 33 50 35 63 8 78 35 58 44 73 0 8 6 26 47 45 32 25 0 36 49 0 19 39 70 63 20 77 57 78 64 68 77 21 28 39 22 18 59 24 44 44 11 51 0 6 5 20 2 78 72 14 8 18 40 9 42 75 66 61 2 4 30 19 30 16 78 55 14 45 69 71 54 78 5 40 12 54 58 31 28 27 31 22
run=11 seed=10 k=79 f=0
8 2 25 8 5 47 57 51 70 19 22 66 9 31 1 24 9 31 32 27 35 65 40 19 1 40 3 33 42 5 76 60 0 45 25 54 77 41 15 36 7 58 36 69 68 0 74 62 30 50 17 78 25 32 43 53 50 65 20 10 51 4 76 11 41 25 78 43 67 3 69 77 15 54 38 47 53 37 30 47 73 78 59 20 78 54 0 75 63 14 24 11 68 59 61 0 22 54 78 58 18 29 33 60 57 13 21 41 48 17
run=12 seed=11 k=79 f=0
64 75 37 27 54 26 21 63 50 70 10 74 26 39 18 58 12 0 32 24 20 28 1 6 35 0 55 43 31 49 0 0 76 54 78 16 0 35 0 57 22 20 50 50 30 42 4 57 18 47 3 2 20 12 15 65 78 76 19 54 59 32 66 67 69 67 40 15 23 37 52 75 71 16 72 60 47 10 27 69 26 68 9 8 7 16 32 39 59 78 46 34 55 10 78 44 57 7 0 22 37 15 43 41 50 62 70 23 44 78
run=13 seed=12 k=79 f=0
62 11 78 4 6 6 20 38 65 14 6 74 24 69 61 68 13 55 0 11 47 61 77 49 59 35 58 73 25 16 20 20 70 10 0 30 8 66 54 21 61 46 39 78 66 73 0 40 15 70 62 47 49 47 58 33 55 51 42 35 18 32 5 25 11 18 17 32 33 42 34 78 0 7 28 78 77 45 32 54 6 15 28 0 48 13 63 2 26 77 22 50 32 76 68 41 45 42 66 11 57 52 56 70 26 40 0 3 21 56
run=14 seed=13 k=79 f=0
0 75 46 24 0 14 31 63 7 66 11 6 9 56 55 31 23 7 8 58 21 76 45 58 78 13 38 54 39 46 16 47 70 51 5 43 54 17 76 51 28 17 24 50 47 41 20 34 31 38 51 32 67 60 11 8 78 11 37 59 51 75 2 45 19 66 25 16 42 33 38 77 40 61 1 2 18 64 69 63 14 78 37 70 47 23 74 73 0 57 55 27 0 44 66 61 0 34 31 19 13 67 78 60 39 25 70 29 56 69
run=15 seed=14 k=79 f=0
63 47 78 66 31 71 73 23 12 8 78 37 0 17 15 24 67 34 39 62 62 32 47 56 73 5 17 78 72 60 64 71 47 17 23 28 50 58 1 35 61 46 36 78 5 0 8 20 68 50 12 0 73 26 54 1 8 32 11 28 23 0 57 13 13 71 7 30 72 57 75 4 52 15 52 33 48 14 18 9 18 57 16 8 24 64 60 52 36 69 69 38 31 78 49 42 28 21 16 42 59 41 0 78 44 40 17 55 4 44
run=16 seed=15 k=79 f=0
54 12 21 33 53 20 26 22 69 1 56 19 10 28 1 33 18 9 8 30 76 45 66 47 57 78 6 26 66 10 0 44 29 73 78 78 53 61 23 56 43 74 40 63 34 0 63 70 46 66 57 45 46 13 20 57 19 10 29 29 41 78 75 58 59 67 38 16 13 36 31 61 0 19 37 50 36 16 49 7 71 59 76 59 66 78 69 42 42 30 0 78 37 28 15 1 49 8 1 44 51 18 48 0 33 62 74 67 24 50
run=17 seed=16 k=79 f=0
78 52 52 78 47 44 32 62 28 72 34 14 75 23 23 26 69 0 37 75 15 40 36 6 75 10 40 21 55 0 3 53 15 56 78 51 57 9 0 50 24 78 44 69 70 47 74 59 50 44 20 15 31 18 7 64 66 16 7 4 50 35 0 75 66 45 29 13 64 61 16 0 54 17 9 31 0 40 44 57 72 37 13 29 56 38 31 61 69 17 10 21 24 33 45 0 76 60 45 9 9 26 67 24 9 39 41 34 62 3
run=18 seed=17 k=79 f=0
14 23 57 78 61 37 51 68 22 6 45 21 41 77 0 54 73 29 31 50 72 0 36 59 0 15 2 78 72 78 63 37 22 41 34 1 48 76 55 55 40 51 14 66 5 30 18 73 31 25 4 43 56 65 51 70 22 61 66 11 28 18 13 3 9 35 48 62 16 36 62 75 7 71 58 16 25 78 48 10 45 46 38 1 25 29 0 50 36 8 69 11 64 11 78 55 45 70 38 41 76 33 63 7 19 70 0 54 22 5
run=19 seed=18 k=79 f=0
55 27 37 68 78 73 6 59 10 56 4 54 69 32 51 69 77 16 13 65 44 40 28 44 41 27 14 15 67 49 69 51 0 54 26 37 27 10 70 62 56 77 10 8 59 32 15 29 50 14 16 71 2 78 20 21 36 49 5 0 43 59 58 51 22 53 64 74 0 61 33 39 34 47 70 78 41 22 15 55 28 0 41 18 42 38 10 31 59 64 49 24 77 60 5 0 78 19 31 78 46 0 10 35 3 48 20 35 0 46
run=20 seed=19 k=79 f=0
52 0 59 27 31 44 72 49 68 16 15 19 10 45 5 47 43 34 6 31 68 33 14 69 78 18 40 39 29 68 49 6 60 63 9 78 40 2 23 35 49 55 36 0 12 0 42 28 66 43 38 71 55 52 64 78 58 32 66 45 71 75 58 8 39 30 14 21 25 11 17 77 20 55 25 56 58 40 23 18 64 36 70 36 74 70 0 53 78 9 32 58 77 23 0 47 26 47 2 66 6 19 78 52 64 78 33 58 6 11
