run=1 seed=0 k=85 f=0
77 66 64 0 81 20 78 74 82 36 25 1 21 0 24 21 0 55 53 3 27 3 72 84 83 9 57 34 10 33 0 34 29 69 74 41 3 61 23 84 71 47 41 68 15 59 12 61 10 54 55 14 26 19 51 23 82 50 33 29 70 10 9 37 15 13 1 15 64 84 79 66 46 30 41 35 44 14 40 55 64 47 76 58 0 71 25 36 37 63 7 50 73 50 47 41 46 72 18 34 60 54 79 58 19 7 29 84 62 29
run=2 seed=1 k=85 f=0
77 66 64 0 81 20 78 74 82 36 25 1 21 0 24 21 0 55 53 3 27 3 72 84 83 9 57 34 10 33 0 34 29 69 74 41 3 61 23 84 71 47 41 68 15 59 12 61 10 54 55 14 26 19 51 23 82 50 33 29 70 10 9 37 15 13 1 15 64 84 79 66 46 30 41 35 44 14 40 55 64 47 76 58 0 71 25 36 37 63 7 50 73 50 47 41 46 72 18 34 60 54 79 58 19 7 29 84 62 29
run=3 seed=2 k=85 f=0
49 4 76 2 35 29 40 54 69 72 45 50 75 53 20 44 50 75 10 14 32 0 36 18 56 11 80 76 9 82 33 61 2 49 30 40 60 16 56 58 63 39 72 61 84 19 74 69 67 34 20 44 14 63 9 67 25 84 65 31 60 6 18 55 24 11 82 38 81 15 36 26 23 63 33 45 2 33 72 13 67 27 56 1 84 61 21 0 55 16 77 6 83 39 0 51 24 46 23 12 18 58 73 8 39 64 5 46 0 84
run=4 seed=3 k=85 f=0
4 76 83 39 45 69 53 49 57 0 84 5 64 14 16 72 84 14 11 67 54 12 18 23 8 0 8 12 77 72 62 28 54 65 77 76 25 50 66 48 59 32 19 62 52 77 35 32 34 60 24 57 27 27 83 83 0 33 28 14 69 0 60 79 84 37 45 14 33 48 72 43 38 32 20 1 23 27 0 41 38 48 37 22 43 56 6 71 70 57 20 1 16 76 30 8 30 22 64 83 7 45 43 68 19 69 84 4 51 7
run=5 seed=4 k=85 f=0
0 84 77 12 27 83 82 78 23 10 66 84 64 65 5 36 75 64 63 71 23 8 44 34 68 54 28 3 2 53 12 7 71 71 59 41 29 54 29 84 22 72 55 10 39 59 17 17 18 20 27 46 18 29 52 42 76 14 53 11 40 43 27 3 7 36 54 84 0 68 35 54 76 25 34 48 37 47 2 68 18 66 64 59 73 39 20 57 38 0 80 43 45 0 57 84 21 47 24 21 36 62 46 9 51 77 9 33 84 0
run=6 seed=5 k=85 f=0
78 44 36 0 50 70 43 52 19 10 14 6 70 21 16 84 0 35 84 46 31 2 76 19 32 25 73 19 71 76 71 60 5 58 74 38 44 83 11 16 44 20 36 45 79 31 23 52 61 51 13 32 12 81 40 10 8 40 52 33 52 10 9 82 30 78 61 84 65 25 52 6 0 49 67 76 56 15 68 83 57 64 29 41 17 47 45 0 73 34 0 39 53 20 65 37 62 55 60 24 65 84 84 24 27 2 28 53 58 9
run=7 seed=6 k=85 f=0
67 40 82 30 37 60 4 68 0 82 80 76 83 0 6 31 0 24 74 63 46 61 39 12 10 39 25 14 5 0 28 8 32 75 44 84 2 14 44 55 65 16 48 40 2 22 43 1 44 19 18 30 70 53 50 21 53 23 16 48 42 7 63 71 18 9 50 36 21 13 8 73 80 45 32 0 69 17 49 75 61 70 84 28 38 68 7 31 61 84 26 50 36 24 53 62 54 46 56 56 15 10 36 78 37 60 71 68 72 13
run=8 seed=7 k=85 f=0
17 1 17 61 46 84 69 74 9 54 0 70 68 15 83 23 3 66 0 21 84 84 74 60 33 41 13 36 37 10 27 54 26 5 30 53 61 79 66 59 47 25 63 45 83 35 19 72 42 32 15 75 14 78 6 76 23 41 66 81 0 30 52 7 11 74 35 44 84 22 34 83 0 56 48 58 40 79 16 10 6 0 56 44 84 29 21 46 52 32 40 65 32 51 76 2 47 72 61 9 36 54 52 46 81 66 11 16 61 26
run=9 seed=8 k=85 f=0
18 61 76 54 81 1 28 51 69 13 65 76 62 52 25 54 50 70 8 79 56 13 84 59 22 34 44 53 7 35 28 32 35 61 7 76 33 75 41 19 27 84 83 27 38 40 74 84 12 66 48 71 14 19 23 0 21 74 63 31 24 41 10 11 65 69 48 16 39 13 35 7 79 12 4 71 29 5 37 84 0 9 70 67 18 23 58 79 0 21 56 23 84 43 84 1 9 46 58 63 52 47 42 0 65 0 54 78 45 84
run=10 seed=9 k=85 f=0
29 14 34 51 47 46 14 18 27 57 65 36 39 7 12 40 8 23 70 45 45 32 69 17 17 67 36 43 25 10 34 55 37 72 63 53 65 9 21 25 0 44 1 63 68 39 47 78 56 43 4 14 56 81 20 84 0 58 1 15 52 33 78 56 9 32 3 12 37 76 64 71 9 76 1 32 82 73 33 55 60 19 26 0 49 68 73 61 2 57 42 84 18 80 84 26 6 76 72 84 60 23 81 44 19 0 72 75 49 60
run=11 seed=10 k=85 f=0
73 13 43 76 45 30 53 61 84 23 51 45 33 82 17 68 56 38 63 3 27 45 40 81 49 59 34 76 36 0 47 44 54 5 70 15 60 81 39 48 77 11 0 22 68 38 14 44 0 34 76 39 28 22 1 34 8 16 8 65 25 5 78 69 25 17 0 56 61 5 10 12 59 12 30 57 14 9 0 84 30 10 38 55 45 15 29 58 0 71 84 73 42 69 70 22 23 27 20 84 59 83 82 21 6 54 52 63 32 67
run=12 seed=11 k=85 f=0
67 67 11 32 38 74 53 76 21 60 67 6 11 76 42 12 62 23 60 62 69 61 37 38 70 67 16 5 57 0 33 29 29 71 84 6 76 63 45 32 80 29 41 81 12 43 25 52 46 24 39 0 22 84 28 17 54 19 55 73 37 33 79 2 21 43 15 81 68 13 71 39 57 48 35 53 22 0 4 41 84 58 82 50 28 65 13 27 76 84 35 9 33 2 0 21 56 49 42 43 1 47 19 46 26 48 83 75 29 3
run=13 seed=12 k=85 f=0
7 55 9 31 60 0 55 61 0 1 33 52 9 41 74 12 45 73 14 38 72 39 0 84 36 83 84 42 10 26 78 53 51 4 10 27 60 34 45 57 4 80 64 19 27 46 84 64 25 49 76 34 72 22 50 9 17 67 82 41 74 26 27 57 77 53 37 25 78 34 39 7 43 66 13 83 66 80 18 0 0 60 5 64 54 60 24 28 40 69 68 76 80 44 21 0 33 17 2 60 30 49 19 72 84 17 70 21 51 69
run=14 seed=13 k=85 f=0
16 36 34 59 49 23 78 23 8 77 46 29 58 10 1 66 7 9 29 30 29 30 18 66 83 16 2 45 65 39 8 16 84 12 64 73 0 40 62 42 52 14 49 34 27 0 63 57 27 71 72 84 64 41 2 18 66 39 0 56 20 48 59 0 1 80 43 67 55 8 13 82 76 41 72 22 33 52 48 15 46 84 82 75 68 0 23 43 25 51 37 56 18 9 79 49 58 75 4 2 3 84 83 73 29 71 84 76 26 50
run=15 seed=14 k=85 f=0
0 84 15 56 61 49 33 42 37 78 16 46 21 40 27 43 75 60 59 22 50 78 68 16 18 66 80 14 23 60 75 71 82 11 66 32 1 33 21 49 44 9 2 25 50 0 68 40 8 44 62 19 69 22 25 40 75 60 24 55 15 33 33 5 7 27 67 62 32 39 27 4 11 3 27 13 10 74 8 56 70 75 36 0 0 5 84 36 6 50 51 52 84 42 80 55 64 48 35 53 58 19 84 41 44 3 66 29 83 84
run=16 seed=15 k=85 f=0
38 61 12 33 44 31 17 63 41 53 45 0 83 9 25 33 10 22 84 13 77 39 3 67 16 0 23 7 26 21 26 52 57 5 36 19 71 53 63 48 50 51 72 0 84 26 81 76 42 84 49 2 2 48 67 67 29 51 73 84 68 13 25 6 8 37 47 84 77 54 35 34 84 43 72 14 27 9 41 71 44 77 34 76 0 70 59 60 68 31 29 0 12 3 77 20 45 20 9 72 23 56 37 83 20 16 62 77 63 57
run=17 seed=16 k=85 f=0
58 0 0 17 10 27 78 44 74 68 82 8 83 0 33 77 74 52 79 38 67 30 1 17 48 42 62 71 76 13 12 29 2 38 46 34 1 48 24 5 11 0 68 84 49 59 70 43 8 55 22 80 32 8 40 83 27 61 67 58 53 37 39 61 50 77 71 11 16 15 40 53 65 14 21 3 55 11 84 35 44 26 21 27 30 50 25 11 65 49 64 3 18 37 73 58 42 83 66 20 53 5 39 32 19 62 69 58 29 49
run=18 seed=17 k=85 f=0
22 72 47 72 20 62 27 34 1 51 25 40 42 11 25 37 34 8 84 39 26 14 13 74 76 38 18 15 11 56 38 50 14 51 57 31 80 1 7 84 57 76 18 0 0 79 41 53 20 83 30 66 80 63 35 31 34 4 43 0 83 46 51 26 46 65 40 66 75 52 78 83 84 71 70 15 29 67 62 23 61 56 27 28 36 83 2 75 10 5 71 8 52 12 24 60 61 31 48 57 6 84 66 20 78 45 69 49 28 19
run=19 seed=18 k=85 f=0
60 40 59 32 47 84 79 0 13 1 84 52 0 65 77 39 65 66 70 49 84 26 23 44 57 49 58 21 61 69 12 29 14 18 7 26 19 27 0 73 7 20 70 5 2 54 45 53 82 40 78 41 77 7 33 83 52 84 47 31 37 28 32 21 79 41 34 40 17 11 55 20 79 17 36 47 56 20 13 50 84 84 54 75 64 69 28 9 23 57 39 75 62 72 20 36 64 2 9 49 34 4 42 0 78 83 12 31 71 67
run=20 seed=19 k=85 f=0
23 40 45 0 24 68 26 56 8 83 23 83 1 7 28 18 84 84 61 40 63 38 29 30 41 16 13 72 44 65 51 67 77 12 0 14 48 23 42 76 35 0 67 46 17 83 73 53 41 80 9 53 8 52 44 58 70 71 48 35 18 58 58 12 84 84 0 76 67 54 72 1 34 74 47 19 15 64 12 61 68 36 80 26 48 61 39 53 70 80 5 32 13 33 28 79 2 23 12 7 47 19 74 21 45 32 56 27 79 61
