run=1 seed=0 k=107 f=0
61 99 94 43 59 27 86 38 102 13 52 13 71 84 33 106 9 54 94 33 44 45 84 76 3 17 60 89 82 64 67 84 10 106 96 83 15 104 53 21 106 105 73 18 14 11 19 102 27 4 48 3 79 60 27 53 63 39 74 94 57 85 51 64 70 22 46 0 35 101 61 17 33 27 96 77 53 91 28 105 28 67 5 73 17 57 64 34 52 31 5 70 5 94 38 85 22 25 23 79 1 80 2 45 78 46 54 39 69 77
run=2 seed=1 k=107 f=0
61 99 94 43 59 27 86 38 102 13 52 13 71 84 33 106 9 54 94 33 44 45 84 76 3 17 60 89 82 64 67 84 10 106 96 83 15 104 53 21 106 105 73 18 14 11 19 102 27 4 48 3 79 60 27 53 63 39 74 94 57 85 51 64 70 22 46 0 35 101 61 17 33 27 96 77 53 91 28 105 28 67 5 73 17 57 64 34 52 31 5 70 5 94 38 85 22 25 23 79 1 80 2 45 78 46 54 39 69 77
run=3 seed=2 k=107 f=0
21 27 54 15 78 34 104 95 100 62 106 43 38 50 25 77 50 14 104 90 14 11 25 87 9 68 45 104 55 64 75 23 43 24 42 1 31 100 37 33 95 75 65 51 15 59 72 73 6 38 0 14 45 91 92 54 91 95 90 83 18 4 38 98 15 52 60 5 85 10 27 73 103 92 86 50 5 30 83 22 65 45 36 3 72 103 97 96 0 100 79 38 71 62 88 81 88 80 23 66 2 41 32 105 64 68 17 5 0 32
run=4 seed=3 k=107 f=0
88 78 75 21 105 11 106 26 31 62 74 97 85 6 3 72 105 42 82 2 58 16 47 74 9 66 47 64 81 39 7 17 0 95 12 49 0 48 69 56 99 57 13 106 54 56 1 62 60 50 103 69 92 38 47 101 39 22 97 13 76 82 84 92 34 21 20 69 89 3 76 96 31 61 65 56 80 97 65 95 25 85 23 66 20 36 25 2 100 87 41 89 94 9 92 69 31 44 106 53 62 71 48 39 0 36 28 49 0 10
run=5 seed=4 k=107 f=0
22 13 23 65 93 80 85 59 89 19 106 56 95 28 13 78 32 87 33 71 24 66 57 97 91 53 10 97 74 33 58 23 106 27 106 72 31 84 52 90 0 14 71 0 43 17 41 7 3 44 33 53 3 73 36 47 74 16 24 43 50 15 103 29 42 104 58 1 1 63 79 48 36 63 95 19 11 66 0 20 90 106 87 25 68 0 78 16 96 6 11 80 41 50 103 60 28 33 85 46 21 77 99 44 72 68 12 38 8 8
run=6 seed=5 k=107 f=0
84 30 80 30 103 91 52 38 45 35 50 57 48 25 94 44 99 100 32 56 84 27 21 106 106 39 102 49 5 17 61 78 53 101 0 21 18 96 61 72 42 106 20 0 88 6 82 9 86 9 38 89 75 73 80 71 31 10 48 24 66 25 30 46 79 74 67 67 63 14 69 18 14 89 60 104 53 37 85 106 46 17 2 35 9 65 18 11 62 3 93 95 4 106 1 58 13 105 78 76 36 45 87 36 78 41 77 94 59 89
run=7 seed=6 k=107 f=0
8 105 59 2 98 90 20 50 106 2 13 53 22 47 35 37 42 74 60 42 41 79 94 106 14 49 1 48 41 103 39 72 0 55 54 17 55 94 79 101 72 22 15 26 57 37 64 43 44 68 99 22 1 100 68 89 9 29 49 31 90 60 0 99 36 78 52 18 13 65 13 85 85 28 4 87 31 68 63 74 46 76 30 2 51 7 92 57 85 45 95 97 106 64 106 35 97 10 71 103 74 10 81 71 6 85 81 24 55 28
run=8 seed=7 k=107 f=0
49 47 9 80 42 106 32 99 28 81 21 104 38 8 101 68 58 31 90 104 22 11 0 66 46 21 8 11 39 81 37 62 1 64 65 99 82 29 37 38 79 50 87 58 62 50 106 42 17 70 13 74 5 95 33 94 51 83 102 1 35 17 32 85 21 1 11 14 48 85 53 41 90 6 90 45 95 77 93 1 26 59 71 10 103 74 20 59 44 59 6 71 96 106 62 67 103 88 29 23 22 2 64 9 27 87 7 19 13 1
run=9 seed=8 k=107 f=0
28 97 45 23 71 106 31 98 35 55 39 106 104 27 12 85 25 35 9 13 14 45 96 61 64 57 93 54 87 23 69 46 19 17 98 46 2 83 89 63 74 7 7 95 34 106 0 79 10 79 54 10 105 95 18 62 48 4 49 65 97 1 33 48 37 64 70 65 40 14 61 4 14 58 55 26 78 55 105 46 3 3 24 49 50 45 1 28 87 103 100 78 35 23 81 72 16 100 31 42 74 92 75 17 90 86 94 80 73 72
run=10 seed=9 k=107 f=0
24 50 10 48 37 31 85 13 29 1 4 72 3 10 32 106 103 58 69 52 50 23 80 90 13 59 22 66 26 54 97 98 16 95 55 49 24 73 99 28 106 103 16 38 106 37 77 7 53 79 106 95 90 0 20 89 100 67 36 81 47 20 89 101 57 37 81 82 69 1 88 72 2 8 66 22 45 94 21 16 32 69 3 16 78 59 86 69 21 0 41 45 84 64 11 16 33 92 38 74 60 9 94 62 7 79 41 74 52 103
run=11 seed=10 k=107 f=0
82 19 79 11 3 93 25 47 71 47 60 56 83 76 44 45 73 0 18 8 91 17 60 30 3 63 20 27 66 8 62 39 74 75 95 65 69 13 51 6 44 22 1 58 40 84 36 39 62 54 96 35 55 105 104 45 43 17 41 3 43 13 87 105 0 76 7 54 21 37 7 104 100 79 95 26 57 23 104 51 11 93 86 101 69 18 84 49 33 89 91 29 103 4 102 32 79 22 81 33 81 56 32 27 1 69 52 97 68 1
run=12 seed=11 k=107 f=0
58 65 9 0 53 50 23 91 33 96 75 60 60 71 79 48 67 104 40 24 89 64 105 80 74 43 6 46 95 2 16 83 32 80 86 88 0 35 3 18 55 106 40 68 34 14 53 9 81 65 45 59 89 106 41 98 99 82 37 33 39 85 12 73 74 30 96 50 1 19 25 66 18 41 41 104 33 26 54 7 51 87 3 72 93 79 102 23 96 32 64 100 49 9 11 18 77 58 23 0 94 87 86 26 93 26 68 56 91 71
run=13 seed=12 k=107 f=0
3 27 105 49 53 70 88 18 92 77 56 8 31 22 73 93 27 104 24 26 2 25 84 36 40 40 68 75 81 1 98 84 79 97 92 53 84 73 32 68 0 31 59 18 106 64 43 96 93 20 54 6 80 31 86 36 64 104 1 106 23 50 74 0 9 40 45 37 46 90 85 9 58 76 77 47 34 66 48 19 75 3 43 48 38 18 102 102 58 61 101 105 16 49 60 7 54 79 92 29 103 71 68 59 85 62 106 6 8 12
run=14 seed=13 k=107 f=0
13 7 41 103 57 0 72 30 68 42 100 96 90 22 76 48 23 19 62 76 56 1 82 106 0 87 37 97 6 76 67 0 75 36 103 49 68 0 4 70 101 38 58 84 47 81 64 25 30 27 64 29 90 48 14 104 18 106 8 22 27 6 15 91 92 6 40 93 94 71 56 85 96 88 12 37 51 59 64 77 87 3 31 49 76 105 85 72 13 93 29 44 82 45 15 99 21 55 60 70 19 52 82 45 38 0 10 84 33 21
run=15 seed=14 k=107 f=0
9 32 10 19 44 63 42 48 60 80 21 0 88 90 53 81 89 20 76 27 26 27 64 38 55 1 73 94 106 69 23 40 54 56 101 100 51 99 42 36 22 93 75 46 85 93 0 26 28 27 47 21 101 106 28 38 16 20 72 10 67 2 8 91 2 81 84 85 7 18 51 53 69 29 101 69 50 34 46 14 27 77 5 58 13 33 60 56 67 17 90 11 37 72 59 5 46 46 80 93 18 8 40 0 77 72 64 59 106 34
run=16 seed=15 k=107 f=0
63 23 53 34 67 51 106 11 6 59 59 102 1 21 104 45 104 22 105 52 38 47 94 0 26 13 96 80 3 38 89 105 13 91 32 96 98 32 5 3 33 77 99 89 4 23 1 39 106 45 10 87 61 60 100 55 15 0 57 50 94 71 17 7 57 88 80 16 51 16 91 32 104 10 99 79 76 33 71 96 70 97 37 86 64 30 12 75 86 27 25 84 62 81 44 51 106 65 67 55 84 16 21 41 61 44 73 70 83 76
run=17 seed=16 k=107 f=0
52 83 106 34 86 15 55 50 99 47 86 59 75 57 57 87 42 31 61 44 13 93 13 95 2 22 104 58 79 10 37 60 25 70 0 104 29 20 88 99 42 68 2 7 12 79 29 81 11 96 49 24 46 87 105 21 97 34 79 5 83 70 94 2 10 89 38 26 15 20 69 8 99 59 39 32 37 65 105 89 74 13 28 42 100 93 64 23 48 75 1 17 56 44 55 84 99 65 98 44 17 63 34 54 8 73 2 50 74 3
run=18 seed=17 k=107 f=0
93 4 78 49 38 23 59 52 22 80 12 16 106 93 56 74 26 46 87 46 36 66 10 12 0 105 60 88 66 27 63 83 33 97 17 61 3 43 100 72 28 58 85 81 44 73 87 2 12 66 28 3 19 15 11 19 78 90 33 92 34 63 60 73 53 17 106 99 63 45 93 69 100 55 2 37 45 53 80 96 24 0 77 81 5 0 54 50 90 8 69 33 92 69 78 57 50 9 104 27 26 43 40 105 41 29 32 102 39 39
run=19 seed=18 k=107 f=0
53 16 86 18 98 38 80 51 0 36 29 13 64 76 50 74 52 105 45 43 51 44 8 99 59 41 18 38 47 86 53 104 12 106 5 80 31 55 61 41 54 57 93 67 67 36 5 90 74 99 30 14 27 57 21 31 106 44 79 3 106 17 18 50 0 24 22 24 92 96 104 7 2 91 97 85 59 33 68 26 25 8 84 36 35 71 103 98 30 20 7 75 88 13 17 42 76 94 67 85 50 62 78 33 87 46 2 102 100 69
run=20 seed=19 k=107 f=0
56 21 15 43 15 89 70 4 29 106 106 69 57 57 1 3 58 23 7 88 77 34 68 99 18 104 70 54 8 48 12 37 38 88 20 19 21 95 104 79 54 82 41 12 32 99 17 77 8 26 48 30 6 7 70 97 66 26 44 99 53 104 35 68 31 14 47 10 39 42 0 20 63 94 60 13 49 71 10 87 86 82 82 29 79 21 1 1 93 24 95 78 86 31 65 106 106 63 91 85 1 76 37 104 72 96 44 64 99 54
