run=1 seed=0 k=74 f=0
16 31 39 0 73 31 32 61 66 0 26 0 11 37 63 0 37 23 25 31 45 39 20 40 43 16 10 14 65 51 71 40 73 22 68 0 73 0 67 45 36 73 53 7 60 46 70 51 66 49 39 19 1 58 25 63 19 73 4 10 25 46 63 2 11 61 61 19 59 31 73 73 68 13 15 5 8 36 12 2 54 27 40 41 60 48 30 71 73 9 43 3 35 54 18 27 23 53 33 55 15 0 20 53 56 52 43 46 28 9
run=2 seed=1 k=74 f=0
16 31 39 0 73 31 32 61 66 0 26 0 11 37 63 0 37 23 25 31 45 39 20 40 43 16 10 14 65 51 71 40 73 22 68 0 73 0 67 45 36 73 53 7 60 46 70 51 66 49 39 19 1 58 25 63 19 73 4 10 25 46 63 2 11 61 61 19 59 31 73 73 68 13 15 5 8 36 12 2 54 27 40 41 60 48 30 71 73 9 43 3 35 54 18 27 23 53 33 55 15 0 20 53 56 52 43 46 28 9
run=3 seed=2 k=74 f=0
57 36 22 73 32 11 17 61 4 48 0 64 1 71 54 0 5 67 65 23 15 24 12 29 64 37 55 44 7 47 21 13 73 41 37 20 40 10 33 65 7 39 28 48 52 53 8 1 65 0 41 55 15 64 61 66 22 34 73 54 49 34 53 54 52 50 39 67 23 0 16 43 17 57 71 59 0 7 20 29 12 46 72 73 26 20 14 67 11 32 45 36 73 57 71 33 2 59 15 26 47 56 28 45 70 7 47 12 42 30
run=4 seed=3 k=74 f=0
28 39 54 9 58 57 15 55 69 73 32 39 1 19 73 58 6 67 50 49 21 62 41 3 23 63 41 31 60 45 73 14 41 50 25 64 43 27 35 61 26 68 67 10 3 39 73 73 18 36 31 49 48 27 43 0 73 65 54 50 56 51 14 32 14 56 20 60 1 22 68 3 36 5 6 56 11 47 33 17 72 20 23 28 7 12 38 68 45 36 0 23 9 63 43 50 52 32 16 0 58 21 2 70 44 66 36 9 73 0
run=5 seed=4 k=74 f=0
20 46 7 72 12 63 44 6 39 27 48 52 29 65 42 62 65 3 57 0 35 73 18 9 0 17 58 62 73 60 71 30 37 11 44 0 47 1 43 9 22 30 57 70 1 55 35 49 19 52 45 57 26 0 51 52 65 34 39 0 5 33 73 17 73 23 28 13 18 26 63 73 43 50 18 5 73 54 49 24 67 63 17 20 51 59 0 4 32 1 14 66 56 10 34 73 8 48 40 12 67 25 11 29 15 34 40 38 26 24
run=6 seed=5 k=74 f=0
6 0 73 0 53 53 6 23 12 22 8 26 13 65 8 19 36 27 0 39 66 61 73 33 30 63 1 64 48 0 35 62 43 40 71 24 31 0 37 48 58 40 22 70 16 68 16 62 64 17 60 14 59 26 8 27 56 12 24 72 33 10 44 2 73 7 15 29 1 11 30 73 38 64 33 19 30 49 65 21 53 45 73 64 6 2 59 29 34 73 66 50 47 22 45 73 55 21 56 58 53 48 17 7 4 42 39 11 0 56
run=7 seed=6 k=74 f=0
60 56 26 43 20 73 63 12 58 6 66 27 10 34 61 55 32 66 1 47 4 28 41 44 14 52 17 35 36 58 44 27 35 73 0 26 45 0 67 17 58 73 12 9 2 21 50 53 26 18 50 42 27 9 64 7 18 4 49 0 12 39 62 4 12 33 18 6 26 7 46 73 0 22 2 31 70 48 23 51 54 68 71 64 73 60 59 24 1 38 40 40 72 63 19 38 24 14 46 30 32 17 17 9 73 12 54 65 73 34
run=8 seed=7 k=74 f=0
25 61 41 0 28 1 59 18 54 9 61 15 48 64 57 0 13 41 59 3 33 1 60 67 44 32 11 52 44 53 5 70 17 37 58 8 20 12 42 31 26 6 29 54 44 8 67 47 57 11 8 47 69 48 37 12 65 69 6 24 48 21 22 10 73 54 34 35 22 31 4 26 73 49 29 67 73 63 52 66 0 64 22 65 36 59 1 17 73 23 51 42 40 0 19 28 34 15 36 12 53 45 73 39 42 15 73 73 31 23
run=9 seed=8 k=74 f=0
73 45 58 17 17 66 63 6 28 52 44 10 64 66 72 64 67 47 13 11 17 13 20 41 53 34 71 29 50 67 20 20 0 54 59 24 57 22 45 14 37 29 6 8 56 73 23 32 2 25 37 73 0 42 35 59 41 11 5 59 23 22 42 15 61 5 55 39 0 66 73 51 37 11 35 19 41 17 33 51 33 49 65 39 28 0 23 55 8 48 5 59 72 32 54 11 72 67 18 28 30 1 73 48 3 8 49 37 0 0
run=10 seed=9 k=74 f=0
47 53 46 14 72 33 41 36 29 21 4 10 57 57 5 52 20 73 39 10 44 73 10 9 70 23 73 8 71 46 44 45 67 8 27 0 37 49 73 5 23 30 70 26 15 51 25 18 20 34 36 14 64 66 35 65 0 30 35 0 66 43 0 50 52 23 58 63 49 60 66 55 5 31 59 45 66 13 46 59 19 73 29 40 14 26 40 14 58 14 31 17 65 9 6 73 22 38 21 37 19 1 53 56 73 0 30 35 61 0
run=11 seed=10 k=74 f=0
59 27 64 24 56 73 58 5 46 64 62 9 73 9 17 72 8 65 67 21 35 23 1 48 62 40 42 36 33 73 17 71 20 68 24 29 0 54 52 59 35 17 73 12 43 16 39 39 16 49 49 2 64 32 31 63 42 17 46 66 3 5 39 27 8 13 0 36 39 40 25 11 34 42 51 61 50 44 30 66 73 9 8 26 45 21 15 2 73 31 15 29 24 64 1 7 1 55 43 25 3 10 56 69 44 73 32 53 53 0
run=12 seed=11 k=74 f=0
53 0 34 54 57 60 60 56 64 35 46 10 48 68 68 10 6 47 22 18 8 68 48 30 72 0 72 47 25 34 73 31 9 29 62 0 40 22 36 73 52 62 9 17 65 39 1 41 56 42 18 0 15 17 21 41 64 40 14 1 18 68 21 2 67 27 73 4 51 47 6 51 36 59 22 73 27 64 56 16 59 24 35 53 42 66 42 58 9 15 14 11 73 0 28 33 24 46 73 27 22 51 40 34 31 8 13 59 0 73
run=13 seed=12 k=74 f=0
42 73 12 59 70 11 68 72 30 7 22 59 29 30 66 0 57 73 59 17 66 45 10 0 37 47 58 60 68 32 49 46 67 26 13 19 36 73 73 73 39 51 3 26 27 52 15 35 8 34 37 39 36 5 55 21 51 49 44 27 35 46 28 61 6 23 51 66 63 0 23 37 16 62 62 12 49 7 19 32 48 73 17 13 53 19 24 10 21 1 31 8 0 16 65 60 10 0 40 58 32 56 5 1 68 0 43 39 68 40
run=14 seed=13 k=74 f=0
0 7 16 70 43 49 52 58 47 10 39 73 26 19 50 17 24 39 42 4 10 45 62 64 52 41 53 21 31 66 51 19 33 21 48 73 18 34 14 5 28 20 36 57 69 11 3 21 8 7 16 60 59 61 54 73 54 10 43 9 56 73 1 14 54 39 8 64 29 48 20 31 26 47 28 2 71 45 73 13 24 0 29 41 69 56 38 68 26 34 61 73 73 0 36 62 41 56 51 67 66 14 0 16 67 0 44 61 34 34
run=15 seed=14 k=74 f=0
0 9 18 49 19 47 5 37 11 11 7 63 18 30 7 23 67 67 6 71 12 73 40 38 61 40 18 32 31 0 71 53 29 55 24 64 73 45 14 35 42 54 36 56 0 23 15 73 10 26 52 73 26 65 67 61 26 53 8 40 4 14 1 3 53 40 20 43 3 47 28 1 34 4 47 59 49 43 29 14 24 0 57 72 0 4 60 68 73 29 34 62 1 57 73 35 22 58 22 8 48 41 13 17 44 40 65 51 73 32
run=16 seed=15 k=74 f=0
54 1 39 30 50 68 24 68 73 15 26 73 0 6 69 48 17 7 60 63 21 32 25 17 0 48 17 54 8 19 21 35 46 52 0 10 27 73 28 33 21 53 68 24 30 14 41 0 18 17 57 43 45 64 37 47 36 41 7 35 22 41 56 58 73 67 36 45 58 17 6 54 63 70 59 67 24 73 68 9 2 57 13 43 34 24 73 31 8 10 41 6 53 10 50 45 39 21 0 14 8 73 63 50 28 66 61 62 33 0
run=17 seed=16 k=74 f=0
73 0 38 73 31 7 25 21 30 47 73 44 66 9 27 23 30 59 0 46 31 5 0 53 56 64 26 8 67 29 53 6 65 34 15 27 73 36 12 53 57 10 29 43 69 59 14 36 26 6 14 37 16 45 57 72 9 48 10 2 27 69 39 29 47 60 18 67 72 52 6 16 12 48 50 32 63 3 73 45 61 20 41 19 19 23 2 40 53 41 40 39 18 0 71 45 34 11 57 32 50 63 35 22 60 22 54 18 65 0
run=18 seed=17 k=74 f=0
8 1 40 16 42 51 55 2 48 6 57 44 9 33 52 1 20 72 73 19 58 73 63 15 27 25 63 73 64 49 54 72 0 44 0 22 26 73 48 57 10 20 65 42 11 66 24 61 54 63 23 48 36 7 18 8 0 11 5 73 54 24 39 36 39 68 30 10 70 34 18 28 56 10 14 1 25 66 73 36 14 0 26 0 28 52 13 40 73 62 57 38 17 46 67 35 45 59 29 18 14 35 9 32 66 62 63 17 48 32
run=19 seed=18 k=74 f=0
18 39 34 58 67 42 52 46 7 20 11 0 20 54 65 73 68 26 0 31 66 73 0 57 45 19 73 18 41 61 70 53 32 15 26 49 37 0 38 15 67 32 22 65 61 66 36 72 64 10 34 36 13 43 43 48 56 22 53 21 47 48 60 2 23 27 10 40 73 29 54 62 37 63 2 6 0 3 32 56 73 73 52 13 44 49 48 5 0 24 60 20 46 10 15 73 31 48 53 54 67 8 67 7 42 7 30 0 12 26
run=20 seed=19 k=74 f=0
6 70 26 52 22 62 67 40 73 52 65 69 0 31 69 0 34 28 0 25 59 5 41 38 24 17 9 30 21 26 53 0 22 21 69 31 36 63 65 26 48 56 27 46 37 31 59 13 16 34 31 9 11 43 63 46 72 72 4 45 29 18 61 53 57 47 73 46 39 52 35 57 67 58 50 73 0 56 50 19 16 62 0 37 7 61 58 39 2 73 41 16 8 24 25 54 62 38 0 35 50 35 9 16 42 46 43 13 12 10
