run=1 seed=0 k=75 f=0
51 62 5 55 42 67 62 35 67 54 16 12 74 6 64 35 20 57 60 40 28 22 66 13 0 73 74 7 1 66 44 23 0 41 47 74 67 50 6 1 26 41 28 42 36 0 74 22 31 22 35 35 0 13 19 33 20 74 8 60 35 74 52 6 46 55 32 10 72 30 0 51 17 48 48 54 62 63 41 56 21 46 52 52 16 47 13 65 36 3 39 58 1 41 67 9 72 18 28 8 6 55 73 28 65 28 59 15 25 28
run=2 seed=1 k=75 f=0
51 62 5 55 42 67 62 35 67 54 16 12 74 6 64 35 20 57 60 40 28 22 66 13 0 73 74 7 1 66 44 23 0 41 47 74 67 50 6 1 26 41 28 42 36 0 74 22 31 22 35 35 0 13 19 33 20 74 8 60 35 74 52 6 46 55 32 10 72 30 0 51 17 48 48 54 62 63 41 56 21 46 52 52 16 47 13 65 36 3 39 58 1 41 67 9 72 18 28 8 6 55 73 28 65 28 59 15 25 28
run=3 seed=2 k=75 f=0
0 47 50 74 10 57 68 5 63 56 73 0 74 45 66 74 12 31 6 46 44 38 47 46 26 15 10 55 67 62 65 37 37 11 74 28 0 28 51 51 14 33 33 11 2 30 47 73 49 33 6 0 74 57 68 74 19 34 68 25 48 66 2 3 66 33 20 18 17 18 0 26 52 8 22 33 27 62 57 42 74 40 18 56 23 47 62 62 24 16 42 54 10 57 59 39 8 8 43 42 22 1 12 39 20 34 66 26 17 0
run=4 seed=3 k=75 f=0
48 25 0 40 63 30 12 16 7 53 26 22 55 19 10 0 5 56 54 48 67 50 53 41 74 49 11 74 63 8 65 61 62 22 37 0 20 63 14 58 68 36 71 7 8 33 67 73 27 30 16 12 17 74 31 1 11 13 18 0 67 14 62 2 35 30 20 70 0 72 48 21 67 32 42 6 69 35 31 51 40 17 57 54 20 32 26 40 64 59 27 0 74 45 60 0 39 26 74 26 46 30 46 46 20 44 36 13 43 56
run=5 seed=4 k=75 f=0
43 7 16 62 55 14 69 15 74 70 37 67 73 10 71 48 43 7 8 43 36 5 30 59 10 7 1 68 44 74 46 22 0 20 50 33 24 41 17 5 55 57 39 72 33 55 30 50 17 32 55 63 73 41 43 53 51 68 22 32 25 31 0 67 69 59 25 10 18 74 47 31 63 74 47 1 37 55 59 12 51 25 60 8 25 12 28 27 49 41 62 65 0 9 39 64 27 36 0 19 0 62 20 73 34 0 32 18 38 0
run=6 seed=5 k=75 f=0
0 0 50 0 53 71 19 64 15 7 74 36 36 26 22 74 67 50 65 69 23 2 27 28 4 9 59 8 0 41 50 47 8 46 32 35 29 1 74 44 21 8 40 42 60 55 11 17 74 58 69 0 73 67 68 70 10 47 10 61 30 12 38 37 49 56 57 6 16 25 30 35 32 44 32 4 62 22 17 24 54 74 28 72 59 48 74 5 30 25 13 23 44 63 41 18 17 62 52 64 7 59 19 52 56 39 52 35 55 38
run=7 seed=6 k=75 f=0
27 13 58 74 16 64 24 5 20 64 28 0 73 6 17 12 28 19 21 68 28 60 65 55 22 7 49 42 12 20 22 59 13 15 48 74 54 62 51 11 29 37 54 5 67 53 34 46 26 50 22 35 48 66 28 0 35 51 42 74 58 74 3 30 0 67 36 11 72 42 37 33 59 48 72 6 22 68 74 62 33 29 4 26 67 55 0 2 38 10 60 41 8 17 15 47 31 46 51 42 8 46 63 56 16 55 0 74 33 0
run=8 seed=7 k=75 f=0
46 74 0 53 49 9 24 20 68 9 10 16 14 59 27 51 14 28 29 15 63 39 68 70 22 74 74 38 35 29 9 27 21 5 3 0 40 74 64 64 45 4 46 60 31 46 73 53 65 12 69 23 3 62 68 60 2 0 28 25 31 17 58 43 14 30 37 59 43 51 57 50 4 44 55 20 74 13 42 52 9 19 56 57 4 0 33 7 40 49 73 0 56 23 38 48 25 8 65 73 34 16 45 49 71 16 33 0 34 32
run=9 seed=8 k=75 f=0
1 67 74 0 59 57 18 12 33 44 41 61 65 35 30 54 57 33 51 63 71 74 17 8 68 65 17 34 47 54 0 73 27 37 28 15 26 53 34 10 2 19 42 46 14 48 64 39 34 51 39 19 26 9 6 7 17 30 74 0 51 65 2 18 63 59 71 6 52 22 11 52 12 4 2 57 0 61 47 42 7 23 50 37 28 15 64 23 42 45 43 26 8 44 70 0 59 14 69 22 55 30 29 36 70 74 74 21 39 57
run=10 seed=9 k=75 f=0
68 9 74 0 25 33 17 30 41 58 21 0 73 39 14 63 60 74 15 73 58 72 13 44 2 54 36 57 37 11 74 14 23 59 51 51 46 54 29 9 57 46 41 7 48 49 37 0 39 45 27 19 35 26 5 23 31 74 40 15 6 51 33 13 38 8 60 57 31 62 47 5 28 36 2 7 74 38 23 43 43 33 18 25 67 51 0 44 64 64 74 66 65 22 21 13 31 20 57 18 4 52 69 68 14 65 1 1 47 9
run=11 seed=10 k=75 f=0
33 31 36 64 12 15 31 27 15 1 47 51 18 51 18 38 64 58 27 32 48 12 20 68 73 73 20 0 8 66 9 61 52 20 27 61 67 27 18 9 11 20 66 22 21 55 74 5 50 52 43 74 74 43 35 25 58 6 0 61 14 47 30 36 74 11 42 70 42 38 65 41 10 3 37 55 59 0 45 53 69 25 49 30 33 25 18 69 8 43 47 6 38 0 1 74 61 48 0 65 5 52 74 36 39 67 8 71 53 0
run=12 seed=11 k=75 f=0
54 72 0 60 3 65 54 50 21 22 11 54 26 12 26 28 21 35 38 57 2 74 14 74 61 39 17 16 2 59 1 73 29 44 28 14 43 69 0 0 20 44 11 21 23 67 17 46 36 16 14 37 48 7 43 66 18 35 42 63 12 58 5 12 60 32 6 42 73 24 74 28 0 8 37 32 64 41 74 8 47 49 33 73 53 39 48 46 74 6 67 0 52 9 8 60 42 12 21 69 38 29 30 55 59 55 0 51 49 31
run=13 seed=12 k=75 f=0
41 74 15 38 29 51 47 4 30 43 15 21 10 19 45 46 42 16 68 66 44 66 58 9 13 24 34 15 31 26 47 22 33 20 50 0 17 72 13 62 56 59 57 74 37 74 34 60 63 54 57 36 22 7 69 40 2 70 19 8 15 29 34 2 46 67 23 10 1 52 4 57 65 0 53 37 11 55 0 25 62 0 3 38 19 0 74 19 68 11 28 41 34 51 74 26 62 50 46 5 28 0 71 28 8 57 42 31 25 60
run=14 seed=13 k=75 f=0
1 15 52 11 30 16 5 41 0 57 8 38 74 18 3 60 67 67 48 14 36 34 29 30 17 20 61 34 47 1 44 33 40 67 25 64 45 18 34 13 2 56 30 23 52 57 15 73 58 60 32 49 23 44 9 60 28 38 43 13 63 51 53 4 11 52 56 47 37 6 68 71 34 2 74 54 3 10 0 56 74 37 0 21 26 61 74 23 73 49 18 22 66 9 42 0 7 64 29 45 55 24 68 59 18 64 38 72 74 28
run=15 seed=14 k=75 f=0
7 11 42 55 36 42 68 0 63 68 10 27 11 21 66 74 71 13 63 5 47 16 44 23 10 33 43 66 74 43 30 18 73 38 41 16 34 51 31 1 10 64 46 35 59 48 59 0 42 17 35 13 20 8 6 73 19 31 36 5 13 28 53 61 47 57 55 36 60 68 74 56 65 56 31 0 30 48 62 23 52 1 0 37 57 45 50 24 74 24 40 72 73 2 22 65 39 13 54 20 25 5 18 20 8 74 27 51 0 23
run=16 seed=15 k=75 f=0
47 19 66 30 34 4 51 68 45 5 49 19 66 65 49 19 37 61 41 25 21 7 63 28 44 39 73 3 10 32 36 60 55 62 18 64 46 55 23 0 0 0 10 36 49 0 24 18 23 4 43 43 59 14 24 44 31 6 24 36 26 51 54 44 9 60 74 36 73 52 60 4 10 3 40 15 53 0 74 67 4 21 71 46 47 27 29 52 57 15 32 17 74 13 72 4 27 9 57 68 30 73 74 11 48 11 39 54 30 74
run=17 seed=16 k=75 f=0
27 40 10 0 23 0 43 2 47 62 40 9 74 47 50 14 44 33 62 20 58 22 0 20 30 20 29 48 63 47 15 9 53 52 55 74 45 36 16 27 24 30 68 67 58 15 34 11 62 33 32 17 74 64 0 74 18 74 10 73 68 74 52 60 33 68 41 67 39 48 8 54 47 65 59 68 74 6 21 64 38 57 7 0 43 23 5 49 72 65 2 74 9 27 56 1 27 37 17 58 18 9 54 68 36 32 52 1 39 27
run=18 seed=17 k=75 f=0
58 25 63 0 22 45 68 11 37 69 0 49 40 56 22 63 24 71 52 5 47 51 1 65 33 53 32 34 37 42 47 18 4 59 50 74 17 53 40 74 60 25 37 28 15 24 33 35 9 40 15 0 71 16 44 64 74 71 9 5 31 0 55 54 25 58 16 57 13 65 46 49 40 51 74 32 29 49 44 7 19 9 1 13 70 56 39 26 30 4 10 64 32 1 0 63 56 71 60 10 11 20 70 62 16 63 24 73 19 46
run=19 seed=18 k=75 f=0
15 41 26 45 48 44 51 47 34 71 62 27 0 23 61 42 2 21 66 42 23 13 10 58 74 15 54 11 68 55 59 26 27 30 53 51 56 74 39 44 13 19 2 35 68 20 39 74 27 37 41 30 53 7 37 23 37 20 36 1 52 68 49 12 0 69 6 11 63 60 46 69 54 5 72 6 7 63 58 72 73 0 19 43 55 50 17 15 74 0 22 4 47 10 31 64 31 56 35 0 74 65 10 69 38 0 18 49 28 66
run=20 seed=19 k=75 f=0
5 74 74 37 45 74 43 15 66 18 61 56 74 54 8 0 32 47 44 43 5 0 66 30 50 21 0 41 21 39 3 74 21 70 0 64 66 10 35 48 58 30 16 39 22 7 22 12 46 63 64 25 32 29 66 47 29 42 56 12 63 17 21 66 0 42 55 26 38 73 22 54 61 74 51 7 72 70 74 17 26 48 56 2 68 40 61 52 0 10 16 33 19 57 50 0 66 13 71 27 36 58 47 7 53 10 37 28 12 57
