run=1 seed=0 k=82 f=0
7 37 46 28 5 14 5 26 9 37 0 63 50 52 60 20 38 41 81 50 57 35 80 71 46 15 14 54 39 73 16 72 24 19 63 37 26 69 18 0 51 52 73 64 27 78 48 0 59 81 13 45 63 70 70 24 80 61 52 78 69 79 27 58 60 39 48 21 20 55 75 34 32 72 61 0 11 75 14 74 45 0 46 31 9 23 31 65 37 10 29 41 17 2 67 33 0 65 18 54 31 81 6 71 7 81 42 67 0 55
run=2 seed=1 k=82 f=0
7 37 46 28 5 14 5 26 9 37 0 63 50 52 60 20 38 41 81 50 57 35 80 71 46 15 14 54 39 73 16 72 24 19 63 37 26 69 18 0 51 52 73 64 27 78 48 0 59 81 13 45 63 70 70 24 80 61 52 78 69 79 27 58 60 39 48 21 20 55 75 34 32 72 61 0 11 75 14 74 45 0 46 31 9 23 31 65 37 10 29 41 17 2 67 33 0 65 18 54 31 81 6 71 7 81 42 67 0 55
run=3 seed=2 k=82 f=0
39 68 50 67 64 0 73 25 43 3 75 14 51 37 18 7 64 33 32 70 24 65 21 62 48 37 0 0 81 1 31 53 47 31 81 71 63 81 53 32 40 51 7 14 48 17 47 22 70 9 39 70 37 0 11 81 0 0 54 32 77 71 72 9 5 76 79 34 58 44 12 81 55 42 38 26 45 27 40 52 64 79 77 23 59 3 16 60 26 11 18 9 43 9 78 32 59 5 60 65 54 21 69 5 8 23 19 41 81 58
run=4 seed=3 k=82 f=0
7 49 57 0 46 51 36 2 11 9 72 5 58 60 17 39 9 32 81 67 24 29 16 0 55 81 47 24 16 81 0 80 40 76 18 58 65 28 14 72 45 34 59 18 32 62 15 25 72 8 32 40 41 23 68 65 49 31 47 46 67 58 64 75 32 77 66 20 31 37 64 35 81 9 42 52 52 47 78 58 27 31 15 75 22 68 2 1 71 52 73 54 40 17 0 6 74 40 24 72 11 6 59 25 45 80 81 39 1 48
run=5 seed=4 k=82 f=0
67 13 11 0 27 60 49 2 45 80 52 5 0 56 68 62 0 34 52 71 14 81 9 44 77 39 30 57 65 12 34 9 6 7 63 37 27 46 81 51 1 30 40 15 49 32 70 76 36 29 77 21 79 18 42 45 81 33 44 16 79 81 55 20 18 73 26 81 72 72 67 58 50 71 40 58 36 0 69 81 23 54 67 54 30 34 12 24 76 63 11 21 65 56 44 9 74 25 74 41 56 25 46 28 40 4 19 0 21 63
run=6 seed=5 k=82 f=0
78 28 0 22 18 30 66 0 10 28 45 63 34 45 15 7 54 37 72 27 60 13 81 43 17 72 18 73 39 72 0 53 20 5 79 51 81 53 36 21 5 29 76 67 9 77 26 1 74 81 69 68 68 54 36 34 14 0 44 51 43 52 36 74 63 6 11 69 59 13 47 81 25 63 59 57 11 57 63 40 0 61 44 78 18 22 2 78 31 52 27 34 44 25 81 0 59 48 18 46 39 81 7 29 8 52 63 20 73 40
run=7 seed=6 k=82 f=0
33 75 2 62 12 71 56 51 25 61 8 4 50 78 47 28 74 8 80 45 13 16 81 51 53 79 20 5 77 26 41 58 14 45 55 23 72 40 47 9 34 58 12 58 65 33 0 40 62 29 66 0 0 10 22 34 0 12 19 16 22 80 2 26 66 59 1 13 69 38 15 68 46 40 64 73 43 75 41 81 61 40 52 49 56 25 27 36 18 79 9 81 81 20 0 8 59 53 41 19 24 70 32 34 47 34 31 21 66 71
run=8 seed=7 k=82 f=0
26 42 51 34 3 54 71 41 67 42 63 10 13 58 73 40 4 9 73 48 33 78 11 19 81 61 17 20 79 49 1 75 34 2 26 12 39 21 81 37 27 71 75 0 64 56 17 43 30 19 26 67 8 44 15 67 61 32 57 56 65 30 23 81 59 48 65 0 81 31 45 28 74 67 32 0 9 48 71 60 41 80 28 0 36 65 52 6 7 7 52 9 1 81 19 71 53 15 21 16 55 26 36 45 13 74 53 34 62 25
run=9 seed=8 k=82 f=0
75 60 9 30 75 47 24 59 17 15 30 72 31 25 22 81 13 28 81 35 17 51 28 12 60 57 68 23 8 0 71 6 0 5 68 54 81 39 68 80 32 24 9 38 81 73 36 21 23 70 80 59 51 81 39 78 48 72 6 63 58 4 49 72 41 73 62 54 46 36 50 79 68 11 12 2 33 8 36 52 46 39 32 15 61 19 0 43 48 66 25 45 59 0 12 68 4 0 41 17 67 18 53 21 30 9 8 40 0 64
run=10 seed=9 k=82 f=0
68 15 65 16 42 60 60 64 5 0 0 67 5 12 9 16 26 38 54 13 13 52 39 0 48 54 78 47 80 15 33 55 32 10 37 16 74 17 76 18 69 46 43 7 1 81 31 81 81 0 73 80 64 24 57 22 37 81 11 20 52 27 3 12 39 61 46 70 50 0 32 36 75 67 40 45 71 23 69 64 27 38 79 6 22 52 6 43 75 78 62 21 26 48 10 66 7 29 57 56 73 68 35 57 75 23 57 58 31 47
run=11 seed=10 k=82 f=0
81 55 66 51 72 0 8 46 40 36 10 32 34 16 5 1 71 57 6 5 46 53 81 30 64 20 17 25 54 38 81 63 15 26 9 48 25 71 57 63 25 24 22 23 34 71 17 40 10 43 26 53 10 59 59 31 59 56 33 43 48 47 43 74 73 14 65 24 28 21 64 54 34 10 81 79 44 9 26 38 68 79 44 78 16 12 79 75 33 0 36 31 0 81 0 51 7 12 66 72 38 75 4 0 16 2 42 65 17 0
run=12 seed=11 k=82 f=0
21 39 64 81 33 12 69 21 73 21 57 10 13 8 33 14 7 65 42 7 19 7 77 2 56 5 27 66 26 36 9 65 59 50 14 31 60 80 65 26 24 66 31 78 23 0 28 71 52 18 61 71 74 39 46 73 32 69 0 41 80 42 22 34 81 48 50 34 39 56 7 52 28 35 79 36 52 38 33 58 0 25 52 19 71 78 80 5 55 45 15 42 70 41 48 0 81 47 2 5 56 61 51 62 49 0 21 18 46 12
run=13 seed=12 k=82 f=0
6 81 51 39 43 16 15 10 26 31 39 31 68 6 17 74 67 34 0 81 61 76 59 61 17 81 32 1 47 25 35 54 72 55 38 50 81 49 35 12 56 16 50 24 24 46 33 81 59 31 0 61 67 69 55 68 4 9 25 7 38 10 42 52 27 27 41 66 81 21 6 3 47 22 62 43 21 56 33 28 76 9 9 59 81 55 48 78 61 4 12 19 40 15 63 32 59 74 81 65 1 43 71 3 78 73 23 18 0 0
run=14 seed=13 k=82 f=0
52 81 25 12 23 31 6 10 72 64 48 40 39 8 75 81 22 46 25 42 0 76 47 40 57 35 76 9 31 25 57 3 0 18 15 68 12 4 80 81 53 70 73 10 2 30 56 17 48 53 52 55 16 66 73 64 21 30 36 7 63 70 12 80 7 60 60 20 0 57 64 53 25 19 38 1 31 74 3 67 15 0 40 50 74 23 41 67 44 44 46 63 72 30 34 81 29 58 17 37 26 0 79 73 76 48 57 20 66 81
run=15 seed=14 k=82 f=0
21 60 36 48 65 47 16 34 81 33 77 72 0 42 55 61 42 0 15 72 27 49 49 74 3 73 64 17 13 2 44 17 6 40 0 30 65 11 58 22 23 61 20 54 4 56 66 38 29 7 45 59 51 28 12 27 81 26 76 53 78 25 69 17 81 72 65 42 50 40 74 51 81 13 23 66 71 12 16 8 0 21 75 20 35 79 81 7 63 11 49 8 49 39 8 57 35 12 42 43 0 81 29 31 54 27 20 69 34 0
run=16 seed=15 k=82 f=0
39 19 58 11 81 76 32 9 45 42 27 53 73 56 37 45 41 31 33 68 27 16 29 25 72 0 49 0 76 71 51 36 50 41 48 18 47 81 72 33 42 21 62 67 43 53 1 59 29 48 42 71 5 65 27 26 2 19 81 1 30 4 9 43 2 10 9 4 13 60 50 17 15 53 79 8 4 0 53 78 46 72 74 12 66 33 22 59 81 46 81 61 65 37 24 16 11 29 39 81 9 57 65 64 60 64 57 35 61 21
run=17 seed=16 k=82 f=0
16 65 60 27 53 51 5 23 0 1 9 79 55 34 72 25 75 58 8 41 15 73 3 74 81 51 78 38 56 34 50 30 24 16 20 81 25 72 48 7 68 48 56 0 75 46 54 42 46 42 68 45 19 67 11 25 81 57 29 5 42 36 17 13 31 41 65 70 80 62 77 53 9 15 81 23 70 32 38 0 72 79 4 16 2 43 60 1 11 1 38 61 63 7 14 32 15 19 65 46 35 42 28 52 31 27 18 80 67 36
run=18 seed=17 k=82 f=0
81 7 13 75 74 74 81 61 0 32 79 28 51 0 57 48 33 3 55 43 22 16 81 63 14 38 32 37 19 45 60 72 29 56 18 0 81 59 71 65 80 9 34 21 16 8 68 43 19 3 80 80 42 46 55 75 29 55 44 1 36 33 5 16 36 65 10 18 40 50 45 56 59 73 37 23 8 67 73 2 41 64 69 64 7 35 49 6 23 0 15 25 11 38 61 0 51 51 54 39 1 29 72 25 11 26 73 21 28 31
run=19 seed=18 k=82 f=0
14 6 23 63 3 0 48 75 36 80 21 7 1 48 43 77 80 7 6 66 49 62 52 77 10 74 31 26 54 12 37 14 42 70 42 53 8 81 81 30 66 36 74 34 46 28 3 27 17 32 41 63 14 16 34 20 61 61 69 17 29 19 20 69 19 21 63 46 18 0 75 5 57 63 42 12 9 70 37 0 24 53 55 45 46 32 54 10 8 52 37 56 37 72 59 26 66 0 67 47 25 31 80 3 14 74 53 81 0 81
run=20 seed=19 k=82 f=0
25 11 0 41 40 81 80 39 76 2 66 16 81 71 60 44 0 31 57 45 3 0 68 70 81 15 11 3 35 22 42 2 8 47 65 34 74 18 66 13 28 56 35 62 27 59 72 42 6 69 73 34 58 33 79 52 32 29 60 26 42 12 8 2 76 24 17 18 25 5 13 55 74 3 14 21 55 0 38 73 81 52 69 70 0 60 45 51 24 8 49 28 57 41 40 66 81 65 78 53 22 30 47 76 22 18 49 61 20 8
