run=1 seed=0 k=84 f=0
36 0 24 74 41 0 39 62 45 73 37 83 1 8 41 73 69 46 44 3 65 82 0 52 14 64 52 75 69 0 50 79 71 20 47 11 32 73 20 78 31 44 78 80 10 29 49 61 42 32 47 28 59 8 53 57 82 43 23 32 63 66 83 9 83 17 28 67 0 0 7 19 22 7 72 65 19 4 52 6 56 15 33 18 51 14 58 77 0 33 76 12 52 10 38 25 26 36 53 57 29 66 6 9 16 83 60 41 30 57 11 50 19 17 70 18 83 23 64 38
run=2 seed=1 k=84 f=0
36 0 24 74 41 0 39 62 45 73 37 83 1 8 41 73 69 46 44 3 65 82 0 52 14 64 52 75 69 0 50 79 71 20 47 11 32 73 20 78 31 44 78 80 10 29 49 61 42 32 47 28 59 8 53 57 82 43 23 32 63 66 83 9 83 17 28 67 0 0 7 19 22 7 72 65 19 4 52 6 56 15 33 18 51 14 58 77 0 33 76 12 52 10 38 25 26 36 53 57 29 66 6 9 16 83 60 41 30 57 11 50 19 17 70 18 83 23 64 38
run=3 seed=2 k=84 f=0
33 66 24 83 81 26 39 46 64 17 0 9 69 0 67 74 0 16 0 5 78 82 18 73 9 58 31 29 83 73 49 77 62 68 7 44 9 0 69 78 30 18 55 81 9 29 6 53 82 32 21 44 0 17 52 23 45 58 39 65 77 58 83 46 21 53 9 14 64 58 7 54 41 29 57 77 34 22 31 15 26 74 39 43 63 2 23 11 9 63 14 21 36 60 37 28 78 36 28 1 46 33 53 70 37 73 16 2 50 51 11 44 18 54 83 38 0 37 58 53
run=4 seed=3 k=84 f=0
42 33 39 83 37 35 54 70 60 1 51 77 0 83 56 50 56 66 27 27 33 63 28 7 18 15 65 82 66 28 61 37 17 35 49 69 7 79 50 40 43 6 68 0 53 44 77 56 14 47 53 76 77 7 19 10 49 37 7 46 52 26 82 76 77 17 83 11 11 2 7 78 11 2 15 83 61 31 0 5 11 0 42 34 33 29 31 75 30 40 60 3 61 25 20 69 73 51 58 74 23 0 22 68 14 68 40 48 61 22 20 65 15 56 3 47 74 83 25 22
run=5 seed=4 k=84 f=0
61 71 18 0 58 22 33 67 39 66 35 83 76 45 36 23 46 30 47 15 50 1 60 10 33 55 27 33 71 28 3 49 83 51 73 34 83 0 25 54 3 10 46 52 40 23 14 73 67 26 16 0 79 76 6 65 43 2 78 0 38 78 70 66 17 20 0 73 13 55 83 59 6 65 81 41 28 15 11 62 76 83 13 61 60 32 83 4 46 74 67 7 9 57 10 26 82 30 46 43 9 39 22 22 25 20 35 56 83 62 19 69 26 51 61 40 9 56 49 37
run=6 seed=5 k=84 f=0
54 40 56 83 45 61 30 66 42 53 83 79 38 62 12 63 22 39 38 78 68 77 42 70 16 36 48 0 40 46 12 34 46 60 15 83 74 64 66 48 56 0 72 9 31 51 38 17 20 23 24 28 78 7 22 54 12 6 55 70 64 50 31 80 24 56 30 10 78 49 44 59 75 7 24 32 6 0 72 57 16 0 61 22 0 62 37 76 65 7 75 3 29 3 8 83 25 27 58 24 83 18 30 0 43 71 51 67 83 17 33 47 49 71 5 2 74 13 83 65
run=7 seed=6 k=84 f=0
48 0 0 33 41 10 71 44 76 78 15 48 20 30 73 58 55 30 75 39 54 78 1 83 80 57 83 47 27 0 38 30 64 61 62 24 27 9 35 83 6 59 24 17 54 5 37 55 57 8 42 9 32 17 18 7 0 65 44 10 78 44 33 22 43 72 0 20 50 2 83 0 69 51 24 52 0 39 13 76 69 66 83 20 28 79 36 6 42 67 14 56 82 65 61 35 60 12 83 6 45 51 36 73 3 69 47 19 24 50 31 24 13 71 65 37 83 72 27 20
run=8 seed=7 k=84 f=0
72 24 74 0 36 35 25 51 30 78 83 58 82 21 27 21 0 57 43 76 19 18 47 4 65 36 67 76 7 63 33 38 18 78 52 83 41 23 11 83 29 32 69 28 50 69 35 51 1 49 14 29 41 58 0 47 32 31 36 67 3 45 56 11 58 76 64 61 43 35 18 5 0 34 2 52 12 40 14 19 22 83 15 16 67 28 61 45 19 72 0 12 68 50 75 60 56 53 42 9 3 9 77 22 39 68 10 0 81 43 81 65 83 38 61 77 9 24 7 73
run=9 seed=8 k=84 f=0
8 3 49 83 16 36 6 63 11 66 20 24 83 50 8 3 69 80 83 45 39 13 82 27 61 31 27 47 33 40 38 79 46 45 31 73 64 35 61 19 7 57 60 66 71 54 32 55 10 57 63 83 52 66 42 25 49 16 51 70 47 42 25 71 21 30 0 35 0 2 77 69 20 29 72 15 74 31 36 8 52 74 80 15 68 44 56 8 40 0 39 2 18 73 30 0 17 61 7 51 75 82 83 11 78 24 57 55 74 24 68 17 30 42 12 14 0 48 63 43
run=10 seed=9 k=84 f=0
31 14 48 9 63 58 53 37 23 41 70 65 63 15 27 62 41 83 64 4 78 19 74 77 47 39 64 27 9 83 66 54 9 44 81 22 52 20 83 49 4 50 6 69 74 77 4 45 71 74 53 34 22 65 53 39 39 83 56 40 71 5 32 20 52 13 0 42 71 58 26 83 15 30 60 75 23 54 5 59 47 58 83 18 42 22 0 45 83 30 14 13 30 0 34 83 1 70 0 39 78 73 77 65 20 7 8 52 23 32 10 18 34 56 57 36 0 25 44 12
run=11 seed=10 k=84 f=0
76 28 0 74 24 83 60 10 55 37 62 69 72 15 58 12 73 39 20 4 2 53 27 59 45 49 22 36 52 83 51 81 9 44 66 66 33 19 28 20 73 44 80 52 70 19 69 45 0 16 23 30 0 7 54 75 51 55 61 78 9 5 5 17 36 13 0 46 78 41 49 71 63 55 0 83 0 23 37 58 14 65 19 59 62 32 43 45 25 32 55 39 61 81 6 40 12 12 17 32 34 23 4 50 25 7 10 2 81 33 64 40 43 30 61 30 83 27 83 11
run=12 seed=11 k=84 f=0
18 26 37 0 78 77 22 82 16 59 24 58 82 42 20 40 37 12 83 77 65 13 11 68 25 65 59 46 9 74 82 7 6 69 27 46 45 33 25 83 32 36 18 30 63 32 4 37 62 29 70 51 40 44 21 40 74 3 44 20 13 0 54 44 61 25 55 47 67 39 7 68 49 57 52 15 10 73 66 58 66 83 54 80 76 29 1 37 74 29 1 40 54 11 54 0 69 25 0 61 33 61 47 73 76 34 21 1 83 58 20 51 8 48 75 23 9 65 15 18
run=13 seed=12 k=84 f=0
38 0 49 0 56 78 20 72 15 80 83 68 59 67 18 17 35 51 58 59 40 1 26 45 56 9 0 17 44 24 83 23 10 78 44 20 18 10 50 59 27 16 38 27 47 54 10 68 70 71 22 29 12 42 6 56 47 0 50 78 83 5 68 22 83 74 0 6 13 31 0 37 83 37 32 40 0 63 9 52 4 35 72 37 16 12 74 66 83 42 74 46 1 27 64 82 8 75 6 74 50 66 55 19 24 37 35 33 44 65 75 58 26 52 59 33 26 62 64 83
run=14 seed=13 k=84 f=0
41 37 54 83 5 76 77 33 40 22 80 68 29 41 75 83 17 68 69 3 49 42 58 50 37 24 44 68 28 23 51 24 18 28 0 83 39 83 34 52 43 0 71 30 23 49 3 9 46 35 74 83 83 61 30 16 56 4 77 56 78 45 47 25 0 78 61 75 71 5 53 13 0 53 66 14 62 54 68 44 49 68 59 37 78 41 35 64 9 60 25 57 9 19 62 1 29 31 47 13 47 83 16 9 57 15 67 6 24 17 73 45 0 36 11 36 0 9 77 26
run=15 seed=14 k=84 f=0
64 57 49 9 19 7 69 21 64 56 74 26 57 38 67 34 70 27 0 81 63 62 0 57 23 58 47 49 16 49 66 56 48 54 62 31 50 83 83 25 62 83 34 14 0 44 80 21 0 27 77 2 79 18 29 73 23 58 8 41 34 44 41 70 74 31 39 15 13 69 7 38 83 59 11 36 83 3 79 36 11 74 41 57 45 49 44 10 0 40 54 2 73 40 22 15 82 23 67 73 46 4 6 33 20 73 65 29 50 33 15 40 23 28 14 80 83 31 8 53
run=16 seed=15 k=84 f=0
15 50 44 0 6 83 59 73 25 42 57 44 1 16 62 0 76 34 76 5 71 30 35 40 19 74 17 24 78 83 33 80 56 78 48 0 40 48 36 21 17 0 27 26 41 49 4 8 22 52 26 0 12 37 78 44 78 67 43 15 57 50 54 74 49 7 68 34 32 7 30 63 62 82 13 83 71 79 27 14 22 9 1 28 42 51 83 42 83 53 61 41 31 14 70 57 75 56 36 43 70 19 65 7 39 57 66 8 10 67 62 30 82 8 61 20 18 23 66 61
run=17 seed=16 k=84 f=0
45 43 9 65 47 61 71 81 76 0 68 26 83 64 73 53 16 12 26 61 21 25 74 52 8 27 17 30 38 0 1 2 83 5 42 8 56 65 56 78 71 74 52 75 23 14 60 18 37 40 70 22 35 49 16 78 14 61 28 47 32 40 46 70 40 32 34 24 33 15 48 38 66 31 41 33 10 23 36 50 66 56 9 83 20 7 58 51 0 49 0 52 0 45 78 27 57 44 12 0 83 35 59 1 7 71 74 15 83 34 66 18 64 9 75 2 83 31 82 67
run=18 seed=17 k=84 f=0
18 83 0 74 37 28 60 72 55 76 62 66 8 4 58 0 53 66 68 77 57 52 61 60 47 40 23 30 35 11 39 6 48 44 24 0 50 0 54 33 6 83 48 7 22 19 80 77 26 16 79 83 13 7 68 4 34 39 78 3 49 44 9 2 23 43 39 46 58 11 48 67 55 19 0 62 14 32 19 0 42 65 74 18 74 23 42 69 25 33 83 39 75 64 30 17 16 12 44 83 27 68 56 3 76 50 83 57 71 33 24 49 64 39 0 13 83 28 8 69
run=19 seed=18 k=84 f=0
65 0 53 0 63 18 58 2 25 28 41 83 72 0 7 3 27 59 31 81 26 81 19 53 56 19 7 15 57 62 67 17 39 49 81 0 53 64 23 12 16 47 12 76 83 68 21 83 20 65 0 21 73 37 47 54 8 83 76 68 77 34 36 27 46 16 8 34 57 51 80 47 49 83 30 40 41 28 45 51 12 44 39 4 6 32 71 51 74 37 73 54 81 37 62 46 76 61 14 14 31 6 24 64 61 7 29 45 70 12 26 30 22 56 50 70 83 75 31 3
run=20 seed=19 k=84 f=0
0 69 25 83 66 24 5 72 10 35 36 62 52 9 7 5 9 15 18 55 76 12 75 44 18 34 14 24 78 44 57 46 35 29 41 83 59 31 66 71 4 52 51 57 15 20 55 75 0 66 21 60 43 75 54 76 40 26 31 0 5 39 38 51 50 25 8 31 27 55 60 1 30 66 81 74 83 70 64 33 45 0 83 38 37 33 18 66 49 1 28 62 17 8 12 83 8 70 25 47 20 64 14 52 80 76 69 39 83 41 19 16 0 24 32 63 58 6 48 0
