run=1 seed=0 k=105 f=0
43 2 71 40 54 0 90 69 102 31 2 84 20 0 55 58 45 36 37 16 101 98 9 9 33 96 34 13 22 40 89 92 87 34 60 69 43 90 16 102 23 13 95 23 104 11 81 51 2 15 38 87 65 50 44 21 32 95 1 31 1 83 20 100 101 5 61 77 16 77 54 45 72 45 27 62 73 101 75 80 7 62 25 99 85 0 7 86 29 64 92 53 53 66 46 11 46 87 49 14 60 73 59 53 68 96 77 55 87 21 6 80 77 97 41 76 0 104 34 28
run=2 seed=1 k=105 f=0
43 2 71 40 54 0 90 69 102 31 2 84 20 0 55 58 45 36 37 16 101 98 9 9 33 96 34 13 22 40 89 92 87 34 60 69 43 90 16 102 23 13 95 23 104 11 81 51 2 15 38 87 65 50 44 21 32 95 1 31 1 83 20 100 101 5 61 77 16 77 54 45 72 45 27 62 73 101 75 80 7 62 25 99 85 0 7 86 29 64 92 53 53 66 46 11 46 87 49 14 60 73 59 53 68 96 77 55 87 21 6 80 77 97 41 76 0 104 34 28
run=3 seed=2 k=105 f=0
60 103 65 17 89 93 70 42 25 56 52 99 54 36 31 85 36 33 12 13 31 104 44 69 67 84 100 18 66 93 75 86 25 88 101 104 90 42 31 62 90 26 23 41 40 79 21 83 62 104 89 23 94 6 78 12 14 103 92 37 11 20 78 76 76 66 52 72 71 5 37 58 12 59 63 45 44 97 17 54 85 38 50 74 0 12 3 80 47 83 20 32 74 5 69 100 34 1 17 0 58 48 0 10 90 10 82 2 28 96 59 75 84 26 6 2 56 9 66 84
run=4 seed=3 k=105 f=0
93 41 45 9 90 0 15 74 20 19 40 64 78 79 64 81 69 100 16 95 89 27 8 48 103 92 80 56 14 58 19 33 79 96 101 60 25 38 100 3 34 22 53 10 103 50 66 68 49 53 95 51 2 1 71 2 3 0 26 77 85 88 61 56 87 61 27 69 60 8 0 46 52 3 104 22 42 44 93 35 38 101 11 102 43 86 12 30 27 81 52 6 70 104 68 14 74 58 49 20 72 36 3 77 45 28 58 98 36 85 13 74 82 98 93 38 36 91 65 86
run=5 seed=4 k=105 f=0
0 36 33 4 41 37 47 98 80 66 89 54 79 29 24 40 37 47 6 104 2 13 77 61 93 73 12 22 8 42 45 23 14 26 94 54 64 94 45 71 31 104 85 83 74 56 76 26 104 12 39 104 27 88 16 96 55 5 14 95 16 7 102 88 73 86 96 70 49 27 89 62 31 85 66 12 4 73 55 11 63 42 92 87 0 71 60 28 62 51 80 36 35 9 100 46 4 94 22 20 101 60 78 84 66 85 22 79 65 18 31 52 65 67 12 104 102 1 54 25
run=6 seed=5 k=105 f=0
85 69 42 73 104 26 79 102 97 46 93 54 92 76 11 100 55 92 95 26 38 39 37 78 66 30 58 30 2 9 96 79 5 14 86 64 46 6 74 65 49 77 9 15 45 66 57 53 31 56 48 15 87 91 93 48 79 7 72 97 71 62 19 69 20 1 103 9 25 28 85 39 31 48 31 104 34 44 28 74 38 84 78 21 0 81 99 24 3 0 10 19 104 66 58 16 17 60 86 0 61 24 63 44 40 8 53 85 80 50 65 103 1 42 54 35 21 45 59 1
run=7 seed=6 k=105 f=0
8 40 11 103 93 80 46 101 56 28 36 28 30 68 52 81 50 27 18 4 81 82 103 42 14 94 96 80 6 23 10 45 62 90 100 31 51 104 46 61 38 42 17 72 87 29 9 1 1 32 99 7 99 21 36 98 71 25 93 63 11 104 3 51 69 39 99 18 76 0 90 73 92 74 0 76 44 37 67 0 103 39 24 78 54 18 20 89 77 55 84 63 94 13 10 44 48 85 88 54 104 68 51 82 91 54 61 31 45 69 4 61 62 21 3 89 2 15 71 34
run=8 seed=7 k=105 f=0
12 57 9 0 52 19 96 65 59 28 31 1 93 6 32 60 80 26 50 100 24 53 29 102 50 90 16 102 22 9 48 50 0 35 36 95 102 62 58 58 37 38 89 34 23 14 44 82 72 20 43 86 68 82 92 70 9 104 41 13 83 93 69 57 24 1 66 40 71 30 0 83 43 67 104 66 46 89 11 65 103 67 7 56 87 83 22 76 103 86 6 3 36 52 76 19 0 77 48 77 13 25 72 0 92 15 28 33 3 27 61 43 39 46 97 40 52 94 76 99
run=9 seed=8 k=105 f=0
91 24 104 74 6 61 67 71 42 42 22 66 60 17 45 104 45 97 0 88 90 44 87 27 14 35 104 92 103 35 0 78 70 80 11 100 10 18 82 2 52 81 41 7 99 30 89 16 34 2 30 71 34 19 64 104 80 64 38 1 31 79 96 86 33 38 48 1 88 38 94 60 32 2 98 6 28 41 22 35 56 62 70 49 75 45 104 14 86 61 24 9 98 48 15 0 53 96 14 57 50 6 90 80 85 48 68 15 73 51 74 26 60 103 10 39 11 54 78 55
run=10 seed=9 k=105 f=0
99 1 10 39 65 83 5 104 47 73 79 24 103 0 22 58 104 65 0 32 15 52 91 9 9 59 9 53 85 92 40 55 18 25 12 62 5 84 36 29 27 38 19 90 72 17 43 44 50 50 0 43 100 88 33 75 42 72 0 98 89 77 48 35 104 26 72 84 99 5 11 92 2 51 61 45 57 25 35 78 55 0 10 77 73 69 86 36 30 14 93 70 72 58 82 20 66 66 7 40 56 100 50 19 4 19 34 31 82 97 84 104 82 96 47 56 78 29 92 67
run=11 seed=10 k=105 f=0
104 28 67 35 63 62 5 69 47 47 81 2 84 104 22 91 101 10 86 3 93 61 72 76 7 104 74 13 73 31 104 62 0 51 35 44 67 13 10 58 100 10 46 53 85 99 16 95 75 44 8 71 68 27 77 0 57 33 80 62 85 100 62 37 36 29 29 23 10 79 92 13 67 28 90 19 20 17 50 44 96 58 39 37 4 26 89 18 11 42 70 40 37 1 55 102 91 83 103 82 77 84 48 26 78 97 48 72 42 75 21 0 5 64 18 19 92 55 54 1
run=12 seed=11 k=105 f=0
8 44 59 34 4 25 28 16 74 88 0 6 100 74 87 33 79 43 57 49 63 76 71 49 97 50 97 9 98 104 26 24 0 84 22 75 46 0 95 55 103 83 61 103 81 65 53 65 72 78 40 67 72 1 49 68 82 24 104 19 45 73 40 91 13 16 83 5 98 86 64 81 53 63 44 47 13 90 61 0 68 104 90 27 80 58 44 4 10 93 34 89 35 9 25 91 55 42 63 16 13 5 73 7 87 60 53 17 2 95 39 69 35 19 0 36 19 35 104 34
run=13 seed=12 k=105 f=0
70 44 9 88 39 25 44 99 25 84 36 8 89 74 42 79 14 6 2 85 52 82 37 104 3 0 104 87 103 28 65 5 38 4 99 97 58 2 58 47 43 0 8 18 76 16 73 84 70 77 56 23 32 31 51 35 78 26 104 93 80 34 92 59 77 18 51 94 5 86 103 76 63 21 90 66 64 44 67 72 48 70 96 17 8 76 33 33 52 60 21 66 38 98 36 46 103 37 45 101 88 50 69 77 39 12 15 23 53 60 10 20 57 25 19 12 101 54 0 56
run=14 seed=13 k=105 f=0
90 41 85 15 19 40 80 50 59 43 32 87 21 9 104 1 102 84 83 9 47 104 32 49 18 73 101 51 23 94 96 90 30 89 78 2 4 51 54 68 25 11 70 104 13 40 20 97 32 55 3 56 78 7 84 60 72 59 95 102 1 63 83 4 64 59 75 78 34 69 74 27 53 78 2 46 0 10 50 6 16 33 32 30 100 79 90 66 24 37 37 71 99 40 92 87 25 0 67 44 27 46 41 40 16 104 63 87 67 98 73 64 3 11 56 20 47 82 64 25
run=15 seed=14 k=105 f=0
15 47 5 64 24 63 70 90 83 83 48 34 31 15 98 64 14 89 53 41 10 27 0 3 97 52 55 104 3 79 87 30 32 95 92 41 93 104 26 66 10 42 24 71 38 57 36 97 14 88 87 34 55 44 62 66 52 32 39 104 69 103 84 11 68 1 80 0 101 78 47 66 25 34 16 60 45 56 51 27 91 14 7 20 83 12 57 20 24 100 0 7 76 62 99 40 58 92 55 46 13 1 64 22 41 0 23 19 9 103 10 35 79 3 97 21 76 71 70 78
run=16 seed=15 k=105 f=0
74 74 73 95 19 83 43 70 60 11 103 73 74 40 46 28 14 8 0 28 40 97 44 66 100 104 97 41 55 26 95 4 56 21 60 90 13 35 8 98 71 9 102 16 65 78 34 35 47 26 104 88 50 66 82 47 84 69 21 34 50 93 0 27 28 0 45 45 49 42 15 13 51 67 88 64 26 62 54 7 100 38 11 94 82 90 71 9 84 65 21 53 66 98 52 57 82 18 81 39 59 14 19 78 23 103 24 0 86 10 56 55 24 92 87 101 0 42 31 35
run=17 seed=16 k=105 f=0
104 98 13 85 5 97 37 83 6 48 15 5 95 66 92 47 54 10 6 33 32 29 21 29 6 51 57 37 104 75 88 24 70 2 24 79 48 27 34 9 103 34 32 0 12 46 90 88 41 67 79 73 25 97 102 62 87 31 100 61 72 22 85 40 19 101 53 101 33 96 0 92 36 59 54 53 84 18 67 16 12 74 67 86 62 29 93 20 31 42 45 68 5 57 73 13 53 40 24 93 72 10 49 39 45 59 69 23 75 61 103 104 1 82 46 61 22 97 79 0
run=18 seed=17 k=105 f=0
15 22 76 2 64 93 40 104 96 92 46 30 29 6 53 75 78 9 72 63 47 62 93 84 28 34 88 10 100 83 72 7 1 24 85 63 65 81 48 25 80 71 66 33 3 55 91 42 72 10 0 46 46 69 79 36 4 39 51 40 60 64 14 18 98 15 54 82 15 85 12 36 48 56 32 104 71 88 104 99 7 46 94 20 91 75 37 95 61 98 36 75 90 102 23 41 87 27 54 98 8 0 90 60 65 30 19 49 4 16 27 85 103 55 82 27 103 14 56 2
run=19 seed=18 k=105 f=0
73 104 103 23 1 17 67 95 39 57 1 89 70 68 36 44 99 88 27 26 99 8 26 94 93 73 34 95 56 30 79 80 46 78 6 0 77 87 98 19 76 38 49 61 42 16 87 8 101 61 31 81 32 31 49 0 7 67 12 15 95 37 76 56 53 19 81 69 36 22 92 52 3 71 104 83 104 31 0 54 35 0 61 6 42 103 90 49 46 47 64 61 61 37 10 24 68 85 81 104 12 58 66 60 41 13 15 35 54 55 20 10 5 1 89 68 93 73 24 47
run=20 seed=19 k=105 f=0
26 11 57 84 52 90 40 31 36 61 82 26 70 36 33 75 96 59 0 59 92 60 5 42 43 1 97 46 65 12 27 20 10 26 103 62 18 1 93 9 48 98 85 104 72 52 0 52 100 97 96 18 41 9 93 20 62 23 66 16 41 47 14 31 85 11 70 6 27 35 58 76 0 20 91 104 70 82 51 64 6 16 59 89 28 46 88 24 46 49 20 68 42 31 77 83 90 93 4 95 66 75 56 76 73 4 51 38 34 103 104 75 97 13 0 79 66 41 80 39
