run=1 seed=0 k=93 f=0
26 66 71 39 77 69 6 12 55 22 26 15 26 36 32 91 47 60 61 72 11 33 65 91 55 83 18 4 35 70 75 43 34 46 70 84 74 4 40 80 24 5 90 44 43 78 20 19 56 18 60 9 24 27 90 14 18 83 40 44 30 84 22 4 2 35 53 33 0 55 13 87 0 15 61 92 54 76 3 38 8 11 33 62 50 0 28 71 62 41 72 2 47 65 31 86 50 22 80 10 81 0 90 16 58 16 39 26 35 90 88 50 57 78 9 78 0 50 84 89
run=2 seed=1 k=93 f=0
26 66 71 39 77 69 6 12 55 22 26 15 26 36 32 91 47 60 61 72 11 33 65 91 55 83 18 4 35 70 75 43 34 46 70 84 74 4 40 80 24 5 90 44 43 78 20 19 56 18 60 9 24 27 90 14 18 83 40 44 30 84 22 4 2 35 53 33 0 55 13 87 0 15 61 92 54 76 3 38 8 11 33 62 50 0 28 71 62 41 72 2 47 65 31 86 50 22 80 10 81 0 90 16 58 16 39 26 35 90 88 50 57 78 9 78 0 50 84 89
run=3 seed=2 k=93 f=0
92 13 30 0 57 24 55 82 23 66 42 4 73 6 84 27 24 79 16 88 67 48 92 85 73 70 50 21 52 13 53 72 3 87 0 75 91 26 48 74 69 91 38 11 2 35 69 35 38 39 43 15 29 8 36 6 3 4 83 61 29 70 13 57 56 12 65 11 29 23 1 31 50 2 2 31 49 20 53 60 39 92 65 45 92 14 90 89 16 62 8 59 54 82 84 62 33 43 34 59 61 25 70 63 69 80 17 89 39 77 76 50 74 50 85 45 61 21 42 37
run=4 seed=3 k=93 f=0
24 55 55 13 52 37 3 31 72 91 68 48 36 41 5 61 54 0 92 16 52 15 0 80 9 46 26 11 7 61 0 83 46 42 47 56 15 56 16 14 23 40 74 87 43 92 76 6 47 69 23 4 6 21 70 69 79 82 92 88 2 13 27 28 73 30 64 49 59 79 10 36 74 35 53 43 28 33 42 74 67 28 81 29 84 58 84 12 37 85 0 9 70 88 31 3 92 0 20 51 87 35 74 77 32 20 27 24 18 63 6 88 30 66 16 19 79 0 64 67
run=5 seed=4 k=93 f=0
81 34 29 0 64 70 14 23 78 41 7 42 76 86 74 0 3 87 45 15 43 1 52 0 10 65 72 43 0 91 59 62 30 61 92 90 49 30 37 58 14 16 82 50 51 70 31 9 92 83 48 34 72 92 18 21 66 31 79 58 48 16 87 36 76 25 59 34 8 19 83 92 65 44 83 4 75 23 44 84 71 9 89 25 24 33 49 89 56 39 53 41 84 2 63 11 68 87 68 39 54 48 79 19 15 0 56 77 74 47 9 39 14 41 4 21 20 52 26 67
run=6 seed=5 k=93 f=0
86 92 63 36 61 35 21 14 9 81 50 11 73 28 44 32 87 0 92 20 43 79 70 68 10 92 4 31 20 4 0 66 48 87 56 28 2 47 62 65 0 66 9 16 83 43 69 79 38 6 3 74 37 55 19 46 60 0 16 57 73 74 59 25 41 33 7 89 92 35 9 55 41 87 60 50 36 54 38 23 80 27 51 48 85 28 3 53 72 36 71 33 17 82 17 92 67 49 84 65 32 27 40 30 79 10 25 58 78 0 18 16 74 66 23 57 81 92 42 47
run=7 seed=6 k=93 f=0
62 1 92 71 54 55 57 76 52 43 44 72 30 2 55 92 28 22 42 39 54 87 12 71 65 13 81 58 7 1 32 0 90 17 9 26 60 71 77 78 67 64 12 47 75 26 67 16 52 0 0 91 39 79 28 25 9 20 86 29 13 11 74 84 0 84 6 19 62 51 22 91 0 39 34 85 22 38 4 71 18 62 66 82 58 39 35 62 36 10 34 12 18 43 10 91 92 84 21 81 29 40 92 44 47 84 80 80 56 6 53 22 49 37 21 35 45 56 16 53
run=8 seed=7 k=93 f=0
77 9 65 29 73 67 12 32 82 9 78 86 69 23 15 60 92 39 0 25 5 72 26 8 0 2 12 89 0 8 54 39 33 61 29 60 33 48 70 58 26 52 92 25 62 48 0 84 77 85 31 0 84 37 47 17 24 35 45 74 14 3 11 92 43 40 52 59 86 36 11 3 16 76 89 81 41 91 52 78 48 92 25 26 54 58 67 51 54 37 17 66 14 85 90 0 68 9 62 46 51 28 41 75 6 16 61 45 82 20 84 44 0 37 75 19 74 22 36 20
run=9 seed=8 k=93 f=0
29 83 15 55 9 39 49 37 43 25 13 17 63 56 46 90 26 1 21 29 50 59 42 76 8 0 91 67 82 45 0 60 92 92 45 59 92 81 0 71 68 92 6 83 58 20 29 7 72 71 37 82 24 81 76 35 12 18 50 27 86 13 78 55 34 75 48 85 3 52 47 50 22 56 0 77 34 72 0 53 10 64 49 75 15 70 92 19 26 80 41 69 33 42 90 4 91 75 65 63 18 71 5 13 6 17 54 21 34 7 11 88 40 28 73 65 35 53 29 61
run=10 seed=9 k=93 f=0
10 15 1 92 83 65 40 24 35 15 85 52 29 56 38 86 35 29 37 6 60 91 46 56 6 71 31 23 92 47 89 78 23 75 8 91 39 73 29 20 67 63 27 0 58 52 31 47 58 80 69 29 67 20 74 5 50 70 13 18 24 42 27 89 15 6 83 17 48 45 23 58 17 11 13 86 90 76 92 54 3 45 49 32 52 36 65 13 28 19 60 69 21 88 75 1 64 84 0 36 85 57 9 58 45 41 11 73 54 63 83 56 79 42 37 74 11 39 1 77
run=11 seed=10 k=93 f=0
8 36 51 70 12 64 13 65 25 86 17 92 0 22 91 3 13 27 42 83 90 23 64 33 40 41 48 16 70 51 64 57 21 56 67 71 27 8 84 92 58 59 49 56 87 46 35 79 17 20 62 3 76 86 51 90 37 78 72 46 53 43 87 91 92 66 0 92 37 18 66 39 74 20 74 36 76 92 32 82 28 79 0 1 23 79 56 14 61 42 51 6 57 46 5 73 55 16 10 16 70 80 33 21 24 29 92 6 49 0 30 8 23 82 10 49 32 86 44 47
run=12 seed=11 k=93 f=0
2 72 90 38 75 47 44 35 63 60 86 3 49 31 31 9 29 29 40 92 38 60 66 56 20 75 51 81 39 79 55 73 23 71 40 14 8 79 32 54 50 11 0 63 34 53 92 87 41 66 69 67 11 26 17 7 90 58 47 92 65 17 78 37 66 74 77 30 8 79 9 5 42 90 1 24 85 92 87 92 46 9 23 30 73 17 22 10 0 50 59 14 65 21 87 32 64 47 21 51 79 16 57 15 12 47 57 29 34 82 38 57 89 0 43 7 18 67 3 0
run=13 seed=12 k=93 f=0
45 1 0 16 47 21 7 76 36 36 32 28 29 92 9 14 91 65 62 71 67 0 54 10 27 54 84 9 66 23 50 21 80 69 57 0 10 63 15 73 6 5 13 33 60 49 40 53 18 33 0 14 86 85 20 64 37 64 1 82 77 76 40 42 29 50 91 5 5 89 68 45 3 38 13 23 27 58 8 35 72 92 27 17 77 11 84 59 43 55 36 58 92 74 50 84 92 80 48 85 47 82 39 21 24 68 45 18 72 27 73 73 39 56 73 71 63 90 78 46
run=14 seed=13 k=93 f=0
40 20 0 65 16 28 17 81 75 6 0 74 17 87 72 68 13 21 22 5 41 34 79 86 56 49 31 0 27 44 92 92 48 4 31 57 32 49 79 22 10 64 63 75 76 27 88 6 91 24 45 45 86 41 64 13 80 5 0 8 51 36 47 55 92 9 65 45 79 33 64 61 1 84 70 2 70 92 36 85 15 34 56 85 85 89 54 58 91 57 70 12 63 0 51 72 48 20 19 12 72 77 38 61 75 38 25 69 28 56 26 81 29 35 43 15 10 52 9 92
run=15 seed=14 k=93 f=0
70 20 0 55 46 9 32 5 15 54 86 58 14 63 18 65 61 44 39 68 39 92 27 51 40 46 92 8 0 36 66 24 62 21 69 16 57 44 77 78 47 68 5 91 39 41 80 0 82 79 30 30 28 8 82 14 90 74 1 12 42 35 86 77 30 49 24 34 11 65 92 0 81 21 61 22 20 31 15 53 87 92 58 79 71 41 40 7 26 55 54 51 26 74 7 0 31 83 26 55 63 0 48 48 23 0 64 44 6 73 74 37 78 36 49 85 64 18 89 92
run=16 seed=15 k=93 f=0
37 39 10 45 85 3 86 58 64 32 91 6 71 2 67 21 84 57 84 42 82 24 63 27 34 80 71 0 75 70 67 19 64 51 70 51 88 10 0 92 69 52 5 91 75 4 39 18 49 28 55 41 11 17 64 92 31 75 5 29 65 48 54 11 8 4 76 83 10 89 33 51 69 12 79 24 79 8 45 34 44 56 29 83 78 64 59 14 92 32 59 30 59 22 15 40 47 24 18 82 70 13 38 18 7 52 1 82 0 73 61 0 59 91 89 43 36 45 16 27
run=17 seed=16 k=93 f=0
39 0 27 9 48 1 32 70 52 22 86 11 43 9 47 70 50 9 23 23 29 5 78 55 17 90 65 8 77 18 58 34 15 23 33 65 85 25 7 58 40 0 45 28 25 44 92 73 35 76 51 68 64 67 39 28 0 9 39 42 69 20 0 88 92 19 82 3 80 18 57 78 61 85 61 70 1 90 64 43 86 18 16 92 81 63 15 9 38 39 47 12 69 60 31 92 86 72 54 47 55 78 33 24 21 92 15 67 34 82 48 0 35 5 80 45 59 26 75 88
run=18 seed=17 k=93 f=0
90 83 36 58 6 40 20 15 74 23 24 48 1 87 50 8 58 71 46 0 52 71 28 20 67 68 56 75 84 33 2 66 10 87 69 0 82 56 36 39 65 66 9 79 32 51 62 29 68 13 64 80 23 43 46 26 22 75 85 57 29 1 50 56 55 75 62 31 15 14 19 85 45 89 79 78 52 55 92 21 69 92 67 39 92 30 30 14 26 7 25 40 91 33 6 47 14 17 0 34 76 48 75 9 45 60 10 38 20 7 57 0 53 39 43 85 81 91 92 0
run=19 seed=18 k=93 f=0
92 78 92 74 5 69 36 52 15 56 83 34 92 76 38 87 92 13 51 37 59 77 70 85 0 65 47 53 73 13 92 92 59 88 0 0 52 65 17 31 91 60 30 78 46 60 5 28 84 50 12 41 0 21 27 24 43 58 78 48 21 4 16 36 36 79 43 24 67 87 45 0 50 58 28 26 13 33 37 73 67 83 20 80 60 56 22 25 1 68 8 70 31 0 78 20 3 54 92 65 58 48 0 7 10 85 8 40 25 44 85 10 69 72 10 19 30 41 62 50
run=20 seed=19 k=93 f=0
51 83 74 92 86 0 27 52 23 7 81 37 40 19 61 24 19 42 45 61 15 72 39 29 55 2 47 0 69 90 57 74 78 38 72 36 89 19 64 82 24 11 51 60 74 7 59 20 58 20 23 59 31 47 65 32 68 86 65 58 92 92 9 67 56 27 11 14 31 75 91 88 33 13 18 83 41 4 30 12 28 54 92 84 70 47 91 92 33 47 16 31 7 50 5 77 22 42 26 69 77 4 2 48 44 49 32 66 78 66 79 11 15 11 42 87 83 42 36 3
