run=1 seed=0 k=92 f=0
13 20 23 68 14 0 28 32 84 1 91 0 6 63 81 91 85 7 6 27 39 70 76 57 2 59 8 56 17 24 44 39 68 19 19 50 72 32 91 52 62 46 53 79 90 4 42 86 52 40 48 91 70 76 48 36 62 26 64 64 69 29 48 42 29 12 36 16 80 57 78 72 20 81 12 35 29 43 14 0 82 33 8 10 0 26 69 57 11 59 20 62 23 81 70 91 66 44 84 54 62 1 75 38 32 37 15 85 34 52 16 0 31 42 81 23 91 54 75 7
run=2 seed=1 k=92 f=0
13 20 23 68 14 0 28 32 84 1 91 0 6 63 81 91 85 7 6 27 39 70 76 57 2 59 8 56 17 24 44 39 68 19 19 50 72 32 91 52 62 46 53 79 90 4 42 86 52 40 48 91 70 76 48 36 62 26 64 64 69 29 48 42 29 12 36 16 80 57 78 72 20 81 12 35 29 43 14 0 82 33 8 10 0 26 69 57 11 59 20 62 23 81 70 91 66 44 84 54 62 1 75 38 32 37 15 85 34 52 16 0 31 42 81 23 91 54 75 7
run=3 seed=2 k=92 f=0
58 88 52 19 60 39 80 34 84 68 43 80 41 85 77 0 91 79 81 48 28 16 63 89 53 90 56 17 20 50 79 22 2 57 0 15 88 33 34 46 57 0 51 47 10 6 25 68 53 64 60 12 35 45 30 31 21 79 84 38 48 62 17 8 44 47 24 13 21 8 19 0 33 26 64 89 36 85 7 64 64 28 69 57 28 50 77 78 0 91 73 76 72 1 0 10 57 60 10 72 74 40 71 27 24 51 64 5 41 70 73 10 25 77 1 53 37 86 42 57
run=4 seed=3 k=92 f=0
85 49 22 82 3 22 58 90 54 62 75 43 0 84 35 56 66 63 91 85 62 69 14 34 72 0 11 63 6 12 72 2 7 6 18 60 21 66 25 57 1 54 66 15 80 17 50 52 47 14 89 47 58 29 53 88 12 80 4 20 62 91 91 42 44 85 77 32 29 79 74 67 27 33 36 51 9 39 30 0 35 73 15 70 19 58 78 36 64 1 68 25 75 55 11 29 8 9 83 2 43 78 29 85 52 91 38 28 47 42 45 49 34 86 24 69 91 62 41 37
run=5 seed=4 k=92 f=0
44 47 91 9 40 77 86 39 24 89 83 78 33 61 47 91 88 84 0 46 9 61 61 68 48 60 54 16 57 90 89 91 90 45 22 53 53 84 83 33 22 45 8 60 58 16 4 26 13 20 50 71 67 74 51 24 74 80 41 34 25 51 28 16 33 62 10 78 81 6 77 4 4 78 29 91 11 34 14 63 71 40 80 65 41 25 46 87 31 52 15 71 23 44 62 2 70 67 20 22 29 78 0 3 39 4 66 0 72 53 34 81 36 56 21 39 0 10 29 55
run=6 seed=5 k=92 f=0
36 2 43 0 7 91 57 11 51 38 67 0 72 17 54 50 7 29 73 3 17 18 0 65 41 20 47 11 49 83 80 80 81 47 57 24 52 60 12 33 5 75 65 17 90 74 4 51 35 91 9 1 16 36 63 38 5 30 14 91 39 57 76 9 59 80 0 17 47 78 28 34 70 80 27 66 73 61 21 67 54 29 52 15 48 22 82 57 68 53 87 91 27 43 39 88 60 60 60 6 10 70 32 64 50 27 13 23 86 85 91 78 33 80 73 41 9 40 42 91
run=7 seed=6 k=92 f=0
60 59 10 73 46 53 41 14 62 73 39 50 61 61 66 66 91 74 9 30 35 31 75 43 84 83 7 27 9 72 50 70 68 67 0 34 23 90 74 36 25 63 73 26 18 5 58 80 81 33 77 52 81 17 32 21 73 5 45 91 69 35 58 6 91 54 0 79 21 41 46 20 91 3 83 15 10 48 19 43 3 46 9 81 55 22 80 44 55 45 84 50 14 0 66 30 78 37 0 13 47 90 33 27 13 87 39 36 39 91 6 0 0 6 40 18 25 25 67 64
run=8 seed=7 k=92 f=0
37 10 33 91 7 71 69 51 56 27 11 80 82 55 42 70 75 13 11 31 16 17 36 19 57 24 78 88 31 75 1 67 80 28 82 91 43 12 52 67 85 0 91 63 51 43 60 0 71 76 8 13 83 8 71 82 52 14 20 15 55 41 0 58 60 1 29 5 91 3 17 89 23 51 35 76 0 47 27 57 24 15 27 90 45 58 33 69 0 7 68 23 63 23 35 91 69 72 66 6 36 46 41 6 44 40 31 33 84 82 24 51 60 0 74 50 63 85 19 50
run=9 seed=8 k=92 f=0
24 58 0 91 72 61 7 75 80 83 64 70 69 15 26 46 49 30 91 56 1 82 71 70 21 44 5 35 3 11 9 46 44 40 56 35 50 81 0 38 74 56 25 85 90 29 21 5 57 83 77 7 40 67 24 52 14 34 13 91 40 39 82 51 53 63 16 70 65 11 6 19 66 80 0 28 91 74 62 20 63 60 81 25 18 50 77 31 35 32 81 88 41 23 41 90 74 10 46 55 76 91 17 0 87 47 33 43 3 51 62 74 17 47 68 79 18 37 0 27
run=10 seed=9 k=92 f=0
73 66 0 91 87 32 21 70 17 47 91 54 55 31 84 1 73 21 91 41 24 12 91 45 56 10 49 83 23 0 1 59 5 30 25 25 30 47 63 13 83 34 39 84 33 5 42 58 0 70 87 54 52 79 61 58 77 43 49 8 89 53 9 77 51 9 14 32 0 79 74 86 64 41 52 16 78 49 19 91 0 55 23 72 6 67 66 32 37 77 42 25 17 64 33 38 16 74 62 36 8 88 44 84 32 8 91 49 78 64 27 26 75 27 91 68 46 82 42 38
run=11 seed=10 k=92 f=0
57 57 33 66 9 11 83 46 87 30 91 54 22 76 80 22 82 64 19 69 62 70 8 88 42 24 77 75 85 79 66 13 28 37 89 41 32 50 82 12 54 65 19 72 82 19 10 0 60 90 68 0 32 49 38 50 72 66 36 41 48 5 29 39 67 2 49 27 57 62 30 53 34 57 59 46 66 15 53 33 34 42 3 7 0 77 43 45 0 1 91 3 81 9 8 90 41 8 15 84 63 29 27 72 60 50 39 14 0 75 89 15 91 15 46 79 57 34 25 21
run=12 seed=11 k=92 f=0
65 37 13 75 18 0 55 62 6 55 25 67 91 81 82 7 59 42 89 70 54 15 86 81 39 0 78 11 15 78 76 16 48 84 23 10 70 48 19 14 43 33 63 74 46 35 47 58 25 39 29 74 69 67 6 4 17 0 66 89 11 30 77 68 27 7 35 53 91 60 34 31 53 69 0 52 32 25 30 83 38 60 91 22 79 45 41 64 29 91 2 89 33 82 71 0 29 43 52 91 0 70 5 6 68 62 57 20 17 21 58 50 55 11 24 17 91 41 0 50
run=13 seed=12 k=92 f=0
54 90 9 32 86 72 86 82 59 0 63 55 63 21 84 80 61 4 0 68 22 36 42 11 30 0 91 82 14 20 34 27 88 26 76 31 70 55 17 89 69 91 6 65 51 15 55 42 2 54 33 28 65 74 38 64 88 22 2 43 81 33 53 81 78 49 23 3 8 73 11 51 47 87 7 50 66 37 9 42 6 91 18 66 90 82 50 6 21 46 62 42 29 15 25 44 25 79 28 14 60 0 1 35 69 59 77 12 71 48 76 41 74 36 42 59 66 72 3 16
run=14 seed=13 k=92 f=0
24 14 91 0 55 0 15 91 61 14 69 76 74 66 81 43 80 7 8 3 21 75 63 86 20 29 33 35 22 30 52 77 32 24 29 79 7 17 17 39 25 7 58 66 43 83 55 48 42 58 58 5 30 67 91 89 62 51 12 39 45 17 72 41 39 89 57 26 75 69 64 18 82 1 46 33 85 13 1 69 2 74 75 60 54 12 48 81 44 19 89 11 34 51 46 0 26 52 84 91 34 39 51 91 10 21 85 0 32 36 65 20 84 10 66 73 9 0 61 57
run=15 seed=14 k=92 f=0
36 91 25 91 56 69 82 53 74 45 13 28 55 26 84 42 18 2 55 44 83 46 27 91 5 57 78 21 83 78 76 64 8 61 90 76 65 26 0 10 32 37 28 26 38 20 70 46 89 41 5 1 70 32 16 33 35 83 77 56 7 12 69 31 64 19 17 84 37 41 80 3 79 19 88 49 71 51 35 30 69 48 10 47 21 91 62 40 66 24 86 28 11 46 11 73 65 37 64 63 16 4 19 44 41 83 0 55 91 9 15 16 0 40 60 82 0 0 48 53
run=16 seed=15 k=92 f=0
57 35 91 78 29 40 84 2 7 70 78 43 48 0 70 65 1 75 8 57 61 21 51 29 27 15 28 43 31 91 7 85 0 11 64 80 14 56 64 26 55 8 91 19 75 71 30 50 21 36 89 35 49 56 58 0 38 14 19 82 89 12 39 83 72 2 90 19 46 13 85 67 34 41 61 1 82 44 59 52 51 63 84 62 42 58 10 75 24 39 24 50 84 29 34 66 59 32 54 5 41 48 70 88 79 91 6 27 84 42 72 49 66 76 21 62 0 15 16 73
run=17 seed=16 k=92 f=0
40 39 89 38 6 47 63 84 22 64 16 12 29 25 25 78 63 71 90 41 3 1 90 0 34 48 91 67 89 27 24 2 77 44 19 7 64 90 51 37 16 78 5 85 52 74 91 21 72 71 67 47 11 30 82 17 47 53 3 31 60 53 71 14 28 37 58 51 56 22 63 60 10 16 55 36 72 27 14 9 82 58 91 69 45 58 87 76 80 36 72 34 11 20 0 81 84 67 43 64 55 71 3 79 42 32 55 58 45 9 49 16 77 7 62 34 0 65 0 28
run=18 seed=17 k=92 f=0
65 41 54 70 38 18 76 80 37 62 59 72 81 23 12 17 76 91 45 74 58 22 34 72 85 91 65 24 23 91 90 21 37 41 43 25 64 35 14 5 7 7 5 79 31 49 65 53 53 34 16 52 66 7 71 34 44 24 57 63 17 25 0 62 91 73 0 88 81 55 60 45 47 77 13 38 32 31 11 59 3 0 77 38 29 46 17 7 20 0 82 4 12 91 68 1 70 62 51 6 85 56 85 91 84 10 22 15 71 28 45 45 50 74 19 85 82 30 1 67
run=19 seed=18 k=92 f=0
24 75 82 64 39 54 38 9 53 74 0 5 19 61 10 55 18 18 91 29 76 21 41 38 11 44 47 15 14 43 37 20 82 49 55 15 38 47 42 36 49 86 10 3 57 77 69 73 78 56 64 89 44 5 8 29 2 83 50 23 35 78 0 88 7 59 63 40 23 30 25 68 34 85 60 83 2 46 29 80 68 33 23 62 36 91 45 40 91 54 58 89 86 29 0 10 47 0 76 90 62 81 50 75 8 30 56 91 68 15 3 73 85 67 2 29 24 35 67 64
run=20 seed=19 k=92 f=0
62 63 64 31 54 49 80 14 85 76 51 20 48 15 82 7 91 56 55 71 42 44 55 14 46 91 9 88 8 35 38 36 40 68 30 71 71 80 86 51 34 86 91 32 46 24 89 79 31 0 84 60 83 10 6 73 89 66 36 58 50 67 81 88 8 58 2 45 84 27 21 20 18 83 0 66 40 91 1 78 13 17 13 1 75 35 21 73 40 59 47 62 23 4 0 13 52 4 68 75 56 27 42 71 45 70 40 7 26 56 17 49 22 58 31 25 74 76 0 8
