run=1 seed=0 k=85 f=0
74 35 41 84 32 60 78 8 73 41 51 47 84 15 76 51 55 67 66 3 36 1 11 19 37 18 45 27 24 31 70 30 34 45 9 12 76 14 54 68 24 39 82 26 11 36 57 0 31 53 10 0 0 67 73 63 23 1 43 0 9 78 24 41 45 58 84 14 84 82 77 83 5 22 18 17 23 44 83 17 30 60 47 17 60 65 48 73 9 84 4 64 67 0 38 52 5 49 69 16 30 12 58 76 38 63 42 53 60 25 22 32 20 7 57 51 0 79 79 31
run=2 seed=1 k=85 f=0
74 35 41 84 32 60 78 8 73 41 51 47 84 15 76 51 55 67 66 3 36 1 11 19 37 18 45 27 24 31 70 30 34 45 9 12 76 14 54 68 24 39 82 26 11 36 57 0 31 53 10 0 0 67 73 63 23 1 43 0 9 78 24 41 45 58 84 14 84 82 77 83 5 22 18 17 23 44 83 17 30 60 47 17 60 65 48 73 9 84 4 64 67 0 38 52 5 49 69 16 30 12 58 76 38 63 42 53 60 25 22 32 20 7 57 51 0 79 79 31
run=3 seed=2 k=85 f=0
50 67 40 50 8 32 5 65 11 28 7 30 12 43 7 84 60 12 65 70 58 14 32 84 54 66 30 16 40 0 58 41 18 70 53 0 44 4 43 38 6 73 34 39 41 35 45 57 51 32 65 76 51 23 61 51 82 42 48 50 65 22 15 3 27 69 73 20 1 70 20 1 63 41 79 55 20 27 0 45 79 0 0 9 84 0 67 46 75 38 13 53 35 24 34 74 75 28 58 5 61 28 17 83 24 84 61 8 75 59 84 16 23 40 80 45 84 24 31 9
run=4 seed=3 k=85 f=0
39 71 28 0 82 0 14 48 43 30 11 51 9 69 40 84 53 31 33 35 39 61 25 24 34 49 79 3 23 18 84 56 83 53 75 58 48 56 67 10 14 0 20 75 39 23 4 10 41 72 34 37 48 35 54 77 28 13 64 84 58 43 43 17 44 15 50 16 0 8 84 5 61 3 82 27 60 5 1 66 18 9 30 74 51 58 46 67 58 27 78 72 0 81 0 72 45 76 66 20 43 38 40 83 32 23 19 55 69 66 9 19 61 63 9 65 84 32 14 19
run=5 seed=4 k=85 f=0
33 18 66 9 12 84 78 83 73 83 68 49 67 68 76 61 24 68 66 3 37 0 33 1 75 46 12 0 77 56 9 48 74 51 62 45 26 47 25 52 32 17 3 11 44 61 14 18 35 58 23 5 56 25 22 40 75 15 10 0 30 78 46 27 8 60 58 28 43 71 19 36 41 16 33 53 33 51 0 84 14 18 67 38 1 32 17 6 0 25 81 21 0 16 39 84 60 54 8 22 62 71 62 80 36 77 8 49 84 39 80 32 35 60 81 38 84 42 28 71
run=6 seed=5 k=85 f=0
35 67 65 0 41 43 79 20 15 6 83 77 36 26 18 30 40 84 18 44 79 48 48 67 21 9 34 32 24 1 43 3 78 61 71 8 11 74 72 0 34 67 19 60 76 70 10 26 4 32 70 47 9 23 56 84 48 75 10 34 16 7 57 15 48 1 0 77 35 84 12 65 71 40 30 0 14 51 66 7 56 84 0 45 63 50 61 14 56 36 41 54 28 60 27 19 14 28 58 13 39 73 7 28 52 84 83 59 3 38 26 74 51 54 27 54 47 41 22 80
run=7 seed=6 k=85 f=0
31 14 44 84 73 62 29 13 68 64 4 8 63 30 65 11 53 81 84 45 45 83 19 71 84 15 34 31 52 34 75 56 53 20 0 16 26 50 75 70 4 76 35 45 67 39 72 38 0 36 25 37 44 60 52 0 73 41 63 84 15 26 32 19 24 55 8 18 79 36 12 80 67 39 49 47 17 22 76 61 0 53 23 28 31 16 46 78 0 58 65 25 35 9 56 84 40 32 20 2 78 9 43 9 20 7 19 50 58 8 67 24 57 40 3 0 75 63 84 26
run=8 seed=7 k=85 f=0
16 0 26 84 62 31 11 79 5 1 9 64 61 46 9 11 16 0 24 73 26 60 24 65 70 75 84 45 22 16 36 28 6 30 30 49 39 0 60 59 1 55 80 40 70 21 1 74 32 18 36 68 8 42 77 51 19 56 7 83 3 50 0 22 37 80 84 45 21 10 54 62 61 84 37 18 11 27 35 5 32 35 19 38 45 2 40 54 50 84 79 52 69 49 68 9 12 14 30 78 47 75 46 51 73 53 84 65 46 68 24 0 28 75 59 56 59 70 83 80
run=9 seed=8 k=85 f=0
7 38 75 0 73 28 61 84 21 64 44 58 15 18 7 29 18 36 75 79 53 24 74 83 0 37 0 63 10 65 47 31 58 79 29 40 8 48 31 70 4 50 84 48 56 70 38 0 57 18 79 1 78 49 44 15 74 66 44 1 84 73 9 10 13 37 67 63 10 70 84 9 14 83 6 45 38 22 35 77 18 56 0 39 24 35 50 62 84 0 53 53 83 27 62 0 7 44 76 79 5 55 27 82 41 84 66 71 55 12 32 66 29 33 12 19 28 17 22 59
run=10 seed=9 k=85 f=0
46 11 84 40 17 67 54 20 59 55 30 0 76 1 56 51 40 31 84 25 82 47 78 16 34 65 75 28 67 84 82 44 25 71 22 8 25 17 70 31 47 75 38 74 62 79 36 55 32 14 6 84 46 23 78 59 59 24 17 16 9 8 58 80 32 36 38 69 45 79 12 35 20 42 64 39 11 63 0 5 52 49 0 46 0 26 61 49 0 25 20 2 1 43 60 67 43 18 54 83 65 6 37 52 76 37 84 68 12 8 15 75 21 54 75 0 31 10 51 70
run=11 seed=10 k=85 f=0
14 9 37 9 31 40 30 80 25 17 10 41 46 46 28 47 73 68 26 16 52 16 8 4 64 56 47 44 66 61 28 58 74 52 52 65 0 31 45 65 12 0 60 57 37 42 4 50 55 45 35 84 50 77 69 73 73 54 20 75 70 9 39 31 35 14 84 74 25 82 1 5 22 16 69 70 9 33 29 15 5 84 0 13 61 26 36 7 18 47 54 34 64 21 19 81 65 49 30 0 41 84 52 45 6 60 9 55 80 63 37 70 18 39 82 19 0 22 77 0
run=12 seed=11 k=85 f=0
52 38 84 17 67 72 55 15 50 24 58 52 77 79 53 23 5 37 64 64 71 48 80 9 41 44 82 53 1 84 83 42 0 40 59 34 84 18 43 84 15 26 30 16 61 79 23 84 8 76 24 48 12 67 42 17 31 49 54 34 62 4 13 55 77 11 26 10 10 69 29 24 59 75 6 83 0 77 29 75 19 60 2 9 49 13 34 44 35 35 6 32 50 0 57 39 9 72 42 68 7 76 76 20 42 18 61 66 0 0 0 7 72 70 48 45 26 68 27 68
run=13 seed=12 k=85 f=0
45 24 75 84 32 0 36 11 25 3 40 44 46 48 22 1 48 63 39 4 52 83 56 75 42 9 20 13 5 22 0 68 84 71 72 68 63 16 27 9 47 72 16 54 41 60 3 9 54 57 58 40 71 48 78 65 38 81 16 33 0 16 65 48 57 11 21 34 22 75 64 46 27 33 30 83 57 35 23 29 51 41 84 82 11 68 83 76 66 54 2 77 83 25 19 1 76 53 61 72 29 43 16 32 60 65 74 35 11 16 8 31 59 33 7 31 0 49 51 0
run=14 seed=13 k=85 f=0
53 56 59 84 15 72 78 0 31 50 73 5 28 78 76 58 55 13 15 58 82 29 82 81 48 50 42 27 79 84 18 81 7 55 40 64 0 36 1 4 50 53 12 32 43 64 20 46 45 67 50 22 34 8 0 67 74 0 66 21 12 0 9 37 37 19 23 5 31 45 76 17 77 38 37 57 60 41 35 48 84 15 82 71 22 38 84 69 0 8 29 50 55 64 9 14 37 71 62 68 63 46 31 15 63 67 84 0 21 43 76 36 73 3 4 58 24 14 9 75
run=15 seed=14 k=85 f=0
69 19 66 84 42 31 47 62 15 53 50 34 84 71 43 74 40 8 11 57 33 17 33 77 61 31 10 54 70 42 45 72 20 27 17 84 39 48 42 84 67 56 51 38 28 6 69 62 30 20 25 61 84 59 10 84 17 81 54 46 65 82 21 0 0 77 53 45 26 5 19 0 26 41 80 60 35 1 8 69 76 52 37 18 36 12 47 55 0 0 29 32 61 8 51 69 11 24 8 15 79 34 84 76 29 78 0 63 48 38 75 10 72 77 59 44 75 23 3 0
run=16 seed=15 k=85 f=0
22 37 18 0 7 14 38 8 33 44 77 31 75 53 36 27 20 36 84 14 43 1 66 30 84 27 83 0 13 53 12 69 63 73 38 6 23 63 37 28 58 83 18 79 70 62 15 54 45 59 6 74 55 50 32 23 0 75 11 58 63 8 34 72 72 33 43 23 15 77 10 2 49 17 28 66 65 69 43 51 49 43 46 3 29 41 83 26 68 42 16 46 14 84 0 54 84 55 70 2 80 65 22 55 69 22 36 75 58 84 33 77 28 20 5 0 9 37 60 3
run=17 seed=16 k=85 f=0
18 0 43 84 17 0 75 33 22 41 52 0 24 70 77 34 68 77 76 58 80 26 42 35 1 7 28 8 77 7 84 43 10 47 81 54 73 84 4 0 39 46 70 27 24 12 58 65 1 27 8 62 78 36 32 65 15 12 75 27 33 43 25 56 23 48 84 78 11 71 50 4 51 10 82 61 23 60 56 38 43 70 61 84 13 36 47 69 52 39 31 65 64 55 82 43 30 31 69 69 7 15 59 17 20 54 33 50 82 0 78 16 44 68 35 48 61 19 73 31
run=18 seed=17 k=85 f=0
29 70 10 84 46 84 15 60 45 81 12 45 52 67 41 24 18 52 44 6 68 30 70 22 38 29 40 7 76 39 28 77 1 6 41 12 12 3 81 74 18 84 22 76 0 69 80 36 71 66 39 12 12 57 34 55 35 79 6 66 15 43 56 10 53 27 60 54 27 58 8 17 15 65 50 0 55 67 30 65 23 20 59 7 65 16 1 84 75 73 72 24 79 61 31 22 43 62 20 6 34 64 33 62 51 20 44 16 47 36 0 50 50 83 84 70 0 3 78 84
run=19 seed=18 k=85 f=0
15 17 35 60 34 84 75 0 7 52 72 4 83 8 77 69 65 52 38 66 18 84 84 6 27 26 84 50 42 50 31 29 73 30 27 55 12 22 66 37 27 79 45 62 6 40 65 46 51 43 26 1 25 52 77 24 43 19 14 55 48 11 55 67 0 30 23 77 84 21 15 16 79 19 13 74 18 1 5 12 32 84 84 15 60 11 58 59 0 7 82 56 75 0 47 35 0 47 30 36 3 37 64 77 80 67 67 59 45 19 70 12 73 6 55 31 69 22 41 47
run=20 seed=19 k=85 f=0
38 33 20 75 36 83 66 24 33 58 84 79 69 21 68 0 5 76 44 79 54 0 75 59 84 52 40 53 16 9 4 1 1 56 41 23 62 50 54 32 17 55 10 50 43 15 37 70 41 12 46 83 59 27 7 46 33 53 46 1 23 22 36 42 78 84 14 68 50 10 4 59 63 55 72 84 0 7 66 25 72 61 84 66 28 24 72 10 0 19 63 51 2 20 36 78 70 8 42 28 50 81 31 59 78 65 12 61 16 45 29 38 22 59 75 30 84 62 13 18
