run=1 seed=0 k=86 f=0
70 41 48 58 49 12 72 63 78 21 48 67 39 67 75 63 66 30 85 55 7 42 85 0 45 30 18 63 24 29 85 28 48 52 0 27 0 64 63 15 15 85 79 56 17 35 82 77 9 17 52 41 68 8 79 20 20 2 7 5 73 42 76 20 6 57 37 42 59 34 23 85 6 19 15 0 85 82 37 23 19 67 27 50 56 13 73 79 0 9 43 3 74 84 72 30 72 13 37 23 33 59 58 28 56 34 47 49 14 23 0 39 55 78 3 65 85 73 8 50
run=2 seed=1 k=86 f=0
70 41 48 58 49 12 72 63 78 21 48 67 39 67 75 63 66 30 85 55 7 42 85 0 45 30 18 63 24 29 85 28 48 52 0 27 0 64 63 15 15 85 79 56 17 35 82 77 9 17 52 41 68 8 79 20 20 2 7 5 73 42 76 20 6 57 37 42 59 34 23 85 6 19 15 0 85 82 37 23 19 67 27 50 56 13 73 79 0 9 43 3 74 84 72 30 72 13 37 23 33 59 58 28 56 34 47 49 14 23 0 39 55 78 3 65 85 73 8 50
run=3 seed=2 k=86 f=0
85 68 41 76 47 40 56 11 25 6 60 56 21 38 21 1 36 61 46 4 65 27 66 78 43 9 17 39 47 67 85 33 55 37 0 17 73 85 2 44 84 20 46 26 53 46 4 67 30 49 5 63 77 68 82 75 38 56 76 85 80 14 28 21 33 51 8 65 72 71 66 80 50 71 83 52 28 74 85 78 38 85 31 8 10 14 54 75 32 50 60 73 12 58 26 46 59 53 0 35 63 15 31 7 10 14 0 1 10 16 34 61 7 77 18 0 0 40 23 20
run=4 seed=3 k=86 f=0
11 17 42 85 11 28 47 14 26 38 65 85 23 0 23 22 0 85 84 79 65 0 85 60 43 67 46 3 0 42 85 5 38 22 82 0 1 13 46 8 24 21 69 51 33 37 73 74 67 54 73 30 78 7 24 62 41 70 37 11 5 69 59 44 54 50 19 70 17 60 78 19 3 15 83 37 65 64 14 39 28 0 58 75 8 52 56 7 15 51 69 54 77 32 17 58 27 50 58 78 82 34 35 75 20 72 85 76 32 60 11 32 43 50 8 6 76 28 50 47
run=5 seed=4 k=86 f=0
11 25 31 1 81 53 52 59 47 18 0 5 17 34 50 41 2 60 27 30 23 83 61 66 14 85 51 33 55 31 48 84 3 26 51 73 56 72 84 66 40 13 73 20 40 16 7 44 36 19 41 8 6 64 62 19 0 24 46 75 80 7 75 15 17 32 35 67 75 22 49 9 29 0 71 68 42 49 35 16 45 57 56 39 77 30 27 65 10 65 58 37 84 46 0 8 78 23 47 69 34 42 85 19 60 0 26 10 85 78 54 71 85 61 15 82 40 22 70 83
run=6 seed=5 k=86 f=0
0 66 27 9 83 38 53 5 47 41 29 62 59 6 51 57 54 27 71 12 13 14 38 62 5 85 65 28 15 68 85 22 85 23 62 47 49 38 12 46 36 23 31 77 1 63 43 7 75 60 34 34 58 77 23 36 67 18 67 76 85 44 75 69 25 22 19 81 72 40 18 0 13 71 85 2 17 34 27 78 30 70 40 8 65 52 0 72 18 79 58 74 0 85 82 27 19 56 47 66 7 0 0 11 69 52 9 48 48 35 59 42 75 46 14 53 0 55 9 85
run=7 seed=6 k=86 f=0
14 85 67 0 34 21 14 84 19 72 57 81 62 82 16 69 54 77 63 30 85 65 45 71 33 26 76 8 20 50 49 49 54 31 29 80 41 81 48 38 40 73 73 43 1 72 5 0 31 50 9 60 62 59 54 19 72 0 18 43 26 50 79 61 27 55 33 62 12 70 56 7 5 40 24 85 48 60 9 76 36 9 40 64 76 28 2 39 36 41 4 38 4 23 17 48 59 54 32 85 44 78 2 70 15 19 13 33 23 44 0 76 26 0 15 9 85 11 67 85
run=8 seed=7 k=86 f=0
26 0 9 43 49 84 79 85 53 1 76 70 68 75 50 54 0 39 41 7 25 57 12 61 63 59 59 44 27 0 35 40 51 5 16 68 77 85 80 68 27 10 85 9 10 14 24 33 19 72 78 58 77 35 64 15 58 71 27 42 60 66 85 4 6 34 18 21 40 21 74 70 0 32 47 35 31 45 35 25 0 0 55 82 13 6 7 49 85 40 57 31 43 9 47 0 80 76 19 78 43 70 53 50 53 85 30 62 21 66 29 18 22 53 67 75 27 64 72 79
run=9 seed=8 k=86 f=0
60 23 19 10 55 79 24 85 46 31 27 69 58 64 72 65 68 30 45 56 74 44 1 36 15 40 41 77 43 74 68 7 0 55 85 15 65 49 85 52 57 8 7 22 34 34 4 53 31 31 0 39 85 67 7 83 23 33 27 19 27 44 43 17 28 44 68 70 73 50 79 20 74 20 14 7 0 6 77 29 37 60 0 80 21 29 21 9 85 61 73 63 4 84 64 14 52 27 35 83 77 30 57 60 4 47 72 39 52 77 19 51 59 40 43 9 1 50 13 10
run=10 seed=9 k=86 f=0
50 72 85 76 67 18 45 39 65 0 61 42 18 53 68 14 0 84 85 83 8 13 53 3 78 59 4 54 9 49 42 73 28 70 47 10 49 37 71 85 16 31 16 59 22 54 82 43 73 14 69 38 35 23 81 35 82 32 25 84 13 33 43 54 35 56 77 47 21 20 42 13 23 63 1 79 61 38 63 77 62 40 0 2 25 35 7 77 0 24 0 27 65 28 52 1 8 18 76 68 4 58 55 15 18 14 10 85 5 8 67 50 63 61 49 65 31 19 30 70
run=11 seed=10 k=86 f=0
32 65 85 35 7 85 14 0 19 82 76 5 77 16 16 57 29 9 76 5 1 36 21 3 37 64 62 21 58 85 3 84 15 80 0 49 40 26 9 46 64 67 26 23 85 69 23 40 60 73 65 35 47 43 52 71 69 65 53 81 50 50 85 28 27 11 61 46 24 39 83 38 72 29 50 0 58 80 5 11 70 9 34 22 44 48 67 21 0 8 20 30 85 52 55 16 79 77 43 0 6 59 34 14 55 74 5 49 46 57 29 50 14 33 56 69 26 16 42 79
run=12 seed=11 k=86 f=0
15 41 85 9 25 76 15 22 40 56 44 3 79 11 17 52 58 65 0 6 37 38 66 55 19 56 85 72 51 85 0 57 46 60 43 68 0 18 79 76 14 69 51 24 62 80 29 36 63 43 67 64 77 69 37 65 71 79 0 17 23 31 10 19 29 12 85 17 19 10 85 31 3 43 1 57 31 59 27 13 35 24 9 41 73 27 5 5 0 48 21 72 30 53 48 43 26 63 33 72 4 76 60 50 36 50 9 56 35 49 6 76 18 25 31 7 33 11 82 85
run=13 seed=12 k=86 f=0
18 81 39 76 35 74 54 25 60 3 1 85 43 63 56 75 48 31 0 9 21 83 59 25 4 24 64 24 75 34 33 82 37 20 30 67 3 55 29 9 42 67 27 9 50 44 64 59 35 47 0 54 19 8 85 75 83 15 36 15 1 0 27 15 13 49 46 18 21 60 85 37 64 50 13 49 42 53 69 61 6 1 41 23 71 33 78 9 67 7 78 72 14 74 20 64 0 51 42 85 37 47 51 85 39 70 24 55 41 31 17 15 64 7 6 83 85 58 13 0
run=14 seed=13 k=86 f=0
77 0 20 0 28 38 34 38 60 3 8 75 42 51 64 22 40 71 85 31 76 1 69 65 84 76 84 65 85 47 82 45 26 16 22 57 50 15 9 10 0 14 49 0 35 25 82 48 57 55 11 34 10 46 75 40 4 5 49 51 66 58 29 80 71 21 17 14 59 29 36 2 43 4 55 62 69 34 61 53 20 39 57 4 51 0 85 29 9 72 44 75 34 66 79 84 29 51 27 52 5 61 60 78 75 44 74 8 13 69 20 29 22 24 70 7 85 67 15 0
run=15 seed=14 k=86 f=0
18 0 0 52 5 85 14 22 41 29 31 55 44 53 45 34 0 25 26 49 50 37 44 0 68 70 2 79 17 0 41 71 35 46 47 54 36 66 6 75 41 73 66 63 24 5 68 11 77 36 70 85 85 27 70 28 57 60 52 37 80 79 26 56 80 74 73 12 21 85 59 62 49 19 58 32 38 41 17 55 45 20 49 26 50 0 63 23 85 52 66 83 18 85 20 6 9 32 9 4 32 85 64 32 69 14 26 18 84 77 62 9 58 14 74 45 61 43 32 9
run=16 seed=15 k=86 f=0
38 1 49 85 16 85 34 21 57 24 9 24 76 72 32 84 77 20 23 82 47 3 59 58 71 19 35 70 80 85 18 2 14 14 0 74 10 43 62 19 81 47 57 66 10 44 53 31 20 41 16 33 75 69 80 43 66 32 39 69 74 9 46 72 52 24 46 16 9 32 70 49 54 37 74 46 45 26 6 26 85 76 30 5 37 53 85 61 9 67 9 64 56 1 0 29 51 37 57 0 48 25 37 66 62 58 85 78 15 26 11 62 85 60 65 4 0 30 39 53
run=17 seed=16 k=86 f=0
24 50 52 33 22 10 27 37 22 67 60 56 56 80 25 71 76 30 32 65 0 85 31 40 84 16 74 26 19 51 17 53 0 56 14 55 8 37 15 85 61 71 74 48 1 46 66 66 64 68 33 48 42 77 54 32 19 11 54 0 27 56 46 79 73 68 85 80 0 68 0 5 16 8 2 40 31 36 21 6 82 61 85 44 49 76 59 41 85 23 6 15 46 28 26 84 58 72 80 62 37 42 9 68 65 73 73 79 3 9 11 42 66 11 10 19 0 28 36 39
run=18 seed=17 k=86 f=0
17 0 85 0 60 78 52 20 69 71 65 49 84 14 54 3 0 85 52 3 16 73 83 60 67 42 59 70 78 56 57 30 44 29 30 8 29 63 83 8 15 27 77 26 83 37 6 69 12 66 69 54 65 17 4 64 2 47 37 61 6 48 24 11 29 53 0 14 85 23 0 85 38 18 81 42 42 74 59 78 34 24 28 71 58 5 65 32 9 34 65 45 38 74 75 22 8 49 13 54 60 43 39 74 39 21 48 17 12 60 85 33 37 33 13 35 76 0 48 17
run=19 seed=18 k=86 f=0
56 40 58 18 26 49 79 61 44 7 9 80 7 49 40 32 11 8 85 15 80 15 78 14 1 0 49 32 3 85 23 83 2 38 55 29 52 84 75 22 55 40 12 22 51 53 1 70 28 72 73 76 75 26 82 66 69 25 49 27 33 77 39 31 43 0 37 4 40 9 14 70 65 56 73 22 65 81 70 47 48 33 60 69 34 54 0 42 9 28 62 22 36 19 0 60 7 76 50 45 55 45 18 30 62 13 45 77 16 66 57 49 0 77 85 61 85 33 70 85
run=20 seed=19 k=86 f=0
12 85 85 9 37 33 59 52 39 57 63 57 26 74 42 7 37 26 40 12 72 11 84 4 18 33 84 9 0 85 58 31 68 70 30 58 60 68 24 66 31 44 64 45 1 80 35 19 34 77 41 43 77 47 24 50 12 70 12 79 51 60 61 75 77 53 85 57 4 35 18 68 79 67 20 9 85 0 47 79 72 64 32 22 0 65 17 17 18 3 49 5 85 3 84 48 41 73 31 54 6 77 13 75 0 50 77 24 31 26 66 54 16 56 46 51 0 73 71 54
