run=1 seed=0 k=98 f=0
16 39 38 1 28 80 33 27 85 58 36 59 54 67 8 70 66 22 70 72 3 82 42 33 96 97 80 97 20 7 30 96 92 72 74 26 68 80 9 16 57 97 5 63 12 44 91 0 26 88 87 49 91 14 43 0 46 11 59 71 90 47 29 7 85 20 42 11 94 49 42 3 86 6 65 64 36 5 79 56 35 21 81 29 18 5 7 62 50 16 97 18 12 34 78 94 88 30 43 36 86 50 80 0 43 0 0 75 52 59 61 66 68 72 48 54 78 54 20 86
run=2 seed=1 k=98 f=0
16 39 38 1 28 80 33 27 85 58 36 59 54 67 8 70 66 22 70 72 3 82 42 33 96 97 80 97 20 7 30 96 92 72 74 26 68 80 9 16 57 97 5 63 12 44 91 0 26 88 87 49 91 14 43 0 46 11 59 71 90 47 29 7 85 20 42 11 94 49 42 3 86 6 65 64 36 5 79 56 35 21 81 29 18 5 7 62 50 16 97 18 12 34 78 94 88 30 43 36 86 50 80 0 43 0 0 75 52 59 61 66 68 72 48 54 78 54 20 86
run=3 seed=2 k=98 f=0
18 26 48 97 32 86 74 86 63 93 14 83 1 15 13 38 33 75 12 34 78 95 66 25 53 57 6 88 93 78 97 94 34 34 57 78 22 93 61 83 39 33 15 1 81 43 55 96 75 68 50 26 57 89 63 6 66 75 0 73 13 30 24 47 48 58 54 72 6 23 68 51 10 59 1 97 38 69 45 19 43 82 38 4 29 16 73 38 0 62 88 26 33 13 6 84 74 18 47 82 46 20 56 14 2 45 46 51 93 8 40 39 67 57 0 66 28 67 11 97
run=4 seed=3 k=98 f=0
78 44 89 71 97 42 20 55 26 71 9 51 16 57 22 28 25 10 72 83 22 48 62 86 19 32 17 33 70 16 54 74 96 94 2 13 96 64 30 52 38 93 79 35 26 0 77 21 42 45 95 19 91 63 84 71 0 38 97 61 13 0 47 30 5 49 51 46 30 0 91 64 57 39 87 22 90 4 9 66 87 15 4 77 48 44 42 81 53 40 57 33 86 33 66 55 85 97 2 70 0 29 36 69 93 12 8 21 85 39 60 4 62 76 16 60 80 24 76 79
run=5 seed=4 k=98 f=0
62 3 20 79 6 20 15 25 38 59 42 79 15 39 96 13 32 68 9 55 29 90 62 34 23 0 10 52 56 63 88 67 43 34 45 89 8 39 17 12 60 35 82 3 64 97 48 97 1 87 49 97 41 70 21 20 78 47 39 10 89 47 6 84 28 95 75 3 87 1 73 19 30 36 7 83 27 82 76 60 38 29 15 46 45 64 71 4 9 0 53 84 68 57 96 89 70 91 71 54 9 77 94 52 24 79 23 44 93 61 29 43 97 32 30 52 52 16 35 0
run=6 seed=5 k=98 f=0
10 9 97 2 47 50 25 41 79 78 84 96 51 13 83 32 6 65 62 35 96 48 14 71 0 60 90 79 54 91 97 25 18 8 32 35 4 69 76 44 53 63 61 57 37 65 57 0 83 13 6 71 71 37 90 2 22 22 27 31 49 76 61 91 85 76 27 13 23 67 92 5 97 55 18 24 61 88 38 55 2 20 26 82 39 88 95 66 45 35 46 97 38 13 12 30 44 53 9 46 16 75 74 52 89 1 60 66 70 89 23 30 86 0 52 41 72 0 17 83
run=7 seed=6 k=98 f=0
7 35 27 48 78 89 63 0 67 0 82 14 88 61 40 12 44 25 53 5 11 11 68 0 21 92 19 47 92 43 14 90 79 87 36 28 30 38 19 95 34 24 53 71 59 97 21 14 47 70 28 72 0 78 20 29 66 29 88 67 39 83 80 48 44 22 61 42 27 74 69 56 34 97 52 10 51 93 6 63 97 18 68 85 1 40 83 74 57 69 87 28 3 55 59 97 77 83 34 43 5 94 5 60 23 6 19 2 55 35 57 0 24 80 83 37 9 61 89 13
run=8 seed=7 k=98 f=0
52 83 9 86 15 75 80 21 16 7 33 45 83 71 78 74 16 82 67 91 48 9 97 0 49 40 9 36 27 58 13 82 10 26 0 26 67 16 4 86 79 15 33 62 22 97 39 34 56 94 1 43 0 62 79 48 95 83 7 65 7 15 66 23 41 33 96 43 63 57 49 71 29 39 68 21 32 42 34 51 74 31 44 36 30 97 23 20 70 74 86 52 25 7 12 74 3 57 81 90 5 88 90 57 60 91 37 97 0 0 31 21 61 90 73 47 49 3 68 76
run=9 seed=8 k=98 f=0
60 45 37 0 96 11 32 80 11 66 15 20 40 21 80 85 26 50 54 33 55 47 45 76 75 17 74 70 84 89 90 42 0 7 11 69 17 97 33 88 92 4 53 37 63 96 64 44 53 63 30 2 25 85 30 97 7 64 81 42 14 71 0 64 82 46 89 20 44 7 2 89 28 4 25 48 77 97 36 19 77 27 80 95 62 58 60 2 46 73 24 57 65 79 15 88 28 67 52 19 38 18 69 52 83 52 26 58 10 75 40 92 4 73 16 22 55 36 36 97
run=10 seed=9 k=98 f=0
27 69 92 24 28 83 18 57 14 62 47 84 40 71 31 78 74 37 51 63 27 11 21 59 89 43 94 77 93 79 7 27 68 30 35 18 0 63 37 1 26 71 48 0 58 97 41 43 17 52 21 20 91 84 13 96 85 44 52 28 19 49 5 74 88 48 94 52 48 75 95 84 63 71 89 1 81 55 97 54 60 59 33 51 80 67 90 78 76 64 10 3 96 72 45 8 17 36 37 12 61 53 7 64 26 97 54 86 32 68 0 9 24 33 0 6 0 19 43 11
run=11 seed=10 k=98 f=0
66 5 84 63 86 41 89 93 45 65 25 97 97 97 56 22 15 60 35 60 58 43 97 27 84 13 50 75 52 17 51 79 15 78 0 85 2 64 9 92 50 7 23 5 29 8 58 97 25 4 11 25 59 51 54 83 17 2 38 73 78 79 55 90 77 29 53 30 9 0 69 38 35 29 35 29 47 91 29 34 46 97 91 23 91 40 81 67 36 29 59 69 51 74 20 83 13 0 62 45 35 97 83 74 87 18 34 61 71 20 70 27 68 43 80 71 72 0 42 62
run=12 seed=11 k=98 f=0
15 29 33 81 65 58 72 19 25 53 10 48 10 34 74 77 33 43 74 45 97 46 97 49 8 58 34 47 0 76 88 84 5 97 95 36 26 84 92 61 60 84 50 26 97 39 87 97 18 90 27 27 79 1 74 14 45 64 54 60 95 34 84 78 20 79 84 74 42 79 0 4 53 88 30 42 84 70 47 78 9 67 60 29 31 88 15 40 9 24 52 61 63 35 67 53 71 94 40 0 21 64 69 73 9 5 71 0 20 51 34 43 38 96 10 67 18 53 21 1
run=13 seed=12 k=98 f=0
0 30 31 49 82 93 80 11 91 52 97 66 59 65 84 86 67 65 6 2 26 34 44 18 95 97 55 64 25 61 85 33 55 1 19 69 52 34 36 59 50 0 39 11 71 25 53 28 90 73 83 28 11 14 1 13 18 3 52 90 82 23 13 3 87 95 44 17 89 46 27 71 36 0 86 96 44 75 24 38 59 7 47 52 0 9 10 47 40 22 79 46 68 4 19 76 2 77 39 50 68 94 16 35 92 97 43 76 60 67 45 21 20 12 92 81 58 75 55 81
run=14 seed=13 k=98 f=0
34 27 63 9 3 91 74 29 35 55 78 65 42 86 0 94 71 46 52 95 11 14 16 16 43 54 15 45 37 70 66 66 2 59 39 43 53 19 8 0 33 1 80 23 97 21 5 79 60 17 87 64 88 97 70 87 68 31 88 26 77 30 80 9 97 24 62 1 30 92 24 52 55 63 40 0 21 72 60 93 58 90 58 13 14 76 10 3 81 51 83 87 78 93 69 31 0 71 94 11 92 34 46 97 54 79 5 9 0 47 22 40 38 50 5 70 28 56 16 48
run=15 seed=14 k=98 f=0
70 25 42 2 36 17 86 77 29 26 88 73 42 92 84 1 58 58 8 71 68 27 44 52 80 13 34 86 43 68 9 8 0 9 65 85 79 53 59 97 32 33 82 24 46 37 45 94 87 32 31 52 94 97 6 39 12 8 88 63 97 75 20 6 45 48 39 48 77 3 94 82 12 27 0 14 43 47 36 30 36 67 0 12 23 90 11 19 22 55 77 18 27 97 68 4 63 89 22 89 67 16 82 27 47 18 64 96 65 58 80 51 56 74 34 65 76 97 72 1
run=16 seed=15 k=98 f=0
18 67 27 53 1 89 3 21 72 74 50 18 28 17 39 32 35 97 71 29 61 85 42 34 15 9 8 59 56 42 26 39 54 68 88 27 82 91 92 12 21 7 80 9 52 60 11 44 18 19 81 41 43 34 82 73 70 90 50 34 40 39 6 21 84 22 63 16 54 1 56 84 73 67 77 12 28 82 26 19 50 88 34 76 45 72 67 97 79 93 38 91 47 10 64 37 46 0 67 0 94 54 87 96 78 96 2 0 58 44 32 64 88 78 13 3 97 0 7 0
run=17 seed=16 k=98 f=0
0 54 45 67 64 47 73 12 7 94 0 54 5 29 76 21 75 68 86 75 39 47 63 38 82 25 90 97 41 97 9 31 9 29 6 18 57 65 33 67 1 65 93 93 87 92 20 59 18 97 69 57 26 53 0 34 76 46 51 17 90 13 96 88 67 94 26 50 16 47 58 20 42 89 38 23 41 74 13 31 79 16 38 8 74 90 82 13 35 57 96 62 48 85 12 33 81 58 82 55 60 88 32 34 62 72 97 68 5 81 2 88 17 44 76 78 0 72 46 24
run=18 seed=17 k=98 f=0
79 31 77 97 50 97 91 30 57 77 53 9 29 90 39 62 77 42 28 7 74 65 9 48 71 9 88 16 36 46 72 77 1 73 69 55 65 13 39 32 93 18 13 34 7 16 8 63 82 52 43 23 21 44 36 39 47 1 50 80 66 16 28 24 16 85 10 48 13 71 59 21 86 32 83 50 0 23 42 47 97 86 43 28 76 22 55 96 22 57 85 40 56 2 4 91 90 69 91 51 3 24 61 85 8 62 37 0 94 0 78 62 97 20 57 74 31 2 82 96
run=19 seed=18 k=98 f=0
47 7 39 0 73 74 33 37 15 25 61 96 88 41 56 90 48 64 19 29 94 95 60 39 69 80 52 78 48 1 44 68 11 86 96 59 56 22 77 64 53 28 50 83 26 54 44 1 80 18 18 86 38 9 33 56 10 80 75 82 4 17 14 52 95 75 29 6 16 31 45 42 6 51 20 69 53 22 0 22 40 64 68 63 13 59 7 35 48 81 87 79 47 65 5 0 89 89 73 55 2 65 12 28 71 0 97 35 36 73 14 28 17 35 96 89 97 89 60 38
run=20 seed=19 k=98 f=0
0 38 30 39 87 55 51 55 47 76 22 70 18 13 54 64 29 18 97 92 34 95 89 42 3 0 72 23 47 75 2 34 69 26 63 35 88 10 17 18 87 28 87 88 97 70 83 81 31 66 92 94 76 16 5 66 45 97 50 0 20 30 43 94 48 66 11 12 34 83 24 81 50 72 41 61 43 26 57 78 53 97 61 40 41 36 0 6 87 9 74 0 1 73 7 53 46 21 62 76 7 19 14 81 87 51 97 55 34 60 34 9 13 80 29 24 78 89 70 9
