run=1 seed=0 k=87 f=0
67 36 71 52 55 60 37 24 7 29 62 77 75 4 35 5 24 45 75 56 67 5 72 51 63 22 13 3 20 33 57 35 9 67 60 19 25 34 46 79 62 10 0 37 26 16 56 0 65 44 6 49 17 79 12 49 84 34 54 29 58 22 46 72 34 18 84 76 37 86 81 67 77 29 45 24 69 26 85 31 2 86 45 43 15 38 17 49 62 86 55 83 44 11 69 56 12 40 0 55 31 76 53 9 40 84 0 21 17 29 64 12 67 48 80 28 0 72 74 0
run=2 seed=1 k=87 f=0
67 36 71 52 55 60 37 24 7 29 62 77 75 4 35 5 24 45 75 56 67 5 72 51 63 22 13 3 20 33 57 35 9 67 60 19 25 34 46 79 62 10 0 37 26 16 56 0 65 44 6 49 17 79 12 49 84 34 54 29 58 22 46 72 34 18 84 76 37 86 81 67 77 29 45 24 69 26 85 31 2 86 45 43 15 38 17 49 62 86 55 83 44 11 69 56 12 40 0 55 31 76 53 9 40 84 0 21 17 29 64 12 67 48 80 28 0 72 74 0
run=3 seed=2 k=87 f=0
5 51 11 48 0 68 42 36 27 64 77 51 85 53 30 0 56 86 77 42 31 21 28 25 64 57 1 5 83 46 77 16 52 31 71 61 55 63 21 21 6 5 8 32 85 6 71 43 3 70 24 81 30 79 25 65 11 16 76 73 66 77 7 8 36 74 14 82 9 30 15 68 57 18 86 68 39 72 36 45 11 37 69 39 51 0 30 53 0 56 86 52 20 46 43 36 35 74 27 47 58 0 18 48 86 16 77 26 81 64 11 86 42 28 21 0 20 61 59 1
run=4 seed=3 k=87 f=0
48 85 25 9 20 21 53 21 32 85 50 86 25 10 55 16 31 56 54 2 31 86 70 62 81 71 27 43 6 72 29 68 30 67 49 79 49 77 37 3 7 42 40 86 1 43 28 71 0 46 35 63 64 18 32 19 40 53 21 28 78 77 7 4 16 4 10 15 74 70 83 85 0 50 11 45 26 66 44 80 0 62 14 56 31 52 38 66 86 35 24 59 17 86 62 9 7 50 64 35 23 0 15 86 23 56 68 61 26 78 48 37 76 56 50 40 0 80 69 13
run=5 seed=4 k=87 f=0
57 33 26 52 1 15 80 24 19 32 42 27 64 69 16 52 27 44 0 77 77 62 6 50 76 61 35 57 57 75 13 2 75 14 63 40 1 72 18 54 59 2 54 7 77 32 5 28 33 35 0 18 19 44 48 20 11 61 47 80 12 79 15 2 10 28 84 58 40 5 25 48 34 1 54 48 80 23 37 73 64 9 66 46 77 14 9 46 86 86 32 84 85 21 85 55 1 39 67 68 27 38 36 70 43 25 43 49 86 68 29 75 42 6 6 64 0 11 85 0
run=6 seed=5 k=87 f=0
38 27 28 77 71 17 33 85 37 7 29 1 24 58 51 1 45 24 23 80 64 23 37 45 82 19 0 10 70 9 73 12 82 15 77 73 52 16 50 53 14 78 67 10 3 4 72 0 59 40 55 86 86 61 33 46 7 74 6 35 41 78 15 54 58 30 64 23 15 28 82 50 70 8 54 64 27 57 61 38 86 68 18 58 0 12 1 81 10 63 7 65 42 86 40 70 82 56 17 48 80 0 48 21 24 47 33 55 29 46 31 0 41 46 51 32 86 41 62 68
run=7 seed=6 k=87 f=0
86 54 29 18 5 72 24 28 78 23 18 33 44 84 61 66 36 18 32 23 60 71 53 24 29 38 68 86 65 38 40 2 6 33 0 15 85 75 0 28 84 0 67 39 13 44 5 63 0 47 86 52 46 56 32 17 34 73 16 43 14 32 44 44 44 9 50 35 41 26 7 13 0 24 86 38 76 58 6 20 53 9 24 82 58 13 11 78 85 47 68 60 24 53 77 65 31 51 9 11 86 80 74 85 57 61 16 8 81 66 63 73 0 28 76 81 0 52 70 67
run=8 seed=7 k=87 f=0
68 86 9 45 14 75 79 48 23 2 33 26 14 79 77 12 15 54 40 65 81 27 2 21 71 61 53 40 80 60 29 6 32 65 32 0 7 86 56 70 70 12 35 82 4 14 3 61 24 28 52 86 70 37 50 51 42 53 24 41 32 1 84 14 14 20 8 81 20 74 80 41 37 27 85 6 44 25 41 0 19 70 19 54 47 61 8 37 86 37 86 73 58 70 30 0 10 32 68 46 12 17 1 78 47 62 34 67 62 54 81 18 56 63 46 48 0 21 75 58
run=9 seed=8 k=87 f=0
57 65 21 52 71 0 6 75 42 82 8 37 47 52 45 62 53 86 33 80 38 60 21 80 82 36 14 57 46 51 48 55 21 46 76 73 55 0 86 0 48 29 39 48 28 16 83 41 36 13 31 62 84 28 21 24 17 12 7 72 80 27 42 54 6 74 65 31 30 52 20 0 16 53 35 78 11 36 29 17 25 86 13 5 68 60 46 3 61 41 13 24 26 64 41 9 34 9 17 4 19 70 85 36 68 39 86 86 73 69 0 76 75 58 0 12 0 66 5 86
run=10 seed=9 k=87 f=0
30 26 71 0 66 23 38 86 33 58 72 77 61 78 36 73 56 10 36 67 70 59 15 54 86 86 24 81 46 33 0 58 45 67 10 13 83 74 61 70 26 54 86 80 74 22 50 4 0 18 4 50 6 9 20 8 11 66 79 37 84 59 31 33 75 54 67 6 0 22 55 49 37 24 2 83 29 19 5 63 70 62 59 6 8 15 86 79 44 17 0 42 37 27 43 48 52 14 65 0 54 77 27 23 20 43 19 69 50 79 43 27 16 33 47 86 53 12 34 37
run=11 seed=10 k=87 f=0
33 61 18 86 83 11 23 71 55 0 0 22 16 54 78 16 20 0 18 23 0 30 55 86 75 49 84 23 31 86 85 8 65 14 77 4 73 86 58 5 51 8 47 24 30 79 61 76 40 36 4 63 40 68 9 53 57 30 35 67 52 69 0 30 27 80 43 64 31 86 0 45 49 28 49 35 15 82 67 56 11 28 0 38 79 51 40 42 9 43 72 36 28 48 44 66 36 73 57 60 34 75 79 48 12 47 8 6 40 42 66 60 13 23 78 54 0 17 70 86
run=12 seed=11 k=87 f=0
72 15 62 86 74 22 27 78 7 1 31 68 67 29 30 8 26 42 43 83 32 1 19 61 67 13 60 78 37 86 42 42 12 46 58 32 38 77 6 34 26 57 75 86 86 56 11 79 6 53 10 10 1 69 38 52 23 46 51 81 29 16 77 34 67 2 52 72 21 50 55 26 27 48 64 74 83 0 86 0 60 22 25 44 0 29 44 53 77 35 19 18 86 58 86 45 7 49 6 58 64 20 21 3 18 51 15 61 35 35 72 42 34 33 55 2 0 50 68 71
run=13 seed=12 k=87 f=0
80 86 0 86 83 34 21 65 16 6 44 17 76 25 19 74 71 7 9 7 32 10 57 58 46 67 36 24 81 76 52 74 44 71 18 65 68 39 23 86 39 29 28 15 35 33 53 73 9 36 25 77 6 45 55 0 86 83 38 53 11 49 5 22 52 20 0 49 43 2 82 25 39 0 84 46 66 53 23 8 86 77 76 69 15 61 33 6 27 60 32 0 49 58 71 0 69 40 4 30 63 37 38 11 40 0 30 15 65 60 46 52 44 64 19 85 9 22 61 51
run=14 seed=13 k=87 f=0
59 11 46 70 7 35 79 48 22 39 17 13 86 26 77 1 25 73 16 43 22 24 35 26 56 16 27 61 52 37 21 66 67 42 71 86 69 36 38 52 30 80 58 42 68 31 63 52 0 62 66 19 27 53 56 86 59 16 78 43 34 13 44 2 2 31 8 76 85 25 70 2 30 51 72 57 0 22 86 40 75 86 2 63 80 33 32 74 37 54 47 83 47 8 9 17 30 58 29 81 17 0 0 62 4 78 26 74 67 9 15 27 37 43 83 79 0 7 48 10
run=15 seed=14 k=87 f=0
11 34 37 67 43 39 23 85 51 78 25 41 85 62 74 60 0 20 17 72 9 0 50 85 15 86 45 47 13 47 3 34 27 33 85 47 37 67 33 68 63 32 52 76 71 42 71 58 30 0 35 6 62 9 0 28 55 72 79 54 61 33 38 49 79 26 67 12 52 24 52 20 44 68 16 9 17 53 23 75 86 28 83 1 43 62 35 0 17 56 72 62 16 46 0 76 65 4 66 1 43 81 75 59 11 27 4 18 86 79 38 46 12 20 23 3 58 6 57 44
run=16 seed=15 k=87 f=0
62 35 70 86 46 7 57 81 63 73 59 0 59 63 60 9 31 36 68 11 6 3 17 76 74 18 2 50 86 31 1 32 42 36 12 0 23 34 34 1 60 8 70 83 26 47 12 16 69 50 14 24 17 78 5 18 47 39 81 75 16 66 63 59 86 39 53 75 36 56 50 42 22 42 70 80 86 30 52 42 46 0 58 62 40 67 57 27 41 44 10 19 77 86 25 0 10 54 23 47 8 64 51 45 83 79 10 75 0 25 55 32 86 19 44 26 9 39 66 70
run=17 seed=16 k=87 f=0
31 86 0 9 0 1 15 64 20 53 39 33 32 35 17 0 4 55 69 1 56 85 86 86 40 36 85 32 9 56 16 72 43 70 84 59 63 40 4 65 81 1 65 19 77 78 4 77 51 49 77 75 39 58 61 38 24 28 23 50 66 36 60 63 51 45 10 33 9 15 10 12 67 8 29 45 27 49 71 57 85 65 24 24 63 58 18 67 86 11 37 49 8 82 25 0 0 53 80 81 43 22 71 34 42 46 73 50 13 43 74 74 8 19 55 25 27 16 69 50
run=18 seed=17 k=87 f=0
5 75 33 75 79 44 48 29 54 1 50 45 81 33 50 50 11 71 73 86 32 5 70 81 41 86 41 66 79 86 84 3 65 81 27 51 0 27 40 38 26 10 40 14 30 38 14 35 72 41 13 86 50 26 9 34 45 1 81 65 36 58 22 9 11 75 23 23 63 18 47 14 29 19 60 0 16 77 32 4 30 9 19 24 66 36 72 24 18 69 59 72 18 63 86 54 12 45 0 86 68 54 56 57 78 44 7 25 62 66 43 59 0 34 61 0 0 20 56 48
run=19 seed=18 k=87 f=0
24 35 66 0 31 48 61 45 40 60 33 25 44 48 44 81 76 32 54 50 83 1 0 86 13 20 75 43 16 65 24 61 16 81 37 0 1 65 72 27 82 7 69 8 12 71 12 77 74 74 79 15 61 49 21 86 56 65 60 38 81 20 31 58 31 19 66 15 6 86 38 2 72 64 54 21 71 59 21 0 11 56 51 58 4 67 54 5 86 39 46 22 36 27 60 11 58 78 73 41 20 30 50 46 10 78 85 74 50 28 17 35 3 51 82 38 9 84 66 86
run=20 seed=19 k=87 f=0
27 28 68 86 10 41 33 29 15 80 19 74 60 39 35 55 40 21 35 24 30 12 8 67 46 48 0 68 61 67 38 71 85 72 74 60 53 22 1 13 44 0 81 13 0 62 3 6 13 59 17 4 73 21 63 22 37 30 69 32 6 31 21 58 17 10 52 6 22 22 54 34 80 1 80 67 47 72 0 53 49 28 48 15 86 5 33 69 77 45 10 48 81 1 78 46 7 55 52 37 41 86 86 85 82 86 72 76 64 41 59 9 57 30 12 76 0 38 17 60
