run=1 seed=0 k=95 f=0
79 90 5 36 65 0 85 89 51 40 55 18 6 85 87 16 49 36 62 8 12 44 30 70 4 45 17 81 62 13 42 42 18 60 10 30 71 91 88 92 5 49 49 44 59 0 30 9 35 28 73 76 36 12 4 54 80 74 20 92 55 75 59 26 50 0 94 27 58 37 78 65 53 92 21 56 24 24 38 0 0 19 25 75 42 84 33 31 65 68 13 72 61 48 22 17 8 82 4 66 20 77 27 84 27 51 26 33 87 94 94 56 71 66 1 86 74 36 17 67
run=2 seed=1 k=95 f=0
79 90 5 36 65 0 85 89 51 40 55 18 6 85 87 16 49 36 62 8 12 44 30 70 4 45 17 81 62 13 42 42 18 60 10 30 71 91 88 92 5 49 49 44 59 0 30 9 35 28 73 76 36 12 4 54 80 74 20 92 55 75 59 26 50 0 94 27 58 37 78 65 53 92 21 56 24 24 38 0 0 19 25 75 42 84 33 31 65 68 13 72 61 48 22 17 8 82 4 66 20 77 27 84 27 51 26 33 87 94 94 56 71 66 1 86 74 36 17 67
run=3 seed=2 k=95 f=0
57 11 72 9 7 49 58 94 25 88 29 47 4 52 85 45 87 36 10 71 80 35 21 85 61 52 21 84 8 62 61 81 75 68 94 94 93 84 1 10 23 22 77 66 20 47 87 30 30 41 94 79 33 80 64 51 66 33 38 86 91 90 77 61 62 50 18 55 33 33 38 3 0 55 75 69 1 25 4 72 79 63 1 69 89 26 19 33 18 14 51 12 39 15 16 75 39 37 0 9 25 5 56 47 55 44 57 92 94 0 79 30 69 48 54 3 93 41 28 65
run=4 seed=3 k=95 f=0
4 25 91 65 57 59 15 87 80 65 66 84 93 74 41 36 92 52 10 94 83 7 22 80 0 32 2 15 14 19 35 11 44 59 85 35 1 56 65 18 29 35 11 28 63 37 94 70 85 83 29 9 3 24 38 68 16 8 80 73 50 11 46 1 51 37 19 71 45 56 19 53 94 78 75 1 0 75 70 76 25 0 72 94 43 39 32 60 54 45 92 28 25 47 80 8 0 18 59 84 76 83 3 39 64 94 73 57 61 46 29 74 43 63 89 91 9 50 50 54
run=5 seed=4 k=95 f=0
67 0 74 83 21 31 44 52 59 0 30 56 5 12 41 94 85 80 50 70 73 23 78 90 45 94 24 9 75 94 19 44 15 89 66 6 24 69 60 6 69 4 82 55 29 0 76 74 91 56 23 79 68 14 87 32 34 70 59 87 92 48 31 0 25 56 42 91 28 31 11 80 36 16 64 39 52 86 15 35 19 49 52 25 85 66 43 40 6 12 78 9 80 14 0 51 87 19 45 20 62 57 36 22 55 59 60 46 3 36 68 65 94 20 42 62 27 17 73 94
run=6 seed=5 k=95 f=0
20 0 20 78 50 3 5 80 58 83 66 13 5 59 44 53 17 41 58 23 24 12 69 13 80 35 54 54 87 0 79 9 35 62 65 69 78 19 0 35 18 58 49 85 30 43 53 77 71 55 38 0 8 94 13 44 31 32 27 4 82 70 41 62 88 13 48 72 93 53 33 0 27 16 34 75 22 61 94 87 93 87 92 40 42 64 45 74 67 74 9 91 61 45 25 85 63 49 27 10 36 85 48 9 6 72 94 25 1 28 94 0 17 56 68 94 11 19 39 76
run=7 seed=6 k=95 f=0
66 75 93 56 54 10 42 15 64 33 6 94 80 92 81 93 60 59 34 0 86 35 0 0 80 0 70 44 0 78 87 34 52 10 2 92 53 9 59 49 67 30 63 19 36 25 60 43 72 28 68 19 49 86 25 69 43 46 10 55 9 48 17 32 78 4 84 83 71 16 21 94 38 86 91 86 84 29 72 94 72 47 0 85 40 35 39 26 19 48 7 52 31 62 50 93 29 7 65 5 53 20 21 91 78 62 0 56 54 76 4 69 16 56 94 71 36 41 9 29
run=8 seed=7 k=95 f=0
81 32 0 46 35 43 86 0 81 65 52 87 35 56 89 39 57 58 60 6 65 73 73 93 0 61 46 76 77 82 42 89 26 5 50 9 71 54 72 79 47 29 66 18 84 23 58 52 93 78 58 91 24 38 6 50 82 94 45 65 43 70 27 34 33 1 0 64 41 16 0 19 88 78 13 83 25 32 17 68 94 71 94 56 66 49 0 91 10 36 40 33 27 45 24 7 13 54 20 48 80 92 6 10 6 18 19 22 63 94 64 19 0 76 55 75 30 41 60 33
run=9 seed=8 k=95 f=0
34 69 34 66 56 48 18 45 74 93 20 72 46 81 15 56 45 19 18 28 40 52 77 81 15 54 62 77 83 89 58 53 70 40 30 88 0 70 77 53 4 58 89 3 13 59 28 10 88 4 2 2 40 87 46 22 20 85 21 94 79 74 0 92 43 82 26 83 39 61 12 13 65 42 69 25 73 44 36 94 8 94 0 30 94 18 62 90 45 0 50 35 11 56 36 31 35 0 13 94 61 81 40 90 18 22 79 8 28 10 64 79 28 62 49 59 24 5 86 11
run=10 seed=9 k=95 f=0
75 20 27 1 88 52 85 66 16 15 87 93 40 55 77 5 0 37 61 24 80 18 14 5 30 54 35 80 81 8 29 57 22 41 32 31 94 13 83 85 9 24 12 13 58 49 94 43 4 19 32 73 49 10 0 36 28 79 54 13 18 70 39 63 70 1 94 7 94 5 26 93 83 77 31 55 6 66 93 12 38 63 94 52 94 70 49 22 36 76 47 78 58 49 18 87 46 82 43 57 66 61 60 21 57 39 67 0 48 72 89 45 73 76 4 86 91 0 66 63
run=11 seed=10 k=95 f=0
85 38 79 56 42 42 50 38 94 87 88 75 63 18 91 90 84 33 36 48 28 58 9 73 38 7 61 56 94 67 47 81 51 12 33 66 50 22 13 24 20 12 8 17 86 20 75 25 3 71 18 61 17 86 0 93 13 30 45 84 90 10 0 2 5 94 93 72 50 0 70 26 77 52 29 48 79 6 53 4 24 35 64 56 93 30 70 72 26 5 58 7 77 87 79 42 71 0 22 46 68 83 44 93 41 94 33 19 67 65 34 16 28 55 76 60 44 51 12 15
run=12 seed=11 k=95 f=0
23 56 26 17 82 16 32 28 9 94 13 8 76 34 35 29 10 74 63 76 30 6 92 31 3 61 2 64 94 61 79 88 4 77 88 38 13 50 71 0 44 0 87 91 93 56 21 84 59 6 26 59 71 89 47 15 84 74 38 66 14 0 62 66 94 56 55 34 15 31 3 51 43 17 46 88 71 67 23 51 51 82 40 24 20 44 28 16 72 52 80 67 4 39 12 94 1 94 39 11 45 69 75 48 42 8 68 33 82 0 89 52 27 29 12 47 43 82 20 79
run=13 seed=12 k=95 f=0
87 22 48 94 14 43 5 9 41 26 94 72 37 0 74 18 52 93 2 52 12 45 84 52 75 83 0 86 2 67 43 70 21 53 20 12 0 28 46 42 30 20 65 70 31 77 17 80 69 19 82 74 92 69 68 36 93 11 27 12 65 9 35 0 67 23 33 87 83 60 8 19 27 37 32 20 57 5 0 94 36 0 1 92 54 30 9 63 34 0 76 59 56 77 94 47 8 64 50 48 84 90 41 91 29 50 15 72 58 26 81 57 78 88 54 61 11 84 62 65
run=14 seed=13 k=95 f=0
53 20 16 64 25 46 78 20 72 80 81 54 36 67 75 48 7 85 86 26 12 58 16 66 64 55 64 81 15 43 8 36 14 34 52 39 26 94 20 22 70 0 50 0 70 0 68 77 65 3 88 1 39 23 15 74 74 79 84 75 68 40 28 20 3 0 26 58 40 8 51 87 9 78 93 59 88 33 41 94 46 39 0 91 30 67 31 46 94 85 94 11 84 56 80 7 35 7 63 72 94 14 36 59 17 59 44 64 92 48 24 30 88 17 30 93 84 29 45 73
run=15 seed=14 k=95 f=0
53 34 8 30 37 78 13 8 91 94 58 83 69 75 94 75 94 23 47 52 0 94 7 38 56 75 37 71 13 33 52 65 29 71 87 20 23 77 94 40 0 48 67 64 6 23 52 88 30 20 20 0 85 0 66 20 39 83 50 3 36 33 66 69 71 16 12 3 21 76 83 78 93 83 86 38 56 0 24 79 61 57 16 24 15 55 12 81 66 1 7 45 86 52 26 8 61 16 65 45 29 42 92 72 5 45 61 88 16 39 11 48 94 92 76 58 84 75 26 31
run=16 seed=15 k=95 f=0
94 1 0 23 19 70 76 70 7 57 0 7 41 86 10 25 69 9 24 48 90 40 54 51 91 36 38 23 30 80 83 18 15 32 93 60 75 27 36 27 45 64 19 32 91 87 49 41 94 84 23 0 28 15 65 68 49 83 34 84 74 56 7 90 8 35 84 29 49 18 55 94 78 48 25 74 9 66 41 15 49 54 72 38 65 59 80 71 45 17 1 57 64 6 89 15 60 79 53 0 56 92 94 19 52 42 85 9 16 63 29 70 49 34 38 2 94 12 33 60
run=17 seed=16 k=95 f=0
27 9 18 68 86 13 62 70 41 52 18 94 94 11 47 86 14 79 43 13 22 37 78 34 43 27 75 92 3 78 83 63 85 22 60 76 56 85 19 89 93 44 89 48 42 49 91 56 11 86 29 80 77 77 25 28 41 2 7 64 17 40 64 70 64 33 4 24 1 53 25 92 19 54 7 70 19 93 55 46 33 9 53 72 0 39 38 68 56 52 10 31 1 76 83 63 74 82 86 72 46 14 12 71 23 68 49 1 34 0 66 36 62 34 19 22 94 57 32 29
run=18 seed=17 k=95 f=0
57 0 51 42 88 50 0 16 62 41 70 10 47 58 19 92 7 26 63 45 41 76 20 94 29 78 87 18 20 4 72 0 9 11 24 0 35 55 24 15 81 85 84 18 26 83 58 32 22 59 83 65 35 94 7 65 79 60 41 56 27 0 48 74 72 60 85 75 33 77 5 9 66 36 49 32 75 43 73 91 49 5 61 35 41 0 0 25 69 23 91 37 4 88 16 71 54 14 94 79 45 33 44 81 37 47 12 9 12 24 42 87 94 94 13 41 33 29 81 55
run=19 seed=18 k=95 f=0
68 52 41 65 61 83 59 73 55 47 51 66 44 23 1 43 37 9 76 1 14 0 71 0 58 31 84 26 93 41 2 44 49 46 84 12 93 77 86 2 54 15 40 23 86 36 19 39 12 12 18 31 31 81 37 94 36 27 48 1 9 62 12 18 20 51 94 28 12 43 38 93 34 52 90 70 72 79 94 18 59 74 14 24 93 53 53 74 94 55 30 12 66 2 6 86 62 86 32 88 24 9 78 22 76 94 24 35 2 6 81 50 77 61 68 29 22 61 43 62
run=20 seed=19 k=95 f=0
9 46 77 0 11 74 19 12 94 49 23 86 50 39 21 90 86 82 80 45 72 45 31 22 76 44 65 67 52 67 8 85 88 81 16 67 61 93 27 94 43 31 64 0 55 38 90 37 74 35 68 62 38 69 28 74 41 12 22 16 38 28 48 44 14 11 50 72 4 75 21 31 56 15 2 58 75 43 0 24 47 28 0 7 33 37 33 57 86 56 93 58 82 27 6 1 34 16 94 19 52 26 61 69 53 89 14 93 64 52 15 9 17 86 85 60 61 77 80 42
