run=1 seed=0 k=110 f=0
57 58 17 35 19 20 72 79 68 40 55 7 28 69 96 51 98 1 2 23 21 9 27 99 92 53 3 43 92 0 109 108 32 59 62 109 48 96 95 32 72 43 1 85 35 99 48 64 19 27 100 1 68 91 86 100 72 60 73 51 15 104 36 47 51 104 76 9 103 67 44 42 42 15 18 87 80 24 83 90 20 77 26 34 58 0 11 35 44 26 37 30 57 8 12 80 16 86 104 9 85 38 74 18 23 51 37 66 109 2 82 63 9 106 96 11 106 65 74 46
run=2 seed=1 k=110 f=0
57 58 17 35 19 20 72 79 68 40 55 7 28 69 96 51 98 1 2 23 21 9 27 99 92 53 3 43 92 0 109 108 32 59 62 109 48 96 95 32 72 43 1 85 35 99 48 64 19 27 100 1 68 91 86 100 72 60 73 51 15 104 36 47 51 104 76 9 103 67 44 42 42 15 18 87 80 24 83 90 20 77 26 34 58 0 11 35 44 26 37 30 57 8 12 80 16 86 104 9 85 38 74 18 23 51 37 66 109 2 82 63 9 106 96 11 106 65 74 46
run=3 seed=2 k=110 f=0
28 19 28 6 39 38 0 25 20 27 44 49 109 78 76 99 21 45 76 0 102 82 69 0 0 46 70 80 76 37 91 106 51 32 1 96 39 27 45 64 14 8 28 16 60 75 109 85 50 85 23 85 0 14 100 100 18 84 28 60 65 32 108 11 106 86 62 90 46 18 87 33 80 5 53 30 12 72 47 104 82 68 109 104 39 2 55 10 37 69 56 63 65 93 70 77 10 81 96 56 8 59 87 37 73 69 8 44 10 97 2 105 51 61 75 22 59 15 33 94
run=4 seed=3 k=110 f=0
7 40 63 20 34 50 2 107 88 58 98 67 59 102 72 13 53 42 99 12 35 71 108 78 93 38 48 59 28 39 104 58 36 56 65 61 105 48 83 7 45 88 97 69 28 33 11 0 82 85 99 109 64 77 18 47 16 45 36 44 99 109 71 10 29 7 23 68 74 13 20 39 83 25 82 72 42 54 21 14 93 8 51 76 7 52 26 85 109 63 107 25 26 68 38 0 75 53 56 103 35 23 8 99 33 88 93 7 1 45 94 29 82 102 14 88 95 0 0 82
run=5 seed=4 k=110 f=0
102 53 86 46 74 67 52 23 58 105 54 44 14 87 54 69 62 1 0 99 7 6 40 82 105 21 62 1 0 78 12 33 24 71 79 9 94 34 33 32 15 93 79 16 85 92 62 109 2 63 97 47 37 107 61 20 56 11 84 16 26 51 96 92 97 101 41 68 68 51 108 7 86 10 14 22 5 78 20 102 73 1 28 7 41 79 14 49 76 31 60 42 109 44 90 85 65 38 66 35 89 99 106 54 72 21 76 44 57 28 109 96 105 63 71 56 12 86 93 109
run=6 seed=5 k=110 f=0
27 60 99 73 16 99 94 16 90 24 36 48 0 108 26 80 0 66 86 66 9 85 70 109 16 56 103 109 22 29 99 77 72 60 76 61 50 14 44 30 53 90 14 92 49 4 103 17 27 65 83 58 82 32 6 76 105 106 92 59 12 3 26 84 2 96 8 27 85 100 20 8 47 103 71 32 39 38 42 19 68 17 0 39 92 11 101 53 108 65 78 55 67 36 109 58 34 49 109 56 40 21 4 49 53 92 76 44 98 41 7 0 26 7 73 50 82 97 68 12
run=7 seed=6 k=110 f=0
1 109 95 85 101 21 18 90 0 5 27 43 89 63 33 65 62 72 103 70 46 80 0 50 26 50 100 18 96 0 84 10 78 54 96 39 37 4 84 34 45 21 64 97 45 34 97 8 109 59 104 48 54 74 13 103 18 103 53 34 72 108 38 86 69 9 61 56 71 55 35 80 45 31 108 63 22 17 77 41 109 41 2 88 10 76 82 1 7 67 93 48 66 27 24 54 75 15 12 55 48 42 61 12 25 29 81 10 89 65 51 24 92 96 33 33 104 73 59 109
run=8 seed=7 k=110 f=0
34 30 19 81 45 93 48 57 52 13 97 31 81 63 1 9 68 16 69 34 24 16 88 24 19 10 71 61 47 90 2 14 1 3 55 55 54 72 42 18 19 75 13 64 88 27 103 47 30 34 3 102 79 91 109 55 90 30 1 85 15 41 59 8 88 47 106 5 31 78 50 23 83 27 41 61 93 75 40 84 94 43 50 6 109 69 75 36 109 64 11 84 107 63 26 17 71 64 23 51 73 80 103 48 107 23 43 95 98 72 46 57 104 100 66 80 99 0 39 9
run=9 seed=8 k=110 f=0
8 15 89 99 76 82 14 72 109 33 87 109 49 67 33 74 79 109 108 13 95 7 107 62 0 47 44 98 65 24 83 22 27 40 61 89 3 89 100 15 80 33 35 18 28 63 93 73 109 0 102 26 69 82 20 69 60 64 52 17 102 4 89 11 14 83 37 36 84 24 69 59 100 81 104 59 103 56 42 49 48 19 59 85 32 80 0 8 8 78 1 52 37 25 40 15 108 76 97 47 100 48 55 70 21 7 98 1 28 28 57 68 91 7 46 53 56 1 38 95
run=10 seed=9 k=110 f=0
47 37 45 78 0 83 40 67 102 41 42 53 108 94 7 85 109 98 56 59 5 30 102 92 63 109 74 73 72 79 109 32 3 72 35 66 26 9 109 53 87 3 17 16 99 88 60 23 79 16 65 84 11 96 21 22 91 76 69 33 88 59 8 52 76 42 39 14 65 25 41 95 70 13 9 49 102 105 40 91 82 0 87 97 1 89 11 56 55 92 100 52 70 51 12 33 8 37 109 29 6 103 14 1 48 58 61 65 54 22 55 30 47 21 78 107 66 24 27 20
run=11 seed=10 k=110 f=0
108 38 2 20 108 87 45 23 67 53 33 109 74 83 92 12 61 37 93 88 48 109 107 31 84 52 62 103 75 51 7 53 57 58 10 75 35 55 10 100 109 42 75 23 57 94 0 43 20 109 8 68 23 85 18 32 64 93 30 62 70 80 37 17 18 14 4 109 45 36 61 10 97 70 72 87 36 51 75 27 1 102 66 94 100 27 0 90 11 66 47 81 96 3 69 107 85 76 85 62 104 97 15 51 42 75 82 17 1 29 77 62 48 44 0 67 39 6 94 20
run=12 seed=11 k=110 f=0
33 84 13 64 53 8 96 101 90 3 33 17 108 71 26 24 21 39 83 78 98 15 89 91 75 35 2 28 5 0 106 16 19 108 102 71 92 73 106 13 38 25 46 0 94 8 86 45 0 103 54 59 33 72 109 65 39 37 2 93 43 108 107 77 3 78 55 39 93 78 98 66 97 62 45 66 43 65 54 49 58 1 0 67 18 35 83 44 55 37 26 59 15 63 46 28 56 99 108 84 24 78 83 32 74 18 50 6 15 21 94 45 12 89 72 101 81 71 38 68
run=13 seed=12 k=110 f=0
30 30 33 6 33 23 67 63 87 6 78 0 107 84 91 21 77 47 57 30 32 107 101 87 38 52 92 106 53 71 19 46 0 56 39 67 40 0 6 17 46 30 103 105 4 17 2 14 64 14 86 62 83 76 45 44 18 109 50 11 103 4 86 98 99 58 39 103 71 25 30 21 60 89 36 74 26 80 10 55 109 42 51 19 20 96 99 48 108 85 91 9 90 72 38 9 78 71 92 93 8 25 44 32 67 12 51 97 68 96 10 62 65 81 39 77 24 100 90 3
run=14 seed=13 k=110 f=0
30 61 10 1 30 64 78 5 82 18 75 42 60 74 21 23 97 38 24 35 67 45 59 16 14 64 13 70 33 99 81 44 74 22 107 97 19 74 59 0 82 61 105 9 48 30 69 54 42 109 88 11 23 38 57 37 52 4 75 81 103 93 89 86 1 10 105 20 89 19 93 62 80 3 108 106 45 68 41 19 6 73 90 71 14 97 64 107 96 87 46 90 94 83 37 27 27 104 14 47 16 1 24 25 49 38 1 12 107 57 55 87 6 67 34 45 48 52 100 34
run=15 seed=14 k=110 f=0
3 102 91 12 91 34 85 98 73 56 89 84 60 29 69 85 107 63 55 81 0 68 69 20 40 22 20 75 73 43 65 49 79 35 62 41 51 39 31 35 99 29 2 98 50 106 77 88 17 78 33 101 80 47 10 109 82 17 0 48 78 43 28 71 69 91 11 37 20 9 87 58 108 53 23 77 4 51 57 14 62 54 33 105 48 101 84 10 100 56 109 2 108 27 22 71 26 29 7 74 29 15 19 77 51 109 96 94 9 63 82 40 19 8 89 48 0 61 41 45
run=16 seed=15 k=110 f=0
0 2 47 108 99 7 89 93 14 58 34 42 44 68 56 5 49 14 38 77 25 40 41 50 70 82 88 82 100 18 15 5 30 10 0 88 0 98 61 13 95 0 98 65 90 58 76 72 76 38 93 42 59 100 6 70 34 61 21 24 15 79 108 97 18 72 104 39 109 106 5 23 35 103 66 80 93 22 96 102 9 73 106 68 26 52 77 12 64 85 47 46 109 88 71 59 62 95 59 54 44 50 77 87 36 22 16 27 83 30 96 3 35 105 75 59 21 107 53 30
run=17 seed=16 k=110 f=0
86 103 54 12 109 23 68 29 46 6 19 85 89 31 0 50 39 94 92 3 43 88 101 74 8 29 38 32 55 63 18 82 35 78 77 16 11 68 6 54 78 108 29 43 72 99 1 1 81 95 4 13 37 21 65 44 50 57 63 13 99 65 84 58 55 96 101 24 96 46 12 107 78 14 10 71 45 70 93 61 62 63 49 31 40 26 24 75 83 23 108 73 33 107 98 59 95 91 39 109 98 53 69 1 70 0 19 4 25 36 75 73 58 0 9 10 108 48 86 108
run=18 seed=17 k=110 f=0
35 10 107 61 69 19 10 101 50 24 1 25 79 6 68 14 8 57 51 67 46 21 33 108 109 3 108 20 73 55 34 20 43 29 109 72 35 60 92 42 31 41 46 0 1 42 80 97 97 47 10 32 25 90 14 68 89 95 90 50 32 39 47 68 63 71 10 6 77 4 43 76 28 21 63 57 62 102 73 83 107 83 57 65 14 36 0 28 34 90 21 87 19 0 84 51 76 26 109 85 61 4 16 21 27 97 107 105 64 73 14 19 87 72 71 78 98 33 49 54
run=19 seed=18 k=110 f=0
38 56 55 66 36 8 77 72 27 47 46 109 3 103 73 65 80 50 51 63 36 40 107 59 56 46 21 108 76 64 65 102 109 100 21 89 22 66 74 64 2 9 37 1 25 109 5 79 89 93 47 86 47 21 78 93 43 6 71 22 0 93 26 16 21 9 68 89 1 33 39 38 84 77 85 104 55 103 92 73 64 35 0 43 80 87 31 69 84 53 12 55 101 77 95 55 18 97 98 19 62 28 58 40 37 8 29 45 44 12 81 104 88 17 74 30 2 16 99 12
run=20 seed=19 k=110 f=0
9 18 108 30 77 109 44 33 57 35 94 72 65 96 79 4 100 54 1 27 17 106 34 72 106 99 1 52 23 85 93 105 61 90 29 32 86 74 77 3 10 54 48 100 104 3 26 22 14 0 90 83 0 70 14 69 29 53 48 5 29 37 91 14 54 51 90 73 55 48 94 13 66 20 77 19 20 43 15 10 86 39 85 42 38 31 108 39 9 98 68 48 107 97 107 56 31 87 14 84 99 38 102 76 60 69 1 78 25 17 3 62 59 82 9 47 50 62 43 40
