run=1 seed=0 k=101 f=0
0 35 59 15 55 61 100 25 80 91 76 39 60 3 98 83 1 76 88 100 84 58 47 51 8 68 30 7 16 11 51 18 42 72 97 18 26 100 55 51 76 0 76 29 88 92 84 70 81 77 32 84 100 7 12 41 48 34 92 80 46 46 66 34 32 7 8 64 75 72 94 42 15 69 37 24 27 91 77 44 11 33 60 27 39 89 36 97 24 20 100 4 37 16 47 69 81 0 94 57 45 29 61 14 89 67 4 95 99 51 68 88 0 53 17 99 42 46 22 60
run=2 seed=1 k=101 f=0
0 35 59 15 55 61 100 25 80 91 76 39 60 3 98 83 1 76 88 100 84 58 47 51 8 68 30 7 16 11 51 18 42 72 97 18 26 100 55 51 76 0 76 29 88 92 84 70 81 77 32 84 100 7 12 41 48 34 92 80 46 46 66 34 32 7 8 64 75 72 94 42 15 69 37 24 27 91 77 44 11 33 60 27 39 89 36 97 24 20 100 4 37 16 47 69 81 0 94 57 45 29 61 14 89 67 4 95 99 51 68 88 0 53 17 99 42 46 22 60
run=3 seed=2 k=101 f=0
89 46 0 54 0 52 60 100 64 40 21 54 30 20 32 58 24 35 83 72 16 44 68 41 81 45 9 92 89 75 73 47 19 69 5 66 92 21 36 59 28 30 29 27 83 80 12 0 82 90 46 47 20 37 12 86 39 32 11 70 83 85 50 63 74 51 100 16 77 96 42 32 45 22 0 9 68 13 94 17 24 9 64 16 89 80 100 62 74 64 50 91 2 74 60 100 10 86 7 73 7 96 39 37 42 28 66 1 0 27 24 19 37 54 98 10 98 59 54 85
run=4 seed=3 k=101 f=0
82 65 67 27 81 16 41 93 76 46 63 88 67 59 100 10 80 71 76 87 60 100 73 94 29 17 10 85 0 7 38 30 7 71 97 37 98 0 68 88 49 23 82 62 18 12 33 25 75 8 81 16 32 90 69 45 86 38 21 54 65 34 100 85 87 22 53 53 25 18 32 69 46 98 81 60 34 0 52 73 44 36 93 78 23 27 2 94 58 57 98 20 30 51 10 16 28 95 70 20 12 17 34 65 60 9 39 0 90 0 90 81 56 94 5 43 47 43 49 43
run=5 seed=4 k=101 f=0
35 22 44 35 71 44 4 59 85 28 15 96 19 80 6 16 85 64 62 20 80 100 99 0 47 79 98 88 65 51 47 46 70 20 56 7 47 87 19 11 54 25 30 25 58 93 42 99 62 88 46 20 41 63 100 80 73 32 37 75 49 74 23 52 77 65 88 9 93 0 25 69 94 1 32 33 65 78 61 27 84 70 13 12 68 55 45 6 14 71 42 78 28 37 92 1 64 0 86 56 69 10 40 71 75 5 97 0 7 54 93 97 96 12 76 13 26 0 35 0
run=6 seed=5 k=101 f=0
74 56 37 75 12 10 56 97 9 22 46 77 79 41 58 64 85 20 67 41 43 87 73 33 93 26 71 82 10 69 100 88 92 30 49 17 65 51 6 31 80 36 42 100 67 0 39 45 1 6 39 58 48 100 2 62 19 36 20 1 65 52 52 65 53 58 83 32 100 32 13 58 40 88 79 22 75 57 2 24 48 93 20 100 43 62 7 24 84 20 97 18 9 90 88 100 1 53 58 28 81 49 90 42 15 93 31 74 10 64 9 46 30 70 10 1 16 27 38 67
run=7 seed=6 k=101 f=0
13 99 72 98 96 6 27 74 21 13 34 50 10 84 25 51 17 31 19 81 40 14 6 54 78 50 16 9 0 82 57 0 98 68 3 47 34 0 77 100 2 58 77 61 87 55 4 37 74 60 80 23 4 80 65 37 66 44 55 98 86 44 30 92 69 86 83 62 72 8 51 49 20 98 100 41 59 2 65 82 26 87 27 32 32 68 49 58 1 23 57 90 47 100 88 20 0 9 42 70 62 50 17 85 95 34 92 72 90 43 90 16 18 61 48 75 33 65 43 39
run=8 seed=7 k=101 f=0
17 80 99 64 87 61 16 61 92 53 7 31 14 73 38 8 40 68 9 100 68 26 20 95 48 73 54 67 53 95 89 32 74 83 33 51 59 22 80 13 21 16 30 1 0 39 72 85 73 22 60 24 36 3 42 44 48 70 97 1 25 80 61 53 31 79 25 0 61 96 1 12 41 99 49 46 2 100 0 75 38 11 48 66 56 24 47 93 30 56 64 20 39 5 88 31 17 80 40 32 40 35 78 79 53 96 83 100 84 55 2 87 57 99 22 45 46 87 9 88
run=9 seed=8 k=101 f=0
23 21 78 100 59 88 6 29 61 34 93 35 38 89 65 74 71 30 29 24 89 63 41 97 92 23 65 90 84 13 67 49 3 82 54 71 31 83 43 63 86 49 30 64 37 18 42 79 21 14 14 77 95 54 71 96 64 4 9 7 28 19 58 55 18 76 12 39 1 0 5 87 49 3 0 79 21 38 81 7 61 46 51 75 66 23 43 46 89 24 52 77 1 55 95 100 44 10 100 100 47 73 67 98 36 14 73 57 14 70 85 1 77 45 4 40 32 56 100 29
run=10 seed=9 k=101 f=0
75 28 73 44 34 0 95 48 0 70 5 70 47 25 37 85 34 22 69 12 95 81 0 92 11 88 83 69 44 64 86 95 83 69 2 100 9 65 9 84 59 14 20 30 5 20 40 37 98 23 16 40 14 6 53 50 81 100 18 1 83 44 26 54 49 28 15 37 93 22 3 66 68 92 89 77 11 4 46 23 63 30 61 37 92 84 58 76 14 32 41 75 20 0 32 56 95 81 55 51 54 9 95 66 14 100 37 0 60 53 74 100 78 12 40 62 62 27 46 75
run=11 seed=10 k=101 f=0
7 83 99 38 76 82 32 99 28 1 55 11 92 22 8 50 61 100 99 17 21 75 8 73 90 47 79 58 61 38 73 45 91 92 68 50 36 26 15 80 8 70 7 57 24 84 24 27 100 70 39 31 1 13 97 15 84 100 73 51 30 11 17 20 61 5 36 94 11 94 82 35 69 0 8 70 54 43 35 20 78 77 47 86 43 24 45 13 21 47 0 66 50 72 33 61 100 54 20 23 55 1 2 23 3 38 2 29 78 2 63 88 65 17 34 1 62 30 91 94
run=12 seed=11 k=101 f=0
69 45 70 40 37 48 46 66 14 87 100 61 21 49 33 81 49 93 61 73 63 76 14 13 2 1 25 88 5 11 79 91 77 18 42 32 3 56 91 7 53 21 6 40 58 6 57 86 99 10 93 67 67 28 75 38 84 66 25 70 87 19 91 64 20 51 2 48 16 45 36 56 9 63 84 78 96 26 37 32 15 60 15 98 27 54 57 44 88 1 100 37 30 75 1 11 64 23 33 57 71 95 80 85 19 23 67 53 100 96 27 51 29 46 99 99 79 51 2 76
run=13 seed=12 k=101 f=0
65 60 15 99 34 48 20 48 76 75 24 52 13 86 69 100 48 36 38 30 27 100 79 30 40 57 96 82 11 16 18 85 57 32 100 98 46 63 9 30 68 81 52 17 95 10 0 82 92 27 4 67 76 82 52 25 100 62 22 89 97 10 15 90 21 54 73 54 5 33 51 67 26 3 91 59 14 92 6 74 44 46 0 2 28 98 39 36 90 56 0 39 0 84 83 72 33 23 35 52 91 76 68 87 90 25 21 68 70 64 41 37 10 42 38 4 3 61 45 57
run=14 seed=13 k=101 f=0
96 12 0 73 34 76 6 100 26 83 59 33 29 3 91 0 4 53 0 91 23 69 97 8 48 32 5 86 94 41 71 39 39 94 11 56 80 70 14 57 50 49 100 20 79 86 78 67 37 82 58 93 50 51 61 22 13 28 65 74 55 44 18 99 82 88 29 48 48 46 75 76 62 75 0 88 69 87 38 31 64 99 27 83 8 0 23 67 41 89 23 15 47 3 100 95 56 56 10 71 18 32 19 86 63 100 21 47 9 64 4 21 0 63 91 90 12 28 40 77
run=15 seed=14 k=101 f=0
68 94 49 82 86 13 34 40 65 66 91 87 1 76 69 25 36 53 37 86 58 81 14 75 80 1 25 23 99 11 83 98 99 45 45 59 31 54 79 82 9 68 41 85 47 73 61 46 92 19 72 15 30 10 35 50 100 89 74 25 31 92 52 22 19 45 28 7 100 5 30 34 40 99 19 50 0 18 3 72 14 91 67 43 98 35 91 15 58 26 91 52 65 10 66 23 35 15 2 9 87 99 59 26 97 7 42 1 62 26 89 39 15 75 76 1 100 31 56 59
run=16 seed=15 k=101 f=0
8 13 58 99 9 65 3 61 84 94 94 54 6 78 72 82 36 30 32 7 90 100 19 56 73 90 36 5 74 69 91 17 44 14 43 23 81 48 77 68 99 13 46 99 68 75 88 15 64 81 42 53 52 30 37 59 100 2 59 22 100 21 46 94 86 0 0 26 19 68 38 71 39 12 43 15 31 61 27 84 95 37 23 45 0 87 0 68 9 50 49 52 17 34 58 74 30 0 82 52 71 21 31 11 16 60 26 74 92 66 39 49 80 92 0 79 20 4 100 97
run=17 seed=16 k=101 f=0
100 71 5 100 15 38 79 93 83 52 75 81 52 43 38 89 38 20 78 49 24 38 54 28 25 64 30 45 27 16 57 17 55 51 72 0 38 89 86 22 24 47 63 73 28 0 65 66 70 23 14 90 38 32 66 5 0 2 67 90 9 81 82 47 14 98 92 68 32 19 36 98 32 70 24 60 60 14 95 100 40 91 93 34 6 72 0 43 73 86 49 57 61 79 97 29 34 27 61 45 13 99 1 46 64 7 20 21 62 43 77 55 0 45 50 8 14 8 82 13
run=18 seed=17 k=101 f=0
57 100 83 95 33 48 37 77 12 74 62 67 73 83 0 19 40 70 95 49 79 98 62 64 34 51 6 84 0 5 0 40 36 47 13 18 40 83 71 90 58 83 77 26 71 88 69 76 6 15 59 50 91 6 19 90 97 9 73 30 25 40 52 0 29 0 85 0 100 40 45 72 4 10 18 89 4 44 0 23 5 22 28 17 0 12 65 88 31 33 51 27 49 64 79 28 16 66 44 96 20 57 92 82 95 57 17 65 87 58 74 42 9 36 51 10 74 52 44 30
run=19 seed=18 k=101 f=0
56 96 87 99 74 33 22 14 51 48 100 80 21 83 70 85 45 10 65 95 64 82 11 100 51 42 21 86 71 66 18 30 44 46 37 25 72 37 8 19 39 4 68 72 34 36 55 16 82 0 41 100 80 10 91 0 57 67 62 17 26 40 78 51 0 15 88 70 0 35 72 80 63 0 74 58 10 95 2 29 99 17 43 44 15 28 57 76 29 90 49 88 0 92 91 8 73 5 33 20 86 28 60 88 93 66 48 9 29 63 39 56 59 30 4 78 78 49 51 72
run=20 seed=19 k=101 f=0
45 100 74 38 97 99 6 75 27 83 4 71 40 19 23 100 17 79 20 81 28 68 68 0 0 91 38 70 47 14 8 11 73 31 43 29 95 51 6 34 44 28 76 55 45 86 53 64 81 82 65 10 35 46 30 0 11 39 27 0 10 40 52 48 92 57 86 50 75 80 74 58 22 49 41 34 1 93 76 82 61 65 90 55 13 88 63 99 100 97 51 95 72 21 100 1 32 1 82 13 95 22 37 88 93 53 60 58 84 18 48 11 16 27 64 35 56 62 24 99
