run=1 seed=0 k=102 f=0
92 100 9 91 96 60 63 47 25 35 56 17 20 19 29 1 94 28 40 41 97 8 87 69 76 18 8 77 83 78 17 66 78 52 101 31 37 10 55 80 73 3 36 20 0 84 97 99 0 0 90 28 43 39 72 57 68 58 10 73 27 88 32 3 2 80 10 14 89 101 96 99 48 81 19 13 44 37 21 38 46 46 66 92 86 35 1 53 57 33 23 0 58 48 66 29 46 34 40 65 74 69 62 71 64 57 77 86 101 75 23 68 25 42 53 51 100 28 8 53
run=2 seed=1 k=102 f=0
92 100 9 91 96 60 63 47 25 35 56 17 20 19 29 1 94 28 40 41 97 8 87 69 76 18 8 77 83 78 17 66 78 52 101 31 37 10 55 80 73 3 36 20 0 84 97 99 0 0 90 28 43 39 72 57 68 58 10 73 27 88 32 3 2 80 10 14 89 101 96 99 48 81 19 13 44 37 21 38 46 46 66 92 86 35 1 53 57 33 23 0 58 48 66 29 46 34 40 65 74 69 62 71 64 57 77 86 101 75 23 68 25 42 53 51 100 28 8 53
run=3 seed=2 k=102 f=0
58 55 78 90 30 24 96 100 70 9 90 83 0 53 98 99 32 92 51 95 32 75 17 71 26 39 80 101 64 1 33 11 101 61 61 84 64 21 18 85 3 35 72 44 88 83 30 13 72 56 37 38 63 0 79 46 41 1 44 94 43 54 57 61 93 77 33 56 98 27 12 2 8 83 52 60 0 67 93 49 7 7 42 53 100 48 23 14 24 86 41 41 93 9 77 85 24 32 9 76 38 15 73 10 80 70 54 6 38 16 68 65 0 29 18 0 48 19 13 74
run=4 seed=3 k=102 f=0
20 99 75 99 45 70 90 101 51 67 0 4 90 17 57 15 18 36 82 69 73 66 4 6 24 9 23 58 15 22 36 34 92 55 101 39 25 101 10 48 22 50 62 77 82 43 12 101 18 48 43 25 10 32 32 46 63 33 68 78 71 1 97 17 31 3 55 92 76 26 61 7 87 29 76 69 39 45 77 66 88 0 50 99 0 56 6 31 84 94 49 60 39 10 98 81 75 27 36 63 42 4 63 59 42 90 49 27 53 19 85 39 19 35 70 47 65 89 0 86
run=5 seed=4 k=102 f=0
56 34 52 61 30 34 67 80 71 95 64 42 0 73 6 40 100 48 101 36 71 58 60 73 51 37 87 68 54 2 88 54 93 23 22 27 46 87 77 65 69 88 63 9 43 14 33 16 54 74 82 39 53 99 1 75 64 89 44 96 19 97 25 23 0 93 64 21 13 35 41 7 0 76 47 59 53 82 34 47 5 81 7 61 19 67 85 35 28 101 87 96 20 30 49 12 26 44 71 70 47 41 12 78 56 60 96 13 15 0 51 18 98 79 21 84 91 26 79 2
run=6 seed=5 k=102 f=0
20 71 48 9 68 94 27 90 95 0 101 94 24 24 32 26 33 13 100 32 98 79 57 69 87 60 82 1 25 42 38 61 40 70 7 6 16 81 27 48 62 17 47 78 30 55 14 49 49 91 64 81 12 37 88 99 69 95 1 85 10 35 15 85 81 60 58 41 39 44 0 72 99 62 1 72 58 65 77 26 54 76 80 2 88 6 93 33 0 51 14 22 3 91 35 40 90 67 58 2 8 63 74 23 61 101 101 20 49 85 30 101 59 9 95 30 19 67 52 70
run=7 seed=6 k=102 f=0
59 98 82 46 77 25 40 1 18 16 10 91 63 61 28 86 0 78 65 31 9 70 40 0 7 73 42 58 29 34 1 79 16 78 85 7 36 45 46 8 21 65 10 41 87 26 57 84 15 95 49 100 47 64 4 27 2 31 90 6 18 33 60 54 30 53 97 70 49 35 40 56 67 58 94 57 35 50 80 93 82 35 22 41 98 20 24 101 9 101 73 49 94 76 0 28 74 91 75 21 93 16 55 17 13 69 85 49 95 101 7 56 32 70 65 72 0 85 42 73
run=8 seed=7 k=102 f=0
88 23 54 30 65 9 23 6 77 19 17 1 97 83 100 54 21 80 62 34 62 59 13 0 91 39 53 14 11 44 45 100 19 101 48 76 18 75 25 9 13 76 94 29 32 69 36 50 32 72 89 58 75 0 40 1 3 37 42 29 82 15 79 100 101 25 38 86 0 95 0 12 44 7 82 36 34 99 2 28 46 7 6 101 68 19 70 46 91 89 6 27 84 52 56 11 78 62 66 72 53 10 52 96 63 92 43 69 63 46 19 82 85 22 60 70 16 94 101 86
run=9 seed=8 k=102 f=0
0 11 68 59 14 13 8 101 34 62 84 0 9 91 39 38 86 22 21 75 15 65 51 76 7 25 38 76 49 18 41 66 85 29 26 37 67 99 9 9 50 77 53 55 86 42 74 46 22 100 81 55 31 17 2 83 44 66 60 67 41 4 31 94 94 29 29 20 36 26 15 7 80 88 57 42 80 91 75 17 59 50 68 88 2 19 70 62 86 51 72 0 55 76 101 90 61 12 9 100 38 97 33 42 0 48 32 25 16 94 35 77 101 63 20 64 2 26 94 97
run=10 seed=9 k=102 f=0
83 16 38 13 8 27 94 90 54 74 8 35 28 43 96 23 35 12 89 1 45 101 85 18 69 48 84 77 94 48 46 18 56 19 3 38 98 61 99 26 32 58 62 95 70 43 0 5 37 68 101 82 39 60 55 84 1 52 57 84 41 77 6 50 72 22 66 70 17 24 81 39 44 51 74 12 63 31 16 11 77 77 1 11 3 66 101 78 88 65 61 63 72 10 44 50 57 101 20 0 8 33 0 46 68 32 88 25 101 30 5 23 101 21 87 101 4 28 94 91
run=11 seed=10 k=102 f=0
79 63 30 47 84 69 24 54 20 101 35 43 84 56 5 50 85 3 47 99 42 101 93 13 0 56 16 88 66 18 3 62 57 61 78 30 99 47 39 66 0 74 85 23 21 1 79 96 6 16 19 48 78 37 32 49 14 76 55 82 33 75 18 49 74 68 87 40 23 52 24 48 34 58 45 12 0 43 101 96 4 74 42 91 90 33 38 50 101 9 101 71 25 61 60 73 27 83 0 10 32 68 25 29 57 71 36 76 66 10 39 65 54 54 96 37 91 95 12 9
run=12 seed=11 k=102 f=0
17 101 16 36 74 9 73 90 66 41 57 7 62 62 69 43 61 92 86 101 19 64 84 0 101 7 25 20 101 2 1 46 68 43 86 39 12 0 52 77 16 51 31 56 9 21 100 47 90 101 75 4 39 85 26 55 71 34 28 24 74 83 71 61 25 97 31 75 53 0 69 84 24 30 29 32 100 4 52 30 80 58 49 93 7 15 13 40 27 81 63 11 35 47 94 25 73 94 42 77 5 14 85 94 97 93 79 41 12 0 25 78 82 39 58 99 49 71 65 45
run=13 seed=12 k=102 f=0
80 20 97 22 26 15 73 64 69 0 41 85 10 56 38 94 101 57 56 101 25 35 16 67 72 79 33 75 1 95 98 48 89 101 94 43 94 51 4 23 82 12 10 33 68 15 26 100 30 66 91 82 35 0 101 82 18 87 48 67 26 40 55 77 30 39 24 83 71 51 73 91 10 86 87 24 32 63 41 52 101 31 48 36 64 44 13 74 51 5 13 3 69 79 37 1 29 43 77 47 63 58 21 5 1 6 87 40 2 59 69 88 0 99 85 49 8 54 60 63
run=14 seed=13 k=102 f=0
4 17 51 60 21 87 46 71 89 41 5 79 33 64 74 101 63 77 73 55 71 57 72 48 81 40 63 25 17 12 8 46 24 66 5 41 79 25 63 92 18 25 40 68 59 32 93 97 44 86 7 57 96 8 80 31 3 53 18 90 100 0 8 63 33 12 57 12 73 28 79 27 92 33 40 50 14 16 44 85 12 25 74 37 1 68 101 42 98 1 85 19 52 88 96 101 67 69 62 37 79 84 47 37 76 35 61 98 25 79 44 16 0 70 87 9 0 99 49 28
run=15 seed=14 k=102 f=0
14 14 35 101 79 21 81 24 85 94 89 93 20 6 79 23 14 62 8 65 12 42 65 80 100 61 46 34 11 99 59 77 90 50 50 65 0 31 53 101 24 71 38 36 27 14 65 101 61 17 35 62 73 0 19 75 93 92 32 80 51 94 44 30 73 67 0 30 73 19 44 96 49 3 34 1 25 71 75 0 40 7 5 4 86 57 39 27 25 17 31 3 83 47 97 74 93 53 61 85 24 7 45 5 22 88 101 84 57 72 27 92 51 12 101 46 44 53 68 82
run=16 seed=15 k=102 f=0
10 51 49 28 86 99 64 1 80 58 67 101 44 26 88 17 26 55 41 10 79 73 3 88 76 74 40 9 54 96 41 88 61 6 52 52 72 35 84 18 32 78 1 1 78 44 84 28 81 101 15 36 61 20 14 57 99 54 66 7 93 93 39 39 15 62 78 101 101 36 0 62 66 24 30 64 4 44 100 60 20 0 21 65 101 28 91 94 58 48 72 52 1 89 93 53 86 67 88 32 32 24 43 10 74 70 21 66 86 94 14 37 101 10 91 70 12 19 29 82
run=17 seed=16 k=102 f=0
4 57 38 29 0 26 55 78 67 60 36 93 55 39 100 27 75 76 81 98 71 71 97 50 61 61 52 4 24 0 25 26 90 101 45 43 47 89 97 86 2 14 81 101 90 43 23 63 98 4 84 67 49 13 28 63 78 47 52 4 87 0 37 96 21 95 35 17 17 33 38 5 54 14 8 48 8 19 12 32 56 50 72 39 66 62 95 17 74 31 13 59 12 35 75 4 13 0 49 69 7 93 73 0 54 81 26 41 81 92 83 20 35 17 18 10 83 88 101 25
run=18 seed=17 k=102 f=0
37 55 77 43 52 11 2 88 32 63 42 38 5 6 0 51 101 3 31 21 89 35 81 92 11 53 10 35 92 7 26 1 45 49 0 63 27 47 88 76 57 100 38 20 64 58 74 101 61 35 30 28 44 85 14 67 37 72 62 0 62 61 22 82 79 52 54 82 88 73 40 74 30 71 15 96 46 84 92 60 23 7 95 79 17 57 19 22 25 21 4 97 15 80 50 71 11 90 51 97 9 82 67 52 85 81 101 46 42 67 93 16 3 86 86 70 101 26 72 38
run=19 seed=18 k=102 f=0
21 50 91 29 46 76 45 81 0 33 64 57 9 80 37 100 82 36 53 86 66 25 48 61 75 100 31 85 22 51 94 55 101 57 51 30 99 75 88 91 66 75 61 93 35 36 72 1 46 3 86 9 26 84 64 101 1 61 21 31 67 70 4 47 44 39 13 69 0 8 35 100 56 19 91 18 70 44 35 16 39 62 3 93 82 69 26 97 11 17 74 14 18 55 0 27 66 42 2 83 30 8 101 101 73 101 63 41 27 20 32 50 74 96 14 86 76 43 58 42
run=20 seed=19 k=102 f=0
41 100 96 71 42 66 27 23 54 11 34 47 16 64 10 61 83 23 89 78 23 59 29 55 38 37 98 37 17 68 19 66 0 101 31 80 0 8 101 92 36 7 80 96 74 7 77 10 89 79 93 101 13 15 23 3 81 21 14 26 92 72 98 82 18 101 33 18 78 11 28 3 49 5 94 1 1 15 3 9 73 0 65 80 51 84 49 63 87 40 64 85 56 31 43 68 28 30 101 87 47 87 56 70 73 85 39 50 76 44 13 22 91 76 0 46 62 0 57 61
