run=1 seed=0 k=89 f=0
35 54 36 57 73 88 82 86 72 48 55 23 34 35 23 2 5 79 0 33 87 74 26 42 11 66 24 77 37 46 0 62 65 51 59 50 51 42 14 30 38 15 22 57 67 41 65 9 13 44 17 11 11 9 5 88 63 66 53 3 32 14 36 71 83 5 27 5 20 43 57 80 46 70 21 66 81 72 76 49 88 16 30 60 7 51 68 69 0 6 76 12 79 23 29 0 17 48 69 21 70 36 79 88 84 88 71 62 85 28 25 77 45 87 82 19 88 30 38 42
run=2 seed=1 k=89 f=0
35 54 36 57 73 88 82 86 72 48 55 23 34 35 23 2 5 79 0 33 87 74 26 42 11 66 24 77 37 46 0 62 65 51 59 50 51 42 14 30 38 15 22 57 67 41 65 9 13 44 17 11 11 9 5 88 63 66 53 3 32 14 36 71 83 5 27 5 20 43 57 80 46 70 21 66 81 72 76 49 88 16 30 60 7 51 68 69 0 6 76 12 79 23 29 0 17 48 69 21 70 36 79 88 84 88 71 62 85 28 25 77 45 87 82 19 88 30 38 42
run=3 seed=2 k=89 f=0
42 65 18 73 61 1 44 39 10 52 53 23 50 28 80 49 42 73 7 48 65 68 35 79 76 50 2 5 47 88 14 69 51 14 11 21 28 82 35 58 62 63 8 12 54 81 3 88 11 7 87 71 88 35 81 59 2 87 6 0 7 20 16 59 73 36 65 32 37 55 25 87 83 41 28 16 88 58 67 31 68 0 38 81 0 8 0 26 27 49 83 19 73 19 44 60 74 41 12 30 77 22 34 24 53 21 40 83 0 57 36 64 27 69 0 37 88 75 46 80
run=4 seed=3 k=89 f=0
35 38 44 68 14 23 74 29 17 6 88 84 1 88 31 41 88 67 29 83 9 42 25 84 70 0 22 81 61 55 56 74 1 4 41 64 72 61 13 0 6 47 68 75 74 49 82 46 29 22 78 20 20 60 47 63 19 60 46 19 30 31 80 39 78 82 56 57 76 73 21 40 88 59 12 39 32 9 35 70 50 79 0 11 68 27 54 47 88 21 88 65 38 52 58 87 46 26 70 18 24 33 35 65 5 63 11 13 1 36 76 53 88 46 9 11 10 1 27 11
run=5 seed=4 k=89 f=0
30 59 34 88 63 9 73 47 9 31 15 1 23 54 47 88 38 24 36 77 49 21 21 62 44 25 87 34 21 8 73 65 44 29 77 88 72 31 78 10 11 78 48 53 88 0 62 18 6 61 35 86 29 52 14 1 63 73 50 86 10 79 0 86 56 81 71 22 45 15 72 52 37 31 84 42 20 5 82 26 50 68 20 41 0 8 68 68 79 52 65 35 41 88 28 55 82 57 29 14 84 38 56 30 5 0 15 13 64 42 67 4 6 81 40 0 16 71 51 59
run=6 seed=5 k=89 f=0
88 1 19 0 64 59 69 53 81 81 88 37 23 25 7 30 26 51 53 41 63 79 0 70 71 39 0 79 14 29 60 32 1 60 2 35 88 68 20 15 29 74 54 77 71 24 37 11 46 76 50 33 85 12 39 49 35 85 8 0 8 21 48 85 64 7 26 9 58 58 39 19 6 62 3 72 45 41 37 52 80 55 30 86 14 30 87 84 30 19 45 65 15 79 6 57 88 72 60 15 26 9 23 76 72 9 0 40 57 46 66 64 15 85 45 44 88 44 22 66
run=7 seed=6 k=89 f=0
0 34 50 88 57 85 36 32 65 82 88 50 48 48 80 7 81 36 48 17 0 63 35 19 73 30 70 0 68 76 80 80 30 82 88 12 56 40 88 21 69 11 23 67 7 55 47 58 63 68 36 75 73 13 40 15 71 27 1 1 21 14 64 46 38 11 76 26 6 62 30 50 23 48 22 7 63 52 15 52 73 41 62 34 78 82 32 20 21 4 24 2 80 26 54 88 70 8 58 43 0 28 26 57 9 15 2 42 88 74 86 59 48 19 88 5 0 41 26 41
run=8 seed=7 k=89 f=0
47 78 9 0 23 35 73 87 59 55 53 46 12 35 75 52 2 61 8 48 64 30 23 88 68 88 79 42 31 78 87 23 69 22 28 81 29 21 63 88 45 0 39 24 60 14 47 55 88 27 68 9 47 36 84 15 57 59 74 59 27 81 32 43 30 43 0 71 46 88 74 37 9 34 64 54 78 75 45 18 15 43 10 72 0 80 64 26 66 58 38 3 1 77 23 48 70 31 11 39 0 6 21 53 81 0 37 24 87 81 37 18 31 65 19 17 52 40 52 38
run=9 seed=8 k=89 f=0
53 65 19 66 35 34 24 14 3 13 66 58 69 82 74 88 34 24 26 24 63 43 52 9 15 57 7 57 72 88 24 86 18 83 20 43 39 27 4 0 37 29 9 0 16 73 7 67 57 0 38 50 52 36 74 34 49 44 66 9 67 73 4 47 75 80 82 60 62 33 84 43 39 6 56 51 29 30 25 12 88 29 40 40 20 25 41 17 88 62 13 33 11 87 64 0 48 79 48 63 59 76 0 75 79 5 77 1 78 50 17 43 81 44 31 58 10 80 88 85
run=10 seed=9 k=89 f=0
43 19 79 9 52 0 31 76 26 41 88 0 88 67 29 66 80 59 61 13 69 0 36 53 87 64 61 48 35 42 88 40 23 83 0 14 41 4 88 72 33 82 62 31 69 59 14 69 66 39 60 86 82 72 15 73 76 59 5 46 21 10 13 87 6 9 81 69 31 66 82 83 18 0 51 40 9 74 27 37 28 88 30 54 72 78 22 28 0 64 50 6 22 51 20 14 11 35 10 4 48 24 71 43 67 60 30 56 49 45 33 54 40 57 4 38 19 20 77 54
run=11 seed=10 k=89 f=0
64 12 10 19 39 0 28 0 58 19 84 53 17 55 26 87 52 79 80 41 41 20 9 11 74 43 6 56 36 71 3 72 88 5 13 33 0 25 57 60 67 44 85 22 48 48 39 44 43 82 67 29 62 73 7 63 9 17 24 19 82 58 0 30 18 84 72 25 0 74 86 17 38 15 12 49 73 5 66 21 41 66 76 65 0 81 44 29 0 88 25 32 71 54 11 34 42 78 28 48 67 79 8 37 34 88 63 27 29 88 50 53 35 75 22 53 34 61 67 84
run=12 seed=11 k=89 f=0
64 38 73 9 68 43 59 77 19 21 10 36 68 52 16 84 39 0 70 83 0 23 9 57 31 37 72 9 69 42 27 36 87 15 3 36 47 57 11 47 53 16 88 50 1 68 4 19 76 25 49 81 82 80 42 83 85 0 88 85 80 71 52 11 1 62 78 61 13 57 62 2 24 61 87 30 62 6 64 55 22 0 18 51 88 7 32 79 88 72 45 50 32 11 80 40 46 29 28 15 43 53 0 25 21 88 24 64 75 44 34 64 58 5 70 29 53 58 75 72
run=13 seed=12 k=89 f=0
45 88 9 88 23 73 51 77 23 3 65 18 64 79 55 7 55 87 81 85 41 44 85 37 40 68 71 74 43 25 20 6 0 72 87 18 57 37 66 20 7 51 78 54 29 14 3 61 14 79 30 69 5 29 38 11 6 0 28 61 88 67 71 48 50 22 10 32 60 3 88 47 33 57 36 56 50 77 14 42 38 46 57 32 43 11 33 0 37 59 26 55 73 83 75 50 35 75 7 24 16 83 71 77 26 11 26 49 62 61 68 18 66 0 42 27 0 88 0 7
run=14 seed=13 k=89 f=0
14 64 53 44 34 88 22 15 27 57 72 18 46 69 24 50 6 32 79 55 40 42 60 26 27 7 88 10 54 63 55 64 38 58 63 48 9 85 22 29 32 0 47 65 27 81 31 0 36 78 32 15 4 69 81 18 18 78 36 81 10 20 18 44 68 27 56 10 40 62 15 40 74 85 6 88 1 84 68 22 73 88 40 28 55 11 75 68 34 88 4 48 54 63 40 75 33 74 36 5 36 77 45 88 44 48 0 2 41 0 49 62 73 24 15 9 16 24 87 54
run=15 seed=14 k=89 f=0
63 52 48 39 55 46 68 6 74 87 28 80 0 39 70 35 11 0 39 20 79 34 63 56 88 20 1 88 2 75 78 86 88 24 33 15 26 83 0 58 60 67 6 72 13 15 83 79 52 31 23 17 44 56 75 45 70 19 71 57 37 84 78 18 23 88 30 53 49 28 77 11 24 45 49 87 67 42 48 42 50 63 61 21 45 35 81 48 8 0 69 60 40 10 8 62 19 27 88 53 17 12 13 26 64 24 18 28 6 0 56 79 70 33 35 6 88 40 3 0
run=16 seed=15 k=89 f=0
7 28 58 76 22 0 70 48 65 84 9 14 64 71 68 13 85 38 53 54 83 32 46 18 4 9 88 58 68 75 1 31 44 5 78 35 45 53 83 26 66 84 81 27 75 39 88 77 85 42 77 16 40 51 33 10 35 35 55 40 61 49 64 11 12 58 61 15 63 47 1 2 85 71 58 30 50 69 20 69 22 0 49 30 42 88 38 47 33 64 73 81 0 10 59 24 36 46 1 55 23 43 54 9 47 9 73 20 77 25 52 18 65 16 13 88 85 20 88 0
run=17 seed=16 k=89 f=0
19 13 70 88 6 6 46 36 41 52 88 58 35 42 38 41 38 34 0 82 24 53 31 58 66 0 16 26 40 0 65 49 49 5 11 88 52 81 35 63 82 82 59 71 82 75 67 78 27 24 67 83 52 33 18 19 43 74 6 15 22 88 48 66 12 63 27 3 0 7 20 67 54 26 12 44 30 10 88 51 76 52 43 33 71 86 72 7 10 42 62 59 72 14 53 0 88 28 73 82 85 30 49 54 3 58 60 77 1 18 8 79 1 8 72 40 61 26 35 20
run=18 seed=17 k=89 f=0
39 88 0 32 50 7 46 74 51 21 9 69 70 74 48 33 49 0 18 1 85 35 58 84 43 21 81 78 48 21 48 36 26 26 87 77 78 55 10 12 49 0 20 50 9 16 3 57 88 12 23 0 30 66 37 64 16 16 22 14 31 20 2 35 34 8 69 69 44 54 81 22 12 83 87 64 56 62 82 70 85 41 56 60 27 33 27 63 88 55 1 61 29 45 42 0 39 8 40 88 81 12 80 65 7 63 37 28 74 80 83 73 0 8 68 44 58 29 17 36
run=19 seed=18 k=89 f=0
67 82 9 88 85 13 28 32 24 42 75 40 36 6 30 16 20 23 19 58 83 84 65 29 29 0 19 40 55 10 9 85 45 4 13 54 19 9 33 36 68 24 66 37 73 15 61 74 81 73 47 26 3 40 32 76 28 40 75 6 31 0 9 51 7 55 85 70 55 14 25 8 79 42 52 85 79 4 53 88 61 47 20 73 42 69 70 13 65 37 0 43 71 0 76 60 28 35 65 58 88 18 81 46 59 63 51 0 87 79 46 19 57 16 35 60 56 0 50 3
run=20 seed=19 k=89 f=0
88 68 53 0 82 81 67 85 29 43 33 13 11 60 69 61 26 7 12 20 52 1 8 23 70 35 0 5 69 61 59 68 69 49 66 60 61 23 78 48 87 78 8 49 14 40 25 1 45 26 58 13 32 88 52 82 88 52 41 24 65 75 34 58 52 41 34 47 2 46 0 78 40 88 16 38 31 19 80 85 5 62 77 88 18 84 75 76 18 71 29 55 3 71 66 32 28 83 49 28 56 36 40 88 18 22 54 47 0 75 11 44 88 80 43 43 9 7 38 57
