run=1 seed=0 k=97 f=0
46 49 96 46 76 8 76 12 17 6 50 46 60 17 78 22 19 90 88 4 36 83 77 96 96 62 56 16 33 38 67 35 33 91 59 56 4 76 4 0 15 6 25 0 0 67 3 23 22 20 2 96 60 36 53 10 13 40 10 19 60 42 53 81 78 25 71 81 82 83 38 45 60 51 26 72 69 12 28 7 26 9 83 77 52 11 46 82 28 72 64 96 50 95 96 31 92 73 89 83 54 20 68 89 85 24 85 58 68 55 30 87 33 8 74 63 0 61 40 35
run=2 seed=1 k=97 f=0
46 49 96 46 76 8 76 12 17 6 50 46 60 17 78 22 19 90 88 4 36 83 77 96 96 62 56 16 33 38 67 35 33 91 59 56 4 76 4 0 15 6 25 0 0 67 3 23 22 20 2 96 60 36 53 10 13 40 10 19 60 42 53 81 78 25 71 81 82 83 38 45 60 51 26 72 69 12 28 7 26 9 83 77 52 11 46 82 28 72 64 96 50 95 96 31 92 73 89 83 54 20 68 89 85 24 85 58 68 55 30 87 33 8 74 63 0 61 40 35
run=3 seed=2 k=97 f=0
50 9 20 1 85 37 74 45 69 77 54 48 24 34 72 79 93 44 56 21 65 96 10 64 32 96 95 96 34 29 0 82 28 24 40 81 52 32 43 1 0 20 28 14 76 15 64 7 69 11 41 11 49 33 5 70 1 72 55 96 13 24 43 54 18 18 73 60 49 23 95 2 90 68 7 65 59 59 63 82 8 51 63 67 37 15 68 77 42 80 89 36 82 92 75 59 43 28 0 2 83 50 85 85 53 27 45 34 20 89 59 63 89 10 38 87 80 73 17 23
run=4 seed=3 k=97 f=0
41 12 59 0 16 85 64 24 16 52 46 90 10 32 91 62 30 13 66 51 78 52 38 34 17 79 1 67 30 70 24 72 6 29 11 20 52 83 0 21 51 0 72 92 41 7 78 74 1 34 22 2 30 96 72 84 18 0 48 53 36 0 94 23 28 65 58 31 95 46 37 91 79 89 88 58 44 51 68 54 73 69 59 20 78 67 62 39 49 96 96 58 96 34 86 44 1 86 62 27 44 18 81 77 74 81 71 33 8 40 42 11 50 92 95 48 23 14 90 86
run=5 seed=4 k=97 f=0
0 2 24 96 79 81 86 62 4 63 9 90 89 25 88 85 43 50 15 83 66 52 77 7 4 65 40 67 18 0 88 51 68 42 73 89 47 58 74 35 49 27 82 42 96 19 69 35 29 1 6 94 41 31 46 8 2 66 89 81 6 72 25 59 59 76 23 34 85 64 40 24 30 57 92 22 52 60 54 59 45 12 55 57 0 52 10 96 47 78 30 76 21 37 95 13 46 72 36 17 61 22 70 18 81 18 68 37 94 57 96 38 74 79 11 96 80 45 28 0
run=6 seed=5 k=97 f=0
59 16 51 0 25 29 10 2 58 80 91 95 96 44 8 74 47 2 1 11 38 85 16 86 83 33 84 8 39 45 47 50 96 96 54 69 63 88 26 66 17 57 27 49 62 38 54 41 4 89 0 14 53 64 70 32 78 94 38 66 71 15 30 66 34 7 9 67 34 54 65 33 90 32 71 10 4 19 59 40 76 82 85 18 81 22 89 47 16 77 45 18 16 31 90 56 56 93 9 36 70 22 81 78 1 96 44 92 7 25 66 42 0 24 35 77 73 27 76 23
run=7 seed=6 k=97 f=0
45 77 14 34 94 89 66 1 7 80 49 76 62 41 70 96 93 52 95 41 55 13 49 28 59 52 88 40 56 42 96 20 0 75 47 21 30 5 53 16 63 7 0 71 49 96 58 59 52 93 0 56 59 21 23 34 70 20 75 38 0 64 31 6 34 38 12 72 71 28 72 56 24 41 30 16 31 82 68 63 67 61 8 96 41 47 7 27 43 91 86 80 15 96 7 80 17 26 84 37 88 24 19 40 26 0 23 54 10 87 70 80 29 89 68 40 0 67 86 83
run=8 seed=7 k=97 f=0
94 73 43 55 38 38 48 85 66 90 71 78 37 63 62 10 87 29 25 19 65 77 80 77 40 16 11 81 93 43 90 44 68 61 23 13 84 45 53 44 40 60 39 20 61 38 92 0 73 83 49 55 96 24 48 34 56 53 94 20 11 52 26 11 83 96 59 79 0 44 61 96 86 35 15 69 9 47 17 65 6 31 0 28 17 85 73 2 74 67 33 27 20 11 96 28 47 87 3 74 29 9 36 62 6 16 91 56 1 0 21 7 23 3 11 89 96 52 30 34
run=9 seed=8 k=97 f=0
49 36 96 45 74 18 39 43 54 24 21 85 77 83 78 3 63 62 41 32 36 62 56 69 25 33 2 23 9 14 69 90 28 77 95 58 54 85 6 10 80 33 4 80 61 4 50 88 47 9 28 35 28 88 5 92 24 83 89 0 19 53 39 35 96 15 0 11 52 76 54 76 96 37 96 90 68 34 48 42 24 71 80 94 35 58 0 70 17 1 66 68 63 96 15 0 9 83 72 14 20 28 50 20 30 15 10 55 68 26 83 0 45 70 96 9 61 80 88 76
run=10 seed=9 k=97 f=0
42 5 27 82 96 95 12 32 8 47 54 47 50 18 89 58 96 49 89 26 79 65 80 66 69 45 67 15 28 96 35 47 0 49 62 26 93 2 79 11 5 81 78 74 85 40 86 55 69 58 87 90 49 74 56 56 15 27 54 0 55 30 47 86 48 7 16 60 37 19 13 15 22 94 22 38 81 84 38 52 9 0 70 36 56 65 0 35 18 43 70 77 61 41 95 24 91 52 71 10 94 0 14 20 84 28 33 24 1 94 10 36 61 82 20 37 66 6 44 73
run=11 seed=10 k=97 f=0
56 2 86 1 11 86 10 17 55 26 7 55 68 90 8 82 63 41 22 12 49 25 53 35 70 31 66 34 96 0 54 29 13 73 17 1 93 3 81 31 42 47 22 93 75 93 51 63 39 96 43 51 28 61 57 90 30 2 24 22 28 18 13 26 96 62 73 80 68 38 8 0 6 64 85 28 42 47 94 8 90 68 63 14 74 0 0 88 16 60 67 44 80 13 16 22 15 24 33 24 33 40 69 76 46 83 59 69 33 38 81 77 45 50 87 49 48 76 95 87
run=12 seed=11 k=97 f=0
86 0 63 73 61 14 94 75 81 18 59 35 0 31 96 10 72 63 53 51 57 51 32 5 83 54 42 8 15 3 63 66 69 67 38 95 67 53 61 80 88 23 86 77 15 21 31 23 43 85 63 48 41 7 84 72 82 92 55 54 8 96 64 38 38 21 32 36 3 43 6 4 0 25 87 81 67 18 4 88 0 0 95 67 67 28 96 8 15 38 12 12 35 91 21 74 47 90 45 56 19 14 83 25 30 75 16 81 47 46 92 39 31 31 54 46 28 96 23 15
run=13 seed=12 k=97 f=0
84 59 44 0 85 92 49 66 53 9 47 20 96 96 31 78 33 71 20 61 30 23 52 54 40 59 73 8 93 88 96 20 2 40 57 75 63 17 50 48 69 80 19 35 37 30 58 45 8 9 53 66 90 89 44 33 49 1 94 72 14 6 63 81 29 4 12 84 24 37 61 5 24 45 8 80 38 96 21 73 65 68 50 58 44 13 3 61 23 0 90 96 39 87 0 71 43 36 29 57 64 14 4 14 87 16 26 67 10 15 52 96 80 35 1 63 77 37 29 80
run=14 seed=13 k=97 f=0
60 88 63 89 55 71 25 17 46 17 27 67 2 73 27 55 72 48 95 69 43 33 96 42 18 72 2 36 83 0 7 60 22 6 62 51 85 16 16 86 64 43 0 11 29 96 68 4 67 49 21 9 13 81 46 95 51 2 79 33 75 94 27 57 78 10 32 78 26 90 55 90 38 23 86 39 96 87 46 16 26 20 79 19 85 49 41 96 11 61 0 39 36 76 71 28 23 33 54 78 40 13 7 34 91 0 93 49 65 55 81 40 62 46 53 84 0 75 69 53
run=15 seed=14 k=97 f=0
75 42 23 96 36 41 77 44 30 76 54 3 0 0 14 5 74 88 0 49 87 35 67 27 21 87 19 86 60 85 17 93 56 17 20 17 50 83 38 82 77 18 83 96 73 0 26 82 26 3 45 68 0 53 13 59 41 86 1 34 25 49 55 20 46 32 8 39 59 81 66 4 14 36 63 22 42 31 37 30 52 60 94 67 32 71 95 8 71 6 90 73 62 94 9 15 67 80 77 61 9 96 92 27 45 51 74 78 45 9 50 35 26 54 62 70 45 11 5 9
run=16 seed=15 k=97 f=0
78 9 0 58 45 19 12 16 27 85 94 25 47 57 10 0 35 66 84 81 85 23 27 28 73 81 59 17 38 58 48 71 92 76 23 69 38 89 41 95 76 47 54 36 95 65 4 60 80 42 75 72 60 33 31 66 29 65 58 83 96 86 91 51 49 63 5 10 0 18 96 44 14 47 41 9 11 23 9 55 62 49 86 68 23 91 63 23 96 81 0 52 8 18 31 68 27 38 0 55 45 91 11 79 84 79 0 1 42 88 35 69 72 60 34 43 20 30 39 46
run=17 seed=16 k=97 f=0
57 15 17 54 81 6 81 74 30 53 84 88 12 43 79 45 3 16 14 16 33 0 54 88 26 45 91 77 56 27 53 6 22 67 86 95 59 29 64 61 31 17 5 69 45 22 13 49 39 25 95 22 59 36 29 85 87 74 80 79 41 29 65 60 72 46 79 39 8 9 83 63 1 59 60 24 73 34 17 39 51 72 35 2 46 31 96 71 8 94 38 51 20 3 0 76 23 0 67 85 29 40 46 35 30 66 66 62 96 96 7 63 90 56 70 39 87 35 0 46
run=18 seed=17 k=97 f=0
18 96 65 0 20 52 81 86 18 77 76 28 2 57 96 94 75 9 0 38 26 3 38 96 48 10 91 56 68 19 87 68 87 14 42 70 75 45 10 31 92 10 60 62 27 95 63 34 30 49 34 96 48 72 0 30 85 56 21 89 72 73 14 23 27 11 43 6 86 96 39 50 82 33 34 75 11 29 87 17 59 56 77 41 65 14 51 52 87 92 50 25 62 95 84 21 69 78 49 2 37 44 1 66 26 64 54 8 69 43 79 23 14 12 3 78 32 57 35 2
run=19 seed=18 k=97 f=0
41 36 55 64 21 62 32 95 9 74 27 69 1 0 82 12 69 20 68 49 64 6 87 48 60 15 34 66 21 36 0 71 77 79 16 96 51 13 85 38 35 12 47 55 73 87 68 11 41 6 96 7 85 23 90 26 78 45 54 3 34 4 5 38 1 7 27 40 50 29 92 80 82 35 18 8 62 0 22 56 16 74 96 49 74 36 95 55 46 61 60 57 88 33 51 24 18 28 88 70 92 52 78 29 89 29 66 83 96 0 74 37 11 83 58 87 96 44 44 81
run=20 seed=19 k=97 f=0
81 61 30 49 7 32 84 51 80 41 75 59 26 57 58 86 56 75 73 43 77 58 2 57 13 72 62 96 30 94 27 95 41 4 71 25 84 96 12 18 82 22 18 18 1 25 42 7 4 11 92 48 51 96 65 76 60 28 66 0 90 45 42 96 0 49 90 56 30 44 49 13 61 22 16 20 81 69 76 37 96 89 81 73 58 80 0 10 19 33 34 35 34 16 66 72 44 7 85 51 30 67 39 92 64 88 42 53 95 63 10 0 71 89 38 66 39 7 14 9
