run=1 seed=0 k=103 f=0
67 6 25 35 2 0 44 15 80 73 102 1 8 93 10 44 0 93 6 72 43 72 96 28 82 74 21 26 67 81 102 55 87 54 7 17 32 99 53 78 23 9 69 77 77 7 90 60 58 99 16 41 89 18 84 0 72 73 36 58 97 37 13 70 37 0 47 41 22 27 74 88 21 65 61 102 32 32 27 95 81 49 34 75 64 35 58 96 1 22 94 28 81 22 44 90 85 95 49 102 38 31 87 48 19 67 48 63 56 67 41 58 15 1 54 99 87 38 47 88
run=2 seed=1 k=103 f=0
67 6 25 35 2 0 44 15 80 73 102 1 8 93 10 44 0 93 6 72 43 72 96 28 82 74 21 26 67 81 102 55 87 54 7 17 32 99 53 78 23 9 69 77 77 7 90 60 58 99 16 41 89 18 84 0 72 73 36 58 97 37 13 70 37 0 47 41 22 27 74 88 21 65 61 102 32 32 27 95 81 49 34 75 64 35 58 96 1 22 94 28 81 22 44 90 85 95 49 102 38 31 87 48 19 67 48 63 56 67 41 58 15 1 54 99 87 38 47 88
run=3 seed=2 k=103 f=0
75 52 6 57 40 94 88 72 43 29 20 4 85 8 64 28 84 20 41 61 59 58 64 63 78 37 37 44 55 49 63 52 54 66 0 23 78 5 100 92 67 26 99 12 73 31 39 33 98 102 102 75 14 78 66 30 32 47 40 69 96 69 5 46 89 41 3 0 48 48 19 99 99 44 8 79 18 87 16 33 30 71 5 78 0 13 59 1 25 101 8 81 17 48 58 71 94 85 86 39 45 1 35 100 10 87 62 83 55 96 17 48 23 39 35 81 15 94 102 26
run=4 seed=3 k=103 f=0
82 13 20 55 42 89 102 97 44 62 39 32 12 53 63 58 53 65 34 102 30 12 14 71 28 11 66 38 10 83 88 15 15 91 84 62 0 94 24 74 6 91 5 51 50 62 22 43 22 47 1 15 21 29 9 55 39 71 44 49 26 76 81 22 94 70 1 26 102 102 45 92 9 47 51 86 3 37 0 46 41 0 59 58 68 64 93 100 96 35 76 77 85 52 55 75 25 87 72 20 36 65 20 61 9 30 60 0 96 71 100 78 75 31 97 100 37 3 67 24
run=5 seed=4 k=103 f=0
33 35 0 93 32 45 56 79 60 3 46 0 1 21 53 27 58 74 68 25 7 21 3 54 49 23 38 1 53 10 17 3 0 5 74 78 50 37 40 39 84 73 98 19 64 30 40 26 102 10 42 14 6 47 100 69 80 70 80 30 96 11 16 65 16 29 91 51 86 22 74 94 40 102 99 7 51 84 33 94 58 83 85 44 32 91 65 66 74 50 99 67 89 71 49 57 78 102 61 62 14 92 16 23 8 44 16 59 93 16 30 65 52 93 73 100 37 88 26 102
run=6 seed=5 k=103 f=0
4 102 87 23 28 96 61 36 45 95 77 10 98 39 48 47 39 15 11 89 3 83 64 21 18 78 99 89 94 17 56 3 32 72 83 66 76 32 91 31 25 102 45 40 77 94 0 53 5 15 78 65 15 39 49 10 22 77 89 33 84 62 6 1 101 38 77 16 56 73 42 72 70 8 27 1 19 100 55 13 46 56 68 25 62 18 74 88 67 50 82 52 59 50 54 69 34 34 43 88 6 97 57 98 1 6 84 22 34 8 63 1 0 14 26 86 102 66 42 48
run=7 seed=6 k=103 f=0
8 29 18 51 7 96 88 68 2 50 57 9 50 93 91 20 59 65 102 92 86 31 78 58 31 27 101 91 51 40 1 16 78 97 37 89 7 40 68 87 52 26 10 36 41 10 22 0 70 6 66 66 86 59 23 55 78 41 50 88 83 12 2 19 17 0 25 62 0 41 9 44 86 44 48 24 75 50 11 47 2 102 99 60 94 17 102 35 81 6 32 79 22 102 81 30 63 34 75 101 45 82 99 95 25 57 58 18 70 73 101 66 70 0 52 46 42 0 80 18
run=8 seed=7 k=103 f=0
69 67 63 88 71 38 0 13 55 41 48 72 80 84 51 92 97 47 46 79 50 42 16 57 42 97 28 82 38 4 93 1 94 59 90 0 15 2 62 34 100 19 79 7 29 102 83 26 24 80 99 77 43 16 52 25 64 63 71 0 46 62 1 72 86 8 78 20 22 53 16 98 102 74 67 30 102 85 24 4 81 72 0 87 40 46 60 22 38 75 22 36 34 43 6 92 59 46 56 33 6 99 28 8 18 11 54 50 55 30 34 23 17 72 102 13 6 91 38 46
run=9 seed=8 k=103 f=0
23 52 89 74 87 95 52 48 5 23 1 85 91 32 1 90 0 50 54 77 97 33 11 77 63 33 87 70 99 76 84 34 34 23 60 43 21 72 7 102 22 12 6 102 41 94 9 86 60 66 4 75 99 82 11 0 0 55 69 37 48 68 22 1 71 8 63 68 42 92 14 54 81 20 102 48 51 14 31 91 76 15 62 60 85 24 16 47 100 90 29 61 52 82 64 38 13 26 28 3 95 42 70 94 39 2 29 101 40 40 65 47 21 102 76 17 58 20 28 84
run=10 seed=9 k=103 f=0
27 37 70 87 6 58 30 10 61 68 28 7 1 59 101 5 66 33 36 1 66 85 45 1 36 37 93 45 52 1 3 51 102 93 87 8 11 23 55 11 93 34 98 69 22 102 57 76 97 16 62 40 66 0 31 14 33 22 53 23 47 82 80 47 65 53 89 33 76 42 18 84 96 23 19 29 49 16 93 18 0 46 79 66 48 94 0 15 8 50 72 42 78 87 83 41 63 96 90 50 19 74 101 28 33 97 58 27 59 78 96 55 56 8 88 14 24 70 71 102
run=11 seed=10 k=103 f=0
102 23 3 60 97 80 17 22 43 23 36 10 54 14 12 94 26 0 26 0 48 9 16 71 46 90 16 74 50 101 1 102 40 94 60 9 66 18 55 80 64 30 71 51 56 67 48 18 27 40 43 3 92 78 49 65 83 2 65 83 67 13 76 97 1 31 91 10 69 97 39 53 66 6 58 14 32 23 102 18 35 51 102 19 48 61 90 78 23 79 77 75 8 92 88 0 89 83 2 85 61 40 72 41 45 39 102 32 37 31 54 71 82 73 45 58 100 91 10 51
run=12 seed=11 k=103 f=0
58 57 102 53 16 15 6 30 10 73 44 85 3 93 74 53 56 101 75 50 31 59 96 32 8 17 2 0 50 0 36 85 85 91 101 5 10 70 39 34 99 66 66 70 9 22 38 94 17 61 74 22 21 45 50 16 80 78 49 20 72 26 29 55 21 64 45 60 7 12 91 37 37 2 102 28 65 22 17 82 95 1 44 41 82 102 43 39 35 81 67 76 49 98 53 58 99 94 93 90 0 72 6 0 11 29 34 25 63 69 47 26 91 43 77 64 82 13 70 90
run=13 seed=12 k=103 f=0
83 48 37 49 98 69 42 102 20 36 44 98 102 4 85 64 61 32 30 56 77 62 51 38 36 26 12 64 62 51 31 74 54 83 85 14 91 81 60 102 45 19 68 45 39 32 24 22 58 94 54 44 58 14 77 0 6 6 13 71 58 17 25 96 97 67 6 86 67 1 66 0 0 97 5 38 25 101 96 73 49 60 21 42 19 11 54 40 102 37 75 93 35 15 87 47 83 9 29 91 35 90 89 31 18 11 26 56 78 69 12 76 5 0 102 88 1 80 92 1
run=14 seed=13 k=103 f=0
84 99 93 102 59 71 65 69 54 75 28 15 2 31 69 10 17 21 17 1 60 101 86 59 102 15 91 0 82 35 43 79 31 11 46 50 52 66 99 81 80 93 90 93 35 88 49 41 28 51 22 101 6 27 89 6 86 49 94 62 29 53 58 81 65 18 7 63 3 3 44 101 76 44 18 35 12 0 4 71 76 34 64 42 89 70 37 43 82 59 26 41 10 37 11 96 14 22 0 36 38 24 52 65 96 23 76 85 68 74 75 1 78 55 19 102 43 8 53 28
run=15 seed=14 k=103 f=0
86 41 76 20 4 15 43 102 39 26 66 36 79 90 35 52 30 92 39 87 97 36 91 63 100 93 26 77 55 92 26 17 24 97 83 6 42 1 18 1 0 22 65 32 56 0 25 98 89 4 20 57 18 83 63 47 60 61 66 0 94 81 14 56 91 16 48 71 16 27 49 48 67 17 51 59 102 0 77 50 45 11 102 83 32 102 71 87 66 61 75 8 51 27 84 10 0 29 75 41 75 70 11 22 99 34 99 87 25 58 16 102 93 72 82 74 49 42 10 39
run=16 seed=15 k=103 f=0
44 77 47 15 90 54 41 37 62 74 47 65 25 1 57 59 55 38 0 24 37 83 31 87 87 24 16 28 93 102 86 6 22 97 34 32 17 102 69 84 56 9 46 13 20 54 68 97 33 67 44 61 67 7 52 51 8 66 77 31 59 92 47 30 77 57 63 71 15 49 40 102 70 4 28 6 24 102 0 69 98 0 9 42 93 73 96 3 86 91 84 89 71 84 20 63 37 94 19 79 26 60 81 41 18 42 49 0 19 78 73 101 56 13 97 7 33 0 102 7
run=17 seed=16 k=103 f=0
70 85 65 45 12 95 60 55 9 26 95 23 82 82 5 17 101 38 34 100 63 101 7 7 41 29 69 0 51 28 10 27 19 3 19 52 101 26 80 56 72 71 32 102 76 34 86 44 35 87 90 6 102 72 48 93 71 33 85 33 96 87 62 73 90 32 61 0 90 40 0 83 28 59 14 100 36 2 24 29 64 79 25 88 45 75 69 11 102 46 10 42 47 5 28 55 70 91 62 78 67 20 0 76 79 62 94 56 51 22 37 14 43 13 52 82 54 80 97 47
run=18 seed=17 k=103 f=0
57 91 69 13 2 76 29 8 102 10 85 91 73 19 31 12 83 3 40 45 47 72 25 65 54 60 53 41 102 96 17 16 29 91 47 0 83 101 73 56 17 59 45 89 77 55 43 11 92 22 23 36 53 5 87 10 27 33 90 0 78 82 0 102 92 6 48 26 76 62 47 92 37 49 22 84 65 22 62 7 9 86 33 49 67 43 27 95 39 1 99 33 63 40 33 54 50 0 15 70 57 82 30 18 68 98 10 102 98 77 27 95 67 1 24 20 48 66 60 102
run=19 seed=18 k=103 f=0
21 42 1 57 45 62 40 93 46 36 42 102 30 26 10 26 29 87 91 2 22 60 88 33 7 74 31 24 70 5 9 62 101 23 53 45 75 86 28 82 19 36 101 69 78 11 51 14 68 49 82 19 32 90 1 82 39 59 41 1 26 43 16 7 5 56 53 87 10 13 52 79 96 51 74 74 102 0 75 37 56 99 87 88 102 94 92 64 18 68 65 102 48 97 39 3 0 37 21 80 5 31 51 67 99 70 59 93 35 67 46 83 51 11 66 78 29 84 61 2
run=20 seed=19 k=103 f=0
81 49 25 41 0 48 84 91 72 15 29 0 92 89 69 2 19 74 71 34 86 0 73 25 64 78 100 86 74 99 101 58 97 21 26 17 71 59 4 60 11 54 6 56 17 48 61 63 8 16 13 47 80 32 32 79 45 11 96 34 96 10 45 0 31 37 39 16 101 64 81 4 20 40 38 56 7 31 54 94 43 89 58 15 38 49 81 69 101 69 89 79 100 0 99 28 37 63 83 102 93 44 23 1 4 65 18 11 88 7 26 0 28 67 69 88 55 9 74 38
