run=1 seed=0 k=83 f=0
19 41 18 82 67 0 68 32 47 44 71 82 24 22 65 42 5 13 35 65 35 45 34 55 82 53 77 33 41 64 69 11 43 14 82 10 41 59 26 39 51 50 50 30 26 23 4 70 8 26 52 11 3 35 76 76 73 26 49 59 71 62 13 37 61 65 82 38 0 66 71 0 75 22 80 2 60 4 57 46 47 73 61 0 41 33 28 6 9 37 77 54 16 0 16 81 0 30 8 51 23 56 25 21 63 53 48 9 66 60 27 42 82 31 13 24 0 17 18 71
run=2 seed=1 k=83 f=0
19 41 18 82 67 0 68 32 47 44 71 82 24 22 65 42 5 13 35 65 35 45 34 55 82 53 77 33 41 64 69 11 43 14 82 10 41 59 26 39 51 50 50 30 26 23 4 70 8 26 52 11 3 35 76 76 73 26 49 59 71 62 13 37 61 65 82 38 0 66 71 0 75 22 80 2 60 4 57 46 47 73 61 0 41 33 28 6 9 37 77 54 16 0 16 81 0 30 8 51 23 56 25 21 63 53 48 9 66 60 27 42 82 31 13 24 0 17 18 71
run=3 seed=2 k=83 f=0
37 0 18 82 61 66 23 30 35 47 10 33 29 29 61 80 48 31 29 49 23 37 19 54 42 49 40 42 24 19 68 21 45 14 56 74 0 19 6 82 58 42 76 16 49 44 3 82 7 30 45 15 37 66 21 9 53 11 61 73 58 49 33 21 20 11 0 63 0 63 69 0 61 12 80 14 38 25 1 6 81 73 14 12 0 56 66 79 9 74 51 70 71 38 39 62 81 26 65 70 32 47 0 73 20 75 82 55 53 56 27 40 25 48 59 9 0 53 32 26
run=4 seed=3 k=83 f=0
82 79 9 0 42 1 77 45 72 77 0 79 82 26 75 63 60 25 53 52 76 6 51 61 0 47 82 27 27 22 47 7 45 51 53 10 46 0 30 82 81 64 21 70 70 14 68 35 11 34 68 67 2 25 61 15 62 23 6 56 72 49 78 12 67 6 18 21 34 0 44 64 7 81 58 61 12 56 32 74 40 82 35 48 5 15 1 42 56 82 74 34 36 20 22 53 63 30 38 39 42 31 8 18 38 19 74 0 15 40 54 18 56 28 12 77 65 74 7 44
run=5 seed=4 k=83 f=0
82 50 33 82 25 4 48 70 54 54 8 26 18 82 50 8 25 34 51 79 12 31 32 23 63 18 41 80 15 0 28 30 40 14 34 31 37 0 19 48 7 82 42 69 59 38 78 13 65 41 4 19 34 66 11 64 76 41 82 55 60 54 0 46 66 68 60 63 64 45 25 0 18 40 59 60 0 48 15 55 72 73 18 6 82 78 75 51 9 53 0 19 57 28 37 44 37 45 39 27 56 22 65 58 68 43 10 12 76 25 73 59 70 53 0 77 0 47 5 8
run=6 seed=5 k=83 f=0
5 0 33 9 17 66 18 44 61 58 20 28 35 81 16 10 16 47 72 38 70 80 34 37 0 67 3 53 52 0 82 81 82 37 32 44 45 82 20 76 62 60 47 59 24 28 57 26 8 25 22 23 76 49 5 30 17 64 69 4 45 19 25 0 0 52 13 52 49 36 49 15 73 82 11 12 11 31 82 61 66 42 34 14 29 43 0 60 82 49 55 68 27 0 80 65 73 21 73 40 70 65 82 56 6 68 56 19 53 74 40 56 12 74 58 53 0 34 44 41
run=7 seed=6 k=83 f=0
25 73 55 82 79 82 41 45 36 13 11 3 25 29 39 30 15 75 76 51 58 17 0 10 72 30 82 11 29 81 82 18 33 51 53 50 70 51 18 82 27 63 62 66 56 60 32 42 62 17 66 6 44 8 66 25 17 38 58 75 70 37 48 60 62 9 0 5 73 36 0 29 6 52 1 45 21 14 24 62 57 46 19 49 70 13 44 37 0 7 7 70 1 42 82 77 49 13 38 56 78 68 20 67 76 36 34 40 82 23 57 64 30 10 5 20 73 54 0 32
run=8 seed=7 k=83 f=0
43 79 24 0 28 10 9 57 52 10 11 15 27 77 7 48 51 36 37 28 68 81 59 21 9 58 64 7 61 39 47 80 0 28 44 52 0 72 75 82 46 51 70 82 39 19 48 70 43 16 37 57 12 40 51 55 18 79 30 0 57 4 41 46 15 33 60 43 2 8 0 6 17 78 2 57 22 25 20 74 31 33 60 68 82 46 35 54 73 73 66 71 81 9 22 63 25 12 23 66 18 64 78 69 62 67 52 34 0 65 13 47 0 34 30 30 82 31 17 13
run=9 seed=8 k=83 f=0
27 0 9 56 78 61 70 35 75 59 24 61 82 24 72 22 49 33 82 46 62 45 39 72 59 47 82 26 71 0 35 1 39 5 32 54 2 57 5 82 30 50 64 9 9 14 79 0 17 17 0 10 57 26 51 12 74 30 5 28 10 54 74 79 66 50 19 30 72 35 41 67 45 65 63 75 0 67 14 58 45 65 43 81 50 54 42 19 0 30 14 53 42 25 23 34 51 21 16 81 53 21 40 66 3 65 66 76 0 40 67 33 82 7 72 48 82 8 17 21
run=10 seed=9 k=83 f=0
37 82 30 82 24 65 73 69 16 35 10 66 81 71 75 28 71 74 71 64 55 80 36 27 4 39 22 58 4 30 49 31 55 35 52 20 74 11 49 20 82 75 55 82 30 25 53 44 50 52 72 82 19 61 1 16 1 54 59 34 26 7 80 34 6 67 0 76 63 58 24 51 49 56 1 0 43 11 45 37 78 68 41 12 39 44 29 15 0 44 30 40 42 21 14 31 0 56 20 61 12 7 51 12 9 13 59 25 19 46 63 21 65 68 5 14 9 59 74 0
run=11 seed=10 k=83 f=0
17 35 0 82 14 56 23 19 28 63 64 48 42 46 25 22 16 76 74 71 8 70 36 24 70 34 0 20 5 0 11 11 82 13 72 65 70 21 33 27 16 13 17 41 82 5 49 10 34 47 16 37 49 56 31 28 50 44 4 37 66 5 55 47 51 31 0 59 0 22 0 37 31 51 33 81 81 50 79 64 58 18 0 76 27 69 9 56 64 82 44 79 1 79 8 63 75 51 56 61 44 61 27 61 32 57 12 52 11 41 39 9 68 55 25 35 73 43 43 49
run=12 seed=11 k=83 f=0
42 82 15 82 34 28 59 12 54 24 63 82 82 58 57 34 5 7 22 68 41 52 67 74 11 48 24 27 7 1 0 46 13 44 45 64 55 36 78 30 5 57 30 82 15 20 70 1 19 37 45 82 50 8 66 9 8 56 51 20 63 63 41 36 33 16 56 5 0 27 41 77 50 43 80 12 16 70 76 37 0 64 72 33 69 65 71 58 0 24 49 37 71 27 58 0 47 41 42 21 20 35 73 22 13 7 62 64 0 31 76 24 40 52 60 47 73 29 55 61
run=13 seed=12 k=83 f=0
34 65 73 0 49 55 53 35 59 6 55 79 25 36 55 11 36 0 82 3 62 61 67 6 30 33 66 5 1 48 46 80 65 77 43 17 0 58 52 82 23 24 8 47 38 68 27 27 7 46 54 29 80 16 61 71 17 2 24 16 73 69 50 15 0 77 74 30 68 28 46 45 21 61 7 75 20 59 17 53 7 9 23 58 13 35 0 12 82 15 40 20 39 49 60 82 32 50 66 81 34 39 42 59 62 13 67 82 41 40 0 64 56 32 0 41 24 74 75 9
run=14 seed=13 k=83 f=0
45 82 73 82 44 12 29 22 35 4 31 36 55 74 31 24 20 0 67 53 16 1 77 21 41 54 66 48 82 52 57 2 59 58 54 5 73 37 76 69 17 44 51 31 72 68 39 38 10 65 74 26 5 17 20 65 1 50 59 19 64 64 0 50 50 32 82 14 82 12 32 43 54 34 10 0 35 17 31 76 55 24 31 27 61 48 13 41 9 16 24 79 46 64 41 82 8 61 69 70 69 77 3 6 39 64 22 24 9 47 34 40 15 70 42 74 0 61 0 45
run=15 seed=14 k=83 f=0
0 0 43 82 24 13 68 47 62 65 66 25 8 11 66 16 80 29 73 3 82 1 0 35 63 24 42 36 82 20 53 23 82 28 30 43 34 42 29 60 57 38 33 68 45 38 58 61 0 35 71 50 64 50 56 82 25 27 8 1 47 4 44 76 5 49 22 53 75 52 22 75 49 82 78 38 0 9 54 14 62 73 10 68 67 45 41 59 9 9 16 11 16 64 79 54 26 31 54 38 6 43 14 69 4 82 75 62 75 17 73 57 19 31 75 52 0 31 69 21
run=16 seed=15 k=83 f=0
5 67 18 9 5 18 70 13 75 24 56 52 74 34 72 70 74 63 65 61 62 50 11 28 2 36 82 82 17 63 47 48 57 32 0 74 0 51 32 59 7 34 53 49 12 23 79 38 60 49 6 15 26 58 63 5 82 46 52 26 69 9 63 72 46 28 82 30 79 11 16 4 23 17 1 56 69 14 20 8 41 65 36 2 80 66 44 44 0 19 22 37 10 19 0 33 59 53 44 34 17 39 82 37 34 54 42 28 79 43 74 27 0 25 76 0 82 71 21 28
run=17 seed=16 k=83 f=0
14 0 18 0 3 22 62 66 57 76 10 45 57 34 60 47 36 72 8 3 18 16 29 54 68 51 61 39 77 58 12 29 78 31 82 46 28 44 72 0 40 0 58 30 47 23 4 0 21 38 25 61 82 74 15 26 67 11 16 14 51 82 79 11 27 75 65 77 43 36 14 16 59 37 81 64 23 39 56 29 82 67 21 64 0 4 9 47 82 36 20 38 1 11 52 82 79 34 22 4 42 71 31 49 19 69 35 63 21 44 47 27 32 74 73 37 9 50 55 73
run=18 seed=17 k=83 f=0
73 19 82 9 9 0 62 30 68 58 64 41 45 30 64 34 8 42 16 5 26 70 0 52 66 28 81 38 0 18 0 15 82 23 24 45 3 54 25 35 72 50 42 21 59 77 3 35 23 41 58 2 77 50 43 11 82 27 53 71 76 14 41 28 59 37 65 25 15 53 39 38 6 73 43 65 49 58 18 55 34 57 50 62 10 16 75 5 18 35 3 54 13 63 79 74 74 45 82 49 82 56 24 82 46 68 32 64 79 35 26 73 29 0 7 9 0 9 82 62
run=19 seed=18 k=83 f=0
68 82 35 82 6 39 21 10 16 28 82 67 0 72 19 36 18 7 74 2 39 62 27 58 12 64 44 60 31 75 8 63 82 31 66 51 52 61 2 47 45 0 57 23 43 69 3 30 42 51 74 12 70 42 36 36 82 50 6 18 6 63 60 71 20 29 14 76 82 79 68 28 54 44 51 27 56 43 81 76 37 26 0 49 55 45 1 7 9 15 62 36 70 12 11 21 28 47 40 76 75 45 57 73 41 22 33 68 0 57 55 73 16 77 33 0 0 24 51 35
run=20 seed=19 k=83 f=0
57 71 59 82 36 67 73 69 30 23 46 74 50 50 75 70 23 82 49 64 10 35 32 25 79 24 75 82 38 10 38 22 41 63 56 17 43 17 70 69 32 0 79 33 0 54 26 76 69 51 63 30 26 42 8 58 58 54 9 21 44 61 0 54 62 72 0 39 78 5 0 12 49 17 80 42 15 10 63 46 28 68 54 65 22 12 3 82 9 19 81 3 26 3 55 34 29 47 30 21 20 49 53 49 12 64 78 5 41 17 76 35 13 9 45 8 0 60 20 39
