run=1 seed=0 k=96 f=0
4 76 16 0 49 32 30 45 9 59 26 41 66 91 32 69 7 62 51 77 92 1 30 42 83 77 14 63 19 34 95 53 74 20 80 86 49 88 29 45 69 88 12 25 56 72 91 18 10 95 83 70 36 42 20 48 74 21 52 1 27 52 92 84 60 23 94 95 1 65 35 2 13 90 64 6 36 56 75 88 79 25 0 12 44 48 25 59 50 79 14 84 0 38 93 28 18 37 52 37 63 57 74 62 55 11 19 7 47 58 70 66 85 56 45 9 87 7 31 16
run=2 seed=1 k=96 f=0
4 76 16 0 49 32 30 45 9 59 26 41 66 91 32 69 7 62 51 77 92 1 30 42 83 77 14 63 19 34 95 53 74 20 80 86 49 88 29 45 69 88 12 25 56 72 91 18 10 95 83 70 36 42 20 48 74 21 52 1 27 52 92 84 60 23 94 95 1 65 35 2 13 90 64 6 36 56 75 88 79 25 0 12 44 48 25 59 50 79 14 84 0 38 93 28 18 37 52 37 63 57 74 62 55 11 19 7 47 58 70 66 85 56 45 9 87 7 31 16
run=3 seed=2 k=96 f=0
90 35 86 42 81 5 5 45 70 22 7 0 90 32 3 10 84 79 63 26 36 28 91 55 53 15 76 60 41 83 45 15 73 19 66 12 14 28 79 76 91 57 79 48 68 78 66 20 64 75 48 0 53 58 48 12 5 43 34 88 81 68 17 41 28 21 34 0 56 95 1 88 0 22 91 34 95 60 4 9 69 51 1 18 21 13 39 68 24 39 44 54 44 56 57 73 74 8 74 27 40 52 30 48 32 16 82 21 72 33 3 65 94 11 26 95 95 22 87 26
run=4 seed=3 k=96 f=0
53 24 57 48 80 27 34 25 3 16 7 2 52 43 18 59 72 80 47 31 67 88 94 90 50 81 77 41 51 44 93 95 16 61 86 1 19 44 10 21 69 95 57 34 74 17 52 73 2 0 23 95 46 94 32 10 60 80 12 14 38 95 31 45 81 5 63 42 51 30 88 55 11 41 80 41 66 43 1 14 76 26 65 86 19 82 6 90 66 30 94 68 95 28 62 12 50 89 59 69 42 70 71 60 63 58 73 79 19 74 19 39 85 34 35 7 10 35 0 38
run=5 seed=4 k=96 f=0
95 48 19 86 19 25 14 84 70 89 33 93 58 5 42 90 7 16 1 90 4 54 0 35 62 95 77 2 0 5 80 6 87 79 95 78 10 38 49 15 13 71 6 44 93 40 22 9 21 55 11 51 73 29 67 30 29 52 26 59 65 52 42 80 57 91 63 25 42 6 72 44 69 82 95 64 60 31 82 87 23 9 37 35 32 76 77 41 63 45 39 60 81 69 84 47 70 34 26 5 86 63 50 36 24 30 1 18 21 49 91 75 58 92 26 72 0 15 11 68
run=6 seed=5 k=96 f=0
0 29 38 80 44 16 33 56 72 1 67 37 56 35 88 68 57 27 6 31 14 90 76 51 49 47 22 75 20 29 66 12 75 51 81 24 92 39 82 93 37 48 87 58 50 24 15 42 48 27 80 51 81 60 63 81 25 35 17 61 6 81 26 63 66 34 88 88 27 44 20 61 95 15 77 12 71 11 1 21 71 95 39 78 76 0 10 95 18 71 54 44 64 73 95 6 95 54 95 20 2 42 86 65 46 88 84 55 86 0 0 67 14 30 59 33 9 3 4 40
run=7 seed=6 k=96 f=0
93 27 95 19 44 81 62 77 9 82 47 37 69 27 56 60 29 40 87 52 63 6 43 31 82 85 40 52 53 95 10 62 72 34 36 5 36 58 27 47 77 21 58 18 18 90 70 46 11 6 31 95 70 51 7 79 85 2 66 62 76 1 15 90 39 18 63 82 0 81 63 18 27 53 56 0 16 51 91 22 47 67 39 1 20 8 58 76 76 41 13 26 2 94 95 43 1 37 85 9 45 16 71 76 71 76 27 90 35 0 31 44 84 51 95 11 28 12 64 8
run=8 seed=7 k=96 f=0
85 61 57 78 77 27 62 21 26 47 0 87 0 6 70 24 79 2 52 34 56 32 56 8 13 10 87 48 45 13 95 14 18 6 86 95 32 60 66 12 75 79 29 60 71 71 84 71 39 95 64 65 53 18 92 54 20 0 72 71 11 53 93 90 33 91 42 95 36 27 17 77 33 8 49 82 55 49 37 3 39 1 36 62 91 13 22 34 48 68 5 58 83 73 58 49 78 65 37 77 92 43 54 30 58 29 8 23 66 40 89 33 86 28 5 80 87 92 16 44
run=9 seed=8 k=96 f=0
86 24 74 28 84 28 95 35 60 40 4 23 17 53 21 94 1 19 35 94 81 42 9 94 83 37 86 41 59 85 81 49 43 19 77 3 35 43 70 58 9 77 5 51 95 80 64 76 5 83 1 67 55 54 29 32 60 73 17 9 29 70 25 5 58 71 12 40 13 53 88 9 0 36 26 80 22 66 39 88 95 90 13 39 29 34 34 46 8 56 18 72 93 26 45 52 0 16 49 32 38 11 68 92 19 6 74 70 57 0 93 65 64 65 74 64 46 15 50 47
run=10 seed=9 k=96 f=0
54 52 34 53 66 25 29 72 78 83 94 89 34 49 81 62 16 84 95 56 45 36 2 61 39 72 83 0 53 84 63 31 15 67 55 33 2 25 65 44 22 66 79 69 85 5 49 3 56 9 60 73 5 86 92 95 85 47 25 18 13 36 75 92 84 73 42 89 21 26 71 20 8 17 60 40 6 90 95 80 48 24 22 38 3 82 30 22 44 20 77 42 94 65 11 16 32 64 28 21 0 8 2 86 89 37 47 74 30 15 56 0 43 80 70 78 95 12 13 64
run=11 seed=10 k=96 f=0
53 75 37 53 90 95 11 57 7 17 27 53 1 45 95 12 86 5 22 65 84 18 93 13 29 78 33 67 83 74 93 20 31 33 76 80 78 88 9 22 52 34 87 39 60 94 42 46 11 45 76 4 6 24 53 50 42 49 71 20 4 58 63 25 65 62 71 45 63 27 34 87 77 48 2 91 35 19 37 43 60 17 38 91 72 38 95 9 87 85 0 80 20 69 45 50 1 29 9 88 55 61 65 11 17 28 59 10 0 71 25 1 16 25 47 86 62 48 83 54
run=12 seed=11 k=96 f=0
95 86 20 83 61 7 25 29 39 72 54 61 0 42 43 73 15 20 16 88 88 89 85 37 23 65 80 95 70 76 28 63 87 35 32 0 54 45 66 64 94 84 57 57 3 15 66 26 33 52 79 55 19 75 90 21 95 36 8 16 55 83 59 71 49 74 78 72 83 90 40 1 31 41 6 57 23 48 93 73 44 30 77 27 23 50 0 40 92 12 31 95 11 20 10 64 40 48 36 13 7 51 2 76 6 12 86 62 1 58 0 9 68 75 35 63 0 44 49 45
run=13 seed=12 k=96 f=0
79 68 49 76 91 1 15 59 0 24 5 93 37 0 58 94 53 66 49 25 94 41 60 60 22 40 13 29 41 74 55 70 95 82 84 10 54 62 23 95 40 13 36 27 22 34 26 72 0 3 75 61 5 68 11 62 71 31 78 51 59 13 13 89 88 80 37 54 33 35 14 84 54 86 89 66 74 46 0 17 0 10 81 28 30 9 6 58 87 50 57 47 29 87 81 21 9 63 66 5 51 0 84 68 71 48 45 87 72 95 34 30 95 95 44 21 21 20 39 44
run=14 seed=13 k=96 f=0
44 87 60 51 57 88 80 12 26 83 39 87 22 5 29 18 72 95 81 18 77 72 94 51 49 86 33 95 7 2 0 5 70 30 63 30 45 81 5 0 45 18 47 61 37 65 21 21 70 71 42 18 7 43 44 9 36 58 83 49 12 40 37 33 57 16 12 83 35 94 87 69 75 9 90 13 51 0 26 81 23 36 16 64 64 68 89 89 11 84 38 48 60 5 75 52 60 75 77 84 93 53 29 43 48 74 95 32 67 0 41 20 67 31 78 3 95 59 25 9
run=15 seed=14 k=96 f=0
42 68 84 38 1 20 52 69 56 23 17 13 0 79 59 17 0 36 87 24 80 59 26 4 76 29 64 50 65 46 39 41 95 13 56 12 27 18 58 74 18 27 47 81 59 89 23 30 57 76 32 33 21 66 15 86 95 47 42 74 83 46 35 70 71 7 64 11 47 23 28 77 0 85 80 39 95 53 9 25 2 47 30 54 51 46 65 54 95 95 78 31 65 42 93 73 15 72 38 90 7 33 91 16 91 87 85 0 66 0 72 8 77 11 93 56 20 3 7 83
run=16 seed=15 k=96 f=0
42 74 95 85 79 26 74 47 53 16 22 17 80 48 78 37 77 67 87 81 16 55 26 35 64 46 40 90 82 95 0 61 0 65 84 12 54 0 59 93 30 9 29 55 18 30 40 95 41 27 31 23 53 18 3 24 72 0 42 64 71 48 16 15 47 95 74 72 72 26 21 95 21 89 87 3 63 90 49 13 36 37 9 89 70 53 54 4 60 33 79 12 9 26 94 89 59 23 0 8 45 14 41 33 28 33 62 50 82 0 81 69 83 51 95 61 10 75 43 5
run=17 seed=16 k=96 f=0
62 95 47 76 29 95 90 94 12 45 46 88 93 15 38 2 45 43 88 29 29 5 68 74 59 29 40 40 2 39 8 53 36 25 72 4 79 59 69 95 28 11 86 83 0 34 81 54 50 8 42 1 45 54 91 32 12 35 16 64 41 66 77 7 45 53 13 88 63 81 37 5 19 11 62 13 36 27 9 87 95 95 24 23 75 27 22 81 67 68 21 72 36 69 57 1 17 59 77 50 15 49 55 83 28 80 21 76 93 0 58 85 61 86 71 22 19 19 52 55
run=18 seed=17 k=96 f=0
26 81 95 33 32 43 50 36 88 45 92 70 80 86 48 20 45 3 86 16 50 0 4 18 53 0 65 48 79 10 8 53 52 18 54 35 20 88 46 21 68 30 66 81 72 63 27 61 48 84 6 79 39 41 60 95 1 95 14 14 86 13 83 30 7 93 71 44 6 21 56 25 90 58 82 30 95 9 74 38 60 24 25 39 95 90 65 29 57 44 0 73 40 62 75 13 61 79 62 39 91 76 51 89 1 16 71 32 64 7 53 14 0 23 55 94 71 21 89 30
run=19 seed=18 k=96 f=0
20 63 76 34 66 85 45 40 66 93 31 56 0 28 89 43 82 92 12 18 77 52 16 43 25 60 83 29 69 62 54 47 33 70 51 95 47 59 71 23 54 46 35 51 46 13 3 1 24 18 19 60 71 95 85 94 8 67 93 27 73 29 58 9 25 54 65 56 77 49 33 4 73 65 77 6 0 81 6 70 37 25 19 17 42 95 14 41 51 10 87 92 34 92 63 68 0 42 88 11 12 25 0 31 90 37 79 41 34 84 82 9 80 15 90 57 0 21 8 42
run=20 seed=19 k=96 f=0
90 56 95 17 89 43 63 35 42 52 1 64 1 30 86 95 77 67 31 28 24 27 1 61 83 69 47 73 73 79 25 87 0 85 19 14 18 90 47 37 7 87 31 36 14 74 12 52 11 45 85 59 48 0 65 18 35 13 91 52 94 27 23 93 95 53 82 61 83 3 19 69 18 59 57 57 0 73 55 49 24 7 0 16 70 30 9 9 35 70 77 20 75 61 37 45 7 81 8 6 95 47 40 29 32 42 27 38 46 51 61 58 80 80 68 21 26 94 95 68
