run=1 seed=0 k=91 f=0
90 74 40 90 38 73 0 18 5 59 90 70 12 4 2 25 79 35 21 13 18 25 52 29 8 11 58 3 35 76 54 27 58 60 46 38 49 70 7 35 0 12 34 14 44 35 84 49 28 77 23 86 60 48 79 16 90 32 67 49 23 54 88 19 67 33 82 45 26 16 88 75 65 80 53 44 73 44 60 20 62 55 11 88 53 84 10 5 29 67 75 65 81 0 32 60 90 81 60 0 69 7 1 17 70 66 39 39 73 71 48 64 83 19 25 4 20 42 31 0
run=2 seed=1 k=91 f=0
90 74 40 90 38 73 0 18 5 59 90 70 12 4 2 25 79 35 21 13 18 25 52 29 8 11 58 3 35 76 54 27 58 60 46 38 49 70 7 35 0 12 34 14 44 35 84 49 28 77 23 86 60 48 79 16 90 32 67 49 23 54 88 19 67 33 82 45 26 16 88 75 65 80 53 44 73 44 60 20 62 55 11 88 53 84 10 5 29 67 75 65 81 0 32 60 90 81 60 0 69 7 1 17 70 66 39 39 73 71 48 64 83 19 25 4 20 42 31 0
run=3 seed=2 k=91 f=0
5 53 34 90 49 90 39 44 64 37 19 34 37 21 57 65 62 36 21 86 16 68 12 49 53 0 2 33 61 0 3 75 62 60 83 33 30 49 76 54 7 8 30 26 40 5 13 81 11 46 5 9 22 27 61 86 0 33 39 25 55 56 0 68 55 59 13 24 0 0 90 12 45 2 82 15 67 72 77 45 50 80 11 17 29 85 27 45 18 76 41 34 89 68 65 22 18 42 90 86 0 48 71 90 70 74 80 62 20 52 26 9 80 59 70 0 71 54 90 18
run=4 seed=3 k=91 f=0
33 44 25 71 47 66 64 55 60 19 23 6 29 35 13 63 69 82 42 77 71 12 48 10 28 0 3 57 87 0 8 87 75 85 41 58 55 12 0 80 64 17 54 22 65 30 48 50 67 45 39 90 18 18 84 35 86 39 58 64 57 15 12 0 19 48 89 15 62 80 54 35 43 88 39 71 10 5 86 16 13 90 0 45 6 50 52 16 80 60 26 68 21 1 90 77 81 41 31 54 5 71 73 22 30 26 45 22 77 7 90 34 88 36 31 28 53 80 73 2
run=5 seed=4 k=91 f=0
8 12 64 0 20 50 16 55 39 7 44 48 89 62 85 71 74 89 58 23 34 23 46 83 28 22 5 24 59 12 57 83 26 60 15 36 4 66 67 1 45 70 20 63 0 7 86 73 22 36 6 54 85 71 30 31 48 60 83 25 19 41 12 33 90 83 16 14 79 76 11 72 0 22 76 31 88 54 90 34 1 78 38 82 82 16 42 69 55 40 21 65 14 57 52 75 89 90 90 80 4 50 34 22 7 72 40 80 37 30 64 11 66 0 76 3 46 0 48 65
run=6 seed=5 k=91 f=0
70 65 79 36 49 44 84 0 72 78 81 4 21 18 43 37 90 77 90 54 81 43 57 20 7 56 26 4 29 24 46 88 30 60 25 10 66 74 24 0 16 48 77 85 89 16 7 53 39 19 62 9 32 28 38 13 3 29 14 16 21 10 48 36 39 35 62 63 55 57 67 45 25 87 67 84 64 0 74 16 34 1 20 64 1 71 43 43 10 75 76 33 54 90 49 30 28 23 38 16 50 90 90 81 61 72 13 37 65 48 54 67 56 58 9 2 90 57 81 34
run=7 seed=6 k=91 f=0
34 23 17 72 3 83 66 36 30 25 64 32 1 74 0 27 51 90 76 69 36 73 64 6 14 36 2 47 41 27 0 12 67 1 68 24 9 59 87 0 44 82 8 45 55 22 57 53 41 26 76 42 64 10 82 15 71 40 73 0 12 77 90 28 0 25 15 54 89 17 54 41 58 69 88 69 9 73 6 76 49 90 90 70 12 8 58 89 60 6 60 79 82 50 37 31 83 5 19 0 33 40 55 33 26 16 22 62 81 44 52 51 73 89 42 39 81 48 36 20
run=8 seed=7 k=91 f=0
7 85 18 33 48 75 87 4 43 25 34 22 46 15 40 33 29 82 81 29 81 80 4 61 73 49 72 14 8 27 76 84 89 39 84 20 74 29 57 20 44 58 28 68 22 13 55 50 62 9 33 38 61 25 90 62 38 81 13 41 67 0 61 22 12 24 28 52 61 48 70 9 55 64 66 4 73 42 90 45 75 2 41 0 90 66 8 53 67 10 37 21 88 0 27 10 52 90 73 15 72 19 85 67 2 31 20 35 24 75 90 82 0 53 9 36 58 48 67 53
run=9 seed=8 k=91 f=0
15 81 80 90 6 45 75 79 43 24 61 76 31 40 61 34 37 54 21 87 21 48 87 8 51 49 70 90 67 89 1 25 35 84 18 90 38 16 56 9 30 7 62 0 14 35 22 73 45 38 58 84 38 66 58 39 73 79 44 33 85 88 70 19 66 52 82 5 0 26 0 52 25 81 0 38 68 41 1 75 4 28 71 45 83 87 52 0 10 70 47 15 82 6 13 65 20 72 53 63 90 13 19 60 64 32 90 57 9 56 30 0 51 23 28 60 19 41 44 27
run=10 seed=9 k=91 f=0
89 82 45 54 2 34 40 47 36 20 10 89 55 50 17 69 63 27 59 5 47 90 40 82 23 81 77 90 29 21 7 63 11 14 78 68 4 43 0 9 90 70 18 41 26 75 4 21 15 72 11 28 63 62 42 29 32 31 2 44 25 56 55 63 76 82 51 16 87 16 38 27 16 85 57 24 68 62 88 21 81 90 35 8 7 62 37 0 9 79 32 84 23 89 50 74 72 68 0 5 55 65 53 17 0 14 65 41 79 23 50 31 48 82 0 2 0 38 57 47
run=11 seed=10 k=91 f=0
76 86 90 58 73 46 43 62 15 0 22 86 75 89 65 47 0 13 14 55 84 13 90 23 81 49 73 77 37 30 50 90 6 67 34 31 22 67 43 59 74 56 71 87 1 6 87 69 3 74 48 11 13 21 54 23 32 13 39 67 33 1 55 38 90 0 58 46 25 0 35 27 64 31 50 62 48 39 28 42 52 28 37 45 24 28 82 63 0 73 82 39 41 13 8 56 8 70 7 20 80 0 16 18 89 65 87 61 5 80 82 10 28 45 57 81 37 78 18 70
run=12 seed=11 k=91 f=0
83 40 22 68 44 32 77 19 0 69 81 85 0 11 75 69 44 0 26 73 67 70 53 14 38 32 25 73 73 33 52 34 41 54 17 66 73 63 0 6 82 65 0 21 86 27 4 90 52 84 31 50 32 15 57 59 40 80 73 51 58 79 25 64 49 10 74 46 26 44 6 14 60 32 42 89 38 6 0 90 10 59 22 16 38 61 78 46 41 89 56 62 89 26 20 80 6 80 0 47 90 24 24 85 32 0 15 81 89 90 46 50 13 70 68 55 7 10 63 60
run=13 seed=12 k=91 f=0
18 0 39 9 15 33 20 24 56 33 34 38 67 58 16 37 84 74 24 18 18 53 21 90 10 75 10 11 19 43 22 42 10 79 39 70 24 52 4 48 37 68 49 83 43 70 3 62 34 53 12 24 72 32 82 74 8 44 33 0 58 57 62 21 51 88 43 29 5 63 74 1 3 30 61 30 89 27 0 31 46 0 89 26 17 56 77 47 90 89 80 87 75 42 89 83 82 82 8 51 13 28 84 56 70 66 0 62 89 47 16 25 34 59 57 0 63 76 52 14
run=14 seed=13 k=91 f=0
30 16 15 24 49 23 30 26 50 59 68 46 63 22 33 0 5 78 81 31 69 46 46 72 36 81 0 25 8 3 87 83 47 64 90 63 53 1 54 42 8 89 76 86 55 76 86 1 19 72 52 66 64 7 8 34 90 25 20 23 67 7 84 15 18 23 38 10 31 2 26 21 67 57 15 34 0 19 61 80 13 0 2 31 45 85 13 36 59 72 90 57 43 30 74 10 61 68 61 52 38 21 78 77 47 73 80 8 11 38 53 45 45 56 31 56 90 40 38 54
run=15 seed=14 k=91 f=0
1 89 80 90 65 19 15 37 32 24 79 2 87 11 27 67 70 90 36 87 54 8 22 10 87 55 43 37 48 67 63 17 84 28 90 56 30 60 90 18 0 59 48 41 19 61 86 48 22 36 73 42 42 46 84 0 69 44 63 31 83 56 6 72 74 81 64 49 33 23 50 68 32 45 53 15 77 14 35 25 69 20 29 41 29 63 56 7 0 20 7 2 45 13 81 2 72 41 90 79 70 43 13 49 11 49 77 54 52 72 32 65 80 38 9 29 9 25 4 0
run=16 seed=15 k=91 f=0
53 49 42 30 76 63 7 15 20 20 82 70 35 45 23 85 88 9 1 59 43 45 67 16 76 57 33 32 48 75 58 90 89 86 0 33 68 49 60 57 12 56 75 70 25 37 59 42 75 0 63 9 8 73 53 13 5 50 18 89 1 32 5 49 74 14 80 76 37 6 29 46 0 25 28 80 67 27 33 73 43 66 66 17 67 24 81 73 81 66 19 69 26 58 51 86 80 4 8 38 17 22 37 44 41 90 17 2 59 50 90 90 40 42 85 25 13 0 17 26
run=17 seed=16 k=91 f=0
73 16 38 47 74 0 33 90 58 4 37 41 36 25 1 1 22 67 37 44 70 60 55 15 38 79 3 59 85 29 76 67 45 83 81 64 16 44 21 50 58 75 29 8 89 0 43 26 23 55 58 40 39 11 54 52 3 88 32 65 18 41 66 33 82 28 55 85 17 10 15 15 19 87 21 70 63 31 12 69 90 28 48 56 29 25 90 13 90 68 50 78 84 53 2 76 24 6 13 81 73 6 0 74 45 32 62 37 47 72 86 65 66 88 1 88 19 50 8 1
run=18 seed=17 k=91 f=0
30 0 39 0 3 23 34 83 46 36 38 78 8 17 60 59 63 43 56 78 25 50 49 0 27 78 32 9 53 30 35 15 12 63 70 81 90 82 90 12 41 70 46 74 54 73 12 37 0 49 68 81 29 90 63 77 18 9 41 44 84 85 87 58 70 41 64 65 55 24 77 5 5 35 2 14 90 52 77 49 3 29 73 10 62 86 30 48 9 42 48 24 63 73 32 55 90 85 90 19 5 21 18 20 17 42 37 67 68 55 57 69 82 25 19 49 19 60 24 0
run=19 seed=18 k=91 f=0
83 4 38 0 1 90 53 89 84 43 47 51 11 18 81 23 42 76 8 41 27 82 89 39 14 68 79 82 74 57 38 24 60 63 35 69 0 71 35 85 28 38 78 31 89 33 21 0 20 15 41 64 65 76 26 13 48 79 55 63 90 64 62 12 19 37 49 65 76 2 63 53 43 9 70 55 10 5 30 16 14 58 20 20 46 24 49 4 27 28 77 3 88 57 90 80 62 19 7 55 69 44 84 0 7 57 34 52 71 9 0 90 30 4 47 25 47 15 71 23
run=20 seed=19 k=91 f=0
62 51 90 45 14 18 64 21 54 88 81 18 30 68 38 57 51 28 24 15 61 10 44 72 4 8 44 90 45 68 23 6 35 85 58 84 12 42 12 11 90 53 7 47 41 74 50 54 87 71 6 20 71 33 27 57 21 27 71 72 78 40 18 65 44 90 1 37 43 56 2 87 13 69 41 38 79 90 64 73 30 26 80 9 18 83 32 76 80 28 76 30 1 51 64 69 14 67 0 75 38 77 35 90 83 5 78 1 36 0 37 59 32 57 60 9 17 90 65 0
