run=1 seed=0 k=90 f=0
71 74 78 43 84 24 6 1 32 1 36 27 44 63 14 20 3 59 89 24 68 44 35 35 56 26 81 35 80 55 57 46 80 62 89 62 7 15 31 50 69 7 39 42 15 83 28 49 66 35 0 40 45 51 54 12 75 47 84 40 35 76 13 87 9 56 15 55 13 54 25 72 8 45 75 76 73 0 71 79 4 68 6 16 37 61 30 89 89 21 45 13 24 34 17 84 48 9 89 29 80 69 49 22 18 23 52 0 89 19 83 58 89 3 27 2 0 65 66 60
run=2 seed=1 k=90 f=0
71 74 78 43 84 24 6 1 32 1 36 27 44 63 14 20 3 59 89 24 68 44 35 35 56 26 81 35 80 55 57 46 80 62 89 62 7 15 31 50 69 7 39 42 15 83 28 49 66 35 0 40 45 51 54 12 75 47 84 40 35 76 13 87 9 56 15 55 13 54 25 72 8 45 75 76 73 0 71 79 4 68 6 16 37 61 30 89 89 21 45 13 24 34 17 84 48 9 89 29 80 69 49 22 18 23 52 0 89 19 83 58 89 3 27 2 0 65 66 60
run=3 seed=2 k=90 f=0
60 27 0 56 51 27 5 89 9 7 66 12 9 32 74 11 76 66 15 60 62 47 68 36 45 47 76 19 83 33 45 0 51 82 42 69 22 58 6 13 29 75 39 20 12 73 60 84 1 12 44 0 74 26 79 87 86 37 32 0 69 56 57 74 43 36 0 30 71 34 21 22 89 29 17 62 24 31 19 54 25 19 64 60 89 71 62 20 89 23 80 53 77 49 53 31 79 79 41 77 52 11 50 50 6 89 67 70 2 40 1 33 3 39 84 8 66 7 35 85
run=4 seed=3 k=90 f=0
0 85 51 8 13 36 84 47 58 4 82 73 63 80 1 76 42 60 30 5 81 7 31 45 13 74 53 0 52 89 33 30 21 31 88 77 55 73 39 16 3 61 17 68 44 0 54 54 0 61 5 48 26 44 68 40 9 21 56 33 80 4 1 74 62 47 9 41 26 25 11 18 26 19 15 47 62 85 64 78 57 26 74 42 20 84 35 70 36 68 89 73 18 88 69 33 50 81 2 41 2 77 11 81 10 55 42 59 51 67 27 89 8 82 64 88 17 24 21 71
run=5 seed=4 k=90 f=0
27 89 40 10 83 0 68 13 83 51 1 85 4 39 80 78 21 55 21 6 23 53 51 9 11 89 88 32 19 32 48 36 73 79 77 40 60 52 56 13 29 43 58 16 25 45 88 62 26 60 58 89 1 33 59 0 43 2 82 51 24 23 29 86 81 71 48 56 28 66 45 72 68 40 61 10 0 88 72 55 33 73 16 60 74 39 45 12 51 21 2 25 79 88 89 17 74 64 68 35 22 9 7 35 39 68 35 64 60 19 83 26 40 65 80 33 0 76 6 64
run=6 seed=5 k=90 f=0
21 1 15 60 40 88 39 35 82 31 10 72 0 61 53 33 40 64 60 40 44 0 9 52 24 76 48 73 30 44 37 17 9 19 67 0 53 12 68 22 23 16 31 77 80 52 28 38 70 27 66 46 68 8 5 51 89 63 77 39 26 0 84 18 82 73 29 5 13 12 6 28 14 52 89 76 81 57 51 89 53 34 45 5 33 20 0 56 0 77 43 75 62 37 89 26 60 23 55 46 55 67 85 32 16 54 46 9 71 69 22 89 18 57 89 71 45 63 28 58
run=7 seed=6 k=90 f=0
33 20 34 14 51 51 5 30 75 5 12 59 74 79 7 1 75 66 39 5 29 73 38 80 69 60 87 28 35 50 0 47 0 64 34 72 35 46 63 0 55 81 12 44 88 83 18 89 27 79 52 89 66 27 40 57 0 48 18 89 41 28 87 10 9 15 21 66 25 14 88 35 76 11 39 80 70 57 7 82 27 0 78 4 33 43 45 62 89 25 48 59 83 57 2 8 69 22 67 15 82 87 19 64 16 12 66 42 24 53 9 70 36 16 47 60 44 0 61 54
run=8 seed=7 k=90 f=0
53 80 63 0 55 27 48 38 43 23 8 73 79 68 46 39 27 59 79 24 38 23 18 65 88 78 1 71 55 67 59 62 18 82 10 7 27 60 42 89 0 15 68 0 40 16 59 88 35 89 10 42 15 30 85 52 88 67 72 35 59 82 79 9 59 67 36 33 0 21 85 76 13 32 89 50 78 74 1 20 89 9 1 48 14 63 61 24 22 76 68 52 18 48 29 2 12 85 0 23 37 5 82 35 84 29 70 34 48 71 43 37 89 23 25 48 54 29 48 52
run=9 seed=8 k=90 f=0
16 55 9 42 11 78 57 0 34 86 38 48 12 0 31 0 60 32 35 45 60 89 67 23 9 0 85 17 89 10 0 11 64 5 24 48 19 27 27 14 54 57 67 41 33 82 46 89 58 65 54 69 23 26 46 62 46 30 39 16 84 59 76 50 71 33 3 23 55 76 44 76 83 17 19 1 78 71 89 7 60 89 74 2 21 31 34 22 18 72 9 53 85 3 86 67 27 60 79 52 19 34 68 2 41 62 37 82 22 71 51 78 42 78 9 11 51 28 89 47
run=10 seed=9 k=90 f=0
39 45 2 71 41 9 65 69 25 0 20 45 88 51 21 89 86 0 45 84 67 11 48 73 36 39 0 77 63 50 1 41 31 43 20 16 81 72 67 44 83 27 80 23 10 34 0 61 19 10 80 35 22 55 62 31 0 75 64 72 12 47 17 18 0 46 86 9 80 7 39 51 79 29 79 24 11 54 28 58 89 48 54 56 12 52 69 23 80 61 76 58 54 9 59 31 18 62 5 65 27 73 36 55 49 89 63 85 8 16 40 30 66 49 36 52 89 89 27 3
run=11 seed=10 k=90 f=0
81 45 89 33 3 58 84 3 73 82 35 44 21 67 79 1 62 8 64 28 14 77 23 21 86 59 69 70 83 89 28 10 89 39 55 48 41 60 32 89 25 63 89 28 63 64 29 0 48 46 37 35 34 7 41 59 80 9 80 26 54 49 51 78 8 3 72 82 26 76 15 58 17 42 18 87 12 40 31 6 19 0 10 1 41 51 75 63 24 8 56 46 89 69 0 30 37 42 72 66 19 50 12 0 15 19 6 0 75 52 22 68 54 75 75 38 15 55 85 45
run=12 seed=11 k=90 f=0
0 20 51 9 12 82 71 39 65 0 48 2 38 65 69 30 0 61 75 30 18 16 38 31 13 28 76 39 80 30 89 21 48 24 18 58 45 13 12 71 19 11 7 89 47 81 59 7 54 78 60 44 56 44 24 66 89 21 26 43 48 37 87 16 41 32 22 56 35 25 4 85 70 1 89 84 89 78 65 28 69 37 0 87 64 16 55 8 87 77 34 6 70 0 50 78 12 74 22 43 83 2 54 79 82 78 22 54 54 0 44 60 72 31 31 67 18 68 61 9
run=13 seed=12 k=90 f=0
0 11 48 39 0 75 83 35 65 17 88 0 7 64 69 12 16 28 44 19 0 0 26 12 75 0 54 81 63 27 2 1 84 52 87 68 89 37 26 58 19 53 35 61 62 73 19 52 60 60 84 10 19 31 41 41 77 85 42 19 11 4 64 42 5 63 36 81 34 75 80 28 89 70 59 34 73 20 50 67 58 24 89 81 53 47 23 71 15 65 89 47 17 50 12 27 55 56 72 45 67 77 40 80 37 50 69 22 34 7 86 78 73 0 44 22 89 9 29 1
run=14 seed=13 k=90 f=0
16 13 89 26 1 58 84 29 80 65 57 52 80 41 19 82 87 74 51 20 47 22 11 24 62 66 0 5 18 11 67 39 42 40 47 3 19 51 36 70 76 0 1 89 75 71 3 80 2 8 34 15 59 54 53 89 71 19 42 89 59 12 74 5 11 30 67 7 79 24 67 64 0 25 48 59 31 29 54 37 71 35 30 81 18 5 59 23 0 34 84 88 10 62 45 89 52 59 65 47 18 60 40 24 28 89 41 80 37 14 43 75 40 31 84 33 46 77 21 2
run=15 seed=14 k=90 f=0
14 30 56 80 42 24 27 69 64 61 19 48 28 30 9 23 28 83 68 75 83 89 12 77 77 21 12 59 88 0 2 87 89 60 9 38 68 89 27 45 6 40 70 31 52 5 76 47 78 39 38 89 77 48 16 18 18 48 4 8 72 69 58 11 19 61 58 24 80 62 34 0 52 6 53 74 0 65 85 74 0 32 88 22 84 16 54 71 89 33 53 37 1 47 44 56 45 43 80 1 84 8 57 67 38 67 9 81 39 14 64 0 12 65 40 3 71 28 22 18
run=16 seed=15 k=90 f=0
89 0 20 89 19 51 80 10 68 88 32 15 39 55 82 10 89 73 60 60 33 63 67 0 0 62 21 25 64 0 10 1 28 5 64 7 72 3 81 39 23 80 46 65 52 25 72 16 47 28 7 13 65 37 7 31 24 42 6 49 26 33 30 9 46 84 38 78 30 41 75 49 46 88 46 0 0 21 17 81 32 44 87 71 14 22 73 77 0 52 69 85 15 56 54 89 59 32 39 55 56 89 89 24 4 44 65 69 82 53 18 73 77 31 17 79 11 57 35 49
run=17 seed=16 k=90 f=0
10 35 89 30 76 53 5 50 42 84 76 46 14 39 37 5 2 60 59 55 65 67 15 17 28 79 24 51 55 17 7 0 26 38 57 35 89 39 50 89 8 28 21 86 15 84 25 72 82 66 35 32 70 14 26 0 48 47 52 89 13 32 62 81 80 29 2 65 47 64 89 14 40 47 59 0 8 67 36 41 74 21 86 2 30 80 17 43 58 80 20 33 6 58 41 73 27 9 38 20 51 46 69 80 83 0 22 72 75 72 89 0 58 65 44 43 49 7 65 71
run=18 seed=17 k=90 f=0
0 78 89 78 32 22 84 1 30 5 58 12 26 65 70 68 20 54 40 13 16 8 88 64 50 61 51 9 25 51 35 73 73 42 47 88 3 11 7 29 60 84 29 81 17 67 26 48 37 27 5 56 3 16 74 88 58 5 10 74 33 89 41 4 27 42 13 44 14 56 74 63 36 20 35 46 80 60 77 70 20 9 66 3 0 33 38 80 37 71 68 89 75 49 82 89 0 21 43 26 73 62 65 67 84 89 66 46 15 54 20 47 57 19 42 33 0 17 25 0
run=19 seed=18 k=90 f=0
88 89 79 0 66 48 84 88 72 58 30 44 9 37 7 53 71 0 41 36 84 1 41 7 18 41 0 0 23 38 32 10 31 9 78 70 51 89 59 63 17 62 79 63 60 64 76 79 71 69 57 17 18 53 29 46 1 60 9 1 29 38 86 72 0 26 20 57 3 13 78 82 11 67 18 86 45 44 0 39 35 89 72 53 65 74 89 67 32 26 50 44 61 41 26 19 15 48 9 26 28 57 83 52 7 52 30 66 76 24 81 60 8 54 41 57 15 70 23 31
run=20 seed=19 k=90 f=0
34 85 72 35 61 9 67 12 7 3 35 43 44 89 10 15 7 26 0 41 54 84 89 69 54 53 59 0 8 0 76 83 20 76 26 79 0 79 89 83 56 89 22 61 52 28 55 52 35 24 84 49 28 15 79 30 9 23 67 55 60 78 78 37 29 72 43 50 39 24 6 0 4 35 46 63 12 73 35 65 13 62 11 32 74 0 73 30 81 39 48 71 88 61 39 17 46 20 77 84 48 8 65 18 88 19 52 59 45 89 18 1 68 25 40 87 44 21 34 58
