run=1 seed=0 k=100 f=0
5 86 77 22 27 35 83 24 49 93 55 28 34 83 99 92 40 28 74 11 99 70 67 57 0 34 62 18 63 34 29 2 22 29 69 98 93 56 16 88 49 2 21 80 64 39 61 90 15 14 9 50 36 0 56 78 26 32 96 46 69 73 84 66 0 5 46 31 13 57 24 98 52 45 15 67 34 64 9 81 89 7 74 81 81 74 3 51 56 9 32 76 76 65 41 46 94 86 94 39 97 42 19 78 60 99 1 0 17 94 52 44 10 97 51 13 65 86 44 26
run=2 seed=1 k=100 f=0
5 86 77 22 27 35 83 24 49 93 55 28 34 83 99 92 40 28 74 11 99 70 67 57 0 34 62 18 63 34 29 2 22 29 69 98 93 56 16 88 49 2 21 80 64 39 61 90 15 14 9 50 36 0 56 78 26 32 96 46 69 73 84 66 0 5 46 31 13 57 24 98 52 45 15 67 34 64 9 81 89 7 74 81 81 74 3 51 56 9 32 76 76 65 41 46 94 86 94 39 97 42 19 78 60 99 1 0 17 94 52 44 10 97 51 13 65 86 44 26
run=3 seed=2 k=100 f=0
90 0 88 21 80 98 68 60 44 37 48 79 49 0 0 97 57 73 67 89 2 75 81 52 67 58 9 31 54 30 89 70 82 3 75 24 97 20 75 97 57 67 34 6 65 14 40 14 89 74 93 46 95 29 16 62 9 23 2 20 86 86 43 21 33 56 43 1 86 0 15 54 28 45 94 39 62 57 91 39 49 36 44 36 99 62 10 73 8 52 9 24 65 37 84 79 71 65 5 37 48 18 99 18 4 53 29 99 15 80 82 49 11 2 82 0 97 85 22 28
run=4 seed=3 k=100 f=0
45 85 65 38 1 14 70 75 0 64 63 23 59 14 3 58 61 74 5 95 26 32 39 91 99 50 85 34 69 99 52 14 36 4 6 61 15 44 82 81 74 46 95 0 12 45 82 52 22 81 99 90 39 98 48 59 35 77 1 0 35 41 48 66 98 52 27 32 56 30 49 53 20 10 91 11 42 68 11 16 53 10 63 80 65 88 26 41 90 13 19 25 6 68 41 79 43 77 55 86 17 22 9 19 95 99 93 69 31 57 0 29 27 2 3 80 20 38 77 71
run=5 seed=4 k=100 f=0
0 98 72 89 63 48 25 64 0 48 28 59 15 81 3 8 79 31 54 92 40 2 68 8 59 19 82 39 68 20 27 73 67 57 99 19 61 24 82 60 62 76 20 75 69 35 46 99 68 39 80 89 47 11 21 72 76 95 53 93 16 62 31 15 31 31 90 23 7 26 38 58 22 90 96 2 73 38 0 47 48 99 87 42 90 33 34 51 51 32 11 14 85 5 72 45 59 43 85 84 66 90 4 24 66 54 54 14 48 80 51 30 78 99 10 25 63 54 1 15
run=6 seed=5 k=100 f=0
76 67 50 41 44 35 22 94 99 81 25 50 60 1 14 41 0 26 28 10 14 76 79 19 52 5 68 75 79 45 46 34 85 10 97 58 8 71 10 67 67 32 15 67 35 0 37 94 1 96 5 17 22 82 63 53 80 70 27 99 42 57 94 44 43 39 50 79 31 20 91 44 15 33 61 74 52 99 35 24 35 89 92 86 52 41 88 89 59 18 1 52 94 46 83 24 99 19 71 6 49 90 14 10 82 9 36 30 61 67 3 75 83 12 0 0 32 7 57 42
run=7 seed=6 k=100 f=0
31 85 69 60 57 85 85 44 5 0 82 23 27 93 45 16 0 92 23 15 12 67 31 62 89 11 97 66 57 0 55 55 12 18 20 55 81 52 70 63 41 33 34 42 97 74 36 98 72 77 65 72 74 51 35 93 98 23 78 7 41 26 58 0 5 89 76 39 84 97 12 66 52 1 10 48 29 66 47 90 0 90 22 84 80 16 52 79 33 78 87 28 19 42 34 5 39 81 99 5 10 26 73 12 81 44 61 6 99 99 47 0 0 92 48 48 24 91 13 39
run=8 seed=7 k=100 f=0
77 99 1 68 77 43 78 99 90 69 11 24 84 26 75 20 78 52 70 34 4 64 90 4 49 84 53 38 57 31 1 24 27 16 32 56 12 54 16 9 95 0 29 12 47 50 5 99 45 53 50 18 86 39 5 44 36 66 71 95 45 93 29 64 48 62 85 81 83 32 25 6 70 7 85 61 44 36 41 51 88 11 57 14 78 73 59 42 31 94 41 74 75 22 6 97 10 44 69 1 91 23 80 98 88 92 66 82 58 59 55 95 72 0 19 18 22 39 65 0
run=9 seed=8 k=100 f=0
70 30 43 52 11 5 85 20 81 22 43 86 96 47 77 88 0 98 99 15 5 37 97 63 59 16 34 7 55 0 53 4 91 94 99 44 88 35 57 17 74 99 11 23 63 10 56 16 60 7 45 67 99 63 84 79 68 14 29 37 32 34 69 46 33 56 82 59 58 94 40 49 10 52 29 26 33 51 42 24 10 0 19 23 89 70 90 84 34 47 1 89 14 23 81 0 87 97 74 1 74 66 15 52 61 75 77 97 78 72 13 90 45 9 0 54 25 62 38 81
run=10 seed=9 k=100 f=0
75 74 47 1 30 56 99 46 40 52 4 0 37 9 37 17 87 40 48 99 45 79 26 25 81 93 28 66 21 11 40 78 83 51 23 66 30 95 34 37 12 52 17 10 93 60 19 3 49 25 89 94 51 85 43 2 83 57 66 82 45 30 8 91 90 21 98 53 82 95 81 15 62 53 70 73 62 90 98 11 16 12 7 74 0 29 71 76 66 91 58 89 71 8 42 63 99 21 98 49 36 30 64 0 79 0 18 49 34 31 61 56 83 27 28 16 75 37 57 49
run=11 seed=10 k=100 f=0
66 11 88 35 18 29 49 74 45 43 23 71 26 78 42 81 18 59 73 69 68 42 95 81 26 69 12 73 30 66 49 88 99 92 99 46 4 35 26 10 33 92 88 21 41 82 8 38 64 9 58 26 55 61 93 57 93 5 38 82 58 70 71 14 61 40 6 29 66 15 87 60 0 88 33 96 54 92 46 60 37 2 65 47 20 43 85 0 24 27 54 97 54 17 0 77 97 76 13 12 99 0 4 77 40 33 46 19 54 15 85 54 80 9 29 90 99 55 3 0
run=12 seed=11 k=100 f=0
23 0 99 51 44 69 28 32 62 23 0 16 18 34 90 68 95 84 63 78 80 6 17 9 55 34 88 75 68 79 24 54 37 57 49 77 60 7 55 29 24 58 78 96 84 91 71 0 90 65 95 81 38 13 92 95 45 26 62 50 99 61 75 27 93 1 49 26 58 33 69 69 32 77 99 11 15 5 35 88 88 83 15 39 81 76 70 40 21 19 44 17 35 73 0 27 33 7 90 43 87 50 25 42 12 8 53 42 89 41 66 0 56 99 70 18 74 43 99 4
run=13 seed=12 k=100 f=0
60 12 94 15 25 90 89 75 43 91 51 69 56 80 49 4 72 23 83 69 96 45 80 14 38 83 19 92 58 18 21 90 5 69 0 27 10 79 50 10 96 10 51 45 3 99 29 75 99 39 83 32 97 7 72 35 68 16 54 98 53 81 47 63 67 25 36 80 45 78 31 7 70 16 62 13 66 86 63 83 0 64 59 32 22 6 19 43 74 56 41 36 89 34 89 0 74 32 87 95 17 82 24 87 27 52 46 65 28 55 0 0 29 63 84 99 24 3 40 96
run=14 seed=13 k=100 f=0
16 0 79 97 6 23 30 76 47 70 12 79 62 97 51 39 64 84 81 94 68 84 21 90 93 15 25 71 44 67 99 85 50 42 77 33 19 9 56 0 19 18 75 71 17 55 21 4 32 37 16 16 65 7 32 14 92 4 35 2 98 55 73 76 41 50 99 64 59 89 97 40 9 32 99 26 25 27 85 9 66 0 91 51 2 34 90 77 24 92 9 3 0 83 48 43 80 33 29 62 56 49 59 99 37 42 53 62 50 71 5 60 36 73 47 65 88 37 53 47
run=15 seed=14 k=100 f=0
12 0 0 21 79 88 6 0 82 6 12 44 55 65 78 85 96 34 69 7 21 69 25 98 48 64 58 64 53 96 75 98 28 35 72 1 44 36 37 1 86 79 13 57 36 91 50 78 99 49 27 34 69 99 14 30 90 33 8 8 91 18 59 71 54 31 48 47 21 74 31 17 4 63 26 48 91 41 17 27 62 40 86 68 10 83 54 46 30 58 21 75 6 77 95 64 8 71 34 94 92 84 19 84 81 98 23 18 76 57 41 87 24 1 57 7 12 63 47 44
run=16 seed=15 k=100 f=0
95 50 9 0 96 44 86 92 64 27 4 0 99 54 67 28 89 87 2 51 25 49 74 60 98 51 68 82 97 64 65 12 70 69 61 17 80 30 79 99 41 14 59 53 25 56 37 25 17 34 77 43 76 99 87 5 90 3 38 28 45 3 49 15 87 55 34 83 15 8 25 99 64 93 77 93 0 11 16 21 37 91 1 70 71 19 71 9 42 99 49 28 69 48 63 39 31 73 55 40 44 22 83 8 54 36 2 40 82 17 88 80 91 55 15 81 26 43 9 30
run=17 seed=16 k=100 f=0
44 13 17 72 47 23 23 60 80 57 69 24 1 11 42 62 89 0 1 99 13 99 81 14 38 99 48 52 51 46 0 31 66 37 19 99 23 48 72 44 88 91 64 53 90 9 85 36 65 83 39 33 57 47 83 75 32 47 27 99 77 9 15 48 50 98 79 40 94 83 43 21 96 24 17 31 66 31 68 60 17 54 99 0 22 67 77 85 3 55 60 0 79 57 7 93 83 26 8 86 95 29 33 54 97 26 11 21 5 92 66 33 41 74 31 93 63 78 71 7
run=18 seed=17 k=100 f=0
65 58 37 46 53 88 5 10 54 27 1 65 38 76 85 34 42 79 80 30 55 61 21 48 83 60 93 39 99 77 96 17 37 33 19 9 85 51 0 4 32 31 66 16 7 72 97 72 77 69 92 34 45 80 0 0 29 0 29 16 22 0 99 58 20 65 26 63 94 55 63 44 93 64 40 46 85 43 66 11 87 0 22 8 13 79 60 72 28 86 96 83 19 10 71 1 72 99 53 55 50 19 44 74 89 67 99 28 10 90 47 10 87 89 32 98 19 24 80 51
run=19 seed=18 k=100 f=0
97 70 81 47 85 17 62 53 66 49 44 1 22 37 69 65 70 50 0 58 44 0 31 59 56 90 0 12 20 67 79 29 68 94 43 34 31 52 44 99 20 89 89 26 39 7 84 8 12 38 92 64 7 74 95 55 88 6 13 81 48 3 95 77 81 59 89 87 7 53 29 12 37 17 23 73 78 74 82 89 14 0 61 73 6 35 29 69 99 40 62 77 1 97 99 79 33 34 30 13 31 16 59 22 59 0 39 98 45 17 7 56 48 59 18 41 26 98 23 52
run=20 seed=19 k=100 f=0
50 74 48 1 87 91 73 45 69 65 76 81 65 4 76 25 76 99 64 88 47 55 55 22 35 89 38 83 61 68 43 53 12 63 59 2 6 17 29 11 75 34 91 59 35 8 37 34 49 40 32 50 2 30 78 98 73 63 99 42 2 67 17 5 45 59 72 27 32 70 22 15 43 15 18 13 20 79 85 69 56 58 15 17 95 99 41 9 14 12 38 97 27 92 87 81 62 35 25 7 6 79 51 26 93 98 37 0 94 82 88 23 25 58 57 81 99 2 7 0
