run=1 seed=0 k=109 f=0
66 14 5 24 69 89 44 40 48 52 74 19 78 101 102 54 48 104 36 58 92 60 26 11 79 37 34 28 3 83 101 86 98 70 93 107 49 102 52 72 77 51 57 31 91 31 3 21 23 63 28 63 63 97 18 108 15 69 58 35 61 82 13 63 60 71 74 0 25 10 46 103 0 65 22 92 3 46 103 55 42 78 50 102 17 108 81 58 89 11 84 13 3 38 0 63 68 67 66 93 83 35 90 19 8 108 87 0 37 108 95 14 75 7 5 49 55 98 39 33
run=2 seed=1 k=109 f=0
66 14 5 24 69 89 44 40 48 52 74 19 78 101 102 54 48 104 36 58 92 60 26 11 79 37 34 28 3 83 101 86 98 70 93 107 49 102 52 72 77 51 57 31 91 31 3 21 23 63 28 63 63 97 18 108 15 69 58 35 61 82 13 63 60 71 74 0 25 10 46 103 0 65 22 92 3 46 103 55 42 78 50 102 17 108 81 58 89 11 84 13 3 38 0 63 68 67 66 93 83 35 90 19 8 108 87 0 37 108 95 14 75 7 5 49 55 98 39 33
run=3 seed=2 k=109 f=0
14 25 9 57 100 36 41 103 36 56 86 47 18 33 39 94 66 51 5 53 52 52 25 71 60 30 40 1 15 31 105 6 107 98 16 85 62 74 94 103 39 67 34 78 83 14 80 57 54 49 1 73 93 87 6 90 107 84 11 82 53 66 47 17 30 69 24 92 41 74 79 64 42 4 60 106 25 32 36 96 20 21 12 6 61 29 82 60 68 18 51 24 9 86 12 43 76 45 39 0 20 9 98 93 30 62 95 58 72 0 45 77 42 26 68 98 104 74 50 53
run=4 seed=3 k=109 f=0
30 72 38 9 9 66 44 33 49 104 42 23 48 78 108 13 7 41 11 28 82 76 0 101 95 29 76 80 55 62 25 102 22 25 28 108 0 87 48 37 41 91 88 53 97 92 5 92 22 20 29 49 63 103 20 37 99 41 72 100 10 26 24 14 82 9 3 19 68 16 54 7 85 51 108 2 0 77 81 15 36 57 33 46 71 65 89 90 86 53 60 84 59 75 90 36 108 1 1 62 52 18 79 102 65 42 13 9 105 66 98 96 1 107 15 75 75 12 56 59
run=5 seed=4 k=109 f=0
94 108 90 108 98 1 101 76 97 71 64 72 101 5 50 64 73 78 76 11 57 86 42 18 55 32 108 1 102 107 54 0 40 54 57 11 0 47 87 83 96 3 66 108 74 17 7 62 92 80 51 37 14 40 87 61 10 103 20 83 90 90 87 31 26 42 49 82 106 0 42 40 24 17 26 66 24 71 0 92 31 59 34 57 5 18 11 5 23 40 55 49 30 83 106 74 99 45 33 7 91 20 45 98 18 65 61 12 34 69 79 11 25 16 83 85 2 94 45 48
run=6 seed=5 k=109 f=0
5 21 23 41 14 26 89 39 85 75 77 12 95 50 51 0 105 12 14 33 38 32 65 86 48 32 70 34 33 108 52 101 44 19 6 105 46 55 65 81 81 54 38 53 69 54 9 77 2 60 79 67 46 106 41 94 64 37 20 2 101 72 13 37 0 75 96 47 91 94 101 6 108 30 0 7 100 19 95 74 85 14 84 23 45 50 25 14 2 45 29 25 107 84 57 25 0 65 88 89 26 80 68 42 18 108 36 12 77 73 65 80 100 70 5 63 96 61 61 57
run=7 seed=6 k=109 f=0
78 76 49 25 105 45 34 6 65 96 27 81 9 64 105 98 40 53 52 0 96 71 81 71 46 0 103 23 66 18 108 15 2 97 87 108 50 37 99 9 30 94 101 26 85 108 51 94 57 68 53 32 31 59 39 88 107 0 92 2 24 107 67 34 9 2 60 32 53 58 67 53 16 76 79 15 77 37 55 60 72 75 45 49 1 90 18 61 16 44 85 42 19 70 40 28 37 8 105 89 21 62 34 25 80 4 82 0 8 85 29 93 54 92 10 19 40 58 68 104
run=8 seed=7 k=109 f=0
98 62 108 47 93 6 64 98 88 67 46 0 12 50 67 0 87 29 0 67 31 27 70 57 21 56 1 3 52 5 23 55 90 38 106 32 2 80 67 24 50 68 85 108 53 18 106 72 102 91 35 60 44 0 80 90 21 9 54 101 58 16 30 46 40 49 22 40 37 76 94 105 51 44 83 108 9 63 99 48 45 25 71 84 59 88 74 76 81 75 8 33 90 56 20 44 108 100 22 36 17 52 11 45 68 16 66 40 79 73 15 34 10 32 30 81 11 61 99 0
run=9 seed=8 k=109 f=0
63 105 87 0 21 71 7 56 31 29 37 64 15 4 96 88 33 100 16 20 102 95 108 85 23 37 44 73 22 86 41 85 107 103 67 92 67 107 55 24 31 102 16 47 9 70 43 39 53 73 58 58 61 52 98 54 95 41 49 82 0 26 79 19 79 85 8 95 82 71 9 8 56 0 26 98 108 32 7 51 37 63 32 31 65 91 43 34 15 18 2 108 2 45 47 24 25 47 11 14 47 77 45 95 101 89 81 65 69 79 5 107 83 39 94 53 24 2 1 14
run=10 seed=9 k=109 f=0
8 90 53 18 83 76 97 43 85 106 89 81 4 16 99 13 90 41 106 0 108 51 45 28 97 35 77 98 53 76 108 101 62 0 37 97 70 96 40 63 33 1 102 49 0 62 105 17 28 90 102 24 52 78 8 60 46 106 17 62 69 57 80 108 71 62 85 12 49 89 11 50 0 31 7 48 2 24 54 14 29 108 73 100 79 71 74 41 68 93 1 21 84 36 19 54 6 94 35 72 12 28 13 8 30 58 106 81 62 27 19 8 24 66 63 3 44 68 44 101
run=11 seed=10 k=109 f=0
76 76 30 9 63 106 25 60 0 93 27 39 90 53 78 63 78 0 46 13 99 93 51 12 25 53 34 10 12 84 1 91 66 49 4 24 19 47 90 15 38 66 86 38 92 79 5 55 107 90 4 101 52 71 72 30 67 105 40 94 99 31 1 44 2 12 84 68 27 32 70 22 98 13 37 99 36 18 69 108 107 107 40 53 53 20 47 42 18 107 61 104 56 80 81 31 49 46 1 7 58 19 78 94 88 83 0 62 88 98 72 39 105 22 67 95 62 46 21 61
run=12 seed=11 k=109 f=0
36 11 51 7 102 7 103 80 75 84 97 76 62 50 0 81 100 54 46 108 81 55 50 16 72 16 35 28 36 108 100 65 85 1 73 0 13 75 99 108 61 14 59 67 43 90 71 105 35 72 12 4 0 62 62 18 98 30 21 85 105 0 6 28 23 41 76 56 13 65 53 44 44 34 40 91 32 11 87 81 17 97 88 59 82 46 92 29 83 33 30 18 52 88 39 106 3 23 24 23 46 94 5 41 36 20 23 68 95 33 44 108 108 3 78 94 42 49 56 64
run=13 seed=12 k=109 f=0
19 54 88 99 46 108 31 26 53 29 1 21 0 19 44 84 60 32 48 86 26 100 33 69 103 108 43 105 70 63 89 33 96 11 96 28 104 75 4 38 90 8 26 0 77 45 90 78 10 3 90 53 95 81 0 82 43 91 80 80 28 100 2 13 103 6 87 19 65 61 22 98 9 22 108 97 86 39 70 31 35 37 41 93 54 48 75 37 73 36 73 76 84 95 14 63 4 8 44 58 104 21 102 18 43 9 29 72 48 65 50 15 66 108 13 60 25 55 23 108
run=14 seed=13 k=109 f=0
66 108 90 0 52 78 76 62 41 34 36 13 71 101 44 51 86 60 10 106 100 1 20 52 41 9 5 43 104 80 74 69 40 67 57 1 12 38 106 39 99 30 47 102 93 28 45 87 1 62 82 9 35 107 78 87 108 105 79 1 62 95 72 6 61 33 18 15 71 36 18 94 34 82 11 44 0 25 29 24 56 54 2 44 27 96 107 17 34 99 76 87 25 93 89 62 11 82 91 12 9 18 72 65 96 16 52 52 0 98 38 71 82 79 56 29 21 52 64 48
run=15 seed=14 k=109 f=0
46 108 57 80 51 68 100 91 96 85 77 0 36 17 0 51 45 96 74 24 44 59 88 15 60 90 0 1 10 49 17 54 108 86 63 59 50 77 20 54 31 66 55 84 84 2 26 37 0 70 96 6 61 37 93 74 100 1 76 37 96 29 19 55 94 83 1 34 72 79 14 14 73 44 108 65 35 8 68 78 88 106 9 57 46 50 108 63 48 7 102 42 26 10 4 108 93 65 84 103 5 40 25 13 30 26 59 64 34 19 102 30 33 90 98 24 9 17 42 94
run=16 seed=15 k=109 f=0
72 13 56 108 37 0 16 53 0 82 5 108 31 70 43 93 46 26 31 58 52 78 30 100 17 90 73 65 34 95 80 14 91 60 27 8 99 44 79 15 104 13 86 83 30 85 26 16 55 6 75 5 71 38 60 7 81 54 80 86 92 68 101 36 67 89 45 93 97 19 25 25 108 85 104 59 107 62 9 73 40 66 95 73 14 0 88 8 99 68 50 42 22 69 96 106 106 32 46 4 66 35 25 59 0 20 4 57 39 48 21 75 2 88 43 53 23 63 49 36
run=17 seed=16 k=109 f=0
16 51 99 2 72 68 22 35 80 54 87 95 46 16 9 69 65 22 61 64 102 67 83 8 6 64 27 18 0 18 105 8 86 95 77 49 53 106 102 24 72 8 30 1 42 58 46 28 77 52 69 99 10 86 2 59 35 46 41 25 36 33 31 56 21 73 108 93 37 11 5 42 102 11 75 30 46 94 14 56 76 17 65 107 87 83 7 19 108 83 39 104 25 0 55 62 35 48 42 78 101 3 61 91 1 84 16 72 55 30 27 38 78 97 88 43 73 52 93 108
run=18 seed=17 k=109 f=0
20 93 91 64 0 74 0 14 21 51 60 98 87 98 103 94 101 0 99 86 64 24 77 6 5 47 96 26 71 77 14 76 62 108 11 108 74 1 91 67 1 40 20 30 79 39 89 86 107 17 5 36 7 98 42 4 38 46 27 17 75 13 17 105 38 48 53 106 22 47 23 66 67 107 47 81 77 40 58 49 27 73 35 58 71 36 108 102 82 68 9 4 24 97 56 16 42 33 106 103 83 56 85 0 81 62 52 105 85 54 33 26 52 62 66 45 7 30 71 87
run=19 seed=18 k=109 f=0
71 48 5 24 86 34 0 100 59 60 3 80 35 50 48 105 15 57 51 91 6 61 22 1 63 75 25 99 28 14 9 11 63 9 77 108 42 0 30 41 73 54 27 80 79 108 74 92 49 34 11 106 104 53 16 32 108 3 82 105 36 67 49 100 83 18 43 33 8 16 23 81 13 84 37 90 22 26 72 28 57 84 57 1 43 63 93 85 102 23 7 67 90 57 99 69 90 16 92 96 68 82 71 31 62 0 80 107 40 43 43 66 37 14 19 21 93 47 69 56
run=20 seed=19 k=109 f=0
75 25 19 62 52 82 3 64 99 35 77 103 23 102 92 49 101 4 0 72 39 105 79 43 39 105 33 14 34 29 93 108 62 94 69 89 32 68 39 30 104 71 87 34 81 51 85 99 91 54 74 21 102 26 9 66 57 1 45 2 90 91 26 28 55 94 22 90 87 80 63 58 68 100 37 29 78 106 10 61 68 81 57 62 48 54 3 84 34 56 12 23 3 14 95 100 38 0 49 15 78 18 20 93 82 44 41 48 58 11 0 72 72 81 6 10 43 8 108 53
