run=1 seed=0 k=108 f=0
19 85 45 75 41 101 40 28 33 57 50 61 86 97 36 57 60 50 52 64 35 21 3 35 98 2 87 102 21 90 4 19 70 68 1 0 60 9 31 107 105 2 61 83 75 85 5 44 19 107 29 82 36 15 8 11 0 50 76 84 26 74 68 64 63 15 92 105 49 40 45 2 26 81 77 15 72 105 87 14 7 24 50 46 25 106 34 64 62 55 78 96 44 69 91 100 29 10 102 11 27 107 70 42 94 21 77 38 35 54 72 89 95 56 17 9 98 41 64 25
run=2 seed=1 k=108 f=0
19 85 45 75 41 101 40 28 33 57 50 61 86 97 36 57 60 50 52 64 35 21 3 35 98 2 87 102 21 90 4 19 70 68 1 0 60 9 31 107 105 2 61 83 75 85 5 44 19 107 29 82 36 15 8 11 0 50 76 84 26 74 68 64 63 15 92 105 49 40 45 2 26 81 77 15 72 105 87 14 7 24 50 46 25 106 34 64 62 55 78 96 44 69 91 100 29 10 102 11 27 107 70 42 94 21 77 38 35 54 72 89 95 56 17 9 98 41 64 25
run=3 seed=2 k=108 f=0
0 51 44 31 8 16 0 33 4 39 50 27 45 17 89 63 6 45 78 100 38 102 33 32 19 53 88 38 72 15 20 42 106 40 77 24 76 93 57 51 41 43 60 86 28 91 24 64 2 7 80 0 101 69 59 31 63 43 92 9 76 6 99 73 90 84 97 72 86 46 51 19 77 14 60 102 98 37 85 13 66 62 1 107 71 19 27 56 77 54 14 79 27 104 31 13 97 13 85 28 76 66 94 107 57 107 36 81 53 107 6 22 87 23 10 55 98 2 68 65
run=4 seed=3 k=108 f=0
99 88 35 97 103 4 48 64 73 68 30 4 73 91 58 45 24 88 50 2 43 1 94 66 85 81 101 3 102 22 106 23 24 77 97 85 55 38 58 84 75 12 35 78 24 104 57 42 65 107 61 51 98 89 8 29 18 16 38 88 55 18 72 106 107 81 13 51 0 71 21 12 59 35 84 94 42 33 5 34 29 26 44 79 12 16 13 0 9 72 38 39 5 88 0 105 63 43 48 0 6 42 36 65 46 58 28 52 104 17 92 68 78 82 15 94 0 95 71 107
run=5 seed=4 k=108 f=0
25 37 12 21 40 10 47 24 32 101 77 93 94 8 50 78 81 97 33 104 52 1 96 61 32 106 18 46 84 51 89 52 51 38 0 3 58 18 57 90 13 59 62 107 68 58 107 70 48 29 31 67 3 72 81 31 107 13 40 71 30 37 4 22 43 35 87 7 51 38 100 69 18 58 66 22 25 44 23 74 104 79 55 16 63 4 34 101 64 72 76 97 8 80 88 70 9 44 8 65 77 19 43 60 57 18 27 80 52 88 100 95 97 36 27 79 0 35 104 107
run=6 seed=5 k=108 f=0
8 2 107 1 106 28 7 11 98 81 22 15 18 3 46 80 76 14 52 6 46 0 63 101 30 92 103 24 68 37 54 36 76 64 9 94 92 106 70 59 63 101 17 57 35 54 45 37 1 83 9 37 60 75 48 93 74 52 42 26 58 71 15 63 13 63 85 89 100 42 78 48 23 99 107 89 70 45 1 44 107 12 98 90 100 57 91 81 38 78 22 80 27 54 34 40 11 60 53 104 50 28 2 107 85 16 66 104 90 30 69 68 84 48 72 1 21 61 65 21
run=7 seed=6 k=108 f=0
96 29 16 40 106 85 34 51 9 98 83 59 14 19 60 56 79 48 1 46 95 13 23 35 93 25 56 5 6 30 96 37 20 46 72 53 35 74 88 29 66 96 2 6 74 104 59 106 97 101 30 88 65 92 10 41 26 47 13 48 65 15 33 93 29 42 63 88 0 75 39 78 79 29 3 101 42 39 5 15 34 53 87 18 82 92 60 64 76 89 11 24 86 105 22 5 56 97 107 69 71 22 39 52 24 50 61 67 106 68 77 85 18 52 103 74 1 71 37 103
run=8 seed=7 k=108 f=0
45 51 24 67 65 75 78 44 96 97 28 37 103 4 93 96 103 2 0 49 44 70 7 93 61 4 73 36 70 14 81 87 66 8 49 100 24 36 60 88 25 100 17 36 2 107 22 84 17 102 85 77 30 48 42 91 81 17 36 3 66 49 72 14 16 31 54 61 32 107 9 17 23 29 53 33 58 11 26 69 90 41 60 26 43 13 12 62 56 62 73 3 71 55 51 1 10 75 81 106 35 40 58 66 95 20 90 28 87 32 2 15 72 76 101 30 85 93 106 1
run=9 seed=8 k=108 f=0
26 74 1 100 21 1 106 18 25 45 31 15 68 58 93 0 24 34 106 95 25 73 55 58 64 59 74 16 79 99 98 106 79 92 64 17 49 79 85 10 67 24 83 69 107 6 60 40 41 16 37 100 56 33 70 51 88 34 95 48 101 19 79 90 33 59 97 38 30 72 1 63 11 84 45 60 91 51 46 40 94 86 34 6 50 102 52 11 43 36 9 81 107 5 23 30 62 12 90 88 38 10 63 72 106 83 98 89 107 51 80 77 45 16 23 49 68 54 4 1
run=10 seed=9 k=108 f=0
31 5 25 107 2 65 20 105 76 68 16 7 106 85 1 83 88 11 95 26 11 93 103 52 0 98 72 83 85 25 30 94 85 69 23 73 26 65 12 80 63 42 103 45 38 0 37 3 13 46 27 34 24 8 101 46 1 9 46 102 97 101 20 92 26 37 106 62 50 21 5 54 56 17 81 78 8 91 59 43 0 15 75 59 54 93 106 48 57 11 37 46 56 76 46 87 21 42 51 69 56 61 72 71 67 61 98 98 38 88 0 81 90 33 49 17 34 65 13 97
run=11 seed=10 k=108 f=0
67 97 2 87 102 102 107 103 71 13 78 100 0 45 105 80 74 34 29 48 12 28 34 49 89 65 88 55 9 95 9 27 87 51 96 40 45 91 54 8 100 23 1 95 64 40 4 10 72 37 30 33 83 97 2 61 34 54 15 50 16 58 101 73 62 26 21 94 79 93 23 12 15 24 15 13 62 106 65 42 75 30 18 67 36 41 20 106 46 45 1 64 82 100 85 63 107 56 35 44 23 87 88 107 3 72 54 33 0 21 72 76 47 107 37 0 12 56 26 49
run=12 seed=11 k=108 f=0
23 86 69 89 59 67 47 97 77 12 44 60 38 86 51 7 81 92 37 102 87 107 69 85 52 2 52 14 20 73 50 69 52 81 38 75 78 105 6 64 62 81 43 44 34 20 63 105 95 40 91 47 75 56 26 6 15 89 20 107 75 74 41 35 91 98 0 59 2 100 31 28 59 47 0 83 106 33 13 22 68 107 0 51 22 0 74 71 26 17 15 11 50 28 46 64 78 44 35 80 19 92 7 94 56 96 5 29 106 34 41 13 106 55 57 10 98 88 68 29
run=13 seed=12 k=108 f=0
55 41 14 28 91 72 21 25 97 29 34 45 53 12 100 75 31 106 11 19 7 49 93 82 6 40 107 70 78 17 8 50 91 7 38 103 15 3 63 65 56 54 89 45 0 57 103 0 107 61 11 98 29 91 107 35 76 101 43 102 13 95 61 27 29 63 36 9 49 72 43 39 18 83 0 18 74 67 52 16 83 107 20 28 94 36 4 27 2 80 49 82 41 98 0 85 107 86 89 29 75 64 4 107 45 60 33 26 38 67 96 52 54 71 97 61 77 69 84 87
run=14 seed=13 k=108 f=0
78 29 27 77 88 12 8 79 50 35 34 19 10 54 85 67 70 96 18 42 26 96 38 57 21 65 105 6 101 65 48 64 26 46 100 107 70 49 8 91 73 73 101 4 95 70 107 48 20 106 90 61 1 20 19 85 0 46 107 83 107 18 1 68 90 17 39 84 1 45 40 2 53 81 55 25 11 32 13 82 62 13 38 53 57 69 42 40 38 41 97 23 60 99 0 33 57 100 27 103 90 0 5 51 35 75 84 71 91 91 17 56 64 107 79 83 2 13 107 25
run=15 seed=14 k=108 f=0
103 107 9 89 16 93 14 94 27 106 53 28 48 1 68 65 97 76 49 17 35 42 15 41 79 33 61 40 59 77 12 70 69 72 30 6 27 79 85 71 0 107 85 57 78 64 102 30 40 42 9 81 34 56 87 58 56 47 0 44 15 107 26 8 77 91 16 40 62 97 68 48 0 87 85 23 44 89 59 20 35 49 93 88 14 81 53 107 20 19 62 7 16 65 105 99 50 97 1 10 48 31 69 89 76 100 5 3 39 1 97 107 25 90 62 83 80 35 67 9
run=16 seed=15 k=108 f=0
13 48 21 71 96 57 94 87 44 88 103 16 53 40 90 32 53 19 42 59 1 9 45 107 16 11 92 56 55 48 29 80 34 17 25 22 16 6 50 35 59 66 13 1 6 54 40 76 29 39 22 70 37 107 80 104 96 61 7 40 107 39 102 69 8 34 98 7 61 77 93 68 51 11 73 1 3 83 0 43 89 32 88 6 36 31 12 10 81 59 66 22 45 107 105 71 0 97 27 92 23 81 95 94 76 104 82 95 70 0 35 49 63 13 72 85 61 2 18 82
run=17 seed=16 k=108 f=0
100 105 61 87 3 71 45 107 24 62 43 19 11 14 95 4 9 64 106 57 59 62 93 86 55 31 4 59 49 2 74 82 13 13 20 46 89 107 76 31 8 28 65 35 12 94 32 22 98 69 78 49 53 0 71 91 0 47 73 10 63 94 107 41 95 44 1 15 100 3 64 98 77 44 52 89 77 90 80 67 32 7 24 103 50 68 40 101 51 82 57 69 31 72 40 22 50 41 75 26 81 21 37 60 0 92 57 35 16 76 10 18 42 82 1 53 103 88 83 87
run=18 seed=17 k=108 f=0
0 45 49 73 107 107 1 63 42 94 86 35 23 12 38 50 77 57 25 53 2 95 96 12 87 89 100 36 51 30 72 0 41 36 101 51 78 107 8 33 57 107 66 80 14 16 104 63 63 24 6 19 58 56 52 87 37 42 26 96 14 7 1 49 87 54 93 93 3 68 34 76 18 101 48 46 46 100 10 63 19 8 83 82 94 60 85 72 98 21 105 24 93 14 80 85 99 33 71 35 22 12 0 67 49 27 51 55 70 82 41 107 3 2 31 74 64 8 91 56
run=19 seed=18 k=108 f=0
75 76 58 78 4 3 95 76 86 70 34 29 62 14 30 35 105 81 107 47 24 43 23 67 72 67 81 19 61 8 29 67 29 71 64 51 98 79 35 75 57 69 15 42 99 13 62 20 54 9 104 84 35 35 40 107 44 55 47 79 96 25 82 55 80 87 89 107 22 13 97 28 107 5 51 89 100 10 6 94 2 2 87 53 46 39 53 49 49 86 64 99 10 1 25 33 2 40 16 64 83 23 91 13 43 107 19 67 92 25 36 18 44 72 56 98 101 0 10 32
run=20 seed=19 k=108 f=0
100 60 21 9 103 73 15 93 52 28 17 87 37 68 49 74 22 19 67 40 62 43 98 92 13 58 24 44 29 8 31 100 1 34 81 14 98 89 107 49 31 70 38 84 51 70 25 35 60 84 93 93 73 98 5 19 3 106 56 40 10 64 63 28 78 78 58 61 60 73 43 78 6 107 82 9 40 47 89 100 61 91 87 22 101 1 0 105 76 99 52 2 51 25 23 71 78 29 106 30 47 54 50 8 70 20 15 2 39 107 64 38 107 82 96 45 0 58 11 32
