run=1 seed=0 k=106 f=0
99 2 23 102 85 47 96 89 59 29 42 68 105 67 35 82 98 26 105 24 89 3 30 69 104 66 54 66 22 73 89 69 78 38 60 87 83 30 37 36 26 95 63 55 24 29 55 32 69 82 97 48 10 47 16 46 49 58 18 1 26 37 74 84 0 75 8 83 105 10 46 33 65 3 104 18 91 1 89 82 52 75 55 39 92 32 23 7 90 84 73 9 40 2 64 58 104 41 14 17 17 22 80 68 31 74 11 12 49 15 60 54 33 78 82 93 1 63 42 7
run=2 seed=1 k=106 f=0
99 2 23 102 85 47 96 89 59 29 42 68 105 67 35 82 98 26 105 24 89 3 30 69 104 66 54 66 22 73 89 69 78 38 60 87 83 30 37 36 26 95 63 55 24 29 55 32 69 82 97 48 10 47 16 46 49 58 18 1 26 37 74 84 0 75 8 83 105 10 46 33 65 3 104 18 91 1 89 82 52 75 55 39 92 32 23 7 90 84 73 9 40 2 64 58 104 41 14 17 17 22 80 68 31 74 11 12 49 15 60 54 33 78 82 93 1 63 42 7
run=3 seed=2 k=106 f=0
89 43 39 92 1 0 28 81 32 23 105 25 39 13 77 1 10 78 27 89 104 48 39 63 67 52 60 27 42 57 6 74 16 75 65 47 22 94 96 18 41 33 24 8 62 4 66 72 68 104 0 40 101 84 47 92 47 28 56 89 48 28 95 51 84 33 37 47 74 66 53 9 44 53 16 104 86 58 75 80 11 23 15 102 6 59 101 13 69 22 77 40 5 56 34 78 71 100 9 105 96 38 72 47 35 94 30 103 20 59 0 0 83 19 32 98 13 96 53 0
run=4 seed=3 k=106 f=0
67 77 100 17 10 86 23 74 27 48 46 2 103 83 54 88 83 6 103 89 0 0 22 60 1 33 19 3 102 93 22 98 41 51 90 1 86 58 90 16 33 52 60 27 96 105 11 13 36 0 63 99 86 84 105 86 8 97 76 71 88 37 63 22 50 97 77 0 0 29 22 8 103 73 36 82 72 47 9 53 55 77 32 35 67 15 25 53 8 42 9 56 28 18 43 75 13 60 82 17 16 30 23 56 69 62 49 101 33 68 62 91 68 94 51 95 43 65 45 42
run=5 seed=4 k=106 f=0
45 79 2 18 71 55 96 41 86 41 91 18 72 30 48 1 16 62 30 21 15 66 77 68 56 102 48 31 62 80 10 30 105 46 55 93 30 1 52 8 87 72 28 81 38 8 0 38 93 82 37 23 53 26 14 90 54 86 94 44 66 31 101 88 77 89 19 105 65 25 46 71 96 104 16 10 103 12 48 43 101 33 66 54 59 82 79 27 68 105 0 60 80 42 67 20 59 43 32 71 72 37 8 0 73 86 102 50 25 76 20 91 1 34 17 7 56 100 97 36
run=6 seed=5 k=106 f=0
3 30 86 66 68 74 79 55 74 12 42 58 102 88 44 14 11 45 9 60 51 104 77 51 64 14 95 72 1 34 21 10 28 46 31 97 28 12 42 3 77 24 101 36 60 23 3 83 21 5 46 43 82 58 24 53 0 95 54 71 76 67 47 105 105 69 62 31 61 51 66 104 91 21 69 25 78 55 38 98 33 51 39 10 2 94 18 33 95 63 17 86 61 86 85 74 1 1 99 102 66 13 81 105 57 105 36 84 27 38 93 28 91 50 11 16 105 17 49 69
run=7 seed=6 k=106 f=0
72 9 105 9 29 98 38 23 51 6 14 57 57 65 54 16 37 88 66 41 67 30 70 42 7 90 28 0 90 2 102 6 56 55 14 84 14 45 50 101 19 82 24 35 75 77 85 8 100 0 104 23 66 98 105 71 0 78 84 18 9 0 52 29 103 40 23 94 51 77 89 72 46 39 105 1 88 63 91 81 96 61 85 37 10 64 72 11 70 42 29 64 92 24 40 80 52 83 98 105 47 62 71 58 45 41 33 91 29 18 18 43 34 68 95 78 27 49 60 3
run=8 seed=7 k=106 f=0
10 18 101 85 86 25 21 70 27 77 23 10 104 58 19 1 85 36 83 82 66 29 78 2 100 47 54 35 1 38 84 16 100 105 92 39 85 40 21 6 11 76 90 52 42 52 79 91 17 66 84 15 72 93 1 72 95 62 20 100 16 75 44 62 30 25 68 5 66 66 45 35 17 83 88 57 24 30 34 75 49 73 7 26 92 38 41 8 0 4 105 97 0 55 4 31 64 61 63 87 35 13 54 105 1 104 73 95 70 40 50 32 27 64 59 46 11 46 54 51
run=9 seed=8 k=106 f=0
0 48 78 87 86 35 9 97 13 52 7 102 29 61 67 77 74 53 55 84 19 54 51 70 96 55 52 57 24 45 36 0 22 25 92 43 95 51 11 0 27 0 71 104 65 105 83 79 11 32 43 38 93 47 44 76 66 86 65 81 57 87 6 3 86 7 92 73 80 36 3 33 27 4 37 19 69 15 30 17 95 40 0 66 100 56 9 98 1 30 73 20 104 86 49 74 100 28 14 65 60 93 90 22 45 105 38 8 38 62 21 18 14 59 84 13 96 70 26 101
run=10 seed=9 k=106 f=0
104 66 5 20 28 92 14 47 31 9 75 55 8 73 28 22 91 70 86 68 22 63 105 27 61 38 6 15 42 18 48 98 77 79 83 36 102 0 47 67 105 7 19 43 8 0 54 13 17 74 31 20 83 96 41 30 36 15 47 105 37 34 34 50 20 85 62 12 34 25 79 53 54 11 26 60 100 8 74 60 98 57 103 78 93 88 52 100 47 104 4 38 73 57 13 45 80 82 93 83 4 40 65 27 42 93 26 89 96 105 72 89 57 69 33 0 66 85 0 5
run=11 seed=10 k=106 f=0
88 13 105 25 69 102 91 0 86 61 61 47 48 93 82 93 48 2 94 6 31 27 83 67 42 12 25 21 92 70 76 72 51 42 34 42 39 23 105 25 83 105 38 59 44 18 51 10 88 49 101 79 27 58 51 59 105 105 68 3 29 45 0 84 27 96 78 31 43 73 57 52 71 53 35 65 0 16 75 56 11 96 63 38 0 29 102 69 3 7 34 102 59 3 20 12 32 45 21 33 19 85 79 11 65 86 76 97 24 77 45 36 104 31 90 20 67 12 5 90
run=12 seed=11 k=106 f=0
95 78 75 5 87 83 43 48 28 34 74 0 40 48 62 39 72 32 29 43 5 68 56 49 65 19 59 4 29 104 103 20 62 93 54 75 33 25 18 12 69 93 1 8 33 14 24 38 98 31 15 105 93 82 63 84 66 27 88 78 12 90 47 17 55 49 103 69 0 36 80 9 23 0 2 91 96 53 6 90 48 38 13 69 11 64 79 102 49 9 4 85 75 85 102 58 20 96 20 79 61 35 56 32 38 25 2 48 105 57 59 89 42 47 52 1 104 39 69 21
run=13 seed=12 k=106 f=0
91 73 51 95 16 79 89 63 84 86 42 67 74 28 87 66 35 51 85 104 14 96 28 70 48 27 73 65 88 15 105 34 45 55 76 62 93 57 102 13 36 101 99 0 26 71 105 31 17 3 105 43 11 44 2 31 46 102 56 19 51 20 85 87 20 101 14 57 60 41 96 91 36 2 24 13 105 24 7 54 28 64 50 1 52 48 22 65 77 76 3 2 34 0 79 85 4 19 35 75 80 47 57 97 93 98 8 20 16 11 87 104 41 65 89 100 36 81 83 0
run=14 seed=13 k=106 f=0
20 83 89 62 33 27 22 13 36 9 24 83 74 88 7 99 57 82 63 74 83 55 84 36 1 105 55 102 43 105 53 65 88 68 21 50 29 0 94 80 78 7 95 57 17 100 40 0 89 33 101 41 26 80 58 46 38 24 71 52 102 50 43 43 13 64 103 8 1 3 105 96 12 89 86 28 52 66 92 13 74 15 8 60 46 13 64 27 44 18 39 48 97 49 57 19 68 27 72 75 30 2 95 103 4 73 9 34 33 0 79 72 41 66 61 71 53 34 91 30
run=15 seed=14 k=106 f=0
69 25 11 20 29 105 81 22 43 16 62 50 20 72 27 103 34 75 99 105 94 15 85 91 46 49 47 12 11 45 34 76 22 34 49 51 29 105 76 9 14 29 95 60 102 55 68 9 11 58 33 40 7 93 95 105 54 0 62 98 83 40 55 31 1 8 82 31 58 18 40 94 4 25 101 7 80 14 73 20 105 86 56 66 92 83 89 74 103 77 29 9 42 80 67 0 70 63 89 29 20 59 1 25 95 65 72 88 93 3 4 38 46 59 81 45 72 37 0 101
run=16 seed=15 k=106 f=0
64 66 74 87 62 31 39 43 95 13 26 105 13 97 37 3 25 79 43 31 77 32 58 1 14 59 67 105 11 0 1 51 101 104 32 82 32 5 28 102 88 52 74 38 56 79 91 19 93 1 89 43 44 50 76 99 101 42 91 40 90 11 98 71 10 50 56 0 87 5 0 13 89 32 17 98 1 73 82 72 16 19 86 23 76 56 54 1 29 71 51 60 85 68 66 22 39 45 95 26 61 10 64 68 16 23 60 49 50 66 60 100 17 40 31 92 10 85 94 10
run=17 seed=16 k=106 f=0
102 105 75 14 71 52 70 66 51 99 105 9 51 52 22 46 49 18 65 2 45 77 5 73 99 101 28 96 97 28 66 93 9 6 83 80 97 24 49 62 56 43 44 60 12 23 98 25 33 48 66 32 21 57 26 21 79 69 26 79 23 68 57 33 2 87 39 60 10 87 94 73 77 92 85 105 41 0 36 74 71 33 88 64 17 22 105 14 91 91 32 11 70 61 41 9 81 83 55 30 28 60 0 92 7 3 0 49 86 42 12 64 36 85 73 91 0 36 56 18
run=18 seed=17 k=106 f=0
93 83 44 17 55 100 84 80 88 38 61 31 39 69 105 30 52 0 18 24 80 24 2 6 86 8 2 75 45 104 22 105 82 57 84 37 67 75 10 9 44 17 64 48 41 49 41 29 90 52 59 46 92 0 25 92 104 44 76 94 82 89 21 22 0 31 59 11 61 101 55 42 15 45 71 86 18 66 105 67 51 35 14 67 68 72 0 88 26 34 77 32 7 24 27 48 56 100 54 77 97 12 1 35 38 99 15 1 57 65 48 93 105 99 51 70 74 8 31 93
run=19 seed=18 k=106 f=0
62 55 9 56 74 84 89 7 79 83 54 4 37 28 64 46 58 32 33 95 10 82 6 41 66 95 25 105 32 21 22 61 1 62 42 14 16 24 47 68 59 13 100 100 81 105 97 93 103 40 15 0 15 16 61 9 58 15 37 59 90 7 96 71 68 29 25 19 53 73 19 2 19 25 29 0 20 53 26 12 104 47 4 79 10 51 89 83 0 48 82 44 95 69 27 78 68 34 101 77 34 0 41 82 75 96 45 40 86 70 59 84 46 91 90 56 26 73 33 102
run=20 seed=19 k=106 f=0
33 2 33 42 66 46 91 4 105 36 38 7 1 101 89 104 80 65 64 47 22 46 39 84 0 99 32 45 51 12 27 13 25 29 23 8 55 92 95 1 20 80 42 91 74 53 77 100 46 50 59 86 100 1 15 100 81 25 49 26 16 3 58 16 40 63 55 89 75 104 54 75 20 27 20 84 60 42 71 104 76 82 83 43 70 17 10 71 24 34 0 68 12 37 31 103 17 7 64 78 21 85 89 100 38 53 27 67 12 62 53 14 59 8 11 71 73 103 95 32
