run=1 seed=0 k=99 f=0
30 42 74 50 34 2 0 98 93 13 87 13 5 74 96 0 22 61 62 55 98 40 60 23 42 17 44 76 93 26 32 18 96 21 95 72 73 82 37 43 51 52 81 87 98 80 55 14 94 42 74 28 89 33 84 48 50 34 13 41 46 37 92 69 80 87 43 2 4 56 43 29 9 16 11 86 56 78 6 11 22 26 68 79 14 30 66 65 86 70 6 72 13 22 98 36 2 38 63 20 28 91 2 73 53 49 59 62 51 66 15 59 56 28 8 55 8 34 19 86
run=2 seed=1 k=99 f=0
30 42 74 50 34 2 0 98 93 13 87 13 5 74 96 0 22 61 62 55 98 40 60 23 42 17 44 76 93 26 32 18 96 21 95 72 73 82 37 43 51 52 81 87 98 80 55 14 94 42 74 28 89 33 84 48 50 34 13 41 46 37 92 69 80 87 43 2 4 56 43 29 9 16 11 86 56 78 6 11 22 26 68 79 14 30 66 65 86 70 6 72 13 22 98 36 2 38 63 20 28 91 2 73 53 49 59 62 51 66 15 59 56 28 8 55 8 34 19 86
run=3 seed=2 k=99 f=0
96 20 17 89 43 3 22 68 0 3 98 31 8 32 80 0 3 33 45 93 74 50 26 26 82 8 79 47 54 90 3 46 53 4 96 36 15 93 0 79 90 44 60 11 82 82 30 84 39 60 46 19 9 43 60 39 50 70 61 5 37 79 54 42 8 32 74 24 67 60 98 55 47 72 59 26 51 64 15 27 16 36 67 71 52 90 10 65 51 16 69 14 0 24 79 84 98 64 81 20 85 75 22 33 85 74 63 55 91 73 65 27 91 72 29 66 98 37 35 42
run=4 seed=3 k=99 f=0
86 72 17 47 68 94 72 8 35 57 74 63 54 1 69 0 15 19 76 14 43 21 32 9 49 98 2 5 52 57 17 84 25 31 35 52 28 39 38 63 13 44 25 33 32 0 41 43 71 39 35 49 10 81 20 48 63 91 70 88 69 54 82 2 0 20 68 23 10 81 86 67 77 89 96 6 74 61 40 56 29 89 62 98 48 23 88 9 56 80 96 50 92 79 59 0 89 76 16 12 5 66 2 2 77 81 16 37 24 64 0 26 43 25 52 59 7 28 98 26
run=5 seed=4 k=99 f=0
59 78 84 98 97 67 91 67 59 89 98 25 23 17 45 97 73 7 84 0 76 28 13 96 64 29 72 6 74 87 15 44 0 0 80 75 4 12 39 63 47 44 9 44 59 8 41 52 80 56 42 53 1 21 74 63 46 22 29 12 85 82 0 30 9 35 24 24 1 66 30 91 18 57 16 3 25 34 45 92 51 38 35 96 61 82 11 2 75 72 17 80 89 65 91 97 47 14 0 88 70 54 57 87 58 42 54 98 78 50 21 4 88 71 22 15 66 34 67 38
run=6 seed=5 k=99 f=0
88 30 10 73 91 67 98 24 94 52 84 89 45 33 31 0 52 8 76 1 71 14 43 0 66 57 47 38 77 72 11 76 96 79 3 11 83 94 45 25 91 63 17 35 0 32 90 28 1 91 30 80 50 21 61 22 26 77 32 3 42 44 97 52 55 9 19 54 98 71 19 18 73 81 50 83 12 49 10 18 26 84 84 54 39 12 45 63 39 4 62 8 17 36 98 76 47 26 33 58 8 58 19 71 62 71 54 77 24 64 95 1 65 10 95 83 48 41 55 89
run=7 seed=6 k=99 f=0
43 95 40 51 82 0 45 72 90 31 47 42 51 8 87 52 11 37 49 63 9 15 91 57 71 28 78 71 77 60 56 21 20 66 89 73 1 26 34 68 27 33 62 9 38 35 26 91 42 75 31 41 87 3 22 41 91 36 31 98 93 86 59 75 65 36 81 0 50 23 57 30 97 20 96 81 0 64 46 33 14 98 48 0 98 65 98 44 60 90 2 8 81 60 90 14 83 70 20 28 19 76 53 22 3 63 70 22 0 81 8 10 28 5 4 30 19 84 14 77
run=8 seed=7 k=99 f=0
81 49 63 0 57 68 7 62 12 46 5 79 4 23 38 69 44 30 32 94 35 20 0 49 52 72 82 20 91 84 0 73 89 67 4 98 51 98 43 34 7 37 16 7 78 37 76 58 88 83 39 68 6 56 38 11 15 13 27 56 20 77 78 41 22 58 16 53 77 27 81 41 95 16 98 16 90 38 62 83 63 21 87 2 52 48 52 21 97 53 0 26 66 75 71 28 40 79 70 23 44 92 13 18 73 12 43 61 87 89 30 47 28 62 65 1 30 45 95 98
run=9 seed=8 k=99 f=0
21 27 27 52 90 28 88 73 0 76 20 62 58 56 66 44 33 63 8 78 96 66 87 40 55 36 10 69 50 45 0 47 0 31 83 60 24 0 98 1 81 0 8 83 78 12 4 92 32 15 19 14 58 44 31 75 86 97 8 28 80 97 16 17 33 65 52 91 65 3 91 65 8 21 54 66 38 69 64 21 74 83 16 17 25 37 47 75 98 24 43 36 40 12 53 48 41 19 91 32 71 98 9 25 53 7 98 89 77 61 58 6 49 73 36 76 74 82 96 73
run=10 seed=9 k=99 f=0
60 89 34 79 47 82 6 10 45 23 34 98 98 79 70 81 92 74 0 76 69 75 27 97 0 88 63 26 57 92 35 17 68 38 85 34 53 61 14 53 54 3 64 51 9 68 27 8 13 48 85 11 0 19 93 53 90 57 46 22 34 20 70 36 87 1 42 91 32 47 41 4 92 35 60 6 1 24 19 74 75 1 18 12 20 66 41 77 62 44 94 84 42 25 28 34 81 25 80 12 83 14 40 78 6 67 80 98 40 54 66 12 43 69 75 26 97 50 57 63
run=11 seed=10 k=99 f=0
23 49 71 80 71 98 21 76 88 20 11 83 39 8 91 10 51 17 59 6 48 5 85 31 33 7 84 76 31 51 18 49 80 93 95 0 93 55 74 80 86 98 64 38 58 66 30 9 12 39 6 57 98 52 89 43 64 93 6 47 7 75 43 67 17 75 89 35 34 65 97 21 48 40 39 25 44 70 22 66 12 98 7 38 45 93 0 15 60 62 35 58 1 20 53 84 93 43 18 60 11 80 0 70 30 26 72 0 0 0 24 16 84 32 31 44 27 90 39 15
run=12 seed=11 k=99 f=0
76 95 18 75 42 35 2 71 93 1 5 51 98 59 0 10 63 25 29 59 24 43 28 58 86 35 16 0 93 98 58 49 92 58 22 20 33 53 8 39 39 82 46 43 69 23 79 83 65 26 34 94 6 11 76 51 17 71 2 27 57 97 48 3 0 61 68 39 83 66 81 0 53 77 88 57 68 1 98 32 88 53 86 0 71 14 7 88 44 26 97 32 83 74 46 6 75 6 18 62 72 8 41 76 88 50 42 38 37 66 66 98 20 23 30 13 84 62 13 54
run=13 seed=12 k=99 f=0
6 71 12 33 13 47 6 61 75 72 8 90 59 29 40 97 32 30 0 39 5 90 45 73 60 0 14 97 0 26 88 30 95 39 85 61 21 29 28 50 88 81 82 54 36 17 71 36 9 72 25 19 62 64 46 77 51 79 3 12 51 1 12 65 11 68 17 3 94 98 34 56 87 74 98 18 7 24 90 1 38 57 18 64 43 73 39 87 82 56 80 84 41 80 52 0 45 91 42 40 53 0 33 74 24 78 96 9 69 48 36 98 27 67 3 84 24 50 57 65
run=14 seed=13 k=99 f=0
30 83 10 66 79 62 39 70 34 7 27 55 37 66 37 60 9 13 12 63 56 46 70 71 98 91 48 20 77 85 70 3 4 5 74 55 86 13 97 17 82 6 26 92 97 53 93 21 93 0 0 96 61 83 90 0 63 81 53 43 48 0 39 86 35 43 41 87 35 62 28 22 77 36 12 89 45 67 90 63 24 45 38 16 19 69 85 84 75 23 74 79 4 25 6 79 91 98 35 51 75 64 91 25 32 28 54 11 19 18 76 57 48 44 7 49 27 60 55 0
run=15 seed=14 k=99 f=0
60 15 68 44 62 20 30 57 0 88 7 12 1 29 28 75 43 1 5 29 44 38 14 51 37 89 14 46 98 17 88 70 32 84 96 41 36 61 17 35 57 29 64 10 55 22 95 69 93 5 76 0 25 61 41 52 72 83 60 42 23 43 68 94 98 55 78 86 53 0 68 43 27 65 47 33 73 47 6 65 72 35 1 54 84 58 16 30 77 76 91 79 19 81 48 11 30 97 69 98 21 4 82 89 56 8 52 98 55 11 61 18 37 25 73 86 53 89 78 26
run=16 seed=15 k=99 f=0
78 1 0 19 87 92 25 29 40 25 0 98 11 62 37 60 63 6 98 22 91 94 47 51 70 9 14 98 34 20 89 80 64 13 32 21 4 83 47 80 8 47 18 14 24 67 36 0 74 70 51 0 12 79 17 7 37 83 97 15 59 73 35 41 73 62 35 5 9 28 17 97 87 26 59 80 93 43 8 72 68 30 35 2 34 42 53 72 98 73 88 50 19 98 60 27 80 74 86 97 44 53 77 21 25 45 46 41 0 89 64 56 67 1 51 83 47 9 59 41
run=17 seed=16 k=99 f=0
61 11 15 67 28 92 20 35 90 98 96 42 98 37 74 35 72 28 48 3 36 27 49 73 15 50 49 61 21 16 0 17 22 76 47 82 44 13 68 32 89 59 86 43 39 44 1 12 71 27 48 13 70 8 4 67 63 97 40 81 0 98 62 37 31 8 0 78 67 13 8 28 77 22 52 25 22 52 25 93 95 98 53 29 57 33 56 74 83 82 38 64 54 0 76 85 31 23 73 88 36 41 90 90 38 86 30 21 3 58 98 0 96 41 25 55 37 8 76 0
run=18 seed=17 k=99 f=0
76 40 98 34 58 8 90 32 52 20 0 69 69 39 24 84 61 98 96 80 21 66 6 86 93 80 64 64 7 17 27 13 58 27 30 15 35 97 0 89 75 25 57 44 49 75 48 69 26 55 15 10 69 18 85 34 1 14 80 40 33 36 41 50 40 9 30 22 68 82 10 40 18 65 84 63 98 64 73 17 22 43 2 49 33 53 1 83 69 4 47 98 60 78 90 46 81 87 77 53 83 96 92 21 46 76 86 72 26 61 54 0 11 56 98 21 9 57 93 52
run=19 seed=18 k=99 f=0
98 53 0 27 48 30 98 94 19 13 2 56 98 23 94 90 25 77 79 52 87 13 72 70 81 82 40 18 68 61 3 10 11 33 54 20 44 3 0 65 39 8 9 37 62 45 53 88 83 48 41 75 80 7 35 47 24 3 32 91 64 22 39 51 64 11 57 79 42 84 16 31 63 0 24 26 85 26 59 10 34 56 42 44 89 77 1 58 39 38 47 70 65 53 8 33 98 65 31 47 84 90 18 14 88 92 73 78 11 89 69 14 71 59 23 43 73 85 28 97
run=20 seed=19 k=99 f=0
23 50 98 77 58 6 71 56 32 2 82 60 10 69 59 71 85 46 57 73 26 64 23 39 13 0 20 72 6 97 41 49 73 51 13 32 53 1 45 54 4 73 91 62 5 23 89 87 69 46 30 97 20 38 45 19 44 59 92 86 10 33 36 79 66 62 15 93 22 79 98 62 1 8 13 37 31 98 5 0 0 66 98 47 51 67 63 75 86 4 92 0 96 19 21 87 11 54 26 81 0 79 17 43 25 90 78 59 51 7 35 27 31 27 64 96 16 43 81 76
