run=1 seed=0 k=88 f=0
38 53 78 0 24 61 51 66 71 45 87 50 79 4 68 45 48 9 67 60 6 15 70 87 54 37 37 44 0 57 63 21 52 82 29 80 87 10 46 13 29 20 87 27 1 42 24 20 53 26 36 65 34 63 59 5 71 5 60 82 70 71 24 44 12 17 2 49 74 25 40 12 83 2 33 87 53 15 79 20 6 56 80 31 19 63 38 56 87 47 58 3 43 24 73 0 27 30 40 65 45 72 11 86 56 87 32 36 33 9 85 46 17 65 70 33 18 76 9 0
run=2 seed=1 k=88 f=0
38 53 78 0 24 61 51 66 71 45 87 50 79 4 68 45 48 9 67 60 6 15 70 87 54 37 37 44 0 57 63 21 52 82 29 80 87 10 46 13 29 20 87 27 1 42 24 20 53 26 36 65 34 63 59 5 71 5 60 82 70 71 24 44 12 17 2 49 74 25 40 12 83 2 33 87 53 15 79 20 6 56 80 31 19 63 38 56 87 47 58 3 43 24 73 0 27 30 40 65 45 72 11 86 56 87 32 36 33 9 85 46 17 65 70 33 18 76 9 0
run=3 seed=2 k=88 f=0
28 4 45 87 30 70 23 85 28 47 21 60 77 81 25 41 74 80 78 42 26 50 67 36 2 54 33 78 47 73 33 77 47 41 38 56 85 22 11 19 63 15 75 63 24 11 32 1 47 65 9 0 84 79 15 10 67 49 81 78 22 52 34 25 19 16 87 51 64 0 71 15 9 23 58 51 9 74 12 46 67 72 41 87 85 19 87 53 17 0 42 67 39 58 26 31 18 61 39 19 14 65 30 54 61 57 5 86 57 0 27 7 51 15 61 13 35 5 69 28
run=4 seed=3 k=88 f=0
67 76 41 0 50 0 6 22 17 79 87 17 87 14 21 31 15 87 59 44 33 15 8 9 50 69 29 59 58 31 37 70 81 73 43 16 80 68 74 55 2 39 31 23 8 36 44 30 39 33 72 6 44 57 67 24 58 38 79 27 84 38 87 18 37 45 47 8 87 7 21 82 13 63 64 53 34 4 0 81 43 50 17 66 12 35 73 64 78 56 86 54 26 15 65 4 68 62 75 58 40 83 48 23 29 24 48 48 72 27 8 11 87 76 54 72 87 5 0 64
run=5 seed=4 k=88 f=0
14 86 0 52 77 1 46 33 21 12 56 36 44 28 24 25 28 72 87 49 56 87 1 31 67 15 62 15 85 16 60 13 22 26 35 68 37 9 57 20 74 77 19 61 1 80 62 41 21 60 72 51 72 69 57 31 78 53 87 10 70 48 40 9 7 18 79 73 0 19 14 87 86 10 0 81 68 35 13 7 28 31 50 48 38 53 82 26 87 6 45 42 0 64 0 87 78 64 25 6 81 53 63 74 46 42 30 69 77 8 40 76 36 55 10 53 40 70 24 60
run=6 seed=5 k=88 f=0
0 25 63 87 6 62 78 19 13 21 53 0 59 44 80 39 42 19 79 60 39 0 20 87 11 32 74 87 24 29 43 32 50 36 58 24 84 48 59 12 68 8 83 31 15 46 59 41 0 43 6 0 37 7 30 50 69 85 73 33 56 82 2 5 5 53 12 81 67 74 43 3 57 65 85 51 36 67 63 19 17 0 68 47 12 67 82 87 72 70 37 67 26 15 87 34 33 39 63 76 19 13 79 51 7 51 77 62 48 25 81 18 0 22 56 72 54 39 76 28
run=7 seed=6 k=88 f=0
27 15 71 87 20 73 77 35 30 37 48 87 17 83 80 87 58 20 19 67 0 14 42 41 2 36 41 80 31 26 25 12 63 40 46 86 50 28 69 24 9 42 4 10 69 21 67 3 68 47 63 75 87 7 29 87 59 19 51 1 52 59 28 83 48 71 54 79 6 13 33 56 47 33 83 25 63 36 10 38 59 0 42 67 0 51 15 79 15 0 78 3 40 7 41 86 49 43 9 77 22 56 19 34 70 56 77 64 67 53 75 25 33 54 60 32 62 61 1 87
run=8 seed=7 k=88 f=0
65 87 0 52 26 9 75 19 80 44 44 77 58 0 77 56 0 30 15 63 80 50 40 0 15 61 0 30 25 0 19 12 78 13 7 87 86 50 5 87 64 37 25 49 62 5 59 57 28 44 85 16 1 22 83 42 41 80 48 66 87 42 31 70 46 9 37 25 33 41 36 50 84 77 68 21 77 24 62 39 31 70 11 17 81 13 57 36 30 27 73 32 66 18 53 0 4 17 9 73 7 82 57 69 74 70 74 55 5 38 64 9 76 8 35 22 87 87 48 25
run=9 seed=8 k=88 f=0
20 32 26 9 65 39 60 64 73 81 45 60 65 42 56 25 49 1 0 87 17 75 16 48 57 87 77 20 39 12 61 13 8 30 14 55 37 48 67 72 80 81 16 32 0 82 39 72 1 42 53 59 10 51 26 53 57 69 64 21 16 53 35 60 15 80 84 58 3 76 59 40 64 83 1 34 32 43 81 38 87 35 84 3 43 13 87 4 0 23 26 25 9 28 6 87 6 46 31 76 80 87 69 41 29 52 73 44 8 18 67 78 69 21 48 25 66 55 76 23
run=10 seed=9 k=88 f=0
6 33 36 48 9 59 31 50 5 1 59 6 18 82 65 60 65 0 65 81 61 0 20 27 79 11 0 76 75 36 12 13 49 63 15 34 25 77 56 46 87 14 6 41 0 41 10 18 9 24 87 34 55 79 64 19 68 38 29 64 70 53 52 10 11 83 76 65 71 81 39 36 70 43 70 48 24 86 0 5 17 72 24 53 24 35 57 11 87 79 0 24 45 0 71 55 62 28 28 30 43 55 44 8 27 41 32 87 12 18 46 0 69 63 81 84 57 85 50 85
run=11 seed=10 k=88 f=0
87 81 24 68 75 0 74 24 58 63 52 9 78 84 61 23 38 33 66 44 0 9 31 53 84 42 86 57 0 62 11 72 74 29 69 36 12 49 16 79 23 35 61 61 67 37 45 44 19 81 62 32 31 16 51 51 40 65 16 84 22 70 74 82 82 24 26 19 12 77 72 31 14 6 80 42 21 49 9 86 29 9 3 54 10 21 1 33 0 87 3 2 58 68 51 87 34 77 72 40 37 19 44 50 47 40 3 73 0 87 1 33 46 30 21 18 51 15 26 60
run=12 seed=11 k=88 f=0
51 1 0 36 24 66 81 68 76 66 18 84 31 13 79 21 26 58 6 51 25 12 8 75 54 70 10 53 72 77 29 31 33 49 40 87 74 14 27 71 20 30 85 1 67 5 27 43 23 28 60 58 58 19 5 60 2 75 35 0 16 9 45 85 56 67 14 42 49 45 0 1 71 84 56 37 31 81 87 10 77 12 37 55 71 21 19 79 54 87 64 85 39 50 12 87 20 24 47 39 71 35 9 0 64 87 64 43 63 62 5 45 13 44 47 23 87 39 75 80
run=13 seed=12 k=88 f=0
6 74 15 87 66 35 62 49 6 79 22 27 79 8 59 0 65 87 0 17 85 28 83 52 72 0 76 52 82 77 64 59 25 11 72 15 24 15 31 87 9 64 44 45 33 72 2 70 0 69 66 22 58 40 0 36 70 24 16 56 35 12 41 2 87 53 79 43 60 43 72 29 20 60 85 51 36 65 9 29 76 33 24 0 37 5 47 40 78 55 60 36 45 34 21 58 0 65 40 56 54 19 16 54 79 15 87 87 32 54 46 47 9 27 83 61 24 8 41 1
run=14 seed=13 k=88 f=0
6 28 23 87 56 69 6 85 73 42 8 34 52 6 69 66 58 48 0 16 46 45 41 87 76 44 1 43 80 63 58 65 14 68 87 51 37 15 65 78 57 26 73 59 19 28 77 42 64 31 11 65 38 15 33 34 73 49 70 3 14 10 11 2 81 58 25 47 25 19 7 32 19 56 20 87 50 36 28 0 44 62 80 87 37 61 16 19 53 2 74 55 28 82 29 0 68 9 71 84 22 12 49 5 22 73 44 86 0 37 52 78 3 22 48 33 0 39 10 35
run=15 seed=14 k=88 f=0
36 1 31 70 27 7 15 86 45 0 23 38 77 44 13 28 43 59 42 67 45 0 52 16 13 0 40 87 49 44 42 2 27 27 50 86 0 41 4 69 12 60 9 0 65 36 64 65 7 22 1 37 49 78 11 79 16 87 24 70 54 70 35 39 56 36 50 81 83 63 49 30 83 4 73 25 20 21 0 30 17 61 34 27 70 10 6 61 52 33 78 57 66 53 34 86 71 18 5 44 57 52 80 77 16 76 30 24 74 7 11 40 18 60 82 80 87 14 57 60
run=16 seed=15 k=88 f=0
80 53 56 0 50 38 81 14 42 40 57 28 65 63 14 26 17 69 32 19 76 1 69 87 86 65 27 61 43 66 3 65 51 61 55 23 45 84 68 0 9 51 36 0 87 71 48 14 28 74 12 70 15 19 6 75 19 3 40 62 72 19 50 28 43 33 62 51 22 2 17 3 56 62 24 87 12 9 61 47 38 26 43 17 50 21 86 50 35 41 57 85 5 55 78 38 12 78 6 44 6 30 81 77 38 34 73 21 35 9 86 47 68 0 25 75 87 35 79 30
run=17 seed=16 k=88 f=0
59 43 0 9 59 37 15 53 19 73 65 25 21 2 61 2 59 73 53 58 0 22 69 27 12 44 27 72 71 45 86 6 6 58 12 77 77 69 0 82 71 87 80 84 52 39 84 67 13 22 55 53 29 71 18 66 50 87 48 41 81 54 39 0 87 87 15 48 29 32 27 82 23 61 0 9 43 50 28 4 66 78 9 60 59 81 67 45 53 77 20 74 60 31 46 40 58 66 15 33 37 6 5 1 46 36 84 16 78 28 29 35 0 2 63 46 87 32 24 21
run=18 seed=17 k=88 f=0
87 38 54 25 19 63 40 0 17 54 36 3 87 84 14 66 0 73 70 83 1 87 80 23 6 63 6 87 86 17 62 57 79 59 67 16 35 43 7 22 86 72 29 0 12 49 69 32 53 33 59 34 68 80 73 9 79 14 48 12 82 83 26 52 55 13 41 66 11 39 0 45 19 56 27 48 44 59 72 51 64 87 47 24 33 20 78 69 0 79 26 76 63 25 77 8 71 37 43 49 3 52 52 87 41 4 71 0 35 8 31 45 80 17 21 9 72 63 26 58
run=19 seed=18 k=88 f=0
38 48 41 9 37 22 82 78 24 77 66 81 10 59 65 12 60 51 0 83 57 54 51 57 0 18 52 57 15 87 39 39 81 37 0 64 24 63 50 82 40 44 11 5 86 46 20 45 52 28 28 52 30 70 14 71 41 79 6 71 11 77 32 66 15 16 72 73 67 21 79 14 61 68 11 59 30 87 69 74 32 87 66 0 69 39 43 46 52 62 8 2 76 85 87 0 16 33 24 26 43 5 56 24 87 23 33 80 43 60 30 77 0 20 75 33 0 33 8 15
run=20 seed=19 k=88 f=0
79 64 43 87 55 66 48 0 5 47 50 69 48 34 9 68 48 45 72 31 65 65 82 57 42 71 11 36 20 15 27 59 9 10 2 50 3 31 87 87 80 6 21 29 44 38 56 0 59 35 27 11 12 19 83 74 87 10 16 60 85 5 24 83 25 54 38 22 63 41 0 84 87 77 26 55 22 17 74 79 13 53 0 47 18 83 41 5 27 32 64 71 19 75 33 10 9 14 78 54 69 83 36 56 60 72 40 50 0 78 41 0 87 69 77 19 62 87 17 30
