run=1 seed=0 k=104 f=0
35 22 63 43 96 79 88 84 6 16 0 89 26 43 101 3 41 10 8 24 59 8 12 28 94 82 54 3 79 26 74 66 17 103 23 95 52 96 85 50 103 37 47 69 56 57 70 52 43 2 53 102 39 35 29 81 35 55 84 99 49 97 30 63 40 101 0 79 89 14 0 15 47 41 96 33 8 103 67 33 23 94 13 2 71 41 59 91 73 17 47 32 4 67 59 78 42 51 58 83 27 53 67 2 11 81 16 90 21 18 100 11 103 88 94 88 27 49 65 75
run=2 seed=1 k=104 f=0
35 22 63 43 96 79 88 84 6 16 0 89 26 43 101 3 41 10 8 24 59 8 12 28 94 82 54 3 79 26 74 66 17 103 23 95 52 96 85 50 103 37 47 69 56 57 70 52 43 2 53 102 39 35 29 81 35 55 84 99 49 97 30 63 40 101 0 79 89 14 0 15 47 41 96 33 8 103 67 33 23 94 13 2 71 41 59 91 73 17 47 32 4 67 59 78 42 51 58 83 27 53 67 2 11 81 16 90 21 18 100 11 103 88 94 88 27 49 65 75
run=3 seed=2 k=104 f=0
82 79 19 1 85 45 36 32 98 58 103 80 103 21 77 77 1 5 8 60 10 0 11 27 47 55 18 71 97 92 29 89 62 15 9 20 77 49 49 50 57 72 87 53 94 71 52 36 70 43 44 37 37 83 0 101 62 59 103 5 103 66 24 85 102 91 93 80 66 27 39 46 16 93 43 76 96 70 93 88 89 10 46 47 95 34 27 84 64 83 0 6 37 19 64 1 62 39 57 99 60 23 19 85 19 103 28 40 33 27 10 103 8 83 18 74 91 65 54 75
run=4 seed=3 k=104 f=0
32 71 48 102 97 5 96 92 0 32 101 4 82 47 94 41 47 48 57 23 93 78 30 25 97 25 60 9 16 48 102 49 100 53 70 89 99 66 48 92 9 68 3 18 80 43 62 42 90 38 61 79 14 69 87 89 28 77 0 44 36 58 20 91 71 6 80 66 4 23 18 74 67 23 19 94 103 9 59 28 76 59 34 99 0 30 54 23 16 25 38 10 40 49 103 11 53 32 56 0 29 40 81 37 85 21 57 17 85 87 0 77 62 34 95 64 7 36 43 14
run=5 seed=4 k=104 f=0
19 26 62 12 58 36 81 26 77 49 40 44 42 100 5 95 101 5 81 35 69 47 23 73 70 40 98 2 84 2 35 18 94 36 63 0 82 73 26 79 18 94 8 86 92 57 91 58 64 87 97 28 14 103 22 56 102 0 58 65 54 53 51 100 66 31 47 86 41 102 89 52 63 35 10 58 6 77 12 72 37 21 76 24 32 75 17 7 51 77 8 65 92 55 48 23 65 94 33 29 51 99 16 35 45 84 14 18 40 0 86 72 103 3 42 24 30 103 52 92
run=6 seed=5 k=104 f=0
66 20 74 17 44 40 43 34 103 67 80 26 51 83 24 23 85 79 93 70 22 22 55 55 76 89 87 65 56 73 79 7 85 85 75 24 39 9 59 59 37 42 101 31 51 0 13 103 0 100 5 22 70 67 2 93 80 63 0 69 94 61 100 3 5 97 16 53 103 33 69 40 95 39 49 77 50 6 33 15 0 38 89 7 28 94 7 33 6 103 50 96 71 60 12 88 28 82 17 46 76 5 86 94 54 33 100 44 14 29 59 48 11 44 39 73 59 63 98 42
run=7 seed=6 k=104 f=0
5 0 25 9 4 69 87 27 32 18 103 67 90 54 66 10 56 20 85 42 46 96 20 46 29 51 20 100 93 72 9 70 56 55 48 23 14 98 72 25 50 7 103 37 61 64 4 14 53 17 78 39 24 43 86 65 23 81 73 54 49 52 1 82 95 2 102 89 77 0 19 98 87 69 48 42 94 95 102 16 15 0 50 101 28 32 63 11 94 17 63 12 82 61 103 71 43 58 83 74 37 32 22 86 34 30 37 79 46 75 89 82 92 9 83 31 103 39 72 7
run=8 seed=7 k=104 f=0
57 52 68 103 61 50 18 33 0 17 50 29 101 27 15 0 64 82 44 96 56 3 16 0 85 92 87 18 73 24 0 41 74 97 55 33 94 35 18 0 53 92 61 12 10 74 66 89 62 60 0 103 86 44 96 72 82 50 79 54 61 61 101 18 62 19 25 20 35 67 5 69 69 43 83 38 74 41 6 83 9 36 76 82 84 88 11 44 7 14 97 9 6 70 76 14 90 85 40 95 103 47 103 45 27 44 47 100 31 54 56 78 38 28 29 102 27 60 68 92
run=9 seed=8 k=104 f=0
59 83 83 45 103 10 59 82 8 5 32 69 60 91 29 22 38 30 33 77 30 67 86 82 12 103 46 18 24 40 92 66 100 99 49 75 0 35 5 11 64 14 15 89 69 16 89 20 71 91 76 23 50 24 55 48 98 29 78 56 95 40 52 55 54 42 67 27 68 18 13 103 5 68 52 103 83 47 66 0 39 54 6 80 94 90 98 52 65 21 85 0 10 19 27 84 58 96 103 79 42 78 3 3 76 42 50 101 98 36 8 0 36 3 24 0 74 95 29 59
run=10 seed=9 k=104 f=0
93 34 101 68 2 18 76 26 10 100 16 49 53 49 6 88 49 103 46 21 11 8 8 86 23 55 36 23 78 83 48 86 9 20 38 55 67 3 102 28 0 58 26 1 80 61 96 27 85 15 71 79 42 36 69 102 21 96 102 98 21 32 41 60 66 97 75 74 19 16 59 56 48 76 52 25 62 36 58 99 4 91 95 10 94 89 10 63 44 31 83 103 77 30 34 39 73 31 67 14 87 40 38 72 84 88 101 3 66 0 91 24 12 11 65 38 82 2 57 0
run=11 seed=10 k=104 f=0
63 32 103 73 90 41 59 69 63 81 87 13 98 49 80 21 80 14 77 44 92 15 59 85 11 43 32 52 63 0 12 23 20 47 101 9 69 55 0 55 35 42 4 98 45 38 30 30 4 34 50 40 79 85 0 89 46 29 34 82 69 35 1 67 94 20 52 82 15 27 64 3 89 96 78 43 30 81 49 93 55 27 69 91 87 71 5 1 16 23 101 103 83 13 18 25 76 8 53 72 73 65 99 24 18 60 38 40 40 95 102 0 98 74 23 2 53 8 84 70
run=12 seed=11 k=104 f=0
47 77 30 9 27 10 103 5 57 75 61 55 96 14 51 17 73 41 0 92 59 25 25 57 36 0 74 13 71 16 0 15 34 84 100 95 11 88 40 31 8 101 93 26 66 72 95 19 65 76 16 21 6 37 59 7 51 96 51 1 20 2 5 71 72 81 103 25 45 78 54 102 75 84 52 23 6 66 44 90 12 65 86 92 103 34 65 46 89 65 60 34 73 41 86 4 98 80 30 88 53 40 41 13 26 38 29 57 57 46 81 98 31 77 18 79 18 88 50 82
run=13 seed=12 k=104 f=0
56 0 98 74 21 94 93 9 0 80 45 49 0 55 88 51 0 3 31 17 39 16 20 74 7 24 4 74 2 54 36 99 23 103 41 67 102 31 0 89 88 94 70 37 27 59 39 9 8 62 92 6 10 6 69 24 68 44 70 59 32 62 101 103 16 23 46 90 31 26 71 32 14 92 28 103 98 90 59 82 10 44 92 68 61 33 64 63 53 4 41 70 88 78 81 49 102 66 103 28 32 78 19 13 94 48 19 63 78 83 88 35 54 95 44 85 15 85 15 52
run=14 seed=13 k=104 f=0
98 85 3 28 16 56 9 41 36 0 11 59 85 60 39 31 38 48 64 97 34 70 84 87 1 16 88 58 35 81 103 69 10 98 67 73 27 77 47 88 97 103 77 38 35 21 89 1 103 80 49 49 51 44 43 45 60 64 75 94 41 22 47 80 17 20 27 56 79 81 26 16 91 57 31 3 29 18 98 1 30 103 5 6 40 22 10 101 92 62 90 0 4 43 55 14 21 84 18 77 60 2 75 59 82 96 93 12 10 63 95 53 67 70 26 103 72 53 74 20
run=15 seed=14 k=104 f=0
83 20 87 42 31 76 48 15 31 102 58 87 87 54 35 67 54 99 39 48 5 73 75 54 103 5 37 87 3 35 46 78 31 20 94 103 72 47 25 84 58 103 76 4 98 65 7 63 7 60 41 63 65 80 15 81 60 89 32 62 96 49 6 11 48 103 92 22 46 77 0 8 58 27 85 67 37 45 41 103 53 53 38 20 18 12 9 55 103 92 7 0 15 96 33 27 12 13 51 36 34 61 29 21 34 79 79 28 15 95 0 26 55 102 4 19 72 43 70 0
run=16 seed=15 k=104 f=0
80 53 85 25 48 0 17 37 9 34 82 76 56 62 15 41 69 91 35 57 86 88 94 102 77 44 2 25 89 103 93 69 26 78 77 14 33 23 71 43 79 4 100 7 75 0 30 64 82 59 16 103 87 68 96 59 74 16 23 67 53 51 30 39 55 10 45 19 10 21 41 88 59 25 63 49 87 97 49 36 101 103 10 33 28 0 54 102 94 13 92 46 65 44 62 91 84 74 25 68 4 71 43 61 7 17 100 0 86 52 48 4 32 7 44 74 34 54 66 1
run=17 seed=16 k=104 f=0
74 5 58 100 38 42 18 103 0 97 21 89 59 71 3 50 14 59 103 16 103 94 6 51 81 24 84 55 99 0 76 42 82 5 43 21 52 44 58 85 44 80 67 35 23 29 85 65 22 84 18 24 61 40 79 43 68 93 75 40 25 23 28 101 31 4 92 78 52 49 4 93 1 100 12 95 5 99 38 68 67 91 32 16 72 0 33 36 11 60 10 57 78 13 84 89 17 35 51 17 98 25 7 100 0 12 101 101 68 66 34 74 48 37 85 13 48 68 92 60
run=18 seed=17 k=104 f=0
63 53 80 101 50 51 33 103 0 103 25 52 99 89 48 86 32 69 57 95 36 56 77 84 19 39 8 62 31 66 35 32 16 95 97 101 80 0 70 21 29 80 74 24 43 49 76 42 73 3 78 80 93 67 30 90 57 44 51 98 103 12 9 103 78 5 93 42 38 87 63 64 2 34 12 3 58 35 60 47 39 10 102 5 12 59 69 68 56 0 48 83 47 15 21 26 20 72 41 55 39 46 18 87 75 14 89 9 96 19 29 26 3 37 26 6 89 92 86 1
run=19 seed=18 k=104 f=0
90 94 37 55 34 62 63 48 2 26 68 29 38 80 23 55 32 103 76 35 52 103 22 51 86 71 75 29 62 56 75 102 38 93 20 11 26 60 59 0 23 92 35 23 63 21 6 97 8 7 88 61 82 30 99 67 103 6 51 45 12 81 77 6 45 67 0 61 91 81 32 26 70 9 39 69 47 47 67 39 18 46 43 73 53 97 73 0 15 80 102 13 83 74 3 18 16 96 20 33 52 25 6 100 83 54 46 49 97 78 0 103 103 91 23 17 87 85 5 11
run=20 seed=19 k=104 f=0
73 38 0 51 103 9 63 49 59 52 65 8 41 70 98 34 70 51 79 12 31 2 55 0 0 86 100 0 71 57 11 80 18 14 62 103 86 4 47 22 56 88 87 41 72 97 85 32 49 27 64 95 63 77 18 75 73 44 100 20 2 69 15 82 25 53 90 89 35 37 69 70 98 43 39 1 12 24 28 78 60 42 24 51 32 81 46 0 9 19 95 22 102 13 12 93 66 103 98 63 7 93 43 82 90 86 59 102 86 33 34 18 47 83 95 60 69 30 55 4
