run=1 seed=0 k=94 f=0
40 72 93 2 17 73 18 24 54 9 34 17 77 57 10 45 22 34 18 44 49 73 68 83 79 48 17 55 59 54 44 65 57 44 41 66 33 56 79 77 42 67 59 6 93 9 62 28 26 68 92 90 0 32 81 22 42 93 85 38 25 91 2 21 91 3 48 29 27 0 34 76 63 10 0 71 1 87 36 14 30 39 10 6 61 24 50 31 24 12 10 93 88 68 49 12 3 15 46 19 77 90 76 8 30 34 0 80 28 85 36 59 28 84 84 0 76 83 64 61
run=2 seed=1 k=94 f=0
40 72 93 2 17 73 18 24 54 9 34 17 77 57 10 45 22 34 18 44 49 73 68 83 79 48 17 55 59 54 44 65 57 44 41 66 33 56 79 77 42 67 59 6 93 9 62 28 26 68 92 90 0 32 81 22 42 93 85 38 25 91 2 21 91 3 48 29 27 0 34 76 63 10 0 71 1 87 36 14 30 39 10 6 61 24 50 31 24 12 10 93 88 68 49 12 3 15 46 19 77 90 76 8 30 34 0 80 28 85 36 59 28 84 84 0 76 83 64 61
run=3 seed=2 k=94 f=0
20 26 31 2 46 70 26 0 48 5 66 42 1 62 65 78 61 93 5 7 65 8 21 13 5 40 57 9 79 22 91 76 79 35 51 42 93 73 92 13 25 32 82 0 76 93 44 50 60 90 30 77 66 60 88 64 25 71 82 5 17 8 43 40 34 8 28 37 25 49 67 28 65 15 82 84 40 57 31 84 12 20 17 70 54 18 68 46 78 75 61 14 51 82 75 37 47 86 59 37 70 54 91 93 22 33 12 0 87 70 38 53 40 45 52 60 11 50 58 0
run=4 seed=3 k=94 f=0
44 16 0 90 21 71 21 64 9 52 40 48 37 32 73 65 68 0 17 72 57 50 57 51 75 51 49 53 28 12 82 1 6 4 0 58 74 18 37 18 47 70 8 25 63 33 75 32 60 14 67 60 34 59 40 89 84 49 32 58 93 18 23 60 66 13 92 56 73 88 82 24 37 51 93 2 82 14 40 28 10 66 74 35 31 16 45 77 27 26 76 84 28 5 23 93 2 18 79 86 93 37 0 9 12 8 50 68 6 44 58 37 25 70 45 82 81 20 93 90
run=5 seed=4 k=94 f=0
19 46 25 77 16 82 58 38 54 35 69 86 9 2 60 80 0 56 62 45 89 75 90 9 71 16 24 82 16 93 8 92 44 88 93 53 28 56 37 20 14 31 14 89 0 30 9 28 92 34 49 54 76 48 87 40 76 42 64 60 4 14 51 38 77 21 70 13 76 10 29 64 4 36 20 71 10 33 13 36 93 41 62 74 43 78 45 31 93 65 1 81 65 0 21 36 19 85 52 63 5 26 43 82 60 25 17 54 24 0 0 7 93 83 32 0 68 3 71 29
run=6 seed=5 k=94 f=0
74 56 0 22 62 0 36 73 7 91 28 69 51 20 38 90 7 38 19 78 60 13 0 81 29 61 1 39 43 49 0 35 48 57 67 35 90 25 4 33 43 7 77 58 8 44 3 10 63 84 21 13 67 93 80 21 9 71 62 93 1 19 42 63 67 36 93 16 2 62 92 93 67 51 82 76 55 15 19 93 52 31 17 26 57 11 85 85 76 89 84 62 75 0 27 41 82 88 57 6 47 64 34 49 59 28 83 72 80 68 31 12 90 33 34 27 51 19 48 76
run=7 seed=6 k=94 f=0
92 11 57 17 14 84 32 1 36 4 12 39 9 39 39 9 36 21 37 24 3 73 72 67 60 72 48 25 69 61 59 92 29 87 92 13 92 72 23 11 93 91 77 43 88 52 23 58 0 49 89 49 50 64 56 49 81 27 54 50 64 0 17 74 73 65 5 75 83 79 52 57 79 47 43 31 31 52 45 3 57 82 67 25 84 16 20 41 93 36 46 67 34 49 65 23 82 45 81 34 55 6 6 0 71 76 59 93 87 8 16 0 0 43 32 49 26 30 43 64
run=8 seed=7 k=94 f=0
93 16 24 81 11 84 19 65 9 57 43 26 57 76 88 68 61 14 70 18 51 55 82 34 8 70 27 34 91 80 71 50 8 75 93 26 87 16 53 6 3 14 31 0 55 29 37 43 80 33 45 49 6 47 0 10 41 30 35 5 77 28 53 52 79 21 59 73 39 33 93 38 77 55 2 21 30 48 0 83 63 40 79 40 38 77 16 84 55 47 87 86 32 72 12 1 2 63 72 37 65 26 58 24 42 64 49 60 20 93 90 14 88 28 45 20 0 21 24 70
run=9 seed=8 k=94 f=0
16 0 86 45 67 57 72 49 7 53 40 55 42 89 58 61 93 8 85 71 11 12 17 48 45 29 32 74 16 31 9 91 38 25 60 69 35 59 4 48 43 0 30 26 81 59 3 77 16 10 72 38 92 93 6 89 24 79 65 26 40 42 7 32 29 64 93 80 79 80 93 0 87 23 85 12 20 52 33 85 47 17 18 9 22 88 11 52 0 68 61 20 92 3 36 82 36 53 93 0 45 78 64 26 53 30 68 59 70 36 20 77 52 52 69 2 66 74 44 1
run=10 seed=9 k=94 f=0
72 44 10 66 49 80 15 43 20 90 75 14 14 81 92 47 82 0 31 1 22 81 59 45 13 0 65 5 84 68 26 53 6 4 35 15 4 82 49 44 0 6 20 55 84 93 27 93 36 23 3 56 57 34 10 11 67 92 51 63 58 18 2 33 86 39 64 38 26 37 43 81 87 25 59 68 0 27 22 89 92 57 93 77 77 29 75 78 84 90 23 9 58 93 57 50 54 29 22 36 65 38 53 66 63 67 26 74 77 48 0 41 34 7 0 24 75 33 17 9
run=11 seed=10 k=94 f=0
5 62 84 31 76 25 68 29 6 11 2 7 45 67 24 0 58 49 11 88 5 47 13 55 52 43 12 70 42 75 83 79 41 22 48 65 21 9 47 73 3 67 73 32 93 38 86 92 0 10 62 23 0 77 54 0 58 37 86 51 1 14 67 67 20 93 73 46 92 35 30 22 59 40 15 93 82 18 93 14 26 17 43 89 56 14 39 32 93 59 84 64 79 70 71 87 52 72 22 84 90 35 81 31 28 32 37 20 26 53 10 0 26 16 13 0 62 93 5 0
run=12 seed=11 k=94 f=0
45 10 32 0 28 66 7 3 59 78 87 23 15 16 10 8 14 54 39 22 4 63 92 21 39 22 93 50 40 12 68 78 31 50 7 73 34 71 60 84 26 93 60 1 83 27 81 9 51 82 91 70 74 92 0 88 43 48 31 8 87 75 73 37 52 77 91 47 46 34 87 10 17 33 43 68 93 25 0 77 15 75 93 47 45 75 36 48 41 74 81 69 85 61 0 24 41 86 31 84 15 21 61 58 62 58 7 2 64 15 56 54 34 78 24 80 66 53 19 23
run=13 seed=12 k=94 f=0
76 92 21 93 41 1 26 22 30 1 81 35 27 21 49 52 20 19 22 50 62 48 43 30 32 36 72 52 18 73 70 1 54 4 27 37 56 3 14 38 7 1 17 62 4 68 13 69 16 12 7 14 77 54 64 39 72 59 87 77 90 35 71 11 91 21 45 16 55 57 74 38 93 9 90 0 70 25 10 0 48 75 25 11 33 90 92 47 62 30 83 57 93 84 66 40 10 8 53 5 34 61 63 64 44 85 49 79 81 43 19 0 45 60 57 81 84 41 34 79
run=14 seed=13 k=94 f=0
56 76 38 58 13 24 33 63 80 93 85 4 83 31 51 50 91 82 83 34 75 41 1 49 17 9 56 84 58 71 67 11 0 13 49 93 23 92 18 9 53 79 38 42 44 93 54 63 44 20 51 79 56 74 72 60 32 77 55 93 29 6 39 16 70 41 33 71 40 45 61 43 71 32 21 9 60 10 62 26 65 28 93 14 77 71 18 27 87 7 27 2 56 13 36 0 16 16 47 89 0 27 38 33 4 0 68 51 26 46 91 67 23 20 7 76 0 31 34 70
run=15 seed=14 k=94 f=0
61 27 49 11 39 18 5 16 88 2 7 3 11 79 1 20 37 55 54 24 86 83 61 41 1 69 80 44 29 24 93 67 29 65 73 78 68 45 93 11 0 62 87 85 9 44 92 68 3 93 65 59 56 56 90 12 36 27 46 89 68 74 87 10 9 76 3 0 50 49 40 35 34 83 32 72 32 13 53 4 24 20 0 14 61 56 23 1 38 0 34 53 20 93 16 28 61 62 40 47 42 48 80 81 17 66 79 35 78 76 76 83 18 52 79 91 29 73 84 93
run=16 seed=15 k=94 f=0
78 88 0 81 1 66 75 93 17 64 77 33 29 86 13 39 67 4 60 86 11 15 75 34 50 58 70 62 52 68 52 55 11 87 49 0 49 41 28 59 81 84 21 19 15 63 28 52 20 22 87 30 67 42 55 45 58 25 8 24 91 85 86 75 71 83 43 45 74 7 35 31 93 21 49 44 13 57 0 83 66 70 79 60 54 72 39 36 93 36 93 38 1 92 16 66 72 26 10 70 4 58 42 19 16 23 75 0 13 8 23 49 31 9 40 25 34 0 7 93
run=17 seed=16 k=94 f=0
88 0 55 10 3 30 38 23 18 50 42 93 44 75 41 33 50 20 81 37 83 51 62 0 11 65 50 78 15 79 93 84 39 60 24 63 13 5 45 81 27 67 14 49 85 70 30 14 60 74 64 57 73 83 30 71 52 93 3 83 59 81 21 93 93 38 73 62 90 76 68 4 67 56 12 54 37 26 40 65 22 33 51 8 17 32 15 1 91 88 10 93 25 71 1 93 58 78 0 3 90 5 49 31 34 44 35 25 75 46 16 23 36 77 63 57 1 57 9 72
run=18 seed=17 k=94 f=0
29 39 93 81 15 88 88 20 14 23 63 23 41 35 74 8 61 48 12 26 18 76 0 54 72 31 93 9 80 93 0 37 21 35 29 61 32 24 84 40 33 11 47 1 65 54 7 69 11 9 33 87 56 0 4 15 87 45 92 69 17 17 81 10 42 79 78 75 66 47 67 47 58 32 43 55 78 39 34 21 93 22 83 35 19 15 54 56 60 49 73 84 3 50 4 74 31 5 56 92 68 24 0 15 75 47 60 60 22 68 69 50 74 92 21 36 41 29 93 6
run=19 seed=18 k=94 f=0
81 48 56 93 63 40 6 17 47 40 42 75 60 53 77 33 75 75 34 55 38 53 87 90 0 0 12 56 86 70 65 71 25 23 34 47 86 0 18 59 54 48 0 54 21 61 79 69 68 44 51 18 40 72 28 39 20 20 29 0 90 18 9 9 9 28 0 3 8 29 87 86 63 81 89 79 69 14 66 42 64 84 7 35 24 12 84 93 30 2 93 28 76 9 41 33 93 20 62 93 59 30 22 51 26 0 45 13 44 38 84 65 86 15 72 60 12 7 78 93
run=20 seed=19 k=94 f=0
38 58 63 0 13 55 87 73 83 45 30 70 74 80 32 69 79 89 90 8 43 80 93 7 10 18 93 20 13 93 0 65 73 67 38 22 49 2 59 50 28 22 93 29 83 13 38 64 32 80 24 69 44 50 25 26 12 34 64 55 6 77 57 35 14 29 82 35 60 78 52 18 3 59 58 8 6 51 43 30 0 93 34 47 67 90 86 67 72 52 45 47 62 93 36 83 41 55 85 18 4 10 39 0 13 93 41 88 84 26 62 9 67 18 15 44 42 1 75 23
