run=1 seed=0 k=107 f=0
46 99 32 53 70 27 85 38 103 16 52 13 71 84 83 100 30 52 94 33 79 0 83 76 2 23 60 59 82 60 68 82 10 47 0 83 15 104 53 21 30 105 91 18 14 94 17 104 27 4 48 98 53 61 27 53 63 38 74 41 57 42 52 64 69 42 0 0 35 25 61 17 33 27 28 77 54 89 94 105 34 68 80 67 15 57 64 34 42 89 5 10 5 94 102 84 26 88 21 60 22 76 2 45 78 46 54 9 69 77 42 98 2 38 42 36 12 72 88 12
run=2 seed=1 k=107 f=0
46 99 32 53 70 27 85 38 103 16 52 13 71 84 83 100 30 52 94 33 79 0 83 76 2 23 60 59 82 60 68 82 10 47 0 83 15 104 53 21 30 105 91 18 14 94 17 104 27 4 48 98 53 61 27 53 63 38 74 41 57 42 52 64 69 42 0 0 35 25 61 17 33 27 28 77 54 89 94 105 34 68 80 67 15 57 64 34 42 89 5 10 5 94 102 84 26 88 21 60 22 76 2 45 78 46 54 9 69 77 42 98 2 38 42 36 12 72 88 12
run=3 seed=2 k=107 f=0
2 27 56 15 92 34 83 0 102 62 106 43 34 103 2 46 50 14 106 83 4 11 16 25 75 68 45 104 55 98 75 18 43 45 82 52 26 100 37 1 61 75 69 81 16 62 71 73 6 105 23 13 45 95 5 50 91 5 90 13 18 59 38 98 15 52 92 5 45 96 27 73 103 92 26 0 29 30 26 21 78 88 36 3 71 103 97 96 40 59 8 52 73 62 88 81 88 48 66 66 2 20 32 105 32 68 17 5 55 32 39 25 61 42 99 7 77 89 54 59
run=4 seed=3 k=107 f=0
88 80 51 21 106 11 82 26 70 91 74 97 84 81 3 93 105 3 82 2 58 46 81 35 14 42 47 63 81 15 11 17 26 38 7 71 0 54 42 86 99 57 19 106 56 56 4 63 45 74 103 57 5 106 43 101 37 22 63 10 36 82 4 75 56 22 96 103 100 3 8 95 40 61 65 50 73 77 31 93 64 89 71 71 20 24 25 71 98 88 32 86 99 13 92 64 24 79 106 51 62 31 48 39 42 18 28 51 69 11 76 60 96 73 33 48 30 35 0 48
run=5 seed=4 k=107 f=0
18 13 44 71 93 64 85 8 90 45 31 99 97 28 15 46 32 0 26 26 24 66 74 97 5 53 64 26 74 0 58 38 47 40 106 72 31 88 0 96 34 14 71 39 78 16 57 6 2 79 33 2 3 24 55 47 76 13 24 43 50 78 103 29 13 104 83 0 86 65 59 48 69 63 95 20 11 60 82 18 90 32 87 27 79 7 76 55 98 105 53 78 66 50 103 40 96 10 85 27 92 76 60 44 64 68 12 5 90 106 33 3 103 70 32 106 62 22 37 53
run=6 seed=5 k=107 f=0
86 0 15 30 41 96 55 37 45 12 3 28 48 25 82 78 99 30 40 53 84 29 21 20 45 39 102 49 99 17 26 78 106 65 1 73 59 96 59 74 25 50 20 3 65 10 82 64 86 7 38 106 75 22 83 71 31 6 67 70 19 41 30 83 81 74 53 67 63 1 69 18 14 89 106 103 89 37 85 9 46 60 13 8 9 82 18 64 105 43 94 95 4 106 32 16 58 0 78 69 90 6 89 36 79 97 77 87 56 89 100 96 105 55 43 10 74 61 35 52
run=7 seed=6 k=107 f=0
8 8 105 74 76 90 9 48 66 2 13 105 1 47 35 37 42 14 63 20 41 97 12 20 1 23 32 0 40 57 17 94 0 19 106 97 14 94 79 7 5 22 23 27 103 39 70 44 47 1 18 59 61 82 67 78 79 88 21 61 35 60 97 34 36 55 53 53 16 46 102 85 82 70 3 87 31 73 63 72 69 14 30 2 54 9 92 70 90 30 14 104 106 64 26 35 90 5 92 103 74 106 83 52 23 85 22 66 55 30 39 48 41 74 81 105 59 76 51 81
run=8 seed=7 k=107 f=0
30 62 12 69 65 21 63 36 27 43 21 76 38 8 43 68 8 54 51 11 22 12 0 66 51 21 82 11 40 81 37 57 1 42 51 99 82 28 37 104 79 5 85 92 53 50 106 42 18 77 92 71 5 5 100 68 51 83 89 50 44 37 32 85 16 1 10 94 29 86 103 41 78 6 90 45 94 60 97 1 22 101 94 14 0 10 20 59 56 59 72 74 96 65 62 75 101 0 29 103 22 0 64 42 91 87 7 19 13 84 49 91 28 89 106 75 34 100 77 62
run=9 seed=8 k=107 f=0
33 96 45 12 67 61 62 70 35 55 94 12 10 43 105 99 5 39 6 26 23 26 14 100 64 55 59 54 87 41 77 43 19 104 97 89 17 83 106 63 83 4 7 11 34 50 0 79 2 69 79 11 105 95 18 48 47 81 49 65 50 1 37 48 42 64 70 65 106 74 61 4 86 80 10 26 76 55 105 40 0 76 24 23 50 45 31 0 87 82 97 85 35 57 16 72 16 100 31 46 18 91 103 24 71 84 92 63 73 21 101 30 43 101 59 28 3 19 1 88
run=10 seed=9 k=107 f=0
24 50 7 49 100 31 2 36 29 65 4 72 3 10 98 106 37 47 69 55 50 43 45 89 31 58 22 66 40 52 97 100 15 97 55 106 24 76 97 28 20 102 69 39 41 78 88 6 94 32 106 84 106 14 20 34 102 82 15 18 47 65 99 101 60 37 80 85 2 1 81 46 1 8 60 89 45 93 22 104 32 67 3 90 52 60 93 69 40 12 43 70 86 64 11 17 86 93 29 74 60 21 81 62 6 33 41 74 54 105 0 82 25 28 80 53 22 94 13 75
run=11 seed=10 k=107 f=0
85 19 106 11 3 42 45 97 56 88 52 56 0 76 82 45 41 73 19 105 90 65 28 30 58 62 20 106 66 14 69 45 96 102 95 76 69 13 51 71 44 4 1 14 33 80 37 58 62 53 96 35 76 88 65 56 43 17 49 75 99 92 87 105 104 76 5 27 21 37 84 8 101 79 23 70 57 24 104 51 11 20 88 83 6 19 82 49 32 74 91 71 103 54 27 32 81 40 106 33 14 29 31 10 25 44 23 94 3 1 47 95 61 99 52 67 73 87 10 1
run=12 seed=11 k=107 f=0
57 106 11 0 11 50 23 48 85 35 75 67 60 80 20 52 0 17 40 106 89 41 105 6 61 29 6 15 56 15 48 19 32 6 86 86 40 26 101 18 76 106 18 67 34 101 55 106 81 106 85 64 89 62 55 98 100 82 37 10 39 85 12 72 14 76 94 32 5 19 46 97 37 10 93 5 49 26 46 41 51 40 3 83 93 41 102 31 94 0 63 65 49 8 30 17 80 57 23 1 78 87 97 28 57 26 68 67 91 71 30 80 59 36 71 80 49 35 94 74
run=13 seed=12 k=107 f=0
3 27 105 46 6 70 89 49 93 77 34 3 33 106 73 92 30 9 24 104 4 23 84 37 40 37 13 75 81 103 36 84 56 98 91 44 90 73 33 68 11 18 56 18 101 68 42 96 0 83 54 15 80 29 85 13 25 105 20 27 99 50 74 0 78 40 86 61 46 90 85 22 101 76 77 70 37 65 7 22 15 9 44 39 39 43 100 93 0 83 101 3 103 49 60 9 94 79 92 29 0 71 67 59 42 62 64 4 54 18 62 64 18 20 8 106 55 58 53 0
run=14 seed=13 k=107 f=0
13 71 42 104 75 63 5 86 70 59 100 104 90 22 76 48 95 28 69 62 56 73 82 103 1 95 52 79 8 0 4 5 77 36 1 44 68 19 3 70 93 40 41 85 52 26 64 54 28 29 1 104 90 51 14 104 36 106 8 26 79 18 15 90 22 104 36 92 36 62 76 105 96 88 13 38 51 59 63 18 88 0 31 49 54 97 85 72 20 95 30 44 82 45 15 61 46 33 60 70 13 55 17 45 33 97 7 87 33 81 24 62 21 100 101 6 11 32 63 26
run=15 seed=14 k=107 f=0
70 20 51 18 44 63 44 48 60 105 31 76 1 87 10 12 89 80 76 25 26 25 64 39 27 1 73 92 24 69 31 5 15 56 98 100 51 88 43 34 7 106 76 47 85 11 0 26 32 106 47 22 52 84 28 81 60 19 72 10 66 21 79 91 33 81 4 94 7 18 51 53 56 0 100 68 79 34 52 106 1 77 39 95 96 84 62 16 67 17 89 80 10 72 59 104 46 102 57 93 65 8 39 0 10 0 23 59 106 36 37 91 102 78 11 106 27 90 69 43
run=16 seed=15 k=107 f=0
51 23 53 35 34 71 106 11 5 59 63 43 1 100 104 45 99 22 88 52 77 47 79 6 8 44 23 80 3 38 40 105 16 27 106 100 24 32 0 3 32 25 77 63 3 19 1 39 84 69 66 92 67 60 10 58 15 26 57 53 94 97 17 90 46 88 80 41 83 36 10 83 1 71 88 79 72 33 67 14 70 97 54 86 60 102 22 45 86 98 25 32 62 99 94 51 91 65 106 104 86 16 16 41 51 47 73 70 90 76 7 0 102 105 32 29 12 74 62 31
run=17 seed=16 k=107 f=0
0 82 88 36 79 15 55 51 99 47 83 55 75 97 74 87 69 31 61 0 13 90 14 95 3 106 104 57 70 10 40 74 25 0 1 48 83 19 88 53 42 25 6 55 91 43 31 81 104 96 85 27 19 23 105 21 34 34 83 105 83 48 25 4 106 101 38 57 15 20 69 9 101 59 67 32 37 65 45 87 75 15 29 42 81 47 62 23 49 75 6 19 56 43 99 94 97 69 0 19 36 61 34 103 78 71 2 49 74 79 105 60 65 51 102 72 6 97 9 94
run=18 seed=17 k=107 f=0
96 4 81 106 29 19 58 52 63 100 13 18 106 63 56 10 26 46 43 46 36 65 57 10 90 47 103 90 72 28 27 83 33 100 34 61 93 43 22 69 15 58 85 81 44 73 87 1 11 66 24 85 66 14 8 40 78 2 96 8 66 63 18 76 53 17 106 96 0 37 31 19 72 78 3 87 43 54 77 98 103 0 77 81 5 0 53 49 90 9 69 34 28 69 78 57 70 9 106 28 24 79 42 106 47 17 20 105 41 40 20 21 35 97 98 91 30 93 60 12
run=19 seed=18 k=107 f=0
52 15 29 97 34 59 71 51 0 25 29 13 64 51 73 45 53 105 41 93 51 44 106 73 59 87 18 0 55 20 53 9 99 91 6 1 105 56 62 41 54 97 66 66 45 36 5 90 74 4 20 18 59 21 91 30 33 83 71 3 106 17 23 48 18 24 28 24 75 46 104 60 79 91 103 85 59 38 0 26 25 106 84 36 35 71 98 98 42 83 76 75 88 13 8 42 76 79 66 11 1 59 78 29 62 66 2 39 97 63 11 56 97 92 25 7 12 88 105 88
run=20 seed=19 k=107 f=0
87 30 15 98 15 30 77 3 90 103 25 18 57 57 79 81 31 23 59 38 97 33 68 98 18 59 70 56 99 48 13 11 1 86 21 19 72 93 104 79 49 10 53 38 63 54 18 79 3 106 48 64 6 8 70 97 22 0 44 82 53 50 58 90 35 14 10 81 39 43 87 20 63 30 62 8 48 71 10 86 75 33 82 29 28 0 4 78 24 81 95 105 83 31 65 102 44 68 91 106 1 71 37 104 69 97 44 4 97 43 23 50 21 16 92 67 0 75 106 93
