run=1 seed=0 k=55 f=0
28 36 0 35 54 15 11 52 11 0 52 7 0 14 37 28 13 21 2 24 31 9 28 44 3 43 43 43 43 54 46 52 32 52 31 42 0 41 46 32 29 10 26 34 39 16 8 12 40 51 7 39 16 35 6 0 41 9 16 29 45 15 4 46 48 21 21 23 19 0 44 16 26 54 13 32 37 22 28 22 7 0 54 53 3 48 34 25 14 25 16 54 33 22 9 7 16 40 49 30 2 25 19 21 27 51 0 49 8 1
run=2 seed=1 k=55 f=0
28 36 0 35 54 15 11 52 11 0 52 7 0 14 37 28 13 21 2 24 31 9 28 44 3 43 43 43 43 54 46 52 32 52 31 42 0 41 46 32 29 10 26 34 39 16 8 12 40 51 7 39 16 35 6 0 41 9 16 29 45 15 4 46 48 21 21 23 19 0 44 16 26 54 13 32 37 22 28 22 7 0 54 53 3 48 34 25 14 25 16 54 33 22 9 7 16 40 49 30 2 25 19 21 27 51 0 49 8 1
run=3 seed=2 k=55 f=0
30 20 27 27 0 37 0 45 45 25 8 54 22 6 46 44 24 43 37 17 9 27 15 1 23 25 15 13 31 8 38 51 52 53 1 41 2 7 11 16 42 54 8 32 54 20 8 29 53 17 39 30 12 31 45 16 20 48 32 53 24 21 43 47 51 31 54 52 46 33 32 40 20 5 15 1 15 20 47 47 8 8 24 49 39 10 0 54 37 52 0 40 1 8 0 40 9 22 5 0 1 48 33 35 54 14 19 7 44 42
run=4 seed=3 k=55 f=0
54 26 9 20 26 50 23 23 26 20 18 0 45 49 0 43 7 9 15 5 6 7 52 23 38 7 42 0 25 21 22 39 39 54 37 30 8 1 45 54 18 36 19 0 29 17 11 33 0 2 34 31 8 22 18 47 30 45 36 44 35 31 39 0 17 38 18 48 40 54 42 16 33 29 12 6 14 49 25 0 38 10 53 47 15 1 26 44 46 32 54 50 26 48 43 18 17 53 36 54 18 13 8 34 33 33 38 7 1 53
run=5 seed=4 k=55 f=0
35 54 13 54 9 12 25 12 48 54 54 44 54 27 48 20 25 18 1 9 54 29 49 1 43 3 5 2 8 20 13 48 18 11 20 17 39 34 5 50 16 46 21 52 5 0 8 53 2 37 2 23 3 52 23 39 1 35 8 0 19 28 35 41 54 46 46 43 12 0 1 25 31 30 37 22 0 28 20 40 18 47 34 16 36 0 15 26 41 31 26 50 45 28 32 31 25 31 0 32 40 40 51 0 10 12 21 8 23 33
run=6 seed=5 k=55 f=0
2 13 45 19 0 42 38 44 48 16 43 0 25 53 30 24 0 11 43 5 37 30 8 3 42 30 48 47 15 25 45 22 27 32 39 42 41 36 50 35 38 54 0 0 30 3 33 12 1 8 49 33 12 16 53 8 50 33 20 0 9 0 26 0 3 53 19 51 51 44 26 19 22 31 17 39 7 2 26 38 51 17 34 21 37 54 46 54 12 23 25 32 19 50 54 24 34 17 26 1 40 26 20 37 53 42 6 54 7 9
run=7 seed=6 k=55 f=0
25 51 44 0 53 10 39 27 47 18 25 43 39 8 37 32 37 22 2 39 31 33 0 2 49 51 52 18 20 7 0 10 42 47 20 41 40 38 51 31 45 16 9 17 54 34 52 9 54 10 16 21 50 25 19 43 18 54 51 32 17 4 38 35 14 24 0 6 14 0 54 12 34 32 25 52 54 52 43 29 46 43 2 33 38 36 21 10 45 12 2 0 1 15 26 44 6 34 53 10 4 48 6 17 11 29 26 25 34 36
run=8 seed=7 k=55 f=0
37 29 13 53 0 38 10 37 23 37 52 0 32 33 34 25 12 46 30 45 40 38 42 24 9 14 16 7 51 35 54 29 9 16 1 0 45 49 22 42 4 3 24 0 54 41 45 47 1 20 10 23 44 36 15 10 37 54 49 28 54 54 2 4 33 54 51 13 28 20 10 30 7 30 46 6 40 0 40 19 1 43 54 22 21 14 17 10 46 17 11 28 54 25 22 28 52 9 23 9 18 25 46 49 22 22 3 38 1 29
run=9 seed=8 k=55 f=0
7 48 27 19 46 0 49 47 42 33 38 41 43 12 12 44 1 54 35 54 54 8 53 15 46 47 6 53 8 20 19 17 14 13 6 41 36 26 42 44 31 6 18 24 5 16 50 7 54 9 30 26 12 27 8 28 1 9 42 17 20 4 34 12 33 27 32 36 46 29 39 34 30 30 0 32 50 38 42 34 24 17 47 0 30 25 2 38 21 48 1 40 0 23 41 6 21 18 52 0 51 11 20 0 30 3 44 21 52 17
run=10 seed=9 k=55 f=0
25 34 45 22 9 0 38 10 47 12 10 53 52 42 46 30 54 33 1 25 17 29 28 23 53 49 43 0 14 0 11 39 18 45 8 1 17 20 24 54 30 44 19 30 37 22 54 23 22 45 14 4 19 54 14 54 47 14 2 37 54 8 5 54 21 23 23 41 46 0 41 15 48 13 23 9 22 53 11 0 30 5 32 42 34 34 13 36 0 37 28 45 12 33 8 31 1 36 7 37 0 8 14 20 51 0 47 42 27 36
run=11 seed=10 k=55 f=0
6 37 0 42 54 17 23 1 12 37 33 28 54 50 31 22 16 49 41 33 45 0 32 13 27 30 0 10 46 42 0 53 2 1 24 54 32 0 26 1 4 46 20 18 47 33 28 43 20 17 25 7 16 44 31 12 8 12 30 9 11 16 50 13 17 3 4 37 47 0 42 7 42 9 19 54 24 52 10 38 9 33 2 16 27 4 49 39 11 0 46 21 36 49 23 25 52 22 47 30 33 34 18 54 54 38 52 16 22 46
run=12 seed=11 k=55 f=0
25 38 54 0 54 10 48 53 29 0 12 51 7 4 40 54 54 37 28 23 46 54 14 29 51 46 27 28 37 0 49 12 19 39 22 16 3 46 51 20 38 37 46 33 35 49 33 45 3 53 50 42 22 17 53 29 39 12 0 41 0 32 22 22 13 6 14 10 22 26 29 5 42 18 16 11 25 9 39 16 0 6 50 12 0 35 40 7 31 30 24 22 15 31 45 34 1 47 7 31 3 23 28 30 17 54 44 36 44 0
run=13 seed=12 k=55 f=0
53 19 38 54 20 0 42 14 32 38 54 24 53 23 46 28 16 47 2 30 29 2 47 29 16 50 34 7 0 0 18 36 51 53 24 12 42 19 13 17 46 8 26 43 22 39 46 15 31 22 33 25 2 21 48 15 18 11 37 2 54 2 46 29 4 31 36 41 46 0 0 5 0 8 35 51 30 0 54 44 10 41 51 42 24 41 21 12 39 30 54 22 35 9 12 7 6 39 41 36 32 21 31 54 29 12 30 42 13 3
run=14 seed=13 k=55 f=0
47 6 17 1 2 38 27 29 7 15 36 44 33 19 54 22 43 32 16 9 10 0 0 16 29 12 15 47 50 46 53 51 37 4 0 23 14 24 8 48 3 0 30 4 41 25 0 31 52 54 38 20 8 41 2 9 52 53 20 32 24 30 12 34 47 9 50 39 17 33 51 10 25 54 16 15 26 9 26 15 2 16 5 16 54 50 40 42 13 8 44 36 38 45 54 48 23 48 35 44 26 19 41 25 25 39 10 0 35 23
run=15 seed=14 k=55 f=0
1 44 32 9 0 0 33 5 17 11 53 29 0 33 17 13 16 44 46 26 23 34 13 18 52 22 20 26 23 39 9 8 26 54 45 45 3 39 28 35 38 34 9 45 47 52 0 35 44 19 28 54 28 20 24 0 41 17 49 30 9 43 32 54 5 36 2 36 21 30 2 25 32 53 51 42 51 49 52 41 32 11 36 19 6 25 26 39 9 11 54 3 42 35 4 45 9 7 48 17 42 16 19 20 21 12 41 18 49 38
run=16 seed=15 k=55 f=0
44 1 36 50 34 14 46 39 13 0 33 42 54 7 25 29 49 7 34 28 42 26 9 12 22 49 33 16 12 54 9 5 50 47 43 33 0 50 54 13 40 44 41 16 49 2 9 37 52 49 31 20 30 36 2 5 9 39 21 24 0 23 30 27 1 18 34 10 12 16 5 0 43 22 48 53 18 23 41 36 26 18 46 51 0 29 30 7 24 33 41 42 54 11 18 54 13 0 51 0 3 39 22 44 37 24 2 8 52 0
run=17 seed=16 k=55 f=0
17 53 8 12 54 1 15 13 43 20 53 30 36 31 25 12 38 39 48 53 31 4 35 27 5 25 49 53 30 15 16 13 18 42 16 28 20 13 48 15 23 54 29 42 20 44 0 0 16 51 4 0 48 30 32 45 52 22 37 8 45 6 2 27 0 41 5 19 24 13 52 54 10 21 37 10 45 27 16 6 52 43 6 31 35 26 22 0 40 3 36 18 17 2 44 5 39 8 1 24 40 53 9 0 34 50 36 47 25 36
run=18 seed=17 k=55 f=0
35 0 54 2 16 19 15 38 53 8 33 25 20 33 0 33 44 9 52 45 47 0 35 15 8 7 53 54 0 28 29 53 36 16 37 36 48 1 21 39 31 54 26 0 3 41 20 42 42 0 50 2 12 3 21 13 33 4 39 50 33 39 44 10 48 44 50 24 22 54 43 23 51 40 41 31 7 1 11 36 52 54 2 13 29 8 20 26 12 23 28 13 7 48 45 7 23 27 28 45 24 30 2 18 25 42 47 19 14 16
run=19 seed=18 k=55 f=0
38 9 32 0 44 11 4 42 42 23 11 41 29 21 6 27 32 50 51 8 12 45 43 41 48 41 31 50 19 25 38 3 47 0 33 0 44 7 18 11 39 12 37 3 20 0 31 42 37 15 52 21 51 35 23 54 17 18 23 39 26 10 26 1 44 45 15 34 1 53 1 10 3 22 18 25 54 33 35 45 9 20 9 31 8 32 30 36 52 52 50 39 17 38 54 0 18 26 43 2 3 54 33 15 54 50 44 22 44 27
run=20 seed=19 k=55 f=0
22 8 54 32 0 48 29 42 2 54 12 42 11 41 16 46 8 24 33 28 9 27 40 22 16 1 54 54 40 47 37 50 13 0 8 32 31 23 22 31 35 18 17 8 11 3 22 22 36 0 49 50 3 13 50 3 1 53 45 41 46 40 36 18 15 47 35 36 48 29 12 31 26 11 54 48 0 31 18 54 31 38 29 39 39 24 53 38 6 25 13 17 10 35 1 22 32 5 14 24 0 40 47 26 3 54 1 5 24 16
