run=1 seed=0 k=50 f=0
17 28 21 25 0 40 28 34 7 49 23 33 16 42 22 12 33 4 48 11 28 31 41 2 48 20 48 20 0 34 31 43 3 1 0 2 35 36 17 26 1 0 8 28 8 8 39 37 38 23 2 24 6 49 3 0 44 24 23 31 49 26 33 49 11 10 49 40 13 9 8 29 46 15 34 35 9 27 34 39 26 34 17 47 6 49 44 42 29 16 15 45 44 47 0 16 37 0 49 49 19 0 13 13 24 5 9 49 48 38
run=2 seed=1 k=50 f=0
17 28 21 25 0 40 28 34 7 49 23 33 16 42 22 12 33 4 48 11 28 31 41 2 48 20 48 20 0 34 31 43 3 1 0 2 35 36 17 26 1 0 8 28 8 8 39 37 38 23 2 24 6 49 3 0 44 24 23 31 49 26 33 49 11 10 49 40 13 9 8 29 46 15 34 35 9 27 34 39 26 34 17 47 6 49 44 42 29 16 15 45 44 47 0 16 37 0 49 49 19 0 13 13 24 5 9 49 48 38
run=3 seed=2 k=50 f=0
12 18 25 47 49 30 26 44 48 8 17 0 49 30 27 21 5 11 35 44 33 40 49 2 8 24 40 32 20 32 16 18 19 41 35 49 0 26 34 16 28 7 21 39 37 2 40 5 49 0 3 37 27 49 46 30 10 18 46 32 0 10 2 9 5 26 49 9 1 40 48 15 29 20 15 34 42 47 16 33 11 21 37 32 25 41 13 7 5 27 17 46 12 2 0 21 44 6 39 0 30 15 41 42 30 1 4 38 2 13
run=4 seed=3 k=50 f=0
2 16 0 49 0 33 13 12 1 29 49 16 48 2 24 49 38 39 30 25 30 42 29 0 34 8 1 35 8 22 11 49 17 5 13 2 15 15 0 40 21 33 26 42 44 0 11 11 18 20 48 26 4 42 1 33 40 12 47 49 9 27 12 37 19 43 48 18 7 49 46 17 9 25 36 24 0 25 15 18 29 13 27 9 0 0 5 16 37 15 38 44 19 43 9 42 25 6 14 39 0 20 21 49 36 31 9 41 0 24
run=5 seed=4 k=50 f=0
1 33 49 0 49 15 37 49 38 4 12 8 14 7 15 0 6 21 18 0 21 0 28 0 17 1 43 31 20 42 37 42 44 17 47 23 24 29 10 0 31 7 41 48 37 2 32 39 48 49 45 44 23 46 41 24 48 47 14 41 0 36 3 13 28 10 31 10 35 40 23 7 32 32 27 30 49 24 24 30 42 49 2 11 48 39 40 7 20 49 15 11 10 2 0 33 23 37 10 0 18 27 8 21 11 15 49 5 36 39
run=6 seed=5 k=50 f=0
12 37 49 22 0 32 25 23 35 10 27 48 18 48 34 22 35 39 8 14 28 20 0 49 5 10 15 32 43 42 39 19 4 7 29 0 49 3 13 15 8 11 13 26 15 32 38 13 1 48 2 32 3 40 34 49 44 0 7 19 49 28 24 8 33 25 42 40 9 9 0 36 44 4 22 49 0 49 32 27 7 27 18 30 2 0 41 42 11 1 30 21 43 47 29 16 22 43 1 49 28 44 0 20 46 2 11 38 12 19
run=7 seed=6 k=50 f=0
28 36 0 49 0 36 10 5 2 26 10 30 48 0 22 32 39 42 3 30 16 17 49 22 7 49 20 23 9 21 5 8 27 13 39 18 0 44 27 9 22 41 8 39 16 33 9 42 48 0 49 12 23 39 44 40 45 49 30 49 49 49 34 9 49 32 29 40 33 9 15 37 0 0 34 4 29 8 45 17 0 43 24 1 0 16 2 42 35 25 37 44 49 46 29 28 18 14 33 35 0 28 21 42 31 21 6 17 6 14
run=8 seed=7 k=50 f=0
0 41 14 16 49 25 29 37 39 14 11 0 23 29 13 18 38 48 31 48 7 2 0 3 19 19 9 6 49 7 39 24 2 42 2 0 49 25 36 13 45 6 24 40 30 41 38 25 49 22 32 11 46 28 5 17 48 12 8 30 40 1 14 23 21 8 49 31 41 0 2 42 34 38 25 1 16 49 1 32 9 47 27 16 14 33 39 33 20 28 46 19 33 45 49 19 8 16 31 0 30 43 19 35 16 10 3 38 33 34
run=9 seed=8 k=50 f=0
0 28 40 40 49 49 35 0 41 21 10 32 36 0 25 30 28 4 14 27 19 25 0 35 44 28 13 14 13 33 9 42 17 41 4 13 0 10 34 24 3 49 32 49 12 32 29 22 32 45 44 44 17 23 5 16 20 3 7 37 40 9 48 49 41 5 40 31 40 0 30 27 45 23 13 41 20 36 23 2 47 19 0 17 47 7 48 33 17 6 0 23 1 37 20 7 10 38 33 27 0 28 7 7 10 12 17 7 41 19
run=10 seed=9 k=50 f=0
25 36 49 26 0 40 1 12 37 10 38 5 25 2 36 0 21 34 19 44 30 17 9 11 27 32 46 14 41 41 16 48 48 36 44 18 27 22 42 30 10 43 8 49 21 32 35 30 8 2 3 5 35 7 1 1 49 34 41 27 9 18 23 28 24 44 9 18 26 49 21 34 15 14 24 5 32 41 28 9 0 9 34 46 5 48 48 16 24 49 49 16 48 4 0 42 14 8 42 49 12 19 17 16 0 40 8 21 42 18
run=11 seed=10 k=50 f=0
25 33 17 14 0 31 2 11 27 39 3 25 15 37 24 43 49 37 44 14 42 22 49 14 20 46 7 18 8 10 31 20 3 5 41 47 12 48 0 25 7 22 0 9 5 17 31 26 49 0 48 5 38 25 0 13 25 49 36 23 9 36 49 41 48 16 2 19 41 49 36 34 29 46 36 1 41 10 27 0 26 19 5 16 49 8 27 16 40 35 10 44 33 12 26 30 7 6 11 48 47 41 15 0 45 18 22 38 11 30
run=12 seed=11 k=50 f=0
19 36 24 33 49 0 30 29 28 15 40 13 0 3 15 43 19 40 25 36 33 29 49 0 19 23 49 35 6 31 9 1 47 7 48 23 16 0 38 21 12 32 18 30 8 15 41 0 49 32 10 37 46 26 42 11 44 0 24 6 0 49 0 15 5 0 36 10 4 40 2 37 15 24 27 28 41 12 47 25 34 46 37 0 20 44 17 7 27 41 49 49 49 2 0 21 45 8 1 17 20 9 5 42 27 15 18 29 14 8
run=13 seed=12 k=50 f=0
49 19 40 9 0 49 12 11 11 19 41 17 0 24 36 38 18 35 4 10 42 48 31 29 37 11 26 17 47 24 16 6 42 8 20 27 1 29 12 7 29 31 25 3 8 15 9 26 0 0 30 46 37 26 48 14 38 49 4 49 9 49 46 1 46 43 36 18 7 49 39 18 35 0 24 40 40 49 17 9 33 29 10 41 0 40 21 16 16 23 37 3 33 12 49 30 10 29 41 25 21 31 3 13 49 49 20 11 16 28
run=14 seed=13 k=50 f=0
4 32 40 46 0 11 49 49 5 34 0 28 13 0 36 27 18 39 11 16 30 24 20 12 44 17 5 8 45 27 48 8 46 42 44 17 2 15 29 25 38 20 33 49 8 35 8 0 49 26 44 5 28 14 46 6 20 48 40 43 9 49 0 49 15 49 29 18 14 49 48 33 38 19 24 19 31 17 21 0 24 3 21 25 31 23 32 16 15 2 0 10 49 14 0 42 16 34 10 38 33 1 40 13 12 41 36 39 39 8
run=15 seed=14 k=50 f=0
49 7 23 48 0 13 0 34 0 6 5 40 14 31 24 41 9 19 33 13 30 25 49 47 5 0 31 18 49 30 35 34 32 0 30 39 10 43 17 31 0 49 39 21 10 40 14 48 35 23 18 5 26 30 39 16 23 40 49 48 9 47 7 41 10 0 49 18 43 49 14 35 28 5 36 11 21 25 8 1 30 43 22 0 11 1 1 16 48 4 31 18 32 7 0 42 33 44 10 43 19 27 42 15 34 39 37 3 5 12
run=16 seed=15 k=50 f=0
38 8 20 40 0 13 29 23 9 3 19 32 49 31 22 31 14 48 33 16 28 46 40 38 23 1 19 42 0 13 23 29 2 1 16 48 13 44 23 34 2 0 37 9 28 18 27 22 10 11 16 5 32 49 1 28 4 39 20 19 49 38 15 0 8 40 43 40 0 9 17 6 43 5 34 5 7 49 49 38 28 0 49 45 35 46 37 42 30 34 35 45 8 47 49 16 26 6 12 15 27 0 47 33 42 22 25 13 27 35
run=17 seed=16 k=50 f=0
13 49 26 40 0 49 14 33 26 0 49 11 15 8 34 34 10 22 29 1 28 0 9 20 14 31 31 49 41 33 38 47 46 25 48 23 9 39 29 18 36 0 7 49 38 49 32 1 30 41 39 5 25 42 40 15 21 48 27 49 49 18 33 17 3 6 0 40 23 9 7 48 13 1 22 8 22 20 36 31 3 19 45 25 30 30 36 42 2 17 14 25 40 4 0 16 5 14 30 47 30 8 45 43 29 22 19 11 40 40
run=18 seed=17 k=50 f=0
47 7 49 22 0 49 19 12 47 41 42 32 49 0 22 26 38 41 13 25 16 49 23 2 18 11 4 14 25 30 39 6 10 42 1 17 0 34 12 40 30 12 25 49 36 17 0 5 18 49 19 5 22 34 9 3 44 3 14 8 49 49 8 15 48 30 31 40 10 9 45 8 32 13 34 0 19 49 7 0 9 5 24 29 21 9 37 42 1 33 25 43 32 45 0 28 39 38 26 31 0 35 27 41 31 21 0 38 16 39
run=19 seed=18 k=50 f=0
16 32 0 47 49 29 7 38 21 49 46 10 17 10 27 42 41 0 17 28 21 21 15 37 47 41 35 0 30 37 36 12 47 13 49 40 32 7 40 46 49 49 37 34 42 2 23 35 33 14 44 43 28 21 14 4 0 0 14 31 0 5 46 49 23 5 0 9 12 40 29 31 2 21 15 42 24 21 46 8 47 8 49 25 49 6 39 7 24 12 0 21 28 34 24 33 6 37 38 0 1 16 33 8 19 18 39 6 44 27
run=20 seed=19 k=50 f=0
44 22 49 21 0 41 37 0 37 0 0 5 22 23 34 17 48 47 2 8 28 7 9 7 45 49 14 0 3 27 0 38 46 42 28 22 49 7 23 30 3 38 35 33 32 24 39 36 29 48 33 32 7 34 19 44 25 32 19 31 49 8 5 39 8 9 9 40 17 9 27 21 10 31 22 49 29 7 43 13 42 15 2 2 48 49 36 42 43 16 14 33 28 14 0 16 13 19 39 49 27 10 49 16 42 1 1 22 7 40
