run=1 seed=0 k=52 f=0
39 21 37 35 0 26 38 23 18 33 2 19 19 49 43 10 1 10 36 24 15 9 51 29 10 18 1 32 51 44 0 34 5 22 4 41 51 44 28 50 18 28 15 36 5 5 18 0 50 2 1 47 7 3 33 33 0 6 46 50 51 40 37 12 23 27 30 38 20 22 45 20 9 51 9 36 12 16 14 42 26 36 0 31 42 16 16 35 22 44 10 16 50 28 28 29 47 45 6 34 40 46 21 0 11 0 7 25 21 44
run=2 seed=1 k=52 f=0
39 21 37 35 0 26 38 23 18 33 2 19 19 49 43 10 1 10 36 24 15 9 51 29 10 18 1 32 51 44 0 34 5 22 4 41 51 44 28 50 18 28 15 36 5 5 18 0 50 2 1 47 7 3 33 33 0 6 46 50 51 40 37 12 23 27 30 38 20 22 45 20 9 51 9 36 12 16 14 42 26 36 0 31 42 16 16 35 22 44 10 16 50 28 28 29 47 45 6 34 40 46 21 0 11 0 7 25 21 44
run=3 seed=2 k=52 f=0
35 24 31 12 51 26 35 46 33 39 34 51 0 21 8 51 48 5 15 29 14 27 51 45 1 1 19 23 26 17 30 36 36 9 17 25 1 49 49 45 13 44 51 12 39 17 0 31 50 50 44 18 37 17 25 6 13 7 20 8 42 30 3 0 46 33 49 3 13 21 49 22 0 41 34 49 20 16 6 11 41 9 40 7 47 34 31 0 17 33 17 5 38 27 9 28 15 44 5 51 6 1 22 44 19 39 48 1 35 31
run=4 seed=3 k=52 f=0
38 19 12 12 0 22 0 20 39 32 19 4 14 11 40 38 40 47 5 35 8 26 24 12 19 35 28 8 22 5 51 26 10 24 3 40 47 10 41 40 50 21 44 47 0 0 13 0 44 1 29 26 5 14 31 51 28 24 20 49 22 32 3 42 11 26 25 45 4 51 49 36 51 38 14 41 1 31 39 30 46 24 34 45 42 42 0 29 7 32 21 11 17 25 51 34 2 51 24 38 44 51 8 31 5 0 32 50 14 15
run=5 seed=4 k=52 f=0
35 13 33 14 0 0 29 26 48 42 35 34 7 49 14 47 10 6 31 19 45 28 7 2 36 43 46 0 0 0 23 21 4 18 28 51 30 5 1 26 35 0 8 27 16 49 8 9 12 34 25 33 42 39 39 1 37 10 43 0 29 11 51 51 17 25 21 19 19 38 14 26 50 24 51 17 45 25 12 16 35 47 23 42 51 8 32 22 4 41 20 24 41 44 42 8 2 43 46 51 19 51 14 21 1 35 37 35 37 2
run=6 seed=5 k=52 f=0
33 44 29 16 51 1 44 47 38 29 34 51 16 8 25 18 23 23 36 15 43 49 18 0 25 40 7 9 10 36 46 8 33 36 48 0 0 7 14 29 37 9 14 33 41 26 9 42 25 40 5 4 26 27 4 40 21 0 28 17 9 51 47 0 17 23 16 19 5 0 42 6 45 39 37 5 31 2 1 0 51 24 51 51 31 24 7 16 12 34 50 42 23 14 51 31 14 46 49 38 23 33 34 11 2 51 48 51 14 4
run=7 seed=6 k=52 f=0
26 7 22 12 0 21 25 30 27 34 21 29 34 1 43 7 0 38 47 40 25 14 49 16 29 44 0 45 41 15 16 19 47 18 51 48 51 46 12 51 48 41 2 51 10 3 26 0 6 17 36 47 23 0 14 40 34 10 9 0 51 34 24 31 44 40 15 38 51 32 17 37 27 47 19 32 27 13 8 9 51 37 50 46 38 32 0 8 39 15 9 23 30 4 0 13 16 31 37 1 31 4 43 42 5 36 41 25 27 24
run=8 seed=7 k=52 f=0
41 50 43 51 0 2 18 0 50 18 51 24 39 47 36 29 7 8 14 22 20 0 34 0 40 40 33 13 33 17 0 30 27 0 30 10 37 37 17 36 51 50 8 12 22 4 36 42 10 26 32 30 18 48 17 43 25 50 51 1 51 9 33 0 1 51 18 42 17 27 5 51 31 42 14 27 15 5 6 24 46 41 24 22 33 27 33 44 45 40 45 18 24 49 9 8 14 41 3 9 11 37 38 27 15 26 11 51 29 2
run=9 seed=8 k=52 f=0
40 51 0 41 51 13 0 49 24 17 34 19 9 1 32 20 46 48 33 39 14 42 37 0 17 51 28 31 24 7 50 7 45 7 5 26 0 35 16 10 28 37 18 34 12 15 37 13 15 9 31 43 19 48 32 0 46 26 12 45 0 39 36 19 22 51 17 27 22 21 37 50 3 5 8 46 16 39 43 0 39 51 6 22 2 34 30 43 40 33 1 6 51 16 28 38 9 20 23 31 30 24 21 45 18 25 51 25 27 40
run=10 seed=9 k=52 f=0
47 35 51 0 51 24 41 49 28 50 13 51 0 32 15 23 5 7 0 15 21 23 0 41 7 9 36 11 26 29 51 24 50 51 48 42 40 1 33 28 51 7 3 1 24 2 4 45 1 15 1 39 29 4 8 36 34 44 46 23 0 17 42 8 30 29 26 10 50 42 33 14 48 16 27 38 35 36 20 44 11 49 20 11 18 9 10 7 39 18 34 51 30 4 42 34 26 9 20 18 19 32 16 19 5 45 46 1 14 18
run=11 seed=10 k=52 f=0
11 5 51 51 51 3 7 49 25 31 35 23 38 37 8 28 35 14 3 49 14 7 0 11 25 24 32 51 27 10 23 28 30 40 33 9 0 3 35 24 14 45 1 17 15 3 51 11 0 0 28 10 30 11 49 25 44 20 36 43 0 47 21 22 20 37 0 22 46 29 0 38 7 42 42 51 7 2 29 51 17 27 46 19 21 19 11 20 29 11 19 44 33 18 31 36 39 14 32 1 51 37 12 43 17 8 28 43 40 43
run=12 seed=11 k=52 f=0
6 51 38 51 51 18 38 10 13 26 33 12 32 9 8 6 25 33 51 16 14 20 0 17 34 3 24 26 18 45 23 33 13 35 24 42 42 37 48 32 17 51 40 26 25 39 0 18 13 16 43 5 16 13 22 0 47 5 29 51 0 0 3 18 15 32 16 35 44 41 12 50 43 0 20 24 9 41 44 0 49 21 35 34 51 33 46 32 2 31 8 6 11 35 9 26 27 22 50 42 28 8 11 30 51 36 42 0 1 46
run=13 seed=12 k=52 f=0
40 46 0 3 51 17 21 11 48 19 45 25 40 14 0 20 25 10 18 0 20 37 18 23 38 51 45 46 50 51 1 34 24 37 23 50 12 32 50 34 7 33 51 44 43 0 34 2 2 11 31 16 48 27 45 9 0 31 42 3 42 2 16 36 4 25 1 32 18 13 11 30 8 35 26 22 18 31 38 9 31 39 29 8 11 30 50 35 21 40 42 15 25 33 9 6 22 47 11 24 9 50 33 25 1 28 41 40 21 36
run=14 seed=13 k=52 f=0
29 35 50 20 0 6 50 5 37 8 0 12 48 0 29 22 1 0 12 24 23 14 9 42 32 16 45 30 42 43 38 23 49 44 1 26 13 25 2 28 40 6 38 38 38 27 35 38 33 51 6 27 13 36 43 45 8 3 29 43 9 51 24 27 17 2 27 45 23 51 24 21 25 34 17 18 30 14 20 19 8 49 2 44 51 51 39 42 10 35 17 51 7 40 0 35 18 42 14 0 32 28 17 16 33 49 41 0 11 7
run=15 seed=14 k=52 f=0
37 19 51 42 51 23 3 32 11 42 6 17 51 2 20 26 36 35 8 37 26 21 25 0 46 17 8 1 20 32 16 26 2 46 0 34 7 50 0 31 10 0 51 51 16 41 16 39 51 0 47 5 23 35 1 0 21 19 12 8 0 16 9 0 49 51 40 41 44 33 46 6 45 51 8 50 43 51 33 9 29 0 38 4 9 1 25 43 14 11 24 0 31 47 41 14 29 42 9 37 30 31 43 11 13 25 12 20 28 6
run=16 seed=15 k=52 f=0
49 43 36 13 0 22 18 34 13 30 13 28 0 32 22 18 9 39 36 25 16 38 8 29 41 26 6 26 17 51 39 30 15 46 1 9 35 49 50 43 42 51 51 7 46 39 48 9 49 0 10 46 19 2 32 28 1 47 43 18 51 12 31 0 24 24 50 27 21 9 29 20 5 48 33 11 24 41 44 32 49 51 17 32 33 30 2 44 40 29 40 3 0 48 27 39 20 11 25 10 30 2 25 15 8 16 42 50 38 37
run=17 seed=16 k=52 f=0
13 7 0 48 0 39 51 37 51 22 9 23 51 19 40 50 15 14 44 10 8 35 51 2 31 27 32 32 45 24 40 48 32 0 0 14 18 13 7 23 34 10 5 5 39 11 30 40 26 49 51 27 4 39 49 44 16 35 23 40 32 28 49 32 39 6 12 45 1 51 42 8 32 5 14 51 23 6 38 33 0 33 5 41 25 1 50 25 17 35 0 26 12 6 15 20 23 23 35 16 46 25 23 44 21 49 11 17 10 36
run=18 seed=17 k=52 f=0
45 7 26 49 0 15 33 19 38 51 25 0 51 4 36 23 6 41 8 28 15 40 41 32 51 50 9 0 36 13 41 37 25 14 25 20 49 1 18 21 13 10 22 23 18 26 36 30 14 3 33 5 34 32 10 31 5 44 46 11 51 5 38 49 16 45 41 42 7 22 40 8 2 28 9 10 30 40 32 16 0 49 23 0 19 1 0 44 51 18 28 47 47 48 0 29 16 18 32 24 16 23 15 34 31 12 37 11 10 0
run=19 seed=18 k=52 f=0
48 42 50 1 51 10 26 47 39 17 28 29 15 21 15 36 5 50 25 35 21 51 26 9 47 37 17 0 42 8 46 41 34 45 22 9 7 8 50 12 13 0 23 30 13 11 0 23 41 51 28 25 39 16 36 1 51 0 45 43 0 29 10 34 33 31 46 10 19 42 0 40 17 38 28 29 22 51 14 30 51 51 9 2 40 18 21 7 2 21 26 0 31 47 0 34 16 44 20 6 12 32 19 18 41 0 47 6 32 12
run=20 seed=19 k=52 f=0
41 19 0 13 0 0 38 16 34 0 27 33 28 18 17 32 46 24 39 31 45 35 51 39 46 3 6 51 22 35 19 29 48 10 8 50 24 48 15 1 7 0 0 51 30 43 33 2 0 8 31 41 6 2 21 50 12 3 25 23 9 41 22 43 46 17 43 32 7 38 12 18 46 43 51 13 37 23 25 12 2 3 30 51 15 29 39 29 8 51 41 33 42 31 11 23 6 48 30 50 11 20 44 25 21 35 49 37 51 22
