run=1 seed=0 k=51 f=0
30 36 43 43 50 0 38 4 15 9 0 34 50 20 8 11 23 24 31 8 14 35 19 13 1 0 6 42 44 50 0 30 41 2 48 33 21 43 14 34 4 28 14 32 7 0 42 50 11 24 20 10 42 36 14 50 31 46 8 50 0 50 47 0 18 15 14 35 19 41 48 35 43 15 20 36 15 22 4 34 8 25 2 3 7 33 39 32 29 28 0 18 28 28 28 26 49 50 6 22 4 50 7 12 11 40 21 33 36 24
run=2 seed=1 k=51 f=0
30 36 43 43 50 0 38 4 15 9 0 34 50 20 8 11 23 24 31 8 14 35 19 13 1 0 6 42 44 50 0 30 41 2 48 33 21 43 14 34 4 28 14 32 7 0 42 50 11 24 20 10 42 36 14 50 31 46 8 50 0 50 47 0 18 15 14 35 19 41 48 35 43 15 20 36 15 22 4 34 8 25 2 3 7 33 39 32 29 28 0 18 28 28 28 26 49 50 6 22 4 50 7 12 11 40 21 33 36 24
run=3 seed=2 k=51 f=0
27 9 32 38 0 24 9 0 44 9 40 13 13 21 25 46 28 0 0 50 31 8 14 20 29 28 30 24 50 39 41 1 44 1 33 26 8 27 18 32 11 0 48 37 5 18 35 15 1 17 0 5 48 30 48 32 41 24 16 0 10 39 10 50 37 45 0 20 20 50 0 44 29 50 37 31 20 6 7 34 3 11 25 38 50 44 45 17 17 9 50 40 38 6 23 43 18 28 13 26 27 16 22 0 50 47 3 32 38 15
run=4 seed=3 k=51 f=0
8 17 10 33 0 50 14 36 16 50 50 0 50 22 14 50 5 40 47 10 20 4 30 0 40 9 19 0 38 23 41 50 47 12 48 14 25 25 2 12 38 9 47 45 45 48 23 41 11 32 27 16 28 34 47 20 37 34 28 0 34 43 6 38 50 6 0 43 34 50 19 18 5 9 26 5 31 7 39 20 11 33 44 1 18 16 0 41 38 18 41 26 26 39 1 8 47 16 31 1 0 26 28 50 8 31 3 31 49 18
run=5 seed=4 k=51 f=0
49 23 0 0 50 34 30 36 10 29 47 40 2 47 13 0 25 49 15 33 7 2 10 3 41 19 15 19 8 28 36 7 16 10 50 50 40 47 17 18 33 22 49 27 33 0 37 50 37 21 32 45 10 26 26 24 42 8 14 13 41 50 34 40 3 7 41 18 12 0 41 22 0 25 33 47 15 35 0 50 41 50 20 14 26 49 31 21 11 19 1 32 42 25 49 27 6 42 42 28 41 7 12 17 6 10 19 6 15 33
run=6 seed=5 k=51 f=0
13 21 50 0 0 43 11 17 37 24 42 8 21 39 42 29 1 36 27 32 36 50 8 27 1 16 49 0 39 26 9 44 33 16 49 50 50 7 21 25 27 41 31 6 42 4 41 48 20 0 30 46 30 37 48 13 4 44 39 33 50 4 46 0 17 9 0 10 6 29 4 20 31 27 16 21 33 10 46 50 14 23 34 6 38 6 46 8 0 47 15 30 24 23 34 22 39 17 8 0 1 17 23 15 13 25 33 19 42 35
run=7 seed=6 k=51 f=0
35 7 49 49 50 13 22 31 44 16 13 19 13 47 13 15 49 31 19 5 27 40 12 1 18 41 42 27 0 31 25 27 0 7 50 41 35 25 12 15 39 44 13 33 36 28 24 37 33 50 45 37 2 49 40 6 49 50 28 32 41 21 32 20 10 9 26 19 49 0 1 26 19 0 33 5 6 46 0 33 20 35 22 14 20 23 48 21 7 12 3 43 0 26 0 7 27 36 1 50 19 5 6 41 13 18 34 10 44 9
run=8 seed=7 k=51 f=0
2 50 10 22 0 40 25 25 0 37 43 0 0 24 24 0 45 34 27 1 30 10 24 6 34 1 46 50 20 17 23 15 49 8 43 29 28 27 48 12 25 43 18 41 39 5 0 42 18 20 37 34 49 19 36 29 40 49 50 8 9 39 1 32 3 43 32 19 1 50 33 49 0 12 37 27 8 29 50 30 39 9 25 28 21 0 40 16 49 13 49 50 35 14 1 43 20 15 29 14 5 50 8 44 48 9 30 11 19 19
run=9 seed=8 k=51 f=0
38 32 10 8 50 17 28 2 21 0 5 41 24 19 26 39 29 23 1 44 6 12 1 25 6 27 1 7 50 17 0 22 5 28 6 39 16 33 35 37 50 31 50 50 43 41 8 46 48 48 3 10 46 46 2 28 43 34 36 16 41 0 14 50 6 31 13 31 39 13 31 33 29 50 0 30 43 14 38 15 5 50 41 45 0 0 20 34 15 11 26 21 20 38 25 20 16 15 22 37 21 45 6 38 2 0 32 32 16 43
run=10 seed=9 k=51 f=0
48 23 0 1 0 29 6 38 13 23 4 35 48 22 37 32 1 12 10 1 8 47 28 21 33 2 46 40 35 18 19 19 43 22 46 41 50 38 39 26 10 6 3 10 13 50 50 48 37 15 15 33 12 13 46 30 49 27 17 32 29 1 35 50 26 1 16 20 20 50 50 44 30 21 14 2 41 0 32 27 8 20 1 41 27 9 43 22 17 42 7 19 11 6 37 43 6 44 37 0 24 50 0 8 8 50 38 17 29 30
run=11 seed=10 k=51 f=0
44 20 0 50 0 8 42 38 3 15 19 14 27 0 26 25 23 2 26 48 20 12 33 50 40 48 35 17 8 26 36 43 2 42 18 41 1 43 35 49 4 7 5 18 9 32 50 33 37 23 12 46 17 10 33 44 50 17 29 6 41 49 23 41 9 0 38 31 27 50 37 19 46 24 14 1 14 10 44 50 41 48 3 36 0 44 22 34 9 47 33 17 50 37 50 8 29 11 19 0 50 16 11 14 28 30 30 45 17 8
run=12 seed=11 k=51 f=0
37 16 35 45 0 0 49 6 5 12 24 6 0 8 35 31 24 38 50 19 29 17 49 5 32 15 18 12 31 42 25 16 47 50 47 20 21 21 28 33 49 43 39 50 27 13 4 2 8 29 28 33 12 2 18 49 2 2 23 49 50 39 19 0 9 42 32 41 34 9 48 17 36 29 23 37 9 19 0 18 41 27 0 8 45 38 41 43 46 50 37 3 26 14 9 17 45 12 1 49 7 22 35 22 36 40 13 37 12 4
run=13 seed=12 k=51 f=0
9 17 39 24 0 15 41 2 23 0 40 44 7 49 17 17 12 34 46 19 35 0 30 25 1 15 9 25 0 12 24 45 21 3 0 41 50 40 23 12 1 0 11 30 7 48 50 37 27 32 33 15 31 38 50 50 18 32 35 9 9 10 30 0 25 23 24 43 20 50 22 18 33 0 29 39 34 50 38 42 18 4 45 2 13 5 13 41 19 7 18 30 44 45 50 23 45 12 26 50 11 49 36 23 33 6 37 0 50 40
run=14 seed=13 k=51 f=0
35 43 0 0 50 43 5 43 47 41 4 14 50 21 26 43 13 49 19 49 19 49 9 23 4 48 24 17 33 25 30 30 2 32 39 15 24 10 41 40 21 18 43 12 30 47 24 50 14 50 10 23 1 50 19 33 25 10 17 1 41 11 6 17 37 7 6 32 24 0 0 41 37 33 13 13 6 27 44 41 20 25 8 1 39 19 44 34 28 26 32 0 0 46 50 7 24 30 5 12 39 28 47 36 15 35 10 10 49 25
run=15 seed=14 k=51 f=0
44 50 0 10 0 23 34 7 50 42 36 38 14 6 37 13 17 29 4 13 31 29 24 17 33 16 17 24 47 17 42 24 19 41 2 50 48 4 10 50 43 21 36 41 39 21 12 50 0 0 27 35 49 2 42 19 0 38 49 29 9 30 16 32 8 36 35 23 44 50 46 49 27 0 17 30 7 0 20 28 37 23 14 4 17 31 39 25 8 3 20 11 6 29 9 43 16 28 10 0 6 40 28 44 32 50 50 30 6 25
run=16 seed=15 k=51 f=0
1 34 50 35 50 48 21 43 22 8 46 16 50 49 11 0 1 42 35 13 17 20 0 3 25 8 4 8 36 7 41 37 7 43 3 0 50 49 10 33 24 28 38 1 12 14 32 23 30 48 45 34 19 19 14 7 45 46 15 17 41 30 25 26 31 23 29 6 0 0 16 33 36 26 23 30 16 38 41 8 26 5 50 9 50 18 40 34 2 6 40 46 31 38 41 29 19 7 6 0 48 0 5 17 25 17 9 14 35 43
run=17 seed=16 k=51 f=0
47 14 50 0 0 27 42 3 19 12 22 33 50 22 16 40 37 21 25 49 22 30 9 48 15 48 11 27 30 30 7 4 48 50 0 32 19 31 45 2 30 33 21 41 25 41 50 0 37 41 22 18 27 0 44 0 2 9 8 3 50 10 32 41 28 19 16 10 14 29 35 35 7 49 42 50 24 18 35 14 0 5 20 3 45 19 49 8 28 9 24 20 7 24 0 36 31 1 25 39 12 7 49 20 44 8 37 33 26 30
run=18 seed=17 k=51 f=0
4 17 41 10 50 42 13 24 6 42 0 0 50 49 36 43 35 18 44 23 42 42 22 43 2 32 34 14 0 8 31 43 9 2 40 28 35 26 6 41 1 0 48 40 13 8 19 50 18 50 48 16 38 26 0 11 29 34 1 2 21 50 38 0 44 36 9 30 33 0 22 34 26 50 13 50 12 29 27 22 42 50 7 34 7 16 30 28 47 16 11 30 23 45 50 7 26 10 30 6 23 3 2 29 0 1 25 38 12 18
run=19 seed=18 k=51 f=0
47 7 18 9 50 27 31 37 50 1 33 21 0 29 11 41 42 36 2 39 17 25 42 23 5 45 1 21 34 25 37 6 18 8 27 18 15 10 0 14 27 50 44 0 10 24 27 1 45 9 37 45 15 48 48 6 1 49 37 46 41 34 28 50 18 40 8 6 15 0 37 30 5 50 23 41 21 29 50 9 48 50 2 21 47 0 29 34 19 16 35 3 35 37 0 29 28 14 2 27 6 40 15 35 22 21 17 11 11 33
run=20 seed=19 k=51 f=0
37 26 0 19 50 34 23 10 47 35 16 40 32 9 20 0 17 28 7 30 14 5 50 3 40 21 49 41 26 21 23 2 3 17 14 1 50 8 43 42 37 41 12 50 29 50 27 11 25 10 50 4 16 7 2 50 5 15 38 44 0 30 33 42 10 50 0 25 36 41 50 16 48 5 8 15 9 33 16 0 39 3 19 1 48 50 31 28 37 33 18 6 26 30 9 34 16 39 31 48 49 0 38 34 38 34 11 21 25 44
