run=1 seed=0 k=64 f=0
23 49 41 51 19 63 33 44 41 13 58 43 50 5 35 6 60 15 20 38 27 26 15 13 54 31 27 35 3 34 0 26 38 14 13 21 49 24 10 26 37 29 5 23 63 41 30 63 41 50 13 7 38 22 18 17 14 2 61 1 48 61 28 7 48 39 62 57 1 10 38 1 9 1 63 23 42 28 14 22 13 56 28 42 44 39 11 55 50 52 60 31 56 24 24 0 0 55 62 62 54 6 42 58 18 41 21 11 5 48
run=2 seed=1 k=64 f=0
23 49 41 51 19 63 33 44 41 13 58 43 50 5 35 6 60 15 20 38 27 26 15 13 54 31 27 35 3 34 0 26 38 14 13 21 49 24 10 26 37 29 5 23 63 41 30 63 41 50 13 7 38 22 18 17 14 2 61 1 48 61 28 7 48 39 62 57 1 10 38 1 9 1 63 23 42 28 14 22 13 56 28 42 44 39 11 55 50 52 60 31 56 24 24 0 0 55 62 62 54 6 42 58 18 41 21 11 5 48
run=3 seed=2 k=64 f=0
32 21 0 11 21 63 0 58 41 11 54 3 37 5 5 41 42 40 31 26 55 63 26 4 38 31 55 14 54 45 48 50 22 57 21 19 4 1 62 61 13 63 34 14 50 45 2 50 0 35 12 8 18 33 16 13 16 11 28 61 32 18 47 34 60 48 43 0 40 62 45 10 46 29 47 12 22 29 21 12 1 33 23 56 7 18 7 13 29 35 27 63 23 56 58 41 41 59 6 28 13 35 26 15 57 51 44 61 17 1
run=4 seed=3 k=64 f=0
58 17 24 40 63 60 8 48 1 52 10 4 13 23 40 9 40 23 17 62 34 54 35 26 17 39 13 39 52 7 49 49 55 0 22 1 18 59 33 20 14 61 6 48 12 11 62 63 61 42 36 56 32 53 0 17 28 45 0 16 25 43 63 61 47 10 61 2 35 49 26 2 43 49 17 27 29 32 35 4 21 58 8 10 48 1 38 4 23 1 29 34 26 28 44 11 49 27 12 41 1 31 40 53 17 3 17 19 1 12
run=5 seed=4 k=64 f=0
29 55 2 30 52 54 25 63 36 55 39 1 57 12 43 47 54 45 8 21 37 62 33 27 5 51 63 24 35 47 14 61 24 14 12 11 6 18 39 38 45 39 0 39 52 43 32 32 24 63 63 5 26 31 53 32 38 56 8 44 61 54 59 25 57 23 31 13 11 21 21 42 45 13 30 27 29 4 2 0 22 11 36 16 43 40 49 9 0 11 1 60 52 2 16 0 9 47 17 45 54 3 30 63 44 62 20 62 53 18
run=6 seed=5 k=64 f=0
60 29 38 8 41 54 48 54 1 9 34 0 3 50 26 26 28 26 36 20 32 0 15 53 35 44 15 55 57 45 30 2 15 3 7 0 62 39 53 60 21 53 63 62 24 33 61 47 49 33 12 63 14 45 52 15 4 3 43 45 52 13 28 54 56 23 56 21 59 9 48 6 63 40 60 18 38 38 1 20 10 31 22 22 12 29 7 18 14 50 18 0 21 35 63 2 2 55 45 44 6 63 14 0 14 13 20 63 0 21
run=7 seed=6 k=64 f=0
44 0 35 2 53 59 54 18 10 51 15 43 37 53 19 27 0 12 55 62 63 8 44 46 2 19 34 52 16 51 13 24 24 63 36 5 36 32 8 23 45 62 26 40 56 35 43 9 53 34 11 47 56 20 6 62 6 34 33 60 1 56 46 63 47 18 1 24 45 10 59 26 63 21 44 1 49 34 27 26 60 17 2 33 20 8 40 27 26 9 23 44 1 5 7 34 24 2 53 5 40 48 31 19 26 11 39 58 35 47
run=8 seed=7 k=64 f=0
53 21 36 61 44 27 58 17 16 57 51 41 30 48 3 56 50 2 50 32 62 0 27 40 13 12 18 48 1 46 13 7 50 8 52 30 33 32 49 52 19 23 29 60 18 56 47 31 11 20 29 1 41 16 41 58 17 42 40 39 25 1 63 10 24 0 42 33 35 16 21 1 63 51 56 9 38 41 25 63 20 35 4 62 60 45 47 36 23 30 9 42 19 38 54 9 42 11 3 53 63 35 10 63 59 4 7 2 50 22
run=9 seed=8 k=64 f=0
15 24 1 61 18 13 30 21 57 1 20 41 36 7 63 21 57 22 1 54 57 31 41 62 46 39 54 9 30 19 27 16 44 49 13 22 1 43 25 58 44 61 0 17 58 46 54 29 60 63 63 45 55 63 20 11 18 10 24 13 29 38 35 10 37 7 52 10 50 38 49 31 54 0 48 58 50 55 58 19 63 59 17 54 38 34 2 6 44 23 33 9 61 27 50 1 34 32 49 5 6 5 51 63 10 27 45 1 26 60
run=10 seed=9 k=64 f=0
3 51 36 38 50 29 44 38 3 36 15 3 2 24 21 15 63 21 1 14 0 0 11 23 5 42 52 52 34 29 50 32 49 27 55 2 2 26 22 12 7 33 39 51 0 60 58 35 56 23 31 10 23 59 59 26 21 48 7 50 40 45 4 19 58 43 30 32 44 7 46 54 40 12 60 26 26 21 62 17 44 11 21 58 8 17 34 29 8 15 14 7 61 32 63 15 42 35 36 58 5 6 54 44 55 5 61 0 26 16
run=11 seed=10 k=64 f=0
47 5 61 32 57 9 3 23 11 3 14 24 48 44 25 13 0 39 55 60 19 36 29 21 34 2 59 59 33 54 58 7 15 36 60 17 1 63 41 47 25 24 45 28 45 53 48 46 44 39 58 14 31 21 21 1 52 13 60 56 0 54 4 21 9 62 36 40 27 11 3 0 31 48 34 27 41 31 9 18 63 51 18 27 8 39 28 43 53 8 26 44 19 4 12 49 35 21 60 5 51 63 33 38 61 53 21 0 24 22
run=12 seed=11 k=64 f=0
63 0 53 13 0 39 31 47 28 0 52 28 62 14 51 43 39 52 37 50 59 18 17 37 23 27 63 34 55 36 25 22 29 15 4 39 54 45 61 0 32 0 0 34 3 21 62 61 1 23 47 53 18 26 34 58 63 6 40 54 43 2 45 28 17 48 55 8 30 14 8 62 12 1 35 37 49 21 4 32 12 57 47 37 49 24 33 23 24 45 12 3 7 62 44 28 13 56 21 40 7 47 7 10 20 44 57 1 36 18
run=13 seed=12 k=64 f=0
16 39 46 0 37 55 5 25 1 15 26 61 37 30 54 39 27 49 34 55 29 52 34 18 61 36 27 2 44 17 28 42 63 51 42 59 8 47 20 7 55 57 22 1 12 63 50 27 0 39 4 62 51 32 17 61 41 12 47 31 46 60 13 55 57 25 52 0 41 8 25 2 54 39 23 2 1 45 46 10 55 63 9 28 14 22 39 62 44 20 6 32 34 0 25 17 62 5 25 19 15 33 52 7 45 16 13 55 34 61
run=14 seed=13 k=64 f=0
6 56 63 15 62 60 48 7 8 0 22 28 22 11 19 13 53 0 60 50 46 9 28 26 33 24 53 21 28 20 3 21 62 1 48 59 59 21 8 2 40 53 59 62 15 18 25 56 0 10 41 42 14 50 11 50 4 0 26 48 1 31 34 0 61 42 56 54 63 10 57 40 30 41 38 34 45 7 4 59 10 5 34 29 28 46 18 52 46 62 37 48 41 4 48 29 21 17 42 34 47 36 61 8 26 35 7 36 46 7
run=15 seed=14 k=64 f=0
27 35 24 27 63 18 23 15 23 10 60 61 32 14 34 20 28 45 9 37 20 31 59 38 7 38 0 3 63 40 15 54 24 48 16 25 35 39 1 51 20 0 19 23 0 20 35 30 21 44 3 8 60 62 13 2 36 47 10 0 3 10 54 8 54 63 62 29 46 53 16 32 41 36 13 43 41 53 31 52 2 25 62 12 10 45 43 26 29 12 58 35 39 44 50 40 44 55 5 23 36 10 59 16 38 46 56 62 3 1
run=16 seed=15 k=64 f=0
21 38 30 7 17 17 52 11 31 16 43 48 31 43 39 1 13 39 4 21 45 24 44 54 13 24 27 50 56 52 10 5 26 63 44 42 20 7 59 51 23 50 34 63 22 6 25 32 9 61 46 56 21 32 14 51 27 32 5 0 26 11 14 15 14 34 57 34 59 53 21 0 27 57 8 62 63 19 14 0 47 60 0 2 6 63 30 0 57 29 53 21 41 58 61 62 56 55 62 40 44 46 41 6 40 32 34 56 5 4
run=17 seed=16 k=64 f=0
60 25 9 12 1 35 55 57 47 63 13 41 13 8 31 2 60 5 61 55 48 2 59 38 24 61 28 22 19 2 62 46 50 31 24 4 13 20 35 53 4 48 37 19 32 9 21 45 50 40 13 33 42 52 44 19 12 17 27 32 39 63 46 41 45 12 45 63 32 11 1 47 1 61 56 33 37 36 25 27 54 17 56 53 8 51 9 20 35 0 53 45 54 17 18 25 3 33 11 4 26 1 26 52 29 0 21 59 61 36
run=18 seed=17 k=64 f=0
57 45 63 0 59 17 49 46 15 6 36 52 19 63 40 32 21 61 17 7 50 9 40 52 35 57 24 14 54 20 46 49 8 0 52 38 59 37 12 61 29 12 29 48 15 0 63 63 61 20 6 54 3 43 36 0 20 60 14 55 25 22 50 0 39 29 5 35 47 9 23 6 26 41 0 42 0 44 41 39 63 48 5 19 27 59 30 32 51 33 46 13 38 27 54 16 28 2 48 31 37 8 63 31 36 15 34 54 58 34
run=19 seed=18 k=64 f=0
5 43 63 37 4 52 40 8 36 59 2 45 58 46 46 47 23 10 5 19 33 23 27 11 56 55 59 7 30 34 22 53 63 55 20 3 62 10 11 26 43 13 35 0 39 53 33 33 37 13 52 29 1 1 40 56 7 43 29 41 63 34 26 1 19 47 6 41 11 13 29 49 30 1 55 5 6 0 62 38 17 39 8 17 42 43 49 26 14 44 22 63 63 33 18 21 32 27 60 49 42 26 47 9 60 38 15 16 0 30
run=20 seed=19 k=64 f=0
25 1 54 10 7 22 17 54 28 52 33 32 33 44 41 57 31 1 34 28 47 60 26 18 37 31 44 28 17 46 51 40 25 43 4 35 34 11 25 63 51 16 35 21 14 47 13 20 44 44 49 21 0 0 30 5 3 15 28 23 63 10 63 36 10 3 15 36 51 30 28 3 55 59 55 33 4 7 53 42 59 52 19 40 38 31 37 21 8 3 62 26 13 48 63 15 11 61 42 10 63 40 12 8 2 7 51 47 14 40
