run=1 seed=0 k=61 f=0
29 54 0 36 8 49 21 6 51 23 55 1 0 20 44 40 4 28 0 50 0 15 38 8 33 3 15 48 60 59 21 30 9 29 22 15 17 12 0 54 21 30 7 60 28 34 60 19 5 42 4 56 13 8 9 40 54 26 27 32 26 54 43 19 5 51 34 37 25 17 26 52 24 59 60 53 38 2 8 52 26 39 51 38 35 1 19 34 34 46 2 13 59 29 10 50 45 31 41 44 48 10 12 47 8 45 25 54 58 14
run=2 seed=1 k=61 f=0
29 54 0 36 8 49 21 6 51 23 55 1 0 20 44 40 4 28 0 50 0 15 38 8 33 3 15 48 60 59 21 30 9 29 22 15 17 12 0 54 21 30 7 60 28 34 60 19 5 42 4 56 13 8 9 40 54 26 27 32 26 54 43 19 5 51 34 37 25 17 26 52 24 59 60 53 38 2 8 52 26 39 51 38 35 1 19 34 34 46 2 13 59 29 10 50 45 31 41 44 48 10 12 47 8 45 25 54 58 14
run=3 seed=2 k=61 f=0
43 31 60 23 23 32 37 53 35 17 41 41 31 39 56 4 59 52 33 0 50 9 25 52 20 18 16 59 48 53 44 38 24 38 9 51 16 24 55 45 10 53 33 10 48 56 9 29 53 30 19 18 59 47 57 60 22 12 44 1 14 29 11 41 11 59 31 38 25 32 0 35 3 0 44 6 21 52 24 9 39 59 22 0 0 58 36 6 14 19 41 28 17 16 11 0 54 43 29 1 34 48 52 2 41 54 7 10 27 47
run=4 seed=3 k=61 f=0
29 15 26 45 9 7 22 5 24 2 12 0 51 57 18 10 26 13 35 41 46 51 57 8 51 17 59 56 39 9 3 12 57 31 59 24 50 52 19 4 40 43 24 33 42 29 45 25 33 58 7 14 37 2 30 2 31 30 11 34 60 60 46 35 35 9 27 23 60 31 55 14 56 30 52 55 18 38 21 10 60 43 6 22 46 17 21 40 47 16 15 3 16 3 0 0 50 1 15 27 32 54 53 47 14 46 36 5 25 6
run=5 seed=4 k=61 f=0
43 12 60 59 27 4 35 48 0 8 13 16 52 2 36 53 58 40 43 24 0 0 45 50 17 47 52 26 0 3 24 44 59 12 20 50 3 56 50 31 9 41 6 38 28 30 60 5 53 25 2 4 60 39 2 23 26 56 15 17 57 22 55 20 59 2 9 19 60 8 48 9 40 29 48 51 16 18 17 8 45 9 27 24 49 24 36 17 20 10 35 21 41 14 36 42 54 52 59 33 0 47 44 52 19 60 13 34 60 32
run=6 seed=5 k=61 f=0
42 24 50 60 38 50 4 34 33 60 6 44 52 39 47 27 31 24 24 17 30 28 4 55 45 18 34 44 46 29 1 44 54 16 42 18 50 17 60 26 23 11 9 8 35 15 37 9 41 0 33 44 28 38 38 0 58 49 18 45 16 8 24 12 53 10 30 0 50 60 1 19 22 10 24 60 59 0 48 37 6 44 59 17 23 3 10 4 53 53 26 25 60 10 59 53 0 56 16 18 19 38 37 41 28 0 21 38 13 60
run=7 seed=6 k=61 f=0
27 1 56 49 42 40 60 11 52 14 22 14 37 24 19 41 31 3 50 2 25 60 42 44 37 2 34 24 54 49 0 43 10 9 24 49 50 5 34 54 11 59 18 9 6 26 40 15 46 23 39 47 27 17 24 33 30 21 42 31 9 1 55 23 10 4 16 34 8 51 7 17 32 25 1 39 24 35 56 8 45 53 16 10 54 21 27 31 0 10 60 1 1 60 33 58 50 12 3 18 23 10 44 12 39 36 0 46 24 50
run=8 seed=7 k=61 f=0
30 6 34 42 48 16 37 32 5 58 26 34 52 60 0 25 1 10 1 35 18 46 59 48 26 44 1 0 58 15 0 52 20 39 18 3 57 33 34 31 27 9 21 21 10 8 19 8 38 37 47 60 16 16 42 14 30 44 55 28 28 46 8 25 23 46 32 5 58 11 11 41 56 51 57 30 19 48 13 34 43 30 50 60 18 35 3 35 16 51 11 22 30 33 50 40 16 24 1 26 41 60 19 0 20 3 26 36 44 10
run=9 seed=8 k=61 f=0
59 19 40 48 0 37 52 35 36 3 12 31 0 5 16 60 8 7 36 57 60 3 14 4 46 43 22 16 40 7 49 57 54 30 4 60 9 27 37 45 19 39 23 33 0 3 11 4 43 40 27 56 27 22 9 35 8 23 17 50 24 49 45 50 39 28 52 48 58 33 35 23 37 58 42 14 30 35 18 17 58 20 0 41 43 13 28 50 60 51 20 23 51 9 31 8 10 1 17 9 45 27 30 60 51 60 2 23 9 22
run=10 seed=9 k=61 f=0
9 40 60 58 15 4 21 13 51 21 9 48 32 41 6 16 2 10 16 49 59 59 35 32 57 48 27 54 26 28 60 35 11 0 34 0 43 2 4 30 17 25 26 0 44 6 59 46 43 41 23 20 42 60 11 1 59 9 40 10 45 28 37 1 52 50 12 35 19 26 9 9 52 38 53 32 10 5 6 53 17 59 35 33 28 48 22 38 3 58 33 42 11 19 20 0 53 33 39 4 56 14 42 51 28 25 31 37 51 58
run=11 seed=10 k=61 f=0
47 26 9 20 24 60 53 19 6 60 57 46 27 34 3 31 32 3 37 47 9 19 38 18 57 21 13 39 21 31 1 7 28 14 29 52 21 44 49 42 41 47 56 8 52 35 41 60 42 32 15 35 12 2 55 35 0 7 48 10 39 57 44 0 59 0 60 47 8 53 20 25 34 32 15 57 15 20 53 40 49 4 28 3 0 50 13 32 22 2 24 10 26 60 18 60 58 19 24 59 9 7 28 45 39 43 41 51 50 50
run=12 seed=11 k=61 f=0
30 56 35 0 22 15 3 7 57 31 19 26 36 45 31 31 18 47 51 35 60 12 49 6 0 30 56 17 57 42 54 60 16 59 25 0 39 23 53 38 36 12 46 9 59 2 22 9 45 59 48 27 0 5 27 54 20 23 40 46 4 21 10 3 9 37 1 46 3 52 24 19 11 38 13 48 3 0 15 45 10 2 15 37 37 44 32 42 59 41 8 26 26 38 12 37 20 27 52 19 59 23 41 27 42 54 32 52 57 41
run=13 seed=12 k=61 f=0
58 32 46 55 56 14 40 56 10 51 0 37 37 30 6 2 11 47 52 7 0 7 0 59 13 17 8 24 54 27 57 48 28 33 47 37 40 60 19 18 34 23 58 50 38 40 27 51 35 59 0 50 4 54 50 27 10 58 16 3 45 8 48 60 2 45 6 11 47 28 47 53 24 28 37 14 30 8 0 46 0 9 21 39 60 23 54 14 11 6 18 26 15 16 9 20 22 15 30 15 44 1 3 18 29 59 44 39 38 38
run=14 seed=13 k=61 f=0
35 29 60 32 51 1 48 39 0 54 17 8 0 38 60 59 5 40 15 10 43 24 7 12 46 32 19 28 56 34 23 58 29 18 18 18 0 13 27 11 40 51 11 5 26 2 9 49 49 36 20 34 58 10 19 56 23 23 5 45 29 35 60 44 33 60 47 19 7 12 59 53 58 59 37 25 44 13 27 30 18 45 0 47 0 43 14 21 35 10 26 41 41 1 17 5 2 51 27 9 41 54 5 0 30 14 15 22 19 55
run=15 seed=14 k=61 f=0
49 8 23 6 46 52 39 44 28 54 49 59 51 57 60 8 16 34 0 39 27 28 14 21 9 50 46 25 60 51 1 5 6 59 15 0 52 1 24 22 48 60 20 24 31 3 27 0 12 17 17 23 14 15 44 40 11 22 4 35 0 32 48 59 53 60 31 38 57 19 2 46 35 20 9 19 39 35 7 8 25 30 59 57 44 42 22 33 4 32 44 48 13 31 1 54 34 32 30 33 48 28 18 36 46 42 14 19 12 3
run=16 seed=15 k=61 f=0
27 59 0 50 21 13 8 24 39 51 19 4 46 18 12 31 40 58 0 6 30 47 26 23 47 51 19 5 52 34 26 10 10 51 58 59 44 60 28 22 52 3 29 39 56 37 38 38 40 29 13 8 54 20 33 11 52 42 59 4 3 1 15 18 1 16 12 38 0 53 16 8 3 36 44 47 18 25 47 60 5 41 7 34 13 41 23 36 55 29 21 21 58 26 42 60 49 56 43 34 57 2 43 51 28 29 23 48 56 4
run=17 seed=16 k=61 f=0
58 35 11 2 40 41 5 46 40 16 47 47 24 7 2 34 59 12 19 25 8 40 0 41 58 26 32 2 15 19 55 37 20 43 54 59 50 30 57 58 17 17 34 51 24 4 24 12 60 8 0 0 11 10 41 23 41 47 56 49 31 26 20 53 27 35 1 60 6 49 36 34 3 23 23 27 2 49 44 48 33 59 50 46 30 33 9 58 19 39 0 54 57 34 44 17 17 55 21 40 60 17 60 29 4 18 58 40 13 39
run=18 seed=17 k=61 f=0
51 42 34 47 12 37 9 24 32 51 12 19 14 16 54 40 11 60 58 23 48 51 13 40 4 23 30 2 26 60 57 24 1 59 18 59 12 20 6 42 57 21 19 50 45 17 9 49 25 43 16 6 39 31 14 6 50 37 56 0 0 52 10 0 0 19 33 31 42 41 12 55 0 3 21 3 42 29 27 2 35 44 35 58 16 29 19 29 59 55 27 45 35 47 22 60 7 0 29 49 36 56 43 50 3 5 16 8 23 44
run=19 seed=18 k=61 f=0
35 20 2 38 4 29 34 10 16 49 38 4 29 11 22 30 27 15 18 30 44 50 36 4 20 51 45 53 47 60 14 8 27 12 45 16 43 1 1 15 49 0 58 44 45 55 26 18 60 7 45 48 21 21 38 18 12 41 26 58 60 60 47 11 51 43 17 32 5 51 23 55 19 58 38 41 54 2 56 6 36 43 2 1 60 21 34 30 28 3 38 14 35 11 27 16 54 2 0 60 58 51 56 50 55 35 1 43 12 25
run=20 seed=19 k=61 f=0
45 9 60 22 50 35 45 23 15 2 0 41 15 10 59 0 29 4 47 60 27 9 0 31 20 49 50 60 7 53 36 14 47 14 28 60 21 53 45 6 59 60 27 29 12 50 30 52 17 51 23 55 5 32 51 36 19 42 60 40 41 7 52 19 13 16 37 12 56 19 16 38 60 60 33 0 51 32 23 43 58 48 4 53 19 52 27 5 41 34 21 19 42 9 45 0 33 38 15 28 25 0 60 27 57 2 9 5 36 60
