run=1 seed=0 k=59 f=0
14 41 25 36 58 45 13 14 40 54 13 28 0 39 7 39 13 8 58 6 39 27 48 56 12 9 18 48 57 55 32 41 43 31 14 46 24 28 5 16 27 18 57 58 0 49 37 15 2 23 30 9 55 56 7 47 2 29 36 0 25 13 40 7 23 6 0 48 38 16 49 39 51 58 33 30 51 0 49 43 7 29 41 1 55 4 58 50 33 23 15 37 8 52 16 0 54 14 58 24 28 53 26 34 20 31 24 34 7 20
run=2 seed=1 k=59 f=0
14 41 25 36 58 45 13 14 40 54 13 28 0 39 7 39 13 8 58 6 39 27 48 56 12 9 18 48 57 55 32 41 43 31 14 46 24 28 5 16 27 18 57 58 0 49 37 15 2 23 30 9 55 56 7 47 2 29 36 0 25 13 40 7 23 6 0 48 38 16 49 39 51 58 33 30 51 0 49 43 7 29 41 1 55 4 58 50 33 23 15 37 8 52 16 0 54 14 58 24 28 53 26 34 20 31 24 34 7 20
run=3 seed=2 k=59 f=0
27 21 57 57 0 42 4 0 4 29 47 21 10 33 35 39 18 50 48 5 29 16 8 32 44 0 10 29 31 15 0 58 33 58 56 38 15 17 34 15 42 26 44 52 49 22 58 5 23 20 42 49 33 2 28 1 53 40 11 11 56 51 24 31 25 0 10 40 39 46 46 22 0 31 10 49 37 14 26 56 44 19 58 6 22 26 37 23 11 12 48 4 51 17 40 16 51 11 44 19 54 14 10 0 32 18 0 46 5 46
run=4 seed=3 k=59 f=0
4 53 20 58 28 44 24 42 2 58 32 29 49 31 42 16 31 51 23 41 36 1 37 0 16 53 38 31 2 44 20 19 5 1 33 50 56 49 42 51 52 0 51 10 58 34 3 49 48 26 42 5 57 24 14 14 44 0 6 11 9 8 11 29 33 17 25 19 55 55 16 49 3 8 1 8 42 58 57 13 25 54 24 23 12 52 41 17 56 48 37 57 22 13 3 48 14 35 33 32 31 31 4 12 36 0 16 37 3 43
run=5 seed=4 k=59 f=0
11 21 35 15 19 38 34 21 53 18 45 44 1 49 33 58 11 55 30 57 40 2 16 13 38 12 8 41 43 52 10 20 49 14 26 49 50 1 36 44 46 20 21 22 57 4 26 21 16 58 54 44 32 5 8 36 52 19 44 9 56 26 0 44 0 0 33 4 27 10 17 0 34 27 47 50 36 9 16 26 17 27 49 29 34 2 58 0 25 24 38 58 53 5 7 27 0 40 30 53 35 48 11 27 38 4 58 0 8 43
run=6 seed=5 k=59 f=0
13 4 19 22 58 1 17 46 31 56 1 14 28 6 10 41 5 44 57 47 34 10 43 32 55 14 56 57 34 36 12 24 50 25 46 48 1 17 18 55 37 21 20 34 11 52 26 19 19 14 25 52 38 10 13 40 55 26 2 6 25 52 44 58 26 0 57 15 53 49 3 1 37 35 40 26 44 1 51 57 19 15 33 52 45 31 47 18 58 44 38 10 34 27 28 1 35 31 2 3 34 9 5 50 40 43 52 10 51 24
run=7 seed=6 k=59 f=0
5 11 25 5 47 14 1 28 13 58 51 32 14 58 22 43 29 20 53 17 16 9 16 31 9 49 42 58 1 42 51 52 52 20 58 11 12 30 35 55 16 29 15 24 47 12 20 14 16 50 40 34 4 0 30 0 39 37 58 38 30 27 31 3 13 30 30 57 41 9 50 58 38 57 0 25 7 27 45 58 21 1 23 29 3 38 43 55 7 46 2 35 48 32 34 39 56 9 47 43 20 49 55 52 10 1 28 37 31 14
run=8 seed=7 k=59 f=0
27 5 20 12 52 54 18 49 49 16 54 35 40 3 8 28 6 5 30 11 32 4 10 43 23 57 47 7 46 28 3 53 33 51 42 25 13 23 46 11 25 47 31 29 33 25 51 45 22 35 46 58 24 37 50 44 39 38 25 7 16 1 22 40 55 1 9 2 14 25 7 0 7 26 38 40 18 19 19 31 55 31 15 57 36 6 0 0 36 17 43 0 58 56 49 44 14 58 32 11 12 32 12 58 47 39 43 0 58 17
run=9 seed=8 k=59 f=0
1 8 58 57 12 30 35 24 21 55 33 2 31 13 58 1 43 41 48 5 21 23 22 29 39 7 50 40 58 29 5 1 7 58 34 23 22 30 38 43 14 38 49 22 49 48 33 24 12 1 47 17 56 10 2 56 18 33 40 41 30 46 4 42 14 15 50 39 4 3 17 7 39 21 45 10 51 13 56 13 0 1 35 57 47 17 47 37 55 37 10 27 31 18 0 51 32 26 53 45 29 7 53 15 27 37 45 55 54 58
run=10 seed=9 k=59 f=0
46 58 24 39 0 58 36 56 34 21 53 16 0 48 13 32 20 25 37 11 39 7 53 18 27 58 46 16 39 7 51 48 52 48 8 38 6 48 24 17 13 21 55 36 0 23 47 25 17 29 1 35 44 57 51 31 23 58 47 11 58 38 41 15 57 3 0 8 38 46 54 37 5 5 32 34 28 6 18 58 7 1 24 38 58 33 11 21 32 0 56 50 0 40 44 26 30 52 37 14 15 0 10 32 42 28 20 41 33 20
run=11 seed=10 k=59 f=0
49 12 38 56 58 33 49 52 48 32 35 16 11 29 20 30 29 27 14 41 14 28 18 43 58 22 44 47 55 45 23 11 3 7 33 50 41 23 35 51 56 58 36 12 1 32 19 57 1 41 20 47 3 53 8 8 27 3 54 11 0 23 19 56 20 58 51 25 51 31 56 50 21 5 8 23 0 36 36 43 18 33 14 33 17 50 41 44 46 41 0 7 0 52 29 39 3 25 15 35 16 0 1 6 46 1 21 25 6 41
run=12 seed=11 k=59 f=0
43 50 28 56 58 30 53 21 25 18 58 48 43 49 44 32 41 14 18 37 12 46 2 19 25 58 5 13 32 20 52 34 6 51 12 5 44 6 26 15 12 19 57 1 38 15 27 1 22 39 0 0 29 2 55 36 19 5 8 58 26 17 42 58 32 52 42 49 5 5 37 51 28 39 18 42 26 57 11 4 58 58 1 14 39 1 16 33 11 23 47 49 24 51 11 38 35 44 23 12 41 44 3 44 48 22 10 47 24 32
run=13 seed=12 k=59 f=0
1 55 40 1 27 47 42 5 22 46 12 36 11 6 43 48 13 27 55 42 1 25 17 48 12 51 53 56 52 48 57 4 58 10 56 18 40 12 51 4 58 4 45 58 58 27 9 28 54 30 15 22 31 31 47 0 24 30 17 1 17 19 3 9 6 39 0 38 40 58 25 33 39 11 9 6 28 37 13 38 0 0 33 45 5 21 42 35 22 41 55 18 18 0 26 51 33 23 14 46 18 32 17 0 58 30 57 13 14 19
run=14 seed=13 k=59 f=0
14 0 17 48 23 14 31 14 32 58 4 57 18 54 1 34 22 4 15 22 7 18 58 25 14 0 20 23 0 9 38 12 50 0 10 21 17 47 4 0 50 48 53 45 4 52 31 15 54 50 24 54 26 54 28 32 12 3 1 11 50 42 35 50 42 41 18 42 39 14 56 37 11 36 58 7 29 56 7 58 43 27 48 42 30 3 14 40 36 15 0 32 46 31 29 33 34 58 39 9 10 41 46 42 36 26 27 5 5 38
run=15 seed=14 k=59 f=0
17 8 36 56 49 18 23 46 2 46 0 3 57 57 12 10 23 29 2 12 29 55 45 33 40 44 47 28 51 28 16 13 4 41 20 38 52 39 25 4 44 25 35 6 20 2 29 47 48 9 58 34 9 17 39 24 1 50 42 20 0 1 11 53 8 52 31 17 39 58 55 9 27 38 23 37 6 35 25 43 29 45 33 47 15 29 18 35 13 58 58 17 5 33 1 41 29 40 47 0 42 43 28 14 24 17 8 56 1 53
run=16 seed=15 k=59 f=0
39 18 57 32 14 58 1 44 15 31 10 4 0 20 24 34 53 16 0 58 58 39 7 52 39 40 25 0 36 23 28 16 57 42 48 15 10 24 32 46 26 16 32 30 28 56 5 8 47 50 10 21 38 20 15 1 15 14 50 42 42 57 7 35 7 25 55 6 57 0 12 16 24 44 52 28 45 17 12 10 23 22 41 58 47 3 58 35 34 47 58 4 23 38 45 30 51 39 0 58 48 39 49 0 2 4 19 29 31 15
run=17 seed=16 k=59 f=0
3 22 40 31 39 58 38 36 31 19 27 42 32 50 58 1 28 5 34 6 18 54 50 20 43 4 52 58 0 33 5 40 33 49 12 1 22 41 57 15 1 41 41 11 16 53 57 28 46 27 14 12 23 13 3 1 11 53 24 35 0 33 29 9 45 48 27 51 37 9 27 28 52 20 25 30 52 14 40 16 45 57 38 55 5 15 10 48 21 37 10 9 20 43 0 31 31 20 41 58 52 0 43 58 4 58 48 41 17 19
run=18 seed=17 k=59 f=0
58 21 2 58 0 36 16 39 51 14 39 42 2 20 58 43 9 51 37 13 42 31 58 17 51 42 2 1 42 26 38 41 45 29 25 43 55 41 47 31 1 11 13 35 31 5 25 23 0 6 36 46 58 18 4 45 52 42 26 58 20 9 40 49 37 52 57 12 7 49 41 43 26 23 36 37 30 10 29 51 15 1 10 51 47 44 19 9 46 58 33 26 58 18 14 29 8 0 14 22 55 28 24 38 54 6 6 34 16 13
run=19 seed=18 k=59 f=0
54 2 32 58 0 1 9 25 24 58 38 42 0 1 56 35 44 51 15 49 19 1 23 57 18 53 32 45 21 8 45 24 39 26 16 41 58 40 49 19 15 8 19 13 13 4 50 20 48 0 10 54 17 1 55 12 57 23 26 15 28 10 32 50 17 27 23 37 30 12 26 3 28 22 43 41 37 2 57 58 12 49 58 31 10 50 33 35 14 30 33 50 56 7 41 49 19 43 32 31 29 15 25 58 2 32 39 51 38 41
run=20 seed=19 k=59 f=0
51 16 0 10 36 34 14 39 45 38 43 28 13 49 13 29 0 41 52 14 19 32 28 48 35 18 58 39 33 21 36 26 37 52 5 46 15 7 48 32 11 22 1 25 44 15 30 58 23 55 27 29 2 6 20 8 54 4 47 2 58 35 28 36 4 10 33 45 53 26 1 15 2 19 0 38 44 0 0 58 6 57 29 38 46 54 17 50 54 46 22 24 22 54 52 7 7 40 40 50 8 0 8 10 45 57 45 14 20 43
