run=1 seed=0 k=54 f=0
53 16 0 52 53 8 46 51 12 36 50 31 29 0 8 3 35 0 18 10 33 26 53 33 20 8 15 31 23 7 53 1 0 16 2 3 37 52 8 26 51 21 9 29 41 31 53 10 0 28 29 10 37 24 34 38 34 50 21 20 0 46 0 33 7 12 52 18 14 26 50 12 18 40 39 15 14 50 45 46 7 24 42 44 21 45 32 16 8 52 45 40 44 18 24 45 6 36 48 0 27 34 20 46 11 21 23 38 2 40
run=2 seed=1 k=54 f=0
53 16 0 52 53 8 46 51 12 36 50 31 29 0 8 3 35 0 18 10 33 26 53 33 20 8 15 31 23 7 53 1 0 16 2 3 37 52 8 26 51 21 9 29 41 31 53 10 0 28 29 10 37 24 34 38 34 50 21 20 0 46 0 33 7 12 52 18 14 26 50 12 18 40 39 15 14 50 45 46 7 24 42 44 21 45 32 16 8 52 45 40 44 18 24 45 6 36 48 0 27 34 20 46 11 21 23 38 2 40
run=3 seed=2 k=54 f=0
24 38 45 35 0 53 0 36 49 16 0 27 25 16 39 43 38 45 48 6 8 50 12 53 22 1 17 53 18 52 34 27 45 12 31 24 22 26 52 17 13 7 6 32 27 41 52 0 9 8 3 41 13 31 51 40 23 43 16 41 31 2 45 20 52 32 43 22 32 15 35 37 20 6 52 1 46 37 25 0 9 11 2 14 17 42 27 24 39 52 0 30 25 6 1 46 51 0 31 52 22 12 40 32 20 53 24 9 53 10
run=4 seed=3 k=54 f=0
20 52 0 19 53 53 12 50 19 9 22 4 18 37 0 12 14 26 34 3 45 0 39 12 30 7 47 23 47 8 51 53 53 50 51 17 1 53 46 36 4 31 44 49 24 11 1 36 11 52 40 26 37 29 15 29 1 17 38 34 20 18 13 31 53 27 31 5 51 11 32 51 5 35 39 22 41 0 11 1 29 3 44 27 16 10 18 27 28 3 43 38 7 32 16 32 7 43 48 9 6 1 30 46 23 23 43 46 51 16
run=5 seed=4 k=54 f=0
34 46 53 26 27 49 15 44 32 47 26 18 39 8 53 21 37 43 33 41 47 38 41 44 27 26 33 43 26 5 29 53 44 0 45 3 7 4 19 36 13 46 48 53 0 5 38 35 48 29 0 51 21 37 25 14 35 1 28 12 1 28 23 23 52 53 36 11 1 18 47 10 16 6 41 35 1 15 45 15 53 35 19 16 50 10 8 9 3 17 21 42 8 12 32 35 9 13 1 7 5 37 42 15 3 18 0 26 24 4
run=6 seed=5 k=54 f=0
13 21 53 11 15 37 8 50 2 35 32 2 46 0 37 27 6 31 20 30 31 25 27 38 50 38 22 0 40 35 0 13 25 12 20 1 38 45 5 15 41 14 17 25 18 13 43 19 1 53 45 27 36 20 32 39 36 13 30 10 53 47 44 11 14 27 8 43 46 24 28 5 23 45 1 47 32 33 34 20 53 8 44 36 7 0 21 46 11 0 22 27 53 9 43 7 3 7 53 8 51 27 2 0 37 16 53 42 50 53
run=7 seed=6 k=54 f=0
10 37 19 41 53 20 53 27 37 43 34 1 37 17 0 1 30 48 3 35 6 18 53 30 23 35 11 9 12 12 28 22 8 18 18 53 32 8 4 35 11 46 49 1 7 0 0 52 52 12 27 10 0 41 10 41 5 50 13 29 29 50 24 45 36 35 9 43 2 13 39 38 19 29 37 52 5 39 28 53 44 53 28 18 23 49 6 45 1 35 20 25 31 48 30 20 2 43 49 19 20 34 39 0 1 48 7 15 17 26
run=8 seed=7 k=54 f=0
45 0 25 12 0 33 37 28 42 9 7 53 53 48 16 10 45 5 8 0 22 48 52 38 30 11 19 36 22 18 28 10 12 48 24 18 18 52 41 34 36 46 1 36 3 50 1 24 17 48 31 18 5 0 52 37 15 26 53 37 45 30 25 43 24 31 0 36 29 29 50 13 31 43 53 29 2 43 16 14 33 3 42 53 53 49 11 38 1 39 26 5 17 42 34 10 11 40 22 40 35 24 4 8 29 28 0 0 14 52
run=9 seed=8 k=54 f=0
40 17 43 53 30 14 48 19 40 33 7 3 0 5 8 14 2 39 27 22 14 52 52 14 46 27 20 22 28 12 31 11 1 31 3 51 49 25 27 37 32 7 7 37 20 7 41 43 17 24 51 24 44 4 14 41 32 42 1 16 39 40 16 27 15 2 43 3 30 21 1 7 44 30 47 38 20 52 50 38 53 21 34 33 10 23 47 0 25 46 7 17 0 36 0 53 7 12 21 13 19 6 9 35 52 17 44 34 40 52
run=10 seed=9 k=54 f=0
31 47 8 49 0 12 42 42 2 17 24 37 53 38 53 53 50 0 12 53 16 1 52 20 5 44 18 36 29 25 44 21 32 13 19 52 6 49 0 26 9 27 53 15 43 11 0 0 13 9 13 33 4 45 34 46 1 18 21 26 38 29 26 36 6 37 53 48 32 9 0 30 50 28 22 53 0 26 28 37 20 24 39 39 49 39 52 45 3 1 42 45 20 41 17 28 22 45 10 13 19 4 18 0 13 7 22 10 32 34
run=11 seed=10 k=54 f=0
53 45 29 7 53 16 53 24 28 12 47 47 0 32 18 16 6 0 35 48 12 34 12 29 17 51 34 1 52 53 9 40 51 27 40 34 45 37 53 8 15 53 19 41 48 29 4 9 18 43 13 32 17 8 53 10 27 21 2 52 26 34 47 20 14 26 17 41 25 35 22 0 35 24 6 1 28 22 11 36 21 31 49 30 44 52 40 45 0 45 21 12 53 30 38 0 0 53 23 46 2 41 0 5 10 3 30 33 0 27
run=12 seed=11 k=54 f=0
15 5 12 34 0 10 37 47 41 0 49 4 36 32 26 42 27 27 37 50 32 40 0 31 40 53 52 0 43 19 46 4 6 17 2 27 31 51 37 10 16 20 34 1 35 32 53 51 20 8 33 5 14 8 46 13 17 14 24 36 18 52 45 53 43 43 24 40 4 9 7 24 5 18 46 6 10 32 16 53 2 53 37 51 11 25 0 38 28 21 16 13 25 14 44 52 24 25 36 26 38 43 7 30 18 45 0 20 28 37
run=13 seed=12 k=54 f=0
26 32 10 9 27 0 48 12 49 40 43 27 40 38 41 48 10 36 11 22 47 7 0 12 6 22 53 14 24 17 9 47 11 24 13 12 31 3 20 23 1 0 31 47 48 53 53 5 31 2 13 22 49 41 42 49 24 50 12 31 9 10 0 41 42 25 32 0 18 18 18 34 18 18 53 16 53 33 18 16 2 5 53 47 52 44 25 2 2 45 20 35 39 0 25 35 4 33 35 31 27 24 6 53 45 6 33 21 35 53
run=14 seed=13 k=54 f=0
20 32 51 31 44 13 34 26 53 35 52 19 36 0 9 8 22 40 6 33 23 9 9 47 17 10 51 38 9 37 13 15 52 53 46 9 0 19 6 34 36 27 0 49 43 17 18 47 20 0 40 49 6 31 16 31 21 48 53 26 1 22 11 18 8 51 21 14 43 53 11 31 4 5 29 1 47 31 14 0 29 50 0 49 3 37 42 17 30 41 44 52 24 20 0 35 5 39 26 21 38 0 41 26 27 30 46 19 37 37
run=15 seed=14 k=54 f=0
41 47 0 36 0 46 42 6 27 53 51 19 45 48 45 44 4 29 8 30 39 31 17 6 12 30 52 28 15 24 9 47 31 19 35 0 1 4 7 17 26 29 0 22 29 41 30 36 39 21 17 16 36 51 33 20 22 45 10 13 9 34 46 9 35 39 42 50 7 32 14 48 45 9 19 0 53 3 15 23 32 26 48 2 14 27 0 53 21 25 44 50 53 5 37 25 26 52 1 0 52 15 13 53 41 4 1 22 3 52
run=16 seed=15 k=54 f=0
47 28 21 17 19 45 33 32 19 29 49 2 0 32 45 22 32 25 44 8 27 30 44 35 16 13 39 0 49 1 53 23 16 10 53 21 41 0 17 35 7 32 16 50 6 35 4 53 15 50 15 13 46 29 26 39 23 49 53 41 53 51 36 36 10 35 44 4 4 10 39 29 38 53 33 15 11 29 25 40 19 50 0 39 18 37 25 1 6 27 12 8 46 5 53 39 3 15 53 26 38 6 41 11 30 5 28 7 14 36
run=17 seed=16 k=54 f=0
27 48 32 22 53 52 19 13 51 27 53 35 53 53 24 0 40 10 38 3 31 10 53 32 47 30 0 53 47 0 9 52 14 16 19 19 35 40 3 32 8 41 23 23 6 3 53 22 44 35 3 20 29 24 41 33 0 15 50 10 16 44 8 23 40 44 1 43 0 7 52 17 23 44 37 38 26 8 17 16 33 5 29 37 31 14 17 45 7 11 0 23 42 1 41 0 16 9 20 1 34 31 43 12 22 41 4 47 39 9
run=18 seed=17 k=54 f=0
7 27 15 19 0 10 53 29 26 3 31 37 25 12 22 12 36 4 17 51 45 18 32 36 1 35 26 27 19 8 16 13 41 53 43 51 35 47 29 33 1 2 12 43 44 52 34 19 10 24 49 35 52 20 3 52 37 26 5 42 31 6 1 0 16 9 51 17 3 53 19 22 18 47 39 42 49 48 1 9 0 8 28 17 34 43 37 14 49 7 14 31 42 9 52 8 36 39 44 43 29 0 44 39 47 21 30 0 0 6
run=19 seed=18 k=54 f=0
34 44 28 11 0 47 15 13 38 27 35 25 8 14 34 53 34 36 51 27 16 43 0 13 42 2 53 17 15 52 29 23 31 31 14 51 44 47 38 28 3 15 51 37 47 53 10 25 9 0 6 36 46 0 6 2 40 1 28 42 42 13 22 15 9 33 31 53 21 9 43 21 51 0 22 44 51 38 6 40 1 2 33 24 0 39 53 49 17 8 18 29 8 44 37 28 53 19 20 21 4 30 49 7 16 50 19 47 25 20
run=20 seed=19 k=54 f=0
47 0 53 29 53 45 7 51 13 34 36 4 0 11 0 36 45 19 14 40 37 29 44 10 49 39 38 2 28 37 44 12 18 28 24 17 17 52 23 9 31 29 35 28 16 6 26 12 51 8 35 20 35 44 38 20 28 5 2 43 8 53 9 29 45 53 4 45 7 17 42 1 6 53 31 23 22 53 35 53 39 53 33 20 22 36 11 43 22 51 0 16 47 46 8 25 13 45 52 12 7 0 44 21 16 19 15 41 2 50
