run=1 seed=0 k=65 f=0
62 10 37 55 0 40 51 42 14 46 2 64 0 4 38 15 25 46 62 34 46 37 64 29 51 21 2 2 62 30 50 50 27 64 44 6 23 31 56 59 14 63 16 14 4 48 18 32 30 56 53 36 26 32 41 46 37 45 6 36 10 41 49 46 60 30 52 18 63 54 64 15 52 15 63 57 8 9 38 40 31 23 0 28 19 29 15 26 9 9 64 20 56 5 55 31 0 51 19 14 40 20 29 21 37 61 6 47 47 30
run=2 seed=1 k=65 f=0
62 10 37 55 0 40 51 42 14 46 2 64 0 4 38 15 25 46 62 34 46 37 64 29 51 21 2 2 62 30 50 50 27 64 44 6 23 31 56 59 14 63 16 14 4 48 18 32 30 56 53 36 26 32 41 46 37 45 6 36 10 41 49 46 60 30 52 18 63 54 64 15 52 15 63 57 8 9 38 40 31 23 0 28 19 29 15 26 9 9 64 20 56 5 55 31 0 51 19 14 40 20 29 21 37 61 6 47 47 30
run=3 seed=2 k=65 f=0
30 36 0 0 37 13 64 42 20 54 21 49 14 56 7 25 7 24 2 10 62 57 42 40 17 16 7 5 20 49 3 61 62 62 3 46 12 62 23 32 52 32 19 1 9 11 14 33 50 30 44 50 22 44 2 28 39 33 13 5 46 35 31 16 33 64 62 29 1 16 62 58 61 38 54 30 46 17 21 38 53 48 19 9 42 47 0 27 41 42 38 64 50 25 26 1 59 50 50 60 9 28 48 63 26 39 56 55 13 32
run=4 seed=3 k=65 f=0
61 55 48 27 47 50 57 36 37 45 18 4 3 34 22 41 20 63 62 10 16 52 39 13 58 22 42 23 33 29 24 39 31 9 31 36 60 23 50 7 0 33 28 47 0 17 26 56 62 57 39 58 14 17 58 37 41 25 16 9 62 31 55 13 32 17 62 27 3 37 35 22 28 13 10 56 11 0 4 41 60 61 21 2 14 40 7 55 41 47 0 6 63 53 63 0 22 38 32 50 17 1 8 5 2 13 19 47 46 40
run=5 seed=4 k=65 f=0
44 23 59 64 9 13 55 5 16 56 43 21 29 9 55 35 42 40 16 53 40 54 31 24 43 57 7 2 35 14 0 62 9 64 5 64 13 34 19 52 6 48 21 35 20 46 13 58 12 48 7 14 37 42 6 28 11 0 47 2 31 27 51 39 18 31 20 22 63 0 11 9 27 50 46 6 18 46 61 9 63 34 62 37 12 21 1 24 56 15 22 24 40 19 48 61 53 4 20 55 63 34 1 4 44 47 1 24 20 28
run=6 seed=5 k=65 f=0
43 50 35 42 18 27 6 24 33 16 61 33 20 53 30 0 25 61 3 38 9 10 59 48 3 40 49 13 12 21 29 13 19 57 20 54 20 46 40 55 63 11 48 20 26 30 25 48 51 45 18 0 56 32 43 0 36 28 27 4 52 48 24 0 15 35 3 63 41 43 63 16 32 13 3 44 3 34 60 64 38 52 21 59 26 9 34 59 6 0 63 57 64 38 9 36 29 14 36 46 60 0 60 44 41 32 53 6 27 11
run=7 seed=6 k=65 f=0
31 64 37 35 9 64 51 53 47 8 20 46 18 0 53 21 52 10 8 33 47 38 0 6 64 37 20 42 1 45 55 23 8 29 6 61 61 59 51 25 5 32 9 27 19 49 49 50 47 0 4 27 42 11 34 63 36 56 18 17 31 38 0 56 4 32 54 1 28 40 45 50 9 56 18 30 45 2 43 9 25 63 54 51 15 6 11 64 0 17 37 38 57 0 27 59 14 20 63 64 63 43 56 7 36 9 16 33 14 63
run=8 seed=7 k=65 f=0
12 48 0 34 56 62 31 39 0 43 25 3 47 46 29 50 43 56 40 31 64 3 53 14 59 14 46 16 21 35 18 6 35 37 46 0 22 14 13 23 57 40 9 6 27 61 10 2 35 64 35 0 59 64 41 19 2 11 38 55 47 0 49 18 23 32 26 14 48 38 5 43 18 17 3 41 62 56 18 31 2 17 58 61 31 54 47 16 1 14 23 50 62 60 9 23 25 2 3 9 12 10 40 64 27 57 24 23 39 64
run=9 seed=8 k=65 f=0
1 63 32 19 0 51 2 46 22 43 57 7 64 17 9 9 60 30 20 2 50 3 23 48 10 11 59 0 10 43 18 36 35 37 1 23 53 4 7 10 15 1 13 37 0 1 52 46 19 3 50 6 33 23 45 34 20 39 58 32 17 64 44 55 38 13 63 25 42 31 41 64 25 42 41 58 48 15 57 39 29 15 63 35 63 25 28 56 1 51 60 20 55 48 14 62 9 31 52 54 55 37 55 5 5 49 63 25 53 27
run=10 seed=9 k=65 f=0
60 34 10 64 43 3 18 48 62 22 26 39 28 19 18 26 49 30 46 54 24 60 1 15 62 61 49 8 64 29 61 28 63 38 3 64 55 15 1 21 12 0 29 40 39 16 35 53 16 54 45 36 54 46 44 37 6 12 45 46 60 17 64 63 1 3 13 0 49 32 46 24 35 13 52 39 42 44 28 11 2 63 22 3 33 39 10 7 55 57 8 32 17 27 47 12 21 61 7 19 11 56 13 19 4 0 22 1 14 52
run=11 seed=10 k=65 f=0
50 56 63 24 41 2 20 38 7 57 15 13 34 63 32 51 15 45 43 35 49 29 19 5 41 0 32 43 27 1 18 34 62 28 47 35 60 38 41 43 48 27 50 18 9 12 6 1 0 26 19 0 53 20 63 41 43 54 14 17 4 10 0 35 3 64 39 27 64 21 7 55 47 57 12 61 4 23 55 60 41 49 59 32 10 62 21 55 36 49 47 0 57 52 45 62 0 21 32 10 42 39 63 26 31 8 48 37 41 30
run=12 seed=11 k=65 f=0
24 39 18 5 11 20 26 7 34 22 60 51 3 39 38 16 21 42 45 18 32 45 27 1 58 55 60 33 9 34 12 46 9 50 45 30 3 50 61 13 8 62 21 13 42 56 49 60 13 58 15 40 19 42 48 29 34 52 52 40 23 28 57 54 13 16 64 62 3 0 64 11 31 32 51 45 38 45 31 51 64 46 35 57 25 12 2 59 22 0 3 34 10 28 63 45 5 2 62 28 54 53 3 2 25 23 38 0 5 6
run=13 seed=12 k=65 f=0
11 50 59 63 43 30 36 17 22 54 62 24 27 54 16 32 53 42 57 0 22 3 20 9 25 37 10 61 15 40 11 20 11 18 55 43 51 44 14 25 36 39 34 63 46 49 26 24 34 17 1 58 49 41 5 45 58 36 16 8 0 4 25 28 5 35 8 10 19 53 19 35 40 53 28 21 46 1 45 64 36 40 11 42 50 16 59 63 54 5 63 58 10 39 3 35 35 5 46 3 63 1 44 13 54 22 46 37 32 47
run=14 seed=13 k=65 f=0
20 44 36 36 47 3 33 55 24 41 61 59 63 29 1 23 41 9 38 43 39 38 1 16 58 15 45 41 48 29 36 5 10 8 61 62 32 64 40 40 27 6 63 63 64 36 24 16 22 51 2 20 44 62 56 51 47 64 10 32 28 48 34 53 56 15 40 6 6 57 46 46 35 18 12 6 55 3 57 14 26 36 15 27 54 14 2 21 8 20 4 58 28 43 11 64 60 7 5 0 28 54 56 20 7 0 28 62 64 50
run=15 seed=14 k=65 f=0
0 7 61 42 24 23 56 60 22 16 58 59 10 54 33 14 46 30 40 16 15 48 49 28 35 42 15 24 30 27 27 21 20 49 57 25 31 34 11 5 56 46 64 63 22 41 63 64 0 8 19 19 40 3 15 10 47 5 34 43 56 63 16 15 23 51 27 48 20 42 62 8 45 6 6 2 36 8 0 63 17 39 51 59 31 1 16 64 34 10 0 52 41 52 0 0 38 29 48 1 2 35 4 41 26 13 51 54 9 6
run=16 seed=15 k=65 f=0
23 14 21 0 63 25 44 54 43 31 28 16 4 9 25 64 64 52 49 57 41 10 31 56 2 39 7 51 34 53 15 30 52 18 54 23 10 10 24 43 13 49 4 46 8 8 12 12 62 41 52 37 60 1 31 35 59 29 21 0 1 38 30 0 63 62 24 10 19 51 55 45 39 38 34 39 56 27 33 42 20 38 26 5 60 52 0 14 13 0 51 59 41 18 61 19 40 20 51 27 42 62 12 38 17 64 12 2 6 0
run=17 seed=16 k=65 f=0
24 18 58 22 44 0 4 29 59 33 34 46 48 25 26 1 40 29 41 33 19 64 49 54 63 55 58 34 24 42 63 48 40 57 5 64 14 18 20 44 28 28 29 9 37 59 46 45 24 22 4 38 22 44 27 45 15 22 36 10 53 64 49 29 51 56 41 4 13 35 60 21 1 9 11 38 55 63 63 34 12 33 18 62 20 63 7 0 58 6 1 45 6 62 0 63 43 17 61 0 7 38 59 9 47 1 49 28 0 16
run=18 seed=17 k=65 f=0
34 21 14 47 64 9 53 6 64 43 51 63 64 0 1 0 58 17 32 8 50 43 39 58 34 41 0 12 44 53 40 50 16 51 46 64 60 1 18 21 13 14 61 50 48 35 35 57 2 52 61 27 0 40 50 11 6 44 27 25 32 26 22 3 45 5 15 42 18 23 24 23 41 26 10 64 32 44 63 21 11 34 62 5 4 1 17 56 12 25 16 2 34 40 30 16 46 22 58 55 62 59 15 62 55 27 37 24 10 6
run=19 seed=18 k=65 f=0
33 51 0 42 12 23 37 22 17 36 56 16 48 48 33 47 42 50 51 63 39 12 9 64 55 6 30 55 8 46 24 28 3 27 52 24 61 27 19 4 64 39 47 38 26 59 63 19 47 10 22 7 16 5 27 40 12 7 18 1 25 41 36 61 6 44 20 58 26 3 9 38 15 0 64 3 55 64 0 0 34 44 24 8 38 54 34 55 1 50 50 24 3 22 18 49 41 32 48 64 52 63 58 31 57 58 7 10 19 28
run=20 seed=19 k=65 f=0
35 1 13 57 1 20 36 32 2 39 52 41 13 31 49 54 7 10 53 38 57 2 64 22 9 16 1 37 39 21 63 60 46 11 22 16 18 58 25 36 33 36 31 50 4 26 7 1 35 60 17 51 4 3 8 11 21 3 48 27 24 41 62 48 59 33 38 16 27 10 64 28 46 30 35 13 45 24 21 56 0 18 5 64 16 37 26 64 21 61 48 48 47 27 37 41 27 44 54 24 7 5 57 56 51 8 46 63 34 58
