run=1 seed=0 k=63 f=0
1 46 9 61 50 52 10 7 0 10 23 17 41 25 41 49 24 36 16 37 15 35 62 51 31 33 26 40 1 18 5 0 45 61 59 2 18 43 42 16 15 62 47 59 43 31 41 2 2 57 12 19 29 8 8 9 0 47 19 49 26 27 32 35 57 26 44 36 60 61 54 0 29 2 9 41 32 14 51 14 48 24 33 59 53 39 42 33 48 12 33 60 26 29 53 1 25 5 39 56 55 30 38 27 8 12 14 31 39 0
run=2 seed=1 k=63 f=0
1 46 9 61 50 52 10 7 0 10 23 17 41 25 41 49 24 36 16 37 15 35 62 51 31 33 26 40 1 18 5 0 45 61 59 2 18 43 42 16 15 62 47 59 43 31 41 2 2 57 12 19 29 8 8 9 0 47 19 49 26 27 32 35 57 26 44 36 60 61 54 0 29 2 9 41 32 14 51 14 48 24 33 59 53 39 42 33 48 12 33 60 26 29 53 1 25 5 39 56 55 30 38 27 8 12 14 31 39 0
run=3 seed=2 k=63 f=0
60 46 28 17 0 30 26 42 49 3 13 39 0 19 26 0 38 10 12 32 8 23 58 53 46 26 0 16 45 51 30 60 34 57 59 20 22 21 14 19 50 47 5 41 19 16 42 42 39 52 22 37 11 32 36 56 47 61 11 61 46 42 37 0 34 30 52 56 49 62 53 35 47 54 15 3 14 52 59 54 7 15 28 53 8 9 45 38 5 56 12 25 30 5 11 32 34 2 28 21 58 48 58 40 6 8 61 23 62 0
run=4 seed=3 k=63 f=0
39 24 0 44 56 61 57 59 1 49 49 4 35 0 27 17 6 37 58 33 21 62 18 5 40 22 51 50 28 58 61 24 34 59 44 40 37 38 54 45 13 44 10 49 27 52 9 10 26 61 53 50 6 3 35 2 29 8 47 20 0 46 19 35 14 0 13 32 37 47 5 50 61 28 38 6 52 40 29 0 42 62 53 10 21 23 32 7 9 15 29 61 29 52 9 12 62 16 1 15 24 33 3 45 40 40 7 0 15 60
run=5 seed=4 k=63 f=0
61 32 53 11 37 58 15 37 8 2 1 50 58 8 62 13 18 25 6 20 55 56 3 18 27 61 36 1 2 10 38 42 7 27 52 12 34 31 17 0 31 3 12 54 45 28 62 21 39 53 42 29 47 46 16 46 36 58 3 23 15 58 54 21 53 44 33 7 17 48 26 34 62 0 0 12 51 52 15 11 43 38 59 25 61 22 18 29 28 50 39 62 35 43 62 24 9 31 36 20 33 46 60 40 3 0 31 41 51 23
run=6 seed=5 k=63 f=0
43 35 53 11 14 20 62 12 51 4 41 42 27 27 62 18 24 57 24 17 25 32 8 11 3 0 4 28 33 28 7 3 4 55 12 21 62 41 20 11 32 35 8 57 62 46 38 10 10 57 27 19 45 46 44 55 46 32 14 30 0 37 34 0 38 48 19 37 18 49 1 39 23 28 31 27 42 61 7 53 17 56 26 56 37 54 46 39 54 60 13 6 0 43 17 56 12 62 62 62 23 0 11 44 18 43 34 50 32 32
run=7 seed=6 k=63 f=0
0 44 51 32 50 1 43 45 1 33 27 57 51 11 32 18 48 48 6 20 26 59 39 21 29 3 7 55 9 23 33 3 20 43 36 0 9 26 48 11 39 42 37 51 0 29 9 25 0 48 57 6 24 34 28 14 53 50 4 21 10 61 24 31 27 62 60 37 41 19 61 15 61 20 2 2 21 12 25 0 59 35 19 36 48 15 51 42 42 53 56 42 5 59 8 60 15 43 36 15 48 52 30 61 7 33 61 35 44 23
run=8 seed=7 k=63 f=0
54 13 59 22 32 60 19 5 60 7 5 10 12 48 23 60 37 47 8 18 62 53 44 56 39 20 37 18 19 0 46 55 3 47 15 32 33 39 22 16 16 20 2 27 6 62 16 40 34 56 45 26 38 0 46 15 52 58 45 48 41 9 27 23 31 40 54 49 62 0 12 15 22 1 11 24 4 53 62 30 51 21 51 3 0 34 1 55 59 44 24 7 9 52 35 17 30 23 6 58 14 43 13 51 60 38 7 31 40 7
run=9 seed=8 k=63 f=0
53 62 30 47 10 56 2 44 42 18 22 21 40 19 24 0 6 7 27 57 18 11 39 4 33 36 62 33 34 54 5 37 35 11 11 61 47 62 2 13 50 60 17 48 48 51 8 58 59 52 19 26 13 22 23 41 59 43 23 28 32 58 49 2 33 38 61 2 2 62 60 59 35 38 44 6 28 6 0 20 0 20 1 6 48 3 53 0 44 24 0 13 24 4 11 55 44 14 59 49 50 14 27 20 43 8 26 16 10 25
run=10 seed=9 k=63 f=0
58 44 36 58 14 17 5 18 18 4 0 34 7 11 0 59 62 11 62 49 32 18 49 57 33 17 43 1 54 1 19 1 4 20 25 62 11 49 57 8 27 0 40 25 6 40 44 36 49 53 31 43 52 35 20 8 55 16 0 21 61 44 27 62 60 10 52 24 59 47 32 20 62 0 38 2 48 25 2 35 14 50 12 14 13 48 41 22 30 20 33 28 47 58 27 6 3 35 28 61 31 37 18 13 4 61 26 52 23 34
run=11 seed=10 k=63 f=0
13 2 42 35 26 62 55 58 35 5 2 52 6 54 7 22 52 7 44 3 52 9 52 13 46 2 43 2 31 17 28 44 15 43 14 24 52 19 30 8 25 44 37 32 31 55 14 29 41 49 29 18 50 61 32 25 9 12 2 41 43 7 56 62 33 35 25 1 52 60 27 0 23 19 35 24 20 38 18 60 13 58 18 58 61 48 47 18 61 0 57 41 16 0 9 13 48 61 55 37 56 1 48 26 36 10 27 8 0 38
run=12 seed=11 k=63 f=0
50 57 10 35 53 10 39 3 32 46 40 56 52 32 36 58 56 1 50 6 14 4 44 49 55 8 46 50 1 19 5 49 40 22 50 24 34 55 43 55 25 28 27 15 60 22 54 15 24 35 19 23 12 2 33 13 3 26 47 9 44 11 59 33 7 16 42 31 56 0 22 25 52 18 20 37 17 6 61 62 42 60 1 6 43 52 35 28 11 48 0 10 35 61 1 61 40 41 9 35 50 24 52 51 45 53 62 25 10 28
run=13 seed=12 k=63 f=0
53 22 46 46 62 30 43 29 58 0 9 9 21 0 12 58 59 37 17 58 48 62 2 16 24 41 0 50 15 17 30 5 38 3 49 62 10 47 29 5 23 0 13 18 11 1 11 31 27 53 36 44 13 19 18 1 55 5 20 30 20 38 34 59 29 36 9 35 17 41 0 53 36 56 29 45 47 13 45 7 38 38 54 1 40 62 13 54 2 53 21 26 24 2 29 4 9 26 44 56 62 4 6 38 18 33 15 0 30 61
run=14 seed=13 k=63 f=0
48 20 0 62 62 0 59 8 17 2 53 20 29 33 41 62 18 49 20 56 47 61 40 44 18 46 39 30 61 32 8 6 30 39 62 20 46 58 33 61 55 22 45 0 57 26 11 55 11 61 59 56 45 2 37 0 5 41 53 52 15 12 57 50 11 39 12 0 34 32 56 27 20 30 53 56 0 23 50 38 51 35 4 13 4 38 24 3 47 44 34 6 15 9 13 24 34 3 17 16 2 9 41 62 45 23 52 45 10 37
run=15 seed=14 k=63 f=0
22 16 9 61 50 2 38 1 45 62 9 34 28 19 16 2 44 11 13 62 22 31 60 24 38 27 47 19 12 53 62 34 7 36 33 41 27 25 4 53 24 11 24 52 28 36 54 48 57 28 47 18 38 44 42 0 31 3 60 18 8 61 13 37 5 1 13 31 44 37 58 48 33 20 0 50 0 26 33 55 21 21 12 61 12 54 50 28 3 58 7 3 55 45 0 60 30 44 10 47 53 15 51 22 41 4 42 62 30 40
run=16 seed=15 k=63 f=0
38 59 29 53 9 62 58 9 33 48 61 25 21 59 0 15 31 34 8 21 41 14 53 24 2 4 1 39 62 36 11 18 34 4 60 21 61 56 53 35 7 30 34 34 62 15 30 47 47 39 11 2 58 27 26 3 51 54 42 12 50 43 21 20 28 58 44 26 24 62 57 14 54 10 32 33 0 62 17 52 37 38 10 24 31 16 19 22 0 2 3 24 54 19 6 17 0 50 15 44 53 46 38 45 2 26 37 21 23 52
run=17 seed=16 k=63 f=0
1 60 47 40 0 0 37 9 42 6 19 32 54 3 9 61 10 19 6 56 27 28 21 50 62 11 10 16 38 14 13 43 49 44 29 56 23 58 54 33 1 37 5 32 57 62 30 3 62 39 15 31 43 34 18 42 45 29 16 19 18 6 62 6 51 13 49 60 10 41 60 0 41 60 54 53 29 31 25 4 47 5 24 28 39 8 36 62 7 1 47 26 51 36 30 48 37 50 49 21 18 30 7 39 47 59 48 56 17 40
run=18 seed=17 k=63 f=0
7 51 44 37 24 26 19 27 4 30 1 55 1 49 33 37 9 14 51 42 9 36 0 41 15 22 46 62 43 62 46 49 19 18 28 48 54 47 6 62 23 8 3 31 56 12 5 0 28 22 40 62 35 26 53 55 46 5 9 58 58 43 33 18 61 36 38 50 21 1 55 31 9 4 15 58 28 51 1 54 21 44 34 31 9 43 19 48 40 2 13 34 45 40 9 41 60 17 18 14 58 9 39 36 2 12 58 28 16 60
run=19 seed=18 k=63 f=0
52 14 46 47 24 34 30 13 32 56 58 61 62 18 62 8 43 3 5 34 55 16 62 31 50 10 40 53 51 4 45 52 50 20 19 25 35 3 28 40 16 29 28 27 18 27 9 32 0 0 62 37 53 47 6 7 21 22 42 42 15 58 13 35 54 33 42 46 36 33 43 9 22 23 7 62 1 43 60 22 35 1 60 42 0 3 26 49 49 5 17 16 62 0 26 1 2 46 14 8 12 14 49 54 16 0 55 17 29 52
run=20 seed=19 k=63 f=0
2 33 0 40 31 6 12 30 26 5 53 49 55 57 21 6 13 28 55 32 62 26 9 0 22 43 17 23 61 42 31 41 9 61 50 41 53 15 25 45 31 62 10 17 47 52 25 51 15 16 12 23 6 15 34 0 56 6 47 58 0 0 36 55 60 49 2 49 62 55 8 34 42 62 12 19 48 15 8 0 37 18 29 47 31 30 40 46 4 30 33 8 42 35 18 39 62 0 25 15 27 54 17 27 52 27 21 0 34 11
