run=1 seed=0 k=60 f=0
29 46 59 55 59 35 40 25 40 1 54 12 21 39 24 46 0 28 52 16 30 47 31 9 2 3 2 15 29 51 2 42 42 0 29 27 7 25 31 32 10 38 23 59 43 37 38 32 22 59 13 45 32 22 2 31 2 31 16 51 39 54 44 9 56 17 46 9 1 15 24 15 39 45 2 1 14 23 29 49 7 12 36 38 8 26 3 46 14 19 12 55 56 54 22 51 1 6 54 59 15 6 14 38 47 21 17 51 57 12
run=2 seed=1 k=60 f=0
29 46 59 55 59 35 40 25 40 1 54 12 21 39 24 46 0 28 52 16 30 47 31 9 2 3 2 15 29 51 2 42 42 0 29 27 7 25 31 32 10 38 23 59 43 37 38 32 22 59 13 45 32 22 2 31 2 31 16 51 39 54 44 9 56 17 46 9 1 15 24 15 39 45 2 1 14 23 29 49 7 12 36 38 8 26 3 46 14 19 12 55 56 54 22 51 1 6 54 59 15 6 14 38 47 21 17 51 57 12
run=3 seed=2 k=60 f=0
30 24 10 58 40 18 0 57 10 27 22 24 7 53 18 9 47 33 27 21 32 32 29 35 7 31 50 29 36 36 33 6 45 0 41 36 58 57 33 17 17 49 16 40 41 44 46 54 43 55 40 24 43 23 39 57 29 43 8 6 49 42 38 1 45 0 11 12 12 58 41 50 31 5 6 30 0 37 17 59 26 53 24 17 5 42 0 26 9 11 17 3 45 53 57 0 49 9 1 16 28 10 58 18 15 2 29 17 29 57
run=4 seed=3 k=60 f=0
6 0 50 0 44 9 5 42 24 13 58 15 20 19 35 22 24 55 27 55 15 42 59 54 13 47 25 47 0 19 29 34 16 14 52 33 55 38 10 48 15 5 52 7 27 8 48 59 2 22 59 49 59 40 8 17 22 5 59 1 55 1 31 11 47 7 13 2 28 22 0 2 23 35 8 43 44 31 35 36 53 41 26 16 9 39 9 0 32 33 57 17 1 28 41 29 25 43 36 11 53 18 48 32 53 58 49 41 21 25
run=5 seed=4 k=60 f=0
1 18 33 26 24 36 47 57 8 59 58 54 40 44 45 0 44 1 0 29 39 44 48 39 54 25 42 24 0 40 50 57 4 53 19 51 34 24 23 53 1 59 36 17 59 11 22 46 36 42 27 30 18 7 29 22 27 13 14 30 15 44 1 10 33 11 51 0 29 6 8 19 6 10 33 42 13 58 36 24 33 59 47 37 7 51 0 57 16 58 3 49 15 54 1 51 57 48 45 6 26 19 6 24 21 6 4 34 33 38
run=6 seed=5 k=60 f=0
20 42 15 12 56 52 20 9 33 1 55 25 0 3 12 37 40 59 28 33 6 25 49 43 55 18 43 13 32 8 9 27 4 28 39 35 20 51 10 5 3 26 53 45 35 3 57 22 1 25 33 16 53 44 34 9 4 23 47 12 20 53 22 0 13 48 28 36 40 30 10 24 47 3 0 14 49 58 13 59 19 0 58 6 33 18 31 42 18 57 43 45 3 24 59 47 54 38 41 41 50 27 50 29 21 58 36 44 42 8
run=7 seed=6 k=60 f=0
33 27 20 19 9 6 46 59 22 10 35 52 45 53 23 0 59 12 43 2 55 43 45 42 24 11 0 12 22 13 55 14 42 39 42 19 47 38 32 59 1 16 34 19 57 39 39 58 9 0 54 36 24 24 34 53 4 36 13 48 41 8 18 0 39 54 0 17 1 0 14 8 19 41 49 17 38 49 7 30 2 53 22 18 19 56 31 34 45 10 31 48 27 57 34 29 41 25 13 9 5 26 51 52 1 39 35 33 45 27
run=8 seed=7 k=60 f=0
57 38 59 31 1 59 26 32 0 13 35 49 21 6 31 0 58 21 20 36 18 15 10 44 18 24 1 12 37 2 33 34 59 21 6 51 29 24 13 36 19 13 29 42 35 47 0 37 5 42 13 43 6 42 25 59 57 26 0 34 59 54 4 22 42 27 14 26 24 11 45 52 14 12 51 21 46 28 50 0 28 3 31 26 56 49 22 43 53 14 59 6 47 22 45 37 0 59 50 53 47 40 46 30 55 32 18 18 18 57
run=9 seed=8 k=60 f=0
16 10 50 29 50 51 25 57 57 51 7 21 17 47 16 45 36 58 45 17 10 45 0 53 40 27 0 30 55 20 35 12 20 7 45 3 0 7 54 10 28 57 23 5 28 47 59 13 29 29 56 6 28 22 20 0 50 27 9 37 33 34 41 41 33 12 37 21 18 59 36 12 40 12 3 6 43 38 22 1 10 47 4 45 2 59 22 24 56 31 21 20 59 37 59 42 26 36 1 49 0 6 15 33 14 59 38 53 58 52
run=10 seed=9 k=60 f=0
55 37 26 15 54 37 19 42 2 28 16 43 22 43 37 37 18 0 46 9 45 1 43 45 3 14 24 23 49 50 42 44 46 57 43 45 50 55 33 44 27 15 35 25 34 39 54 3 49 36 29 35 51 0 19 22 1 36 45 9 29 17 48 5 32 1 1 19 56 13 41 11 0 53 0 54 3 30 58 31 59 1 57 47 43 9 10 22 30 24 18 0 10 24 58 6 20 21 3 9 56 29 24 16 19 34 47 15 28 52
run=11 seed=10 k=60 f=0
58 29 22 3 28 46 0 31 47 59 23 24 45 33 44 21 0 58 11 48 50 59 59 6 54 1 34 43 28 5 57 23 27 29 22 50 0 11 37 32 43 30 53 23 32 16 16 58 11 25 38 14 23 55 41 37 33 24 20 2 10 10 17 49 10 38 44 1 47 58 26 0 17 12 18 7 17 34 5 6 52 4 54 7 0 27 44 3 1 59 33 42 9 37 40 37 0 53 52 36 2 38 10 14 35 59 18 16 12 15
run=12 seed=11 k=60 f=0
23 17 57 5 57 58 1 54 29 56 57 34 3 7 43 47 1 43 43 0 12 4 37 1 26 35 52 38 38 12 59 42 19 23 52 15 6 45 16 40 28 37 16 58 20 49 48 14 33 27 53 32 17 32 1 49 59 22 36 36 28 58 2 29 13 1 25 0 42 19 4 7 47 20 6 31 51 31 16 26 13 46 55 34 51 25 22 35 9 19 6 59 59 31 46 49 6 32 12 44 0 14 43 2 36 48 39 5 25 1
run=13 seed=12 k=60 f=0
20 39 14 25 45 15 29 33 37 24 58 9 2 1 27 4 58 49 47 40 21 12 0 34 18 52 59 29 29 7 47 16 40 17 1 2 43 5 10 27 5 30 48 59 42 51 33 59 24 42 56 25 16 56 5 31 11 56 54 15 12 34 1 29 16 59 36 53 0 36 19 52 30 39 59 40 23 47 25 40 11 58 44 27 22 34 3 5 14 5 54 20 40 49 59 0 5 17 41 59 0 1 24 47 9 12 45 10 38 28
run=14 seed=13 k=60 f=0
30 44 36 38 48 4 35 35 29 11 46 19 22 40 12 43 57 28 20 54 18 4 49 57 33 4 45 1 39 28 13 0 30 35 17 20 19 49 54 40 40 36 29 14 23 54 45 24 58 58 18 42 0 8 7 37 12 44 23 36 31 28 47 58 7 30 33 7 19 1 16 12 16 57 39 26 45 52 50 6 30 1 50 1 9 50 31 24 26 14 1 0 59 59 2 57 9 3 50 59 9 24 41 18 57 24 13 38 25 55
run=15 seed=14 k=60 f=0
18 33 20 33 0 8 0 0 39 48 19 15 18 30 59 47 57 26 25 41 15 12 38 41 12 22 40 9 24 3 0 25 28 0 27 39 16 2 49 35 6 25 39 58 29 14 0 18 31 56 59 57 10 38 51 2 52 16 22 8 51 58 25 11 45 31 52 37 50 31 32 50 25 55 43 31 49 41 10 39 5 19 6 4 59 27 54 8 59 41 19 52 31 17 57 24 48 47 13 31 53 45 19 45 41 2 18 3 11 13
run=16 seed=15 k=60 f=0
59 38 57 35 59 45 41 12 55 28 40 52 50 44 44 45 29 7 53 13 21 57 33 21 54 5 28 21 40 2 14 46 10 53 0 58 37 35 12 13 55 57 44 31 7 48 16 59 17 49 6 42 5 28 56 29 24 24 0 40 1 4 35 15 58 0 14 29 48 11 45 42 3 16 35 34 0 28 21 21 59 23 34 30 1 56 7 27 25 5 6 14 9 55 24 50 51 35 21 34 19 3 17 48 1 54 22 40 56 40
run=17 seed=16 k=60 f=0
24 17 59 52 39 20 59 55 58 48 7 5 59 21 48 4 57 14 42 12 15 46 23 3 38 44 28 52 11 52 27 48 20 19 39 27 41 28 56 47 14 52 28 59 14 40 0 29 26 36 54 11 36 11 16 58 12 47 4 18 59 27 44 5 47 56 27 23 16 30 2 47 41 43 6 53 19 59 6 45 32 53 36 1 0 58 17 21 50 4 8 23 36 57 32 0 44 29 31 2 42 33 19 42 24 35 9 12 45 16
run=18 seed=17 k=60 f=0
25 45 59 17 9 59 42 55 53 59 1 48 59 36 42 31 56 37 42 3 48 41 29 8 14 55 28 11 32 37 36 37 9 23 16 27 46 41 18 21 12 11 6 20 42 40 50 2 55 8 54 44 5 55 4 13 49 24 0 0 27 4 37 9 55 36 45 18 27 55 28 0 31 6 0 53 20 43 13 50 13 19 47 5 35 43 37 20 12 20 19 1 58 32 20 36 36 57 48 26 53 24 16 51 5 28 0 19 57 3
run=19 seed=18 k=60 f=0
14 50 59 7 32 40 35 32 32 57 46 55 2 13 23 21 30 30 41 21 59 55 9 19 29 30 0 59 53 40 31 55 58 33 7 39 2 23 23 34 9 9 16 3 34 45 26 49 12 0 32 19 47 12 48 35 7 58 49 8 0 43 46 1 21 15 50 8 1 14 57 52 59 17 53 28 16 14 56 24 37 14 39 22 40 27 29 45 22 2 48 13 26 37 25 40 41 7 8 59 44 58 20 16 2 38 49 5 44 21
run=20 seed=19 k=60 f=0
50 59 27 59 58 11 41 56 24 1 37 47 22 51 27 45 46 19 43 28 42 56 36 42 58 31 3 0 5 20 0 3 14 12 44 59 26 38 47 24 23 9 31 0 15 27 40 52 24 20 21 31 40 38 53 6 11 14 21 12 19 59 51 8 54 29 10 11 45 49 4 2 45 35 36 11 35 7 36 59 15 18 30 6 29 1 43 9 16 51 50 38 19 1 52 0 40 57 34 51 57 30 35 43 58 19 51 38 46 56
