run=1 seed=0 k=53 f=0
14 0 20 37 52 46 29 37 47 12 38 25 9 14 0 10 1 14 29 21 43 2 44 30 50 52 52 51 15 27 34 28 49 33 16 33 43 30 52 20 38 25 8 2 3 51 49 3 16 2 44 47 17 21 30 49 52 3 34 24 22 2 27 52 0 18 8 31 23 13 15 13 50 3 37 22 51 27 36 41 27 6 23 7 16 31 42 29 0 37 41 6 42 7 35 6 29 9 45 0 14 22 13 8 31 44 11 36 49 32
run=2 seed=1 k=53 f=0
14 0 20 37 52 46 29 37 47 12 38 25 9 14 0 10 1 14 29 21 43 2 44 30 50 52 52 51 15 27 34 28 49 33 16 33 43 30 52 20 38 25 8 2 3 51 49 3 16 2 44 47 17 21 30 49 52 3 34 24 22 2 27 52 0 18 8 31 23 13 15 13 50 3 37 22 51 27 36 41 27 6 23 7 16 31 42 29 0 37 41 6 42 7 35 6 29 9 45 0 14 22 13 8 31 44 11 36 49 32
run=3 seed=2 k=53 f=0
34 27 52 52 52 22 18 17 31 1 52 44 3 43 28 31 5 35 0 28 44 22 43 32 49 2 13 19 42 8 20 23 24 44 12 51 4 8 29 0 45 10 29 9 13 1 42 0 0 9 46 31 40 13 51 41 47 40 3 34 0 52 38 0 26 28 37 10 34 37 29 25 42 0 16 51 36 37 50 27 12 6 37 6 27 46 48 8 16 33 21 21 10 6 34 22 18 16 9 52 43 7 8 20 17 21 32 50 45 47
run=4 seed=3 k=53 f=0
51 44 37 8 52 33 11 22 33 50 26 27 50 30 20 52 29 39 50 12 44 0 23 17 0 42 52 3 44 30 25 47 29 41 51 27 31 5 37 16 17 10 18 52 47 52 11 21 11 0 19 5 42 21 5 34 40 44 24 36 0 7 48 1 47 44 24 35 52 29 22 7 43 17 8 38 0 46 37 35 7 12 30 35 10 24 40 38 19 16 19 24 28 46 14 14 9 17 29 17 16 0 26 52 50 9 48 37 35 2
run=5 seed=4 k=53 f=0
15 52 0 12 38 36 42 43 33 51 30 20 12 5 15 30 10 30 9 21 46 21 47 21 42 47 5 1 3 7 0 29 1 44 2 43 51 44 3 10 43 43 51 28 12 20 0 38 46 20 6 33 50 23 37 37 20 51 2 28 0 14 33 39 24 35 22 9 5 28 43 33 4 51 52 10 19 8 15 37 46 33 13 44 26 45 52 7 24 52 9 31 14 34 26 21 32 47 0 25 19 23 8 17 0 38 1 50 25 13
run=6 seed=5 k=53 f=0
50 26 33 30 52 21 42 19 4 11 51 5 15 51 36 16 19 15 10 18 7 12 51 13 36 2 37 45 35 0 52 34 24 36 24 28 2 33 42 3 12 31 0 25 5 26 19 30 21 38 37 38 5 25 26 41 52 42 18 1 21 51 15 18 30 47 43 30 34 0 14 24 38 49 13 15 8 10 32 45 0 23 47 10 2 41 0 28 8 6 52 52 23 45 42 44 3 1 18 24 0 9 6 10 5 11 0 39 38 18
run=7 seed=6 k=53 f=0
42 11 37 7 52 16 46 42 16 8 52 50 20 12 19 52 51 22 8 51 36 32 51 42 34 33 0 29 0 44 11 6 50 6 51 32 15 33 28 31 19 42 11 2 0 25 42 21 9 0 23 4 30 45 43 18 0 22 51 20 0 36 24 19 33 14 23 14 0 43 36 10 28 41 8 50 27 12 38 36 45 15 25 34 48 52 3 30 17 38 50 11 40 38 28 25 2 30 15 52 26 26 18 5 45 46 35 3 6 8
run=8 seed=7 k=53 f=0
2 8 44 7 52 46 2 47 24 32 23 15 1 1 35 10 25 40 29 18 21 5 24 50 41 23 52 18 40 31 44 39 45 44 52 22 28 3 21 6 13 34 51 52 36 50 1 52 52 13 50 12 23 0 38 37 42 45 20 41 43 52 7 0 31 47 13 30 14 0 36 6 17 27 15 25 8 25 35 17 31 25 10 35 39 0 1 27 30 2 52 11 31 25 15 7 28 8 45 52 5 18 14 52 48 44 36 0 17 5
run=9 seed=8 k=53 f=0
28 20 43 30 52 52 7 30 30 8 15 0 52 39 43 51 37 44 2 8 25 34 52 23 32 1 12 1 0 12 33 19 45 33 37 0 40 40 48 2 5 0 21 14 17 47 52 27 42 34 39 21 42 10 21 52 50 18 14 26 1 25 42 34 30 43 26 11 5 17 13 7 32 21 31 20 45 18 20 17 26 4 36 51 47 3 23 8 7 32 17 11 12 22 0 37 8 28 43 6 7 16 33 26 46 51 38 37 30 43
run=10 seed=9 k=53 f=0
42 6 23 27 52 52 14 11 32 10 52 17 52 23 37 6 9 45 33 38 43 40 52 27 17 50 6 52 0 0 10 41 52 30 26 35 19 44 34 7 24 44 7 43 31 49 52 16 19 18 52 39 3 46 26 30 28 12 47 26 8 0 38 44 20 43 9 18 12 24 24 5 1 36 0 9 32 0 0 17 41 33 12 19 45 18 3 15 45 21 1 29 23 12 13 31 29 8 36 25 26 41 51 36 52 35 2 36 43 17
run=11 seed=10 k=53 f=0
36 45 52 15 52 6 40 36 45 37 4 47 43 19 24 46 48 0 16 26 30 31 29 21 47 13 22 19 29 36 19 20 49 32 5 11 25 21 12 21 30 9 38 3 42 19 29 10 39 20 26 4 27 0 43 46 16 52 1 1 9 52 8 0 32 43 47 18 15 0 17 6 18 34 38 45 35 27 9 0 11 51 7 5 0 39 24 16 29 3 51 38 52 31 20 44 15 0 1 52 15 49 51 11 39 33 28 40 2 24
run=12 seed=11 k=53 f=0
29 22 51 9 37 29 45 2 23 42 0 51 23 48 21 42 21 35 6 0 45 19 15 4 20 39 22 0 4 8 0 37 19 21 0 25 52 6 44 12 13 16 47 12 25 18 34 50 46 9 6 49 40 32 3 7 26 13 36 0 0 5 11 0 2 49 18 26 30 52 27 35 16 0 8 38 45 26 26 34 52 41 13 45 14 48 52 29 31 45 17 28 37 43 42 14 37 39 20 10 34 39 34 30 5 3 17 6 49 29
run=13 seed=12 k=53 f=0
36 13 52 52 23 26 36 39 47 0 43 11 26 36 39 13 45 43 49 29 14 35 0 21 48 28 20 47 32 7 36 29 18 29 23 24 40 17 49 18 1 50 7 7 16 16 52 38 9 15 45 18 6 21 50 26 19 12 50 44 0 7 38 23 30 6 14 33 52 52 48 39 36 0 8 47 11 24 21 0 52 13 0 20 9 39 40 31 23 24 35 7 18 47 32 45 4 40 0 44 30 16 51 44 33 45 7 0 22 52
run=14 seed=13 k=53 f=0
20 26 52 9 0 52 22 38 37 17 20 28 33 48 14 8 28 46 52 21 8 12 31 28 38 4 17 52 15 0 0 9 0 0 10 25 36 26 51 0 41 16 5 11 22 25 34 23 38 44 49 48 10 27 28 47 52 31 33 52 52 18 21 39 0 11 18 29 1 35 52 45 12 37 44 0 52 14 0 42 6 15 6 36 44 15 25 26 50 35 5 48 30 21 8 20 2 27 45 22 40 2 42 17 38 34 43 35 29 27
run=15 seed=14 k=53 f=0
29 48 0 3 2 50 46 51 0 41 9 43 47 52 16 21 1 34 12 1 45 17 43 3 32 46 15 6 13 7 8 25 23 51 21 51 0 52 17 9 11 29 37 7 52 4 1 14 26 17 10 36 15 31 17 45 21 19 29 9 31 44 11 35 0 34 29 22 52 52 19 22 33 25 39 52 39 32 22 23 32 48 6 39 40 21 37 24 50 25 29 42 26 9 15 10 21 45 36 0 1 10 1 27 28 37 37 48 40 14
run=16 seed=15 k=53 f=0
0 35 28 34 52 25 37 7 24 13 27 43 11 11 31 44 13 3 23 31 37 17 19 1 51 46 19 14 41 2 38 52 11 0 51 21 33 5 46 50 38 52 49 39 7 3 31 37 9 1 47 46 31 20 3 1 14 42 43 39 23 10 39 52 10 45 1 14 41 7 41 36 18 52 43 13 28 5 52 20 50 23 33 26 22 41 52 16 46 22 51 32 30 1 43 0 10 7 21 1 25 15 5 12 14 22 6 52 1 15
run=17 seed=16 k=53 f=0
49 6 23 4 17 37 0 48 18 9 30 15 52 19 44 9 44 43 14 48 38 38 1 52 42 48 28 52 37 30 22 51 17 37 26 27 44 43 20 19 31 0 30 8 10 24 18 25 45 36 14 34 14 28 9 3 52 0 18 52 52 3 11 41 8 45 34 6 10 0 24 35 24 52 31 42 11 3 52 29 4 2 33 24 45 22 51 9 0 49 0 15 17 7 51 25 31 25 37 43 50 12 22 15 11 0 46 34 38 14
run=18 seed=17 k=53 f=0
26 45 52 19 0 37 28 49 17 27 3 31 41 28 35 29 19 7 18 13 29 27 40 36 21 36 43 40 7 5 12 33 25 12 26 19 21 6 27 49 9 50 2 0 0 23 10 18 52 0 36 33 3 3 26 39 17 39 49 41 43 45 31 22 22 33 6 17 13 52 2 28 12 52 23 45 0 6 52 29 52 41 15 14 33 46 33 14 43 0 51 38 51 9 13 8 2 5 19 21 37 12 46 33 25 44 2 46 51 15
run=19 seed=18 k=53 f=0
2 32 9 11 0 31 35 3 2 35 42 3 9 28 31 12 5 40 31 42 25 13 0 23 5 37 25 0 28 26 0 27 2 29 49 6 21 28 47 23 42 52 5 14 47 12 27 35 24 43 22 47 32 38 40 50 20 12 27 52 52 6 43 18 16 14 22 17 31 10 19 31 18 52 44 39 16 51 7 41 50 48 1 12 8 5 36 19 8 20 19 0 22 15 39 38 44 50 51 22 25 18 10 52 9 45 45 17 33 0
run=20 seed=19 k=53 f=0
35 10 23 43 0 52 2 18 5 35 38 5 42 52 52 11 34 14 50 9 8 5 43 47 2 46 36 37 13 15 18 14 24 22 25 43 47 17 40 30 23 35 32 29 7 2 13 45 13 0 26 28 10 2 10 46 23 25 10 22 22 29 7 0 42 29 35 37 27 31 26 30 1 26 14 31 6 30 18 51 24 35 52 17 17 20 19 40 24 48 51 39 52 37 52 46 47 40 41 0 50 31 15 35 2 0 8 6 12 7
