run=1 seed=0 k=62 f=0
41 30 3 6 37 49 27 45 17 57 13 31 30 37 4 36 25 60 4 9 52 32 13 59 28 2 41 0 48 61 43 41 52 44 27 39 52 45 1 48 55 61 59 51 34 57 20 9 53 30 7 1 55 11 60 22 6 18 40 1 61 21 28 52 10 49 43 9 5 25 40 46 22 15 46 30 5 60 25 13 37 30 2 61 50 0 47 13 38 20 10 0 16 32 23 18 18 58 8 21 19 21 50 41 17 15 35 26 59 58
run=2 seed=1 k=62 f=0
41 30 3 6 37 49 27 45 17 57 13 31 30 37 4 36 25 60 4 9 52 32 13 59 28 2 41 0 48 61 43 41 52 44 27 39 52 45 1 48 55 61 59 51 34 57 20 9 53 30 7 1 55 11 60 22 6 18 40 1 61 21 28 52 10 49 43 9 5 25 40 46 22 15 46 30 5 60 25 13 37 30 2 61 50 0 47 13 38 20 10 0 16 32 23 18 18 58 8 21 19 21 50 41 17 15 35 26 59 58
run=3 seed=2 k=62 f=0
28 38 22 27 0 57 24 11 3 36 45 51 21 60 10 34 54 11 15 48 37 16 61 17 25 51 0 22 13 43 53 6 12 12 34 57 57 43 17 43 34 9 5 36 0 5 2 6 55 19 54 42 33 1 51 34 16 35 52 11 18 42 61 11 61 46 42 61 26 45 3 37 24 36 30 48 30 47 9 46 37 20 30 16 57 40 41 58 11 59 27 27 40 20 52 52 3 26 21 2 0 49 8 32 55 21 18 29 12 7
run=4 seed=3 k=62 f=0
45 27 20 0 12 44 30 40 32 61 20 11 2 9 61 61 60 21 24 55 1 12 32 16 39 45 57 1 8 52 56 4 12 38 53 53 45 41 29 36 52 9 54 23 47 57 44 17 42 6 35 35 15 21 24 31 61 45 48 26 30 12 15 40 0 33 0 46 58 21 44 4 55 35 40 41 18 31 50 46 37 58 18 55 50 6 8 48 3 1 14 21 25 26 60 55 5 1 12 25 47 16 10 12 27 58 53 41 3 30
run=5 seed=4 k=62 f=0
25 38 54 14 61 60 35 25 8 35 46 42 52 2 41 0 54 2 39 12 20 58 14 59 51 8 54 39 44 61 25 5 33 30 61 59 18 54 37 26 25 45 18 56 41 11 18 7 28 0 47 16 38 56 43 6 4 33 46 48 33 47 61 30 61 9 27 46 35 13 45 23 34 29 52 38 11 56 48 61 20 29 55 14 25 34 21 26 11 3 26 31 48 0 2 4 7 29 51 5 21 48 30 46 3 18 22 16 60 36
run=6 seed=5 k=62 f=0
54 13 58 50 12 16 45 61 61 24 48 9 43 0 22 22 54 0 26 20 55 28 29 35 41 34 39 31 0 36 52 22 46 46 7 59 39 17 6 29 33 61 37 13 6 45 42 7 1 16 32 4 35 55 52 55 25 47 4 50 0 15 61 45 59 2 59 27 19 39 41 51 19 25 61 10 6 38 53 14 29 32 22 20 61 40 11 30 38 36 8 59 0 2 20 46 4 10 60 22 32 30 10 0 1 24 58 16 50 49
run=7 seed=6 k=62 f=0
12 0 59 21 31 36 0 7 2 12 8 57 13 45 56 44 30 30 13 58 39 33 44 48 39 2 10 58 19 33 52 40 60 36 28 1 0 40 27 3 51 32 12 14 15 3 59 5 17 20 38 25 42 19 12 49 60 20 39 30 48 10 45 22 54 43 21 61 42 11 18 28 41 45 2 55 6 51 35 61 37 9 26 52 14 28 0 23 57 11 48 46 24 43 7 18 29 25 19 0 17 54 51 51 35 53 5 39 51 40
run=8 seed=7 k=62 f=0
47 7 14 0 61 35 40 60 5 13 4 13 40 12 47 54 60 24 41 60 33 14 2 42 21 24 55 25 13 31 61 10 2 10 30 59 43 42 49 52 19 17 3 36 36 25 34 33 61 21 19 1 29 33 15 24 55 4 9 0 19 3 16 23 61 7 61 11 52 5 58 53 47 45 27 5 25 60 47 5 33 28 0 54 0 11 36 39 23 42 49 53 45 37 61 53 38 55 3 49 45 20 22 44 11 0 61 17 46 50
run=9 seed=8 k=62 f=0
14 60 52 25 44 5 0 55 53 37 33 49 22 55 53 7 14 32 13 1 6 18 10 8 38 27 61 15 61 33 11 28 30 53 13 24 23 17 1 48 52 60 33 13 27 18 52 38 51 61 37 0 47 34 0 1 14 44 54 11 15 44 59 41 38 43 49 29 9 35 3 59 20 16 23 52 3 61 20 53 29 57 11 49 47 46 30 0 39 45 2 7 25 61 19 61 5 32 25 36 20 37 31 3 20 37 55 0 34 7
run=10 seed=9 k=62 f=0
41 19 8 23 52 0 36 50 18 52 29 7 0 51 33 27 60 16 15 41 27 44 24 57 35 28 60 35 9 57 23 50 55 6 9 13 61 45 2 18 24 51 11 1 0 26 24 43 60 41 51 10 59 45 7 18 3 10 53 61 5 13 26 39 27 5 39 19 5 61 12 15 48 50 13 61 39 61 33 31 18 49 33 3 21 57 0 44 23 43 32 54 55 26 48 39 29 59 60 45 35 12 58 31 23 18 42 1 61 60
run=11 seed=10 k=62 f=0
59 13 43 49 2 33 1 24 57 49 17 27 0 0 33 38 37 9 21 44 27 34 8 50 14 33 18 47 46 0 42 55 31 23 40 41 61 42 45 61 27 28 3 25 57 15 60 17 2 31 0 17 49 31 27 25 61 54 12 2 53 6 17 29 30 10 6 38 61 44 15 36 43 61 61 37 12 58 56 22 31 47 56 42 29 19 39 21 11 58 23 5 10 15 20 12 49 36 4 58 52 42 33 51 2 15 6 2 24 61
run=12 seed=11 k=62 f=0
27 9 61 12 27 37 9 58 11 1 24 22 9 26 61 5 31 4 31 50 55 57 3 28 9 43 46 61 61 42 38 16 32 14 30 15 51 47 1 56 59 59 23 36 24 21 42 53 1 51 39 21 30 42 37 44 61 38 16 32 39 27 49 31 33 25 10 12 8 18 10 37 48 61 48 35 23 38 59 0 43 44 27 19 1 19 53 7 61 53 59 12 31 9 16 2 48 0 18 50 17 52 17 53 60 18 1 23 33 54
run=13 seed=12 k=62 f=0
46 16 61 46 33 21 27 29 13 37 40 0 59 30 23 41 61 33 3 46 42 12 10 2 58 57 53 19 4 43 20 54 21 53 42 13 32 25 48 21 36 1 41 9 38 43 29 0 0 45 36 46 7 3 47 34 14 34 58 53 15 14 24 1 3 60 22 0 25 6 37 28 32 10 49 14 44 28 16 13 51 52 27 3 36 36 44 60 9 35 5 26 60 12 51 55 25 24 13 37 35 60 54 23 61 38 3 49 4 0
run=14 seed=13 k=62 f=0
60 44 0 45 17 35 48 61 49 9 58 18 53 42 61 58 37 56 9 26 6 43 17 24 57 12 1 0 27 10 41 45 48 18 25 1 31 39 60 16 26 25 57 51 29 0 57 8 16 47 32 12 2 50 50 6 0 36 33 30 52 6 11 36 11 24 35 25 27 33 33 46 2 27 0 60 60 24 16 8 46 3 22 21 53 58 54 45 30 53 19 17 34 39 53 40 7 32 25 33 31 16 21 24 43 4 5 41 59 57
run=15 seed=14 k=62 f=0
55 24 17 14 55 36 11 15 49 4 0 6 53 32 6 45 56 44 15 43 12 39 50 20 14 26 60 32 19 29 15 46 19 23 36 52 57 21 0 40 26 1 51 60 8 11 43 0 53 61 43 61 8 8 19 23 32 20 1 15 46 39 42 61 37 34 17 37 8 21 52 34 45 23 30 51 33 39 49 44 3 61 8 10 61 27 30 39 36 29 29 38 15 42 41 0 1 25 5 26 33 3 61 3 23 9 52 52 37 51
run=16 seed=15 k=62 f=0
41 33 18 47 18 58 4 12 23 40 23 1 17 38 6 57 23 27 10 19 50 56 1 32 44 25 40 35 61 50 1 4 2 16 38 18 26 47 60 39 15 45 29 9 28 26 48 50 33 57 23 61 25 41 24 15 40 54 50 0 28 51 54 9 34 28 47 38 41 57 61 56 14 10 44 35 10 10 2 33 43 19 40 14 61 6 27 35 59 13 10 4 3 22 40 0 51 43 47 52 32 18 9 61 50 56 32 26 2 16
run=17 seed=16 k=62 f=0
42 17 61 4 18 32 56 5 8 18 37 59 51 55 56 13 53 26 57 39 29 2 44 28 18 61 39 61 60 29 0 61 0 49 26 51 25 56 34 56 10 32 23 12 24 36 3 41 10 60 7 38 21 1 5 51 0 48 35 42 9 42 14 52 11 24 19 61 18 0 3 34 31 50 35 55 16 28 32 42 27 55 18 57 54 61 45 48 61 16 29 1 34 13 0 43 28 9 19 10 54 43 37 11 35 3 15 7 25 48
run=18 seed=17 k=62 f=0
19 48 41 59 0 35 29 43 40 48 24 20 31 56 54 44 0 41 26 35 16 15 53 20 48 48 10 52 9 26 40 7 56 19 2 57 27 31 36 45 43 7 0 0 1 26 40 61 5 30 2 49 13 60 22 32 56 44 24 6 45 1 13 61 52 13 27 61 45 9 29 32 14 1 22 14 18 0 20 61 51 16 37 33 38 9 60 30 53 58 21 37 26 32 18 36 11 51 0 1 16 46 43 9 7 11 23 9 50 37
run=19 seed=18 k=62 f=0
53 61 5 28 11 47 41 56 44 9 12 20 51 36 38 19 48 11 20 49 1 51 56 7 0 29 35 54 15 24 33 38 23 44 20 57 3 60 10 0 59 60 1 55 29 61 46 1 22 36 0 26 17 34 32 60 25 5 46 19 20 25 16 48 17 0 46 43 35 61 21 42 54 58 49 21 21 39 14 42 1 56 5 27 26 37 31 27 42 8 28 30 8 1 16 32 36 59 58 8 46 18 4 34 39 5 7 60 12 12
run=20 seed=19 k=62 f=0
2 49 14 60 22 3 41 27 42 11 51 50 17 34 9 21 3 9 43 16 45 1 44 30 50 41 18 10 23 28 61 43 16 49 22 38 38 20 19 47 53 52 24 60 56 41 48 2 60 60 19 40 2 58 39 15 0 55 6 25 32 3 42 36 56 17 10 14 35 54 37 21 2 33 0 50 10 39 25 46 56 14 45 38 26 39 29 39 12 32 2 14 60 44 5 61 58 3 26 32 27 22 54 61 24 49 12 55 52 28
