run=1 seed=0 k=57 f=0
16 22 56 17 30 51 13 2 49 8 20 26 41 10 1 10 23 36 54 35 7 51 29 12 42 30 45 0 32 1 0 42 22 37 23 0 55 34 13 12 0 33 6 20 6 43 45 47 7 32 35 17 56 46 20 14 39 23 22 17 21 25 30 14 0 23 43 38 42 55 3 20 48 6 13 9 8 16 2 50 15 51 42 2 56 27 33 42 28 55 56 0 23 48 38 48 49 14 42 26 39 1 20 47 18 51 41 32 30 0
run=2 seed=1 k=57 f=0
16 22 56 17 30 51 13 2 49 8 20 26 41 10 1 10 23 36 54 35 7 51 29 12 42 30 45 0 32 1 0 42 22 37 23 0 55 34 13 12 0 33 6 20 6 43 45 47 7 32 35 17 56 46 20 14 39 23 22 17 21 25 30 14 0 23 43 38 42 55 3 20 48 6 13 9 8 16 2 50 15 51 42 2 56 27 33 42 28 55 56 0 23 48 38 48 49 14 42 26 39 1 20 47 18 51 41 32 30 0
run=3 seed=2 k=57 f=0
3 16 9 53 41 26 47 54 43 32 46 42 47 49 0 40 16 33 45 2 6 2 32 56 13 13 8 6 31 39 17 54 55 23 36 3 31 6 3 17 8 8 45 28 1 13 40 14 18 56 27 28 0 48 50 11 17 52 38 48 32 15 29 47 22 24 55 14 25 56 29 20 26 18 24 36 25 46 35 56 5 44 7 50 32 3 53 16 37 23 14 50 54 10 56 49 40 13 31 37 36 40 55 25 0 5 12 0 56 22
run=4 seed=3 k=57 f=0
15 36 23 36 46 4 15 36 1 24 0 46 51 40 7 56 44 10 28 21 13 45 8 21 55 22 29 1 33 1 7 52 46 41 41 10 16 44 46 6 10 36 52 1 39 22 0 34 37 42 26 25 16 29 25 29 5 11 40 34 29 5 24 56 49 18 31 56 21 20 34 30 17 56 37 39 21 16 47 0 12 20 2 49 50 16 12 54 52 3 54 55 10 27 47 0 4 7 42 42 0 50 29 15 44 55 25 25 56 7
run=5 seed=4 k=57 f=0
28 17 25 40 42 49 45 35 14 38 53 21 10 0 0 8 49 55 26 17 50 6 9 39 28 56 7 49 56 55 37 26 52 31 43 0 43 31 20 36 37 24 0 47 50 40 10 16 23 29 38 2 54 55 19 38 30 32 54 48 33 1 9 43 34 56 28 25 30 9 39 18 30 30 56 50 17 1 34 30 0 26 14 7 56 10 46 21 0 6 21 24 23 28 34 16 52 4 45 45 43 1 15 0 3 20 24 34 51 11
run=6 seed=5 k=57 f=0
55 3 37 9 53 25 35 50 27 0 18 32 8 41 0 20 34 19 18 56 44 39 47 51 23 1 41 34 1 30 49 21 52 49 45 43 56 36 10 5 49 0 29 9 0 30 33 1 52 24 15 25 56 40 35 0 16 38 56 10 30 2 5 21 10 51 21 5 7 11 1 15 8 51 38 39 27 26 29 42 20 53 32 28 56 42 43 23 24 54 56 11 15 26 56 18 43 4 50 33 41 56 50 10 25 49 1 10 37 36
run=7 seed=6 k=57 f=0
2 52 15 20 56 29 25 54 21 52 38 43 42 20 42 18 46 13 51 46 48 2 29 12 40 11 4 41 56 22 52 21 15 29 51 3 3 4 45 11 56 35 13 3 7 24 21 10 55 12 18 30 13 53 22 24 5 8 45 39 26 12 35 0 34 45 27 6 17 17 56 54 49 52 0 8 8 24 33 0 32 19 40 45 34 11 6 8 30 38 30 15 50 24 45 35 33 0 40 22 47 40 47 36 28 55 0 55 2 35
run=8 seed=7 k=57 f=0
33 49 9 55 24 24 29 19 3 26 17 4 55 9 45 19 52 47 14 1 9 33 54 26 15 49 18 39 0 26 4 34 6 30 9 18 10 54 43 22 25 28 25 39 32 49 0 1 52 34 3 38 13 55 43 0 6 55 45 8 0 0 16 18 55 52 0 50 8 56 48 45 9 34 15 23 40 56 45 21 9 23 6 56 23 49 37 37 31 16 42 36 50 28 0 32 25 23 54 46 42 2 56 39 32 17 40 13 12 25
run=9 seed=8 k=57 f=0
55 45 3 1 30 13 4 26 20 56 33 42 46 16 56 54 54 33 39 47 22 40 39 19 0 0 53 19 40 10 25 6 17 3 12 10 12 48 56 25 47 39 11 37 25 23 19 37 2 1 0 13 2 25 40 54 33 56 24 41 8 35 42 18 13 48 46 51 15 45 28 48 8 21 0 0 17 28 55 32 9 5 19 20 8 54 36 16 52 15 30 49 48 39 56 38 9 27 17 56 5 45 21 30 48 8 29 0 14 25
run=10 seed=9 k=57 f=0
37 43 11 11 22 44 23 6 50 42 38 55 43 31 56 10 54 18 48 10 30 31 0 24 18 2 37 26 36 48 4 2 39 51 32 25 20 30 12 50 23 50 7 40 40 45 51 34 0 34 51 17 34 33 22 55 31 27 46 15 13 44 18 20 0 1 22 51 11 4 41 30 14 2 36 54 12 46 55 28 19 32 6 14 19 19 24 47 47 13 6 1 0 49 56 42 27 21 1 56 26 53 47 35 55 13 30 56 11 52
run=11 seed=10 k=57 f=0
10 19 0 14 16 55 10 13 18 11 50 0 9 50 47 49 38 46 10 15 41 9 47 5 22 56 22 1 49 9 53 2 53 20 32 3 41 34 33 26 46 26 37 8 15 41 19 10 30 36 35 37 46 56 42 0 51 42 26 44 56 10 13 39 56 52 2 28 21 34 53 33 20 33 7 14 16 27 41 32 23 19 45 26 56 24 36 24 4 56 27 5 44 27 26 1 56 0 17 0 17 42 0 54 3 27 6 36 39 19
run=12 seed=11 k=57 f=0
12 0 8 55 0 38 24 42 48 31 29 6 0 53 41 0 23 17 19 43 47 50 32 35 11 41 31 44 16 25 12 0 14 35 55 21 51 18 20 19 14 26 4 33 41 45 46 9 39 55 48 37 20 11 9 14 11 3 29 12 56 28 53 55 56 37 21 10 0 17 28 1 23 46 26 22 40 27 4 32 54 50 20 27 56 22 5 8 52 37 1 7 20 33 17 32 39 29 27 47 43 13 43 46 38 13 3 38 13 1
run=13 seed=12 k=57 f=0
47 41 14 28 14 19 56 56 20 9 47 2 9 23 31 52 14 12 34 43 37 32 55 16 0 13 35 28 26 46 0 1 56 40 6 31 16 29 50 23 26 24 18 6 30 11 40 4 12 56 2 41 30 7 46 53 27 56 9 48 23 32 46 23 21 22 51 6 0 0 16 40 5 50 54 54 44 35 0 53 37 5 39 16 21 55 28 43 20 19 0 1 11 47 4 48 32 14 9 18 11 4 0 35 48 33 39 44 25 40
run=14 seed=13 k=57 f=0
26 50 30 0 16 52 56 21 2 26 29 17 3 12 33 12 55 7 50 33 50 20 45 14 50 21 29 52 40 18 31 12 52 23 50 18 35 37 0 13 22 41 12 2 56 7 34 5 11 56 36 46 11 44 34 55 39 5 47 48 25 56 30 1 14 1 36 38 1 7 29 23 4 39 56 55 48 18 29 24 15 8 38 8 45 12 0 44 53 47 7 30 36 12 10 0 16 21 41 54 0 33 17 38 48 47 22 27 16 8
run=15 seed=14 k=57 f=0
6 56 17 56 56 36 15 11 43 31 4 25 3 36 42 56 5 44 52 17 6 23 8 0 55 52 0 1 30 49 21 14 7 24 17 47 41 7 29 2 56 11 32 25 34 22 10 39 30 19 29 29 40 7 27 56 49 44 6 2 33 50 18 0 35 37 1 18 44 24 29 44 49 10 12 44 36 29 46 46 14 56 0 40 51 24 42 0 12 55 55 0 10 51 26 48 47 2 14 55 44 48 40 39 17 10 4 18 39 31
run=16 seed=15 k=57 f=0
17 6 20 13 13 37 46 38 10 56 28 43 43 29 56 8 50 1 5 46 50 53 0 37 17 55 20 24 0 12 14 20 11 42 25 1 0 38 31 47 7 50 37 7 33 45 13 55 40 37 34 6 21 15 1 0 4 33 25 22 36 53 48 40 34 28 13 28 20 22 26 56 21 29 44 55 36 0 42 28 9 43 5 45 31 19 18 5 12 36 46 19 13 3 49 0 54 56 27 56 32 6 11 28 52 21 52 45 35 33
run=17 seed=16 k=57 f=0
3 30 23 34 9 43 37 3 0 10 40 24 28 6 46 25 52 10 3 51 40 20 8 45 28 44 55 16 20 40 9 26 28 49 35 2 0 22 54 56 17 18 34 23 56 38 48 56 31 38 12 48 38 32 48 6 45 32 14 56 56 42 10 0 27 20 16 17 50 33 41 35 6 0 0 50 35 36 56 44 0 11 0 49 0 8 56 19 22 30 30 9 42 15 48 26 39 43 25 56 43 51 31 15 51 32 21 8 27 54
run=18 seed=17 k=57 f=0
43 13 47 23 56 13 43 54 35 17 3 40 9 51 35 21 3 6 49 21 0 38 18 38 44 1 30 9 49 35 55 11 49 48 52 36 1 47 18 4 24 42 31 35 9 16 45 39 22 54 53 47 35 40 28 10 22 1 53 27 27 55 14 0 18 3 42 12 51 18 15 30 48 56 6 5 17 55 25 25 40 24 5 35 16 49 46 47 12 56 8 31 0 24 56 41 27 38 21 0 17 36 38 25 35 9 2 28 52 18
run=19 seed=18 k=57 f=0
0 50 8 55 2 24 51 7 49 15 55 1 29 32 22 8 42 33 35 49 16 4 18 28 39 2 46 0 56 44 52 11 13 22 41 33 56 39 26 49 31 38 36 21 0 19 24 53 12 42 42 12 21 34 6 44 3 26 9 1 56 43 47 36 21 51 14 40 20 47 27 51 32 14 34 3 18 44 6 4 36 50 0 25 27 33 35 10 22 29 56 10 13 54 27 28 14 18 35 44 0 8 40 56 41 56 42 35 17 49
run=20 seed=19 k=57 f=0
49 7 14 36 41 18 48 43 50 56 16 28 23 21 24 15 8 0 25 5 18 32 56 45 29 50 56 29 46 46 43 47 9 43 20 29 23 22 8 33 20 7 1 0 41 25 48 37 6 0 30 0 36 51 16 51 17 34 23 17 32 0 34 34 33 11 31 56 44 50 39 6 30 10 12 51 33 3 38 14 2 54 0 41 22 52 12 0 43 17 39 37 10 36 25 6 20 54 55 52 29 26 29 0 19 8 3 48 7 41
