run=1 seed=0 k=56 f=0
15 1 8 19 23 31 8 41 1 45 41 11 26 47 37 16 0 38 44 36 7 0 22 37 30 26 47 54 43 15 50 42 53 26 45 23 1 52 51 2 29 41 21 7 48 32 6 44 51 54 45 17 2 36 55 9 46 4 55 14 45 10 4 55 17 31 54 54 25 0 12 0 30 0 14 23 19 0 0 11 55 24 4 35 11 7 35 52 15 15 36 5 34 29 34 31 26 13 46 35 10 42 27 43 43 39 51 21 53 17
run=2 seed=1 k=56 f=0
15 1 8 19 23 31 8 41 1 45 41 11 26 47 37 16 0 38 44 36 7 0 22 37 30 26 47 54 43 15 50 42 53 26 45 23 1 52 51 2 29 41 21 7 48 32 6 44 51 54 45 17 2 36 55 9 46 4 55 14 45 10 4 55 17 31 54 54 25 0 12 0 30 0 14 23 19 0 0 11 55 24 4 35 11 7 35 52 15 15 36 5 34 29 34 31 26 13 46 35 10 42 27 43 43 39 51 21 53 17
run=3 seed=2 k=56 f=0
51 25 54 44 22 2 48 23 33 55 30 15 0 21 55 18 40 55 47 52 0 11 0 11 5 54 26 55 28 17 24 1 21 1 17 36 33 4 24 13 29 47 40 34 46 55 27 30 18 3 12 17 32 10 30 53 24 26 4 45 40 42 15 33 20 16 1 49 0 31 53 23 54 35 6 10 55 10 9 9 19 0 9 1 48 19 37 47 2 35 11 45 23 44 9 12 43 38 23 41 35 10 2 41 27 43 52 40 41 25
run=4 seed=3 k=56 f=0
28 49 23 54 46 31 8 40 1 54 53 4 1 51 37 27 55 23 9 22 31 43 5 34 28 14 13 36 7 44 54 46 25 45 29 35 11 11 1 34 6 44 0 7 39 32 6 0 12 26 39 21 33 20 0 34 40 0 26 16 0 54 13 32 47 48 0 9 24 24 54 50 47 39 15 14 37 19 18 27 48 41 18 21 11 2 2 7 31 41 43 21 55 50 14 55 1 39 44 13 6 19 24 55 9 26 45 42 29 41
run=5 seed=4 k=56 f=0
39 2 55 22 35 9 49 49 20 9 23 2 2 27 14 17 30 54 41 13 20 16 46 39 19 38 15 9 55 8 31 4 30 0 29 19 26 52 13 14 42 55 40 54 13 35 46 45 32 55 50 12 22 39 37 48 29 47 5 29 44 49 19 20 33 0 47 55 3 0 54 0 6 39 26 26 10 36 20 47 18 11 43 32 54 35 26 52 49 43 38 7 28 46 37 7 11 31 1 39 8 0 37 28 20 9 45 23 37 2
run=6 seed=5 k=56 f=0
6 53 9 16 31 39 24 25 16 53 4 8 52 26 54 41 18 45 32 38 39 29 40 29 3 55 33 0 44 47 25 46 4 21 3 18 14 25 34 53 10 34 5 16 17 0 27 27 17 44 24 5 41 53 44 42 17 11 11 7 0 5 27 0 0 1 40 48 52 9 18 54 23 55 22 38 0 55 49 9 32 7 54 14 45 48 25 45 32 55 35 23 36 41 31 16 36 21 13 17 48 5 46 22 46 8 28 12 30 32
run=7 seed=6 k=56 f=0
8 30 0 3 41 46 6 35 50 43 55 29 39 33 0 53 47 40 39 48 18 40 12 51 18 27 53 37 1 35 48 25 40 15 36 3 44 9 19 39 37 0 2 2 40 12 51 46 33 35 41 22 12 31 14 49 38 9 25 27 32 3 54 47 34 21 53 5 13 11 31 29 47 13 55 34 9 8 11 18 53 2 44 50 0 55 16 24 22 25 16 42 26 28 22 49 16 29 53 30 18 24 23 55 21 19 33 31 51 44
run=8 seed=7 k=56 f=0
5 14 40 15 30 0 10 1 32 47 48 7 29 10 55 41 22 26 33 39 8 40 55 37 27 37 55 31 8 47 55 44 0 0 43 39 50 16 9 0 55 2 48 20 0 18 55 6 33 30 29 12 42 25 9 7 2 18 24 11 39 35 13 22 38 19 26 49 19 15 21 13 22 43 2 3 14 16 0 48 36 30 44 41 45 53 0 47 55 30 0 55 55 9 31 22 51 44 27 20 47 32 34 6 52 52 23 25 10 14
run=9 seed=8 k=56 f=0
0 24 2 53 55 34 46 37 44 16 15 23 18 35 30 8 8 14 33 5 46 46 19 2 28 15 40 0 55 44 40 0 10 23 53 33 16 27 42 52 36 0 15 49 49 20 42 44 53 24 55 32 52 55 44 27 37 50 9 50 10 30 49 11 33 7 43 0 5 39 37 39 24 5 18 6 49 55 0 28 2 27 0 15 12 10 18 3 33 31 1 41 36 45 32 24 46 15 17 9 22 0 27 54 50 27 19 29 10 4
run=10 seed=9 k=56 f=0
51 6 45 23 0 13 6 26 26 9 3 35 31 1 25 55 25 44 38 14 31 32 11 29 53 10 53 39 37 38 40 32 39 15 49 26 1 45 8 36 55 16 46 25 2 5 0 22 22 47 26 21 6 45 16 14 53 24 39 39 17 22 34 55 18 17 32 41 52 47 13 23 48 1 9 50 9 32 52 0 46 29 5 35 0 5 50 37 39 30 55 14 8 54 30 55 15 9 28 53 0 38 24 18 39 42 49 46 54 19
run=11 seed=10 k=56 f=0
7 0 54 21 8 41 24 3 2 19 53 29 21 29 46 21 34 14 23 52 0 24 5 13 46 55 0 9 27 33 30 23 4 0 28 1 46 26 17 8 42 2 37 11 38 9 53 28 12 27 37 13 47 33 53 1 17 5 52 35 18 55 28 45 6 10 36 27 45 55 43 28 21 51 34 34 9 49 3 55 0 55 18 51 16 55 36 25 4 49 44 18 55 23 21 40 27 40 43 38 42 7 41 12 31 20 32 37 0 1
run=12 seed=11 k=56 f=0
15 0 28 51 55 38 55 9 25 10 9 20 48 6 39 1 25 44 11 34 15 16 55 21 46 43 32 20 6 6 28 2 19 55 13 55 38 52 8 48 32 8 25 54 11 28 40 49 34 2 55 35 21 47 4 46 15 22 9 30 1 27 3 47 23 24 0 44 54 22 8 1 43 1 9 12 16 13 17 39 55 43 55 27 5 17 1 47 24 41 19 19 35 50 19 29 38 48 30 0 42 8 31 36 27 29 27 27 17 21
run=13 seed=12 k=56 f=0
19 3 39 44 52 26 41 2 9 0 12 35 9 29 22 24 11 51 31 44 16 4 48 25 36 48 18 48 50 55 46 22 31 32 27 30 3 23 36 47 50 16 26 55 0 29 53 0 48 21 28 33 55 54 1 33 8 12 14 12 0 44 0 21 1 38 1 42 22 9 15 14 40 4 36 55 31 18 10 0 41 38 7 12 55 34 55 44 30 4 45 16 39 15 30 28 53 2 9 22 40 55 20 9 26 40 14 9 2 19
run=14 seed=13 k=56 f=0
34 25 32 25 0 16 31 43 19 0 39 10 14 15 39 0 39 38 48 42 22 29 0 2 36 32 53 55 30 16 5 13 34 13 5 53 37 37 54 35 48 31 20 6 21 19 34 28 48 25 4 53 24 25 51 12 44 32 51 42 47 6 1 8 25 16 44 34 5 15 55 48 14 1 28 35 21 18 38 47 0 33 2 13 46 36 18 54 26 6 11 54 36 10 41 8 53 3 10 38 49 8 13 55 45 54 45 8 11 23
run=15 seed=14 k=56 f=0
43 37 55 18 40 44 12 40 2 31 14 37 17 22 55 9 20 2 24 15 49 48 19 38 5 38 50 42 36 43 55 6 11 23 10 41 51 39 33 38 38 2 37 10 34 14 53 34 1 0 19 45 34 0 7 30 52 39 18 21 23 16 6 11 44 13 52 13 22 7 4 48 25 27 31 26 43 49 33 26 50 22 54 5 4 5 11 16 45 44 8 0 55 1 1 0 28 47 54 8 41 32 22 26 41 2 54 18 31 17
run=16 seed=15 k=56 f=0
3 32 39 39 35 49 35 46 23 16 19 31 0 52 14 1 55 55 36 6 0 0 53 35 19 25 8 22 48 46 53 21 34 38 10 8 12 7 33 0 7 23 51 11 29 2 24 14 33 46 49 40 29 46 40 10 5 31 26 55 44 55 14 6 14 0 2 9 55 53 52 0 11 22 26 30 42 50 29 9 35 31 21 10 5 16 39 6 49 13 38 22 31 2 15 20 21 15 25 17 9 4 19 24 7 40 28 41 16 48
run=17 seed=16 k=56 f=0
37 45 0 12 1 36 15 27 7 0 53 1 44 18 45 23 41 43 13 28 24 41 17 22 5 39 20 15 0 10 14 8 30 38 25 42 31 36 42 36 20 0 28 51 42 11 21 45 34 32 15 34 52 52 16 13 0 53 51 10 55 2 47 35 37 50 3 12 24 31 42 29 47 52 18 25 55 8 43 29 19 15 24 5 32 48 1 10 6 36 55 51 2 8 52 39 26 1 44 6 39 5 7 24 51 31 27 55 5 12
run=18 seed=17 k=56 f=0
49 31 22 9 25 0 34 31 49 15 25 40 55 49 54 24 16 29 12 7 17 3 38 20 43 37 20 41 0 1 37 49 5 16 28 7 54 5 21 29 5 7 10 27 7 27 44 0 55 54 14 0 14 35 21 40 3 18 22 24 34 0 52 46 47 30 55 49 14 43 55 29 2 49 11 17 29 11 1 44 9 25 15 38 50 43 33 0 47 53 36 36 30 36 55 5 4 38 8 23 29 16 47 12 42 18 26 35 2 11
run=19 seed=18 k=56 f=0
38 24 7 27 42 46 39 50 12 29 50 53 18 16 28 18 20 34 5 27 34 16 18 3 38 55 19 53 33 0 46 13 39 10 4 1 42 52 35 6 29 33 35 7 27 25 37 34 24 10 4 4 39 2 48 44 46 11 54 47 8 24 19 34 6 54 38 23 7 17 40 50 39 9 0 13 54 24 46 9 0 50 0 49 46 35 33 50 14 54 19 44 0 11 43 55 14 22 28 27 55 2 7 55 18 30 15 13 8 21
run=20 seed=19 k=56 f=0
44 0 14 13 31 55 41 50 2 20 1 49 55 0 14 0 50 35 55 13 55 10 40 30 50 43 2 24 10 7 14 12 30 48 33 0 18 38 37 48 21 47 1 36 55 46 12 55 51 52 55 37 28 8 0 44 28 38 55 44 22 55 15 48 18 36 6 9 19 40 52 2 23 23 49 37 33 43 29 41 19 43 3 12 4 37 25 6 32 2 31 29 37 3 31 0 26 21 18 4 19 6 52 22 10 16 46 13 29 24
