run=1 seed=0 k=58 f=0
37 49 9 25 18 3 28 21 47 57 46 44 36 31 57 57 30 54 44 52 9 3 43 40 19 46 34 0 23 36 26 0 27 12 39 21 31 19 37 24 56 0 53 8 56 10 49 20 35 40 57 54 6 22 32 19 46 0 39 1 49 47 29 18 4 31 14 40 57 33 36 31 52 13 0 33 9 38 20 45 2 46 26 5 30 48 54 42 1 41 10 51 44 7 0 26 28 5 48 15 45 18 14 26 1 55 57 52 15 2
run=2 seed=1 k=58 f=0
37 49 9 25 18 3 28 21 47 57 46 44 36 31 57 57 30 54 44 52 9 3 43 40 19 46 34 0 23 36 26 0 27 12 39 21 31 19 37 24 56 0 53 8 56 10 49 20 35 40 57 54 6 22 32 19 46 0 39 1 49 47 29 18 4 31 14 40 57 33 36 31 52 13 0 33 9 38 20 45 2 46 26 5 30 48 54 42 1 41 10 51 44 7 0 26 28 5 48 15 45 18 14 26 1 55 57 52 15 2
run=3 seed=2 k=58 f=0
8 32 12 29 38 51 32 38 53 24 4 1 7 18 48 50 30 40 4 44 22 22 1 48 56 29 57 32 23 37 27 6 8 11 35 40 38 11 29 33 52 0 16 3 29 43 56 2 41 13 46 43 20 20 22 33 41 21 54 5 57 57 3 57 20 32 10 0 12 29 57 19 12 15 15 30 45 39 25 36 14 5 27 0 57 42 47 2 55 2 48 56 45 0 48 9 21 51 57 51 23 21 11 24 17 41 9 15 39 53
run=4 seed=3 k=58 f=0
27 4 11 1 41 24 16 36 14 56 2 11 43 53 8 57 34 31 15 21 26 22 57 22 6 45 40 1 7 18 10 48 50 21 52 33 30 30 2 50 26 36 6 11 1 57 0 45 56 48 52 57 29 13 30 39 35 41 0 10 50 41 46 46 53 25 17 13 12 19 32 40 15 49 32 15 18 16 35 52 25 46 24 37 36 34 13 57 44 49 20 40 52 0 26 1 19 5 42 0 24 8 24 35 57 0 57 7 4 25
run=5 seed=4 k=58 f=0
29 6 22 32 33 46 28 55 28 57 20 24 51 0 16 57 32 52 29 41 23 36 0 34 17 30 14 0 57 29 30 3 40 44 35 26 26 18 17 28 39 12 20 22 55 35 12 10 52 42 57 18 6 7 10 11 0 24 49 1 57 51 55 37 37 51 55 43 4 7 53 43 2 3 49 0 21 19 36 0 10 43 5 14 51 38 23 41 40 43 34 24 28 0 13 0 44 7 55 39 26 22 10 50 33 12 56 33 13 44
run=6 seed=5 k=58 f=0
29 0 8 38 48 55 35 31 43 37 30 11 35 37 13 49 40 0 48 21 28 22 42 38 55 31 49 19 47 15 9 11 16 10 49 15 57 21 46 51 51 42 29 9 20 3 45 34 2 55 47 54 25 33 7 37 7 41 57 5 37 23 51 27 41 23 21 18 12 57 2 1 43 20 1 36 28 43 3 17 57 29 20 38 53 14 9 22 54 13 28 24 0 42 51 7 18 31 23 1 29 29 44 35 54 46 4 6 42 56
run=7 seed=6 k=58 f=0
57 7 0 37 9 7 2 20 4 49 53 47 41 48 0 10 34 57 43 28 17 22 12 46 7 24 27 28 11 19 57 56 12 57 16 19 43 30 36 14 47 26 8 17 25 45 57 51 31 10 22 2 13 20 24 38 22 12 51 0 33 0 48 32 42 27 41 51 12 24 3 38 4 15 57 35 17 21 1 50 24 36 56 34 40 29 14 47 41 57 40 0 0 43 47 42 42 52 31 32 35 44 13 56 47 9 53 5 23 56
run=8 seed=7 k=58 f=0
13 3 43 23 31 53 7 44 26 0 3 12 57 46 45 25 28 45 34 7 6 24 16 38 25 30 35 57 51 57 46 18 10 17 6 31 51 42 33 20 45 5 32 12 52 18 40 32 31 8 29 16 34 42 9 47 53 40 38 19 22 1 11 24 0 49 56 51 15 13 5 2 25 2 0 57 38 50 2 11 2 44 57 46 8 41 16 54 49 9 56 33 0 56 33 39 54 20 33 24 21 30 26 9 23 38 15 41 32 18
run=9 seed=8 k=58 f=0
36 43 18 43 18 18 36 57 38 21 45 33 20 57 44 38 2 0 55 34 38 36 48 40 15 13 9 13 42 38 8 10 56 46 51 0 3 3 29 43 36 47 53 3 7 5 52 24 55 29 5 42 0 56 16 11 20 4 47 44 53 17 34 0 25 38 41 7 19 1 53 33 1 57 32 18 27 6 18 53 13 14 42 57 51 52 5 10 32 51 12 30 0 8 57 26 24 46 57 34 29 4 3 28 34 26 30 43 22 33
run=10 seed=9 k=58 f=0
45 54 37 31 0 55 16 26 0 37 27 13 0 10 40 41 11 48 22 37 20 47 0 4 57 4 0 15 44 7 9 55 46 49 24 20 21 17 14 36 43 57 56 47 51 14 29 0 0 45 34 16 46 2 21 12 7 27 27 3 9 32 36 28 42 12 16 55 36 27 25 12 44 22 49 34 38 33 55 21 54 1 33 17 54 47 56 57 9 26 54 5 24 11 19 34 4 3 12 31 20 38 44 46 10 31 5 9 48 40
run=11 seed=10 k=58 f=0
50 40 33 43 8 25 5 34 51 57 35 1 27 23 40 36 25 32 37 12 0 42 17 5 38 42 51 11 18 0 55 1 38 20 36 24 45 26 7 38 39 19 56 1 43 31 34 56 52 11 1 13 42 29 1 17 48 31 28 42 32 56 35 9 38 48 14 50 7 57 55 26 12 16 17 9 8 46 55 36 48 19 6 29 0 4 46 48 21 2 2 57 27 24 57 23 21 6 16 2 4 55 23 48 29 33 35 17 43 52
run=12 seed=11 k=58 f=0
52 29 8 15 33 38 57 26 37 43 18 54 2 46 56 18 57 45 33 13 41 33 34 4 39 6 26 5 16 20 11 48 21 53 46 35 31 28 4 8 22 25 12 29 25 38 0 47 9 16 20 45 18 40 32 48 23 50 0 8 0 12 45 47 14 25 16 9 55 24 52 15 0 0 15 47 42 12 39 51 29 33 44 0 38 7 24 7 50 23 52 7 25 3 56 50 38 6 44 36 35 30 36 0 18 56 51 30 5 35
run=13 seed=12 k=58 f=0
12 29 16 46 8 27 1 21 53 30 55 17 25 45 57 6 21 53 7 12 38 0 37 4 53 56 36 57 14 23 11 57 9 25 4 11 33 7 3 39 48 57 37 35 0 32 21 16 46 49 2 0 43 42 9 13 17 38 50 2 17 12 8 7 9 36 18 52 27 45 57 28 18 6 32 20 40 50 28 4 53 34 3 54 34 0 20 0 30 1 41 44 44 39 47 26 42 57 49 34 27 19 52 57 25 1 57 1 14 26
run=14 seed=13 k=58 f=0
50 57 29 17 10 7 12 13 1 31 41 45 57 21 48 57 1 30 18 33 19 29 14 18 8 28 1 43 11 42 7 56 1 30 43 39 1 52 22 2 41 29 48 0 37 19 48 23 56 57 20 23 0 11 49 12 57 46 0 4 28 47 37 6 50 24 15 53 19 1 55 0 13 56 36 46 18 51 42 48 27 36 5 31 35 44 18 57 24 39 17 54 2 17 50 42 39 9 28 35 42 26 19 21 13 55 35 10 25 37
run=15 seed=14 k=58 f=0
13 6 17 18 16 48 15 9 21 57 18 39 13 57 25 37 45 54 23 47 0 11 49 38 4 33 6 20 26 24 43 0 34 47 39 47 29 41 41 43 9 57 37 24 9 49 19 2 39 10 49 4 24 5 19 56 30 17 44 1 57 54 14 57 23 29 10 31 49 47 38 29 0 27 7 6 20 55 37 34 2 57 16 25 42 35 6 33 53 16 34 40 30 0 37 40 32 5 3 51 48 0 46 0 48 0 10 14 27 47
run=16 seed=15 k=58 f=0
23 40 47 54 56 3 41 14 17 4 21 36 54 2 15 48 17 23 56 43 8 38 24 57 37 9 47 1 46 10 19 27 46 57 56 33 11 37 51 23 3 28 52 29 5 20 24 33 1 15 1 4 44 32 4 28 26 32 46 47 41 21 42 32 1 41 36 20 48 0 37 15 33 14 26 40 40 24 20 11 2 7 16 52 10 38 53 48 45 55 56 30 18 35 57 32 15 7 49 34 13 29 49 0 48 48 20 53 25 18
run=17 seed=16 k=58 f=0
18 47 9 44 9 5 39 45 17 48 51 56 27 1 0 43 36 11 8 18 48 32 39 32 46 55 33 14 0 52 3 29 38 28 34 6 54 8 41 56 6 34 22 30 57 31 15 22 4 57 55 39 51 3 27 41 0 40 9 27 34 19 37 0 18 33 14 24 18 18 6 25 37 24 42 7 47 4 22 10 56 57 24 11 57 30 48 27 15 16 38 41 48 13 18 57 35 45 11 18 48 17 13 30 41 40 52 31 18 6
run=18 seed=17 k=58 f=0
41 50 57 50 29 16 57 55 27 20 15 1 18 32 1 4 44 10 25 40 37 49 45 40 7 1 43 33 53 12 46 21 12 42 10 11 13 46 38 0 33 56 20 20 17 14 0 57 25 48 12 4 39 25 10 35 43 52 14 30 9 54 51 3 28 39 53 49 5 55 21 32 54 33 43 30 0 48 5 9 35 49 5 23 23 44 41 16 36 23 56 3 12 36 25 21 32 13 47 27 28 24 1 38 12 43 7 39 32 26
run=19 seed=18 k=58 f=0
34 40 56 14 32 36 7 10 44 27 14 4 0 46 57 24 4 24 27 32 40 1 28 3 22 57 42 39 52 35 56 29 22 9 16 47 16 55 49 2 13 8 45 5 43 7 57 47 36 1 0 44 26 57 40 29 23 55 39 9 49 1 32 19 53 21 36 4 22 23 57 12 24 51 10 27 42 4 53 32 22 32 9 25 32 46 21 1 54 16 39 38 54 3 5 16 12 38 52 15 52 0 15 48 43 13 27 13 24 25
run=20 seed=19 k=58 f=0
27 33 41 0 57 28 41 7 27 12 7 22 55 40 39 15 57 57 49 12 25 48 25 14 0 52 13 32 25 18 9 18 12 44 47 28 24 5 39 31 29 46 57 18 49 3 3 50 37 37 14 41 22 5 54 15 17 37 3 45 48 55 0 1 50 19 26 33 27 0 40 34 43 36 9 31 34 39 57 16 43 16 57 4 19 49 31 31 23 11 54 52 9 21 57 15 52 31 2 1 31 19 54 9 4 5 9 0 24 35
