run=1 seed=0 k=9 f=0
8 5 2 8 5 2 6 3 0 6 3 7 0 4 1 7 4 1 5 2 8
run=2 seed=1 k=9 f=0
8 5 2 8 5 2 6 3 0 6 3 7 0 4 1 7 4 1 5 2 8
run=3 seed=2 k=9 f=0
0 2 7 5 1 2 8 6 4 0 3 8 7 5 3 1 8 6 7 5 2
run=4 seed=3 k=9 f=0
8 3 7 2 6 7 2 6 1 5 0 8 1 5 0 4 8 3 7 2 6
run=5 seed=4 k=9 f=0
7 5 3 1 8 8 0 2 8 6 4 0 1 3 6 4 0 2 1 7 5
run=6 seed=5 k=9 f=0
3 1 8 6 4 8 0 7 5 3 1 8 1 6 4 2 0 7 8 6 4
run=7 seed=6 k=9 f=0
6 4 2 0 7 4 2 0 7 5 3 1 1 7 5 3 1 8 8 6 4
run=8 seed=7 k=9 f=0
0 6 1 3 0 1 7 2 4 7 5 8 8 3 5 8 0 2 1 3 6
run=9 seed=8 k=9 f=0
4 0 2 7 3 0 2 8 6 4 0 6 4 7 5 3 1 8 0 7 5
run=10 seed=9 k=9 f=0
1 3 6 4 0 0 5 7 0 2 7 3 4 8 2 4 8 5 6 1 3
run=11 seed=10 k=9 f=0
6 3 0 8 1 0 2 8 5 2 6 3 3 7 4 1 7 4 6 3 0
run=12 seed=11 k=9 f=0
6 0 7 3 0 7 1 8 4 1 5 2 0 3 5 2 6 8 7 0 3
run=13 seed=12 k=9 f=0
2 0 7 5 2 0 7 5 3 1 8 0 6 3 1 8 6 4 4 0 2
run=14 seed=13 k=9 f=0
1 6 2 7 4 0 8 4 0 5 1 6 3 6 2 7 3 8 5 1 6
run=15 seed=14 k=9 f=0
4 7 1 4 0 3 6 2 5 8 2 5 7 1 8 0 3 6 4 7 1
run=16 seed=15 k=9 f=0
6 4 2 0 7 5 3 1 8 6 4 2 2 0 7 5 3 1 2 0 7
run=17 seed=16 k=9 f=0
7 1 4 7 1 4 2 5 8 0 5 8 1 8 0 3 6 2 7 1 4
run=18 seed=17 k=9 f=0
6 1 5 8 3 4 8 3 7 2 0 5 7 1 5 0 4 6 2 8 1
run=19 seed=18 k=9 f=0
0 6 3 0 6 3 7 4 1 7 4 8 8 5 2 8 5 2 6 3 0
run=20 seed=19 k=9 f=0
3 5 7 0 2 6 8 0 2 4 6 8 0 2 4 6 8 1 1 3 5
