run=1 seed=0 k=10 f=0
7 9 3 1 9 9 5 2 0 8 5 7 0 3 8 6 4 2 1 9 7
run=2 seed=1 k=10 f=0
7 9 3 1 9 9 5 2 0 8 5 7 0 3 8 6 4 2 1 9 7
run=3 seed=2 k=10 f=0
0 2 8 6 0 6 4 7 5 1 3 9 3 8 1 3 9 7 6 0 2
run=4 seed=3 k=10 f=0
0 5 8 2 5 8 2 7 1 4 7 3 3 5 9 3 6 0 0 8 2
run=5 seed=4 k=10 f=0
1 5 0 3 7 8 6 9 2 6 9 5 5 0 3 7 4 1 5 0 8
run=6 seed=5 k=10 f=0
3 5 1 9 0 2 0 9 7 3 6 4 5 7 4 2 0 8 8 6 4
run=7 seed=6 k=10 f=0
7 5 9 1 8 2 4 1 3 7 5 3 5 0 6 8 0 2 2 4 9
run=8 seed=7 k=10 f=0
1 3 6 2 5 3 9 7 0 4 7 9 1 6 4 2 9 1 8 6 3
run=9 seed=8 k=10 f=0
7 5 1 9 0 3 0 2 8 6 4 8 1 6 9 4 0 2 1 7 5
run=10 seed=9 k=10 f=0
6 1 5 8 2 3 0 4 7 3 6 4 1 5 8 2 9 1 6 0 5
run=11 seed=10 k=10 f=0
2 8 1 6 8 0 9 5 3 9 2 4 8 3 1 7 0 5 4 2 8
run=12 seed=11 k=10 f=0
8 4 2 5 8 9 3 0 9 7 0 6 6 1 7 5 1 3 2 8 6
run=13 seed=12 k=10 f=0
6 0 2 8 3 2 9 3 7 4 0 9 7 4 1 5 9 6 8 0 2
run=14 seed=13 k=10 f=0
8 1 4 8 3 9 2 5 9 2 5 9 1 4 0 3 6 0 8 1 4
run=15 seed=14 k=10 f=0
9 2 4 1 3 2 0 5 8 6 9 0 6 4 7 3 0 2 1 9 7
run=16 seed=15 k=10 f=0
5 8 0 5 9 1 7 2 4 7 3 0 4 9 0 6 9 1 8 3 5
run=17 seed=16 k=10 f=0
5 3 1 4 9 3 7 0 9 7 0 5 9 1 4 2 5 3 6 8 1
run=18 seed=17 k=10 f=0
0 7 1 6 0 8 4 9 3 8 2 5 3 6 1 5 0 4 7 2 6
run=19 seed=18 k=10 f=0
2 8 1 9 6 4 6 0 4 7 3 1 2 8 3 9 2 0 1 6 8
run=20 seed=19 k=10 f=0
7 5 8 1 5 8 1 9 2 4 7 0 0 6 3 0 6 9 5 8 3
