run=1 seed=0 k=39 f=0
0 38 12 38 14 1 25 38 27 36 2 16 15 4 38 1 0 16 23 37 20 10 3 3 29 24 16 21 19 25 35 32 27 9 5 27 32 31 22 9
run=2 seed=1 k=39 f=0
0 38 12 38 14 1 25 38 27 36 2 16 15 4 38 1 0 16 23 37 20 10 3 3 29 24 16 21 19 25 35 32 27 9 5 27 32 31 22 9
run=3 seed=2 k=39 f=0
30 0 32 26 33 18 12 3 7 12 35 38 24 8 38 25 35 8 15 25 18 9 31 0 34 16 37 5 18 9 26 38 11 27 1 31 0 36 13 18
run=4 seed=3 k=39 f=0
2 38 9 35 6 16 18 10 4 19 19 6 38 37 19 0 12 34 15 0 9 24 4 26 11 0 17 33 7 7 27 32 9 3 38 16 14 23 37 26
run=5 seed=4 k=39 f=0
8 25 10 14 12 25 3 1 35 28 14 19 16 38 37 31 16 31 3 5 38 0 6 22 15 7 33 21 21 4 1 17 28 10 28 12 33 38 29 0
run=6 seed=5 k=39 f=0
24 10 9 3 5 6 23 15 27 0 28 20 30 27 4 25 36 3 36 5 38 0 26 14 7 14 22 38 38 36 6 16 19 22 21 31 33 33 1 11
run=7 seed=6 k=39 f=0
17 22 37 15 38 8 25 27 34 34 32 28 32 14 1 31 8 33 21 5 38 13 22 25 2 17 33 27 2 6 23 0 12 3 6 5 7 20 12 38
run=8 seed=7 k=39 f=0
12 15 25 25 3 10 5 4 0 4 38 21 31 33 4 24 29 17 17 18 31 0 36 0 36 1 15 24 10 35 21 8 17 35 33 38 0 26 14 37
run=9 seed=8 k=39 f=0
1 15 30 1 13 13 28 20 35 17 34 28 5 0 18 21 21 0 33 19 28 0 9 12 11 9 20 25 10 30 34 8 33 37 4 36 38 27 7 11
run=10 seed=9 k=39 f=0
32 9 10 10 37 8 11 0 23 17 19 27 28 15 38 31 23 30 7 6 38 0 1 0 24 12 36 8 25 25 1 15 19 38 27 20 13 16 27 0
run=11 seed=10 k=39 f=0
37 19 11 37 19 2 20 38 20 5 34 0 33 1 18 2 15 36 29 20 27 38 7 7 34 5 16 25 25 27 32 13 0 28 37 8 30 16 7 11
run=12 seed=11 k=39 f=0
32 21 33 16 1 7 13 13 26 10 8 10 28 36 38 6 18 11 32 20 29 38 1 1 26 29 27 23 19 37 2 15 8 35 22 0 2 24 1 16
run=13 seed=12 k=39 f=0
5 0 20 7 29 30 34 0 22 13 25 24 1 2 11 37 29 16 5 1 8 29 19 21 27 5 29 33 15 38 36 20 27 9 16 15 38 23 17 18
run=14 seed=13 k=39 f=0
33 15 21 38 5 38 35 29 11 25 36 7 37 27 15 9 3 32 38 7 29 0 1 30 16 19 6 8 17 16 36 21 25 8 29 36 20 22 15 1
run=15 seed=14 k=39 f=0
24 20 9 3 18 27 29 21 0 16 17 2 6 24 30 26 38 24 33 29 2 37 36 13 7 16 28 0 37 38 6 14 19 36 5 9 38 3 11 12
run=16 seed=15 k=39 f=0
21 37 33 0 10 17 31 36 4 29 28 26 17 25 38 14 17 38 38 12 1 22 7 10 1 30 37 12 15 21 2 31 28 24 27 8 34 2 8 0
run=17 seed=16 k=39 f=0
27 17 20 11 18 24 25 38 12 1 21 23 32 23 21 11 0 16 31 33 4 38 6 38 19 26 19 14 8 29 37 24 0 5 5 30 37 31 14 7
run=18 seed=17 k=39 f=0
31 0 14 5 1 35 7 29 23 12 25 27 27 17 37 31 10 30 14 2 38 21 8 33 19 20 24 3 31 14 2 7 13 12 36 13 8 2 19 21
run=19 seed=18 k=39 f=0
13 30 13 16 1 29 24 22 17 21 13 36 9 0 37 38 33 24 15 28 0 10 4 25 5 6 37 30 33 4 16 23 20 1 36 18 25 12 35 1
run=20 seed=19 k=39 f=0
19 29 13 1 25 20 23 26 2 1 15 37 2 27 38 35 31 24 2 25 0 20 29 9 23 16 32 10 38 21 2 12 24 1 9 7 5 35 8 31
