run=1 seed=0 k=35 f=0
8 0 25 20 2 10 31 2 29 34 30 20 25 4 34 17 23 1 28 11 24 34 1 0 1 14 12 20 22 29 34 6 14 34 21 11 30 24 16 0
run=2 seed=1 k=35 f=0
8 0 25 20 2 10 31 2 29 34 30 20 25 4 34 17 23 1 28 11 24 34 1 0 1 14 12 20 22 29 34 6 14 34 21 11 30 24 16 0
run=3 seed=2 k=35 f=0
15 16 33 10 17 28 34 7 0 2 11 34 19 28 0 10 21 3 3 27 34 0 9 33 24 31 2 34 19 23 10 22 28 23 31 27 22 14 33 7
run=4 seed=3 k=35 f=0
11 6 13 0 7 11 22 25 1 33 11 15 7 9 33 12 0 30 29 30 19 34 13 13 4 12 34 24 28 23 19 0 18 16 16 26 29 3 34 0
run=5 seed=4 k=35 f=0
28 22 23 20 23 7 0 14 33 5 18 12 24 34 9 16 3 11 4 33 9 0 2 4 32 31 12 16 5 31 18 28 34 25 15 34 21 34 0 0
run=6 seed=5 k=35 f=0
15 25 10 0 1 14 10 29 23 2 23 3 19 14 9 8 32 0 31 11 1 34 33 12 27 17 20 27 2 29 25 19 0 20 10 14 22 7 0 34
run=7 seed=6 k=35 f=0
19 11 7 25 13 10 11 16 22 29 0 26 15 33 34 17 3 17 30 14 24 33 0 8 3 30 16 7 20 34 10 5 24 34 1 0 12 0 6 0
run=8 seed=7 k=35 f=0
7 0 25 1 0 26 31 34 12 26 30 11 3 0 13 7 7 18 19 5 14 34 19 16 32 34 34 34 22 25 15 26 27 2 33 21 0 11 19 20
run=9 seed=8 k=35 f=0
0 20 2 4 32 27 32 0 5 10 18 28 28 6 14 26 14 30 16 30 12 34 34 34 32 0 13 23 20 22 33 0 5 11 24 5 18 20 34 34
run=10 seed=9 k=35 f=0
34 11 10 2 0 22 5 34 12 0 1 30 30 29 10 17 34 16 31 14 34 25 26 15 7 24 34 17 14 24 5 5 0 27 18 0 5 0 8 24
run=11 seed=10 k=35 f=0
12 28 3 14 28 27 5 34 12 24 15 8 16 33 25 22 25 11 7 27 9 0 32 2 31 0 22 1 17 31 7 34 7 18 0 16 19 2 9 34
run=12 seed=11 k=35 f=0
34 9 22 0 22 25 1 13 4 15 3 30 3 4 28 15 26 7 8 16 34 0 34 21 24 16 13 8 19 33 34 26 14 20 31 21 0 0 34 21
run=13 seed=12 k=35 f=0
23 6 14 18 21 26 9 18 2 34 13 0 19 4 34 12 32 2 31 30 19 34 24 26 20 11 34 6 16 2 23 0 0 34 11 26 30 9 0 13
run=14 seed=13 k=35 f=0
21 6 14 14 19 34 7 27 18 29 31 14 0 9 15 0 17 29 9 7 14 34 34 34 17 0 1 8 18 24 26 26 26 19 2 21 3 9 1 34
run=15 seed=14 k=35 f=0
8 17 6 32 6 33 17 20 24 21 31 26 12 15 21 11 31 19 29 5 25 34 4 0 3 8 20 28 28 9 1 0 34 27 22 5 17 5 11 0
run=16 seed=15 k=35 f=0
0 25 2 0 11 16 9 27 23 23 18 17 4 34 34 19 14 21 31 28 12 34 28 31 3 1 8 12 15 17 25 0 20 4 23 5 7 34 11 27
run=17 seed=16 k=35 f=0
34 19 9 12 29 8 2 15 19 0 6 30 30 0 10 25 5 34 4 22 32 0 24 21 16 25 33 17 25 3 12 13 0 3 21 8 5 23 29 24
run=18 seed=17 k=35 f=0
15 20 9 2 30 19 5 6 28 1 10 30 29 0 9 14 22 33 2 19 0 34 16 13 21 3 24 34 29 34 15 26 0 14 21 8 5 26 32 23
run=19 seed=18 k=35 f=0
6 16 25 34 1 24 27 1 12 14 28 10 34 33 12 8 29 21 30 9 34 0 21 23 24 13 15 26 9 6 1 22 0 8 12 27 31 34 17 19
run=20 seed=19 k=35 f=0
20 9 23 15 21 20 6 33 7 28 22 28 0 1 27 15 5 13 8 11 34 0 33 7 34 34 23 9 30 32 17 26 15 25 32 21 3 3 16 34
