run=1 seed=0 k=34 f=0
21 19 9 15 32 25 20 33 11 29 4 27 17 0 1 25 4 32 4 23 33 0 31 5 16 23 23 9 31 32 14 13 26 0 17 8 14 12 19 33
run=2 seed=1 k=34 f=0
21 19 9 15 32 25 20 33 11 29 4 27 17 0 1 25 4 32 4 23 33 0 31 5 16 23 23 9 31 32 14 13 26 0 17 8 14 12 19 33
run=3 seed=2 k=34 f=0
29 6 29 21 33 13 22 31 4 4 15 25 33 19 8 0 31 1 19 5 24 33 29 0 15 11 12 17 32 30 4 12 23 8 3 17 12 24 1 0
run=4 seed=3 k=34 f=0
8 0 14 32 11 2 15 32 15 32 14 19 12 31 24 17 16 5 29 1 24 33 3 0 25 27 13 17 22 22 0 6 33 22 0 11 28 13 7 0
run=5 seed=4 k=34 f=0
20 19 31 0 31 33 29 19 6 29 25 27 14 26 26 25 1 16 3 4 33 0 19 21 16 33 32 6 3 9 10 13 0 7 18 8 11 26 0 33
run=6 seed=5 k=34 f=0
15 25 14 22 1 32 28 3 25 0 13 33 19 24 0 8 0 18 29 24 33 0 14 4 24 30 33 27 4 13 11 19 33 27 12 14 22 10 19 7
run=7 seed=6 k=34 f=0
25 11 22 28 13 24 6 18 0 33 14 29 6 13 33 17 24 10 29 0 24 33 0 0 3 33 8 14 29 17 1 5 20 1 1 0 9 31 8 0
run=8 seed=7 k=34 f=0
20 11 4 0 0 1 6 7 29 28 30 24 15 16 0 17 27 16 30 13 24 33 31 21 9 8 33 7 25 10 1 5 26 33 18 0 12 23 17 33
run=9 seed=8 k=34 f=0
28 6 26 10 4 25 10 32 5 20 9 24 24 22 0 0 2 18 30 0 24 33 15 18 9 31 2 9 32 32 13 12 33 0 16 17 4 10 16 16
run=10 seed=9 k=34 f=0
28 9 33 0 19 15 24 7 33 11 3 33 13 26 22 26 2 18 3 20 33 0 7 19 18 29 32 0 7 9 15 15 33 0 32 20 16 32 25 7
run=11 seed=10 k=34 f=0
13 0 32 3 1 1 21 25 21 4 30 19 17 23 7 25 15 4 14 11 18 33 13 11 31 31 33 22 1 24 8 6 28 17 31 11 33 33 6 0
run=12 seed=11 k=34 f=0
22 8 25 33 33 7 5 22 15 5 28 28 3 30 16 25 4 16 2 19 0 33 8 10 17 24 0 33 21 23 13 14 27 2 20 19 0 33 11 9
run=13 seed=12 k=34 f=0
15 19 4 12 17 8 7 31 1 0 16 27 11 29 1 25 22 32 3 26 33 0 32 33 18 3 3 26 0 22 15 13 20 0 30 8 5 15 22 33
run=14 seed=13 k=34 f=0
23 8 17 1 33 10 24 1 21 15 20 1 5 27 29 25 33 0 2 9 0 33 12 33 9 24 19 0 2 10 11 14 18 15 20 19 33 27 33 11
run=15 seed=14 k=34 f=0
20 14 3 12 15 15 15 9 5 33 30 6 24 6 14 8 18 7 30 13 1 33 0 0 17 31 20 7 33 30 25 20 33 23 7 25 28 33 0 0
run=16 seed=15 k=34 f=0
0 24 7 24 13 31 30 7 11 28 29 5 27 26 18 7 2 14 26 11 0 33 32 15 21 30 32 11 10 4 17 18 5 26 5 13 23 0 16 33
run=17 seed=16 k=34 f=0
26 9 24 30 21 33 19 13 23 4 3 31 21 5 7 26 22 11 5 20 33 0 1 13 13 0 22 16 14 0 30 15 32 20 31 20 11 2 29 0
run=18 seed=17 k=34 f=0
0 9 27 32 19 32 25 24 18 26 11 33 4 6 26 26 30 0 5 20 33 0 11 22 18 14 10 33 15 0 23 15 17 17 31 20 22 8 0 10
run=19 seed=18 k=34 f=0
10 6 25 20 6 33 11 18 13 33 30 28 6 6 16 0 14 2 30 0 24 33 0 28 22 33 12 26 30 2 21 12 33 26 20 17 20 11 4 0
run=20 seed=19 k=34 f=0
5 8 26 2 31 33 9 17 6 33 11 0 9 1 32 14 29 1 2 20 0 33 24 24 27 16 32 18 23 13 10 25 0 27 18 20 13 8 1 25
