run=1 seed=0 k=38 f=0
24 37 3 18 15 1 10 30 21 37 23 20 20 35 0 22 26 36 37 8 29 14 27 31 11 12 10 7 5 1 19 0 36 6 23 5 31 20 13 14
run=2 seed=1 k=38 f=0
24 37 3 18 15 1 10 30 21 37 23 20 20 35 0 22 26 36 37 8 29 14 27 31 11 12 10 7 5 1 19 0 36 6 23 5 31 20 13 14
run=3 seed=2 k=38 f=0
1 20 14 18 29 18 18 37 5 15 32 33 26 20 7 37 28 36 7 21 2 29 16 10 23 13 27 31 30 1 3 14 37 10 18 9 11 25 3 20
run=4 seed=3 k=38 f=0
32 25 24 21 1 34 34 0 17 1 30 0 15 0 0 19 8 15 30 17 0 37 32 3 11 34 29 20 12 12 20 8 37 22 11 13 25 7 13 7
run=5 seed=4 k=38 f=0
9 0 12 0 36 22 7 37 12 19 26 13 5 33 29 6 27 17 18 36 13 22 20 24 37 7 14 0 18 36 1 30 14 10 3 35 23 29 0 37
run=6 seed=5 k=38 f=0
1 6 20 22 28 26 32 5 1 37 9 12 24 0 37 0 18 0 19 0 25 16 29 1 8 27 9 13 16 31 36 37 7 37 7 32 21 17 30 30
run=7 seed=6 k=38 f=0
9 37 4 28 25 1 6 37 26 30 18 5 5 1 29 8 22 36 15 9 0 23 0 20 19 8 8 20 15 37 33 31 14 15 6 15 25 28 5 37
run=8 seed=7 k=38 f=0
37 1 27 13 3 5 10 24 28 4 17 22 33 33 23 7 7 0 34 6 28 37 1 26 28 30 37 16 1 4 14 20 7 35 12 14 30 16 10 0
run=9 seed=8 k=38 f=0
32 16 22 25 17 9 4 29 21 8 33 4 6 33 26 37 26 4 3 17 24 0 13 0 25 13 14 1 20 34 1 10 37 36 31 31 22 17 1 13
run=10 seed=9 k=38 f=0
37 0 7 29 36 0 23 36 12 29 10 33 31 31 20 30 3 18 17 29 37 20 36 5 10 37 37 6 3 14 22 6 0 5 9 12 24 29 20 13
run=11 seed=10 k=38 f=0
27 0 24 33 34 23 21 2 33 11 13 6 23 15 33 8 22 8 0 3 28 37 16 0 32 31 22 1 30 13 5 20 7 28 7 15 37 15 37 16
run=12 seed=11 k=38 f=0
23 0 3 15 30 8 1 31 27 37 2 15 27 23 17 25 9 36 2 32 18 9 2 0 11 18 37 9 12 24 32 37 37 21 14 32 30 0 14 0
run=13 seed=12 k=38 f=0
28 6 30 23 31 35 37 3 23 37 32 33 24 35 4 0 18 11 7 1 14 37 28 15 18 1 31 11 24 1 8 27 37 29 20 21 0 19 12 18
run=14 seed=13 k=38 f=0
36 14 33 23 34 14 6 29 21 7 24 23 20 12 11 7 7 0 14 36 0 29 5 14 18 28 31 25 28 3 37 21 31 9 3 37 15 37 0 3
run=15 seed=14 k=38 f=0
12 21 13 8 22 3 15 20 15 4 6 30 8 17 37 27 24 0 2 17 0 35 13 0 17 14 21 30 3 33 34 12 24 11 30 7 19 36 29 0
run=16 seed=15 k=38 f=0
8 8 21 1 8 13 36 34 29 37 10 30 23 10 14 27 26 37 34 29 0 37 3 29 16 17 37 28 30 12 0 14 34 4 17 21 18 25 17 0
run=17 seed=16 k=38 f=0
4 25 21 22 25 33 5 11 19 37 15 0 0 25 29 31 33 10 3 30 0 9 36 34 24 20 14 15 37 4 3 19 9 3 16 37 33 22 37 22
run=18 seed=17 k=38 f=0
0 11 24 23 13 29 19 1 19 17 33 4 19 32 6 17 26 36 2 21 0 36 37 0 33 1 36 24 6 11 14 28 30 24 31 23 37 9 15 13
run=19 seed=18 k=38 f=0
29 13 12 17 25 27 35 34 18 15 26 0 22 6 0 7 16 31 35 11 0 29 33 37 24 3 27 7 18 0 36 19 13 0 6 37 19 20 7 37
run=20 seed=19 k=38 f=0
19 37 16 36 37 23 29 17 12 30 33 28 0 2 25 31 10 20 12 0 14 23 33 28 8 33 17 8 37 4 27 5 14 5 2 0 3 36 27 35
