run=1 seed=0 k=41 f=0
2 0 0 23 30 10 6 34 23 33 39 6 40 38 8 19 30 38 3 18 26 10 20 1 12 9 11 15 29 32 16 35 31 18 20 40 37 27 1 22
run=2 seed=1 k=41 f=0
2 0 0 23 30 10 6 34 23 33 39 6 40 38 8 19 30 38 3 18 26 10 20 1 12 9 11 15 29 32 16 35 31 18 20 40 37 27 1 22
run=3 seed=2 k=41 f=0
34 15 16 26 21 0 17 37 18 20 31 40 30 39 40 9 2 31 33 20 39 0 21 1 37 19 35 8 30 13 11 25 16 5 5 31 0 24 12 24
run=4 seed=3 k=41 f=0
9 9 29 40 35 9 12 2 38 18 30 22 31 24 17 40 15 3 6 10 1 18 10 2 12 40 20 25 38 11 8 26 40 35 16 31 35 26 14 0
run=5 seed=4 k=41 f=0
32 23 36 0 11 22 12 1 13 21 7 14 26 15 0 29 2 19 0 24 13 3 33 20 8 40 8 9 5 34 24 40 15 12 22 35 4 32 39 40
run=6 seed=5 k=41 f=0
40 7 25 26 4 39 28 12 23 27 26 36 30 9 15 0 1 34 17 4 15 40 39 39 8 12 14 6 37 5 19 32 0 5 40 25 11 19 34 22
run=7 seed=6 k=41 f=0
22 23 0 37 35 31 19 23 16 9 33 9 18 28 28 7 13 26 17 0 14 37 35 25 32 3 15 40 11 0 37 29 8 39 25 0 35 1 9 1
run=8 seed=7 k=41 f=0
40 8 6 35 3 17 38 39 25 0 16 1 13 0 4 14 4 40 23 26 0 40 30 26 27 16 17 18 10 7 27 31 35 1 12 22 10 27 9 25
run=9 seed=8 k=41 f=0
25 17 12 31 7 14 4 20 32 0 2 30 31 22 9 0 14 28 31 19 33 8 23 12 19 2 1 16 39 21 32 24 0 5 15 40 5 39 30 37
run=10 seed=9 k=41 f=0
29 22 22 8 0 9 7 0 20 2 5 40 0 13 14 7 17 1 16 40 14 36 21 29 32 26 40 40 24 20 32 28 34 15 37 1 22 28 35 7
run=11 seed=10 k=41 f=0
19 40 15 4 31 29 7 6 2 34 26 0 36 35 13 23 17 38 9 8 32 15 27 26 4 4 40 6 22 15 10 0 0 22 39 7 39 13 40 27
run=12 seed=11 k=41 f=0
33 40 2 1 30 11 25 37 32 10 22 8 21 38 40 11 32 25 19 12 1 26 33 35 23 3 26 1 20 11 10 34 7 18 0 18 26 0 28 15
run=13 seed=12 k=41 f=0
24 0 21 36 40 18 16 12 27 16 35 19 17 5 30 15 24 10 23 18 8 39 8 23 6 35 0 39 34 10 15 31 1 40 14 26 34 30 24 11
run=14 seed=13 k=41 f=0
19 12 6 9 0 34 31 13 26 4 26 0 14 14 25 40 3 20 27 10 1 32 6 37 15 32 0 33 37 26 23 18 1 29 15 24 11 5 39 40
run=15 seed=14 k=41 f=0
9 38 28 14 39 0 34 34 39 33 40 31 15 31 1 13 25 18 27 12 30 21 8 27 40 1 35 24 21 5 40 2 33 27 18 7 18 11 18 40
run=16 seed=15 k=41 f=0
23 28 28 11 35 10 34 17 24 8 13 13 27 25 17 11 0 22 22 24 37 19 1 1 31 32 36 40 2 20 10 0 7 40 7 5 1 1 28 33
run=17 seed=16 k=41 f=0
16 0 38 38 29 2 14 23 34 3 40 40 0 21 38 25 26 17 5 28 18 9 13 7 34 36 15 31 0 26 9 36 21 7 16 31 26 31 14 7
run=18 seed=17 k=41 f=0
40 9 35 34 30 8 36 24 1 32 0 24 4 6 17 3 21 2 13 11 18 39 40 23 17 12 2 24 24 11 40 26 30 40 21 31 1 16 33 10
run=19 seed=18 k=41 f=0
22 8 7 28 2 3 38 17 24 38 10 1 0 4 40 30 37 25 22 19 0 39 24 36 5 16 20 6 17 8 28 14 17 33 37 21 12 10 40 30
run=20 seed=19 k=41 f=0
40 19 13 12 25 14 38 39 33 2 33 2 36 22 1 29 37 23 16 22 1 10 17 4 22 11 35 23 11 24 1 40 10 4 7 35 18 32 26 30
