run=1 seed=0 k=37 f=0
36 36 5 33 24 35 29 17 22 0 33 30 31 1 0 0 33 18 14 15 7 22 24 3 26 6 12 17 18 23 26 30 11 26 36 14 6 10 0 24
run=2 seed=1 k=37 f=0
36 36 5 33 24 35 29 17 22 0 33 30 31 1 0 0 33 18 14 15 7 22 24 3 26 6 12 17 18 23 26 30 11 26 36 14 6 10 0 24
run=3 seed=2 k=37 f=0
20 36 36 18 9 9 4 16 24 28 34 4 16 0 7 16 9 1 23 21 9 0 32 3 7 18 36 0 10 27 26 30 26 26 1 25 13 35 4 34
run=4 seed=3 k=37 f=0
18 36 23 4 21 17 26 4 31 0 25 4 0 16 29 16 32 11 36 34 9 0 21 23 8 19 36 7 33 14 7 29 13 22 4 23 25 34 13 36
run=5 seed=4 k=37 f=0
22 11 13 34 21 11 33 17 28 6 0 33 8 36 28 36 29 19 12 14 29 20 4 24 27 3 4 36 1 15 9 5 17 35 29 0 12 0 6 1
run=6 seed=5 k=37 f=0
35 0 3 34 14 24 35 34 12 4 30 23 3 7 16 25 16 36 4 4 18 9 36 12 18 26 0 23 18 25 32 36 30 19 33 31 0 9 0 9
run=7 seed=6 k=37 f=0
20 6 20 26 6 22 25 10 34 8 32 27 16 14 36 12 0 9 19 16 26 36 23 1 2 30 18 29 2 36 23 0 7 27 29 19 12 36 1 0
run=8 seed=7 k=37 f=0
12 0 12 11 12 3 28 36 28 4 32 8 34 16 18 6 21 8 26 1 23 14 0 26 19 33 36 27 33 2 5 35 7 15 4 30 22 24 8 0
run=9 seed=8 k=37 f=0
16 30 28 14 16 19 27 35 8 31 9 0 12 24 32 7 35 23 28 31 0 21 17 5 23 6 36 7 7 23 0 36 0 2 8 13 36 11 24 24
run=10 seed=9 k=37 f=0
0 22 25 23 23 9 29 15 20 25 5 30 20 21 6 28 27 16 8 19 36 13 35 35 36 8 15 15 11 5 1 0 29 35 32 5 10 2 28 36
run=11 seed=10 k=37 f=0
9 30 5 11 31 36 20 11 21 36 16 23 13 10 36 36 27 13 19 34 22 1 6 33 13 3 1 20 27 20 36 9 26 20 4 15 32 29 2 0
run=12 seed=11 k=37 f=0
23 25 16 11 25 19 23 13 0 0 1 14 27 25 0 0 0 12 12 24 17 8 34 3 18 30 31 10 34 20 7 31 18 36 3 36 5 4 29 33
run=13 seed=12 k=37 f=0
31 30 35 32 13 29 16 13 1 9 2 22 35 9 6 24 5 12 0 29 17 8 12 20 34 36 2 20 30 11 21 36 26 20 27 0 2 4 33 13
run=14 seed=13 k=37 f=0
26 19 3 36 2 17 0 25 35 16 21 0 0 8 32 13 32 20 36 7 0 33 11 11 5 12 3 5 18 21 25 25 20 34 28 7 36 4 13 12
run=15 seed=14 k=37 f=0
12 0 4 1 1 36 11 9 5 20 13 33 29 32 20 36 22 10 17 36 19 28 14 12 9 36 26 34 20 35 7 7 7 30 30 12 24 0 21 0
run=16 seed=15 k=37 f=0
7 7 35 1 24 5 2 31 36 36 5 30 3 0 35 1 18 26 10 22 15 36 7 22 14 3 30 28 24 11 9 28 13 0 3 23 0 17 11 20
run=17 seed=16 k=37 f=0
31 8 18 10 19 6 8 25 36 8 33 27 10 15 25 14 11 0 2 10 0 22 4 31 24 20 19 18 25 0 34 30 36 36 11 35 13 15 2 4
run=18 seed=17 k=37 f=0
6 23 17 14 1 14 14 1 31 17 25 29 16 0 0 17 32 0 36 35 10 0 22 24 11 18 6 30 25 35 11 29 36 8 13 36 13 27 18 22
run=19 seed=18 k=37 f=0
36 30 6 20 6 5 8 21 13 0 5 17 22 0 1 15 20 35 27 14 22 1 10 36 22 4 12 17 19 1 28 36 31 13 19 9 25 28 35 10
run=20 seed=19 k=37 f=0
0 14 6 32 0 25 7 1 14 20 10 5 31 31 17 7 35 0 21 21 0 36 27 24 34 11 15 36 21 6 3 28 5 19 36 23 13 36 30 25
