run=1 seed=0 k=40 f=0
22 22 17 35 33 0 33 27 9 39 37 14 8 39 37 39 35 26 12 24 14 31 20 2 0 10 22 13 27 13 4 2 28 18 20 7 33 37 11 2
run=2 seed=1 k=40 f=0
22 22 17 35 33 0 33 27 9 39 37 14 8 39 37 39 35 26 12 24 14 31 20 2 0 10 22 13 27 13 4 2 28 18 20 7 33 37 11 2
run=3 seed=2 k=40 f=0
10 39 28 2 13 18 24 12 25 19 22 14 14 0 4 18 22 13 36 38 1 10 19 35 32 5 10 30 16 23 39 29 24 2 1 24 0 26 33 37
run=4 seed=3 k=40 f=0
8 30 8 0 25 20 15 0 28 0 18 17 34 19 2 2 24 15 37 5 39 21 38 18 33 36 10 20 28 38 0 13 13 28 6 8 37 38 10 28
run=5 seed=4 k=40 f=0
20 31 34 31 3 17 25 3 28 30 9 0 34 14 14 25 8 21 34 29 39 4 8 10 16 38 2 0 37 20 30 13 25 35 19 19 39 10 23 7
run=6 seed=5 k=40 f=0
15 26 10 32 11 21 0 9 33 4 22 8 20 38 9 20 3 38 28 33 13 37 39 13 11 20 23 32 12 1 29 5 0 28 39 0 24 1 37 39
run=7 seed=6 k=40 f=0
18 24 32 25 0 23 6 3 11 7 33 3 22 13 0 30 0 12 23 21 2 38 15 39 36 36 4 32 37 15 25 10 9 39 36 15 26 30 16 39
run=8 seed=7 k=40 f=0
5 33 1 31 32 3 26 39 34 39 35 39 9 6 23 0 18 7 13 16 24 8 17 39 29 27 1 32 17 14 33 39 0 31 6 16 27 20 8 16
run=9 seed=8 k=40 f=0
21 10 2 30 38 13 22 34 29 38 7 25 39 24 29 16 20 38 5 16 23 39 17 22 28 7 14 0 11 3 33 31 6 27 21 1 33 5 20 13
run=10 seed=9 k=40 f=0
32 39 5 19 10 13 20 38 2 16 30 21 18 14 38 16 9 20 32 19 9 0 22 5 37 34 39 7 29 28 0 25 27 6 21 30 12 29 23 0
run=11 seed=10 k=40 f=0
12 8 18 3 8 17 35 31 27 27 23 16 8 13 24 14 0 10 36 13 30 39 14 21 2 28 32 0 24 12 37 0 39 2 20 23 5 24 9 31
run=12 seed=11 k=40 f=0
0 14 37 4 3 15 1 30 35 32 34 6 32 14 6 8 1 12 30 18 0 24 37 24 15 35 34 13 31 13 23 38 19 23 12 32 38 5 11 26
run=13 seed=12 k=40 f=0
0 29 34 8 0 3 29 32 17 24 3 17 33 14 8 23 3 11 39 23 37 0 1 0 11 32 19 15 3 29 39 14 24 23 22 9 30 39 12 39
run=14 seed=13 k=40 f=0
37 19 39 31 8 18 32 37 9 23 6 6 23 28 14 1 37 8 17 30 37 10 1 0 12 24 18 7 3 9 11 25 32 0 37 30 19 29 14 0
run=15 seed=14 k=40 f=0
17 13 7 23 12 28 11 12 5 26 34 24 0 30 25 7 36 1 25 8 21 30 19 38 20 17 15 39 3 3 10 38 9 23 32 1 3 39 1 32
run=16 seed=15 k=40 f=0
39 32 37 37 16 2 34 27 23 8 3 11 24 4 33 25 29 22 4 33 10 0 39 1 34 1 12 18 39 28 19 38 10 34 24 18 28 15 9 3
run=17 seed=16 k=40 f=0
17 17 17 12 33 14 33 3 23 8 7 25 39 31 11 0 35 11 21 38 25 34 20 4 38 1 35 31 11 26 21 11 25 37 6 6 36 28 19 4
run=18 seed=17 k=40 f=0
11 38 19 37 39 13 25 29 33 1 13 17 39 16 1 31 8 37 7 33 24 1 9 28 39 27 8 30 39 18 0 16 16 4 21 10 35 21 38 23
run=19 seed=18 k=40 f=0
38 29 15 11 28 38 7 32 12 19 26 21 3 18 22 23 10 0 2 11 0 15 15 19 11 25 33 8 28 0 3 35 31 12 12 7 0 23 3 15
run=20 seed=19 k=40 f=0
39 16 8 37 7 15 1 25 29 25 19 0 25 36 7 31 27 19 23 28 8 39 21 2 18 11 18 0 25 28 3 0 16 0 37 25 21 38 7 31
