run=1 seed=0 k=33 f=0
26 14 6 32 15 10 14 27 3 4 7 32 6 1 32 8 8 29 30 25 32 0 26 0 16 18 9 14 25 20 32 20 21 3 1 25 9 20 14 0
run=2 seed=1 k=33 f=0
26 14 6 32 15 10 14 27 3 4 7 32 6 1 32 8 8 29 30 25 32 0 26 0 16 18 9 14 25 20 32 20 21 3 1 25 9 20 14 0
run=3 seed=2 k=33 f=0
27 19 16 17 32 24 6 16 5 19 10 32 12 19 21 25 27 0 3 23 32 0 27 26 11 11 9 7 29 0 3 13 32 32 23 8 15 7 0 0
run=4 seed=3 k=33 f=0
4 13 20 10 13 16 22 8 4 12 15 0 0 16 23 7 31 10 29 26 0 32 17 20 22 19 2 32 28 32 7 19 9 28 1 24 27 1 21 16
run=5 seed=4 k=33 f=0
22 13 29 1 1 32 21 0 6 0 6 0 26 14 16 7 3 15 26 24 0 32 32 11 16 32 21 7 0 30 26 19 0 22 10 24 12 7 13 32
run=6 seed=5 k=33 f=0
32 18 5 0 32 28 32 1 9 16 26 27 14 2 0 24 24 0 3 17 0 32 22 21 10 12 9 9 19 30 32 12 27 21 21 7 4 8 32 20
run=7 seed=6 k=33 f=0
20 18 19 24 29 4 31 25 29 28 7 0 16 1 7 24 10 0 3 27 0 32 32 32 9 22 13 0 10 2 32 12 25 12 16 7 12 32 0 32
run=8 seed=7 k=33 f=0
13 14 20 9 13 12 12 19 4 4 26 32 17 32 7 8 28 16 27 5 32 0 1 0 22 0 21 32 2 31 11 20 26 7 2 25 20 26 0 0
run=9 seed=8 k=33 f=0
0 13 22 23 14 16 16 30 2 21 15 4 19 9 32 7 1 31 26 25 0 32 24 11 30 19 31 11 0 2 25 19 5 23 5 24 16 3 9 25
run=10 seed=9 k=33 f=0
22 18 30 23 19 17 7 24 32 0 7 26 26 0 0 24 32 21 3 28 0 32 22 5 16 11 31 10 25 14 17 12 16 0 30 7 5 31 13 32
run=11 seed=10 k=33 f=0
15 19 24 11 20 32 23 0 23 31 4 32 19 1 32 25 17 1 5 20 32 0 25 28 18 28 20 0 31 0 10 13 10 25 29 8 5 16 10 25
run=12 seed=11 k=33 f=0
13 18 18 0 31 14 12 23 29 0 29 26 9 22 0 24 1 22 2 20 0 32 31 32 9 11 11 24 7 21 32 12 18 32 17 7 4 3 10 32
run=13 seed=12 k=33 f=0
13 19 23 21 21 4 11 25 14 4 8 29 17 4 7 25 13 1 4 18 32 0 0 10 18 26 0 25 27 30 20 13 31 16 30 8 20 32 0 0
run=14 seed=13 k=33 f=0
25 13 9 32 13 23 5 5 1 2 11 0 29 31 0 7 16 0 28 26 0 32 8 5 15 28 13 14 21 22 3 19 20 31 5 24 32 13 19 7
run=15 seed=14 k=33 f=0
20 18 8 31 32 16 10 0 6 28 6 26 15 26 0 24 12 22 2 25 0 32 32 3 14 32 13 7 16 22 3 12 25 10 18 7 12 29 21 32
run=16 seed=15 k=33 f=0
4 18 29 21 32 32 16 20 13 27 7 26 0 18 10 24 32 1 5 22 0 32 31 32 9 15 13 19 32 4 7 12 25 27 16 7 14 12 1 32
run=17 seed=16 k=33 f=0
4 13 15 24 0 26 31 1 19 18 24 0 0 0 10 7 4 29 26 8 0 32 31 32 30 18 14 25 20 5 32 19 19 21 13 24 14 8 32 32
run=18 seed=17 k=33 f=0
10 14 16 2 0 25 4 19 14 25 25 4 5 8 25 8 0 9 29 6 32 0 32 30 16 20 22 0 18 13 29 20 15 30 13 25 20 2 10 32
run=19 seed=18 k=33 f=0
21 18 10 32 16 25 0 11 16 5 6 27 17 4 8 24 0 32 3 20 0 32 2 0 14 13 8 32 30 21 20 12 26 20 29 7 12 1 32 1
run=20 seed=19 k=33 f=0
0 14 27 0 14 17 8 25 2 26 16 4 16 5 25 8 30 13 29 6 32 0 32 10 16 0 22 11 29 31 17 20 5 32 0 25 19 6 0 32
