run=1 seed=0 k=36 f=0
14 8 9 10 24 7 10 13 33 1 32 18 10 30 20 14 26 19 3 17 0 22 35 33 33 35 0 27 19 19 5 35 0 29 32 30 5 0 22 34
run=2 seed=1 k=36 f=0
14 8 9 10 24 7 10 13 33 1 32 18 10 30 20 14 26 19 3 17 0 22 35 33 33 35 0 27 19 19 5 35 0 29 32 30 5 0 22 34
run=3 seed=2 k=36 f=0
13 18 4 35 16 5 6 33 13 35 4 27 9 10 0 12 2 9 31 14 26 35 17 3 19 24 26 28 0 15 32 1 34 0 5 6 4 21 10 21
run=4 seed=3 k=36 f=0
12 26 0 13 35 34 12 28 3 4 1 7 6 19 35 0 24 31 13 14 7 35 22 31 17 4 3 28 6 22 34 20 17 14 6 14 22 1 7 0
run=5 seed=4 k=36 f=0
27 0 3 10 33 11 33 24 32 4 2 31 6 0 35 28 14 26 6 26 35 9 1 0 35 34 18 11 12 28 23 17 22 16 24 22 16 4 35 0
run=6 seed=5 k=36 f=0
19 0 30 0 27 18 8 0 9 29 4 15 3 35 27 6 2 34 16 27 13 22 21 21 12 22 31 8 1 11 10 35 14 11 2 30 0 27 34 35
run=7 seed=6 k=36 f=0
4 22 16 4 35 5 10 34 18 21 9 8 0 30 10 28 12 1 20 27 35 13 17 34 34 35 25 28 5 16 19 5 22 15 0 0 16 26 0 35
run=8 seed=7 k=36 f=0
7 16 23 31 35 15 14 1 31 15 19 2 25 30 1 0 34 19 15 0 8 35 7 19 32 5 1 35 21 10 13 22 12 32 6 27 30 8 25 19
run=9 seed=8 k=36 f=0
0 0 30 17 19 0 34 35 16 29 31 22 15 11 27 27 3 15 0 1 20 35 1 35 17 27 2 20 28 26 21 8 6 24 29 13 11 7 13 34
run=10 seed=9 k=36 f=0
26 29 25 34 2 29 32 35 2 10 16 0 32 4 7 35 20 34 27 32 0 20 14 26 4 10 0 0 13 12 28 12 21 7 15 7 35 21 0 14
run=11 seed=10 k=36 f=0
35 0 2 0 29 17 8 0 35 4 31 18 3 31 29 6 24 35 17 1 23 14 7 9 24 15 22 22 19 35 9 35 16 28 2 30 0 7 21 9
run=12 seed=11 k=36 f=0
0 6 33 21 8 31 13 25 5 33 13 35 4 6 21 12 2 20 32 24 35 20 27 13 24 31 29 13 23 1 15 0 35 10 24 28 8 0 35 28
run=13 seed=12 k=36 f=0
30 15 24 27 31 3 17 9 13 0 29 2 15 0 0 0 32 19 11 0 7 34 30 4 6 5 35 7 26 18 12 21 35 26 3 26 12 35 19 21
run=14 seed=13 k=36 f=0
22 0 27 31 0 28 20 35 17 35 31 8 26 18 35 6 14 6 19 1 14 35 18 12 13 30 23 0 30 1 3 27 6 22 35 21 31 13 6 14
run=15 seed=14 k=36 f=0
21 20 6 16 20 20 11 35 27 35 15 7 17 29 35 14 23 16 2 31 7 35 1 6 28 32 25 8 19 35 0 26 26 27 34 0 31 7 0 1
run=16 seed=15 k=36 f=0
35 6 22 35 8 21 22 12 2 16 22 13 4 0 16 0 17 7 17 1 14 34 35 24 9 35 6 9 16 15 29 26 30 27 34 21 1 0 35 23
run=17 seed=16 k=36 f=0
20 29 33 33 2 35 19 10 15 7 4 4 16 3 35 8 10 26 28 13 21 0 27 2 33 35 25 0 35 12 17 35 7 17 21 14 12 2 31 28
run=18 seed=17 k=36 f=0
26 8 30 35 19 35 1 27 17 8 31 14 22 12 0 27 27 20 2 19 0 35 33 16 17 3 5 17 24 26 35 14 11 0 28 21 4 13 7 34
run=19 seed=18 k=36 f=0
30 28 19 23 4 10 15 4 20 0 34 1 1 25 24 35 9 2 13 17 0 9 6 15 24 31 31 14 6 4 16 22 35 16 28 17 20 35 25 7
run=20 seed=19 k=36 f=0
0 27 16 22 31 15 17 3 23 8 18 4 28 13 8 0 22 35 13 4 35 8 34 35 32 7 2 23 24 11 31 21 17 10 5 16 12 26 35 35
