run=1 seed=0 k=80 f=0
22 56 66 35 68 15 26 22 14 0 42 27 50 59 3 30 60 66 54 31 11 8 7 29 19 75 62 3 73 50 43 1 72 0 29 63 33 16 33 43 24 13 65 37 24 57 78 6 75 54 36 52 11 43 36 33 62 50 36 1 65 0 68 79 79 25 46 49 17 17 44 78 54 77 69 7 74 11 79 11
run=2 seed=1 k=80 f=0
22 56 66 35 68 15 26 22 14 0 42 27 50 59 3 30 60 66 54 31 11 8 7 29 19 75 62 3 73 50 43 1 72 0 29 63 33 16 33 43 24 13 65 37 24 57 78 6 75 54 36 52 11 43 36 33 62 50 36 1 65 0 68 79 79 25 46 49 17 17 44 78 54 77 69 7 74 11 79 11
run=3 seed=2 k=80 f=0
42 79 6 15 72 16 65 77 25 27 29 18 29 17 62 17 14 53 48 34 2 52 51 75 7 51 17 30 56 61 3 66 25 2 57 58 52 17 71 77 20 47 48 65 20 45 36 35 0 35 44 6 39 74 0 70 69 73 28 4 66 10 63 45 6 77 0 57 66 30 77 0 30 75 9 12 42 79 35 49
run=4 seed=3 k=80 f=0
24 41 62 20 22 60 13 7 1 39 60 4 33 59 42 64 24 72 1 55 54 22 78 41 33 7 45 57 68 78 14 14 16 56 10 67 17 43 37 68 27 28 72 50 31 67 37 31 2 29 61 79 64 75 48 0 76 45 39 46 75 36 54 10 47 26 79 26 30 55 78 36 0 15 49 9 0 9 15 36
run=5 seed=4 k=80 f=0
62 58 30 46 3 12 25 29 68 70 64 34 28 44 19 78 22 68 38 51 37 45 1 79 65 78 2 42 0 20 68 79 21 37 59 47 61 20 15 50 63 11 16 2 76 11 76 55 72 63 13 29 27 1 21 32 46 55 74 46 76 25 11 45 73 54 30 19 78 6 1 40 50 32 55 79 13 41 34 6
run=6 seed=5 k=80 f=0
74 45 41 72 53 33 0 9 33 42 66 48 41 78 10 19 60 26 68 42 14 49 41 53 54 60 78 73 0 18 22 0 0 37 5 44 60 71 57 49 24 37 13 61 35 23 77 18 1 50 76 14 62 15 68 61 25 3 69 29 70 79 76 41 79 33 9 53 23 15 50 18 47 63 57 34 32 38 25 39
run=7 seed=6 k=80 f=0
32 25 61 27 28 7 6 2 45 18 15 9 5 4 2 56 0 18 14 24 31 21 74 62 47 51 65 76 37 51 3 56 72 79 36 23 61 74 58 79 2 72 37 0 45 37 59 53 26 16 54 70 61 70 54 13 38 66 8 47 54 38 18 26 37 19 44 76 61 68 48 9 79 69 29 77 47 11 27 10
run=8 seed=7 k=80 f=0
37 42 59 31 45 44 51 45 0 73 35 1 51 16 76 79 18 9 51 16 24 79 3 68 34 13 29 32 20 28 13 54 0 63 79 15 1 76 64 10 22 63 29 60 58 8 20 77 27 22 13 1 67 41 25 55 37 26 40 55 8 53 57 33 32 67 26 65 57 73 5 79 18 67 71 41 36 48 70 51
run=9 seed=8 k=80 f=0
56 2 2 33 71 10 54 71 58 33 7 21 36 11 15 0 33 31 40 37 65 78 57 66 24 76 54 10 76 37 33 0 48 66 61 3 3 75 31 79 60 13 13 18 78 14 23 25 63 61 5 52 39 42 45 59 50 74 69 57 29 60 9 42 73 23 79 26 19 10 15 79 70 52 48 46 3 37 42 25
run=10 seed=9 k=80 f=0
48 45 16 7 41 14 60 79 46 2 56 51 60 13 54 54 60 23 8 74 75 0 9 55 39 74 4 3 62 29 17 63 40 51 23 68 50 35 59 44 31 21 79 31 25 69 40 0 9 39 15 54 71 26 60 72 21 28 1 2 45 44 18 62 21 41 78 21 76 27 1 35 71 33 12 74 67 5 78 31
run=11 seed=10 k=80 f=0
14 8 19 7 0 60 35 71 64 67 59 53 48 13 49 63 0 38 40 28 68 25 37 74 7 28 13 40 16 6 52 52 48 0 34 67 0 15 7 72 17 32 45 25 77 79 16 32 60 74 64 6 63 58 21 60 33 45 79 42 20 10 16 18 55 78 0 40 45 74 0 0 78 32 46 27 54 56 25 64
run=12 seed=11 k=80 f=0
62 0 34 43 43 55 17 41 10 70 20 76 7 14 1 9 12 29 3 1 43 70 37 23 47 75 31 18 2 13 37 69 70 62 52 79 69 50 50 0 57 48 76 38 11 29 79 45 33 23 15 24 67 52 58 54 79 22 69 60 29 76 77 6 33 1 12 55 78 41 24 46 18 52 5 71 33 0 61 66
run=13 seed=12 k=80 f=0
0 56 29 52 43 54 4 69 19 24 54 62 0 14 8 24 27 43 46 60 62 48 52 79 38 72 42 17 8 0 28 10 63 63 35 27 70 79 75 7 56 30 69 12 8 77 38 19 51 37 73 79 37 13 1 75 8 76 14 18 4 31 61 6 9 23 36 0 55 40 31 31 70 7 24 66 70 49 0 46
run=14 seed=13 k=80 f=0
9 61 79 41 44 20 32 79 9 10 29 75 22 54 51 79 74 48 47 34 77 72 0 2 21 24 5 14 43 49 24 45 66 3 37 27 59 69 60 20 72 61 9 56 35 54 15 35 52 14 58 1 3 66 27 42 33 64 32 16 33 70 53 12 15 10 76 21 79 2 41 72 30 15 38 32 66 42 10 49
run=15 seed=14 k=80 f=0
44 62 70 42 39 68 48 38 60 1 18 64 0 75 11 65 1 38 24 13 11 30 55 32 9 1 0 4 43 2 32 31 8 22 21 60 79 39 1 36 66 75 44 18 50 7 56 78 25 28 19 57 10 78 15 13 52 79 74 10 35 58 32 2 15 71 52 75 48 49 32 48 27 3 66 79 9 72 47 68
run=16 seed=15 k=80 f=0
53 24 77 42 79 46 34 26 63 0 79 32 64 44 50 18 29 25 19 33 45 41 36 1 0 1 8 32 9 68 14 45 10 18 20 28 39 55 43 73 55 53 68 70 50 10 56 36 76 13 17 51 5 70 57 7 24 64 58 62 5 6 11 76 78 2 61 20 9 0 5 71 41 73 1 71 63 79 46 41
run=17 seed=16 k=80 f=0
43 13 57 32 19 63 12 41 65 48 29 25 41 31 68 2 29 30 28 13 47 63 21 54 11 22 72 72 48 72 54 48 72 77 60 4 21 68 50 37 67 8 69 22 28 0 21 36 1 3 74 79 37 47 67 2 12 72 54 16 39 49 63 6 79 31 12 79 13 63 22 24 58 39 55 34 0 78 46 22
run=18 seed=17 k=80 f=0
25 77 15 42 74 14 65 26 73 34 50 45 59 56 62 15 48 77 41 65 66 41 68 68 5 53 31 30 18 58 18 17 59 78 0 7 75 21 78 21 30 68 37 0 47 34 10 49 0 4 70 9 57 23 25 4 8 37 30 7 22 63 59 5 20 45 33 4 68 35 12 56 54 41 0 53 42 44 77 62
run=19 seed=18 k=80 f=0
38 30 15 47 36 78 7 72 39 44 9 61 42 58 28 63 41 56 58 3 4 55 77 14 8 57 35 45 40 0 60 79 30 21 52 21 35 12 45 2 9 29 67 3 75 31 65 50 72 0 52 78 7 78 21 15 23 56 67 21 68 26 33 41 0 79 67 23 11 33 25 52 45 17 45 77 27 74 22 70
run=20 seed=19 k=80 f=0
9 56 27 42 27 68 20 65 57 4 53 0 9 71 9 0 45 16 15 38 47 36 15 2 51 51 18 73 69 46 3 73 30 11 37 61 66 78 47 77 6 16 31 41 14 0 77 52 44 60 55 11 48 69 60 67 30 73 58 41 62 26 31 36 73 21 79 48 51 26 21 6 58 75 26 35 20 22 6 64
