run=1 seed=0 k=64 f=0
56 53 36 0 48 43 63 2 43 24 12 55 52 7 47 62 47 3 50 26 8 39 39 28 0 27 63 8 20 26 42 51 9 31 1 0 1 24 24 13 15 63 27 35 33 21 48 63 44 56 13 32 13 13 63 16 60 17 6 5 34 13 55 52 38 18 18 7 42 44 62 35 24 53 57 32 54 47 28 20
run=2 seed=1 k=64 f=0
56 53 36 0 48 43 63 2 43 24 12 55 52 7 47 62 47 3 50 26 8 39 39 28 0 27 63 8 20 26 42 51 9 31 1 0 1 24 24 13 15 63 27 35 33 21 48 63 44 56 13 32 13 13 63 16 60 17 6 5 34 13 55 52 38 18 18 7 42 44 62 35 24 53 57 32 54 47 28 20
run=3 seed=2 k=64 f=0
56 12 30 60 60 36 54 34 43 52 9 13 42 9 4 62 31 21 24 29 26 47 38 15 24 18 39 21 26 19 38 51 48 13 3 8 19 51 33 63 59 57 60 29 0 24 0 63 32 47 62 16 54 37 33 6 3 15 10 1 63 52 0 6 41 36 0 15 41 51 0 1 11 32 63 17 25 41 49 55
run=4 seed=3 k=64 f=0
29 4 25 11 18 17 18 26 54 63 15 63 21 39 46 52 11 43 23 36 58 9 44 63 1 0 49 50 22 55 14 8 37 50 56 46 52 29 14 33 32 45 63 9 32 42 34 54 7 33 11 24 43 60 8 28 43 36 19 31 3 33 27 26 6 1 0 63 47 55 63 21 22 6 1 0 1 59 63 41
run=5 seed=4 k=64 f=0
56 13 50 41 19 20 55 51 63 10 28 45 22 35 6 63 40 49 50 33 40 43 31 63 46 32 13 48 55 60 57 3 0 24 4 34 47 11 23 16 58 37 63 27 26 9 34 42 54 19 63 25 4 1 43 4 33 23 9 13 62 4 1 32 15 57 9 22 63 6 30 56 37 23 17 41 54 16 57 33
run=6 seed=5 k=64 f=0
8 23 63 30 54 49 24 18 13 45 32 60 55 15 5 48 43 56 55 2 36 11 36 24 63 44 46 58 38 2 49 25 0 36 0 34 6 40 20 10 7 25 7 41 41 55 45 15 17 18 47 28 31 0 6 31 29 14 57 12 46 4 3 32 44 13 63 40 37 3 63 60 20 12 63 28 63 28 23 18
run=7 seed=6 k=64 f=0
55 8 2 48 43 43 42 0 38 8 44 10 7 24 25 60 6 6 49 5 13 50 33 21 0 11 62 57 20 63 17 30 0 23 30 28 28 59 6 39 60 28 54 35 37 57 7 12 20 63 63 62 26 32 52 33 41 25 20 56 61 27 43 52 38 49 63 20 0 44 0 53 48 41 16 16 16 17 53 47
run=8 seed=7 k=64 f=0
55 35 5 20 19 27 63 45 59 47 35 39 60 37 56 1 44 9 8 40 0 18 27 48 51 29 17 48 62 5 21 8 63 10 30 41 40 28 30 52 57 51 27 34 12 0 54 0 7 47 23 62 0 39 56 41 52 63 8 14 32 59 36 39 22 10 16 50 0 3 15 29 44 32 26 50 13 23 15 6
run=9 seed=8 k=64 f=0
32 28 34 0 60 48 25 56 61 43 46 41 37 16 47 51 22 6 8 6 49 63 15 16 29 19 40 4 23 18 19 19 0 51 10 55 59 45 45 63 21 2 47 41 37 13 5 25 9 10 54 34 55 42 24 41 17 59 47 61 51 58 0 36 37 31 63 29 51 15 2 51 20 35 37 30 0 12 39 44
run=10 seed=9 k=64 f=0
22 40 56 38 33 9 61 33 4 43 63 15 24 22 46 8 57 16 15 58 60 0 33 50 63 26 0 0 38 56 18 45 63 9 28 43 39 15 6 37 34 5 4 36 10 51 42 29 58 0 54 13 25 18 57 28 5 42 48 47 32 58 0 41 56 46 0 13 3 27 48 26 46 39 23 62 63 54 21 46
run=11 seed=10 k=64 f=0
20 0 47 30 60 42 54 9 4 43 23 52 23 11 38 14 9 34 36 17 0 16 0 56 31 14 45 15 4 30 63 56 28 0 49 63 32 40 45 63 21 61 48 49 35 63 39 13 2 60 63 2 10 22 26 7 57 42 37 19 14 24 22 6 6 16 0 36 19 31 53 28 60 45 48 13 32 7 57 39
run=12 seed=11 k=64 f=0
8 43 39 16 10 47 54 39 0 1 62 33 62 63 4 3 50 57 54 23 28 15 42 25 14 29 4 61 44 0 12 49 63 23 19 32 36 45 20 7 11 23 5 39 29 8 46 15 20 47 13 56 55 63 50 35 5 22 27 58 40 20 63 34 42 51 0 34 33 2 27 13 29 48 30 48 44 51 34 0
run=13 seed=12 k=64 f=0
56 58 8 19 19 18 25 17 63 2 8 0 27 55 51 15 42 63 62 46 19 61 63 40 0 31 59 13 62 43 46 24 0 12 49 33 55 36 15 25 6 54 37 26 31 54 2 49 48 60 6 36 5 40 42 21 0 22 6 28 37 4 53 31 23 44 9 36 10 51 56 3 36 24 32 41 63 44 32 4
run=14 seed=13 k=64 f=0
47 59 57 43 26 34 63 58 28 18 9 63 38 42 21 52 27 60 41 40 44 24 20 19 63 0 32 41 42 0 3 1 9 53 12 63 55 28 15 51 49 51 36 26 48 17 34 54 63 35 4 33 13 8 6 14 12 10 38 24 3 5 0 43 29 0 0 51 63 34 0 63 15 44 45 56 0 38 45 20
run=15 seed=14 k=64 f=0
35 0 31 41 49 48 59 27 4 57 0 13 8 27 53 30 8 22 41 33 30 17 16 0 63 11 49 13 46 63 32 12 63 35 44 7 1 34 51 62 33 35 63 55 56 51 8 28 46 0 38 1 40 24 7 47 17 0 25 22 59 39 37 9 21 54 15 21 35 29 0 60 4 48 43 62 17 44 52 23
run=16 seed=15 k=64 f=0
33 60 45 30 57 40 63 34 10 39 18 13 19 30 7 39 42 19 17 48 48 27 10 9 26 20 2 51 1 7 25 26 25 14 13 55 59 43 5 25 32 50 46 48 2 0 53 0 29 57 53 63 12 38 21 39 1 52 33 61 28 29 61 57 45 26 63 59 0 22 11 39 5 52 44 39 47 13 18 35
run=17 seed=16 k=64 f=0
35 9 21 31 18 23 59 63 55 10 21 29 53 0 63 48 43 41 29 28 42 33 61 51 0 48 36 28 9 42 0 1 0 25 36 44 21 29 20 5 5 1 42 16 60 7 15 9 13 1 23 63 33 39 42 55 62 11 53 38 62 4 33 32 57 1 63 43 49 51 35 14 28 18 50 63 24 55 20 15
run=18 seed=17 k=64 f=0
22 25 56 37 13 9 14 60 22 5 0 56 30 52 12 2 55 16 15 5 9 7 32 50 11 28 45 17 11 18 47 14 0 43 36 43 18 0 6 0 23 48 59 36 39 51 26 29 11 1 19 45 5 63 30 54 58 41 17 38 0 58 63 41 56 36 63 31 62 27 37 55 46 40 35 62 21 54 24 7
run=19 seed=18 k=64 f=0
56 0 14 25 26 35 8 12 48 39 63 17 35 53 40 50 0 62 63 19 10 19 35 24 7 54 29 52 36 28 9 40 0 41 60 17 44 53 38 31 53 45 15 42 43 33 52 49 18 2 43 46 63 62 5 61 3 15 55 59 51 4 63 15 30 23 9 6 20 6 1 57 20 26 2 22 11 29 24 38
run=20 seed=19 k=64 f=0
54 24 10 50 63 31 21 11 30 43 24 17 15 2 19 36 0 46 48 40 34 32 8 9 63 0 60 56 30 1 34 3 40 6 25 16 22 30 34 60 5 63 62 23 0 63 55 0 58 58 23 11 40 41 19 14 1 17 43 8 44 58 50 18 26 55 63 17 35 1 42 51 13 2 46 63 51 5 30 41
