run=1 seed=0 k=78 f=0
37 22 11 2 0 18 64 42 23 49 2 15 26 16 30 42 48 10 12 76 59 8 77 4 67 44 35 55 33 27 35 12 77 48 5 68 6 70 21 65 50 63 3 54 77 33 19 30 37 54 8 23 13 73 29 72 50 10 58 49 75 72 19 62 60 17 45 66 37 42 1 51 0 61 56 73 74 25 33 14
run=2 seed=1 k=78 f=0
37 22 11 2 0 18 64 42 23 49 2 15 26 16 30 42 48 10 12 76 59 8 77 4 67 44 35 55 33 27 35 12 77 48 5 68 6 70 21 65 50 63 3 54 77 33 19 30 37 54 8 23 13 73 29 72 50 10 58 49 75 72 19 62 60 17 45 66 37 42 1 51 0 61 56 73 74 25 33 14
run=3 seed=2 k=78 f=0
33 1 32 65 74 0 71 56 7 65 27 75 68 45 77 22 19 77 39 62 62 44 77 26 0 55 73 44 18 9 76 48 17 36 35 72 46 58 55 71 65 65 18 7 64 17 0 61 35 43 52 53 37 25 24 53 8 10 26 5 36 56 56 43 10 21 49 38 14 46 1 21 68 41 77 25 5 42 65 60
run=4 seed=3 k=78 f=0
8 1 13 3 70 20 18 10 43 58 70 4 28 37 22 15 12 54 14 75 43 0 4 1 50 35 17 35 46 51 76 52 70 74 44 40 73 64 76 66 58 34 70 62 28 60 39 48 38 63 14 29 19 50 12 65 54 69 74 22 40 75 35 38 25 5 31 32 4 52 45 0 43 23 28 67 20 24 59 54
run=5 seed=4 k=78 f=0
7 23 23 14 73 41 8 1 74 35 10 60 73 21 32 59 15 77 1 53 17 39 72 62 4 2 32 34 76 48 70 17 25 29 55 74 48 37 44 0 67 17 60 33 14 59 20 53 59 66 33 28 4 51 48 4 24 38 33 6 72 1 51 10 36 5 16 40 67 20 11 64 46 22 67 55 10 67 24 44
run=6 seed=5 k=78 f=0
72 68 56 44 44 40 62 15 36 55 40 20 72 66 4 61 64 47 46 47 37 49 32 9 77 14 24 30 70 0 11 57 59 20 74 26 20 33 65 0 54 62 5 33 77 28 8 18 64 32 26 36 18 72 7 36 55 41 53 53 48 23 22 67 77 46 0 4 27 6 16 66 13 39 77 38 16 53 7 51
run=7 seed=6 k=78 f=0
48 45 46 35 1 9 54 27 22 34 71 67 33 53 63 8 0 71 19 10 15 34 40 77 30 10 2 22 40 45 77 52 56 3 7 33 64 20 62 76 5 6 31 25 9 62 77 41 57 26 0 46 60 70 70 61 8 56 61 56 34 52 21 30 70 54 0 41 25 13 45 32 61 17 17 76 16 16 70 36
run=8 seed=7 k=78 f=0
42 51 70 31 77 35 75 5 0 66 77 52 74 55 43 57 0 50 17 34 32 27 36 26 6 54 26 42 64 18 9 46 9 50 72 53 9 66 68 10 31 40 3 72 62 13 36 61 35 4 7 48 30 63 5 67 55 50 18 29 4 15 25 77 77 19 0 20 35 36 57 67 30 43 57 0 22 20 63 57
run=9 seed=8 k=78 f=0
41 54 58 71 51 13 28 43 24 69 31 77 29 13 9 74 12 6 35 0 55 16 1 0 64 0 69 37 49 69 13 12 77 37 22 62 1 41 7 77 22 61 19 55 5 64 53 48 71 20 37 6 46 46 32 47 20 50 57 19 71 67 27 60 70 65 27 77 43 30 13 51 34 42 4 44 61 20 40 67
run=10 seed=9 k=78 f=0
72 8 72 7 2 40 50 41 46 66 16 25 28 49 43 11 69 30 46 67 15 10 1 8 76 27 36 47 62 55 22 77 64 21 55 16 68 55 30 5 37 5 55 0 61 0 69 24 19 15 11 16 72 37 31 76 37 18 49 72 48 18 60 76 77 75 54 57 74 41 63 6 46 65 28 0 25 36 28 37
run=11 seed=10 k=78 f=0
38 18 50 77 59 30 45 51 0 5 24 5 72 39 33 69 54 14 18 18 66 16 7 52 34 62 58 47 40 66 27 8 75 28 75 9 18 55 47 44 39 30 37 23 69 37 58 61 0 15 11 66 53 7 23 3 41 77 61 56 70 5 16 41 68 26 0 30 31 33 60 42 47 53 75 25 17 56 25 6
run=12 seed=11 k=78 f=0
47 26 31 7 2 39 13 59 65 49 8 35 68 16 0 0 3 74 31 54 33 67 39 1 65 48 28 63 16 29 77 16 67 35 22 77 25 76 18 58 5 49 60 56 44 43 21 23 39 71 2 9 69 56 34 6 47 52 28 66 25 28 77 50 53 55 12 0 67 58 25 73 18 10 77 43 77 35 15 38
run=13 seed=12 k=78 f=0
45 2 20 50 43 68 41 48 61 54 65 31 1 22 10 76 48 51 56 40 22 34 55 28 41 76 29 64 7 73 36 20 37 57 16 0 44 57 65 59 42 42 73 61 57 27 15 77 36 30 14 33 13 67 69 52 66 20 67 77 51 4 31 12 11 75 18 10 5 24 19 77 24 14 2 50 77 11 6 25
run=14 seed=13 k=78 f=0
12 59 25 1 10 4 74 29 10 65 14 7 42 20 53 0 46 18 47 74 29 22 64 57 15 16 45 6 24 56 75 57 34 62 29 75 1 25 1 38 8 71 68 42 35 51 36 66 74 33 15 53 51 43 43 48 10 32 23 44 19 49 55 77 17 54 25 20 1 65 60 34 72 57 5 32 74 61 77 67
run=15 seed=14 k=78 f=0
28 20 9 41 2 50 29 43 33 71 6 46 57 54 62 65 20 74 0 0 2 55 75 19 1 71 28 76 76 33 34 52 59 75 65 77 75 65 10 5 53 17 51 6 11 63 0 68 9 19 21 39 40 49 45 8 34 9 60 29 3 34 53 11 33 25 39 15 28 66 26 73 15 27 23 41 14 46 31 50
run=16 seed=15 k=78 f=0
24 2 77 17 74 1 70 52 8 53 67 28 56 36 64 0 67 18 62 25 1 44 15 70 39 44 76 51 74 60 41 45 44 24 0 15 10 23 37 77 22 36 74 8 18 0 33 31 32 35 39 25 58 55 44 9 72 47 57 7 53 49 30 38 76 47 54 36 61 47 3 62 61 77 13 69 9 75 6 33
run=17 seed=16 k=78 f=0
23 11 65 40 0 10 23 0 51 72 21 11 5 45 54 42 39 17 16 33 77 38 20 77 0 29 67 47 47 55 76 9 1 5 17 60 71 51 7 66 49 28 55 34 24 60 47 41 26 77 18 29 61 14 35 69 42 77 49 64 57 27 62 51 29 56 68 73 53 75 68 42 57 7 77 35 8 49 12 59
run=18 seed=17 k=78 f=0
65 1 53 22 17 0 42 50 30 77 25 53 47 67 11 74 77 43 6 3 38 65 30 32 19 67 73 10 42 3 36 42 77 12 46 46 68 4 21 21 54 71 48 25 23 58 75 58 13 35 0 1 76 1 52 57 31 43 68 12 32 7 61 71 70 57 15 16 33 60 37 64 53 35 36 76 58 37 7 64
run=19 seed=18 k=78 f=0
1 19 13 55 0 38 19 23 0 21 4 47 50 52 76 17 34 63 77 61 73 69 50 27 66 26 52 29 72 59 42 41 69 42 46 59 26 35 35 4 2 39 32 52 63 32 51 18 60 36 2 61 11 6 36 77 15 25 41 19 12 77 8 47 45 57 9 71 13 66 25 9 43 35 13 12 70 31 76 54
run=20 seed=19 k=78 f=0
7 14 52 71 29 38 28 75 2 52 12 34 64 18 37 0 70 23 20 60 5 51 62 0 38 61 32 50 55 60 37 47 29 65 11 52 44 32 41 0 8 68 44 45 3 19 6 77 72 8 22 77 56 42 44 24 13 29 24 46 22 52 8 10 70 53 64 26 35 62 27 70 72 17 37 1 64 16 53 58
