run=1 seed=0 k=67 f=0
21 37 13 50 21 14 0 63 58 60 53 32 2 31 4 63 58 7 27 15 56 36 0 56 18 41 47 10 0 13 59 0 1 18 66 49 20 63 60 4 17 21 46 42 1 8 27 35 44 28 18 39 52 66 45 4 30 48 30 49 66 26 37 47 8 40 66 33 52 13 54 24 52 39 44 40 15 30 10 25
run=2 seed=1 k=67 f=0
21 37 13 50 21 14 0 63 58 60 53 32 2 31 4 63 58 7 27 15 56 36 0 56 18 41 47 10 0 13 59 0 1 18 66 49 20 63 60 4 17 21 46 42 1 8 27 35 44 28 18 39 52 66 45 4 30 48 30 49 66 26 37 47 8 40 66 33 52 13 54 24 52 39 44 40 15 30 10 25
run=3 seed=2 k=67 f=0
7 5 41 1 46 14 9 66 52 10 6 35 54 22 22 1 60 45 21 35 44 0 34 51 66 32 61 25 49 13 14 44 39 28 0 58 34 66 45 29 9 21 21 28 59 19 37 0 41 49 26 40 40 63 33 53 15 24 16 1 56 35 43 23 31 7 66 26 55 13 0 12 55 20 57 63 66 18 7 49
run=4 seed=3 k=67 f=0
14 64 9 0 0 21 57 53 16 14 65 60 58 57 53 53 58 7 8 28 4 18 21 30 0 30 36 7 49 1 32 4 0 46 51 51 22 0 25 3 18 30 40 66 24 38 27 59 29 19 20 65 55 66 44 51 39 46 41 12 54 38 10 49 36 64 43 59 26 3 65 45 26 46 10 43 36 34 30 18
run=5 seed=4 k=67 f=0
49 61 39 0 57 18 9 30 25 10 53 48 1 41 7 15 46 63 12 36 40 46 25 29 40 52 20 4 24 65 39 45 57 57 62 66 25 65 33 35 42 40 27 7 49 17 37 0 32 31 36 20 10 66 31 20 15 1 6 13 62 53 66 46 23 54 39 7 51 2 51 60 33 0 3 59 0 22 57 27
run=6 seed=5 k=67 f=0
17 24 1 27 34 39 18 11 62 0 58 22 41 59 20 65 50 1 0 53 27 1 12 53 42 41 41 39 4 51 7 31 66 37 66 46 14 23 36 28 20 38 44 31 15 46 66 24 50 55 66 10 59 8 51 32 1 34 59 46 66 13 22 60 59 62 8 21 19 53 6 4 49 36 25 28 44 58 3 57
run=7 seed=6 k=67 f=0
31 18 28 49 66 47 57 1 38 39 23 45 54 10 60 44 53 37 25 46 11 41 13 56 59 13 62 42 65 16 27 11 66 32 60 40 1 63 60 32 50 36 6 10 35 65 8 17 38 3 6 0 61 21 54 66 19 27 66 27 9 62 2 28 7 31 0 55 22 19 14 29 23 5 51 34 47 52 38 12
run=8 seed=7 k=67 f=0
58 60 56 45 12 38 35 6 11 49 66 12 47 33 16 1 66 28 13 1 8 50 59 0 37 66 23 47 45 31 2 49 50 17 27 31 2 55 4 15 63 57 24 8 39 26 60 22 26 29 65 42 30 0 66 11 15 29 22 0 63 54 50 15 43 40 66 33 57 53 36 60 45 64 42 22 5 17 9 35
run=9 seed=8 k=67 f=0
37 51 0 56 13 11 64 32 37 56 60 29 15 66 47 58 61 43 45 52 59 53 10 0 34 25 41 64 6 41 23 20 21 7 31 58 66 5 15 51 36 19 41 51 2 46 24 30 56 34 38 41 35 16 47 15 23 0 18 45 52 25 47 56 6 0 66 11 1 0 26 65 16 3 0 64 22 7 25 9
run=10 seed=9 k=67 f=0
38 53 45 16 66 45 64 50 6 30 0 54 52 39 61 33 36 60 58 40 64 41 56 7 46 0 32 40 37 59 29 61 30 26 23 0 14 36 48 51 39 6 12 52 4 34 10 66 61 31 8 60 22 55 47 1 24 66 10 25 30 0 18 23 23 42 17 24 1 15 4 15 11 22 19 66 14 24 0 8
run=11 seed=10 k=67 f=0
28 66 49 38 23 41 44 23 28 0 38 30 29 38 11 23 0 51 34 4 20 31 14 21 56 61 32 40 7 13 11 48 57 18 7 48 12 44 0 18 26 64 34 12 49 66 53 5 66 23 15 50 0 6 14 60 2 31 38 46 51 61 47 32 15 58 66 14 30 61 53 60 0 7 0 41 64 37 66 57
run=12 seed=11 k=67 f=0
14 44 40 31 26 47 0 39 16 57 20 43 64 66 2 59 63 37 8 45 10 66 17 58 33 63 64 35 0 49 60 0 31 44 49 40 40 17 62 31 25 61 28 66 8 8 57 0 56 54 52 20 52 23 0 19 3 41 55 27 6 27 1 11 52 28 22 54 40 20 1 26 6 12 29 33 6 52 25 13
run=13 seed=12 k=67 f=0
7 56 9 0 37 14 44 20 25 55 29 1 43 25 39 16 11 1 0 3 4 1 41 31 4 19 11 4 35 10 26 44 41 15 32 58 30 66 27 1 46 64 48 23 66 62 52 50 56 50 22 62 15 32 9 33 17 49 57 47 58 45 28 60 19 52 66 55 47 12 7 66 55 32 38 63 17 35 66 41
run=14 seed=13 k=67 f=0
57 22 37 8 19 15 18 22 44 56 40 7 34 43 15 51 43 43 8 11 20 11 65 33 37 54 34 57 16 2 43 1 49 31 35 40 1 59 18 51 54 64 65 66 32 66 48 24 26 26 66 6 9 0 0 36 49 0 11 55 50 6 18 60 63 40 0 27 64 31 2 62 29 14 57 46 25 11 57 15
run=15 seed=14 k=67 f=0
8 65 34 21 43 52 27 65 56 8 24 62 47 23 44 3 49 23 24 14 64 17 57 32 28 11 60 36 50 31 45 2 16 60 66 39 2 24 55 0 9 4 4 59 10 48 8 66 66 65 29 15 55 0 60 53 15 41 35 38 22 12 19 43 47 54 0 29 31 13 33 37 36 44 40 0 54 47 10 25
run=16 seed=15 k=67 f=0
7 27 53 63 54 54 23 5 19 65 25 62 59 45 13 1 29 41 13 10 16 16 46 25 23 44 49 9 13 57 52 59 35 40 59 44 36 11 29 50 5 46 35 18 61 32 49 0 24 0 20 17 46 8 23 0 51 56 12 37 26 30 37 10 59 43 66 0 4 1 66 40 60 54 66 50 34 50 66 41
run=17 seed=16 k=67 f=0
7 19 26 55 59 0 49 24 66 9 53 27 56 48 62 1 57 51 13 58 8 17 33 32 66 17 46 52 47 1 40 12 66 9 66 25 28 46 50 28 4 11 55 18 32 32 60 57 10 43 14 1 66 0 24 66 19 11 6 57 63 62 22 10 38 39 44 39 38 0 30 1 28 8 43 64 18 36 47 8
run=18 seed=17 k=67 f=0
43 12 55 6 50 8 42 23 38 5 45 29 62 35 46 14 48 23 49 0 56 8 56 57 29 28 65 55 61 66 40 30 17 0 14 26 3 36 11 0 39 17 61 0 1 15 33 66 49 19 0 42 23 65 66 47 25 21 37 38 2 39 66 46 3 46 34 50 26 55 31 11 50 64 57 19 59 61 8 33
run=19 seed=18 k=67 f=0
8 25 14 2 21 38 19 23 38 35 1 49 11 62 62 37 33 28 14 58 5 51 11 66 25 31 34 48 58 15 36 49 56 10 6 31 30 62 62 52 6 36 66 45 10 66 33 22 46 46 27 27 53 57 0 60 21 0 66 19 30 52 56 11 48 38 0 28 15 2 23 13 61 1 43 37 43 17 46 64
run=20 seed=19 k=67 f=0
57 34 2 53 15 27 59 9 64 61 22 18 42 29 17 20 59 37 34 45 48 66 28 50 66 31 55 47 39 55 11 29 0 14 21 43 23 52 23 34 59 28 4 11 25 36 47 18 30 42 56 53 63 23 39 40 10 51 16 48 0 61 4 6 7 33 66 16 0 64 16 3 46 1 0 1 9 31 40 66
