run=1 seed=0 k=63 f=0
53 32 61 12 61 40 43 14 47 40 41 36 22 52 26 59 62 6 47 21 51 35 9 16 0 2 55 41 18 23 9 0 0 52 34 9 38 8 20 45 56 0 62 32 0 28 3 25 47 37 3 11 17 20 27 16 60 38 52 51 11 49 27 56 35 13 62 36 20 60 14 9 20 37 62 41 2 44 17 54
run=2 seed=1 k=63 f=0
53 32 61 12 61 40 43 14 47 40 41 36 22 52 26 59 62 6 47 21 51 35 9 16 0 2 55 41 18 23 9 0 0 52 34 9 38 8 20 45 56 0 62 32 0 28 3 25 47 37 3 11 17 20 27 16 60 38 52 51 11 49 27 56 35 13 62 36 20 60 14 9 20 37 62 41 2 44 17 54
run=3 seed=2 k=63 f=0
19 11 30 43 35 32 37 16 61 7 35 21 38 21 1 14 8 6 25 40 29 47 31 47 0 10 57 19 54 62 29 6 0 56 0 54 60 10 6 38 16 42 22 40 43 0 9 12 24 51 0 14 0 20 62 2 46 62 52 11 50 23 21 56 37 20 62 49 29 31 59 30 51 37 26 49 47 28 45 58
run=4 seed=3 k=63 f=0
8 0 33 20 62 53 6 53 41 30 8 61 8 43 44 59 62 15 14 23 62 62 51 31 12 0 31 57 26 0 21 1 0 37 37 38 38 30 56 10 5 43 44 45 50 28 46 22 18 12 0 0 29 56 6 11 53 20 30 12 35 4 2 40 48 25 62 13 53 20 25 60 35 25 17 33 20 27 42 28
run=5 seed=4 k=63 f=0
33 50 39 48 57 12 54 50 28 48 0 29 21 9 56 28 24 41 39 44 50 30 44 47 60 1 32 34 41 19 59 58 0 5 62 54 12 45 15 53 31 57 12 19 24 14 62 26 57 11 13 41 39 22 0 44 30 1 8 4 21 4 35 56 7 4 62 7 17 47 0 20 51 16 38 62 30 8 15 4
run=6 seed=5 k=63 f=0
36 12 43 26 32 48 48 14 2 8 39 22 19 47 5 15 7 22 42 47 54 0 0 12 27 57 60 24 47 31 34 32 28 8 14 19 5 50 51 28 34 5 40 55 2 62 22 62 62 15 34 56 52 34 62 59 29 59 21 62 40 32 49 39 6 45 0 19 39 12 25 9 43 61 54 0 0 8 36 45
run=7 seed=6 k=63 f=0
54 1 8 40 4 33 1 17 28 32 8 62 53 60 33 34 31 41 39 47 3 34 61 12 1 21 24 14 26 55 27 36 62 12 54 19 9 34 30 0 52 1 55 26 37 60 24 47 62 56 19 25 62 48 48 47 43 51 46 51 19 58 23 21 6 29 0 3 11 11 23 56 16 9 42 0 41 8 13 62
run=8 seed=7 k=63 f=0
55 19 40 29 38 37 35 27 58 0 38 33 6 10 3 60 56 6 49 13 25 20 47 28 9 49 62 46 52 61 59 48 0 53 33 21 17 38 40 5 57 15 27 44 8 0 44 62 29 21 21 62 33 13 24 3 58 0 25 5 26 51 18 19 7 49 13 22 51 61 0 4 24 37 8 14 18 32 39 12
run=9 seed=8 k=63 f=0
8 1 40 17 22 51 23 37 28 30 62 46 43 11 10 48 53 41 14 44 56 16 38 35 0 1 11 9 29 0 57 20 0 32 2 44 9 18 31 19 5 54 39 19 16 53 44 26 58 48 14 47 45 61 54 50 30 14 7 4 40 4 23 11 56 1 62 4 38 22 37 57 31 14 8 50 60 55 62 29
run=10 seed=9 k=63 f=0
35 23 62 2 56 11 19 15 23 34 45 20 15 9 13 14 54 21 41 61 32 8 38 62 0 33 53 7 4 62 54 31 27 28 16 18 47 7 58 4 33 53 33 46 41 56 37 53 24 53 42 26 62 44 0 47 56 62 46 34 43 31 21 39 6 0 0 40 62 11 49 6 58 50 0 0 42 7 30 35
run=11 seed=10 k=63 f=0
16 21 49 40 18 29 11 26 62 62 13 20 42 53 8 11 15 22 23 31 4 19 22 50 31 21 50 12 55 62 0 6 0 1 37 43 12 24 32 27 14 32 33 36 61 54 36 9 58 57 62 46 43 29 31 28 34 40 54 0 49 4 0 41 56 53 62 18 9 8 2 41 46 39 46 49 0 55 62 56
run=12 seed=11 k=63 f=0
38 27 60 27 31 51 13 62 42 46 49 21 31 16 38 32 56 44 45 55 46 22 0 10 62 6 37 15 10 40 62 24 0 0 2 17 39 23 6 11 24 1 50 24 4 34 55 31 2 19 52 37 40 48 54 33 14 8 48 45 14 5 40 19 56 61 62 3 24 30 37 14 14 21 7 62 62 55 25 44
run=13 seed=12 k=63 f=0
33 9 8 17 31 45 46 41 59 11 30 24 38 55 32 12 53 19 39 35 4 62 0 9 60 52 54 56 36 52 39 6 25 35 62 16 51 29 48 4 31 13 53 52 21 0 10 0 6 62 52 25 61 26 0 2 60 23 18 62 0 29 35 36 56 24 62 48 47 9 21 22 40 47 19 0 38 5 44 16
run=14 seed=13 k=63 f=0
24 1 2 45 50 11 62 41 11 23 21 52 54 62 31 30 27 18 17 1 31 9 10 52 21 55 15 43 5 58 13 34 62 17 55 45 20 36 56 46 36 15 49 38 60 28 0 31 62 22 22 11 37 37 31 33 1 57 62 29 46 58 0 43 6 48 0 59 1 11 27 46 48 42 50 0 37 7 40 20
run=15 seed=14 k=63 f=0
8 2 61 11 7 21 5 61 0 50 22 48 25 24 25 24 21 31 14 41 40 14 10 46 59 51 9 27 15 1 59 31 0 55 44 28 15 5 42 55 5 31 31 53 38 46 28 37 38 35 54 35 52 20 62 44 47 1 30 6 57 4 37 11 56 58 62 17 1 21 49 52 42 15 37 33 16 17 49 10
run=16 seed=15 k=63 f=0
25 45 27 50 7 12 62 15 41 15 0 21 45 57 58 31 28 19 18 62 58 23 57 47 22 16 49 55 6 37 27 8 0 10 37 54 52 28 43 62 26 29 33 39 62 32 45 32 12 36 32 50 21 1 31 2 3 47 42 61 54 4 1 56 7 19 62 20 23 12 62 28 51 11 55 1 0 8 12 17
run=17 seed=16 k=63 f=0
55 22 47 12 0 20 30 26 34 53 1 49 49 9 37 61 30 48 49 62 8 51 11 41 0 24 38 6 21 34 31 48 0 62 46 34 62 0 23 3 58 60 2 27 13 42 8 62 20 55 12 36 57 0 28 43 32 51 56 38 10 4 21 32 15 55 9 21 21 5 29 11 37 23 17 43 62 16 41 54
run=18 seed=17 k=63 f=0
55 48 11 43 40 20 60 56 51 31 1 59 12 17 56 61 58 47 49 15 19 13 43 41 52 1 26 29 33 39 38 37 0 5 50 34 38 62 23 37 57 50 9 27 2 22 47 62 47 27 52 24 56 35 62 21 3 0 5 15 37 4 22 32 15 56 9 62 9 6 1 6 37 24 30 42 0 16 31 15
run=19 seed=18 k=63 f=0
7 0 25 58 60 36 36 54 12 51 39 58 24 28 34 1 29 21 24 22 30 62 37 62 18 0 48 15 9 19 31 61 15 8 21 55 40 10 33 56 8 31 12 29 54 46 28 0 32 43 1 35 25 18 43 44 51 10 45 49 24 11 52 53 41 59 47 32 12 19 49 5 58 32 0 62 1 40 62 47
run=20 seed=19 k=63 f=0
55 54 61 50 40 26 27 15 10 62 61 52 44 22 2 61 9 41 38 20 54 8 16 15 0 21 6 33 42 23 42 29 47 57 45 8 11 60 29 36 57 0 0 33 16 1 35 62 30 34 17 0 25 42 7 62 22 29 24 33 6 51 42 6 21 34 0 38 54 61 12 56 11 30 47 3 14 21 55 20
