run=1 seed=0 k=71 f=0
0 65 4 26 41 59 14 39 67 69 10 21 43 19 39 54 69 8 6 59 20 21 27 70 3 57 32 5 44 70 49 46 43 63 25 52 50 11 25 45 36 4 27 21 16 52 0 14 30 48 7 11 0 34 60 37 0 42 36 35 51 47 61 26 64 67 32 17 1 59 18 2 38 69 29 70 54 66 17 34
run=2 seed=1 k=71 f=0
0 65 4 26 41 59 14 39 67 69 10 21 43 19 39 54 69 8 6 59 20 21 27 70 3 57 32 5 44 70 49 46 43 63 25 52 50 11 25 45 36 4 27 21 16 52 0 14 30 48 7 11 0 34 60 37 0 42 36 35 51 47 61 26 64 67 32 17 1 59 18 2 38 69 29 70 54 66 17 34
run=3 seed=2 k=71 f=0
35 7 69 57 51 42 3 14 19 43 0 53 42 20 49 59 51 69 70 39 24 58 32 53 41 12 47 22 38 22 53 61 27 43 58 10 0 64 45 26 36 8 29 3 67 34 67 18 32 37 10 68 36 26 3 37 16 70 7 66 14 23 22 8 0 69 62 9 12 30 59 26 13 47 50 17 35 49 0 44
run=4 seed=3 k=71 f=0
13 59 47 70 19 6 41 68 29 64 55 49 17 30 36 66 69 31 28 21 43 0 36 46 17 61 11 31 26 17 44 48 70 51 0 53 28 47 42 22 1 41 23 22 70 9 25 37 6 5 58 53 12 18 47 8 63 49 58 4 57 53 5 16 18 0 61 0 9 65 70 38 42 7 35 10 41 0 28 15
run=5 seed=4 k=71 f=0
0 45 22 64 21 36 56 61 15 48 41 12 24 61 50 69 39 52 56 50 49 20 48 21 20 32 22 25 21 52 66 68 46 70 70 28 8 16 65 55 2 67 6 61 58 3 11 70 55 9 3 9 0 40 40 1 66 58 26 58 48 14 11 3 15 36 9 36 30 35 40 8 31 42 28 48 0 40 2 17
run=6 seed=5 k=71 f=0
57 40 21 10 4 9 27 45 50 39 1 48 31 55 67 28 53 19 17 13 24 8 6 34 46 1 33 8 63 37 22 22 25 16 45 48 55 66 6 0 30 15 50 41 70 62 54 69 47 44 18 29 13 36 19 0 12 70 62 25 42 49 35 60 62 4 0 40 66 70 0 57 64 1 70 43 13 13 21 60
run=7 seed=6 k=71 f=0
52 65 5 65 11 40 29 9 37 20 70 65 40 65 40 57 0 64 46 17 6 20 10 31 23 56 2 22 47 35 13 54 70 52 56 61 47 2 37 14 55 27 39 0 32 0 43 8 19 23 55 27 6 12 49 5 68 40 47 2 55 26 65 55 15 22 21 26 38 10 70 64 45 70 61 28 5 14 31 45
run=8 seed=7 k=71 f=0
49 39 39 51 3 9 4 25 68 70 6 41 49 56 27 1 21 22 64 1 11 53 9 56 39 11 63 53 61 36 9 32 0 31 46 19 2 35 6 0 33 69 62 69 69 60 44 28 70 65 31 36 25 22 18 20 19 31 60 2 25 33 53 45 44 60 38 19 9 55 0 50 60 47 15 14 27 13 69 62
run=9 seed=8 k=71 f=0
14 11 34 12 62 27 53 62 47 52 7 12 10 41 25 58 63 70 69 25 49 13 70 7 10 59 69 53 35 47 37 16 52 21 16 0 35 58 30 46 13 22 58 34 0 0 30 41 67 4 18 34 48 67 28 68 24 30 21 3 56 1 0 17 22 1 61 56 6 63 42 34 21 48 39 50 68 46 39 24
run=10 seed=9 k=71 f=0
39 41 28 54 60 12 60 0 42 51 58 41 28 13 62 46 9 63 18 6 5 40 2 50 70 16 38 17 70 20 70 24 0 48 0 60 46 58 46 20 38 51 10 23 24 33 70 30 20 37 0 66 2 4 36 3 12 28 55 26 66 35 38 42 7 53 70 63 43 33 69 51 7 25 11 55 30 54 62 53
run=11 seed=10 k=71 f=0
26 10 43 30 2 38 36 44 57 21 9 38 68 70 0 32 22 56 32 4 42 24 59 0 12 11 19 47 15 70 19 68 50 5 29 9 30 15 57 44 70 2 57 70 67 17 52 62 37 51 8 63 29 69 36 32 3 51 36 24 30 22 68 30 43 56 17 38 54 66 51 28 4 47 62 19 13 44 0 5
run=12 seed=11 k=71 f=0
70 57 58 0 37 7 35 31 39 62 55 49 27 11 33 30 11 49 50 50 50 1 18 17 60 9 4 8 19 70 66 62 58 51 43 34 56 38 13 54 0 62 28 0 15 21 10 26 68 46 43 19 47 69 1 18 11 41 36 36 31 63 50 36 65 33 42 13 28 4 21 26 13 55 44 59 70 21 0 34
run=13 seed=12 k=71 f=0
27 39 15 70 70 37 64 48 59 28 38 63 61 59 6 56 41 21 44 43 32 32 48 9 34 28 0 8 1 69 29 13 0 55 34 16 69 21 58 52 23 13 68 70 50 2 10 63 30 49 26 21 15 41 43 17 53 23 69 34 6 31 0 46 32 42 52 32 12 49 12 66 5 67 23 69 2 41 62 67
run=14 seed=13 k=71 f=0
70 27 69 15 58 59 29 57 33 68 14 60 68 48 60 21 47 52 17 52 43 64 10 0 57 1 39 2 42 37 12 70 34 9 15 49 26 52 4 62 43 69 60 42 42 47 0 9 40 51 2 28 69 39 34 52 8 29 0 51 20 66 38 19 64 17 25 5 6 28 23 19 4 32 23 56 40 14 69 55
run=15 seed=14 k=71 f=0
70 16 3 32 67 46 21 42 48 3 0 67 28 33 61 7 3 64 63 70 46 35 29 13 55 42 34 51 24 57 28 18 22 52 10 6 38 61 49 70 27 48 44 38 2 62 12 31 20 11 40 26 60 70 20 68 70 21 15 15 6 26 65 2 41 4 55 8 43 33 11 57 17 50 27 1 55 0 45 35
run=16 seed=15 k=71 f=0
8 7 14 34 34 55 40 16 26 6 36 31 0 61 23 26 33 70 14 70 64 0 68 44 42 57 0 26 46 26 68 43 0 21 0 30 40 32 70 11 5 62 34 37 41 65 9 64 57 0 53 21 20 49 49 48 9 53 58 5 21 14 7 28 50 48 22 52 40 40 25 9 49 0 56 61 70 59 17 56
run=17 seed=16 k=71 f=0
29 2 2 62 56 37 28 35 15 69 10 5 14 20 24 36 20 63 43 1 22 0 11 0 60 36 60 70 42 61 19 23 21 56 13 7 31 63 52 53 13 23 63 48 50 47 20 57 53 70 59 62 10 9 28 39 40 70 40 32 38 25 28 11 64 5 70 54 44 18 35 42 4 54 70 27 4 15 0 36
run=18 seed=17 k=71 f=0
63 23 11 67 60 50 16 43 22 51 18 29 22 10 58 46 30 18 57 1 61 69 70 25 22 30 38 65 56 51 39 50 11 59 0 43 45 54 19 15 65 2 4 0 14 35 26 70 0 49 65 36 50 0 43 32 35 4 53 40 67 58 39 41 4 5 35 61 69 50 33 70 29 3 8 10 24 54 61 55
run=19 seed=18 k=71 f=0
8 24 20 69 48 58 0 49 27 23 70 65 64 39 52 17 14 37 51 55 36 22 53 15 70 9 19 41 45 4 5 0 69 54 55 42 18 55 61 44 3 55 33 24 59 15 31 31 9 30 5 32 16 38 10 14 44 0 7 18 40 52 36 45 21 1 0 44 2 29 37 34 63 43 61 13 64 48 27 70
run=20 seed=19 k=71 f=0
26 30 0 29 22 10 43 36 61 53 10 56 45 44 65 61 58 0 1 69 36 58 29 19 51 10 22 69 43 17 20 43 34 66 7 62 17 7 40 25 29 69 14 45 42 51 4 70 63 37 0 35 64 18 0 47 53 38 69 22 49 30 0 40 48 66 54 15 16 10 17 3 15 21 27 67 63 6 19 51
