run=1 seed=0 k=65 f=0
42 24 13 64 60 30 8 53 47 28 10 14 7 44 33 64 29 6 36 39 57 16 0 64 18 24 3 40 23 45 49 17 0 58 22 9 36 53 60 13 53 61 64 56 33 0 25 49 24 50 63 2 14 39 8 1 15 39 46 39 50 22 9 39 25 45 17 30 36 31 0 62 35 52 34 18 54 26 57 64
run=2 seed=1 k=65 f=0
42 24 13 64 60 30 8 53 47 28 10 14 7 44 33 64 29 6 36 39 57 16 0 64 18 24 3 40 23 45 49 17 0 58 22 9 36 53 60 13 53 61 64 56 33 0 25 49 24 50 63 2 14 39 8 1 15 39 46 39 50 22 9 39 25 45 17 30 36 31 0 62 35 52 34 18 54 26 57 64
run=3 seed=2 k=65 f=0
20 0 63 9 20 7 58 12 21 29 26 38 48 55 47 26 54 14 13 60 23 50 38 55 11 36 17 30 8 0 39 49 64 17 61 48 57 10 4 34 59 19 63 0 57 42 34 27 34 1 16 48 11 27 42 23 1 46 5 62 26 47 64 34 34 37 40 1 0 55 20 37 59 3 64 28 14 33 20 8
run=4 seed=3 k=65 f=0
9 64 19 6 14 47 0 57 44 37 4 0 15 57 63 64 34 57 15 52 61 32 45 36 1 53 10 53 11 41 26 35 63 49 19 54 0 23 32 50 6 27 14 20 35 13 64 27 53 28 29 64 5 38 0 8 37 54 59 53 64 5 23 12 42 48 0 26 29 23 64 62 32 38 21 48 8 41 14 41
run=5 seed=4 k=65 f=0
17 23 14 2 8 33 19 51 46 37 14 2 23 64 62 64 8 43 40 58 17 8 32 64 14 31 7 63 55 24 5 38 0 56 45 57 4 63 30 56 6 37 43 26 14 64 32 49 37 50 8 29 37 40 52 48 54 0 40 64 59 4 48 20 22 31 9 21 2 47 52 29 54 24 0 15 19 37 24 36
run=6 seed=5 k=65 f=0
41 48 34 43 17 19 2 64 27 25 12 61 2 52 54 35 38 61 47 40 9 44 45 55 21 21 48 8 43 28 39 57 9 59 31 64 20 28 15 20 4 53 63 27 24 51 20 34 13 64 18 62 57 13 42 14 48 58 53 5 35 5 9 45 24 33 0 0 11 29 53 18 14 51 36 39 2 50 0 55
run=7 seed=6 k=65 f=0
55 1 37 64 40 42 49 53 44 10 64 0 2 63 27 27 23 49 48 26 33 36 10 13 45 1 6 49 37 45 31 35 64 28 4 20 27 64 39 43 59 8 9 35 16 8 0 28 42 56 59 17 63 16 25 58 10 58 63 18 33 59 0 6 6 54 0 58 54 27 33 17 17 3 21 13 34 7 37 61
run=8 seed=7 k=65 f=0
57 64 64 48 15 32 31 51 0 55 26 5 64 24 39 52 48 64 63 31 57 3 64 23 0 14 46 21 59 35 12 58 41 21 0 16 22 45 35 11 28 20 0 9 28 40 12 50 13 3 17 42 56 56 6 55 4 14 56 48 63 45 40 14 6 32 0 19 33 24 56 9 19 37 64 0 64 28 24 58
run=9 seed=8 k=65 f=0
7 0 64 33 6 35 11 44 7 42 13 58 0 56 14 18 56 25 27 18 55 31 27 49 1 1 49 26 5 22 62 64 19 39 49 56 49 59 38 9 45 36 47 42 53 52 60 0 14 49 25 0 37 20 21 15 35 47 42 18 10 11 64 58 12 19 64 27 30 49 21 36 53 38 0 62 64 31 35 40
run=10 seed=9 k=65 f=0
56 23 61 42 64 38 17 21 6 36 64 15 0 27 20 61 27 3 50 59 54 47 9 27 0 51 1 5 6 1 49 50 9 55 20 0 10 58 41 1 58 34 2 45 12 30 38 18 26 34 50 46 39 0 52 29 40 17 34 58 46 13 53 52 33 63 64 15 11 25 19 41 23 39 11 11 58 32 42 37
run=11 seed=10 k=65 f=0
32 39 52 9 10 39 59 27 64 45 17 59 24 64 24 0 46 49 47 46 60 11 53 16 35 0 10 49 42 64 29 34 55 32 38 0 16 54 20 59 29 34 5 7 21 40 49 25 42 44 2 17 62 18 55 55 34 24 5 9 1 59 64 2 10 45 64 22 26 52 62 56 20 29 3 36 0 43 12 7
run=12 seed=11 k=65 f=0
31 50 34 54 29 18 13 56 9 0 32 59 43 55 1 3 0 48 25 37 2 64 13 38 34 23 15 3 26 5 59 46 64 28 34 45 52 6 15 60 33 13 33 11 10 0 49 54 29 63 19 17 20 41 64 43 62 51 22 40 7 26 64 6 7 25 0 26 8 52 0 64 59 18 19 63 47 22 42 25
run=13 seed=12 k=65 f=0
34 62 63 30 47 18 4 9 49 6 45 54 20 33 23 29 32 41 40 64 37 51 7 48 38 10 29 18 25 64 9 20 64 14 0 55 3 51 15 12 23 38 34 11 41 58 23 27 28 55 32 40 26 41 56 0 60 47 57 6 13 60 64 6 7 12 0 2 64 46 0 38 52 20 32 63 25 22 18 52
run=14 seed=13 k=65 f=0
12 1 46 64 32 55 10 42 4 0 8 1 24 53 34 56 0 6 49 14 10 62 41 40 21 25 28 64 25 15 11 59 0 0 26 33 17 53 58 37 25 57 30 26 23 20 51 19 64 55 49 17 59 39 43 40 44 63 51 34 51 48 8 31 7 35 64 36 61 18 0 50 36 14 32 40 8 44 31 47
run=15 seed=14 k=65 f=0
56 0 5 17 7 43 11 53 48 42 14 50 48 52 63 29 10 22 50 21 59 46 43 0 17 27 8 26 21 5 9 30 64 31 58 7 16 64 40 47 33 64 16 36 46 64 22 28 6 43 10 1 37 56 64 59 40 0 35 32 27 60 62 52 21 28 15 0 21 61 56 41 4 50 38 0 31 47 53 39
run=16 seed=15 k=65 f=0
43 6 22 47 15 31 56 35 60 39 64 2 53 3 9 48 41 58 37 40 62 8 64 7 5 31 21 26 39 52 53 10 64 0 9 0 6 27 28 33 12 18 32 24 61 17 25 17 17 64 11 21 40 39 47 38 45 19 14 57 62 0 29 40 57 33 51 28 64 48 4 50 36 20 44 63 53 12 56 1
run=17 seed=16 k=65 f=0
8 18 1 41 7 24 12 38 16 40 58 0 39 31 28 63 56 34 32 33 12 64 0 64 38 59 23 34 45 20 9 48 40 54 2 57 6 48 21 64 45 28 29 17 64 25 45 49 20 19 26 24 52 33 57 0 63 47 29 13 59 44 20 11 13 54 0 64 13 37 0 2 54 5 6 64 51 28 9 44
run=18 seed=17 k=65 f=0
57 0 64 18 60 50 42 61 48 11 44 35 41 51 2 63 9 17 15 0 35 50 17 7 32 27 8 13 0 6 46 28 23 1 31 0 29 20 47 64 54 16 53 43 23 11 32 64 57 36 11 43 8 57 37 59 49 40 48 57 64 27 56 38 39 63 32 37 19 27 6 19 3 52 22 64 3 11 0 53
run=19 seed=18 k=65 f=0
40 26 24 7 17 53 50 46 54 43 37 42 6 62 34 35 40 46 47 30 52 9 26 0 50 43 19 57 53 58 13 63 32 64 23 7 21 29 26 14 39 28 40 14 64 0 31 21 48 58 33 33 34 16 8 1 63 18 59 0 36 27 9 9 58 38 64 13 54 17 12 5 4 20 22 64 2 57 0 48
run=20 seed=19 k=65 f=0
24 5 14 31 49 12 37 9 0 41 52 64 7 28 24 48 64 38 18 37 57 64 0 48 31 52 17 27 18 0 51 60 32 56 2 41 31 42 59 33 52 36 20 55 34 19 27 64 63 62 46 58 43 6 64 12 18 21 15 28 48 28 40 21 7 1 0 47 11 2 25 27 17 57 43 33 20 8 54 44
