run=1 seed=0 k=73 f=0
8 70 26 63 17 39 47 22 43 60 72 28 69 26 53 25 21 14 68 2 60 1 62 30 0 35 29 6 51 65 44 51 0 57 34 47 0 13 34 2 41 8 14 63 29 8 29 55 52 13 37 11 0 71 40 51 42 13 29 0 45 4 40 70 15 20 21 16 72 61 3 66 34 48 38 24 50 72 53 62
run=2 seed=1 k=73 f=0
8 70 26 63 17 39 47 22 43 60 72 28 69 26 53 25 21 14 68 2 60 1 62 30 0 35 29 6 51 65 44 51 0 57 34 47 0 13 34 2 41 8 14 63 29 8 29 55 52 13 37 11 0 71 40 51 42 13 29 0 45 4 40 70 15 20 21 16 72 61 3 66 34 48 38 24 50 72 53 62
run=3 seed=2 k=73 f=0
32 13 55 22 22 58 13 18 42 32 27 38 39 63 29 70 62 7 26 34 7 6 2 17 11 5 13 1 0 64 24 66 40 46 41 10 48 14 72 17 34 12 39 51 71 72 33 67 27 39 65 70 33 62 48 51 70 38 33 48 56 36 26 46 48 21 0 1 55 18 2 51 21 60 55 57 6 62 52 31
run=4 seed=3 k=73 f=0
42 19 38 1 0 0 69 37 60 71 55 3 71 55 48 69 72 25 26 42 21 62 5 35 45 12 0 69 31 15 58 14 72 7 62 7 64 51 66 42 58 44 45 62 35 20 47 18 26 30 47 31 7 54 24 40 12 53 26 22 13 48 36 9 47 39 53 72 16 37 2 24 13 38 28 14 6 31 19 49
run=5 seed=4 k=73 f=0
43 58 4 22 9 65 28 57 72 61 26 62 39 19 33 38 4 58 59 14 30 12 22 50 55 13 42 17 12 70 28 64 31 52 41 11 50 69 68 14 5 48 3 72 68 44 36 20 19 69 56 51 34 61 0 43 2 68 62 32 1 15 46 40 38 60 1 32 28 22 30 51 7 28 4 49 72 25 32 64
run=6 seed=5 k=73 f=0
56 63 53 63 15 63 69 47 21 45 60 52 44 34 43 70 67 3 22 55 70 54 10 72 61 3 40 11 29 38 0 67 48 25 20 0 14 29 67 29 13 67 51 28 28 33 4 9 64 30 0 2 45 11 72 31 55 52 44 7 43 52 0 16 31 6 37 0 62 17 50 11 43 36 16 59 53 14 35 46
run=7 seed=6 k=73 f=0
33 22 14 1 36 58 9 51 23 63 27 6 3 45 30 28 31 49 52 68 52 2 1 0 52 41 17 60 68 13 71 58 41 46 53 72 26 46 61 22 16 60 32 65 48 36 63 24 62 67 58 3 0 56 26 54 12 42 9 18 0 37 70 7 7 33 13 7 71 47 26 40 19 12 72 39 13 6 60 39
run=8 seed=7 k=73 f=0
35 1 26 59 57 28 50 13 18 13 27 9 18 1 40 1 66 10 8 56 0 57 9 0 49 9 48 46 72 35 68 72 63 22 7 72 50 26 56 52 47 21 38 44 24 66 6 51 7 71 35 72 51 33 41 28 71 32 39 46 38 56 58 39 23 41 17 1 33 1 39 39 68 31 44 64 23 24 20 15
run=9 seed=8 k=73 f=0
31 30 58 27 47 14 0 59 8 38 13 67 56 15 46 26 13 37 51 24 62 72 36 72 51 14 43 72 52 6 49 0 43 18 55 1 70 34 17 32 28 44 10 56 18 40 48 63 15 35 3 22 60 66 6 39 46 4 45 24 38 48 61 3 9 28 23 51 67 59 68 65 68 16 30 41 0 10 71 42
run=10 seed=9 k=73 f=0
7 5 22 36 28 25 70 20 15 72 34 5 17 58 3 71 14 64 13 48 55 1 21 58 30 48 40 33 14 48 70 62 72 26 64 32 27 48 0 25 22 67 30 18 51 53 40 49 6 12 62 48 60 61 15 60 37 40 53 27 20 33 60 4 65 68 40 72 5 46 40 5 0 43 10 54 38 54 3 56
run=11 seed=10 k=73 f=0
63 15 57 0 1 0 62 66 38 18 42 31 11 70 33 33 24 57 55 29 20 26 42 25 72 19 4 27 59 5 57 49 13 34 38 32 46 37 19 65 38 50 3 49 40 10 54 42 3 68 24 7 63 45 32 46 69 59 0 13 21 67 16 34 5 54 72 72 56 70 65 61 21 14 18 49 47 4 50 72
run=12 seed=11 k=73 f=0
28 19 35 26 16 21 52 8 3 41 56 25 32 61 54 59 17 51 14 13 1 1 36 35 8 11 21 39 49 41 55 63 45 61 47 54 11 60 6 56 31 71 6 72 69 70 33 62 48 66 68 32 32 43 7 25 40 51 27 1 12 5 68 12 69 72 0 40 72 35 0 30 16 31 17 20 23 39 0 63
run=13 seed=12 k=73 f=0
31 69 34 60 61 70 50 21 45 70 52 28 56 19 24 54 72 11 25 7 47 61 29 61 39 11 60 8 38 71 40 37 51 0 45 8 20 65 57 64 1 2 5 1 48 29 40 17 45 42 10 34 14 70 27 24 33 61 50 18 8 47 3 28 36 2 42 66 11 48 19 16 65 24 12 71 54 22 16 0
run=14 seed=13 k=73 f=0
7 2 43 22 25 61 9 43 72 63 63 70 63 49 4 1 52 36 39 56 29 69 69 30 17 31 36 56 27 16 27 15 72 0 34 53 50 71 64 43 47 55 17 44 39 51 36 0 3 68 48 16 67 59 9 47 16 61 28 40 34 67 39 10 13 0 19 4 71 2 57 27 56 48 24 19 3 26 8 64
run=15 seed=14 k=73 f=0
12 21 50 64 17 55 0 30 35 9 64 44 13 27 71 51 16 65 18 59 20 7 9 41 72 22 11 58 70 38 11 72 26 58 42 48 68 27 65 61 32 1 62 34 3 43 20 0 1 38 31 70 68 13 36 69 37 37 47 17 50 7 0 15 7 46 72 5 0 36 44 21 19 30 51 53 52 59 25 32
run=16 seed=15 k=73 f=0
53 7 33 20 46 46 68 48 72 13 2 30 11 37 66 31 0 24 59 58 51 19 52 35 21 48 66 60 15 56 69 14 0 42 54 28 29 20 67 19 13 68 34 8 52 27 10 72 47 8 41 6 26 57 72 0 61 13 60 60 6 66 67 56 41 2 17 40 29 21 5 23 40 58 35 34 66 62 43 35
run=17 seed=16 k=73 f=0
38 58 9 51 40 31 62 10 34 72 56 0 53 52 71 9 67 71 25 17 38 3 47 54 57 42 25 71 70 43 38 65 64 38 33 9 13 21 58 43 41 21 21 2 48 72 17 45 71 0 6 61 7 24 1 52 61 35 28 34 63 60 17 7 72 28 17 4 13 47 33 49 26 19 29 14 24 50 0 6
run=18 seed=17 k=73 f=0
47 13 30 56 10 61 14 45 9 41 18 33 38 64 21 0 43 32 54 0 51 24 31 1 50 0 60 28 49 62 70 38 72 5 0 18 30 17 5 24 12 12 58 11 3 67 34 26 8 72 22 49 23 41 55 48 60 16 57 70 0 53 7 16 33 68 39 23 72 60 68 71 66 19 54 44 33 57 71 62
run=19 seed=18 k=73 f=0
51 71 17 72 54 72 64 18 54 27 34 8 29 0 39 45 42 33 66 46 35 50 71 5 18 3 58 63 28 1 11 6 27 13 49 36 2 20 1 60 22 61 40 60 3 41 25 44 66 51 14 17 17 32 42 35 53 63 4 50 20 23 54 12 12 44 18 66 70 43 55 23 0 52 70 72 8 11 31 25
run=20 seed=19 k=73 f=0
37 3 13 4 18 9 67 49 54 56 69 3 0 66 33 60 55 43 31 63 14 0 68 66 48 22 32 14 38 33 36 17 49 28 0 58 8 41 12 24 4 20 11 16 57 38 58 23 28 57 24 48 27 46 41 43 71 21 16 58 10 53 33 33 72 60 0 26 9 44 20 1 28 0 11 65 35 72 6 69
