run=1 seed=0 k=69 f=0
28 36 6 39 27 40 20 24 57 1 40 27 29 40 49 35 15 65 34 68 62 11 51 59 60 63 48 4 16 32 25 6 50 45 33 68 22 55 43 7 26 63 66 0 55 0 68 7 5 14 0 68 13 29 62 59 40 23 28 36 55 54 3 32 14 11 20 33 21 6 50 15 45 22 52 59 53 13 41 47
run=2 seed=1 k=69 f=0
28 36 6 39 27 40 20 24 57 1 40 27 29 40 49 35 15 65 34 68 62 11 51 59 60 63 48 4 16 32 25 6 50 45 33 68 22 55 43 7 26 63 66 0 55 0 68 7 5 14 0 68 13 29 62 59 40 23 28 36 55 54 3 32 14 11 20 33 21 6 50 15 45 22 52 59 53 13 41 47
run=3 seed=2 k=69 f=0
35 46 44 62 30 51 68 60 51 6 1 26 18 62 21 54 51 61 29 68 12 8 64 12 29 10 47 20 7 48 1 32 21 55 35 58 54 33 48 68 7 68 24 44 67 39 28 1 66 31 50 13 7 0 51 35 44 12 20 41 58 26 42 39 40 61 68 21 44 14 54 7 16 40 16 0 24 6 2 60
run=4 seed=3 k=69 f=0
35 21 28 3 0 42 22 18 42 46 1 67 55 10 61 0 16 15 16 6 61 45 65 68 38 48 35 44 31 10 34 25 27 68 68 0 4 14 47 3 37 52 4 59 61 53 35 52 68 39 23 22 11 12 38 57 47 56 50 43 2 31 7 2 62 39 8 66 31 57 28 58 47 56 61 7 59 21 29 53
run=5 seed=4 k=69 f=0
61 46 31 67 16 10 43 58 20 53 14 66 0 39 40 66 40 33 35 51 44 68 0 43 30 50 28 26 54 21 13 7 0 26 32 26 37 61 6 59 58 44 54 18 35 0 51 68 15 59 39 1 21 10 63 4 51 9 14 10 2 48 21 23 15 23 53 41 10 47 68 63 5 41 34 21 22 39 53 68
run=6 seed=5 k=69 f=0
68 20 42 68 17 28 33 46 57 56 68 0 19 66 60 25 29 49 35 41 68 18 36 19 53 15 2 57 59 37 66 32 43 10 49 52 26 36 15 61 4 8 29 59 5 0 61 10 7 25 52 37 35 51 43 50 45 44 15 32 22 37 2 65 63 57 1 21 24 40 47 13 15 0 26 25 4 32 67 11
run=7 seed=6 k=69 f=0
7 1 12 50 47 55 28 15 38 58 1 52 36 38 64 39 61 1 0 7 12 35 7 23 67 2 28 56 32 63 10 54 68 56 0 41 18 44 19 50 9 42 41 48 63 68 7 14 68 42 8 68 30 19 16 23 59 53 43 23 36 64 32 43 60 1 33 22 28 65 50 45 27 14 48 28 9 59 19 41
run=8 seed=7 k=69 f=0
68 57 38 67 2 15 6 34 25 51 56 37 37 60 22 18 27 25 40 39 29 21 65 57 35 0 19 11 20 1 24 0 0 29 45 22 66 12 12 6 29 46 15 8 41 14 43 48 26 51 49 33 67 59 16 37 57 47 57 68 3 64 0 38 63 2 32 51 68 57 18 62 43 2 65 1 22 53 12 62
run=9 seed=8 k=69 f=0
41 65 50 35 0 68 68 51 12 22 22 44 42 38 6 0 61 7 48 27 24 7 68 34 18 21 16 23 7 30 9 65 58 16 16 10 49 61 65 27 40 15 41 27 54 0 60 1 29 58 50 6 31 43 47 48 14 34 39 26 58 45 46 52 24 5 18 56 66 33 54 42 63 36 38 16 55 51 10 43
run=10 seed=9 k=69 f=0
16 11 48 2 16 42 64 68 26 53 59 15 20 0 67 44 39 52 0 15 68 28 32 23 56 13 33 1 43 51 43 52 32 44 68 49 10 37 39 8 18 3 24 68 55 35 9 9 1 39 50 33 36 55 62 58 28 11 63 65 35 36 20 2 65 55 59 42 22 23 31 6 27 65 20 7 45 4 0 51
run=11 seed=10 k=69 f=0
50 65 23 1 50 57 52 3 41 68 68 0 20 29 68 60 16 6 63 19 7 22 39 23 0 11 35 10 39 61 25 53 33 37 44 9 63 52 27 35 53 9 45 68 39 29 12 0 34 44 11 1 5 63 15 0 0 8 26 18 45 37 49 16 17 47 42 8 59 57 2 63 27 45 46 45 21 19 68 53
run=12 seed=11 k=69 f=0
24 22 42 8 42 48 16 0 20 54 42 48 49 19 25 0 35 32 30 5 6 57 68 68 29 59 24 38 61 66 13 56 38 49 1 0 24 11 44 49 20 29 64 7 51 28 36 58 57 0 1 11 6 68 33 6 66 10 42 21 0 42 58 2 10 43 16 47 68 55 64 35 53 61 10 36 27 63 19 62
run=13 seed=12 k=69 f=0
26 44 42 61 50 42 19 59 1 0 17 67 67 23 4 14 21 6 68 22 22 37 41 16 0 13 43 36 51 0 26 34 0 29 55 9 60 9 45 64 20 43 1 49 8 68 46 33 0 34 5 31 17 53 68 64 42 59 49 31 4 21 29 54 54 33 60 50 11 16 29 64 66 35 8 37 44 38 8 1
run=14 seed=13 k=69 f=0
0 0 21 58 7 30 52 18 13 38 49 53 14 68 68 46 10 53 36 24 44 43 34 7 58 46 56 59 41 58 47 65 59 67 29 22 7 52 11 18 64 24 30 15 66 29 9 44 32 7 3 45 15 37 23 16 66 21 50 66 45 63 1 20 51 29 68 4 0 31 42 34 25 4 0 57 54 39 66 37
run=15 seed=14 k=69 f=0
67 14 19 33 62 60 14 49 64 39 60 52 54 30 59 30 26 53 54 30 35 31 0 24 13 43 54 46 36 10 5 16 46 68 18 31 21 39 5 59 66 67 63 38 24 24 40 0 0 4 64 2 55 53 9 52 11 63 34 14 0 16 52 33 18 45 11 7 50 59 46 39 5 64 1 26 68 20 43 36
run=16 seed=15 k=69 f=0
30 54 62 2 34 50 13 0 33 52 10 18 2 62 19 35 7 17 36 43 55 20 59 59 68 42 51 45 32 43 12 61 68 38 15 14 16 32 0 67 55 64 2 42 65 67 29 23 46 30 66 1 26 50 8 68 62 17 51 47 11 64 44 33 45 25 6 18 28 61 10 5 0 10 55 28 41 54 26 60
run=17 seed=16 k=69 f=0
24 1 11 53 60 50 67 26 63 3 57 18 4 39 60 36 42 4 18 3 46 51 49 59 68 41 67 50 68 0 34 48 32 21 19 0 65 19 55 56 27 34 28 43 42 34 42 10 53 27 24 66 22 3 11 60 38 60 11 5 28 28 23 38 40 14 68 16 47 45 62 38 55 62 10 34 29 15 0 7
run=18 seed=17 k=69 f=0
7 31 68 59 1 30 16 33 39 59 58 38 35 68 18 54 42 0 1 10 19 0 10 47 68 48 43 15 49 20 57 19 68 53 6 40 47 14 51 51 63 11 67 22 8 25 65 15 0 36 64 27 49 7 44 41 57 28 61 2 66 62 1 38 25 3 57 0 18 30 8 53 43 28 46 19 36 34 19 64
run=19 seed=18 k=69 f=0
56 38 55 64 64 12 25 21 29 24 6 29 60 38 16 1 52 32 62 37 67 61 34 21 46 43 0 8 15 36 47 68 0 1 32 29 38 48 17 67 44 0 66 67 16 13 44 38 20 6 8 45 27 35 3 29 2 26 7 67 19 60 63 53 7 26 47 49 15 49 33 58 17 51 53 1 57 8 14 22
run=20 seed=19 k=69 f=0
68 1 34 45 10 6 2 48 11 43 63 44 49 60 58 40 37 32 0 0 62 41 52 26 28 22 29 42 2 8 58 40 16 15 49 35 68 0 22 68 66 16 25 54 19 56 32 61 60 8 18 20 33 65 26 67 41 63 44 28 34 0 15 49 50 25 43 68 0 62 29 19 21 62 22 11 32 10 1 6
