run=1 seed=0 k=75 f=0
26 61 27 70 65 8 60 38 19 46 62 52 71 34 54 7 10 53 49 74 23 68 42 19 32 13 0 73 68 0 29 27 72 33 40 0 43 31 66 68 57 20 21 44 5 49 23 61 51 45 14 1 35 5 24 47 62 20 25 6 46 0 59 29 13 5 35 57 15 32 24 45 67 37 14 42 59 14 74 50
run=2 seed=1 k=75 f=0
26 61 27 70 65 8 60 38 19 46 62 52 71 34 54 7 10 53 49 74 23 68 42 19 32 13 0 73 68 0 29 27 72 33 40 0 43 31 66 68 57 20 21 44 5 49 23 61 51 45 14 1 35 5 24 47 62 20 25 6 46 0 59 29 13 5 35 57 15 32 24 45 67 37 14 42 59 14 74 50
run=3 seed=2 k=75 f=0
15 19 38 48 36 31 32 0 70 28 38 54 24 52 6 24 29 67 62 5 17 47 43 50 63 16 53 5 29 63 29 31 7 74 11 24 52 0 46 47 12 17 1 57 71 56 9 41 15 25 48 70 49 64 60 39 34 73 57 5 61 11 17 19 0 6 74 20 2 36 30 43 36 54 24 72 20 0 4 54
run=4 seed=3 k=75 f=0
21 28 27 61 0 43 72 49 1 64 58 33 18 74 38 29 65 0 1 44 2 32 13 29 74 47 19 62 43 66 4 69 61 54 56 11 70 58 40 18 19 23 67 36 13 22 5 52 8 4 74 33 49 12 23 47 36 40 46 4 10 16 53 8 68 27 74 32 6 56 50 9 66 44 40 27 42 47 3 72
run=5 seed=4 k=75 f=0
1 8 6 25 55 37 0 18 50 35 41 54 64 23 72 33 36 16 43 2 5 47 18 55 43 15 59 59 35 70 30 28 10 55 49 74 19 49 33 62 61 27 51 48 44 34 8 28 72 43 15 16 72 67 66 22 36 67 29 6 16 5 6 72 18 56 65 11 7 67 11 69 59 73 62 24 73 23 56 0
run=6 seed=5 k=75 f=0
25 12 60 72 19 9 19 33 47 31 51 23 51 48 10 73 70 55 31 11 14 45 52 49 9 32 58 73 2 72 21 21 40 28 24 59 65 21 5 15 53 15 38 16 52 2 10 0 1 44 36 6 4 53 63 3 31 21 29 55 67 30 41 21 19 45 70 38 39 48 40 69 64 3 61 74 56 34 0 46
run=7 seed=6 k=75 f=0
19 10 20 2 63 33 60 74 49 0 37 50 61 74 67 59 0 0 46 19 51 18 44 74 14 11 45 28 13 0 55 6 63 69 68 3 6 29 69 59 37 27 34 41 72 25 9 12 69 29 1 50 40 43 19 48 41 52 73 62 39 49 33 23 24 24 54 32 31 31 15 66 68 26 54 54 40 28 22 15
run=8 seed=7 k=75 f=0
46 4 55 17 70 23 11 22 0 28 13 46 44 0 5 31 28 74 16 72 26 38 11 7 71 34 61 42 7 0 63 31 68 62 6 30 57 69 74 74 43 70 29 0 23 47 73 53 20 72 64 19 36 25 13 19 12 38 0 28 23 62 47 14 60 37 38 40 45 54 0 8 18 4 55 35 36 58 63 51
run=9 seed=8 k=75 f=0
40 17 49 74 73 48 7 72 27 63 22 6 68 51 30 45 0 73 74 47 54 0 72 57 31 14 59 62 55 33 3 38 0 18 24 15 43 10 61 68 50 66 25 23 38 61 43 66 59 58 38 42 49 36 7 11 33 64 54 18 74 16 18 9 7 23 32 1 33 45 24 9 5 64 52 1 13 52 9 49
run=10 seed=9 k=75 f=0
45 74 53 7 5 63 13 22 17 33 62 13 10 61 32 65 59 39 51 49 64 5 5 0 24 44 39 38 47 30 10 1 33 57 69 14 35 70 27 28 8 0 19 56 29 37 45 22 49 69 30 53 51 25 19 52 2 36 15 57 70 27 51 10 68 46 74 29 41 4 57 71 17 53 74 38 11 8 74 0
run=11 seed=10 k=75 f=0
55 58 5 70 18 1 49 45 53 32 0 23 74 48 56 31 46 43 49 74 18 22 55 33 40 17 37 30 13 66 2 8 63 13 6 40 37 10 27 15 3 52 17 22 42 31 74 10 45 27 58 62 23 40 71 37 26 11 67 42 64 15 74 52 17 53 74 23 40 70 62 61 68 2 58 35 24 5 21 53
run=12 seed=11 k=75 f=0
20 46 72 51 74 27 43 28 14 15 50 43 39 59 22 50 31 61 14 23 48 8 69 45 38 35 59 55 23 73 26 1 67 23 49 0 18 30 73 9 23 15 33 9 66 64 56 36 64 8 70 22 12 0 35 62 74 23 17 0 57 0 2 16 60 1 54 41 0 34 53 69 74 27 37 5 68 31 61 41
run=13 seed=12 k=75 f=0
66 14 73 13 0 28 30 15 24 39 28 69 7 74 1 71 74 59 60 10 37 22 30 14 62 37 44 41 39 62 66 65 51 3 25 21 29 49 5 34 71 8 54 0 29 48 40 37 39 64 26 6 47 56 19 34 67 41 54 57 28 19 16 6 44 18 74 33 50 14 30 1 45 51 73 52 63 9 0 57
run=14 seed=13 k=75 f=0
15 56 74 16 12 58 23 34 29 26 0 4 71 69 26 54 64 9 8 39 47 74 46 67 12 50 23 72 68 19 36 10 0 66 43 31 19 5 62 20 72 58 30 74 65 56 6 49 32 7 18 56 17 42 50 44 56 30 38 31 48 44 72 26 20 0 39 63 34 43 53 72 63 23 48 26 0 24 4 9
run=15 seed=14 k=75 f=0
62 2 0 18 73 38 36 0 7 57 34 19 15 0 71 37 71 54 56 41 55 20 9 48 0 62 25 65 70 48 17 73 9 74 44 71 48 4 15 62 36 40 69 30 30 27 63 0 41 43 37 7 40 53 22 8 67 17 51 29 66 14 58 67 27 31 21 57 35 48 9 15 74 63 12 64 16 44 27 53
run=16 seed=15 k=75 f=0
68 0 72 5 71 14 49 73 43 28 47 67 44 14 40 74 14 7 74 67 0 8 56 38 39 61 4 9 13 18 52 55 0 25 65 45 55 63 11 74 63 39 68 31 36 33 58 24 34 30 27 40 20 15 56 30 9 24 7 57 73 64 0 50 53 37 59 23 49 34 0 14 19 48 0 19 3 51 47 21
run=17 seed=16 k=75 f=0
74 63 42 0 48 27 53 38 33 26 69 12 51 37 63 64 28 49 51 48 17 8 17 16 38 20 57 52 23 30 43 5 43 62 20 8 11 73 35 44 72 61 19 57 27 25 45 67 41 9 37 58 37 74 72 0 32 47 52 46 19 21 72 37 60 62 0 64 10 65 17 21 12 33 16 0 1 31 6 35
run=18 seed=17 k=75 f=0
9 7 19 44 69 16 71 42 53 2 0 17 29 51 57 48 33 56 74 7 62 6 3 37 61 8 58 47 49 66 73 67 66 36 18 30 70 39 51 74 42 74 66 23 32 25 49 46 52 31 72 9 20 62 40 55 4 69 42 30 63 31 25 6 59 15 0 33 27 37 13 18 74 19 15 21 62 41 13 1
run=19 seed=18 k=75 f=0
48 22 13 22 44 0 72 53 44 72 74 1 47 59 74 59 70 24 42 58 69 41 20 30 43 2 19 67 49 65 4 0 65 60 49 8 62 27 26 15 2 22 12 15 52 34 26 74 12 30 17 2 32 50 10 49 38 12 54 31 61 69 0 37 18 9 56 68 34 73 33 30 5 35 10 58 25 34 29 40
run=20 seed=19 k=75 f=0
11 26 45 56 37 18 71 46 67 64 18 55 40 51 34 0 20 41 27 51 47 54 54 58 14 16 38 74 5 36 40 4 35 41 57 66 15 53 43 41 12 72 16 49 7 28 10 2 7 25 13 26 64 3 19 66 71 45 4 64 29 7 73 68 52 0 74 13 0 18 60 74 30 65 62 34 11 22 35 49
