run=1 seed=0 k=66 f=0
24 10 42 14 32 12 20 16 0 1 64 19 59 47 29 29 34 38 18 22 65 9 41 55 1 54 44 49 41 0 35 8 0 37 27 41 7 41 59 8 26 49 25 48 59 47 28 32 32 6 26 65 0 63 14 62 18 52 15 10 37 4 22 21 7 0 65 59 39 31 65 32 17 51 55 50 55 8 61 0
run=2 seed=1 k=66 f=0
24 10 42 14 32 12 20 16 0 1 64 19 59 47 29 29 34 38 18 22 65 9 41 55 1 54 44 49 41 0 35 8 0 37 27 41 7 41 59 8 26 49 25 48 59 47 28 32 32 6 26 65 0 63 14 62 18 52 15 10 37 4 22 21 7 0 65 59 39 31 65 32 17 51 55 50 55 8 61 0
run=3 seed=2 k=66 f=0
54 19 12 30 40 47 7 50 2 27 64 37 48 55 47 1 41 32 29 44 32 0 56 16 65 57 28 45 8 32 3 11 0 45 34 9 58 27 20 50 43 18 40 24 32 37 15 38 9 20 1 18 55 65 11 60 17 32 27 27 0 58 20 6 59 42 65 20 2 47 35 55 12 46 24 65 65 43 7 25
run=4 seed=3 k=66 f=0
57 1 18 54 21 24 25 42 37 0 23 1 45 32 61 62 42 3 41 47 13 17 34 33 48 31 29 12 38 60 26 4 49 9 6 0 61 26 27 24 61 29 63 16 41 65 33 9 16 46 56 59 51 0 65 44 4 21 54 48 65 53 2 43 19 51 65 13 15 13 52 56 29 41 51 5 47 37 11 34
run=5 seed=4 k=66 f=0
47 65 41 0 33 34 6 2 22 9 30 65 44 21 31 13 37 3 41 8 29 63 47 65 0 58 42 49 24 47 8 65 55 26 15 0 58 34 61 52 6 8 54 26 41 14 39 19 24 19 0 43 15 48 59 21 12 20 7 43 52 51 29 43 29 50 10 36 0 34 51 51 61 31 55 19 65 38 58 25
run=6 seed=5 k=66 f=0
7 32 12 36 35 38 30 34 61 49 24 55 36 60 2 52 8 0 1 44 28 18 24 23 35 23 57 3 44 9 47 7 65 65 40 48 50 3 19 55 42 65 13 30 23 1 41 14 23 44 16 28 55 55 8 26 61 60 65 1 23 61 0 46 33 42 56 17 0 38 65 29 19 8 50 9 16 42 46 63
run=7 seed=6 k=66 f=0
50 26 17 43 30 17 0 65 34 16 48 55 54 44 50 19 14 27 56 11 9 15 50 33 0 27 19 18 42 6 42 55 42 52 35 24 30 18 14 23 37 33 64 10 51 22 30 65 6 8 23 7 4 61 59 59 62 65 59 2 17 46 30 54 6 0 0 2 52 63 48 42 37 64 39 30 65 59 40 0
run=8 seed=7 k=66 f=0
45 51 43 33 18 58 50 30 9 29 5 39 40 46 18 27 45 39 51 0 2 57 57 9 14 56 49 59 12 22 27 40 33 0 13 16 50 30 5 22 65 47 35 65 7 17 37 0 58 65 51 2 65 25 38 43 13 0 7 26 31 17 37 49 40 25 24 59 64 59 25 23 5 63 65 34 54 54 65 34
run=9 seed=8 k=66 f=0
38 61 63 53 3 48 34 0 26 54 12 63 57 26 21 51 56 58 32 59 51 55 18 11 64 3 30 52 36 29 0 50 0 7 20 55 25 40 7 0 61 6 19 27 9 44 65 20 14 40 29 47 25 16 40 41 5 44 7 54 0 42 35 35 43 17 65 36 11 21 0 17 5 29 21 49 63 15 26 32
run=10 seed=9 k=66 f=0
54 5 2 53 58 12 10 14 43 13 57 63 56 23 14 39 36 31 60 65 50 0 12 21 1 37 28 48 31 25 30 3 0 20 0 28 64 8 15 28 42 6 14 65 65 31 39 37 19 27 0 43 42 62 34 56 31 24 58 53 44 4 48 57 7 16 46 22 64 38 50 51 17 62 48 23 52 8 65 19
run=11 seed=10 k=66 f=0
8 63 20 48 8 21 1 34 6 65 58 0 20 42 62 22 56 14 15 21 48 42 48 39 0 31 29 17 38 7 51 51 0 54 35 57 29 60 35 11 5 27 31 29 2 26 64 48 43 40 8 23 23 12 57 23 2 15 40 62 53 4 32 59 26 13 65 41 0 21 65 63 53 34 17 49 51 43 65 44
run=12 seed=11 k=66 f=0
12 62 21 4 57 51 65 7 30 37 34 2 2 8 12 52 45 6 57 60 48 40 17 36 39 39 52 48 15 60 11 41 0 15 14 29 54 43 40 30 47 46 21 44 3 55 0 65 26 59 32 0 33 47 22 31 16 25 9 65 36 16 2 27 7 61 21 13 51 51 64 0 32 25 24 21 63 60 65 38
run=13 seed=12 k=66 f=0
51 43 0 43 47 9 35 64 20 26 44 17 23 36 64 1 19 27 57 58 61 0 65 33 44 53 9 56 56 23 65 28 43 59 62 24 35 54 5 43 37 31 22 17 32 7 50 0 7 10 36 2 7 26 18 8 15 55 26 0 62 47 8 54 14 4 65 37 53 46 29 0 59 13 15 64 11 37 33 28
run=14 seed=13 k=66 f=0
31 26 15 1 55 65 20 5 26 64 22 26 10 30 47 3 8 24 25 12 23 44 45 38 63 65 30 18 49 56 9 39 17 11 38 8 44 59 62 58 34 16 41 58 47 51 31 51 25 29 0 23 1 38 13 0 33 36 28 8 60 46 54 6 44 54 0 58 0 38 54 0 12 34 64 18 48 42 19 65
run=15 seed=14 k=66 f=0
22 48 7 49 65 50 16 12 29 54 61 35 36 45 56 52 49 16 56 5 44 31 1 10 41 22 24 28 16 21 18 52 65 39 60 43 3 61 6 34 37 1 25 36 6 0 55 29 49 34 4 0 58 62 15 64 16 19 13 44 12 44 29 58 17 28 0 18 24 51 0 36 6 63 46 28 9 59 65 41
run=16 seed=15 k=66 f=0
36 9 2 32 52 29 56 3 51 44 60 10 27 9 23 51 48 44 42 38 44 10 19 50 41 45 14 18 20 52 32 28 17 41 3 8 19 35 54 14 34 40 0 58 46 17 25 65 50 13 57 23 23 65 65 63 62 33 28 31 16 21 7 6 24 9 0 8 58 64 4 65 12 3 34 15 33 25 62 40
run=17 seed=16 k=66 f=0
25 21 39 0 9 37 45 20 49 32 43 65 56 65 53 20 65 6 31 4 26 37 1 65 51 11 62 31 26 0 44 35 52 15 14 9 33 6 40 48 23 51 34 44 55 57 28 0 20 25 36 57 65 65 40 59 44 36 41 6 14 57 10 28 59 15 17 25 0 19 48 13 32 13 8 1 23 61 26 6
run=18 seed=17 k=66 f=0
58 64 22 0 60 51 16 58 42 31 20 14 65 8 38 64 0 32 34 65 0 65 28 42 12 62 32 48 54 0 7 50 26 26 25 0 23 4 48 65 21 43 51 7 15 34 46 65 30 10 8 53 38 53 0 21 47 20 36 25 6 22 57 2 11 13 17 13 16 63 58 1 46 5 9 40 41 38 43 34
run=19 seed=18 k=66 f=0
45 27 34 25 58 22 62 28 3 3 65 19 21 21 64 30 56 38 39 33 60 1 39 52 65 15 7 17 32 45 55 58 31 11 9 14 28 36 25 64 47 9 4 7 65 52 20 0 54 0 43 42 47 42 36 33 0 22 14 1 61 60 5 12 58 51 65 45 29 51 65 16 17 46 37 9 51 56 47 0
run=20 seed=19 k=66 f=0
34 50 64 51 17 41 41 45 35 33 1 5 41 49 43 3 49 62 48 54 59 64 65 18 38 1 40 8 65 31 19 19 56 5 42 65 20 64 14 22 38 51 13 25 38 25 55 9 51 28 33 2 64 17 57 0 11 18 57 19 58 52 28 31 29 29 0 7 11 42 1 64 14 32 12 60 65 45 9 31
