run=1 seed=0 k=77 f=0
51 5 72 28 1 58 2 76 36 45 0 45 27 67 62 70 31 2 0 71 10 39 24 44 43 19 25 62 11 54 16 7 8 47 73 29 17 60 39 18 48 32 26 22 55 13 23 67 51 42 2 7 35 57 29 72 39 60 65 73 26 39 4 31 17 75 76 45 59 57 76 56 13 59 66 65 36 35 51 42
run=2 seed=1 k=77 f=0
51 5 72 28 1 58 2 76 36 45 0 45 27 67 62 70 31 2 0 71 10 39 24 44 43 19 25 62 11 54 16 7 8 47 73 29 17 60 39 18 48 32 26 22 55 13 23 67 51 42 2 7 35 57 29 72 39 60 65 73 26 39 4 31 17 75 76 45 59 57 76 56 13 59 66 65 36 35 51 42
run=3 seed=2 k=77 f=0
76 74 61 38 51 16 1 15 76 16 50 60 1 25 47 0 24 59 25 58 36 8 75 7 62 10 26 21 75 26 58 7 41 44 45 0 57 49 34 66 14 1 38 30 28 31 57 69 39 70 23 76 66 20 1 49 28 34 39 38 70 23 52 35 62 9 52 67 57 8 72 44 46 16 71 52 33 11 15 5
run=4 seed=3 k=77 f=0
6 12 7 42 48 22 57 40 15 33 59 53 29 16 19 41 76 65 0 64 46 31 20 13 62 29 73 68 28 74 34 33 71 11 1 62 39 59 19 55 30 13 28 55 61 49 66 43 2 68 21 25 42 76 7 22 16 52 47 44 67 2 5 50 50 7 33 24 65 37 75 1 76 25 4 67 42 26 35 18
run=5 seed=4 k=77 f=0
7 0 33 13 42 24 20 0 48 13 54 70 58 51 53 23 51 15 13 59 51 46 34 50 58 3 31 57 23 76 66 21 40 65 24 76 14 73 21 0 2 60 54 32 15 28 7 59 46 41 42 33 48 74 75 27 27 11 65 12 37 74 73 4 29 2 68 71 60 55 67 7 0 43 38 35 69 46 42 7
run=6 seed=5 k=77 f=0
22 76 45 72 49 76 16 56 9 60 14 75 55 20 13 52 55 66 69 66 74 71 1 36 63 0 4 58 44 5 2 49 12 50 14 60 8 69 6 46 54 31 61 43 16 32 24 50 45 26 25 32 38 64 8 44 17 11 76 59 3 5 36 57 28 31 0 19 1 15 21 36 31 22 40 36 71 72 21 39
run=7 seed=6 k=77 f=0
52 61 42 74 64 45 12 56 35 42 14 21 22 19 51 21 56 2 1 6 53 3 5 59 49 6 30 52 33 38 31 65 18 29 9 35 30 59 65 67 54 50 39 28 3 47 20 74 7 18 1 0 21 66 34 70 73 75 43 10 67 36 34 67 25 14 9 23 27 76 43 51 63 69 76 16 76 41 14 40
run=8 seed=7 k=77 f=0
27 76 62 17 1 62 11 20 36 35 40 47 48 20 30 32 2 55 21 5 1 60 22 73 10 42 15 18 2 7 27 62 0 2 10 9 60 7 42 28 31 76 68 16 44 73 46 49 68 51 36 46 35 25 52 37 26 58 38 63 20 23 49 30 67 75 36 50 61 54 59 25 44 72 31 73 74 68 76 67
run=9 seed=8 k=77 f=0
41 38 62 11 13 1 67 18 42 0 32 63 47 45 4 22 76 55 13 26 62 74 46 21 0 36 55 48 73 50 61 64 49 23 39 60 3 27 76 10 66 39 29 8 7 0 59 71 10 73 19 19 69 48 57 15 36 14 55 7 57 37 30 63 36 71 30 75 28 24 3 4 76 69 9 53 70 66 62 1
run=10 seed=9 k=77 f=0
61 36 71 55 47 2 31 66 47 38 1 16 56 22 29 67 76 22 68 21 71 74 40 16 2 38 30 18 58 25 51 39 29 20 4 9 13 2 23 44 76 35 61 74 75 12 42 54 35 5 66 29 0 63 58 0 25 10 18 74 64 10 31 35 36 45 43 76 13 2 17 7 49 57 52 50 69 36 52 62
run=11 seed=10 k=77 f=0
58 49 58 76 32 76 13 65 47 1 0 50 58 61 18 12 17 35 32 19 37 52 24 0 38 0 29 70 31 19 38 9 50 4 10 41 24 33 73 36 56 76 22 67 2 25 72 24 75 67 8 76 12 33 53 31 44 5 52 62 44 54 69 9 6 14 15 36 45 22 64 54 45 73 42 46 22 29 60 28
run=12 seed=11 k=77 f=0
24 2 43 0 9 59 15 2 20 72 68 62 52 0 10 76 54 6 39 34 35 51 39 17 48 57 26 48 29 11 33 49 73 64 17 10 60 39 67 6 21 21 68 33 25 76 33 0 3 70 19 40 39 26 53 74 12 1 68 5 46 41 27 28 53 72 47 61 28 76 29 11 64 18 42 46 60 55 12 71
run=13 seed=12 k=77 f=0
0 18 57 74 58 42 15 76 48 46 52 2 67 18 21 14 51 6 36 30 54 0 58 76 37 9 43 29 71 59 51 68 67 32 63 49 45 30 27 4 72 38 62 31 73 40 23 12 20 0 42 72 43 65 8 70 11 27 21 20 15 71 67 24 19 74 58 19 26 9 1 6 52 63 9 56 36 21 76 44
run=14 seed=13 k=77 f=0
28 41 43 58 5 7 49 71 76 26 47 11 21 42 65 23 39 34 53 13 12 59 15 16 75 25 4 50 27 1 26 40 75 39 72 0 74 2 35 19 27 39 7 47 69 19 11 40 53 34 66 63 0 4 15 18 30 4 28 75 70 0 61 25 68 62 62 65 34 60 41 56 56 67 31 7 54 12 50 0
run=15 seed=14 k=77 f=0
35 14 69 29 51 72 76 34 59 37 74 62 16 64 56 57 51 65 64 51 33 57 25 46 73 1 10 72 7 48 42 41 56 65 29 3 58 39 75 43 9 27 31 10 5 8 16 17 1 18 69 0 56 51 21 22 49 39 66 44 70 40 6 5 40 7 26 22 75 22 33 69 0 20 0 57 9 50 16 62
run=16 seed=15 k=77 f=0
76 33 64 39 49 49 14 18 2 58 33 53 11 40 26 71 49 62 61 28 47 7 14 28 40 8 40 60 4 65 4 50 38 60 11 21 65 28 32 35 51 76 10 13 24 70 25 69 19 73 34 67 69 51 75 48 56 6 56 13 25 23 63 8 7 72 1 11 21 44 71 60 32 4 44 0 0 55 29 42
run=17 seed=16 k=77 f=0
27 4 38 10 48 14 60 13 18 75 74 47 46 1 64 74 31 21 20 35 74 20 14 44 41 51 27 76 56 33 28 58 35 69 69 59 22 2 75 43 65 64 51 7 42 44 1 0 72 76 15 24 15 27 32 56 62 23 51 23 11 31 62 76 50 52 68 67 59 1 30 8 56 3 52 39 9 48 5 16
run=18 seed=17 k=77 f=0
34 39 65 2 36 0 25 9 42 44 0 58 57 53 30 73 76 64 28 24 46 32 43 20 14 12 54 31 29 41 71 63 11 60 63 68 2 12 3 39 16 75 64 55 14 17 69 41 42 54 38 9 58 76 76 19 67 66 57 17 10 6 3 31 49 26 76 33 0 43 76 73 27 21 51 63 22 46 24 47
run=19 seed=18 k=77 f=0
38 31 11 36 64 76 55 6 75 36 57 74 32 11 61 11 36 4 27 1 57 23 68 19 30 49 20 39 30 69 62 48 46 0 29 0 0 44 15 75 39 39 10 69 74 16 42 10 59 25 22 53 16 68 46 49 13 60 15 3 12 27 48 35 54 75 60 28 1 66 72 38 53 44 33 48 19 23 4 9
run=20 seed=19 k=77 f=0
48 39 10 74 76 1 39 23 35 34 1 14 67 67 45 0 36 73 42 57 33 67 73 27 57 1 9 19 72 35 53 68 56 48 60 76 53 24 23 10 50 60 24 8 70 15 57 66 36 66 47 51 31 26 2 7 5 13 26 30 43 61 46 38 33 18 17 44 22 65 10 28 23 41 76 0 42 32 65 29
