run=1 seed=0 k=76 f=0
60 34 41 0 31 26 61 2 75 45 58 47 58 67 65 10 64 74 75 28 67 72 27 67 1 50 11 7 10 39 67 42 52 7 36 43 5 72 0 12 57 20 14 36 59 33 47 16 35 14 23 25 49 24 19 53 14 42 47 73 5 56 72 41 32 41 7 65 53 17 12 51 47 22 14 65 3 21 55 75
run=2 seed=1 k=76 f=0
60 34 41 0 31 26 61 2 75 45 58 47 58 67 65 10 64 74 75 28 67 72 27 67 1 50 11 7 10 39 67 42 52 7 36 43 5 72 0 12 57 20 14 36 59 33 47 16 35 14 23 25 49 24 19 53 14 42 47 73 5 56 72 41 32 41 7 65 53 17 12 51 47 22 14 65 3 21 55 75
run=3 seed=2 k=76 f=0
49 35 66 26 43 62 56 64 5 23 53 0 61 69 0 57 66 4 22 38 2 1 73 42 43 50 10 47 68 40 11 29 74 10 75 0 12 25 38 17 14 27 64 17 73 45 32 10 42 35 14 37 27 75 8 70 73 9 31 46 34 37 21 54 54 54 32 72 50 62 71 59 26 19 17 5 2 68 51 58
run=4 seed=3 k=76 f=0
34 8 24 44 21 16 73 50 62 64 30 8 45 36 53 17 35 58 57 23 72 10 5 5 41 15 44 38 56 42 58 14 42 20 10 25 27 6 0 44 48 0 52 50 69 3 57 75 58 66 31 53 16 33 4 29 16 75 66 72 31 38 27 28 11 37 65 38 72 63 75 70 0 75 67 39 28 9 58 0
run=5 seed=4 k=76 f=0
6 33 68 38 0 13 45 15 75 59 43 0 42 49 47 17 64 73 0 21 53 72 73 41 44 6 61 22 56 36 58 5 67 21 43 20 62 12 45 16 9 22 0 49 6 63 8 57 3 28 71 7 47 55 37 51 30 52 2 10 61 1 24 23 74 75 29 51 27 34 63 37 62 36 28 25 69 37 33 75
run=6 seed=5 k=76 f=0
39 45 58 28 0 66 35 6 1 65 63 1 24 54 74 44 59 10 24 18 62 54 66 16 18 8 26 53 16 31 70 55 57 67 7 7 56 5 63 73 45 42 29 0 11 75 45 75 40 50 44 37 58 17 31 16 73 35 27 59 28 35 3 42 34 32 48 40 46 74 69 69 27 51 23 54 18 70 50 24
run=7 seed=6 k=76 f=0
9 37 73 41 72 30 6 75 26 14 19 43 11 1 63 35 60 68 54 35 67 43 0 62 71 0 63 5 53 32 61 44 74 15 44 45 60 19 27 8 10 8 70 23 13 67 59 16 33 23 62 53 52 51 22 23 50 46 39 72 20 5 27 38 37 26 0 8 33 14 71 54 50 20 0 3 65 58 15 75
run=8 seed=7 k=76 f=0
54 39 43 54 55 47 0 23 4 9 53 73 55 66 11 73 57 32 15 47 68 35 16 75 25 68 17 61 36 68 21 38 7 48 75 29 31 20 68 45 52 44 15 20 71 74 60 38 9 35 1 17 50 20 35 75 75 49 8 27 2 12 65 68 0 44 62 29 27 10 61 69 1 54 13 41 0 43 33 6
run=9 seed=8 k=76 f=0
36 64 71 25 59 43 42 29 0 11 39 14 68 0 7 13 64 6 30 9 15 2 1 12 28 48 69 1 48 61 23 47 0 67 75 19 42 51 46 6 60 69 31 75 51 54 19 53 21 16 5 47 39 33 27 10 31 72 42 24 41 20 53 28 72 59 66 62 34 55 9 19 48 40 75 38 21 58 19 56
run=10 seed=9 k=76 f=0
75 38 24 37 42 30 44 75 52 12 48 24 42 67 57 47 41 56 59 20 13 24 14 1 72 2 32 56 41 61 27 41 20 56 49 50 22 33 68 59 7 69 7 64 65 7 33 42 61 15 51 74 51 66 3 0 69 54 5 2 37 6 31 71 35 1 11 61 36 15 20 11 36 21 16 28 26 26 22 11
run=11 seed=10 k=76 f=0
66 73 64 33 26 59 75 51 71 11 31 38 44 53 17 31 57 46 1 0 28 68 39 39 22 4 17 39 68 15 18 59 9 9 32 49 69 24 33 48 57 60 36 17 46 21 0 75 0 55 54 20 63 47 1 25 13 75 66 6 26 70 5 32 20 38 26 11 62 13 8 36 0 52 41 75 74 55 14 8
run=12 seed=11 k=76 f=0
21 36 14 53 75 28 1 69 64 31 48 44 60 7 38 27 9 75 34 2 47 8 63 10 17 23 12 6 35 25 70 21 43 33 50 60 23 69 75 0 48 3 44 67 59 41 17 52 1 61 19 17 15 72 42 63 11 74 37 62 13 59 45 18 16 37 0 75 60 53 27 36 6 0 59 7 69 37 55 29
run=13 seed=12 k=76 f=0
5 27 44 17 20 39 10 41 61 28 69 33 37 65 4 0 72 11 14 24 50 32 28 50 56 70 4 66 62 54 8 14 75 65 58 57 61 19 24 23 35 6 73 20 48 1 75 65 47 25 14 2 15 52 73 15 8 64 50 49 75 59 9 1 44 28 30 36 14 0 74 47 70 44 20 66 46 46 38 33
run=14 seed=13 k=76 f=0
71 3 70 39 24 46 65 52 58 38 62 35 56 50 51 58 45 65 64 14 30 34 5 15 35 16 69 62 10 69 27 29 36 23 69 8 47 37 43 19 51 25 12 1 75 75 9 56 68 31 74 1 39 1 15 47 20 24 62 1 65 75 14 6 21 2 27 47 58 55 13 4 20 41 42 30 30 51 74 37
run=15 seed=14 k=76 f=0
16 56 51 8 63 39 14 18 75 50 58 38 16 74 60 0 35 10 32 52 0 73 47 74 21 21 44 32 51 32 65 65 58 62 68 67 23 7 42 59 52 11 27 26 3 26 43 48 49 0 67 41 14 36 27 50 33 63 28 28 55 66 8 19 9 75 3 33 6 21 0 4 53 41 1 75 20 35 75 14
run=16 seed=15 k=76 f=0
45 41 30 59 8 14 52 72 67 48 47 24 27 66 43 0 69 21 23 37 33 0 41 0 75 2 0 21 68 12 5 19 33 42 39 66 56 19 57 14 7 36 12 7 50 25 33 52 3 73 41 27 68 10 57 67 68 52 33 51 5 67 10 40 40 14 74 7 2 17 49 56 59 29 62 74 74 27 22 61
run=17 seed=16 k=76 f=0
41 61 5 72 49 70 66 43 61 31 68 73 47 1 48 32 35 52 48 6 3 59 72 34 11 25 52 16 39 12 45 36 24 30 10 7 37 10 30 56 74 31 53 0 37 0 50 58 30 57 16 42 1 39 67 75 64 59 3 8 2 8 20 44 65 20 15 16 20 57 20 73 63 18 20 2 73 75 46 27
run=18 seed=17 k=76 f=0
34 62 47 33 46 10 41 35 10 55 75 56 66 36 74 57 60 50 40 59 46 60 37 0 66 57 5 38 15 47 52 43 66 24 0 57 27 19 13 49 5 67 2 17 23 52 14 24 41 16 6 27 73 66 67 8 58 28 5 38 10 30 19 37 49 73 75 26 9 0 75 18 5 74 0 26 73 43 75 15
run=19 seed=18 k=76 f=0
16 5 19 29 38 65 35 72 43 53 39 75 10 17 2 43 54 57 59 11 0 23 75 41 20 67 27 25 18 48 16 51 51 3 61 73 45 20 45 22 0 33 55 25 71 57 65 32 69 47 30 10 43 75 0 74 59 34 47 1 10 12 64 75 21 35 7 1 70 36 53 61 70 33 15 65 31 0 6 42
run=20 seed=19 k=76 f=0
10 8 16 75 66 75 35 17 57 39 5 28 69 2 61 57 10 38 16 0 15 60 23 24 75 47 61 51 37 42 63 47 65 9 45 31 25 35 59 71 73 54 23 0 30 25 51 54 44 0 57 32 0 66 75 0 2 49 2 64 5 69 66 13 39 49 45 33 15 48 53 70 28 15 73 5 56 19 39 24
