run=1 seed=0 k=79 f=0
6 10 27 44 50 40 19 59 3 21 30 63 29 67 68 11 64 30 0 54 74 1 19 78 45 56 39 33 9 75 42 78 14 64 27 47 65 40 26 47 35 40 50 22 24 11 37 56 16 8 2 11 64 73 75 27 52 77 56 48 69 0 30 49 71 9 65 22 0 17 7 65 72 51 50 57 37 36 3 54
run=2 seed=1 k=79 f=0
6 10 27 44 50 40 19 59 3 21 30 63 29 67 68 11 64 30 0 54 74 1 19 78 45 56 39 33 9 75 42 78 14 64 27 47 65 40 26 47 35 40 50 22 24 11 37 56 16 8 2 11 64 73 75 27 52 77 56 48 69 0 30 49 71 9 65 22 0 17 7 65 72 51 50 57 37 36 3 54
run=3 seed=2 k=79 f=0
59 6 64 1 1 33 70 64 37 76 5 0 26 31 44 77 31 26 51 48 65 29 69 42 1 31 31 27 18 12 57 57 78 51 21 9 59 71 72 64 27 53 19 68 68 17 78 20 44 22 6 39 36 9 48 0 17 55 48 27 63 55 41 13 64 40 1 24 8 39 57 13 46 16 43 14 54 15 9 73
run=4 seed=3 k=79 f=0
78 48 34 7 17 71 54 0 78 25 59 11 48 66 59 4 14 64 65 28 64 76 22 57 67 18 6 31 39 50 15 16 1 14 73 10 5 26 50 49 77 23 24 44 7 44 26 37 39 75 0 59 76 64 39 42 74 58 36 55 1 32 76 25 29 16 19 68 0 71 58 48 53 73 35 21 9 26 43 23
run=5 seed=4 k=79 f=0
40 10 27 70 0 8 45 29 78 49 1 6 35 58 12 63 50 15 0 23 14 36 31 73 18 58 67 30 47 52 56 14 48 23 5 18 20 0 78 74 69 65 1 56 46 63 10 64 72 39 76 65 70 3 35 18 61 70 0 56 24 0 42 26 26 51 32 51 22 34 46 43 77 23 73 13 41 4 10 15
run=6 seed=5 k=79 f=0
17 73 10 46 30 0 16 43 71 38 77 24 0 47 56 38 30 30 73 63 20 60 75 36 66 65 30 39 36 8 58 53 56 52 20 8 43 8 50 67 2 50 47 78 0 24 35 24 56 28 12 76 16 78 8 29 27 55 43 69 6 60 16 11 42 68 65 4 58 61 16 15 5 49 0 31 2 45 0 12
run=7 seed=6 k=79 f=0
51 42 24 3 71 33 75 35 41 25 15 6 21 36 57 7 11 14 45 25 62 9 45 24 57 15 49 0 42 57 63 75 63 50 76 0 8 58 30 30 17 25 3 40 17 64 21 8 69 67 12 51 51 32 10 29 35 78 1 53 32 0 26 48 56 46 78 9 63 69 4 58 69 28 1 78 16 20 66 22
run=8 seed=7 k=79 f=0
52 61 43 1 58 32 23 78 32 50 15 6 75 33 63 78 66 70 69 70 5 30 17 23 44 73 37 15 46 58 70 4 41 68 0 78 46 34 35 55 53 24 12 16 78 51 7 9 21 35 0 43 49 14 21 46 64 58 25 71 17 48 35 0 2 15 60 59 72 64 10 22 4 63 42 26 10 28 8 27
run=9 seed=8 k=79 f=0
70 2 12 75 27 45 44 24 40 19 76 12 13 59 50 65 62 1 51 19 23 70 30 63 8 0 36 16 32 39 56 66 78 16 41 5 54 29 41 2 72 59 67 56 38 32 53 35 1 27 78 78 73 62 10 26 42 47 55 49 36 74 72 13 16 67 26 57 51 23 35 48 40 24 6 60 69 15 19 31
run=10 seed=9 k=79 f=0
48 76 62 14 27 0 78 27 22 53 70 21 39 73 36 24 27 54 18 61 10 20 1 77 51 51 43 51 31 63 24 77 60 38 34 27 68 56 72 78 35 49 48 68 1 46 55 9 16 72 74 44 33 6 65 32 0 74 69 57 67 31 37 22 53 26 38 34 3 1 62 8 15 45 0 10 14 4 59 71
run=11 seed=10 k=79 f=0
78 2 22 46 8 68 53 15 66 18 34 2 5 32 11 66 6 18 0 40 30 63 13 35 75 60 48 36 28 41 75 75 12 78 67 52 62 41 31 25 60 56 68 59 61 0 8 44 20 71 59 78 30 31 41 29 71 21 44 73 50 30 55 54 73 15 25 57 0 22 11 22 7 51 25 45 52 39 32 15
run=12 seed=11 k=79 f=0
17 72 35 23 64 27 54 62 77 17 13 6 26 55 44 61 66 34 33 53 12 69 1 10 37 13 30 39 69 41 61 2 0 17 78 76 37 57 24 22 51 33 30 52 9 46 7 60 9 63 76 10 19 0 29 48 68 74 15 58 43 78 46 47 68 47 41 68 0 38 43 39 70 23 25 15 44 6 28 52
run=13 seed=12 k=79 f=0
2 73 67 78 15 40 13 47 42 7 38 13 24 61 57 45 10 8 68 71 36 77 2 49 27 19 53 0 56 8 22 14 76 34 55 13 9 1 54 26 45 0 64 21 34 56 24 59 16 29 75 44 58 2 69 53 49 36 68 26 60 72 78 16 24 58 30 32 35 40 33 4 54 18 64 8 75 65 19 64
run=14 seed=13 k=79 f=0
8 75 17 7 10 69 66 18 56 67 70 26 66 57 63 24 27 54 14 35 23 11 49 60 75 72 9 55 40 33 18 78 0 77 15 51 49 6 22 62 32 60 6 34 39 40 25 27 35 32 12 33 48 50 1 44 78 41 9 0 12 78 58 11 76 56 43 47 46 71 0 0 15 36 3 58 76 65 0 69
run=15 seed=14 k=79 f=0
8 69 16 59 65 32 71 76 7 75 45 72 72 17 25 35 65 43 24 50 48 38 45 69 57 78 2 77 57 62 16 17 60 2 55 40 4 54 53 24 46 6 59 78 24 23 14 0 63 41 21 33 42 32 0 47 14 28 78 36 13 53 0 22 75 34 16 67 9 64 0 35 65 16 54 30 46 49 18 40
run=16 seed=15 k=79 f=0
48 55 73 43 26 8 49 30 35 77 73 4 21 39 51 9 21 54 14 56 48 40 48 60 58 14 39 47 47 54 0 66 75 61 71 1 54 0 22 30 44 16 37 67 75 9 19 27 40 0 72 7 8 27 65 66 11 2 65 64 51 22 77 45 53 61 39 78 16 37 31 14 32 41 0 59 52 18 36 61
run=17 seed=16 k=79 f=0
28 48 78 9 32 78 72 16 29 45 70 2 71 18 43 23 78 34 70 40 78 37 32 9 69 65 64 22 42 53 2 55 0 22 39 54 22 58 45 26 16 77 27 62 71 45 5 40 49 34 34 57 15 56 63 67 4 41 10 26 51 4 2 68 33 41 20 1 73 64 0 22 47 53 61 77 2 13 61 13
run=18 seed=17 k=79 f=0
56 33 18 8 72 35 36 17 52 5 6 23 40 28 59 33 73 23 24 28 19 50 21 63 0 27 74 25 73 32 47 37 16 69 37 3 56 73 32 52 54 0 76 71 7 78 24 78 49 46 4 66 56 0 44 12 28 65 29 50 9 52 12 0 40 8 47 65 78 61 14 12 7 65 59 69 18 40 45 59
run=19 seed=18 k=79 f=0
55 51 45 9 44 72 15 7 53 67 57 51 73 78 18 69 74 22 0 13 6 0 27 38 4 32 31 22 37 19 69 45 8 49 29 18 16 62 69 62 34 77 9 45 33 27 36 28 28 75 58 2 2 60 17 59 36 48 37 2 7 1 58 50 50 52 63 64 51 30 43 77 33 9 70 10 11 78 15 39
run=20 seed=19 k=79 f=0
36 20 43 14 40 57 8 26 61 16 44 11 77 77 31 62 65 42 44 78 16 36 14 66 71 1 70 7 76 58 50 10 3 65 47 75 44 2 61 35 19 66 12 50 29 53 18 28 69 56 20 24 0 78 67 71 54 31 78 48 41 8 44 73 10 30 16 31 1 31 36 21 78 32 1 53 60 23 4 74
