run=1 seed=0 k=70 f=0
46 46 37 6 65 18 0 62 29 27 2 47 13 39 13 20 11 33 52 67 49 38 49 0 40 22 12 14 14 9 68 42 27 68 59 7 43 56 34 34 16 69 61 69 34 15 48 39 65 50 0 46 21 58 52 29 32 57 2 28 4 51 66 10 66 5 60 54 17 20 28 21 4 59 24 60 6 13 27 0
run=2 seed=1 k=70 f=0
46 46 37 6 65 18 0 62 29 27 2 47 13 39 13 20 11 33 52 67 49 38 49 0 40 22 12 14 14 9 68 42 27 68 59 7 43 56 34 34 16 69 61 69 34 15 48 39 65 50 0 46 21 58 52 29 32 57 2 28 4 51 66 10 66 5 60 54 17 20 28 21 4 59 24 60 6 13 27 0
run=3 seed=2 k=70 f=0
69 39 68 15 21 52 9 13 37 37 1 9 35 63 47 57 24 3 46 67 65 40 8 28 66 31 43 10 66 54 23 56 9 22 31 0 24 7 57 68 21 46 68 41 1 49 63 62 61 58 54 4 59 0 51 4 49 50 17 38 21 13 39 36 37 16 18 28 13 26 69 18 24 33 32 14 45 32 0 58
run=4 seed=3 k=70 f=0
43 22 67 1 41 7 23 40 35 69 49 0 46 9 32 69 11 62 59 65 52 61 51 50 37 58 13 45 28 10 54 4 68 53 18 15 25 38 4 34 45 56 42 0 13 15 31 36 54 12 64 52 4 44 28 37 16 29 23 43 15 30 60 17 29 7 23 55 61 50 11 22 12 2 69 20 0 54 2 67
run=5 seed=4 k=70 f=0
69 3 30 2 37 33 35 53 58 0 2 40 43 27 53 32 0 62 63 69 37 17 46 20 55 43 12 22 57 31 46 23 11 26 59 47 64 24 5 42 41 69 39 40 64 9 46 0 14 13 10 69 27 68 51 58 2 8 27 26 50 7 66 49 26 51 55 39 17 16 69 48 16 23 63 33 8 25 19 33
run=6 seed=5 k=70 f=0
49 44 32 2 22 16 8 27 22 6 42 46 20 48 45 1 20 32 34 62 69 20 35 42 26 64 53 63 22 35 26 34 69 48 0 0 60 4 19 56 50 68 33 8 5 69 57 26 31 55 12 14 52 39 35 12 45 59 5 59 2 53 12 2 11 37 58 13 67 29 42 4 64 19 0 64 28 38 69 39
run=7 seed=6 k=70 f=0
34 5 35 23 1 69 56 61 66 25 24 64 65 51 52 58 0 50 49 34 30 18 10 15 47 8 10 48 7 52 28 54 57 29 32 0 16 24 11 20 20 44 44 7 17 0 9 41 8 62 15 42 61 47 69 63 38 39 54 28 19 0 26 31 64 4 25 16 62 39 31 44 19 35 38 55 7 65 69 13
run=8 seed=7 k=70 f=0
62 1 52 69 15 69 63 67 59 52 5 19 41 6 5 13 1 32 56 0 34 53 37 38 59 24 51 66 55 12 13 25 12 0 34 29 67 25 6 57 67 40 19 22 44 46 21 47 5 43 66 24 56 11 61 35 57 28 9 0 8 6 47 59 19 47 0 35 69 46 12 13 42 67 31 34 43 52 19 50
run=9 seed=8 k=70 f=0
62 24 69 37 42 43 64 49 6 53 10 24 26 17 45 28 56 68 69 25 55 16 12 54 0 57 33 59 55 35 38 42 9 44 9 26 19 69 46 39 39 65 50 19 1 30 2 34 44 13 48 0 69 22 32 69 10 66 32 15 3 5 45 24 16 0 0 16 25 35 58 67 50 61 58 2 63 39 21 49
run=10 seed=9 k=70 f=0
61 5 45 0 30 38 40 68 33 47 37 13 68 59 57 55 14 69 68 52 15 60 68 25 8 69 44 26 63 49 67 8 53 27 53 18 40 60 41 34 58 23 15 45 48 19 11 0 49 9 56 69 21 52 9 35 4 28 23 32 53 5 48 16 32 31 10 61 19 3 11 26 21 39 2 24 3 34 0 41
run=11 seed=10 k=70 f=0
18 28 68 37 60 58 1 69 52 47 47 51 68 30 4 36 60 3 52 2 58 27 51 29 0 28 17 64 18 5 7 62 39 18 0 0 48 5 33 24 13 62 53 47 37 10 59 9 31 57 11 54 17 45 11 41 20 43 6 1 24 14 69 21 23 28 69 23 39 65 60 40 25 60 35 43 69 62 13 46
run=12 seed=11 k=70 f=0
41 42 33 48 23 23 55 51 40 53 60 18 38 4 24 2 61 69 35 16 63 44 69 63 46 15 0 54 1 35 64 69 0 11 47 56 11 19 6 20 18 10 26 30 8 28 66 48 3 63 56 67 32 2 61 4 29 37 52 30 67 37 12 6 69 51 12 7 29 47 26 32 59 26 20 63 38 19 26 0
run=13 seed=12 k=70 f=0
32 44 37 18 32 62 12 52 47 14 25 9 17 65 5 47 67 40 38 30 1 45 2 25 61 62 69 64 33 17 55 12 0 3 0 69 65 9 21 47 10 0 69 54 4 67 59 46 37 52 41 58 18 30 51 29 45 26 20 58 43 69 35 7 57 53 14 1 38 50 29 58 21 28 36 2 26 6 10 18
run=14 seed=13 k=70 f=0
62 41 36 27 59 28 44 29 10 11 68 0 67 68 51 57 60 68 69 44 47 0 38 19 17 4 14 50 58 48 61 55 10 53 0 45 39 9 31 43 23 11 10 0 30 61 19 54 32 15 25 21 16 69 37 27 0 6 67 44 39 14 29 43 3 60 37 0 53 14 61 24 48 32 38 51 31 24 51 9
run=15 seed=14 k=70 f=0
6 42 41 32 15 44 46 7 12 26 48 34 30 50 68 0 17 19 0 42 60 54 43 25 9 52 20 62 63 69 52 0 34 24 10 51 23 39 20 57 41 26 66 68 21 64 36 13 15 18 45 67 1 3 35 9 52 64 24 52 57 52 34 2 65 1 59 57 42 11 6 31 29 36 17 57 0 40 51 28
run=16 seed=15 k=70 f=0
37 40 37 66 37 69 44 69 23 55 56 60 60 24 50 8 20 31 62 63 27 0 38 15 27 14 44 11 23 38 25 35 25 18 42 8 40 69 19 60 31 49 68 56 57 9 62 44 47 3 7 31 1 55 65 54 14 47 53 34 15 49 0 6 53 2 0 50 15 69 0 14 20 64 29 43 3 65 69 51
run=17 seed=16 k=70 f=0
8 24 47 12 7 54 42 30 64 15 40 15 19 31 58 1 9 47 48 35 67 61 19 63 44 35 48 61 4 47 15 8 0 52 21 31 1 58 20 65 59 56 9 24 40 1 20 15 37 67 30 0 50 27 69 35 45 52 37 64 39 69 69 29 69 11 40 23 55 53 2 57 34 27 69 11 41 59 30 47
run=18 seed=17 k=70 f=0
19 57 53 43 29 7 59 40 63 57 55 69 29 0 12 37 57 25 13 34 46 11 27 52 63 69 18 10 24 48 27 3 42 0 23 0 53 61 48 5 69 2 66 68 3 20 68 61 7 24 0 64 35 35 44 37 39 0 69 10 39 47 17 16 26 15 33 12 14 59 54 48 12 57 30 36 37 56 44 49
run=19 seed=18 k=70 f=0
32 10 68 50 36 7 24 10 1 57 36 18 1 24 12 2 50 68 66 67 64 69 67 58 26 41 5 25 64 0 44 20 48 5 12 0 42 69 54 29 33 29 51 14 0 62 54 39 52 59 32 42 67 33 48 18 11 18 58 42 3 44 9 29 17 19 23 29 1 9 41 52 53 17 45 24 68 62 36 61
run=20 seed=19 k=70 f=0
7 46 56 22 17 59 14 10 42 8 46 27 5 69 29 54 6 28 14 16 30 28 36 0 0 67 25 12 65 37 3 54 22 60 40 69 46 38 56 31 4 56 23 41 34 1 69 34 68 39 48 50 65 49 26 52 21 27 14 16 43 69 47 11 44 11 50 63 59 0 26 34 17 44 20 34 0 63 69 22
