run=1 seed=0 k=68 f=0
0 66 0 50 51 23 67 48 22 42 26 18 54 67 63 20 67 41 43 14 35 8 60 51 35 39 42 38 32 63 17 66 35 32 25 16 12 44 55 15 67 54 53 67 31 57 41 60 20 26 24 58 43 16 10 27 63 12 44 67 41 31 1 14 28 1 8 5 34 6 0 31 55 12 0 36 3 27 51 46
run=2 seed=1 k=68 f=0
0 66 0 50 51 23 67 48 22 42 26 18 54 67 63 20 67 41 43 14 35 8 60 51 35 39 42 38 32 63 17 66 35 32 25 16 12 44 55 15 67 54 53 67 31 57 41 60 20 26 24 58 43 16 10 27 63 12 44 67 41 31 1 14 28 1 8 5 34 6 0 31 55 12 0 36 3 27 51 46
run=3 seed=2 k=68 f=0
47 58 29 46 44 7 58 62 54 16 26 58 27 53 1 24 19 14 13 67 66 32 49 30 11 11 46 14 20 52 37 11 39 40 65 22 20 61 4 10 50 44 4 0 21 0 8 54 2 67 52 35 31 22 6 66 41 67 29 11 25 43 39 61 61 56 67 36 24 31 36 21 34 55 17 67 0 60 3 51
run=4 seed=3 k=68 f=0
16 25 67 28 19 52 56 30 49 55 53 58 57 0 19 51 54 61 59 35 39 66 34 0 12 7 45 61 39 9 0 6 67 22 47 37 5 30 4 66 28 18 52 44 9 14 1 9 47 46 8 25 44 36 32 47 67 20 42 48 67 37 62 30 47 20 24 59 8 21 16 67 4 17 42 66 38 31 1 14
run=5 seed=4 k=68 f=0
36 31 55 46 35 52 29 15 10 23 67 38 58 64 38 6 50 42 45 57 37 1 34 25 20 2 42 2 61 33 66 32 67 20 29 17 46 24 55 18 4 6 60 59 22 39 57 9 0 15 32 57 51 65 14 25 66 42 11 19 12 16 66 33 31 19 0 23 44 26 13 1 29 63 48 65 6 48 0 38
run=6 seed=5 k=68 f=0
0 57 14 60 0 53 9 35 26 40 11 0 26 51 43 32 0 25 46 56 35 17 7 67 67 0 64 27 58 45 2 18 31 30 12 60 16 47 12 46 2 24 13 39 34 67 55 7 56 22 15 22 46 48 67 65 5 42 36 41 30 61 19 44 24 60 18 45 32 52 32 6 12 50 2 65 61 49 57 38
run=7 seed=6 k=68 f=0
59 24 48 13 40 47 54 60 33 57 17 67 27 15 58 66 37 30 53 24 43 10 58 36 4 39 8 44 10 49 35 67 67 21 22 8 36 14 19 9 31 0 6 15 53 3 40 24 49 28 35 31 12 63 66 65 2 12 17 57 6 7 28 56 42 54 0 43 49 48 0 54 52 42 28 63 0 43 48 62
run=8 seed=7 k=68 f=0
28 55 19 29 45 44 49 40 45 26 51 35 19 1 37 23 26 0 22 35 8 23 56 58 8 67 57 31 26 10 0 26 67 15 58 51 47 28 0 6 30 0 10 16 66 1 33 35 57 6 50 36 18 58 10 61 37 47 41 67 12 52 34 24 13 63 7 9 67 60 67 17 62 38 65 39 16 40 0 50
run=9 seed=8 k=68 f=0
37 64 34 1 37 48 67 52 63 56 7 67 43 28 15 42 49 12 30 13 49 29 9 57 19 25 45 5 15 44 25 32 67 11 63 9 33 25 61 34 53 0 19 25 55 39 59 18 65 60 53 43 31 48 20 37 10 0 58 29 58 32 67 40 42 20 1 22 0 22 16 2 62 4 18 2 10 52 28 16
run=10 seed=9 k=68 f=0
42 23 19 43 52 58 2 6 65 44 60 43 66 4 53 4 1 34 36 35 45 67 28 67 45 10 11 39 16 21 14 20 10 49 67 20 30 17 55 58 62 54 55 51 2 30 13 28 56 35 37 11 34 58 27 29 1 12 17 3 24 14 54 45 47 22 1 0 34 31 3 49 23 67 40 11 21 62 36 49
run=11 seed=10 k=68 f=0
0 55 29 66 58 44 53 57 49 67 67 52 15 35 44 21 18 13 58 40 8 32 56 23 10 20 16 32 14 19 45 31 67 24 11 16 65 57 41 52 3 40 17 52 9 0 45 7 6 8 45 0 24 38 19 6 23 67 39 63 26 28 46 60 49 34 33 7 43 8 66 62 39 67 11 28 27 61 31 63
run=12 seed=11 k=68 f=0
14 30 32 5 26 45 67 10 63 49 35 14 39 65 21 3 12 61 8 30 19 60 45 30 67 57 59 50 65 21 1 46 55 40 19 23 46 65 62 54 16 41 57 37 43 52 29 67 53 48 57 42 14 15 6 14 3 21 27 2 28 10 58 20 40 29 0 20 32 52 0 4 26 17 0 31 0 49 37 62
run=13 seed=12 k=68 f=0
16 54 30 21 6 67 67 27 63 17 6 1 41 58 39 52 59 2 0 36 55 20 67 23 19 48 44 28 14 61 44 55 8 54 11 30 26 51 49 23 36 37 13 37 63 13 34 44 64 59 29 42 1 4 48 8 7 8 0 66 27 12 34 32 61 67 55 1 32 40 10 22 27 45 47 19 66 63 46 3
run=14 seed=13 k=68 f=0
42 17 51 23 56 0 58 3 67 48 63 13 43 31 63 67 33 35 36 58 37 44 8 67 20 13 29 43 47 18 30 43 19 9 5 10 11 66 63 15 25 37 40 51 0 37 27 58 28 40 6 24 51 0 11 65 0 60 49 27 66 23 41 46 47 19 28 17 39 0 15 8 13 58 52 53 65 4 0 52
run=15 seed=14 k=68 f=0
14 48 67 28 45 34 9 26 40 22 1 20 8 9 36 40 36 49 8 65 16 45 27 25 67 47 12 8 67 13 67 54 67 53 16 52 44 31 38 66 31 54 19 59 31 18 64 43 0 59 35 0 2 0 59 2 60 1 58 9 61 5 10 17 19 52 0 6 30 2 46 31 21 15 35 61 53 30 51 24
run=16 seed=15 k=68 f=0
59 46 41 25 52 35 31 67 11 23 15 34 65 39 54 19 22 52 53 20 45 38 3 4 49 1 5 19 63 26 2 37 45 7 47 11 20 35 38 30 0 8 65 27 10 59 49 20 47 65 51 0 29 17 67 57 11 66 57 19 56 41 40 13 30 56 67 46 15 4 16 55 8 64 0 24 61 0 13 37
run=17 seed=16 k=68 f=0
8 18 13 0 27 53 6 43 21 45 13 49 52 36 27 38 43 28 14 65 3 35 0 67 25 65 56 6 39 0 64 29 41 17 21 31 13 21 56 30 6 67 29 60 56 60 26 22 0 38 10 60 35 47 67 12 44 56 15 27 32 45 65 11 48 28 0 38 11 2 27 5 15 57 52 67 1 49 8 50
run=18 seed=17 k=68 f=0
28 44 1 46 49 7 12 60 38 0 10 67 21 40 14 23 0 0 1 55 30 43 35 57 56 56 44 15 38 19 29 1 67 52 56 43 48 13 61 21 52 49 2 50 59 24 4 35 3 28 45 31 36 65 25 64 37 67 7 0 5 15 16 45 14 65 20 17 11 23 33 28 40 61 32 8 66 11 45 38
run=19 seed=18 k=68 f=0
28 0 27 11 9 51 51 67 55 35 48 21 61 46 47 33 63 61 58 19 30 7 51 17 42 63 61 37 30 36 15 6 67 31 29 44 20 47 13 41 0 1 55 0 25 0 60 8 27 19 52 57 46 40 67 44 11 9 19 63 40 22 26 42 23 39 36 43 15 4 67 32 13 4 23 38 2 55 0 50
run=20 seed=19 k=68 f=0
11 30 60 0 27 38 17 13 25 41 0 32 18 1 21 35 39 28 59 5 24 57 47 22 67 50 44 59 20 66 19 59 67 29 32 31 10 28 18 56 41 40 62 54 6 41 6 47 44 35 65 67 44 67 52 44 55 59 14 7 51 5 28 61 6 33 0 34 10 46 51 18 18 60 49 0 20 42 2 47
