run=1 seed=0 k=72 f=0
12 1 9 71 11 5 2 28 33 39 71 8 50 28 59 23 60 36 53 7 35 21 15 61 32 26 63 67 19 55 41 18 30 65 22 39 1 59 24 34 45 0 58 46 32 46 12 19 11 17 29 46 19 54 58 48 42 50 7 49 27 66 68 51 0 17 71 57 71 65 35 42 57 9 38 15 2 0 40 14
run=2 seed=1 k=72 f=0
12 1 9 71 11 5 2 28 33 39 71 8 50 28 59 23 60 36 53 7 35 21 15 61 32 26 63 67 19 55 41 18 30 65 22 39 1 59 24 34 45 0 58 46 32 46 12 19 11 17 29 46 19 54 58 48 42 50 7 49 27 66 68 51 0 17 71 57 71 65 35 42 57 9 38 15 2 0 40 14
run=3 seed=2 k=72 f=0
20 55 29 71 48 27 0 69 47 8 43 27 16 34 8 71 34 64 44 14 62 24 12 36 55 55 26 71 0 15 21 55 70 51 41 61 4 57 31 53 7 52 63 50 31 9 60 13 66 43 7 16 10 18 0 38 37 43 22 37 58 42 64 56 53 48 0 64 62 14 24 1 32 5 33 71 26 8 4 9
run=4 seed=3 k=72 f=0
36 49 8 24 57 62 52 64 1 41 55 4 49 19 50 24 19 46 44 38 43 71 64 71 12 69 29 0 28 22 26 16 28 17 62 10 19 38 59 36 66 44 40 3 64 43 32 52 26 34 65 51 16 61 8 6 60 53 2 16 62 32 31 12 0 2 19 50 27 71 14 71 57 71 10 22 71 67 42 12
run=5 seed=4 k=72 f=0
64 33 17 51 25 47 34 69 3 36 39 66 58 46 26 71 13 21 35 44 5 0 36 71 45 70 18 10 2 30 23 54 27 8 30 0 27 10 51 71 19 19 48 40 68 61 22 57 48 0 15 53 3 43 61 64 40 0 58 57 43 1 27 33 8 71 14 12 19 30 65 33 52 31 48 42 6 6 65 38
run=6 seed=5 k=72 f=0
48 45 66 0 68 41 8 33 14 2 18 30 36 54 10 0 4 71 70 62 62 63 70 17 10 20 3 1 68 1 18 40 30 28 39 0 20 70 36 48 46 53 71 62 35 56 45 55 50 49 45 62 54 37 12 38 1 31 26 10 63 26 52 2 23 13 8 23 30 18 10 52 36 47 71 55 21 22 18 71
run=7 seed=6 k=72 f=0
0 40 24 2 68 13 45 49 10 54 32 54 49 25 58 70 24 23 52 19 55 38 62 40 18 39 62 0 5 15 55 71 61 20 60 20 36 26 36 32 26 24 10 47 21 65 57 71 12 71 22 16 62 31 36 68 62 35 52 45 65 35 2 4 6 15 30 54 7 70 43 42 56 7 0 58 46 9 44 71
run=8 seed=7 k=72 f=0
47 11 59 13 71 7 50 6 24 0 57 1 57 30 48 18 67 54 53 0 8 35 35 61 58 4 31 34 39 44 45 46 25 0 6 0 27 0 34 52 66 28 30 38 2 71 63 16 17 30 13 41 66 41 48 55 39 27 22 71 56 0 48 33 42 67 71 37 18 62 7 67 65 43 17 21 61 11 0 24
run=9 seed=8 k=72 f=0
71 0 1 51 60 0 37 53 33 9 24 41 70 46 15 65 59 58 6 0 9 70 25 14 0 71 38 13 10 33 57 71 50 28 29 31 15 37 18 2 25 65 47 23 71 17 7 64 5 43 30 53 31 60 36 20 50 33 38 57 27 6 16 28 57 23 39 10 66 1 42 61 45 32 43 64 19 10 71 42
run=10 seed=9 k=72 f=0
17 26 61 45 2 60 68 63 0 63 16 27 58 49 37 45 17 38 42 68 21 56 69 50 11 26 36 47 1 9 67 8 9 21 56 33 27 10 56 44 63 35 50 26 58 38 30 0 49 53 15 70 12 10 19 40 37 0 51 66 21 5 28 21 23 1 71 54 12 47 71 27 55 17 47 7 30 64 37 6
run=11 seed=10 k=72 f=0
37 60 69 53 13 8 59 31 36 59 0 69 0 38 8 42 24 53 71 15 22 66 50 30 13 20 58 34 44 15 71 71 20 26 68 0 45 55 52 10 36 25 37 66 21 9 40 59 65 39 16 51 47 1 2 47 9 71 34 59 34 16 59 40 13 62 46 24 19 8 46 48 3 25 51 26 30 26 0 42
run=12 seed=11 k=72 f=0
9 14 69 50 51 27 60 25 41 24 71 59 63 71 17 0 47 42 55 66 51 45 40 64 28 35 4 55 11 64 70 32 1 31 4 71 6 14 31 64 11 37 52 50 2 8 0 36 33 4 40 13 39 22 60 6 71 19 71 47 68 13 7 57 45 25 18 19 41 20 25 56 68 56 53 0 32 60 56 26
run=13 seed=12 k=72 f=0
7 60 50 63 8 71 45 61 14 29 35 14 54 38 19 39 36 20 51 4 46 8 48 14 0 28 66 50 42 53 12 50 26 0 58 61 13 39 18 24 67 26 41 46 1 71 29 0 0 5 20 14 29 36 67 68 24 27 63 66 49 31 9 59 42 63 36 41 47 1 7 24 55 65 20 36 2 67 18 71
run=14 seed=13 k=72 f=0
50 30 51 31 52 71 56 35 18 35 14 49 46 71 14 69 0 7 56 42 29 25 25 29 12 64 22 70 59 1 48 55 13 69 28 22 3 13 68 16 47 41 0 62 59 6 48 43 57 1 18 64 7 41 20 13 36 59 33 28 15 54 41 36 36 66 0 67 7 9 27 0 19 46 62 1 45 35 50 36
run=15 seed=14 k=72 f=0
71 68 40 18 25 33 45 20 63 34 49 16 48 44 59 65 43 0 65 25 8 60 50 6 3 28 14 4 59 0 18 71 15 68 71 40 27 67 51 0 10 68 51 47 42 35 27 24 13 4 71 9 32 54 54 38 38 15 58 38 48 39 24 67 0 55 57 5 62 5 32 44 10 17 10 23 19 29 33 28
run=16 seed=15 k=72 f=0
37 5 37 71 8 50 60 49 55 16 67 18 15 60 10 32 53 60 43 1 68 32 70 0 16 49 60 57 27 13 29 18 15 0 67 63 52 7 30 35 10 60 68 7 42 8 41 71 65 29 57 0 20 19 52 47 24 1 6 40 67 19 25 34 55 34 24 44 25 5 21 32 44 9 24 70 45 54 62 13
run=17 seed=16 k=72 f=0
54 69 39 0 12 71 55 71 11 26 31 41 69 39 19 43 0 0 1 21 23 25 24 23 61 29 4 40 11 49 4 38 45 35 20 15 53 4 68 67 40 2 12 8 48 63 7 61 26 71 57 47 26 46 63 62 36 11 37 64 19 50 71 30 29 44 36 50 56 34 62 59 18 32 16 20 5 28 53 31
run=18 seed=17 k=72 f=0
26 13 68 35 39 71 1 63 27 0 33 69 11 48 6 36 40 20 32 15 68 56 71 52 23 48 23 46 7 26 36 0 40 41 28 17 20 29 47 17 68 41 66 9 2 10 70 62 64 60 51 55 53 19 21 6 1 48 61 19 14 45 11 30 6 45 0 58 71 60 55 40 57 65 48 0 8 67 1 63
run=19 seed=18 k=72 f=0
71 62 55 8 5 1 39 16 21 41 34 61 26 52 17 10 34 22 7 39 39 9 41 35 0 31 67 53 6 45 36 5 59 1 0 25 57 12 39 46 46 23 30 43 15 63 26 50 0 47 68 12 42 71 67 69 47 19 69 49 11 55 50 9 66 3 15 50 28 0 33 28 64 36 55 17 61 31 59 22
run=20 seed=19 k=72 f=0
54 46 62 53 20 0 67 51 20 39 25 40 1 30 9 71 38 20 22 4 71 44 3 71 12 43 44 0 65 71 67 61 33 11 45 63 26 62 3 13 52 31 31 7 14 37 58 14 45 0 57 71 57 27 52 18 11 21 30 8 46 64 63 57 40 53 46 30 59 15 9 70 40 52 0 31 4 27 53 28
