run=1 seed=0 k=74 f=0
73 72 5 72 13 66 66 52 16 24 72 17 28 50 27 2 50 59 29 67 37 1 10 0 67 53 12 38 46 62 27 24 53 57 18 7 45 10 62 30 48 38 34 45 47 44 32 37 1 38 73 67 21 22 0 13 66 20 73 57 1 9 37 27 15 5 21 0 58 24 68 37 32 48 9 40 42 13 59 10
run=2 seed=1 k=74 f=0
73 72 5 72 13 66 66 52 16 24 72 17 28 50 27 2 50 59 29 67 37 1 10 0 67 53 12 38 46 62 27 24 53 57 18 7 45 10 62 30 48 38 34 45 47 44 32 37 1 38 73 67 21 22 0 13 66 20 73 57 1 9 37 27 15 5 21 0 58 24 68 37 32 48 9 40 42 13 59 10
run=3 seed=2 k=74 f=0
43 41 71 7 15 36 17 57 62 0 72 46 40 45 43 73 62 49 73 36 12 42 0 27 38 56 44 20 32 25 63 4 17 67 6 64 5 59 11 71 4 17 9 7 30 31 0 0 14 34 66 55 71 48 66 50 71 10 30 1 67 63 53 71 48 32 56 52 37 38 33 21 31 56 11 55 24 23 19 47
run=4 seed=3 k=74 f=0
43 61 60 1 39 17 26 14 30 2 0 4 53 63 24 57 50 50 49 71 21 64 26 57 72 43 53 0 26 36 44 22 73 8 14 27 69 37 61 36 20 45 69 65 33 48 73 1 24 69 65 23 6 17 55 51 14 39 64 54 69 25 0 8 11 60 35 39 45 16 0 7 12 2 56 34 73 21 9 66
run=5 seed=4 k=74 f=0
57 57 48 36 63 10 3 23 28 1 60 0 0 42 57 63 66 17 73 53 67 16 24 34 49 9 32 34 37 32 46 0 0 56 28 20 10 32 39 37 26 10 38 27 6 73 40 65 18 18 50 11 27 65 22 70 54 34 0 18 73 39 15 51 52 21 45 13 52 30 9 41 72 31 49 65 73 6 57 18
run=6 seed=5 k=74 f=0
57 61 40 6 24 29 72 14 49 9 54 33 17 50 52 26 48 0 35 2 24 47 35 50 3 26 33 11 18 25 41 21 65 0 37 3 0 9 26 27 16 7 7 73 31 31 60 20 51 61 43 1 47 17 73 18 32 19 13 73 66 61 71 41 44 69 11 65 58 52 70 42 46 9 39 60 18 38 61 68
run=7 seed=6 k=74 f=0
55 43 10 20 0 73 73 69 32 10 22 26 6 58 38 30 0 1 0 16 47 12 63 48 6 67 28 27 16 1 54 4 8 27 66 17 72 32 31 17 58 36 33 64 63 40 51 26 52 54 60 40 8 3 72 21 18 23 35 73 65 21 49 58 67 38 37 64 49 5 40 52 13 40 60 48 31 44 73 9
run=8 seed=7 k=74 f=0
14 21 52 11 49 4 28 73 24 26 43 4 7 73 20 59 50 21 20 50 18 9 8 28 17 73 35 44 50 64 11 59 37 37 18 56 35 24 43 3 0 34 1 73 67 2 54 48 59 42 37 56 58 61 7 71 49 42 36 14 21 43 71 58 9 63 64 68 65 26 52 7 32 67 19 67 40 0 26 33
run=9 seed=8 k=74 f=0
50 72 28 39 46 17 62 56 47 31 9 35 40 61 59 0 4 58 11 30 17 16 73 42 29 9 42 7 15 43 59 64 64 0 13 35 51 11 58 22 69 66 26 24 18 72 35 3 59 20 24 72 37 53 0 51 32 42 36 53 25 68 63 29 27 69 73 16 40 42 20 1 38 52 24 5 52 8 54 29
run=10 seed=9 k=74 f=0
36 15 71 50 54 73 66 15 20 31 60 22 18 21 14 62 30 15 16 1 59 25 73 62 3 26 68 33 11 0 72 40 24 56 69 0 27 39 57 58 33 66 6 45 42 7 34 52 0 1 45 14 65 42 8 46 69 41 20 33 16 0 12 33 68 5 8 29 44 73 50 49 29 39 72 7 1 69 52 23
run=11 seed=10 k=74 f=0
25 24 16 63 68 32 57 0 5 10 13 4 45 30 70 47 25 72 73 44 24 7 32 16 66 51 20 64 46 62 73 57 0 20 4 9 53 61 49 72 30 73 61 54 11 38 70 42 34 8 56 18 35 29 51 37 7 1 42 22 29 21 15 49 59 70 65 73 59 39 0 29 5 38 50 67 38 36 55 44
run=12 seed=11 k=74 f=0
57 16 53 17 46 7 59 14 0 34 62 47 32 4 34 69 47 14 13 31 11 68 19 39 53 7 21 32 33 42 44 70 49 35 40 24 48 21 43 70 1 55 8 0 59 24 51 64 73 70 0 27 69 44 12 22 65 28 62 24 63 23 2 30 32 39 73 40 58 70 50 50 44 36 5 59 18 35 11 6
run=13 seed=12 k=74 f=0
66 20 72 60 7 73 53 16 34 71 28 59 1 22 6 11 35 47 0 66 7 0 56 27 73 18 41 56 3 73 3 56 17 24 28 50 34 43 41 0 12 22 73 57 42 7 65 36 54 29 14 49 28 40 61 29 68 4 64 35 47 21 44 63 61 26 8 22 14 28 35 3 0 67 46 72 40 31 17 72
run=14 seed=13 k=74 f=0
25 3 37 73 37 9 0 25 65 59 72 12 0 6 27 11 56 19 54 57 37 39 38 32 0 46 32 41 37 55 53 41 0 30 0 16 13 41 6 11 72 3 14 72 72 9 17 63 56 18 20 73 32 56 46 66 28 30 67 66 51 37 21 56 38 52 44 2 20 31 25 18 50 60 47 60 29 58 46 63
run=15 seed=14 k=74 f=0
62 72 41 55 65 25 46 51 65 55 42 2 41 2 18 47 27 10 5 19 24 0 15 16 6 72 57 52 15 35 11 73 54 11 34 45 1 49 21 9 59 27 41 0 32 24 69 37 29 5 59 20 58 34 14 21 10 71 52 46 10 58 38 65 30 69 71 5 44 69 14 33 20 34 60 52 71 30 62 0
run=16 seed=15 k=74 f=0
0 18 51 1 50 36 7 65 73 35 9 70 26 2 12 39 19 6 29 18 47 0 0 60 73 67 42 65 16 54 27 53 14 24 71 53 2 57 7 28 19 28 70 22 8 44 15 73 11 41 51 59 45 59 22 45 40 55 64 42 64 54 9 27 66 70 45 28 14 24 73 0 66 24 35 36 43 32 45 4
run=17 seed=16 k=74 f=0
45 70 55 39 18 38 15 61 73 0 35 51 11 63 17 53 45 63 8 17 39 52 26 69 17 1 29 24 25 0 12 1 16 68 6 31 62 52 63 21 25 14 1 24 44 7 43 0 0 63 32 39 54 27 33 34 28 60 67 72 40 9 36 48 50 20 56 48 50 2 39 66 73 46 21 18 71 5 0 56
run=18 seed=17 k=74 f=0
0 68 13 63 48 36 34 38 30 37 73 41 36 0 38 72 33 43 7 45 50 65 40 64 49 73 6 28 50 28 38 66 19 43 43 46 15 27 68 25 40 17 7 29 17 8 0 73 68 5 1 73 53 24 58 50 6 21 59 9 72 4 7 11 26 22 54 21 9 58 53 57 60 16 54 20 64 13 66 2
run=19 seed=18 k=74 f=0
8 61 43 60 6 38 35 58 8 41 3 7 42 64 68 21 15 14 2 49 53 42 63 21 54 17 31 45 54 67 1 19 72 50 58 55 70 34 17 0 41 17 7 31 29 73 14 47 50 28 24 71 40 0 15 21 13 73 45 45 34 68 28 57 27 63 63 38 31 65 60 65 0 35 27 73 49 42 6 24
run=20 seed=19 k=74 f=0
51 20 1 62 28 10 7 1 38 52 30 60 63 71 51 56 8 3 57 25 29 36 66 25 23 13 44 72 21 71 47 65 35 56 63 0 8 72 29 24 21 48 11 18 4 46 23 44 37 22 52 15 36 70 41 64 48 39 31 8 15 39 0 59 66 56 72 53 3 45 4 16 30 15 13 13 35 63 48 55
