run=1 seed=0 k=33 f=0
28 10 0 32 16 9 26 4 9 1 31 7 5 25 24 4 9 21 16 23 32 11 27 0 17 15 15 32 25 20
run=2 seed=1 k=33 f=0
28 10 0 32 16 9 26 4 9 1 31 7 5 25 24 4 9 21 16 23 32 11 27 0 17 15 15 32 25 20
run=3 seed=2 k=33 f=0
30 19 15 32 12 9 10 16 22 27 32 27 18 2 25 0 3 21 15 11 9 25 14 0 24 4 26 29 5 0
run=4 seed=3 k=33 f=0
5 17 19 10 3 28 4 0 26 30 10 6 21 16 1 0 10 12 11 15 13 16 31 19 16 32 30 27 19 27
run=5 seed=4 k=33 f=0
13 1 9 0 31 0 30 4 26 17 32 0 7 6 32 30 22 7 31 11 29 14 12 21 3 19 22 13 20 25
run=6 seed=5 k=33 f=0
22 32 18 9 26 31 32 0 25 16 16 23 27 7 28 14 22 7 10 6 5 10 32 0 0 0 30 4 10 28
run=7 seed=6 k=33 f=0
12 28 31 9 20 32 20 1 24 31 18 10 18 8 16 20 12 1 0 32 5 10 30 20 5 0 12 7 32 27
run=8 seed=7 k=33 f=0
15 18 12 32 23 24 17 30 0 31 11 1 4 9 3 3 13 32 30 25 22 5 29 2 19 23 5 7 26 21
run=9 seed=8 k=33 f=0
0 27 32 10 12 30 27 5 18 0 32 0 25 23 21 11 0 19 24 26 18 12 31 7 22 1 11 6 10 23
run=10 seed=9 k=33 f=0
25 23 0 20 32 32 27 16 32 23 1 8 31 1 29 8 32 0 1 6 0 8 0 18 20 11 28 15 25 31
run=11 seed=10 k=33 f=0
23 16 9 18 9 32 28 24 32 32 11 17 3 22 26 10 18 17 8 0 15 17 30 0 1 0 19 4 32 4
run=12 seed=11 k=33 f=0
9 29 20 11 9 16 32 14 27 0 0 18 8 26 30 4 10 32 1 7 24 7 28 25 18 2 32 17 7 25
run=13 seed=12 k=33 f=0
8 8 31 0 1 0 13 30 8 16 1 24 19 29 11 1 21 25 29 16 10 23 12 19 29 20 25 28 14 8
run=14 seed=13 k=33 f=0
30 4 9 0 16 23 28 2 16 5 25 20 10 30 32 1 9 13 11 32 23 9 16 3 25 22 9 28 11 32
run=15 seed=14 k=33 f=0
25 14 3 12 0 17 32 14 27 22 0 7 27 9 30 8 29 32 31 5 11 6 0 5 21 21 31 25 29 23
run=16 seed=15 k=33 f=0
14 0 0 32 5 27 5 0 13 29 9 31 11 20 10 31 14 7 20 28 25 29 21 0 4 22 18 27 15 20
run=17 seed=16 k=33 f=0
32 15 31 0 21 22 6 11 23 0 30 8 23 9 8 23 20 1 16 3 8 19 3 8 13 17 16 28 20 0
run=18 seed=17 k=33 f=0
1 7 32 2 25 8 8 25 20 16 4 8 2 6 23 11 14 28 30 12 18 32 0 20 25 14 31 31 30 17
run=19 seed=18 k=33 f=0
16 20 9 0 25 30 14 27 32 3 12 31 32 14 29 28 25 6 22 19 20 1 2 0 12 20 6 30 2 19
run=20 seed=19 k=33 f=0
20 17 31 21 25 28 15 11 6 1 1 5 10 16 13 31 11 13 14 32 26 29 23 6 0 0 20 8 29 20
