run=1 seed=0 k=30 f=0
13 1 29 0 23 25 24 15 10 1 0 7 20 14 7 18 10 6 19 20 11 6 27 0 2 18 6 13 24 29
run=2 seed=1 k=30 f=0
13 1 29 0 23 25 24 15 10 1 0 7 20 14 7 18 10 6 19 20 11 6 27 0 2 18 6 13 24 29
run=3 seed=2 k=30 f=0
0 19 9 29 13 18 23 27 16 27 7 21 9 0 19 19 14 28 27 0 2 1 29 7 7 0 20 5 0 15
run=4 seed=3 k=30 f=0
29 25 19 29 29 7 14 21 7 4 12 24 3 19 10 0 5 23 1 26 25 2 28 16 13 1 0 17 1 29
run=5 seed=4 k=30 f=0
1 23 0 20 26 27 14 1 8 5 18 24 4 14 11 24 28 15 21 29 17 29 13 9 4 29 12 1 5 10
run=6 seed=5 k=30 f=0
14 5 0 20 26 22 5 14 9 1 23 27 0 16 12 20 10 6 28 29 14 29 3 0 29 29 0 13 5 0
run=7 seed=6 k=30 f=0
21 25 29 0 8 5 16 2 22 28 18 13 15 19 19 3 0 12 13 10 21 9 20 29 29 10 27 15 24 29
run=8 seed=7 k=30 f=0
27 9 29 1 5 3 24 12 17 13 29 25 1 26 20 0 28 21 20 6 14 0 9 12 18 10 23 24 7 20
run=9 seed=8 k=30 f=0
0 24 13 29 21 13 18 11 6 3 20 16 5 12 22 19 0 28 6 25 15 28 27 22 10 0 0 9 26 3
run=10 seed=9 k=30 f=0
29 14 29 11 29 22 5 29 0 2 18 13 28 19 3 19 29 0 16 8 15 12 1 7 10 20 24 23 25 0
run=11 seed=10 k=30 f=0
25 28 0 9 18 17 18 0 22 27 15 19 18 3 16 1 6 8 11 5 11 29 25 1 12 28 26 13 28 8
run=12 seed=11 k=30 f=0
7 24 0 9 3 25 29 0 24 13 13 6 25 27 27 20 1 13 14 6 3 7 11 0 29 18 29 8 28 21
run=13 seed=12 k=30 f=0
22 14 18 0 1 15 23 2 11 24 29 9 7 14 7 28 17 7 28 20 22 9 0 1 10 29 7 26 23 18
run=14 seed=13 k=30 f=0
0 11 11 1 0 17 18 3 23 11 16 12 10 24 20 29 9 6 8 10 17 10 19 26 3 29 27 20 23 29
run=15 seed=14 k=30 f=0
0 20 0 29 13 8 5 1 12 26 21 17 0 0 9 5 11 26 27 26 20 14 19 18 29 18 6 4 8 28
run=16 seed=15 k=30 f=0
24 0 29 20 3 15 6 22 12 28 8 29 14 14 9 19 29 7 9 1 25 14 1 1 10 0 29 21 16 1
run=17 seed=16 k=30 f=0
21 3 29 0 9 28 9 29 22 18 11 16 29 28 7 29 0 4 0 3 12 17 21 14 8 16 17 22 5 0
run=18 seed=17 k=30 f=0
8 22 29 12 29 29 6 10 22 17 0 15 29 6 19 28 20 18 17 5 2 17 3 1 13 0 28 10 6 29
run=19 seed=18 k=30 f=0
28 20 29 11 16 7 17 29 22 27 6 1 2 2 19 23 29 0 1 14 24 0 3 19 14 1 0 5 21 13
run=20 seed=19 k=30 f=0
29 26 29 20 12 0 10 14 6 4 23 28 25 21 13 12 16 19 21 28 17 29 4 12 22 0 0 2 1 6
