run=1 seed=0 k=31 f=0
13 5 1 29 30 20 23 8 16 22 27 0 23 6 19 8 29 0 4 3 11 0 0 29 23 10 21 19 14 19
run=2 seed=1 k=31 f=0
13 5 1 29 30 20 23 8 16 22 27 0 23 6 19 8 29 0 4 3 11 0 0 29 23 10 21 19 14 19
run=3 seed=2 k=31 f=0
28 0 0 28 29 21 5 30 12 4 20 27 21 18 9 18 13 11 15 25 6 14 26 5 1 19 0 20 9 0
run=4 seed=3 k=31 f=0
24 27 18 0 13 8 25 21 30 29 2 18 2 2 27 30 20 1 0 16 21 12 1 17 13 9 8 1 9 30
run=5 seed=4 k=31 f=0
16 1 21 30 30 0 6 0 12 4 22 4 2 13 9 1 4 10 8 27 20 14 14 27 29 0 16 9 13 29
run=6 seed=5 k=31 f=0
21 13 30 21 29 14 15 30 10 15 17 11 13 3 13 1 29 28 29 24 23 23 20 5 10 4 3 0 25 4
run=7 seed=6 k=31 f=0
0 1 30 21 30 8 15 23 3 4 10 30 27 14 0 13 30 30 28 28 2 30 21 17 3 9 16 9 17 2
run=8 seed=7 k=31 f=0
23 12 13 22 1 30 28 0 6 13 25 4 8 23 30 29 13 7 4 30 25 9 2 15 20 0 14 28 13 18
run=9 seed=8 k=31 f=0
30 29 0 11 12 23 5 26 21 2 8 18 22 24 18 21 14 1 17 1 7 18 29 8 7 27 14 21 30 1
run=10 seed=9 k=31 f=0
10 29 10 21 0 3 15 19 3 11 7 22 0 27 0 0 23 16 18 13 29 0 15 26 30 30 24 4 13 30
run=11 seed=10 k=31 f=0
15 3 9 20 24 3 14 0 30 16 16 29 0 0 27 29 24 22 21 10 28 7 2 29 12 0 22 30 8 24
run=12 seed=11 k=31 f=0
27 22 29 18 16 6 24 9 3 6 21 3 16 26 0 5 0 21 0 28 24 0 21 15 30 9 15 11 14 28
run=13 seed=12 k=31 f=0
19 19 1 19 2 26 13 29 8 17 16 23 15 30 11 10 30 2 3 0 29 22 2 11 24 29 22 8 10 0
run=14 seed=13 k=31 f=0
13 20 0 9 16 28 15 11 27 6 1 8 13 25 30 5 9 19 20 6 30 30 17 6 26 21 19 0 25 19
run=15 seed=14 k=31 f=0
28 24 30 0 29 5 25 5 10 17 23 18 18 1 7 0 20 13 11 18 10 13 27 20 9 17 29 4 1 30
run=16 seed=15 k=31 f=0
10 24 0 12 18 3 6 0 27 29 23 16 5 7 30 26 23 16 30 6 22 17 1 22 13 21 17 4 4 30
run=17 seed=16 k=31 f=0
11 17 30 10 9 2 25 18 0 18 27 23 20 29 3 6 10 29 26 13 29 9 27 18 18 19 5 0 12 0
run=18 seed=17 k=31 f=0
0 9 12 30 13 7 7 12 19 5 30 9 27 25 23 28 0 15 14 3 12 21 20 25 11 1 23 23 20 0
run=19 seed=18 k=31 f=0
11 14 0 20 29 2 5 23 12 21 8 2 24 5 9 16 11 24 22 30 4 30 24 30 3 29 0 22 27 15
run=20 seed=19 k=31 f=0
19 27 1 30 21 3 15 28 9 1 0 12 9 30 12 0 29 11 12 21 24 6 10 30 23 21 13 14 24 19
