run=1 seed=0 k=27 f=0
19 2 0 9 14 26 15 0 20 24 13 21 23 2 17 4 1 11 13 5 16 7 26 5 16 26 26 22 5 26
run=2 seed=1 k=27 f=0
19 2 0 9 14 26 15 0 20 24 13 21 23 2 17 4 1 11 13 5 16 7 26 5 16 26 26 22 5 26
run=3 seed=2 k=27 f=0
23 10 0 9 5 9 15 7 20 26 26 11 18 17 17 2 9 16 17 1 0 0 17 0 26 26 13 1 0 19
run=4 seed=3 k=27 f=0
26 1 0 26 24 1 20 7 15 4 26 1 18 15 18 21 24 10 9 1 26 0 13 18 4 9 20 20 11 16
run=5 seed=4 k=27 f=0
10 11 26 0 0 25 6 2 11 20 25 5 13 11 8 24 7 16 17 19 26 19 15 0 0 17 7 24 17 10
run=6 seed=5 k=27 f=0
7 15 26 0 23 0 6 2 11 11 18 22 0 0 8 26 22 15 13 23 23 24 13 21 3 17 7 1 6 11
run=7 seed=6 k=27 f=0
9 16 0 26 5 23 20 24 15 13 6 21 6 25 18 0 3 16 15 1 23 0 10 0 26 9 19 26 0 13
run=8 seed=7 k=27 f=0
18 6 0 26 11 25 20 24 15 1 6 21 22 21 18 26 1 2 1 1 7 0 18 11 7 9 19 16 0 14
run=9 seed=8 k=27 f=0
14 17 26 17 26 0 11 26 6 18 13 6 4 2 9 19 24 7 8 21 18 19 0 25 10 0 0 8 22 1
run=10 seed=9 k=27 f=0
25 11 0 9 26 11 15 0 20 14 13 3 25 4 17 2 8 18 17 6 13 7 24 2 14 26 26 2 21 26
run=11 seed=10 k=27 f=0
13 26 26 0 21 0 6 26 11 9 0 4 21 0 8 2 6 26 6 21 0 19 26 20 16 17 6 1 15 10
run=12 seed=11 k=27 f=0
23 6 26 17 24 16 11 19 6 15 0 16 0 5 9 1 10 9 10 14 9 26 17 0 26 0 26 14 25 7
run=13 seed=12 k=27 f=0
26 25 0 9 0 17 15 0 20 24 13 9 16 11 17 21 26 9 11 6 1 7 0 1 12 26 26 14 21 26
run=14 seed=13 k=27 f=0
18 26 26 17 19 10 11 26 6 9 0 23 10 0 9 13 18 25 24 20 2 19 25 0 0 0 12 6 14 7
run=15 seed=14 k=27 f=0
23 23 0 9 8 0 15 0 20 0 13 20 16 21 17 3 8 15 17 5 2 7 15 9 26 26 26 13 5 25
run=16 seed=15 k=27 f=0
19 21 0 26 26 3 20 8 15 15 25 11 24 5 18 9 26 25 26 1 0 1 18 12 0 9 19 3 0 16
run=17 seed=16 k=27 f=0
26 8 0 26 3 19 20 24 15 11 7 11 11 21 18 2 9 11 13 2 3 13 26 5 17 9 19 25 20 0
run=18 seed=17 k=27 f=0
9 12 0 26 22 26 20 24 15 3 8 0 1 12 18 24 9 3 0 3 25 1 16 17 0 9 19 1 20 15
run=19 seed=18 k=27 f=0
26 7 26 0 4 0 6 18 11 26 0 15 8 14 8 1 7 20 6 23 21 25 23 14 14 17 6 17 26 10
run=20 seed=19 k=27 f=0
16 7 0 26 22 9 20 24 15 0 6 19 10 12 18 7 0 0 1 1 0 0 16 26 26 9 19 26 0 13
