run=1 seed=0 k=29 f=0
8 9 1 28 17 1 6 23 18 28 10 18 13 2 21 23 26 14 15 5 7 16 14 27 5 12 28 1 27 2
run=2 seed=1 k=29 f=0
8 9 1 28 17 1 6 23 18 28 10 18 13 2 21 23 26 14 15 5 7 16 14 27 5 12 28 1 27 2
run=3 seed=2 k=29 f=0
15 2 19 0 10 22 14 28 10 1 0 24 7 19 7 28 1 8 28 20 18 21 10 2 19 28 6 16 15 7
run=4 seed=3 k=29 f=0
11 6 10 1 10 21 16 7 22 2 28 3 17 24 19 17 1 28 27 13 27 0 27 2 8 28 2 14 12 20
run=5 seed=4 k=29 f=0
28 14 27 9 4 10 15 28 20 12 1 25 9 27 17 23 28 3 0 6 23 7 12 19 0 0 14 0 11 19
run=6 seed=5 k=29 f=0
5 26 11 28 22 12 6 13 18 2 28 24 24 11 21 14 11 22 19 0 2 21 3 28 26 0 22 7 5 0
run=7 seed=6 k=29 f=0
28 7 0 19 16 7 5 28 9 24 0 6 6 5 12 8 5 22 1 23 27 21 16 16 25 28 15 28 21 11
run=8 seed=7 k=29 f=0
16 13 9 28 2 24 22 0 17 28 13 4 6 17 20 26 23 2 1 25 28 7 14 9 5 0 7 27 23 28
run=9 seed=8 k=29 f=0
6 19 0 12 15 22 6 2 22 4 18 22 24 26 19 28 2 0 28 8 15 28 20 13 10 28 28 10 6 11
run=10 seed=9 k=29 f=0
13 4 27 16 0 28 22 18 6 26 28 12 4 16 9 8 11 19 22 23 25 11 0 1 28 0 13 15 22 0
run=11 seed=10 k=29 f=0
7 7 0 11 4 25 5 28 22 12 18 10 28 23 18 28 17 1 0 1 22 12 0 16 11 28 11 20 24 0
run=12 seed=11 k=29 f=0
18 27 28 1 21 26 23 16 11 13 0 6 7 3 8 0 16 7 11 21 18 6 26 1 10 17 6 10 20 28
run=13 seed=12 k=29 f=0
11 21 18 0 13 18 6 27 11 21 0 24 4 0 8 6 3 25 27 22 18 20 28 4 18 27 6 6 15 10
run=14 seed=13 k=29 f=0
21 18 19 28 11 14 7 20 12 0 0 7 5 21 9 28 1 1 8 25 25 27 19 28 9 0 7 5 27 12
run=15 seed=14 k=29 f=0
16 6 0 19 13 0 12 27 7 4 14 23 12 27 10 4 0 25 26 22 26 20 24 9 13 28 0 20 1 7
run=16 seed=15 k=29 f=0
16 16 28 0 27 3 20 24 15 19 0 7 2 2 18 11 8 22 10 5 11 7 23 28 1 9 19 1 28 16
run=17 seed=16 k=29 f=0
21 9 27 0 14 28 22 18 10 24 0 4 27 1 7 16 13 9 15 24 1 6 27 3 0 16 6 26 14 26
run=18 seed=17 k=29 f=0
1 24 28 19 27 27 13 0 6 2 28 24 20 16 9 18 15 10 9 14 11 22 28 17 7 0 22 7 15 9
run=19 seed=18 k=29 f=0
7 25 18 28 7 15 12 26 6 27 10 4 0 17 9 0 26 24 27 19 13 1 8 0 18 0 0 12 22 17
run=20 seed=19 k=29 f=0
28 2 1 10 19 0 16 8 22 28 18 5 26 0 18 23 8 8 6 13 7 27 1 14 14 28 2 23 27 0
