run=1 seed=0 k=28 f=0
27 18 27 0 1 0 22 8 15 21 20 3 13 11 18 11 8 21 18 3 3 1 19 9 2 9 26 27 12 27
run=2 seed=1 k=28 f=0
27 18 27 0 1 0 22 8 15 21 20 3 13 11 18 11 8 21 18 3 3 1 19 9 2 9 26 27 12 27
run=3 seed=2 k=28 f=0
27 25 27 16 21 0 22 18 6 0 0 22 5 11 9 22 25 15 19 26 22 9 1 9 11 0 11 6 6 27
run=4 seed=3 k=28 f=0
18 5 27 0 13 0 6 27 12 4 8 13 1 23 8 25 22 12 9 3 9 19 14 25 5 18 20 25 22 1
run=5 seed=4 k=28 f=0
21 3 0 27 0 9 21 8 15 9 19 15 2 25 19 0 3 27 15 3 23 1 20 0 9 9 27 22 1 27
run=6 seed=5 k=28 f=0
27 13 27 16 0 12 22 1 6 25 25 4 20 13 9 14 20 21 19 20 26 9 27 1 3 0 11 23 13 18
run=7 seed=6 k=28 f=0
27 5 27 0 27 2 6 27 12 14 8 12 27 5 8 3 0 20 21 21 11 18 12 13 24 18 0 20 23 0
run=8 seed=7 k=28 f=0
16 19 27 16 1 9 22 27 6 21 17 24 27 10 9 4 7 26 22 22 20 11 24 0 13 0 1 27 6 0
run=9 seed=8 k=28 f=0
0 24 0 27 16 7 21 9 15 25 19 0 12 3 19 27 24 14 13 4 0 2 17 21 3 9 26 1 13 27
run=10 seed=9 k=28 f=0
22 2 27 18 27 15 12 27 7 18 14 20 26 1 10 27 0 7 9 22 16 20 7 1 17 1 3 11 7 1
run=11 seed=10 k=28 f=0
27 0 27 18 14 1 12 20 7 25 0 13 8 5 10 21 24 8 7 26 23 27 3 20 12 0 15 9 24 8
run=12 seed=11 k=28 f=0
27 2 18 0 27 4 6 20 11 8 4 0 10 18 8 2 5 14 11 27 4 27 25 20 11 27 15 22 27 11
run=13 seed=12 k=28 f=0
7 4 27 16 9 0 22 27 6 0 10 1 17 18 9 16 11 23 26 22 26 2 0 14 26 0 0 22 23 17
run=14 seed=13 k=28 f=0
7 6 9 27 12 14 21 8 16 27 26 11 14 2 19 15 18 1 0 2 5 1 1 27 25 0 20 25 1 17
run=15 seed=14 k=28 f=0
15 0 27 18 13 27 12 20 6 26 10 15 4 1 9 9 16 2 21 15 20 27 0 8 24 0 2 20 27 0
run=16 seed=15 k=28 f=0
27 26 0 27 4 20 5 11 17 16 27 5 4 27 20 1 6 9 8 1 13 20 25 0 16 11 21 0 16 0
run=17 seed=16 k=28 f=0
20 25 0 9 12 3 15 27 21 20 8 1 19 3 17 26 0 12 13 2 11 2 17 27 6 27 15 16 14 19
run=18 seed=17 k=28 f=0
20 1 0 11 4 27 5 16 21 15 7 12 5 26 18 14 20 1 2 1 18 25 6 10 26 27 26 10 24 0
run=19 seed=18 k=28 f=0
10 10 18 27 15 18 13 19 6 1 0 27 18 26 9 15 18 4 1 24 8 26 7 27 27 0 14 25 15 7
run=20 seed=19 k=28 f=0
20 15 0 11 3 27 5 16 21 12 7 13 21 22 18 0 6 7 3 1 15 26 13 13 27 27 27 26 25 0
