run=1 seed=0 k=32 f=0
13 6 6 15 1 30 0 6 25 13 20 9 18 27 22 31 28 2 0 0 27 13 7 20 22 31 14 25 0 31
run=2 seed=1 k=32 f=0
13 6 6 15 1 30 0 6 25 13 20 9 18 27 22 31 28 2 0 0 27 13 7 20 22 31 14 25 0 31
run=3 seed=2 k=32 f=0
25 31 1 18 21 18 24 20 8 30 31 9 0 5 11 9 30 31 12 26 18 13 1 3 18 31 4 14 24 4
run=4 seed=3 k=32 f=0
26 17 0 22 28 10 11 1 7 16 13 4 11 0 14 1 23 20 17 31 3 19 30 1 17 31 22 9 20 31
run=5 seed=4 k=32 f=0
29 19 1 19 0 0 25 29 8 25 12 18 26 12 12 19 22 10 9 24 9 18 30 19 5 31 2 9 0 5
run=6 seed=5 k=32 f=0
10 29 2 31 12 18 21 25 17 3 8 0 4 30 24 4 28 25 4 0 14 2 12 31 22 11 30 2 20 15
run=7 seed=6 k=32 f=0
29 25 0 31 12 21 11 0 7 0 14 6 5 21 13 3 0 12 15 20 17 20 12 6 26 22 28 3 21 31
run=8 seed=7 k=32 f=0
17 31 27 16 15 27 22 30 6 25 19 25 3 6 9 24 19 2 0 25 24 3 1 8 13 0 13 23 1 12
run=9 seed=8 k=32 f=0
7 24 1 19 28 14 25 0 31 1 27 14 4 13 28 1 20 22 1 10 25 8 9 30 31 10 20 9 5 20
run=10 seed=9 k=32 f=0
3 18 22 0 30 11 10 6 15 4 24 3 2 17 7 18 0 31 30 31 13 31 26 21 7 31 0 10 30 16
run=11 seed=10 k=32 f=0
16 5 31 21 2 9 6 31 11 29 1 21 0 13 14 31 22 22 23 24 20 24 11 0 2 0 15 27 7 12
run=12 seed=11 k=32 f=0
31 22 21 0 11 10 15 31 9 19 13 0 6 0 12 9 28 20 16 18 27 24 21 0 0 31 4 2 23 5
run=13 seed=12 k=32 f=0
13 18 13 31 12 22 19 23 6 0 2 29 5 30 24 21 17 3 6 28 30 30 29 31 6 0 12 2 18 13
run=14 seed=13 k=32 f=0
10 1 31 1 28 22 16 31 11 19 19 27 22 6 8 27 21 0 16 26 13 9 1 31 13 22 4 14 11 0
run=15 seed=14 k=32 f=0
27 4 11 31 1 20 16 5 20 10 14 0 0 25 24 19 4 0 14 28 16 30 27 6 10 0 0 20 27 21
run=16 seed=15 k=32 f=0
21 6 29 0 25 10 6 17 12 16 31 9 0 4 9 30 13 3 4 3 13 24 21 31 0 18 25 17 24 0
run=17 seed=16 k=32 f=0
23 29 9 0 3 31 25 31 16 31 12 28 23 15 19 16 13 8 3 7 15 18 5 14 30 31 25 8 19 4
run=18 seed=17 k=32 f=0
0 13 30 0 31 16 14 4 10 23 16 12 8 8 7 12 16 29 26 23 18 22 26 7 3 21 31 5 23 31
run=19 seed=18 k=32 f=0
21 30 12 31 4 1 5 9 0 13 19 13 26 26 3 15 18 8 13 14 4 28 7 29 24 22 27 15 30 0
run=20 seed=19 k=32 f=0
10 24 20 9 5 26 15 1 27 20 31 6 1 30 31 25 6 3 0 6 15 22 15 17 0 0 19 10 20 11
