run=1 seed=0 k=84 f=0
40 46 9 1 29 64 10 38 57 73 2 19 25 67 83 14 23 83 61 16 24 56 75 9 0 49 26 16 43 38 2 40 66 54 17 83 2 28 20 58 83 81 44 35 51 73 62 44 66 76 17 34 8 8 2 14 69 32 64 35 0 69 32 69 80 5 82 81 73 77 16 11 30 45 38 51 74 56 32 17
run=2 seed=1 k=84 f=0
40 46 9 1 29 64 10 38 57 73 2 19 25 67 83 14 23 83 61 16 24 56 75 9 0 49 26 16 43 38 2 40 66 54 17 83 2 28 20 58 83 81 44 35 51 73 62 44 66 76 17 34 8 8 2 14 69 32 64 35 0 69 32 69 80 5 82 81 73 77 16 11 30 45 38 51 74 56 32 17
run=3 seed=2 k=84 f=0
18 66 22 60 27 28 48 5 61 34 58 35 33 77 54 21 15 43 75 74 81 44 25 11 71 29 1 62 24 51 46 55 82 78 17 10 8 21 69 41 34 48 12 64 40 49 0 83 55 83 68 0 5 6 34 52 37 26 32 1 74 30 15 0 42 72 73 56 0 22 50 79 22 65 61 66 7 40 17 73
run=4 seed=3 k=84 f=0
18 52 0 0 28 82 36 40 1 40 34 58 57 79 24 81 50 75 37 51 67 6 34 39 61 14 48 5 28 61 20 58 76 1 2 34 67 47 8 83 34 44 28 8 51 42 30 55 26 83 8 49 4 11 56 63 72 0 26 16 43 25 32 36 19 21 13 2 16 71 21 50 71 11 63 63 42 19 79 30
run=5 seed=4 k=84 f=0
13 39 34 25 7 37 21 5 0 65 51 52 58 8 67 81 58 21 69 41 65 56 48 39 9 72 54 22 30 82 78 0 28 69 16 75 80 52 59 42 44 23 12 46 23 34 70 55 65 83 63 41 27 45 79 64 78 0 14 31 16 44 75 0 33 23 75 59 31 70 47 71 6 19 36 54 13 10 76 74
run=6 seed=5 k=84 f=0
72 41 0 39 56 40 80 57 9 25 43 8 65 6 34 61 77 35 40 70 26 12 24 57 53 1 67 49 26 7 54 3 5 74 6 73 0 28 34 81 20 81 5 57 83 39 26 31 33 15 81 15 68 15 19 69 73 18 35 21 58 35 76 63 14 49 40 69 51 30 83 60 24 27 47 62 22 46 8 77
run=7 seed=6 k=84 f=0
25 61 28 53 8 6 46 64 22 4 35 45 83 5 0 20 0 48 83 76 49 38 40 32 75 40 24 76 55 3 77 68 20 15 36 27 59 38 48 11 13 0 58 83 45 68 51 46 33 8 45 28 83 75 71 77 51 50 25 0 53 56 62 23 27 32 15 27 13 63 77 81 19 41 64 19 65 75 59 12
run=8 seed=7 k=84 f=0
29 75 59 65 7 39 38 25 60 49 47 81 9 49 82 60 12 26 48 24 17 52 24 56 76 52 11 60 21 82 69 31 66 44 78 10 39 72 54 0 37 40 60 48 2 23 24 29 4 33 1 65 61 21 16 4 65 74 4 35 20 44 69 2 10 19 54 24 81 47 67 55 43 46 78 12 76 27 62 35
run=9 seed=8 k=84 f=0
51 21 30 1 27 13 80 71 21 81 43 64 40 67 3 15 24 79 69 5 53 39 45 46 75 15 62 29 55 75 33 0 56 18 53 9 73 55 61 10 8 60 27 49 35 32 67 32 3 49 17 42 58 78 1 83 38 22 69 49 31 58 49 65 33 66 61 22 30 38 72 39 83 81 40 10 5 27 22 19
run=10 seed=9 k=84 f=0
79 2 73 82 44 41 68 51 26 22 64 13 83 1 0 65 8 0 10 28 72 32 7 12 1 34 72 49 37 37 81 49 39 69 59 82 29 7 36 7 52 17 30 25 55 61 43 15 49 75 63 22 66 77 79 62 25 70 81 18 58 77 6 53 18 73 10 45 40 47 16 41 25 19 43 34 51 25 10 55
run=11 seed=10 k=84 f=0
55 26 26 72 82 41 47 79 33 47 12 7 72 33 62 32 2 70 65 57 41 52 31 13 40 58 5 7 52 30 21 5 18 0 56 0 43 19 49 82 67 20 35 11 14 0 16 70 16 39 40 0 48 74 53 26 36 34 80 80 65 58 78 81 62 58 8 23 68 57 10 74 77 25 29 46 50 80 29 49
run=12 seed=11 k=84 f=0
34 0 57 77 45 65 1 32 76 1 74 6 38 74 5 9 63 47 2 6 62 53 25 49 57 77 32 50 83 11 38 70 19 56 64 83 66 24 81 76 4 49 2 82 39 0 12 57 34 26 19 24 52 21 72 8 33 27 25 30 42 48 43 36 49 37 42 72 14 57 9 16 70 57 17 80 17 69 40 83
run=13 seed=12 k=84 f=0
32 65 62 4 79 51 12 81 42 0 34 38 79 42 40 12 33 54 23 16 82 20 72 72 49 83 83 50 17 17 72 74 59 2 70 55 10 61 40 19 65 8 75 81 58 27 53 0 48 25 56 2 60 46 29 35 36 68 42 30 0 70 13 17 24 68 72 40 0 36 43 83 73 2 8 56 26 46 66 30
run=14 seed=13 k=84 f=0
6 37 1 16 53 46 56 71 17 66 82 67 70 30 47 43 56 28 33 30 5 61 1 5 72 4 81 54 5 25 75 69 30 9 65 53 18 37 62 40 10 57 0 62 83 0 26 81 32 83 66 77 43 1 18 30 75 79 40 12 23 3 37 49 53 3 15 37 22 45 74 48 14 57 66 14 21 35 50 53
run=15 seed=14 k=84 f=0
43 58 27 18 40 29 9 67 3 82 60 76 72 1 56 65 44 4 23 41 48 19 39 66 17 54 76 16 35 34 24 34 28 51 81 41 51 38 5 2 13 12 79 10 6 82 75 16 16 83 47 81 35 0 60 74 52 11 4 46 27 29 34 21 22 56 52 57 26 57 11 64 0 21 73 71 43 5 82 47
run=16 seed=15 k=84 f=0
17 54 9 13 50 28 58 72 79 44 24 4 32 30 61 36 76 55 8 49 64 12 18 45 0 25 64 81 76 82 19 72 70 18 60 22 25 35 11 39 7 30 80 70 66 78 52 16 60 15 38 67 34 18 6 45 0 48 4 76 83 48 34 64 61 58 2 27 81 53 0 65 69 0 46 43 3 20 38 9
run=17 seed=16 k=84 f=0
0 35 64 40 34 47 29 83 63 48 69 29 65 3 27 26 33 73 46 33 9 50 21 50 62 12 69 16 49 12 76 64 81 65 80 16 21 16 55 8 20 40 28 23 12 44 49 36 52 23 83 73 1 55 39 0 16 72 79 40 68 2 20 82 9 77 61 74 20 29 57 57 77 33 46 4 69 59 58 3
run=18 seed=17 k=84 f=0
49 2 52 23 43 48 61 72 77 71 25 9 31 48 69 62 4 44 18 63 75 15 47 13 12 17 4 10 20 62 57 49 18 14 72 68 23 5 52 1 33 56 66 20 35 76 38 8 49 27 73 12 63 7 33 39 32 60 83 53 38 43 0 83 81 57 81 82 39 43 55 33 79 38 72 22 70 83 1 75
run=19 seed=18 k=84 f=0
10 38 67 43 64 0 51 76 23 77 22 28 74 71 28 71 25 8 5 75 48 79 47 31 0 0 19 19 6 0 42 28 55 40 79 3 71 26 53 82 81 57 63 33 39 61 14 61 45 54 58 60 34 44 49 11 20 40 0 61 13 20 34 18 33 42 38 47 14 73 73 52 65 4 82 69 82 50 64 22
run=20 seed=19 k=84 f=0
16 16 16 82 68 24 41 9 68 76 80 3 49 78 1 1 35 7 55 64 71 34 62 42 22 60 2 40 12 55 54 83 32 40 44 64 52 78 71 63 47 27 31 36 63 73 25 44 11 83 33 23 20 16 65 59 35 23 9 11 28 40 15 52 18 83 70 49 47 19 0 34 42 83 72 3 0 11 39 64
