run=1 seed=0 k=90 f=0
73 89 27 25 23 25 87 44 69 1 24 26 0 23 23 39 60 36 52 46 69 8 87 77 57 45 34 42 37 4 12 0 35 7 43 62 6 16 31 54 72 63 77 3 14 67 68 51 38 81 83 46 1 80 68 61 32 85 84 31 15 67 14 88 56 35 16 84 15 44 54 17 72 45 22 5 74 14 36 50
run=2 seed=1 k=90 f=0
73 89 27 25 23 25 87 44 69 1 24 26 0 23 23 39 60 36 52 46 69 8 87 77 57 45 34 42 37 4 12 0 35 7 43 62 6 16 31 54 72 63 77 3 14 67 68 51 38 81 83 46 1 80 68 61 32 85 84 31 15 67 14 88 56 35 16 84 15 44 54 17 72 45 22 5 74 14 36 50
run=3 seed=2 k=90 f=0
60 19 23 66 81 7 54 87 82 13 68 9 75 14 17 74 60 50 52 50 62 32 89 23 56 83 89 33 36 56 3 45 52 12 41 54 22 57 42 83 77 15 79 86 66 66 38 19 0 25 44 77 15 6 0 29 59 43 38 2 76 40 36 36 22 70 7 85 86 10 89 73 45 5 69 30 62 37 77 84
run=4 seed=3 k=90 f=0
66 81 5 10 15 78 41 46 1 4 58 4 3 19 22 63 24 58 47 76 19 72 58 44 13 77 65 47 28 81 51 4 78 83 26 30 55 38 6 10 4 86 19 64 28 84 21 52 62 89 89 49 35 38 2 89 71 40 42 39 43 51 11 70 67 27 13 89 33 53 51 25 17 70 10 51 42 31 9 88
run=5 seed=4 k=90 f=0
28 61 64 26 43 67 15 13 5 42 44 84 0 44 13 24 7 51 5 29 77 88 46 48 63 88 72 82 20 10 0 53 34 26 79 48 4 6 53 72 31 39 40 35 14 41 22 58 27 75 81 89 57 67 82 89 27 53 5 0 19 37 81 14 63 18 51 48 18 37 0 15 36 21 66 12 43 88 70 56
run=6 seed=5 k=90 f=0
0 6 59 72 86 45 80 60 33 55 36 38 22 73 82 80 10 63 64 51 44 25 9 3 21 20 13 73 32 37 55 57 39 24 39 65 7 81 70 16 23 17 53 75 35 63 13 64 0 85 64 45 70 73 38 0 27 49 77 49 57 70 52 2 12 18 7 7 87 85 76 84 48 30 31 3 88 58 62 89
run=7 seed=6 k=90 f=0
81 25 52 5 68 5 24 33 50 58 65 73 74 42 22 17 30 16 3 34 81 50 70 42 89 70 26 29 77 15 55 72 2 56 36 41 36 45 81 66 65 88 88 77 57 87 19 88 58 1 84 52 21 27 65 23 78 45 13 32 11 68 78 37 9 14 9 46 57 75 76 6 84 11 50 47 59 57 22 30
run=8 seed=7 k=90 f=0
11 66 81 31 65 33 86 0 85 43 26 1 31 66 55 5 29 38 80 36 74 53 18 67 19 4 1 72 22 50 78 21 81 77 40 31 27 14 43 88 86 10 89 0 72 17 60 24 74 84 13 48 62 31 25 50 87 40 0 59 22 47 9 68 58 67 36 85 83 41 45 53 13 7 53 51 76 76 62 21
run=9 seed=8 k=90 f=0
75 54 12 89 81 1 52 71 87 63 67 17 66 47 41 62 60 88 30 17 75 88 57 22 82 27 74 17 25 63 17 12 80 64 41 33 89 25 6 52 83 58 13 37 53 60 43 76 70 40 55 66 49 22 50 59 72 34 39 72 0 43 49 75 33 15 7 13 48 34 20 9 80 0 7 89 47 49 82 4
run=10 seed=9 k=90 f=0
15 59 25 3 20 59 5 25 38 32 16 31 88 49 0 65 89 0 31 49 8 20 31 46 39 44 89 83 68 79 38 44 69 87 73 0 45 73 66 62 58 37 54 36 4 5 0 3 17 9 15 34 80 54 19 82 1 36 75 12 51 26 18 30 6 30 88 87 86 65 37 75 72 53 62 64 12 25 28 61
run=11 seed=10 k=90 f=0
85 62 38 23 81 64 5 87 17 77 33 89 18 80 74 1 60 88 71 48 8 37 25 31 35 35 52 40 58 66 27 53 55 28 50 45 50 55 69 62 18 16 1 23 61 12 60 28 69 52 38 48 83 25 41 76 63 3 80 81 4 13 47 67 13 8 74 23 89 10 77 30 23 42 15 37 44 82 65 6
run=12 seed=11 k=90 f=0
65 14 87 4 33 0 35 67 59 73 22 27 38 14 59 20 1 73 73 78 31 69 46 31 11 24 52 52 1 77 78 83 0 83 22 45 81 52 16 9 88 37 29 46 51 49 18 15 67 53 24 67 10 46 8 24 89 22 2 0 87 88 77 17 43 37 24 63 53 40 61 36 77 72 35 62 79 15 11 85
run=13 seed=12 k=90 f=0
2 14 14 28 12 89 89 63 42 54 88 89 7 74 58 25 12 37 88 40 51 35 0 64 78 22 89 86 19 17 48 8 26 9 40 68 10 18 2 77 7 0 49 63 62 19 29 54 54 76 56 8 42 56 80 35 78 49 74 48 29 4 61 69 29 23 36 14 65 0 86 31 0 38 60 29 1 44 19 72
run=14 seed=13 k=90 f=0
28 11 15 87 25 17 2 60 6 71 69 81 82 54 71 89 27 56 38 88 62 43 21 26 63 64 49 6 28 40 44 18 37 83 47 29 19 49 24 49 82 0 0 74 50 89 49 84 71 88 18 11 39 8 37 67 72 1 35 6 3 22 73 8 11 30 75 31 79 9 76 57 50 11 18 56 45 68 50 53
run=15 seed=14 k=90 f=0
13 15 51 86 43 38 47 60 9 58 18 28 30 65 58 73 37 86 82 71 80 49 69 78 37 20 70 4 81 3 12 35 88 24 32 41 63 79 11 72 44 57 69 31 60 8 63 48 52 60 29 27 70 8 15 89 22 47 42 8 5 23 58 0 46 1 3 87 3 18 31 81 78 17 46 77 56 55 87 38
run=16 seed=15 k=90 f=0
43 28 57 35 26 75 4 17 64 88 13 22 71 39 10 15 89 72 44 35 0 50 63 20 70 31 88 21 50 48 65 66 36 84 60 58 62 65 71 53 25 88 48 16 86 78 76 22 47 81 8 13 13 34 26 36 75 27 57 4 5 33 30 38 3 52 44 60 79 77 19 11 67 0 54 4 3 62 26 85
run=17 seed=16 k=90 f=0
24 33 49 22 39 53 37 1 33 78 56 0 29 21 18 2 89 36 51 3 77 22 41 14 8 67 65 52 73 0 58 88 83 85 20 70 74 43 49 61 8 28 73 89 16 89 13 21 26 52 34 13 80 9 27 67 72 10 67 46 9 64 44 0 15 80 1 86 46 51 61 36 41 44 16 58 5 73 36 38
run=18 seed=17 k=90 f=0
25 50 49 17 27 89 70 81 53 47 14 15 59 66 42 68 79 86 42 33 22 11 33 66 8 53 28 10 79 8 36 2 76 2 81 87 89 51 60 51 74 72 66 80 34 70 20 27 60 25 86 55 8 55 34 71 19 0 80 60 0 79 37 18 25 45 15 22 62 55 73 40 36 21 43 46 61 46 89 31
run=19 seed=18 k=90 f=0
71 7 35 80 58 48 35 20 2 27 16 61 62 76 22 53 64 0 41 4 84 38 41 70 18 36 49 46 24 23 11 23 6 28 82 69 51 12 53 89 39 69 86 63 9 27 26 26 2 25 61 66 16 3 41 35 13 37 31 1 89 32 76 71 73 69 50 77 60 13 79 81 44 76 55 48 8 88 42 40
run=20 seed=19 k=90 f=0
29 86 88 46 67 15 71 78 2 4 33 40 11 24 49 52 28 19 45 58 17 26 5 72 58 61 30 39 65 6 50 5 88 56 27 65 67 8 45 81 13 89 89 30 14 57 7 52 21 80 83 11 70 78 67 36 11 3 67 76 54 0 81 46 24 71 40 35 41 20 3 16 12 35 37 50 62 53 81 64
