run=1 seed=0 k=85 f=0
13 66 27 0 83 14 71 82 77 49 22 35 20 19 63 76 45 21 65 72 1 25 2 39 82 69 66 38 82 24 34 36 73 28 74 48 0 61 0 82 75 43 9 74 19 57 3 64 8 60 53 11 26 55 51 23 17 47 61 56 16 10 4 37 45 35 61 39 82 82 75 65 84 30 0 7 44 14 52 55
run=2 seed=1 k=85 f=0
13 66 27 0 83 14 71 82 77 49 22 35 20 19 63 76 45 21 65 72 1 25 2 39 82 69 66 38 82 24 34 36 73 28 74 48 0 61 0 82 75 43 9 74 19 57 3 64 8 60 53 11 26 55 51 23 17 47 61 56 16 10 4 37 45 35 61 39 82 82 75 65 84 30 0 7 44 14 52 55
run=3 seed=2 k=85 f=0
40 8 9 55 0 58 11 82 39 21 57 76 84 53 75 14 1 68 84 15 32 43 14 23 52 11 80 65 66 4 18 61 2 53 31 69 47 27 44 32 60 52 15 43 29 70 76 48 41 50 44 45 83 75 6 70 10 18 3 2 19 37 23 78 1 11 82 73 81 15 60 58 28 9 35 20 2 66 72 31
run=4 seed=3 k=85 f=0
0 80 48 45 45 23 22 66 6 69 23 4 23 14 67 2 68 20 11 63 43 31 48 58 84 0 6 42 73 73 82 18 6 39 76 71 28 13 57 58 39 84 4 62 51 16 1 84 53 12 24 59 44 62 30 52 26 37 51 59 25 37 46 55 82 37 38 22 8 83 62 47 36 80 77 1 72 31 75 41
run=5 seed=4 k=85 f=0
31 67 24 84 13 12 80 83 23 84 64 59 58 64 17 54 31 66 66 74 37 19 43 4 62 56 32 2 29 62 10 8 38 76 59 44 78 54 19 52 78 84 27 5 2 44 17 33 38 73 22 45 16 22 36 42 76 9 28 26 84 12 61 45 3 69 71 74 47 71 10 69 24 25 2 40 77 48 0 76
run=6 seed=5 k=85 f=0
70 80 65 44 51 77 45 54 24 11 6 74 66 53 0 10 13 1 27 29 49 0 74 18 44 44 67 59 72 77 36 57 30 62 63 62 50 84 73 15 4 17 9 40 75 24 13 32 30 55 26 30 67 3 49 15 43 84 67 34 6 18 6 25 33 68 58 83 39 35 35 4 21 43 75 74 58 58 83 39
run=7 seed=6 k=85 f=0
12 58 82 35 23 60 6 68 17 33 7 83 44 13 62 45 26 57 73 54 26 11 40 52 39 41 25 2 57 0 35 84 82 23 51 75 41 14 0 54 79 32 37 3 2 22 74 77 49 64 70 32 11 13 48 30 60 31 18 23 33 53 43 71 84 9 49 14 66 63 5 71 19 6 80 2 69 17 43 75
run=8 seed=7 k=85 f=0
20 32 22 26 65 64 6 4 10 53 0 55 54 55 27 20 36 8 45 31 51 12 73 39 74 63 0 78 42 10 28 59 15 46 31 67 47 82 68 61 47 24 59 50 28 71 70 72 16 25 18 76 81 6 30 23 15 36 66 39 3 1 54 18 13 42 36 60 78 61 75 83 43 6 53 41 1 76 17 67
run=9 seed=8 k=85 f=0
82 0 10 59 58 8 27 14 72 39 6 53 61 0 15 84 50 27 19 83 62 13 46 42 25 68 20 22 15 78 33 32 35 62 46 72 8 75 47 47 64 0 53 0 38 25 73 46 14 42 51 71 59 67 84 36 10 74 19 67 22 46 14 16 23 55 47 56 53 9 34 61 80 1 3 76 28 30 37 84
run=10 seed=9 k=85 f=0
72 21 35 38 25 43 75 35 22 21 6 38 33 9 83 7 1 80 81 26 45 30 11 15 0 43 74 43 24 84 83 54 0 72 63 83 30 13 54 14 59 17 4 65 19 46 50 3 53 66 30 51 27 41 29 82 1 61 81 67 75 77 78 50 21 56 13 52 66 0 58 5 10 23 18 73 73 65 37 51
run=11 seed=10 k=85 f=0
38 0 38 43 33 84 26 76 57 61 18 9 33 0 44 66 50 65 52 1 84 37 6 81 42 6 67 83 16 53 62 13 70 58 80 48 65 18 39 52 76 57 28 50 77 1 46 43 40 20 23 48 29 20 1 33 70 25 30 28 70 56 28 42 66 68 4 3 75 15 12 18 57 13 83 7 14 7 50 20
run=12 seed=11 k=85 f=0
68 29 42 46 80 73 35 26 14 53 70 6 28 79 55 1 62 27 59 53 38 64 37 36 35 12 84 3 21 3 48 46 9 56 52 15 61 65 6 35 66 32 18 51 26 80 28 45 42 70 55 7 22 7 84 33 24 17 17 75 81 84 37 2 78 0 64 14 81 25 47 27 55 49 36 41 23 75 1 66
run=13 seed=12 k=85 f=0
80 57 9 51 83 15 68 27 82 36 23 76 11 76 68 9 72 19 68 6 17 83 15 84 73 30 59 6 25 27 15 47 38 75 10 37 29 34 57 57 68 79 64 59 34 47 84 64 64 12 6 8 52 21 51 0 1 0 54 43 0 52 21 5 41 73 41 25 65 75 45 12 23 18 81 41 24 43 34 56
run=14 seed=13 k=85 f=0
20 51 84 34 39 11 82 30 4 41 41 44 82 50 46 67 12 69 4 29 81 17 19 66 13 32 80 71 68 24 1 45 26 16 31 3 79 43 49 62 42 71 77 52 25 1 59 27 19 83 14 21 56 52 2 82 79 53 0 56 64 35 58 25 59 66 40 81 62 4 38 8 73 33 48 16 35 49 10 40
run=15 seed=14 k=85 f=0
77 70 16 24 28 3 52 31 24 22 73 57 43 40 26 40 30 0 6 83 47 79 69 13 10 67 83 14 28 48 77 13 84 8 67 34 40 46 21 50 18 22 37 32 83 2 63 38 14 41 61 12 84 53 25 80 77 62 62 1 23 74 7 75 57 16 2 62 30 38 60 28 5 33 51 37 57 71 7 54
run=16 seed=15 k=85 f=0
71 80 15 63 1 73 64 47 82 58 0 62 79 40 35 52 27 57 69 13 6 40 3 14 46 0 23 26 10 5 75 20 60 40 55 25 20 21 66 48 50 44 8 1 83 30 39 62 42 18 32 72 9 35 31 13 79 11 84 73 34 13 25 48 77 37 29 30 29 78 68 79 53 67 83 64 28 44 72 71
run=17 seed=16 k=85 f=0
74 62 47 23 16 63 2 38 23 43 64 10 78 56 51 77 25 84 84 48 0 44 1 84 13 59 73 11 81 0 13 53 65 16 45 29 47 48 9 19 48 73 69 11 22 3 76 54 81 73 30 33 34 60 32 80 27 28 82 66 18 37 9 0 55 3 71 51 16 56 7 56 52 37 43 3 35 13 24 31
run=18 seed=17 k=85 f=0
20 73 2 47 14 15 25 67 43 52 26 40 24 6 82 38 34 12 82 70 84 1 13 18 78 53 78 72 74 58 41 52 46 1 56 17 64 81 8 33 13 77 38 45 28 75 14 77 27 79 30 65 0 68 59 30 23 4 43 59 62 46 52 23 45 6 40 10 62 5 47 84 8 53 70 36 62 68 13 0
run=19 seed=18 k=85 f=0
81 79 40 4 27 78 62 61 12 67 81 61 9 76 67 59 65 72 36 9 49 25 81 33 74 45 24 20 32 70 9 16 26 39 7 69 43 26 73 54 38 0 16 8 4 72 12 69 84 2 52 46 22 77 50 33 52 2 36 84 13 12 27 81 1 42 25 43 66 13 57 32 38 18 31 43 53 44 58 52
run=20 seed=19 k=85 f=0
33 47 43 2 27 45 52 21 37 54 30 19 25 26 15 23 81 30 84 48 36 56 30 37 29 44 13 46 40 84 3 65 68 11 17 12 84 84 78 75 63 6 40 68 74 58 22 27 52 0 76 16 25 41 52 61 56 40 83 61 66 42 76 19 69 16 0 11 15 25 74 0 34 5 59 77 2 51 72 60
