run=1 seed=0 k=73 f=0
67 17 26 21 56 0 47 56 69 28 66 71 71 23 27 42 19 58 14 42 72 2 34 30 22 32 47 13 0 1 64 61 40 5 38 55 35 65 31 2 57 8 15 52 30 10 72 60 49 11 37 11 1 68 37 22 0 54 32 8 41 65 43 46 47 33 60 50 22 70 26 44 63 20 70 47 9 14 53 62
run=2 seed=1 k=73 f=0
67 17 26 21 56 0 47 56 69 28 66 71 71 23 27 42 19 58 14 42 72 2 34 30 22 32 47 13 0 1 64 61 40 5 38 55 35 65 31 2 57 8 15 52 30 10 72 60 49 11 37 11 1 68 37 22 0 54 32 8 41 65 43 46 47 33 60 50 22 70 26 44 63 20 70 47 9 14 53 62
run=3 seed=2 k=73 f=0
55 40 36 26 22 59 50 4 15 64 63 21 23 63 68 16 7 72 34 36 50 59 48 14 39 16 5 38 40 64 27 67 3 32 70 10 47 12 70 31 72 43 42 6 3 62 64 67 55 46 49 19 36 54 53 47 8 11 2 71 28 30 26 23 21 34 29 51 26 39 1 1 68 40 61 17 20 55 11 31
run=4 seed=3 k=73 f=0
45 59 38 5 28 56 69 19 72 27 55 72 29 65 60 69 57 24 55 42 19 30 5 35 9 43 27 69 31 15 9 0 40 40 62 38 64 49 67 13 0 35 61 18 35 4 47 12 28 65 47 50 19 15 72 0 72 52 65 21 50 51 36 4 31 25 59 62 8 57 11 33 0 22 34 48 33 68 26 47
run=5 seed=4 k=73 f=0
51 47 71 12 51 62 28 17 37 61 24 63 39 44 57 38 0 51 26 38 63 11 72 49 71 40 72 34 61 34 15 19 0 43 70 3 5 69 32 14 55 31 3 39 0 45 33 72 18 71 5 51 9 59 12 26 2 68 55 30 26 56 6 21 57 48 19 16 72 60 34 23 55 29 62 43 19 21 0 64
run=6 seed=5 k=73 f=0
52 13 30 26 45 64 69 47 72 44 19 63 31 34 66 57 60 36 27 55 71 32 13 70 70 7 40 19 15 52 23 0 8 25 71 22 14 0 68 40 10 64 11 54 19 2 3 18 72 29 0 2 51 13 72 32 53 24 44 39 0 49 55 45 37 6 46 3 8 61 66 32 40 57 17 33 39 19 28 46
run=7 seed=6 k=73 f=0
28 33 43 10 68 30 64 54 23 63 28 11 13 24 72 60 31 59 22 65 53 1 1 2 69 42 18 48 36 28 6 72 34 25 53 45 53 47 70 20 51 33 35 53 50 62 20 6 72 52 60 51 1 44 0 40 12 6 9 26 64 16 51 69 11 60 13 7 19 46 7 40 23 45 16 2 15 68 40 22
run=8 seed=7 k=73 f=0
66 25 46 59 5 32 43 14 19 6 27 57 18 30 38 0 62 38 38 2 57 41 26 6 17 9 43 46 60 21 16 12 72 45 72 64 1 71 37 26 0 21 5 16 62 10 38 50 20 0 52 51 43 30 58 0 54 51 35 47 33 30 58 23 63 41 6 70 48 70 15 39 72 62 51 64 64 35 69 48
run=9 seed=8 k=73 f=0
11 7 58 23 47 0 0 33 17 44 40 24 59 16 69 1 0 38 38 6 34 54 63 72 51 10 12 24 72 33 32 24 46 15 55 41 54 61 67 32 61 15 5 22 18 40 10 68 72 58 41 22 46 66 72 40 30 4 48 30 17 60 61 51 54 28 38 72 61 55 66 66 32 20 25 0 49 0 71 15
run=10 seed=9 k=73 f=0
0 11 11 8 28 56 27 44 30 63 67 48 19 60 49 67 33 21 15 16 30 1 67 52 43 45 18 9 14 65 70 50 62 51 72 61 29 10 1 39 27 24 30 46 23 56 34 4 6 54 40 36 15 3 71 19 37 70 57 54 26 34 15 62 60 68 44 5 42 33 39 17 69 11 0 11 38 1 5 28
run=11 seed=10 k=73 f=0
64 26 3 69 28 61 72 53 37 18 42 17 60 70 0 38 51 44 1 29 72 6 42 19 72 21 56 49 59 6 0 64 13 37 37 53 25 19 10 34 37 10 3 33 23 53 54 0 60 68 25 7 8 50 72 46 70 43 0 58 0 46 16 58 65 24 48 8 56 42 14 2 39 68 30 23 8 31 18 52
run=12 seed=11 k=73 f=0
20 16 9 58 1 12 60 46 60 44 42 64 62 16 26 43 55 15 12 13 0 33 38 31 35 68 4 5 49 49 33 63 48 34 49 53 12 53 20 56 26 6 72 60 69 72 33 71 47 29 68 8 20 37 25 39 28 0 54 4 7 22 17 42 0 28 21 61 72 39 61 30 38 41 0 18 3 18 26 71
run=13 seed=12 k=73 f=0
35 26 53 25 61 63 50 29 34 11 33 51 72 30 24 54 10 66 20 55 47 72 31 0 39 54 34 57 3 68 62 37 51 58 46 8 15 11 42 65 18 0 49 36 10 30 1 19 21 45 9 18 72 29 22 72 8 43 21 30 36 67 45 1 0 2 37 48 12 47 16 1 61 6 29 70 27 56 65 12
run=14 seed=13 k=73 f=0
1 48 62 14 5 23 37 8 12 65 66 24 20 1 38 58 14 36 48 56 28 69 9 51 52 72 35 26 23 23 30 0 67 0 34 17 72 68 42 46 9 22 17 10 31 54 25 65 0 55 69 46 42 66 59 49 55 13 14 40 31 12 39 47 29 3 12 71 37 2 8 34 64 29 23 43 34 61 5 7
run=15 seed=14 k=73 f=0
17 33 63 66 17 56 55 50 20 36 9 57 13 21 4 59 14 46 52 44 15 6 68 7 66 71 47 51 68 16 60 71 23 16 45 47 72 25 2 63 37 1 61 0 29 44 20 31 5 39 0 2 29 9 34 70 65 34 62 19 64 40 0 7 40 44 34 5 25 26 0 25 21 53 55 35 12 59 53 70
run=16 seed=15 k=73 f=0
45 44 30 13 46 59 69 6 30 13 0 22 41 57 66 16 41 72 28 58 36 72 52 30 41 32 39 57 32 56 67 3 1 47 0 29 38 29 68 28 20 68 38 8 52 61 43 71 0 14 5 6 50 57 0 14 20 17 47 60 58 7 9 63 19 50 18 23 11 68 6 72 67 8 23 39 39 47 23 72
run=17 seed=16 k=73 f=0
67 62 27 40 26 21 71 44 60 54 0 53 71 52 22 34 30 42 11 37 19 3 13 16 45 65 59 7 13 31 37 54 55 35 72 11 28 72 26 46 23 30 50 66 21 62 62 8 19 0 5 61 47 42 6 0 61 13 46 58 37 71 42 17 63 30 7 6 69 68 24 0 72 36 56 4 40 49 10 6
run=18 seed=17 k=73 f=0
11 63 7 65 63 21 12 43 9 41 35 34 42 64 63 69 41 65 53 20 50 24 31 9 28 8 55 72 52 36 0 38 26 2 5 43 45 14 29 55 45 58 57 30 17 4 35 36 26 72 26 43 59 28 37 52 19 18 3 48 0 58 62 24 64 68 68 4 12 19 31 64 17 70 50 45 1 0 71 52
run=19 seed=18 k=73 f=0
47 64 17 72 71 23 46 54 3 27 46 11 27 9 3 27 20 72 46 4 38 49 34 47 16 61 5 57 41 32 33 13 72 16 62 18 31 31 40 17 25 23 48 59 6 40 25 37 70 52 65 62 2 0 0 68 36 63 61 71 34 58 54 39 63 46 14 34 70 56 26 0 43 53 10 51 8 19 31 11
run=20 seed=19 k=73 f=0
28 6 0 1 9 65 10 16 11 36 45 72 23 6 57 20 49 7 71 64 38 68 67 42 48 22 21 14 38 60 71 50 47 60 47 45 52 51 26 64 30 57 72 16 34 34 58 21 11 0 48 24 39 0 42 2 36 7 15 58 57 10 28 33 36 45 69 26 29 12 16 0 29 16 66 22 35 71 2 33
