run=1 seed=0 k=87 f=0
64 12 3 68 17 77 58 24 4 28 17 73 71 31 86 58 26 54 28 73 65 0 51 78 68 17 5 1 16 14 78 45 12 10 62 21 7 1 37 43 54 54 83 38 77 19 64 86 51 5 86 40 67 71 30 48 80 29 30 33 59 49 54 72 62 14 85 0 7 35 36 85 81 60 44 23 68 24 84 44
run=2 seed=1 k=87 f=0
64 12 3 68 17 77 58 24 4 28 17 73 71 31 86 58 26 54 28 73 65 0 51 78 68 17 5 1 16 14 78 45 12 10 62 21 7 1 37 43 54 54 83 38 77 19 64 86 51 5 86 40 67 71 30 48 80 29 30 33 59 49 54 72 62 14 85 0 7 35 36 85 81 60 44 23 68 24 84 44
run=3 seed=2 k=87 f=0
42 49 55 86 17 11 35 0 82 27 4 28 16 77 53 23 47 40 56 44 61 14 68 43 78 58 35 5 41 6 66 35 37 81 65 69 49 68 15 62 51 10 6 86 1 1 27 72 9 0 17 49 76 78 51 59 41 79 83 45 85 63 3 30 25 44 10 33 73 25 23 16 36 24 15 30 35 72 20 61
run=4 seed=3 k=87 f=0
31 13 27 67 29 76 75 67 9 85 73 61 63 82 0 36 10 31 73 55 85 70 52 44 48 71 2 14 10 58 64 19 79 8 14 30 4 59 31 55 49 62 82 37 58 25 66 64 84 55 31 46 36 42 47 23 5 41 29 25 22 78 40 17 1 54 35 11 0 77 64 71 44 12 0 82 2 85 45 6
run=5 seed=4 k=87 f=0
86 32 22 32 23 10 42 55 86 12 73 24 11 79 37 15 20 64 0 41 23 65 51 80 50 0 41 60 69 19 30 53 28 44 64 48 55 72 17 0 10 78 5 48 83 17 70 59 7 71 51 17 41 39 82 28 9 44 86 37 86 59 15 36 65 39 84 26 5 4 13 72 60 64 52 48 76 57 58 71
run=6 seed=5 k=87 f=0
72 29 52 9 83 38 15 23 81 64 31 48 24 69 65 2 59 0 19 50 40 55 6 85 84 41 39 19 35 62 18 69 79 73 36 76 56 15 46 86 0 77 56 9 59 11 3 4 82 23 54 84 71 49 86 66 7 41 86 34 5 12 16 32 3 52 73 74 15 24 65 0 14 32 50 26 28 71 61 46
run=7 seed=6 k=87 f=0
57 21 69 6 35 75 31 52 82 82 19 49 6 83 31 2 63 19 72 83 35 62 10 75 65 73 54 48 50 42 7 12 41 70 44 77 0 59 36 23 0 57 7 45 54 70 54 31 34 42 32 0 25 27 82 2 80 84 72 38 86 29 48 30 27 20 12 19 49 67 0 9 12 15 54 6 11 21 1 63
run=8 seed=7 k=87 f=0
42 74 14 74 2 24 77 1 84 61 26 13 38 75 76 84 28 51 14 81 35 23 13 83 73 59 5 27 52 25 84 7 0 35 66 1 51 44 86 84 16 55 63 82 49 20 69 64 37 68 58 29 7 43 10 76 24 64 47 57 46 30 38 0 19 49 42 19 68 38 17 5 85 31 77 75 32 52 2 69
run=9 seed=8 k=87 f=0
28 37 18 14 15 82 7 2 54 81 16 75 82 26 18 77 60 44 84 85 56 7 33 1 10 86 49 71 58 72 75 66 56 73 6 28 35 37 58 1 65 42 23 61 24 23 4 67 42 0 83 42 9 52 54 11 33 46 27 43 51 52 22 14 30 42 70 1 0 58 80 66 20 12 32 21 25 36 76 27
run=10 seed=9 k=87 f=0
21 20 16 84 58 25 71 31 55 36 77 13 4 1 69 41 9 48 22 37 48 0 58 66 57 62 16 44 33 7 41 74 27 17 70 82 86 60 43 76 72 17 1 8 13 51 30 86 1 35 60 49 77 31 39 70 3 60 27 5 69 29 36 86 84 46 40 84 65 26 55 67 44 38 23 82 78 46 7 79
run=11 seed=10 k=87 f=0
64 81 29 24 33 83 73 37 61 26 63 29 57 63 47 27 77 1 8 42 51 11 19 4 67 53 50 40 53 60 34 59 31 49 65 2 53 70 0 10 10 17 59 53 17 1 61 46 60 69 80 24 86 0 20 27 80 22 86 49 36 40 35 11 10 14 5 83 76 33 26 78 17 83 43 48 0 17 26 69
run=12 seed=11 k=87 f=0
47 17 69 44 84 57 86 16 11 58 47 66 73 17 19 58 28 14 40 19 73 30 55 4 12 63 59 68 7 30 41 1 9 23 67 6 30 65 4 0 86 52 74 79 69 82 12 3 12 44 70 28 75 12 32 48 23 40 8 49 56 83 74 51 37 25 45 30 83 80 86 18 35 54 2 76 41 15 66 50
run=13 seed=12 k=87 f=0
41 26 35 46 18 71 59 21 82 59 76 47 4 12 16 86 50 12 56 85 67 0 36 71 18 0 20 83 72 8 38 49 26 54 4 9 21 5 61 74 77 42 45 81 8 63 50 45 57 20 30 29 69 71 26 32 29 53 21 39 40 78 58 63 38 0 18 65 34 63 85 5 77 35 33 12 11 83 57 58
run=14 seed=13 k=87 f=0
21 64 27 13 40 73 65 19 5 62 43 16 26 4 14 25 67 16 73 27 83 40 22 34 51 42 21 53 75 70 48 3 42 56 50 49 6 66 36 35 80 60 46 60 63 62 49 51 56 9 55 44 30 14 4 82 31 78 52 33 0 78 28 35 9 34 15 6 19 43 23 45 74 51 83 86 42 86 68 3
run=15 seed=14 k=87 f=0
16 35 15 73 25 77 76 85 21 7 0 67 44 85 80 54 2 83 1 47 8 84 24 28 37 52 64 58 68 4 36 76 34 18 86 48 0 5 41 73 78 35 65 28 70 51 3 8 86 10 20 39 43 44 47 54 68 25 57 62 24 13 85 73 29 43 10 24 26 51 58 81 77 9 31 14 61 86 66 59
run=16 seed=15 k=87 f=0
86 36 28 29 56 3 39 72 46 34 7 82 14 2 79 73 8 54 35 23 52 27 19 57 58 71 8 4 46 18 77 17 46 47 71 67 9 11 38 25 37 0 23 43 81 33 82 82 59 0 68 13 23 24 63 30 84 54 77 43 15 21 16 85 82 66 68 1 64 75 78 74 45 2 31 40 21 84 35 69
run=17 seed=16 k=87 f=0
25 16 9 49 9 5 10 14 30 6 82 47 39 59 72 86 1 65 71 48 32 75 27 32 77 79 66 55 29 16 12 40 84 58 26 64 35 37 70 65 75 13 25 30 57 2 73 21 70 31 42 2 22 50 74 53 0 14 67 22 55 0 62 17 0 80 85 65 22 85 85 82 8 53 46 80 64 7 6 22
run=18 seed=17 k=87 f=0
21 32 26 26 33 56 28 1 33 79 55 12 74 58 0 40 0 39 66 15 49 20 21 18 7 29 79 7 82 66 71 2 50 62 10 59 71 32 39 33 33 86 78 73 77 43 62 84 37 46 12 15 86 25 12 67 43 81 74 28 67 54 22 53 72 42 42 85 63 55 6 1 76 62 20 53 19 39 34 6
run=19 seed=18 k=87 f=0
8 66 84 19 7 51 36 10 44 60 84 28 29 60 85 80 4 22 56 19 42 10 8 61 31 43 73 41 81 51 25 29 19 30 64 18 74 69 59 0 0 74 39 63 72 13 56 76 60 84 9 15 70 18 0 84 84 55 63 46 36 1 67 57 23 15 65 11 3 85 76 86 51 67 13 38 28 36 49 1
run=20 seed=19 k=87 f=0
43 3 13 52 19 0 29 36 14 70 73 61 55 72 79 42 68 48 63 37 83 70 59 72 58 0 17 32 83 1 40 9 22 14 2 32 52 73 58 0 57 46 5 67 50 85 61 79 46 86 30 14 20 79 82 46 70 11 23 13 12 86 66 31 21 55 55 3 56 80 40 24 75 35 59 31 25 63 1 43
