run=1 seed=0 k=70 f=0
67 61 61 23 3 54 66 68 32 31 63 48 8 37 30 7 11 0 24 15 69 29 47 67 1 44 12 13 57 55 19 46 52 16 41 41 36 7 43 2 28 53 59 29 34 16 48 44 67 34 3 11 57 62 39 23 32 60 36 65 18 55 69 69 28 14 26 16 1 43 51 25 4 44 25 10 66 34 24 0
run=2 seed=1 k=70 f=0
67 61 61 23 3 54 66 68 32 31 63 48 8 37 30 7 11 0 24 15 69 29 47 67 1 44 12 13 57 55 19 46 52 16 41 41 36 7 43 2 28 53 59 29 34 16 48 44 67 34 3 11 57 62 39 23 32 60 36 65 18 55 69 69 28 14 26 16 1 43 51 25 4 44 25 10 66 34 24 0
run=3 seed=2 k=70 f=0
60 60 49 65 21 37 34 68 5 37 42 39 14 1 51 66 22 56 12 1 18 6 9 0 56 42 40 69 66 17 15 54 39 20 30 25 22 44 33 3 58 47 0 12 36 46 56 64 54 33 8 25 0 0 29 52 39 31 69 45 15 0 43 65 13 18 17 28 32 50 49 11 69 64 8 8 1 27 59 69
run=4 seed=3 k=70 f=0
45 10 53 0 6 0 22 13 7 10 54 30 25 9 55 28 35 69 51 34 69 19 48 46 65 58 69 65 28 58 0 1 6 20 67 61 1 54 60 37 17 60 32 14 11 50 0 33 67 16 40 49 6 17 7 67 31 14 25 39 51 56 61 46 47 23 13 2 46 23 0 21 42 62 26 40 42 33 15 17
run=5 seed=4 k=70 f=0
32 47 34 50 5 36 35 44 48 50 54 26 69 69 38 57 0 12 49 41 11 37 48 22 63 64 12 7 16 65 37 24 27 30 59 69 61 19 1 46 30 1 68 5 30 19 42 0 41 33 57 50 51 68 52 62 36 1 31 20 17 5 15 43 11 26 61 39 62 1 58 12 7 54 24 14 69 43 19 5
run=6 seed=5 k=70 f=0
9 24 33 69 56 64 10 29 23 44 58 48 69 48 47 31 22 61 38 67 52 43 39 44 22 45 53 60 19 7 3 17 4 48 13 64 66 39 20 27 36 0 69 24 1 41 57 51 11 54 62 30 69 24 0 13 45 55 28 58 2 69 6 9 6 34 68 13 8 30 16 0 38 16 31 61 3 22 38 34
run=7 seed=6 k=70 f=0
21 42 42 25 13 39 4 52 28 63 21 61 67 33 48 57 58 67 0 0 7 25 40 60 49 24 10 7 22 1 15 17 32 32 21 0 53 22 8 0 53 29 45 56 41 26 9 18 69 8 66 42 46 47 12 62 69 12 51 33 17 13 58 1 68 4 29 4 37 35 52 44 31 39 38 59 48 45 65 15
run=8 seed=7 k=70 f=0
4 16 31 1 15 0 66 57 42 63 49 32 46 6 63 35 69 42 27 68 42 52 38 16 49 29 51 32 57 60 46 2 10 26 37 25 67 49 40 56 35 59 64 69 59 39 10 27 9 1 23 18 20 67 6 35 47 25 9 6 61 20 69 15 12 16 26 69 30 69 35 14 47 0 54 23 59 29 18 54
run=9 seed=8 k=70 f=0
57 23 23 15 1 36 32 52 7 16 11 61 53 17 44 34 58 27 55 50 2 14 17 32 0 38 69 33 55 58 30 43 0 0 38 54 50 13 19 8 50 29 42 7 63 28 53 56 12 68 5 24 0 20 62 69 65 66 69 9 45 47 49 51 32 25 47 22 58 24 7 39 31 19 18 6 47 41 22 10
run=10 seed=9 k=70 f=0
28 49 45 37 38 16 14 68 58 36 8 55 69 31 56 57 10 38 28 43 15 37 21 15 9 28 45 49 9 54 58 4 33 31 52 25 41 57 20 63 2 33 46 69 43 23 10 2 35 61 68 64 44 20 6 40 11 0 24 66 1 0 48 21 1 26 38 21 67 7 69 14 17 9 52 61 52 27 52 41
run=11 seed=10 k=70 f=0
54 36 7 35 35 40 5 51 47 36 0 60 58 16 4 21 57 12 50 38 60 69 45 48 6 20 27 63 38 63 46 3 16 69 0 15 47 5 12 23 53 31 60 53 58 10 16 8 41 66 8 28 32 65 46 17 14 35 10 44 50 29 0 37 30 28 64 15 46 15 26 1 7 68 0 57 64 0 21 30
run=12 seed=11 k=70 f=0
37 23 54 13 37 59 1 19 39 18 38 17 41 28 60 66 21 64 48 50 4 13 67 23 24 46 66 8 50 34 59 56 32 6 16 43 47 43 54 25 41 43 25 20 9 0 30 15 37 29 5 67 8 0 34 1 25 69 63 34 69 1 67 14 68 30 14 43 30 46 52 56 60 13 0 69 49 55 21 6
run=13 seed=12 k=70 f=0
69 1 14 18 60 68 9 53 5 51 48 55 17 33 54 53 60 36 5 29 11 35 30 50 38 23 69 23 50 41 4 43 1 63 51 63 12 8 25 47 12 0 45 55 65 63 39 16 34 7 56 58 69 16 18 33 26 38 59 9 42 19 41 0 1 48 21 29 21 30 29 3 16 26 51 35 26 6 69 60
run=14 seed=13 k=70 f=0
18 48 49 45 28 45 42 15 55 35 19 62 38 46 52 22 14 31 48 60 0 39 68 16 43 0 28 63 55 66 64 55 29 8 19 16 41 52 31 10 8 11 39 13 10 68 19 66 35 69 37 21 53 36 65 26 2 0 27 69 26 31 38 21 0 4 5 2 68 2 59 50 7 22 45 44 33 57 50 7
run=15 seed=14 k=70 f=0
9 44 15 29 13 12 17 37 59 64 47 64 30 40 61 9 0 31 62 25 33 59 39 38 28 59 21 52 2 0 27 51 3 23 22 2 22 54 2 37 47 39 63 39 20 55 33 48 8 38 10 67 19 0 6 69 31 69 4 37 52 69 7 46 16 0 52 57 15 52 13 47 27 15 69 58 21 65 67 47
run=16 seed=15 k=70 f=0
9 45 12 55 46 29 44 68 41 58 28 36 69 37 39 62 43 32 69 15 6 22 53 36 40 21 13 31 20 46 60 32 14 24 60 69 44 60 53 63 27 39 40 68 51 1 47 56 50 0 0 53 9 24 5 48 13 25 59 2 58 27 0 52 0 15 7 12 50 67 15 17 28 55 65 0 2 21 68 59
run=17 seed=16 k=70 f=0
29 52 47 11 59 20 37 14 63 17 55 17 69 55 14 34 21 53 44 0 67 21 21 30 48 0 48 6 31 39 38 8 35 36 20 3 0 62 5 62 3 38 45 13 16 54 21 31 9 60 68 3 48 1 26 0 69 44 15 26 40 57 4 7 69 53 61 66 47 61 14 37 31 24 69 53 69 18 27 51
run=18 seed=17 k=70 f=0
24 47 65 37 29 30 5 36 46 52 19 19 28 39 12 69 45 34 5 64 35 15 23 69 63 0 24 69 19 48 52 59 49 4 63 3 34 68 26 1 61 0 42 23 20 66 10 2 9 69 0 65 29 13 51 58 45 57 52 37 55 28 22 60 11 15 25 1 8 15 23 46 38 41 15 23 40 6 43 61
run=19 seed=18 k=70 f=0
33 5 4 57 47 40 27 32 48 58 36 26 43 68 0 39 51 22 62 13 68 22 61 26 29 9 16 22 59 0 25 51 13 0 69 56 40 55 19 54 41 29 13 30 2 19 56 14 34 69 32 46 0 18 46 24 7 68 60 47 16 66 6 37 69 60 10 16 0 46 29 11 44 6 60 41 68 64 46 51
run=20 seed=19 k=70 f=0
59 59 10 12 40 69 41 32 42 20 27 52 37 36 65 68 30 17 12 9 39 30 5 43 49 0 69 11 14 28 6 53 49 6 3 3 41 48 64 31 19 45 39 33 34 3 67 22 64 10 60 51 45 61 26 56 21 22 65 16 22 25 62 62 14 11 0 6 0 0 69 69 37 13 53 33 0 54 18 6
