run=1 seed=0 k=66 f=0
22 6 15 14 23 25 22 19 3 50 15 54 65 35 29 52 8 41 8 31 65 26 18 33 31 30 63 43 17 52 58 18 56 34 34 45 9 1 56 0 42 59 12 56 60 47 26 17 23 0 7 42 65 0 64 39 43 38 48 40 15 14 61 20 45 48 10 0 39 24 58 63 37 16 50 12 9 1 3 42
run=2 seed=1 k=66 f=0
22 6 15 14 23 25 22 19 3 50 15 54 65 35 29 52 8 41 8 31 65 26 18 33 31 30 63 43 17 52 58 18 56 34 34 45 9 1 56 0 42 59 12 56 60 47 26 17 23 0 7 42 65 0 64 39 43 38 48 40 15 14 61 20 45 48 10 0 39 24 58 63 37 16 50 12 9 1 3 42
run=3 seed=2 k=66 f=0
39 14 13 38 61 16 51 41 9 49 62 20 12 4 64 22 65 4 37 11 29 5 22 0 42 47 29 17 65 9 34 65 51 11 28 44 60 64 2 3 16 0 51 24 13 34 6 34 54 26 49 16 9 8 31 56 50 25 45 57 35 31 48 40 22 0 39 3 54 21 59 11 0 44 17 19 42 58 36 32
run=4 seed=3 k=66 f=0
15 51 47 17 65 0 48 15 39 2 26 1 57 11 36 25 63 54 40 65 33 8 3 0 56 20 65 26 2 44 26 59 47 61 55 65 32 22 46 64 37 19 6 12 0 41 17 47 56 45 53 59 8 10 41 29 29 6 41 44 36 35 9 31 36 65 27 17 1 8 14 50 27 19 0 47 55 30 54 13
run=5 seed=4 k=66 f=0
63 60 16 19 25 15 35 55 48 37 32 34 16 39 7 31 31 46 15 57 38 5 45 54 43 22 62 53 1 4 51 50 40 28 6 25 19 0 9 28 14 21 38 54 1 58 32 59 11 1 26 14 65 60 64 33 43 48 13 65 41 54 23 8 45 6 24 23 65 45 16 6 50 0 57 30 42 34 0 65
run=6 seed=5 k=66 f=0
26 59 39 19 52 16 65 4 0 18 14 46 60 20 51 13 14 31 3 42 33 0 36 54 62 43 37 44 1 28 51 48 14 40 26 20 64 64 20 34 7 8 11 48 21 20 57 54 54 65 62 39 26 41 55 27 60 5 56 41 36 31 65 21 47 38 52 51 65 46 49 12 7 42 0 17 8 0 26 34
run=7 seed=6 k=66 f=0
45 51 19 46 60 44 64 51 31 27 16 58 14 9 38 34 0 48 5 35 10 20 31 7 63 35 56 58 38 65 62 65 2 63 30 2 7 1 7 22 25 0 31 37 24 30 27 9 46 9 1 54 18 48 13 19 39 64 58 14 65 47 2 23 24 60 15 0 27 16 41 37 27 51 57 19 52 34 44 22
run=8 seed=7 k=66 f=0
44 60 46 37 52 0 50 23 63 61 11 20 58 65 34 16 56 7 2 0 31 5 0 65 50 35 46 18 1 16 15 43 49 30 63 38 54 55 61 10 8 56 15 26 36 1 12 35 65 0 24 35 44 26 40 10 12 26 65 65 28 26 19 63 46 48 18 10 21 56 50 33 12 40 21 38 59 30 49 22
run=9 seed=8 k=66 f=0
44 61 42 10 1 60 61 23 1 65 50 55 55 26 21 52 40 33 65 18 44 14 63 18 20 7 65 29 7 45 0 23 12 65 45 37 35 52 32 2 55 8 43 23 30 49 49 45 16 48 33 48 65 16 2 37 58 62 30 42 0 1 54 14 9 16 37 58 0 26 21 10 29 27 57 36 7 3 64 32
run=10 seed=9 k=66 f=0
31 39 62 59 4 44 2 30 36 64 25 64 27 39 65 45 55 21 24 43 19 9 31 44 2 7 29 40 58 12 0 0 11 2 12 57 17 60 17 0 65 30 51 29 54 58 42 63 23 47 51 45 35 59 12 23 39 49 55 14 15 28 52 40 39 9 34 37 65 2 28 8 0 38 65 49 1 21 5 55
run=11 seed=10 k=66 f=0
56 12 13 14 46 53 37 7 30 64 33 60 6 39 21 57 34 50 22 61 50 65 13 62 17 63 22 39 64 46 0 42 51 15 0 36 3 65 47 13 55 28 37 30 9 44 64 61 52 43 7 24 17 14 2 42 62 65 20 29 0 48 1 23 26 18 50 0 2 33 57 22 27 27 9 53 6 0 10 39
run=12 seed=11 k=66 f=0
65 48 12 0 9 49 15 55 29 8 51 10 7 63 42 35 27 58 60 20 58 6 61 22 28 7 31 52 7 65 0 15 16 30 19 25 58 65 45 23 14 43 39 34 0 47 0 41 18 35 55 57 53 52 2 15 32 33 0 19 65 55 61 20 8 6 36 46 28 9 13 40 0 0 45 65 59 39 36 56
run=13 seed=12 k=66 f=0
24 21 44 55 23 65 11 31 44 41 4 30 28 20 37 27 65 7 41 57 13 52 12 41 13 27 33 57 63 64 10 0 50 0 5 62 17 23 41 1 50 34 60 29 64 44 1 14 38 55 1 50 0 56 49 55 15 63 42 45 46 4 29 40 11 5 36 33 65 25 33 52 11 9 18 48 38 16 25 0
run=14 seed=13 k=66 f=0
35 44 16 9 65 54 0 31 38 5 55 23 17 34 0 14 9 51 5 9 21 65 37 33 57 28 41 22 11 50 58 52 48 59 45 7 13 13 48 65 16 60 41 32 42 55 7 1 49 0 0 41 40 36 4 65 27 28 31 30 16 0 13 21 20 24 64 20 1 65 34 43 58 6 65 15 44 23 42 60
run=15 seed=14 k=66 f=0
8 8 10 8 55 34 65 0 62 48 34 20 4 62 35 1 6 49 24 55 48 37 13 29 54 23 55 19 29 46 45 60 47 10 64 29 0 65 50 61 1 29 19 24 11 40 51 3 52 14 19 3 35 39 40 55 14 26 11 64 65 42 24 30 27 17 46 28 21 37 0 33 43 14 58 0 45 63 65 19
run=16 seed=15 k=66 f=0
54 62 59 36 38 53 16 11 20 28 5 11 17 55 65 32 20 27 23 65 19 52 21 28 6 7 19 11 34 53 42 9 49 59 49 26 42 19 25 33 10 0 35 40 65 23 1 61 48 56 65 1 32 58 2 30 15 4 35 57 40 47 42 46 45 5 44 19 44 0 14 63 0 58 65 28 13 44 56 9
run=17 seed=16 k=66 f=0
60 6 46 0 22 53 31 27 21 12 17 40 17 4 1 56 8 63 38 42 35 24 36 8 32 50 16 42 53 25 34 0 65 47 6 47 53 36 8 25 62 64 20 13 11 11 1 1 65 0 41 44 23 46 4 65 30 34 9 19 15 65 33 28 59 44 13 44 51 34 56 0 32 44 41 15 25 52 28 39
run=18 seed=17 k=66 f=0
0 39 11 21 59 21 51 55 48 47 17 61 35 48 6 47 37 25 30 60 0 65 42 52 26 65 60 63 7 9 28 20 57 34 49 10 28 63 27 19 16 42 8 40 38 11 20 33 53 45 1 31 5 13 50 3 3 45 51 16 30 55 25 0 42 12 39 4 34 43 58 37 21 65 14 65 57 28 7 0
run=19 seed=18 k=66 f=0
31 21 55 25 55 28 52 0 20 1 4 35 59 50 12 14 38 6 31 16 63 1 51 47 48 18 5 22 18 15 30 51 39 53 0 42 44 37 43 65 42 9 14 0 65 53 20 57 27 56 65 42 1 39 63 48 22 3 44 27 11 6 4 25 21 10 26 39 34 55 32 13 65 20 47 60 41 32 26 0
run=20 seed=19 k=66 f=0
12 25 63 9 43 40 65 9 14 34 0 57 6 33 46 49 9 43 7 47 56 65 40 0 60 29 17 57 57 26 50 18 19 50 28 7 3 2 29 26 43 39 65 13 37 51 23 65 20 0 64 20 65 63 34 24 53 62 8 14 36 29 36 22 59 56 46 2 31 38 15 43 48 38 56 2 31 58 23 34
