run=1 seed=0 k=97 f=0
47 24 91 22 76 8 39 33 42 64 18 58 85 41 0 70 18 5 14 0 45 81 77 45 39 55 33 96 5 2 68 35 32 93 88 96 4 68 4 21 59 54 13 36 5 68 52 23 33 74 91 96 89 62 50 61 29 40 89 18 48 50 54 81 78 76 73 82 8 77 38 76 0 51 27 71 85 12 65 61
run=2 seed=1 k=97 f=0
47 24 91 22 76 8 39 33 42 64 18 58 85 41 0 70 18 5 14 0 45 81 77 45 39 55 33 96 5 2 68 35 32 93 88 96 4 68 4 21 59 54 13 36 5 68 52 23 33 74 91 96 89 62 50 61 29 40 89 18 48 50 54 81 78 76 73 82 8 77 38 76 0 51 27 71 85 12 65 61
run=3 seed=2 k=97 f=0
19 9 89 59 56 60 58 26 70 32 58 55 9 69 53 33 94 63 70 75 65 51 89 67 22 79 95 96 29 19 85 96 28 96 44 19 12 33 45 0 0 37 85 24 42 75 14 30 69 0 48 1 37 27 74 2 1 39 12 74 29 61 43 54 7 18 73 13 83 9 44 83 87 61 15 89 77 33 22 83
run=4 seed=3 k=97 f=0
43 6 69 5 79 64 80 31 10 1 94 89 59 88 88 57 27 20 88 41 33 47 38 42 68 12 84 67 29 93 57 72 5 4 37 20 14 91 12 25 47 9 58 9 43 81 1 34 44 96 67 5 70 49 73 84 18 96 81 31 36 10 54 41 45 48 62 77 23 74 85 54 60 35 51 60 19 14 67 25
run=5 seed=4 k=97 f=0
2 64 31 19 79 0 85 89 62 57 9 88 53 40 91 36 44 83 15 32 25 93 74 36 46 9 68 14 18 3 88 51 68 53 56 81 33 30 74 47 49 40 5 41 58 20 17 36 69 58 77 94 0 30 65 16 2 9 80 20 17 6 5 22 44 76 3 96 69 56 38 76 29 83 93 21 54 94 57 27
run=6 seed=5 k=97 f=0
57 30 94 0 25 27 29 20 9 20 86 13 95 2 51 74 23 1 1 75 38 58 43 86 83 80 61 86 39 45 87 96 10 32 53 20 25 93 40 67 9 45 84 46 42 41 54 57 63 55 71 11 46 64 14 75 78 0 23 51 71 7 50 66 56 38 86 64 5 34 8 78 90 32 38 13 4 19 62 74
run=7 seed=6 k=97 f=0
78 44 68 74 64 38 64 66 71 43 19 82 27 0 70 0 9 52 95 41 55 13 9 0 7 67 88 2 56 42 35 68 53 76 27 21 65 96 53 15 79 7 14 88 49 5 52 59 50 1 26 41 94 18 23 4 39 45 89 28 58 91 32 42 30 17 30 72 31 57 87 56 74 34 30 74 77 12 63 63
run=8 seed=7 k=97 f=0
22 70 39 57 40 86 77 44 23 90 67 77 88 66 14 79 37 82 25 49 33 12 70 76 3 3 19 32 15 96 24 1 5 94 95 40 0 52 58 69 45 59 8 67 35 40 96 0 56 47 7 55 94 71 24 30 11 49 94 20 26 52 79 73 16 96 4 68 19 87 61 96 86 61 16 87 9 29 79 65
run=9 seed=8 k=97 f=0
63 31 94 21 42 32 27 54 93 76 91 38 78 9 87 96 43 62 23 57 20 61 57 7 34 18 47 41 61 66 34 74 96 47 95 81 15 25 6 51 76 31 37 68 51 4 15 56 87 96 88 37 27 56 75 83 10 25 67 88 72 0 79 85 65 12 75 11 3 81 54 94 1 59 8 87 42 34 81 43
run=10 seed=9 k=97 f=0
42 2 27 3 62 95 60 32 88 86 45 47 1 24 36 57 94 34 89 0 20 65 80 66 69 69 53 51 6 95 37 48 27 41 36 96 93 2 23 18 15 9 12 74 15 70 34 55 84 58 87 86 6 70 53 47 18 57 29 80 25 33 37 86 62 18 17 0 86 78 77 10 38 79 18 79 9 22 94 50
run=11 seed=10 k=97 f=0
79 38 84 4 84 17 30 39 66 26 5 54 68 87 46 10 35 66 2 17 80 96 78 37 41 79 77 35 3 27 57 52 13 76 20 0 93 3 51 62 15 90 58 32 77 84 48 46 68 7 44 51 47 44 24 88 30 0 26 67 28 18 13 42 94 74 72 90 68 57 86 9 16 23 95 12 8 91 40 80
run=12 seed=11 k=97 f=0
18 0 56 68 92 10 81 63 79 41 59 6 49 7 10 39 74 94 9 93 12 52 32 16 2 49 59 57 17 3 65 66 74 37 38 89 67 53 30 81 83 24 85 77 31 43 20 57 96 60 47 71 38 1 2 71 49 92 35 79 29 96 49 24 18 21 30 20 44 91 68 51 18 25 10 81 88 37 4 87
run=13 seed=12 k=97 f=0
21 8 42 37 7 18 81 5 54 39 32 79 93 52 84 61 33 64 20 60 47 95 52 54 24 55 77 8 39 65 96 39 15 93 54 27 57 38 65 48 12 3 47 8 77 34 17 45 0 17 45 66 90 91 0 87 33 66 73 45 43 34 63 25 79 69 11 88 24 88 84 13 69 6 76 80 95 21 15 2
run=14 seed=13 k=97 f=0
63 1 58 14 93 71 35 51 46 22 26 44 90 38 23 75 28 5 7 56 9 48 96 42 28 70 22 76 89 84 81 18 47 80 78 30 85 16 8 37 8 42 34 23 43 57 69 94 63 20 53 4 50 53 46 0 26 2 79 14 78 94 29 95 61 10 78 66 89 93 57 71 11 13 86 13 81 64 65 76
run=15 seed=14 k=97 f=0
92 42 0 96 55 36 79 44 17 84 86 55 87 30 75 96 39 46 84 96 76 67 67 66 21 92 3 18 58 84 17 8 61 11 65 89 9 86 72 27 77 27 0 95 73 49 61 83 72 4 45 68 82 15 55 6 41 37 1 2 25 49 52 20 22 70 14 32 59 52 33 67 14 96 65 50 49 16 38 30
run=16 seed=15 k=97 f=0
52 3 0 55 28 55 58 79 25 85 94 89 57 89 71 9 40 28 2 41 85 56 62 1 92 20 41 6 36 94 48 22 92 17 77 42 38 91 33 63 13 51 69 37 78 22 45 64 53 74 79 69 64 40 4 43 88 11 65 68 13 47 91 51 61 1 5 34 30 69 96 29 33 47 86 10 82 29 17 84
run=17 seed=16 k=97 f=0
45 54 85 41 8 11 37 74 92 12 65 88 13 43 81 14 33 15 45 48 90 0 6 24 26 49 91 92 55 64 76 60 52 4 88 66 16 29 59 37 16 96 38 0 92 28 13 47 96 73 6 13 59 35 92 85 72 74 26 74 42 36 24 65 44 36 22 83 9 54 83 57 5 2 24 0 71 34 78 88
run=18 seed=17 k=97 f=0
18 90 17 64 96 22 80 60 0 77 19 28 2 20 42 79 75 62 0 74 26 67 32 96 34 32 26 90 68 49 87 42 25 79 63 7 96 46 11 66 58 34 70 84 22 74 88 41 0 22 9 96 48 72 96 31 88 56 6 56 82 46 14 3 2 76 49 11 58 17 41 84 57 33 13 15 11 39 49 81
run=19 seed=18 k=97 f=0
14 39 55 19 39 89 70 95 23 74 34 32 1 0 86 16 46 78 27 49 2 75 64 67 60 19 47 58 23 87 90 66 77 48 19 50 21 24 79 38 80 8 13 33 82 63 4 44 96 7 60 8 57 58 60 70 78 50 83 4 83 70 4 0 1 53 47 22 94 29 91 80 68 28 29 32 15 9 21 56
run=20 seed=19 k=97 f=0
5 10 73 0 7 60 71 52 92 41 78 53 29 60 62 74 12 42 86 8 57 37 2 57 56 50 70 88 9 96 31 21 40 81 70 45 66 67 12 75 86 41 31 49 94 10 24 9 4 96 18 47 37 51 21 75 29 95 66 2 19 31 70 2 38 28 90 13 0 37 88 17 61 22 75 14 40 46 91 85
