run=1 seed=0 k=83 f=0
47 82 63 0 67 20 75 36 13 14 57 15 17 1 3 63 65 27 80 17 51 22 28 80 50 37 44 37 57 60 13 2 73 79 38 69 54 5 50 64 22 26 60 13 40 40 30 72 29 56 74 7 76 16 69 43 53 24 78 75 1 10 33 49 24 0 43 26 34 12 10 81 45 10 18 62 53 29 68 52
run=2 seed=1 k=83 f=0
47 82 63 0 67 20 75 36 13 14 57 15 17 1 3 63 65 27 80 17 51 22 28 80 50 37 44 37 57 60 13 2 73 79 38 69 54 5 50 64 22 26 60 13 40 40 30 72 29 56 74 7 76 16 69 43 53 24 78 75 1 10 33 49 24 0 43 26 34 12 10 81 45 10 18 62 53 29 68 52
run=3 seed=2 k=83 f=0
77 51 64 14 71 14 39 54 30 13 63 69 24 3 70 10 47 31 58 75 1 18 44 6 52 56 22 36 19 54 27 67 1 45 81 33 30 0 6 9 72 39 60 81 78 63 9 41 15 82 44 58 38 47 22 72 31 53 55 62 24 40 49 8 37 62 72 19 26 30 74 46 4 41 66 4 25 78 10 47
run=4 seed=3 k=83 f=0
82 2 28 36 77 11 76 72 50 73 61 33 58 67 17 48 0 45 24 0 31 56 54 5 4 72 57 26 12 75 37 16 32 37 3 77 68 80 29 50 29 44 4 70 40 77 81 76 54 8 20 48 82 35 54 24 62 9 73 64 23 28 5 18 16 60 23 13 8 13 63 18 41 40 31 53 34 66 82 49
run=5 seed=4 k=83 f=0
63 19 12 59 0 57 4 23 71 12 16 52 48 42 19 75 24 73 15 5 64 35 79 24 45 5 5 33 21 14 54 43 5 80 46 8 0 64 37 40 65 82 0 35 27 58 67 27 14 32 33 79 81 60 28 46 22 27 56 3 42 60 11 16 53 82 31 19 28 71 59 77 68 72 49 11 17 80 74 33
run=6 seed=5 k=83 f=0
33 57 60 39 8 22 32 72 11 56 44 5 45 13 27 66 55 68 55 19 77 15 71 51 1 8 19 6 0 61 46 33 0 61 37 40 21 43 8 72 29 49 30 74 41 56 53 65 62 26 69 56 17 73 14 50 17 82 63 10 48 26 43 82 81 36 42 82 8 77 2 44 72 13 36 81 7 7 28 69
run=7 seed=6 k=83 f=0
40 58 5 57 6 10 62 64 17 25 0 14 34 60 74 66 25 68 26 79 7 75 7 26 9 34 0 61 82 76 43 39 2 31 14 29 31 79 55 49 52 31 4 37 79 58 50 56 5 81 13 73 63 59 59 72 73 19 51 19 41 0 29 46 21 43 41 53 16 41 19 72 50 82 11 44 26 67 62 52
run=8 seed=7 k=83 f=0
32 14 78 7 42 35 6 65 9 14 1 38 80 55 0 3 31 64 57 16 31 82 49 74 64 50 82 71 73 34 24 22 37 4 10 66 51 55 82 61 47 78 72 8 12 18 29 44 0 8 17 34 71 70 25 18 0 8 42 74 58 47 58 15 40 77 22 23 52 24 43 82 22 27 80 34 68 58 66 45
run=9 seed=8 k=83 f=0
7 48 59 66 54 40 71 13 1 15 54 16 2 41 24 59 70 37 17 32 40 1 52 35 81 45 75 39 17 5 26 25 15 20 3 72 67 48 62 50 50 49 29 67 6 58 36 10 32 54 59 63 0 35 76 56 62 79 16 44 23 21 35 5 4 82 53 70 66 45 82 27 63 42 14 78 19 21 7 54
run=10 seed=9 k=83 f=0
41 49 54 25 27 62 69 70 22 18 36 7 82 51 73 64 56 78 47 60 28 2 56 41 76 70 3 27 23 69 82 81 4 9 19 74 69 19 54 13 61 53 0 13 20 32 26 53 44 15 34 3 1 7 47 80 61 22 20 38 31 54 39 36 29 31 43 4 71 15 62 60 82 49 24 41 72 55 46 33
run=11 seed=10 k=83 f=0
8 15 57 2 40 46 58 22 73 33 12 31 45 39 57 7 26 51 61 1 30 48 1 60 41 35 50 65 13 11 64 21 30 31 32 78 82 76 70 72 30 72 40 70 75 17 0 31 53 44 76 3 9 51 5 11 3 38 39 25 0 67 41 14 54 60 46 51 56 42 58 59 66 0 82 14 22 82 81 71
run=12 seed=11 k=83 f=0
5 32 21 0 12 22 49 41 49 58 63 0 0 25 27 68 17 61 40 72 79 44 63 55 80 29 36 77 59 65 42 21 14 68 64 14 72 34 54 42 8 0 14 53 1 60 79 82 66 38 75 11 47 55 46 1 77 51 50 49 82 36 75 76 26 59 67 12 11 13 23 19 57 79 8 29 42 24 36 43
run=13 seed=12 k=83 f=0
69 80 45 23 82 61 43 39 68 28 77 35 39 61 30 48 78 30 34 49 40 30 2 14 76 1 37 20 0 5 7 0 55 6 71 55 0 22 29 13 82 20 82 10 6 25 63 4 71 63 68 27 50 12 67 47 45 76 7 18 24 66 42 56 54 33 54 38 59 60 16 43 8 65 42 29 77 46 68 80
run=14 seed=13 k=83 f=0
78 63 47 13 46 73 36 8 26 44 47 2 49 30 35 40 15 43 60 7 0 16 17 31 6 72 23 64 51 46 61 29 0 53 23 75 71 36 62 26 79 36 20 57 81 56 13 63 47 82 70 68 38 5 66 0 74 9 68 23 55 49 14 2 78 50 81 67 81 61 9 17 22 42 29 15 8 5 22 66
run=15 seed=14 k=83 f=0
40 60 66 59 2 12 0 44 68 50 55 36 28 33 0 22 6 59 58 2 76 40 67 67 4 20 0 80 44 39 14 51 47 82 17 2 75 4 33 64 73 82 68 42 12 5 4 81 68 43 52 65 82 43 49 57 67 55 28 31 13 45 39 36 22 28 38 76 11 26 27 24 52 14 74 34 20 79 64 9
run=16 seed=15 k=83 f=0
35 76 38 48 66 40 38 59 70 43 52 60 46 73 22 0 28 74 54 77 58 67 65 40 65 82 69 53 44 23 63 82 2 46 20 26 7 5 72 66 0 37 33 21 30 17 47 0 52 19 12 22 69 45 65 27 8 82 4 50 44 15 52 56 20 14 6 79 23 61 0 75 35 28 10 71 76 77 14 55
run=17 seed=16 k=83 f=0
53 47 62 48 12 67 34 32 80 37 26 17 49 5 38 35 20 71 63 17 10 82 69 2 6 0 38 62 49 78 29 23 17 40 71 3 82 18 1 29 64 78 7 36 50 6 71 1 74 11 55 74 51 44 27 58 3 68 70 75 38 59 39 56 81 24 25 28 56 27 63 44 29 58 80 31 51 12 41 31
run=18 seed=17 k=83 f=0
80 3 29 0 2 28 6 52 75 3 77 24 7 57 28 19 8 35 42 49 67 31 38 20 46 21 64 21 26 76 42 59 44 18 62 13 50 66 38 72 49 35 45 82 9 13 21 20 77 53 10 36 30 51 57 4 73 62 0 82 40 70 34 1 9 61 70 27 24 28 82 32 63 0 71 82 48 56 13 67
run=19 seed=18 k=83 f=0
71 57 36 20 67 27 19 1 5 35 80 3 53 82 78 15 0 31 55 0 8 37 64 65 9 61 46 8 33 0 24 24 1 46 47 70 82 57 66 23 55 74 9 0 33 15 63 74 76 41 74 1 9 1 70 41 37 42 65 44 17 62 14 22 17 62 10 79 49 33 82 50 27 32 52 16 48 82 29 11
run=20 seed=19 k=83 f=0
47 69 45 62 4 41 55 82 76 57 24 33 10 21 60 20 60 9 43 41 53 37 14 20 27 72 33 35 8 52 81 79 41 56 19 7 82 74 1 4 43 33 22 15 73 55 4 8 13 52 74 66 22 64 65 50 55 24 2 63 80 12 36 38 15 59 36 0 12 9 30 72 42 66 0 72 32 0 66 72
