run=1 seed=0 k=64 f=0
50 23 55 53 23 43 10 11 23 38 46 60 54 15 7 14 63 39 6 20 37 50 50 3 20 28 37 19 41 62 3 63 63 32 59 7 25 62 39 34 46 28 19 26 34 42 41 32 52 0 23 52 19 41 4 52 50 0 56 0 44 42 47 49 25 1 62 57 2 16 57 11 35 16 11 15 13 29 10 21
run=2 seed=1 k=64 f=0
50 23 55 53 23 43 10 11 23 38 46 60 54 15 7 14 63 39 6 20 37 50 50 3 20 28 37 19 41 62 3 63 63 32 59 7 25 62 39 34 46 28 19 26 34 42 41 32 52 0 23 52 19 41 4 52 50 0 56 0 44 42 47 49 25 1 62 57 2 16 57 11 35 16 11 15 13 29 10 21
run=3 seed=2 k=64 f=0
63 60 58 55 9 62 7 47 43 6 1 6 50 36 7 49 43 22 41 39 32 21 61 17 0 9 26 16 56 35 18 4 39 14 56 41 21 55 22 31 50 63 40 47 63 12 35 10 35 0 62 44 55 17 4 29 34 0 11 29 27 12 54 32 34 0 26 55 54 9 49 50 16 59 63 45 39 44 25 63
run=4 seed=3 k=64 f=0
36 39 47 39 14 22 8 45 1 19 41 28 4 44 30 23 8 15 40 52 31 56 45 19 3 56 48 63 18 30 27 47 51 5 3 10 1 37 18 10 0 63 60 0 63 60 40 41 17 0 12 37 34 54 51 13 27 22 13 34 49 15 51 29 27 31 61 49 0 5 22 45 63 40 42 36 58 56 22 44
run=5 seed=4 k=64 f=0
41 4 4 23 63 35 55 13 52 55 48 28 45 32 7 33 25 56 0 9 23 13 58 63 48 45 42 30 20 33 63 51 36 63 7 42 3 49 41 63 56 29 0 28 20 12 35 60 36 17 6 43 0 44 21 6 17 54 0 8 61 59 25 38 28 44 28 39 38 50 31 19 52 24 8 57 13 16 63 0
run=6 seed=5 k=64 f=0
30 47 7 23 6 38 48 30 15 53 9 53 5 19 55 0 50 43 22 25 63 29 31 62 33 10 15 40 54 53 38 13 23 3 38 7 2 51 43 62 5 45 14 28 51 11 61 46 30 0 30 63 63 59 62 8 29 47 36 42 17 60 29 34 21 56 35 14 53 0 56 20 39 37 24 18 19 43 0 30
run=7 seed=6 k=64 f=0
48 51 63 63 28 35 40 42 61 14 18 44 4 36 42 14 47 32 46 0 59 25 48 22 62 10 0 59 48 9 16 35 17 49 39 7 1 62 56 10 58 53 14 42 0 54 56 0 36 0 29 62 27 5 5 20 63 31 9 30 63 39 7 22 27 52 8 53 43 47 41 23 18 63 56 23 10 39 30 58
run=8 seed=7 k=64 f=0
39 6 50 42 8 48 52 38 28 14 10 60 45 3 25 13 8 45 24 1 47 34 0 3 29 57 50 61 34 61 19 62 10 13 53 23 48 30 61 18 12 18 53 60 50 34 42 40 42 0 26 11 28 36 4 18 0 0 55 0 50 41 57 21 23 0 19 58 27 33 63 8 15 55 36 44 8 19 38 37
run=9 seed=8 k=64 f=0
19 6 42 28 5 48 20 20 4 8 4 23 63 26 8 12 8 36 22 23 37 27 52 11 43 61 19 57 8 0 49 0 24 13 50 58 12 63 43 39 58 16 28 17 62 3 34 56 52 0 35 45 41 32 4 38 60 48 63 34 15 53 63 54 52 25 56 2 54 51 47 63 32 31 22 41 9 43 46 55
run=10 seed=9 k=64 f=0
21 57 63 27 59 8 34 39 46 35 0 32 14 1 31 39 29 13 31 34 7 47 1 35 45 41 8 43 11 17 19 63 49 60 40 25 11 30 12 63 51 26 47 38 10 2 7 33 48 63 60 53 8 49 2 17 12 38 53 2 0 19 21 22 23 63 18 59 16 0 35 55 17 25 54 3 52 44 43 62
run=11 seed=10 k=64 f=0
39 57 49 44 0 9 3 30 36 57 37 29 32 13 55 25 44 4 53 1 14 40 43 19 34 26 52 19 24 29 59 6 0 59 60 48 51 22 16 62 0 32 47 63 45 22 25 26 37 63 37 48 9 19 38 0 41 12 46 16 19 63 5 14 5 57 36 7 63 6 32 3 0 44 53 11 18 63 23 40
run=12 seed=11 k=64 f=0
26 52 44 21 33 10 33 51 62 18 15 6 30 52 44 28 39 27 5 58 2 63 7 3 0 16 60 35 1 43 8 46 21 35 41 41 63 19 25 14 26 10 44 60 59 38 25 53 57 0 35 58 48 19 4 30 62 0 23 36 32 13 45 54 63 0 20 51 33 52 10 45 23 51 63 53 38 12 41 57
run=13 seed=12 k=64 f=0
58 60 21 34 63 63 5 45 19 23 53 27 6 49 48 21 36 47 7 6 13 0 25 24 11 24 59 0 27 50 7 50 19 20 45 38 14 55 33 41 40 58 39 34 41 63 60 39 45 54 18 16 0 35 1 28 16 32 31 55 17 32 46 12 10 4 52 0 42 1 30 5 8 54 63 0 15 12 21 62
run=14 seed=13 k=64 f=0
20 54 37 14 63 9 48 17 0 8 29 10 31 63 40 16 7 55 44 19 6 24 1 22 52 27 59 52 1 2 15 32 15 4 35 45 47 63 40 62 36 12 47 0 2 25 25 34 18 62 49 31 50 22 32 26 4 0 41 39 34 61 61 20 56 52 59 24 63 30 13 32 0 54 41 57 43 43 51 63
run=15 seed=14 k=64 f=0
63 5 63 10 20 47 23 11 54 2 63 19 53 3 10 60 22 43 45 1 42 52 63 63 49 54 38 18 34 1 46 15 39 59 63 26 56 36 42 25 58 56 25 54 1 33 20 63 11 63 24 63 1 28 0 18 8 3 24 34 38 11 27 9 52 5 44 20 33 47 16 41 47 46 31 39 29 17 10 28
run=16 seed=15 k=64 f=0
18 3 30 30 30 0 50 53 47 42 43 44 48 27 7 42 41 54 55 22 29 58 58 4 61 32 63 53 56 21 17 14 29 28 10 36 2 63 18 62 37 36 10 47 2 23 0 38 52 61 48 19 8 21 37 23 0 39 6 10 25 51 60 20 4 14 35 25 51 12 47 32 16 14 0 45 58 55 63 36
run=17 seed=16 k=64 f=0
27 11 46 43 61 0 17 56 62 49 37 54 38 58 55 32 28 9 11 46 2 50 23 24 23 51 54 62 49 34 36 41 7 47 46 26 42 63 7 0 0 55 31 56 55 32 3 51 6 17 16 1 63 22 21 37 4 20 18 0 44 63 44 39 16 9 29 43 63 7 57 13 35 49 0 35 29 63 28 0
run=18 seed=17 k=64 f=0
6 22 62 55 0 28 21 37 54 55 55 14 54 13 26 30 47 31 63 33 61 0 44 29 37 17 63 34 0 8 56 52 11 49 56 44 51 6 0 42 34 26 58 53 21 0 26 63 6 63 23 47 26 39 22 44 11 61 18 9 54 59 23 40 15 11 36 0 7 39 11 29 35 20 0 47 0 48 42 1
run=19 seed=18 k=64 f=0
31 34 15 30 27 20 46 0 55 9 60 6 27 1 58 9 9 51 50 38 52 63 1 63 18 18 13 18 28 4 44 22 36 15 35 15 63 58 25 43 54 45 42 27 37 21 42 35 29 0 37 55 38 61 5 47 16 11 29 27 46 0 28 33 34 11 37 62 1 21 24 51 56 0 63 7 0 48 13 16
run=20 seed=19 k=64 f=0
17 59 20 63 22 11 35 56 45 37 24 52 63 13 29 36 7 39 9 33 47 28 14 14 23 27 31 49 4 3 36 18 38 63 2 10 60 49 40 9 58 40 31 59 60 23 28 33 16 46 20 58 63 30 3 22 51 0 9 44 34 2 57 14 17 0 46 14 0 39 21 30 0 46 55 60 41 52 54 22
