run=1 seed=0 k=95 f=0
11 20 49 60 48 70 39 15 81 26 77 47 47 93 58 75 59 32 62 66 86 53 27 92 7 50 82 75 62 51 44 42 17 63 92 62 33 91 30 92 19 23 41 80 24 2 28 9 39 90 73 26 74 5 1 53 81 80 12 16 5 36 59 22 6 33 81 84 0 10 81 70 28 25 12 32 24 39 57 31
run=2 seed=1 k=95 f=0
11 20 49 60 48 70 39 15 81 26 77 47 47 93 58 75 59 32 62 66 86 53 27 92 7 50 82 75 62 51 44 42 17 63 92 62 33 91 30 92 19 23 41 80 24 2 28 9 39 90 73 26 74 5 1 53 81 80 12 16 5 36 59 22 6 33 81 84 0 10 81 70 28 25 12 32 24 39 57 31
run=3 seed=2 k=95 f=0
60 54 85 15 40 37 94 92 77 30 27 69 4 88 92 46 9 33 7 79 2 32 54 85 76 51 42 85 11 60 19 60 17 22 86 79 12 82 3 24 67 53 56 93 20 45 51 29 60 25 3 75 84 26 65 51 74 33 38 85 92 38 58 1 41 15 17 53 18 93 15 3 39 55 74 65 2 27 92 74
run=4 seed=3 k=95 f=0
91 25 43 75 8 80 72 2 94 19 21 0 13 59 81 88 69 55 66 82 60 7 8 84 13 83 10 2 18 20 3 77 46 43 86 67 65 63 32 53 29 38 9 92 3 22 76 72 8 47 47 39 60 48 23 14 16 31 29 73 76 47 46 1 87 37 88 57 93 58 36 41 93 75 15 1 2 36 70 5
run=5 seed=4 k=95 f=0
44 53 50 76 88 46 29 24 65 0 35 59 4 24 28 66 2 43 51 74 84 20 63 39 41 88 17 76 75 55 39 43 14 85 24 0 24 0 58 52 66 4 76 26 29 35 67 73 46 23 32 8 76 73 53 13 62 70 59 86 32 77 31 16 68 56 46 8 27 6 94 94 11 85 66 37 88 92 15 48
run=6 seed=5 k=95 f=0
20 5 72 65 16 7 70 24 58 46 56 13 5 23 68 40 9 91 58 87 24 53 29 73 89 65 2 53 92 12 51 74 14 68 25 69 73 31 92 89 83 67 77 85 30 49 7 77 0 38 38 0 77 86 13 42 35 38 1 1 47 78 46 2 48 94 48 66 46 55 59 31 87 62 21 54 18 28 33 89
run=7 seed=6 k=95 f=0
66 86 42 57 53 73 12 18 7 33 41 43 56 25 7 36 60 12 13 84 21 55 37 45 27 51 65 78 72 75 90 94 16 44 6 11 73 54 67 49 40 27 32 22 82 1 59 48 18 72 4 2 82 74 79 93 43 30 49 18 26 68 58 88 4 64 84 46 63 15 0 57 94 86 38 18 84 26 72 0
run=8 seed=7 k=95 f=0
37 39 84 19 50 43 86 18 7 52 55 55 54 66 80 0 58 36 90 6 85 73 73 64 44 49 56 67 25 80 78 19 25 86 5 9 12 54 47 3 94 28 64 20 56 47 60 65 85 1 4 36 31 36 5 75 82 61 45 65 93 28 84 73 93 31 76 10 94 46 21 77 68 72 13 61 12 30 78 11
run=9 seed=8 k=95 f=0
36 48 81 44 36 26 42 18 2 18 14 79 46 52 15 4 46 23 68 47 65 31 41 57 26 32 34 77 72 88 15 82 62 2 10 88 10 70 77 25 64 56 88 94 13 72 38 56 94 58 6 1 0 45 52 44 20 89 24 62 71 53 49 39 58 83 27 81 94 69 9 44 19 3 78 76 8 21 37 94
run=10 seed=9 k=95 f=0
4 47 15 41 80 28 80 93 12 12 86 93 43 69 57 5 42 24 49 29 70 37 91 33 64 62 89 83 42 4 80 59 23 52 13 25 47 10 74 69 22 93 39 65 24 37 70 43 4 34 55 13 51 66 79 19 31 15 43 55 75 82 68 0 64 58 3 42 11 17 16 30 84 78 92 54 87 65 3 11
run=11 seed=10 k=95 f=0
10 38 43 90 47 42 40 51 6 87 88 65 63 53 44 11 60 52 31 73 28 0 20 41 22 84 22 58 68 66 40 78 88 25 70 58 94 15 63 37 8 7 75 68 57 82 76 23 30 17 80 28 46 90 1 82 21 24 45 82 91 42 62 34 35 94 59 68 17 56 68 2 77 52 8 37 11 30 60 6
run=12 seed=11 k=95 f=0
23 53 48 52 15 77 1 31 84 88 55 6 48 34 76 75 66 74 63 13 28 2 87 20 30 0 12 63 16 76 51 36 8 63 52 68 81 50 71 0 43 22 39 88 21 70 23 20 58 83 0 87 16 87 19 0 1 32 67 58 92 93 7 30 93 56 59 9 92 35 9 51 25 89 45 41 11 65 76 56
run=13 seed=12 k=95 f=0
85 35 54 28 42 92 94 3 42 52 51 14 31 40 51 19 50 87 2 60 12 68 85 44 44 32 69 72 61 17 8 90 18 29 53 48 0 20 12 42 1 25 54 63 29 77 79 79 69 80 81 78 92 71 75 69 62 9 82 75 23 9 6 39 64 57 51 65 40 60 7 31 59 63 15 16 46 94 0 86
run=14 seed=13 k=95 f=0
70 27 40 1 68 66 82 87 59 26 75 52 37 69 51 48 45 83 88 14 69 58 24 71 3 34 50 81 38 13 11 33 15 37 12 42 34 94 19 90 22 94 50 59 75 6 9 79 86 0 93 1 58 23 72 7 77 24 85 21 14 93 28 9 1 40 55 56 2 60 64 62 77 44 23 61 25 29 45 94
run=15 seed=14 k=95 f=0
53 94 51 27 79 78 72 20 11 15 58 48 65 55 20 75 81 33 90 36 0 53 9 38 58 52 59 89 13 48 37 61 2 43 15 66 68 93 3 40 1 49 84 27 10 9 43 88 60 40 69 27 90 38 65 50 3 82 80 83 74 33 63 21 73 41 87 2 25 78 13 23 26 28 0 69 2 93 15 10
run=16 seed=15 k=95 f=0
2 25 2 20 37 70 1 82 48 55 28 62 71 29 90 4 69 29 24 81 90 13 3 51 18 37 38 21 87 88 5 32 38 11 45 40 83 0 36 28 62 64 88 80 59 48 51 62 18 47 12 23 86 15 63 25 56 14 7 79 5 48 10 20 53 92 79 30 49 30 55 94 78 57 94 74 33 77 41 61
run=17 seed=16 k=95 f=0
59 8 27 0 44 46 62 68 10 89 34 90 9 83 48 87 14 49 15 13 22 40 5 21 43 87 33 71 24 80 40 58 85 22 35 66 28 78 4 78 49 65 11 16 71 38 91 56 72 36 69 33 59 77 58 86 7 2 94 1 80 52 64 70 50 1 6 26 1 11 93 19 45 54 1 88 35 93 46 73
run=18 seed=17 k=95 f=0
82 32 46 52 92 49 0 16 6 17 93 10 53 51 28 58 3 94 17 54 46 78 18 38 33 38 83 45 15 73 71 24 11 44 66 94 35 66 0 73 10 86 26 35 49 60 90 27 77 59 25 65 28 40 9 88 52 21 15 66 68 84 92 75 35 60 80 7 6 0 18 51 86 3 50 31 72 64 73 91
run=19 seed=18 k=95 f=0
41 51 45 17 26 0 12 68 82 72 26 68 67 63 2 43 35 90 16 3 19 61 71 9 58 21 84 25 5 0 14 91 56 57 82 11 6 77 88 49 54 10 17 23 74 19 35 14 42 80 33 31 62 55 40 32 2 74 48 1 28 35 66 49 50 54 90 83 36 43 71 87 94 37 4 68 68 61 82 80
run=20 seed=19 k=95 f=0
9 32 73 17 19 75 92 86 65 20 81 19 50 59 0 94 86 79 8 91 72 41 90 7 13 66 83 78 75 61 8 85 38 40 46 59 61 93 68 71 26 31 61 0 49 91 87 37 77 0 35 21 38 68 28 51 77 28 23 4 93 28 27 15 14 11 50 73 52 75 22 51 11 15 51 58 58 43 0 24
