run=1 seed=0 k=76 f=0
68 34 75 3 1 27 10 65 74 45 58 61 30 67 15 58 40 0 69 28 66 14 61 69 26 50 14 7 43 39 4 48 75 7 61 43 33 72 16 22 57 35 43 48 40 10 28 5 75 67 75 26 28 24 21 55 14 42 2 73 5 9 34 33 36 41 62 64 75 28 56 51 20 0 13 53 62 51 19 22
run=2 seed=1 k=76 f=0
68 34 75 3 1 27 10 65 74 45 58 61 30 67 15 58 40 0 69 28 66 14 61 69 26 50 14 7 43 39 4 48 75 7 61 43 33 72 16 22 57 35 43 48 40 10 28 5 75 67 75 26 28 24 21 55 14 42 2 73 5 9 34 33 36 41 62 64 75 28 56 51 20 0 13 53 62 51 19 22
run=3 seed=2 k=76 f=0
22 65 53 19 32 31 56 75 23 57 19 31 27 46 57 55 63 70 0 37 6 22 73 50 48 41 1 66 61 75 74 14 1 10 56 46 61 22 41 37 29 27 60 14 27 45 32 7 23 55 12 37 9 65 1 68 75 71 58 9 75 36 0 48 54 52 17 72 49 58 28 3 0 17 17 42 61 66 67 36
run=4 seed=3 k=76 f=0
34 72 24 56 21 56 43 74 13 64 30 7 30 59 64 15 0 59 7 55 3 59 70 19 23 75 29 21 33 42 47 34 45 20 48 21 27 67 0 14 10 25 51 15 75 1 57 72 57 66 67 1 16 61 4 28 70 53 66 0 34 49 47 39 12 37 69 38 45 5 10 70 48 38 26 39 0 75 17 0
run=5 seed=4 k=76 f=0
9 68 74 58 31 21 45 27 12 57 44 61 42 24 15 75 66 18 22 12 51 39 60 18 69 52 47 30 33 36 58 7 52 47 43 22 46 68 6 74 9 63 0 62 61 21 10 4 4 43 71 4 75 55 37 54 71 0 0 28 13 1 31 8 61 75 27 51 27 0 58 37 34 66 27 18 40 27 73 74
run=6 seed=5 k=76 f=0
39 24 58 40 28 75 32 5 1 65 18 12 44 38 74 38 29 0 17 45 63 54 67 13 45 9 5 53 16 31 70 75 34 70 7 5 61 61 38 5 45 0 13 6 59 26 23 39 36 75 54 58 58 49 33 49 61 17 27 29 66 0 20 53 25 27 48 9 9 74 41 72 49 51 19 35 18 66 70 23
run=7 seed=6 k=76 f=0
0 59 4 43 72 72 6 13 26 50 49 4 69 1 23 36 64 75 51 60 23 11 0 58 42 10 8 40 53 75 71 0 53 57 44 50 60 5 64 10 24 7 29 22 25 18 59 10 34 25 34 40 55 18 48 42 62 45 73 55 42 68 58 37 23 0 27 8 41 18 17 75 71 29 0 26 34 0 33 38
run=8 seed=7 k=76 f=0
12 44 32 51 40 52 64 9 17 39 0 61 26 75 68 32 7 39 14 11 71 18 16 64 25 64 37 48 53 18 21 5 7 67 66 53 30 16 23 0 59 44 47 24 50 20 60 33 37 15 1 17 48 75 2 41 22 42 63 75 24 9 65 56 74 71 38 58 26 27 32 69 0 51 74 53 10 73 34 46
run=9 seed=8 k=76 f=0
36 67 22 25 60 5 42 37 21 52 48 6 8 71 21 14 64 51 0 9 75 22 31 48 24 27 34 1 7 14 45 44 63 59 69 30 58 44 1 48 0 56 31 36 51 31 52 31 20 0 59 26 36 8 68 54 27 71 0 40 56 73 49 17 13 75 65 62 33 66 9 15 46 40 75 39 14 75 18 56
run=10 seed=9 k=76 f=0
75 65 9 67 39 16 4 58 50 18 48 71 56 63 45 75 68 56 15 67 13 51 15 5 10 35 32 3 41 23 4 59 30 30 47 4 22 67 20 12 16 31 8 37 2 0 32 60 59 12 51 74 50 66 47 74 0 65 5 34 42 25 30 0 38 1 22 61 39 43 74 44 28 38 21 19 26 75 24 17
run=11 seed=10 k=76 f=0
49 0 62 33 34 61 59 51 17 11 55 25 34 14 63 50 41 48 0 75 28 70 39 41 18 73 75 25 68 0 1 59 7 11 24 43 59 71 4 0 27 66 36 19 75 44 0 49 14 6 49 20 64 43 0 25 11 71 5 6 53 31 5 58 30 40 40 65 16 13 19 37 34 20 27 51 10 58 41 24
run=12 seed=11 k=76 f=0
14 1 45 41 19 57 1 3 65 31 60 36 10 34 55 29 7 38 36 69 19 10 49 0 7 59 8 38 25 25 67 74 19 11 52 54 61 74 52 0 47 25 63 15 51 42 4 9 25 75 17 49 16 67 22 28 10 29 37 21 43 42 45 0 41 37 63 75 46 54 30 49 66 75 50 0 69 62 5 70
run=13 seed=12 k=76 f=0
70 20 5 40 31 54 37 26 61 39 0 53 15 25 50 38 18 9 0 24 53 30 28 7 18 42 31 10 62 74 49 14 75 38 71 5 31 19 12 22 67 6 73 25 48 1 41 35 11 26 0 2 73 22 63 4 45 62 75 75 65 66 25 0 50 75 17 8 62 62 48 45 35 40 56 56 46 54 38 25
run=14 seed=13 k=76 f=0
69 50 71 39 49 52 44 69 21 44 62 37 18 50 75 44 34 64 12 14 68 1 5 26 5 17 69 59 19 5 7 27 34 23 69 75 15 36 56 52 58 56 13 19 64 63 9 60 69 26 32 1 0 4 75 43 20 4 47 18 10 55 9 5 4 2 55 29 38 17 41 24 60 41 53 32 29 47 75 64
run=15 seed=14 k=76 f=0
12 31 55 46 21 41 15 20 15 50 54 22 8 74 75 50 29 70 3 18 0 73 47 38 36 13 20 32 51 0 65 25 21 0 64 10 71 9 45 40 58 11 36 18 11 29 43 32 36 3 11 59 75 38 25 50 53 62 34 59 64 68 6 59 73 64 68 19 44 30 19 4 51 48 42 75 75 69 65 55
run=16 seed=15 k=76 f=0
8 6 16 39 8 60 69 9 67 62 62 20 60 48 14 44 43 23 24 29 37 72 41 47 2 0 0 21 75 12 20 0 35 41 64 30 56 2 56 47 33 57 68 8 14 3 32 42 36 75 69 23 10 32 52 25 17 67 9 52 50 67 53 33 34 14 45 30 49 56 16 74 66 28 59 74 71 22 20 74
run=17 seed=16 k=76 f=0
1 10 31 60 63 73 43 11 19 36 34 50 47 63 66 70 36 48 48 13 50 60 24 34 62 58 52 54 72 0 44 19 9 41 16 33 28 55 23 75 9 0 30 23 4 41 53 37 5 26 26 33 14 40 67 3 55 59 26 44 43 23 64 9 62 50 25 53 75 43 0 12 65 19 75 69 15 74 43 56
run=18 seed=17 k=76 f=0
21 12 47 23 9 55 57 35 74 55 7 29 6 41 74 38 14 7 62 74 45 55 37 0 70 59 64 12 71 54 26 4 65 62 28 63 3 0 18 49 5 67 44 16 16 16 71 23 39 22 33 19 69 75 26 9 41 34 35 8 1 50 0 52 51 41 35 26 18 73 75 75 48 58 33 50 32 43 26 15
run=19 seed=18 k=76 f=0
29 50 50 55 4 46 35 73 10 53 26 59 10 6 1 43 52 8 73 11 4 18 71 71 20 18 27 63 20 0 35 65 51 21 44 71 40 1 7 16 14 33 55 28 55 24 66 75 11 0 44 64 43 13 68 61 59 75 73 0 25 31 66 38 33 35 72 10 55 19 62 6 34 33 75 23 15 62 44 42
run=20 seed=19 k=76 f=0
38 8 16 74 19 36 29 17 12 54 48 28 34 2 61 33 12 5 1 31 22 60 71 6 25 72 32 28 37 49 27 42 0 41 45 75 6 75 27 71 67 12 50 45 64 22 71 23 38 56 57 59 0 27 60 68 55 51 4 16 47 50 63 23 1 54 50 73 72 18 66 62 19 13 32 37 2 40 64 24
