run=1 seed=0 k=62 f=0
19 57 11 5 56 12 8 0 45 40 55 27 59 47 41 25 9 41 6 46 18 3 9 52 49 30 43 51 56 14 38 51 2 33 40 11 56 48 17 34 0 61 6 26 41 47 31 21 18 0 26 19 61 14 60 38 28 10 9 16 46 33 8 16 26 54 36 58 38 60 23 0 37 23 53 0 2 35 30 27
run=2 seed=1 k=62 f=0
19 57 11 5 56 12 8 0 45 40 55 27 59 47 41 25 9 41 6 46 18 3 9 52 49 30 43 51 56 14 38 51 2 33 40 11 56 48 17 34 0 61 6 26 41 47 31 21 18 0 26 19 61 14 60 38 28 10 9 16 46 33 8 16 26 54 36 58 38 60 23 0 37 23 53 0 2 35 30 27
run=3 seed=2 k=62 f=0
44 58 26 45 49 50 25 36 0 17 42 35 40 47 18 15 9 20 5 10 28 48 8 21 9 32 37 34 8 0 16 39 59 55 34 6 22 29 5 11 61 53 12 35 55 49 42 61 43 52 27 56 0 23 1 17 12 2 19 26 25 0 11 45 22 41 36 36 1 10 38 61 16 30 61 44 8 53 61 6
run=4 seed=3 k=62 f=0
42 4 3 61 23 29 53 37 12 14 29 17 28 26 51 30 52 41 49 61 23 44 0 42 20 20 34 7 60 22 13 15 18 48 58 54 25 60 1 34 3 0 24 16 61 60 31 21 45 61 48 4 8 8 7 53 42 0 52 10 27 38 37 32 17 3 41 1 37 12 14 50 36 11 0 31 43 54 10 5
run=5 seed=4 k=62 f=0
0 6 23 60 31 42 0 48 34 58 24 25 46 3 56 0 8 47 45 53 39 49 10 24 52 22 9 23 51 41 42 27 17 13 1 57 49 24 0 39 18 19 55 31 60 61 44 5 34 0 33 34 52 10 4 60 55 30 3 37 15 19 12 38 35 19 58 28 61 0 29 10 43 4 61 36 52 53 12 35
run=6 seed=5 k=62 f=0
47 35 45 7 61 42 19 48 30 9 42 8 43 36 29 3 52 20 29 51 26 16 51 37 52 32 46 56 50 28 23 45 2 13 42 54 19 2 61 36 59 35 28 33 12 52 56 5 41 61 0 5 15 53 57 22 9 61 0 41 0 61 12 39 34 53 33 23 61 54 46 28 24 12 7 21 61 19 11 58
run=7 seed=6 k=62 f=0
45 55 11 31 56 18 34 36 30 9 3 8 7 23 31 48 32 39 37 12 41 16 2 61 61 52 9 54 13 21 0 6 40 29 9 34 59 0 52 14 36 31 13 50 12 50 59 3 41 61 54 47 16 18 57 43 45 23 60 2 0 21 55 21 22 61 2 42 23 0 46 30 25 0 7 1 26 46 49 15
run=8 seed=7 k=62 f=0
61 26 1 15 27 0 45 15 31 46 11 11 47 25 23 47 8 41 4 22 40 7 2 41 14 52 51 36 11 24 45 61 10 48 19 55 41 34 26 53 0 54 5 13 22 31 34 18 61 0 32 35 21 35 22 43 44 2 31 32 36 0 53 59 56 59 20 57 0 6 14 24 45 17 29 8 27 60 47 30
run=9 seed=8 k=62 f=0
36 5 0 13 28 25 39 42 18 1 9 41 61 35 43 39 53 20 1 0 21 31 3 54 45 44 21 9 3 1 26 13 20 0 20 48 58 13 33 27 61 35 48 41 53 49 26 36 33 61 48 20 0 45 57 5 56 4 60 9 25 61 43 30 21 52 49 27 51 32 38 18 15 13 8 7 61 40 42 9
run=10 seed=9 k=62 f=0
28 15 12 8 61 7 28 46 35 46 60 43 43 48 13 47 17 29 26 44 30 4 31 53 11 40 44 0 14 33 24 38 58 36 45 57 17 22 28 50 61 55 13 43 0 36 51 50 0 9 0 59 52 14 54 61 5 5 10 34 24 20 24 2 3 17 8 57 21 24 46 61 33 24 61 33 26 16 0 0
run=11 seed=10 k=62 f=0
6 29 20 0 22 14 15 25 1 48 17 23 10 5 56 42 53 11 5 6 60 0 17 18 58 0 9 26 60 61 17 14 40 32 39 50 60 2 10 16 27 46 19 39 34 51 46 34 44 61 52 30 33 56 57 50 30 31 25 18 16 9 22 46 44 60 53 0 36 34 39 38 7 0 25 0 25 46 53 27
run=12 seed=11 k=62 f=0
24 6 27 29 49 25 58 31 36 49 38 35 36 54 14 0 8 20 35 1 32 61 0 60 7 40 49 7 0 17 24 20 52 3 17 43 2 38 21 60 34 55 12 7 44 19 38 0 49 0 7 9 61 6 60 45 28 43 13 27 15 55 11 47 51 57 24 18 47 41 54 12 24 28 31 40 16 1 25 24
run=13 seed=12 k=62 f=0
12 6 39 53 61 36 3 21 16 37 54 19 58 14 33 33 61 50 43 18 61 23 11 0 8 22 18 46 50 41 5 13 17 42 7 40 61 1 32 26 34 0 58 19 0 50 60 24 11 0 60 33 45 52 27 52 20 40 30 58 29 49 56 9 12 8 22 27 46 8 16 1 54 6 36 37 45 27 8 48
run=14 seed=13 k=62 f=0
41 6 6 29 61 9 5 54 0 0 31 51 54 44 6 55 25 18 40 21 38 15 35 61 20 48 13 22 10 43 55 28 16 45 52 23 10 2 14 60 36 9 28 51 8 1 55 57 16 0 4 26 61 0 60 22 20 34 47 35 41 45 14 36 38 42 36 61 61 53 54 27 32 47 9 34 31 22 2 37
run=15 seed=14 k=62 f=0
61 6 2 45 41 22 7 55 12 52 32 51 39 61 52 58 8 61 30 61 19 36 31 20 2 48 35 44 18 11 41 0 7 28 4 26 36 1 8 26 26 25 44 52 12 1 61 31 59 0 52 31 31 49 13 39 15 17 10 21 15 45 54 36 18 60 53 34 43 0 54 10 41 46 22 36 8 58 51 30
run=16 seed=15 k=62 f=0
41 10 3 37 30 48 56 36 2 7 25 35 37 17 20 39 61 45 5 60 18 30 8 60 13 32 48 31 61 21 38 53 46 29 58 59 61 0 6 11 6 34 13 38 47 28 34 59 43 52 29 35 16 22 57 19 45 2 42 1 0 22 12 21 52 31 12 60 0 0 38 49 25 54 7 14 9 12 9 29
run=17 seed=16 k=62 f=0
16 6 11 43 43 6 36 19 26 49 27 50 55 40 2 13 53 20 53 14 21 57 32 27 61 9 61 40 53 52 17 0 11 12 17 36 27 27 46 61 32 61 40 45 34 36 29 36 0 61 0 2 41 7 57 51 27 45 51 45 25 24 15 2 0 61 17 4 42 17 47 8 16 20 32 36 18 6 5 38
run=18 seed=17 k=62 f=0
42 55 30 42 37 17 26 49 53 57 53 49 27 60 61 30 53 14 16 7 23 40 8 2 21 25 28 15 7 61 19 49 49 22 45 4 24 31 12 33 37 0 6 50 2 56 16 8 41 61 51 35 9 8 57 42 56 7 33 61 32 11 27 39 0 61 49 44 61 20 46 0 18 17 0 27 0 11 44 37
run=19 seed=18 k=62 f=0
14 32 33 0 11 11 23 25 30 30 57 38 43 38 54 40 8 50 21 38 1 61 29 37 59 61 10 38 61 19 21 53 21 43 36 11 7 59 51 61 53 29 5 22 31 49 55 0 17 0 31 32 28 46 30 37 3 31 9 17 45 4 16 15 16 53 42 49 18 45 22 24 54 0 37 61 45 60 48 7
run=20 seed=19 k=62 f=0
29 59 55 7 34 52 56 14 34 2 8 0 0 50 12 7 61 13 56 61 15 46 32 30 61 24 56 59 34 39 7 23 43 21 2 28 37 6 36 51 0 40 57 37 40 6 45 0 44 53 14 13 33 48 30 43 12 22 52 19 8 52 57 46 48 26 27 32 0 22 39 13 17 61 1 28 61 48 33 18
