run=1 seed=0 k=99 f=0
28 50 72 45 23 30 55 39 47 1 43 94 5 16 95 4 85 26 74 55 98 86 60 33 22 98 94 79 91 10 32 18 54 19 95 75 73 52 10 43 51 63 92 40 90 23 8 20 29 37 74 28 46 35 62 72 50 63 73 40 21 81 59 77 83 0 43 57 30 56 0 12 63 81 11 87 56 68 6 86
run=2 seed=1 k=99 f=0
28 50 72 45 23 30 55 39 47 1 43 94 5 16 95 4 85 26 74 55 98 86 60 33 22 98 94 79 91 10 32 18 54 19 95 75 73 52 10 43 51 63 92 40 90 23 8 20 29 37 74 28 46 35 62 72 50 63 73 40 21 81 59 77 83 0 43 57 30 56 0 12 63 81 11 87 56 68 6 86
run=3 seed=2 k=99 f=0
96 19 17 71 45 26 72 80 67 9 64 25 18 53 40 29 73 54 16 44 37 59 80 94 73 10 42 25 10 33 3 51 52 21 23 75 13 93 57 80 86 94 0 5 96 31 46 84 38 82 62 19 91 76 45 38 60 70 83 5 3 87 54 33 7 75 32 20 6 19 98 55 47 5 63 32 62 11 14 27
run=4 seed=3 k=99 f=0
73 59 18 42 69 0 57 85 37 22 39 31 54 82 67 0 34 10 13 93 79 18 31 73 49 95 22 2 28 58 60 51 25 32 35 38 98 92 67 13 13 44 22 80 28 61 3 59 67 78 35 49 24 86 62 47 60 89 28 88 46 64 82 71 16 18 67 78 10 81 86 42 4 80 55 21 9 93 58 12
run=5 seed=4 k=99 f=0
71 86 33 55 27 67 87 53 75 26 84 66 57 9 31 96 73 5 78 74 63 29 78 9 36 82 18 46 66 91 54 44 0 26 6 75 94 88 44 11 1 33 15 75 59 40 40 98 57 19 42 47 35 19 61 2 54 21 23 12 0 82 54 48 9 35 24 2 1 66 41 51 10 76 93 66 25 34 97 83
run=6 seed=5 k=99 f=0
88 32 12 57 5 64 98 2 42 49 36 92 9 56 0 80 16 4 89 90 71 52 81 3 66 40 27 37 38 91 9 62 63 26 39 14 58 36 98 45 84 98 13 21 13 16 0 28 1 98 70 72 27 55 75 93 28 77 23 4 68 41 70 90 58 9 19 93 45 78 60 30 77 97 49 83 49 49 10 17
run=7 seed=6 k=99 f=0
45 68 97 41 86 44 18 78 91 31 47 81 51 85 0 95 3 39 48 61 9 51 88 57 71 64 78 73 33 90 55 21 20 50 63 1 63 95 27 37 47 71 0 6 57 14 27 52 44 75 12 61 87 0 19 69 11 95 31 39 29 86 60 82 36 24 81 1 80 66 57 6 97 28 12 38 32 6 88 84
run=8 seed=7 k=99 f=0
81 51 41 25 30 98 50 64 6 66 95 1 4 75 37 69 46 72 89 0 17 98 0 92 25 4 82 18 91 68 27 45 64 0 78 77 27 15 43 44 7 37 35 9 11 71 78 58 35 84 58 68 60 58 90 50 15 53 27 40 20 61 81 53 22 74 18 49 83 36 10 89 68 16 98 6 85 47 62 21
run=9 seed=8 k=99 f=0
94 27 93 27 90 28 34 71 42 27 76 98 24 56 87 73 33 16 32 26 18 52 30 40 42 24 11 53 98 89 69 39 71 63 80 60 58 97 54 1 78 6 46 73 62 15 16 94 72 80 20 48 0 49 85 14 20 35 96 20 41 4 67 5 33 50 70 91 86 2 91 81 9 51 53 69 37 64 64 78
run=10 seed=9 k=99 f=0
40 80 64 22 65 83 95 23 47 23 34 97 97 67 73 74 47 60 1 16 93 4 31 4 57 72 63 60 80 79 37 59 47 69 37 19 53 31 12 4 54 47 94 73 13 67 27 12 13 27 87 7 0 19 16 55 91 22 84 48 55 29 63 7 87 1 34 38 68 47 41 84 64 35 83 6 22 29 25 16
run=11 seed=10 k=99 f=0
69 60 89 49 75 98 23 7 89 90 95 34 2 72 12 68 2 16 3 66 48 19 79 31 41 78 7 37 31 21 51 79 24 0 32 0 43 55 75 80 88 86 64 23 57 62 31 10 9 23 38 57 56 52 30 70 63 93 3 95 70 84 47 94 17 80 92 8 34 66 86 21 98 51 42 10 44 74 24 40
run=12 seed=11 k=99 f=0
78 71 87 3 42 49 4 41 95 21 69 13 74 59 94 77 10 1 28 78 24 40 28 58 86 35 39 50 12 91 98 49 85 83 94 4 33 24 7 58 81 10 73 7 69 43 0 78 77 26 50 94 65 83 62 34 74 67 2 60 57 97 41 44 90 13 69 12 88 76 18 0 96 18 89 55 65 26 34 35
run=13 seed=12 k=99 f=0
8 41 23 98 1 45 7 63 76 72 34 90 41 29 76 22 56 19 36 1 10 58 45 73 60 97 89 95 60 26 84 74 65 2 85 67 0 78 51 50 2 63 93 54 92 59 74 36 12 77 45 17 37 28 32 26 51 83 45 12 4 46 20 68 11 5 36 0 92 63 85 24 27 34 47 18 92 12 54 0
run=14 seed=13 k=99 f=0
30 83 9 39 44 64 26 71 35 71 64 55 15 63 98 67 22 77 96 78 56 23 70 71 90 94 98 51 12 55 48 6 39 56 74 97 76 13 24 66 82 50 98 92 14 8 58 74 1 70 0 74 61 83 46 4 63 85 17 42 48 0 46 86 40 21 39 26 34 9 29 18 14 46 39 28 29 27 89 63
run=15 seed=14 k=99 f=0
58 20 69 45 7 35 65 78 0 88 9 49 93 75 23 74 62 32 20 26 44 33 69 57 11 16 35 45 95 21 84 89 52 54 95 84 36 63 20 73 51 79 1 43 52 63 18 66 93 76 65 36 39 62 87 8 49 83 0 64 6 24 94 98 47 23 79 33 53 0 68 3 28 9 47 32 51 79 96 65
run=16 seed=15 k=99 f=0
83 36 3 75 7 0 49 26 46 25 98 97 11 57 63 60 41 76 53 28 0 73 2 83 87 4 64 93 0 93 92 16 52 93 33 22 67 83 17 2 7 64 33 69 24 58 76 94 74 29 21 67 17 98 45 10 78 39 87 5 59 78 30 12 73 61 35 46 43 31 51 50 87 26 66 49 27 44 8 69
run=17 seed=16 k=99 f=0
60 66 15 67 21 89 64 35 51 78 96 52 56 75 72 56 98 28 72 3 48 88 3 41 8 47 49 40 20 0 40 79 13 53 47 34 98 13 67 32 89 64 73 44 39 44 1 97 61 21 29 10 70 12 2 78 36 2 40 83 0 95 62 64 46 8 46 25 19 15 8 17 78 80 89 88 23 23 27 94
run=18 seed=17 k=99 f=0
79 40 98 35 58 34 37 18 53 14 13 69 68 39 39 77 63 37 96 93 2 65 33 48 91 45 64 24 0 17 27 26 58 27 78 89 35 0 6 87 75 8 75 44 47 95 20 9 55 97 87 64 0 19 52 70 40 15 35 6 32 56 91 90 88 83 6 22 47 80 10 46 18 27 81 64 62 4 73 98
run=19 seed=18 k=99 f=0
1 53 5 98 58 31 17 70 20 36 31 28 55 23 94 17 55 72 77 59 3 95 68 4 73 85 88 49 96 58 8 85 34 40 37 69 44 3 85 64 31 68 13 48 63 10 53 72 97 47 41 75 3 8 98 62 94 19 78 6 78 40 4 28 54 42 59 98 45 22 61 82 38 77 19 26 85 71 15 82
run=20 seed=19 k=99 f=0
20 50 97 76 14 74 28 12 2 67 54 58 44 30 94 71 85 24 90 13 1 62 23 35 13 98 20 74 39 66 49 44 61 47 6 32 35 35 98 50 81 76 1 12 5 25 88 88 69 44 3 95 0 24 68 53 56 86 68 85 10 25 36 78 87 62 13 40 95 56 92 97 20 8 59 37 31 98 26 1
