run=1 seed=0 k=63 f=0
33 16 45 62 0 43 34 0 4 10 10 3 2 38 16 7 53 18 17 19 48 33 56 46 47 0 54 24 47 5 23 24 38 25 27 55 43 11 54 62 31 62 48 0 56 27 24 51 37 62 16 13 12 36 58 32 52 52 40 38 45 28 37 40 37 23 53 0 2 38 6 17 24 9 31 12 15 22 29 58
run=2 seed=1 k=63 f=0
33 16 45 62 0 43 34 0 4 10 10 3 2 38 16 7 53 18 17 19 48 33 56 46 47 0 54 24 47 5 23 24 38 25 27 55 43 11 54 62 31 62 48 0 56 27 24 51 37 62 16 13 12 36 58 32 52 52 40 38 45 28 37 40 37 23 53 0 2 38 6 17 24 9 31 12 15 22 29 58
run=3 seed=2 k=63 f=0
26 35 26 18 41 23 34 7 12 5 12 22 20 3 58 62 48 8 50 0 52 5 6 0 55 19 60 13 53 51 12 15 43 16 12 45 62 0 28 1 44 58 51 59 36 53 46 42 30 1 25 61 39 1 41 34 25 34 22 28 55 0 3 32 57 53 22 11 40 8 25 41 12 11 62 46 6 38 31 28
run=4 seed=3 k=63 f=0
18 27 59 0 50 16 57 10 45 30 0 54 22 35 11 21 24 31 14 26 61 11 53 15 1 44 24 4 62 33 0 3 31 47 0 47 25 61 55 46 55 44 21 42 42 1 3 56 33 62 42 21 8 27 2 34 59 62 53 59 0 34 25 13 40 5 13 50 35 62 38 10 17 38 53 8 27 48 17 56
run=5 seed=4 k=63 f=0
40 31 8 62 4 38 18 13 9 24 7 0 51 34 34 23 53 41 38 20 13 41 46 12 34 27 52 15 0 0 45 0 1 33 59 55 30 6 26 8 7 27 49 27 62 59 43 62 16 62 18 60 36 48 58 21 18 21 35 6 8 15 28 14 43 51 50 44 62 33 21 50 46 44 1 9 0 25 50 40
run=6 seed=5 k=63 f=0
35 5 36 19 41 33 46 27 12 7 31 39 30 49 7 45 22 29 5 42 13 55 26 62 1 42 53 20 1 0 58 35 53 19 51 25 3 62 7 61 36 62 46 13 24 24 28 25 31 61 27 60 0 17 1 51 29 14 0 11 49 62 62 54 38 4 16 32 22 44 36 51 15 46 8 9 41 10 51 40
run=7 seed=6 k=63 f=0
56 38 49 4 62 50 50 19 35 39 23 32 49 61 16 30 9 55 44 62 0 57 62 19 52 0 44 3 0 53 23 17 31 3 13 7 10 29 54 24 30 39 12 7 11 61 21 0 53 62 12 42 42 24 41 62 54 40 10 62 25 21 17 20 36 24 27 2 50 62 48 47 16 1 34 3 15 36 32 9
run=8 seed=7 k=63 f=0
52 42 15 34 61 17 7 48 3 40 58 48 12 1 27 1 9 30 9 45 21 61 51 24 19 45 62 6 22 52 53 50 45 3 44 7 31 56 35 60 29 14 12 50 27 20 41 43 56 0 16 31 35 32 39 27 23 0 6 56 25 36 36 20 21 62 47 46 37 43 51 11 16 38 62 56 7 6 28 59
run=9 seed=8 k=63 f=0
62 47 51 16 62 24 0 62 36 16 0 10 19 29 49 13 35 20 37 25 6 21 57 1 43 7 47 38 53 28 14 30 10 30 0 38 24 39 7 0 21 17 50 11 51 42 30 16 18 27 62 16 52 46 2 55 9 33 39 60 0 3 47 58 17 5 36 24 62 55 13 50 62 58 44 56 44 37 50 62
run=10 seed=9 k=63 f=0
39 56 29 18 21 15 62 21 8 0 12 1 62 17 30 15 27 41 0 30 43 7 24 43 60 53 0 11 52 9 45 35 53 48 62 25 58 28 40 23 61 54 10 5 26 47 39 0 38 62 25 8 8 9 58 35 29 6 1 51 46 41 61 20 4 44 25 8 21 56 33 31 16 15 0 40 52 34 61 23
run=11 seed=10 k=63 f=0
34 49 34 0 0 16 37 50 5 56 46 56 38 61 22 22 0 21 58 37 60 30 61 58 62 32 34 12 45 43 16 42 53 59 39 2 41 28 21 0 23 51 3 55 5 29 26 24 8 62 51 55 44 10 45 36 19 62 15 14 16 38 44 11 9 61 3 48 5 17 38 21 25 16 52 30 1 7 24 30
run=12 seed=11 k=63 f=0
62 35 60 35 27 51 59 10 5 1 51 3 0 51 45 51 37 14 12 7 14 26 57 25 42 0 10 15 2 52 21 2 34 32 5 58 49 2 19 27 30 21 56 8 62 18 16 22 12 29 61 42 53 36 23 61 46 8 43 19 20 8 14 48 40 38 10 31 62 0 7 36 44 58 62 56 30 42 30 62
run=13 seed=12 k=63 f=0
60 56 62 21 14 46 7 33 9 35 3 28 23 12 50 30 54 14 39 15 41 0 36 37 2 22 29 28 56 10 37 10 9 25 1 18 20 60 42 2 45 53 51 7 22 34 45 1 12 62 62 31 1 62 0 16 27 43 33 62 38 44 25 43 11 55 50 13 23 55 7 51 47 56 31 44 31 0 60 61
run=14 seed=13 k=63 f=0
48 5 3 25 1 5 2 11 62 38 62 43 44 47 54 50 40 19 62 38 28 59 11 0 27 31 42 18 24 9 15 11 30 27 15 36 4 61 20 62 60 55 0 12 41 23 40 34 51 62 32 56 0 24 36 42 39 13 47 18 24 0 53 53 49 18 12 58 19 50 46 32 15 37 8 6 56 18 0 62
run=15 seed=14 k=63 f=0
48 55 62 57 31 12 0 0 51 30 17 26 62 13 16 22 52 15 0 51 42 30 0 19 6 29 2 6 60 48 44 9 28 32 57 4 12 48 62 36 37 26 7 26 59 54 37 20 18 61 25 38 9 16 57 37 48 0 0 46 45 37 3 40 25 60 21 16 62 32 23 62 36 44 0 39 1 10 34 39
run=16 seed=15 k=63 f=0
32 29 1 0 58 6 35 42 14 21 62 42 8 29 62 62 54 20 32 17 44 8 40 16 27 45 24 53 48 62 16 22 27 1 25 51 11 13 21 0 37 54 49 41 52 20 22 35 34 62 9 4 25 4 58 27 42 47 0 17 15 1 23 32 33 52 13 44 35 32 39 61 0 56 7 12 62 43 27 52
run=17 seed=16 k=63 f=0
28 6 60 12 17 51 24 20 4 8 27 34 24 27 35 38 8 55 26 58 19 62 58 61 31 31 50 16 11 40 38 0 44 62 4 27 21 28 46 62 18 12 4 34 7 54 30 14 42 0 5 35 61 45 13 41 60 11 41 17 15 53 32 45 35 60 57 62 50 23 37 47 51 0 22 31 22 31 5 8
run=18 seed=17 k=63 f=0
13 5 59 0 35 14 5 7 29 35 43 58 0 56 30 30 49 27 58 23 62 15 13 10 41 62 18 60 23 52 35 39 54 34 7 47 3 60 27 47 5 0 0 5 19 36 19 0 14 40 42 32 0 46 45 53 26 21 9 0 22 10 9 17 18 40 14 50 52 62 55 28 31 62 8 17 23 27 33 44
run=19 seed=18 k=63 f=0
45 30 38 53 42 51 49 10 31 24 6 24 8 43 20 18 54 12 51 55 0 59 47 24 56 0 34 55 0 15 18 9 40 33 13 51 11 19 44 62 6 38 4 28 26 1 10 12 45 62 60 11 34 61 58 38 29 29 46 2 17 43 45 47 26 1 28 12 25 0 40 37 7 52 25 3 62 45 15 62
run=20 seed=19 k=63 f=0
14 56 47 19 44 29 46 4 0 24 10 19 39 62 48 23 54 0 9 54 43 14 17 10 49 39 51 0 17 61 6 0 60 59 28 36 42 41 35 33 35 37 14 7 39 54 3 44 2 62 26 29 13 52 50 19 16 7 29 31 47 5 9 32 25 53 57 16 62 43 7 62 28 23 21 5 62 1 19 29
