run=1 seed=0 k=77 f=0
50 29 72 68 1 0 66 55 36 21 59 42 71 69 40 76 22 5 25 44 51 63 5 44 37 61 12 76 36 3 54 8 10 47 73 20 29 63 40 65 26 32 25 56 55 17 48 9 69 50 76 44 33 15 34 20 42 0 19 15 0 47 49 14 11 75 54 63 0 56 75 7 10 57 41 65 67 35 72 52
run=2 seed=1 k=77 f=0
50 29 72 68 1 0 66 55 36 21 59 42 71 69 40 76 22 5 25 44 51 63 5 44 37 61 12 76 36 3 54 8 10 47 73 20 29 63 40 65 26 32 25 56 55 17 48 9 69 50 76 44 33 15 34 20 42 0 19 15 0 47 49 14 11 75 54 63 0 56 75 7 10 57 41 65 67 35 72 52
run=3 seed=2 k=77 f=0
36 63 61 65 56 37 31 14 63 16 48 12 24 42 47 45 24 17 74 12 25 16 58 53 60 9 26 69 10 44 32 7 63 42 11 72 58 25 33 4 3 40 61 69 30 31 28 29 37 57 73 74 67 20 3 56 65 76 68 2 0 21 43 50 70 9 52 70 57 8 32 49 46 16 76 50 45 35 2 71
run=4 seed=3 k=77 f=0
11 13 12 42 69 6 57 40 15 33 73 33 75 43 31 73 39 18 2 16 50 28 20 34 67 29 73 68 28 58 21 39 59 11 33 63 41 76 23 52 13 23 33 26 10 17 66 34 8 75 0 49 51 55 52 58 15 1 0 44 0 53 46 68 2 67 34 23 60 18 45 74 22 66 59 6 42 6 34 51
run=5 seed=4 k=77 f=0
35 31 62 32 42 23 33 37 44 72 4 65 72 50 13 52 43 18 18 55 62 7 34 18 58 3 70 57 11 3 65 25 63 28 63 41 52 45 66 21 38 13 54 38 66 29 7 61 73 59 25 20 12 74 8 14 1 0 70 13 50 1 54 76 75 2 68 46 45 58 68 7 22 43 34 33 69 49 20 39
run=6 seed=5 k=77 f=0
17 28 45 72 49 76 10 22 9 60 14 13 66 20 76 58 57 26 0 66 5 37 4 36 66 9 4 34 61 14 72 45 11 45 61 52 39 69 6 1 53 73 54 62 76 25 22 17 68 76 30 50 32 33 15 1 17 56 55 8 20 32 48 37 35 31 76 20 23 23 63 74 44 47 0 8 40 60 31 52
run=7 seed=6 k=77 f=0
56 47 42 74 64 3 53 56 36 42 18 20 51 19 38 68 59 7 55 39 58 2 62 35 49 35 27 74 33 17 66 11 20 29 8 38 12 38 44 67 7 47 50 56 17 43 22 74 52 26 54 1 2 33 63 24 73 29 76 28 66 7 67 72 69 46 15 62 27 0 15 0 76 76 44 16 13 61 65 6
run=8 seed=7 k=77 f=0
72 41 65 15 67 60 17 52 39 11 20 27 0 71 26 30 12 53 8 5 13 60 66 35 1 3 1 58 11 44 27 76 10 0 1 6 3 16 65 43 55 26 45 10 38 16 45 3 68 76 64 2 37 56 70 30 34 52 38 16 19 65 69 24 75 47 40 49 48 26 31 35 49 61 62 17 74 73 69 65
run=9 seed=8 k=77 f=0
28 67 16 9 13 7 67 13 42 11 0 10 76 45 10 55 65 49 48 26 13 76 52 19 0 0 55 64 76 44 19 21 39 76 39 48 2 22 54 46 37 5 31 0 8 16 60 28 42 73 1 6 55 61 61 69 27 57 52 26 23 16 56 39 37 50 26 36 42 28 6 76 33 32 14 69 37 69 64 1
run=10 seed=9 k=77 f=0
35 4 45 13 34 6 64 68 47 70 54 20 50 1 29 55 17 24 46 21 69 27 42 69 2 40 30 18 58 2 49 38 4 14 4 13 75 42 1 43 76 76 61 74 21 12 38 57 29 66 21 29 0 63 51 21 25 66 0 63 57 42 13 33 32 34 74 31 9 47 74 52 48 57 8 50 65 39 44 18
run=11 seed=10 k=77 f=0
12 3 37 39 42 76 59 69 12 23 14 47 58 61 18 62 19 26 72 66 34 52 24 65 50 0 30 0 26 9 70 9 47 17 21 22 64 34 47 36 45 1 7 1 0 25 9 21 76 39 0 35 10 30 43 59 58 5 24 40 67 76 69 72 1 40 15 30 45 22 59 55 30 71 50 76 29 52 56 1
run=12 seed=11 k=77 f=0
22 49 43 49 9 59 69 5 40 73 59 26 52 4 28 15 23 9 39 1 35 7 39 4 53 57 25 46 29 67 40 55 61 64 0 60 55 35 25 69 60 21 74 25 25 43 33 1 5 67 14 55 35 72 52 18 48 1 68 2 14 43 52 0 47 72 14 66 44 35 29 11 76 18 45 61 10 76 12 13
run=13 seed=12 k=77 f=0
16 37 6 74 23 44 44 34 65 28 70 48 70 18 54 44 65 58 2 43 54 76 23 16 38 45 33 43 71 59 51 19 10 50 55 63 76 15 61 24 2 63 68 32 61 39 74 5 56 0 42 6 33 12 24 56 34 0 0 23 16 70 13 38 5 74 58 13 27 8 8 7 25 63 76 73 20 25 10 44
run=14 seed=13 k=77 f=0
41 39 42 23 46 9 49 71 24 27 2 10 75 30 65 1 53 14 55 23 12 27 15 14 46 25 76 10 44 43 6 63 52 22 70 51 72 2 61 19 57 42 31 26 69 46 18 67 32 61 66 63 1 20 57 48 30 4 75 35 74 22 2 68 40 38 10 7 34 52 7 62 18 37 44 7 76 0 50 30
run=15 seed=14 k=77 f=0
1 19 69 67 62 70 61 12 63 33 23 62 28 64 56 67 51 76 27 48 33 0 13 75 73 34 12 18 7 43 22 41 65 48 71 49 76 39 75 49 1 18 30 10 6 8 40 55 70 25 52 51 15 51 21 1 3 39 60 37 7 54 6 58 56 18 24 22 75 22 65 27 41 20 0 36 29 34 8 5
run=16 seed=15 k=77 f=0
17 64 29 30 2 47 16 16 2 58 33 43 11 7 26 71 68 61 64 65 49 7 32 73 47 25 22 6 34 8 53 40 41 73 11 22 65 28 39 76 64 76 10 16 24 35 10 22 59 76 46 67 1 53 0 58 34 49 21 13 14 0 63 36 52 70 2 38 0 39 54 28 32 4 45 45 38 55 11 64
run=17 seed=16 k=77 f=0
0 5 26 57 65 66 9 25 21 34 14 37 22 62 64 12 7 62 20 39 74 43 14 8 41 24 67 72 0 41 73 57 36 9 75 62 19 0 34 43 34 31 72 43 76 75 56 4 0 76 14 24 67 0 18 56 51 57 22 50 16 29 12 37 44 31 68 66 65 26 30 8 54 29 46 11 74 50 4 72
run=18 seed=17 k=77 f=0
14 28 1 2 36 19 57 48 42 64 20 57 55 17 76 53 30 16 75 56 46 37 44 15 4 8 53 23 29 30 69 64 36 68 58 11 28 59 6 46 76 8 25 50 14 64 31 74 39 63 62 9 48 19 34 0 28 4 71 24 1 43 4 43 39 64 39 33 0 43 54 75 20 21 74 41 7 69 30 47
run=19 seed=18 k=77 f=0
11 63 11 36 3 59 14 42 2 49 14 45 32 16 61 50 0 15 40 41 71 24 68 58 29 41 25 39 30 14 72 11 46 23 73 32 0 1 7 75 44 19 72 27 74 52 42 33 58 76 4 41 27 63 34 18 28 18 56 58 9 15 48 56 54 75 59 6 0 49 49 64 19 7 66 48 67 71 30 1
run=20 seed=19 k=77 f=0
10 22 26 54 39 54 41 60 35 0 1 14 21 76 57 16 70 31 55 57 50 31 12 28 40 52 9 45 19 37 4 6 34 48 11 76 53 13 22 74 59 23 73 61 27 3 11 66 36 61 47 51 26 69 2 27 48 64 74 71 45 62 58 40 32 18 29 7 40 66 8 23 0 41 18 33 42 76 15 1
