run=1 seed=0 k=71 f=0
27 5 54 50 47 24 56 18 70 69 60 21 59 28 0 54 9 61 6 50 31 15 27 70 0 18 24 14 18 0 51 70 43 52 25 65 62 10 28 35 40 0 0 16 62 52 42 1 29 47 11 3 0 35 42 57 64 8 39 29 56 39 13 33 37 39 33 17 22 59 24 45 38 17 70 55 66 32 11 13
run=2 seed=1 k=71 f=0
27 5 54 50 47 24 56 18 70 69 60 21 59 28 0 54 9 61 6 50 31 15 27 70 0 18 24 14 18 0 51 70 43 52 25 65 62 10 28 35 40 0 0 16 62 52 42 1 29 47 11 3 0 35 42 57 64 8 39 29 56 39 13 33 37 39 33 17 22 59 24 45 38 17 70 55 66 32 11 13
run=3 seed=2 k=71 f=0
34 65 29 10 49 45 3 63 70 49 67 49 38 21 53 55 26 67 35 56 23 12 13 58 39 0 2 70 38 22 9 1 29 3 58 41 0 19 49 18 31 8 29 60 25 10 36 13 70 18 52 54 61 70 38 54 20 63 46 70 33 17 28 11 10 34 63 2 32 41 55 26 7 45 46 39 24 69 16 5
run=4 seed=3 k=71 f=0
19 1 52 44 0 47 33 17 35 39 12 44 15 2 30 7 48 0 60 0 63 18 36 33 0 34 13 3 26 24 59 50 42 52 30 37 59 40 62 70 70 69 30 17 29 36 21 23 65 56 51 41 5 21 10 69 40 50 43 66 27 54 4 63 4 57 69 15 27 65 70 8 13 1 20 5 2 57 55 7
run=5 seed=4 k=71 f=0
34 64 43 27 21 19 21 46 27 48 41 40 1 13 58 17 62 37 33 32 50 36 6 19 66 0 70 25 59 52 48 70 40 3 3 27 19 30 68 10 41 10 59 69 45 46 12 62 53 70 3 33 32 63 13 54 40 66 59 54 16 9 11 51 23 39 6 27 24 36 44 2 7 29 23 53 7 62 0 10
run=6 seed=5 k=71 f=0
42 18 39 52 4 40 27 46 56 13 33 24 48 20 70 36 51 66 22 44 26 63 11 0 27 2 70 25 44 43 29 0 37 16 49 45 51 0 9 0 5 16 55 50 70 30 30 70 39 59 61 0 14 30 34 28 63 11 53 8 31 58 35 44 64 5 17 48 70 11 8 65 70 20 22 39 13 26 5 60
run=7 seed=6 k=71 f=0
66 5 4 29 11 30 29 68 37 48 1 40 34 68 5 42 1 17 54 10 51 18 49 19 24 55 41 24 47 50 36 27 58 59 44 70 31 0 39 12 24 36 9 37 62 0 43 56 19 32 58 18 10 3 50 20 66 45 69 34 62 13 63 69 15 46 62 70 60 70 24 56 48 70 41 17 10 9 44 66
run=8 seed=7 k=71 f=0
11 67 3 14 69 2 28 19 68 70 4 59 53 55 44 0 70 17 10 60 17 55 36 70 35 6 3 59 8 42 41 31 6 10 36 9 1 69 47 28 34 24 55 50 45 67 43 42 15 24 64 66 53 61 43 34 3 37 38 15 36 26 53 31 28 60 48 55 48 51 0 49 45 20 61 14 25 26 69 62
run=9 seed=8 k=71 f=0
70 34 35 19 63 26 53 69 63 10 36 28 55 47 64 24 0 16 50 45 52 13 5 48 17 39 69 29 37 3 62 68 43 4 22 2 48 34 11 16 29 29 62 0 0 35 12 55 67 9 54 5 51 10 53 42 37 7 20 56 59 39 0 70 22 17 29 66 5 61 45 62 20 24 27 55 68 12 60 32
run=10 seed=9 k=71 f=0
38 23 18 54 67 20 60 36 2 50 25 13 25 13 16 61 7 54 25 5 46 9 66 41 3 16 27 1 68 8 32 17 61 1 37 55 45 70 51 54 49 54 10 5 52 32 65 12 38 47 0 1 27 1 26 45 11 69 35 42 70 31 41 40 16 62 37 16 70 63 33 21 0 3 63 29 33 19 61 49
run=11 seed=10 k=71 f=0
3 66 1 14 55 70 3 42 3 21 16 22 69 29 58 27 61 41 42 51 0 46 33 55 48 13 24 12 12 65 52 59 27 0 29 10 66 11 30 36 37 22 58 63 19 16 52 44 45 3 1 63 28 69 26 35 4 49 8 70 36 5 26 50 64 55 22 37 32 32 19 57 54 7 70 46 18 45 40 20
run=12 seed=11 k=71 f=0
70 29 30 52 68 2 35 38 19 62 4 41 8 39 46 36 55 15 4 51 15 0 28 24 30 26 60 22 18 11 66 46 64 51 43 57 27 22 16 1 29 9 31 70 21 14 7 61 63 35 0 48 9 53 60 46 17 36 60 67 48 13 50 42 66 27 59 43 70 69 68 50 19 55 1 0 36 41 30 33
run=13 seed=12 k=71 f=0
29 39 9 50 16 33 31 52 62 20 37 45 49 3 6 60 41 17 30 27 50 70 70 60 41 0 9 41 63 31 55 22 24 3 37 3 67 40 10 55 22 44 70 65 0 36 19 54 19 10 69 22 70 68 58 15 57 15 14 15 53 26 45 48 64 24 50 69 0 0 24 8 62 0 32 6 4 43 60 68
run=14 seed=13 k=71 f=0
43 62 57 15 24 13 37 6 67 31 15 31 14 60 60 14 64 49 51 48 27 41 7 2 69 36 45 2 42 64 17 0 48 40 67 49 54 59 65 70 9 20 18 65 35 25 2 2 43 56 31 68 0 43 1 35 11 7 7 6 24 57 58 29 30 25 54 22 57 24 70 18 15 38 8 30 42 54 69 70
run=15 seed=14 k=71 f=0
1 5 19 32 68 0 29 19 49 14 60 11 42 24 60 17 53 3 43 2 24 68 1 19 50 44 70 69 59 61 33 53 24 57 10 47 39 33 39 48 49 30 48 39 2 65 35 28 0 30 40 7 70 60 24 70 0 16 14 63 60 26 64 65 10 14 15 35 40 10 38 57 20 6 13 21 54 0 48 54
run=16 seed=15 k=71 f=0
10 14 25 10 34 18 43 50 58 45 46 43 55 36 20 41 61 15 15 65 2 28 31 38 35 70 0 0 67 59 12 70 67 66 0 63 25 41 23 36 51 10 29 34 57 3 7 67 9 37 20 51 28 47 57 0 61 48 56 6 54 19 29 5 6 9 20 69 36 46 22 58 0 14 47 28 46 28 17 6
run=17 seed=16 k=71 f=0
9 33 56 52 39 42 65 35 21 49 10 23 35 0 24 43 18 4 61 1 50 5 12 1 1 37 60 70 42 25 69 22 51 61 25 16 31 23 17 59 34 15 70 32 53 4 20 69 49 66 16 26 9 69 13 53 7 16 38 70 57 11 32 51 47 5 7 30 64 68 44 42 0 67 28 44 16 45 29 63
run=18 seed=17 k=71 f=0
29 31 44 9 55 40 44 19 14 51 48 45 22 10 41 50 36 65 29 57 67 1 51 44 24 27 33 11 56 54 68 41 1 0 5 12 16 47 63 59 24 34 33 9 14 36 24 52 0 51 2 35 60 20 56 28 47 50 24 37 70 6 70 15 9 61 63 61 15 19 42 68 20 9 6 63 1 64 6 30
run=19 seed=18 k=71 f=0
70 66 7 41 28 4 52 42 27 1 0 54 23 58 54 60 39 28 8 21 28 38 45 57 22 51 65 28 45 4 3 16 6 54 20 0 20 35 16 45 24 55 70 20 52 0 43 15 6 14 34 32 70 67 10 65 1 35 8 31 23 12 36 1 26 48 3 44 47 15 45 62 32 13 60 36 39 48 70 68
run=20 seed=19 k=71 f=0
70 30 61 9 22 9 10 33 22 48 60 59 22 42 58 69 48 31 33 17 38 8 52 53 54 7 70 12 67 40 16 57 32 15 51 52 19 70 24 40 27 26 51 22 42 50 4 65 70 23 0 35 36 13 2 56 4 0 47 22 0 2 0 41 42 38 48 13 0 21 65 28 14 10 57 41 30 62 70 4
