run=1 seed=0 k=69 f=0
6 1 52 25 39 50 11 33 41 60 49 59 47 1 29 35 14 47 50 26 60 45 63 3 41 37 46 15 43 67 68 21 38 55 18 10 22 40 63 53 20 0 19 34 5 0 68 1 44 23 59 64 5 28 9 68 9 66 68 26 52 66 55 0 4 14 34 13 13 11 31 36 68 13 61 56 59 32 40 59
run=2 seed=1 k=69 f=0
6 1 52 25 39 50 11 33 41 60 49 59 47 1 29 35 14 47 50 26 60 45 63 3 41 37 46 15 43 67 68 21 38 55 18 10 22 40 63 53 20 0 19 34 5 0 68 1 44 23 59 64 5 28 9 68 9 66 68 26 52 66 55 0 4 14 34 13 13 11 31 36 68 13 61 56 59 32 40 59
run=3 seed=2 k=69 f=0
33 39 38 64 15 61 36 2 49 6 48 1 3 62 55 6 41 68 50 61 68 54 38 35 28 55 56 46 31 44 49 30 25 9 26 12 19 35 55 62 1 37 26 54 58 40 30 0 66 32 25 13 7 63 46 15 0 10 11 44 48 66 26 0 66 41 67 17 21 7 61 54 23 49 16 46 22 16 2 68
run=4 seed=3 k=69 f=0
22 35 38 42 0 68 21 49 24 62 11 67 26 10 10 25 17 30 48 0 56 16 37 66 53 52 34 44 31 7 0 67 0 14 31 48 5 37 26 33 47 20 3 18 33 51 9 52 28 9 23 55 39 40 57 9 12 60 28 42 0 1 62 45 64 0 2 68 45 56 23 14 59 42 66 52 60 16 37 50
run=5 seed=4 k=69 f=0
37 16 5 59 15 41 42 47 20 68 26 57 55 39 2 62 33 44 36 1 33 43 27 6 41 19 16 60 54 26 61 22 42 11 60 5 22 67 58 49 68 68 36 15 28 32 52 61 40 68 0 2 10 3 24 2 46 12 10 51 26 10 31 53 18 52 63 20 57 48 60 0 49 62 1 28 28 37 49 20
run=6 seed=5 k=69 f=0
43 3 11 45 17 14 12 61 67 35 42 19 47 66 22 68 47 31 28 1 16 33 36 19 53 15 1 68 44 68 27 59 3 9 65 45 31 68 29 54 56 9 51 61 2 62 31 24 8 38 10 21 68 46 42 35 0 13 51 39 54 11 7 22 18 48 55 22 25 36 62 1 27 38 0 37 4 28 67 56
run=7 seed=6 k=69 f=0
59 46 13 50 17 50 4 11 42 1 50 52 11 0 52 1 59 26 68 17 66 56 7 30 7 41 38 68 32 1 16 22 20 33 0 37 15 43 1 35 23 60 56 0 42 27 37 31 5 67 9 64 32 51 17 23 34 0 4 63 13 27 12 8 67 6 21 16 30 66 0 43 22 63 50 43 62 57 38 42
run=8 seed=7 k=69 f=0
62 2 7 66 0 10 5 17 66 40 45 33 8 56 20 31 0 48 68 1 24 57 36 32 20 30 40 29 16 2 67 42 68 24 36 16 24 41 31 0 10 50 4 31 10 15 48 26 42 8 49 32 21 16 66 50 61 49 12 46 68 64 41 15 55 0 24 0 65 56 36 8 52 58 59 28 57 23 35 43
run=9 seed=8 k=69 f=0
0 34 59 39 58 32 62 17 25 27 45 28 68 37 30 23 66 45 7 56 10 1 12 1 3 17 13 19 67 65 23 51 46 38 68 68 53 63 52 62 45 27 0 25 64 9 12 14 0 8 30 6 39 44 12 47 0 37 37 38 50 15 65 55 27 4 19 52 64 23 23 44 59 24 31 13 67 56 18 16
run=10 seed=9 k=69 f=0
61 51 64 0 67 19 20 67 26 28 30 57 29 7 5 4 47 68 23 49 36 68 37 8 52 33 35 43 60 26 40 44 68 25 1 29 32 35 15 51 16 8 44 29 31 11 0 65 66 0 52 49 24 55 7 0 38 22 0 63 9 14 9 54 57 51 37 42 16 68 61 3 40 40 16 27 43 60 63 46
run=11 seed=10 k=69 f=0
55 1 52 46 20 26 28 45 1 68 24 50 24 33 68 68 58 36 9 15 49 19 43 38 17 23 28 10 19 1 42 33 50 63 49 60 63 54 36 30 52 40 8 42 26 44 16 10 34 68 11 0 5 58 18 68 0 3 65 41 42 5 47 0 2 59 44 60 6 18 29 22 13 16 49 28 34 62 56 12
run=12 seed=11 k=69 f=0
14 37 46 8 40 14 27 47 33 60 0 57 0 18 59 48 30 0 0 31 7 16 15 67 19 54 22 45 7 48 62 60 39 24 64 28 65 56 63 22 40 21 33 28 31 30 33 51 13 21 1 64 68 11 67 2 29 7 43 68 47 10 66 9 7 42 15 54 68 58 61 0 4 52 40 50 64 34 55 17
run=13 seed=12 k=69 f=0
26 42 63 4 64 44 34 8 53 63 13 50 34 21 15 68 59 32 47 68 19 60 66 28 41 47 37 50 51 48 0 10 0 39 24 32 6 58 22 68 9 2 0 51 33 56 47 65 15 25 68 64 38 56 68 34 39 45 51 1 66 15 10 18 48 18 24 54 28 15 53 36 2 22 9 16 27 60 41 42
run=14 seed=13 k=69 f=0
30 61 42 67 2 63 23 8 14 55 54 0 25 39 68 55 44 66 22 24 48 28 34 51 45 58 43 1 68 16 51 8 57 46 29 41 62 56 67 19 61 68 29 23 65 48 34 48 68 24 8 47 15 38 16 1 60 39 0 15 51 35 5 37 39 33 9 4 16 27 9 9 33 4 1 51 10 35 35 10
run=15 seed=14 k=69 f=0
66 22 48 30 46 68 58 62 50 8 68 0 52 42 36 42 7 0 30 45 32 64 60 22 54 50 47 1 29 60 59 0 27 11 17 9 49 29 0 58 15 24 46 7 6 19 0 0 62 16 68 3 26 66 20 41 8 7 14 17 43 26 32 38 52 23 16 68 53 39 56 37 34 42 68 38 55 2 5 13
run=16 seed=15 k=69 f=0
43 55 15 2 66 2 13 54 60 52 10 63 39 22 30 61 59 52 34 1 68 7 57 59 5 8 13 64 49 42 40 16 48 62 19 29 34 38 44 0 54 29 12 58 48 19 28 52 50 37 65 31 24 54 21 67 44 56 48 40 15 24 36 30 31 25 3 67 37 33 45 12 1 68 68 8 33 25 58 9
run=17 seed=16 k=69 f=0
54 15 41 55 28 14 47 31 39 6 27 62 8 4 60 8 35 0 0 14 44 34 51 67 68 59 40 24 53 2 65 24 36 38 37 0 16 7 0 68 12 52 23 32 47 30 4 66 6 68 24 25 20 64 64 58 18 0 68 56 28 29 18 46 49 2 34 17 3 31 53 38 42 46 12 9 24 18 59 27
run=18 seed=17 k=69 f=0
12 61 5 55 63 62 55 26 30 26 48 21 35 66 18 14 30 66 0 13 21 43 12 2 64 58 41 40 1 67 11 68 55 53 28 28 47 14 42 0 50 39 35 49 52 28 65 43 68 15 24 28 1 8 0 6 50 64 56 6 51 38 12 23 68 21 42 20 3 32 7 57 37 8 44 18 34 14 29 27
run=19 seed=18 k=69 f=0
23 14 5 68 51 24 24 30 65 44 61 0 40 67 29 36 12 55 15 0 25 5 62 11 50 41 41 10 31 31 24 67 0 19 28 45 37 62 39 54 0 56 45 15 59 7 42 10 30 68 59 0 50 2 8 1 43 16 33 19 22 28 49 27 52 37 62 5 48 50 35 62 59 67 1 19 47 21 11 57
run=20 seed=19 k=69 f=0
47 15 35 8 4 62 2 55 11 64 63 58 27 6 64 60 29 68 49 0 31 4 54 34 44 20 0 11 66 48 59 42 42 17 61 24 30 48 9 21 41 68 32 12 16 52 43 34 66 0 18 41 10 27 5 26 36 4 21 68 46 33 43 40 38 0 25 7 55 26 61 39 36 13 53 13 52 68 47 19
