run=1 seed=0 k=65 f=0
29 50 52 10 64 57 51 19 14 41 9 25 0 33 55 58 16 37 43 33 3 29 42 64 47 28 1 9 19 28 64 17 23 52 11 41 4 30 37 48 41 24 13 18 25 61 60 36 35 0 53 11 54 35 4 47 0 39 42 34 9 11 1 60 63 24 25 64 64 19 22 17 64 11 46 56 8 47 51 34
run=2 seed=1 k=65 f=0
29 50 52 10 64 57 51 19 14 41 9 25 0 33 55 58 16 37 43 33 3 29 42 64 47 28 1 9 19 28 64 17 23 52 11 41 4 30 37 48 41 24 13 18 25 61 60 36 35 0 53 11 54 35 4 47 0 39 42 34 9 11 1 60 63 24 25 64 64 19 22 17 64 11 46 56 8 47 51 34
run=3 seed=2 k=65 f=0
34 47 49 21 19 18 64 9 59 63 5 60 0 56 24 39 26 33 10 51 64 23 39 36 28 64 3 11 36 62 16 56 64 24 49 31 4 62 56 53 42 0 50 39 62 29 32 3 37 0 30 0 51 27 4 45 36 44 42 0 9 52 10 14 40 31 18 14 13 12 57 22 18 13 43 61 54 52 33 8
run=4 seed=3 k=65 f=0
42 58 51 24 30 49 57 15 19 0 22 21 38 9 61 37 3 35 52 12 28 8 31 8 31 24 32 20 26 49 59 19 47 60 41 0 35 26 32 54 19 3 0 16 62 0 26 29 48 64 41 44 12 11 9 38 64 14 61 13 40 47 44 45 43 63 6 22 45 0 18 63 31 27 54 24 4 64 37 17
run=5 seed=4 k=65 f=0
31 61 39 63 61 37 55 29 9 22 45 44 58 42 16 24 0 33 52 64 31 12 33 0 48 47 55 43 60 34 19 42 5 3 37 51 64 45 52 52 6 57 13 7 1 11 32 0 35 8 26 29 56 14 57 64 27 23 18 33 27 57 51 22 20 23 21 11 0 11 40 0 18 40 64 47 15 47 8 27
run=6 seed=5 k=65 f=0
21 37 15 40 32 19 51 1 64 63 42 57 9 27 52 64 54 5 18 64 57 7 0 22 53 31 48 33 44 31 0 45 64 34 62 28 14 12 23 45 64 36 59 64 2 37 22 8 22 64 16 60 11 9 48 29 0 28 26 33 0 23 55 24 53 38 3 44 14 9 17 5 47 0 40 50 0 58 3 45
run=7 seed=6 k=65 f=0
19 41 63 34 41 38 35 22 18 32 18 24 47 40 28 56 29 51 19 56 63 7 64 18 64 20 26 59 0 43 54 26 6 44 32 32 11 15 51 41 11 13 32 25 48 33 49 50 5 64 64 27 46 5 60 0 61 64 1 2 13 15 28 7 8 64 54 38 36 57 0 49 55 54 38 51 9 0 45 61
run=8 seed=7 k=65 f=0
62 17 61 5 53 48 64 29 35 29 24 30 58 8 1 64 56 4 40 64 43 56 50 38 54 33 13 40 20 47 49 30 17 36 14 8 10 62 43 52 30 49 53 30 23 44 7 1 2 64 57 34 21 5 20 13 61 35 10 36 49 45 25 44 5 57 55 0 0 22 27 19 40 24 13 22 39 64 35 30
run=9 seed=8 k=65 f=0
29 57 62 8 58 15 2 51 5 43 55 16 54 44 43 29 25 56 14 4 11 0 22 31 56 0 62 16 23 43 35 49 63 30 32 23 47 63 11 0 13 64 5 0 64 34 40 49 40 64 52 56 51 2 21 36 22 22 19 37 32 6 42 38 42 58 17 19 36 23 45 61 7 8 14 44 25 1 28 14
run=10 seed=9 k=65 f=0
0 47 53 4 35 64 50 57 2 47 3 27 49 2 13 31 45 60 45 59 12 0 1 38 24 22 46 22 20 29 38 64 64 25 27 19 52 49 36 42 9 20 0 6 4 19 28 52 13 53 64 63 0 57 40 31 9 33 50 55 38 14 59 15 13 43 13 40 36 20 7 61 64 4 31 0 20 55 27 0
run=11 seed=10 k=65 f=0
39 58 6 8 7 7 2 46 42 47 5 12 52 42 25 50 56 26 57 59 12 38 43 0 24 38 38 11 9 64 18 64 34 54 15 5 29 63 26 64 29 0 34 14 16 46 61 55 23 64 54 61 0 34 1 21 24 6 20 0 31 33 25 45 13 31 23 62 29 47 18 54 49 16 10 43 46 22 48 12
run=12 seed=11 k=65 f=0
34 62 10 64 8 11 26 38 30 8 58 38 3 55 20 32 64 23 58 9 52 14 39 10 16 35 32 56 1 0 41 22 29 31 26 4 0 47 64 64 22 63 6 36 2 14 18 64 47 55 48 47 9 48 60 0 36 51 29 43 28 54 47 14 18 55 64 64 1 40 41 22 19 42 0 17 24 57 45 47
run=13 seed=12 k=65 f=0
52 22 16 64 18 41 2 53 0 37 27 34 64 48 35 40 57 4 27 59 33 12 48 32 21 37 24 21 14 12 31 64 10 62 3 54 26 23 37 0 0 22 12 58 48 58 24 30 48 28 40 59 10 57 32 7 35 43 50 1 64 59 53 50 2 64 31 31 0 55 43 8 0 17 18 13 49 47 8 0
run=14 seed=13 k=65 f=0
8 48 50 36 33 20 62 38 10 58 46 54 56 60 24 29 34 41 10 7 21 0 4 28 64 51 55 45 9 64 26 42 13 64 49 37 20 48 2 63 15 15 31 6 53 37 32 30 43 9 43 48 64 58 14 55 25 0 33 5 18 15 47 23 24 0 40 38 64 20 57 30 27 49 0 0 38 7 56 42
run=15 seed=14 k=65 f=0
9 58 1 52 33 14 42 56 2 35 64 19 14 4 32 64 41 9 55 23 32 42 26 44 16 22 16 58 53 26 29 18 49 26 2 5 63 63 18 1 64 38 0 21 8 37 58 60 11 64 36 13 0 25 46 39 11 25 52 25 29 0 26 34 6 51 27 51 0 0 16 44 48 56 55 62 6 8 13 62
run=16 seed=15 k=65 f=0
48 19 17 18 24 57 57 1 64 0 57 30 64 14 31 2 21 45 39 0 37 50 44 34 11 33 61 59 5 9 39 29 13 9 32 58 8 19 25 38 27 62 37 25 62 55 61 16 48 13 52 32 64 15 63 31 5 24 22 45 40 35 40 0 49 46 24 24 9 0 27 17 4 0 54 51 6 43 45 52
run=17 seed=16 k=65 f=0
34 30 24 63 28 29 49 44 1 54 27 44 38 58 23 47 47 15 9 39 2 59 59 19 64 7 37 47 42 46 21 24 14 34 62 12 9 22 58 58 2 32 2 43 55 29 56 54 64 55 12 28 35 40 51 13 53 0 50 4 20 37 23 62 8 63 9 13 16 27 41 18 0 50 27 5 5 56 64 7
run=18 seed=17 k=65 f=0
52 36 19 5 11 59 17 53 12 2 58 6 37 36 7 45 23 64 57 49 13 54 15 64 38 9 43 24 8 24 48 3 57 18 39 26 45 27 64 64 59 64 5 0 19 13 49 33 51 0 14 43 40 24 39 45 48 0 40 11 16 61 0 54 11 21 54 28 31 35 46 33 60 28 32 16 8 51 21 14
run=19 seed=18 k=65 f=0
9 36 64 44 38 11 37 18 38 17 27 18 39 46 51 14 21 50 52 37 50 0 1 60 34 30 52 60 59 31 13 30 14 59 11 25 42 34 6 0 38 44 0 18 24 63 54 0 10 64 0 21 1 64 25 64 22 32 19 6 55 45 21 8 52 29 6 61 7 22 15 53 46 23 39 0 49 8 62 0
run=20 seed=19 k=65 f=0
55 2 19 64 1 53 36 27 63 9 0 59 15 63 34 20 0 30 58 34 51 12 8 28 38 41 55 20 15 18 22 29 63 37 26 44 29 1 10 47 33 7 20 61 8 39 10 35 7 16 2 51 50 38 47 15 47 0 43 53 25 64 0 9 59 6 25 28 64 9 56 15 34 22 64 17 27 45 24 5
