run=1 seed=0 k=82 f=0
74 47 41 0 7 46 18 32 68 17 44 17 58 47 49 22 14 7 80 54 64 10 12 21 40 76 32 42 29 67 37 36 28 18 17 81 37 39 71 65 5 26 58 63 56 79 6 76 61 53 15 76 23 71 81 1 50 10 2 71 1 31 26 29 6 56 68 7 77 57 70 53 33 0 44 59 14 41 17 74
run=2 seed=1 k=82 f=0
74 47 41 0 7 46 18 32 68 17 44 17 58 47 49 22 14 7 80 54 64 10 12 21 40 76 32 42 29 67 37 36 28 18 17 81 37 39 71 65 5 26 58 63 56 79 6 76 61 53 15 76 23 71 81 1 50 10 2 71 1 31 26 29 6 56 68 7 77 57 70 53 33 0 44 59 14 41 17 74
run=3 seed=2 k=82 f=0
73 15 52 21 53 0 58 8 41 3 72 31 51 56 39 9 18 31 25 60 52 64 21 29 37 62 76 11 30 1 45 81 78 45 5 42 66 15 52 25 67 45 58 40 0 15 15 56 9 53 38 71 37 62 72 34 73 2 2 48 70 20 17 7 80 24 79 64 29 50 24 81 0 58 81 16 66 10 37 66
run=4 seed=3 k=82 f=0
12 49 60 72 46 10 12 40 79 61 20 20 75 76 52 39 25 3 77 70 27 13 64 30 53 81 53 25 27 14 8 5 40 76 12 0 45 28 14 32 21 34 67 41 18 81 1 69 64 43 39 47 53 67 49 19 22 59 46 31 72 66 61 17 56 35 67 2 62 81 59 74 8 0 34 53 52 45 81 66
run=5 seed=4 k=82 f=0
21 23 74 0 26 71 41 63 81 29 20 75 49 56 63 68 0 13 43 65 12 55 20 59 49 29 51 78 46 34 36 0 33 80 78 37 67 31 39 40 65 31 5 63 6 27 52 10 18 58 75 8 81 17 54 48 8 9 44 14 8 81 55 22 11 37 59 23 73 18 67 57 49 0 42 58 2 43 5 80
run=6 seed=5 k=82 f=0
0 13 38 26 0 79 41 9 23 72 26 36 30 50 16 6 11 34 13 4 37 67 55 78 49 42 35 79 28 5 60 55 6 45 64 22 51 27 34 61 15 19 54 71 29 73 56 1 28 81 69 63 67 42 15 40 33 41 81 81 49 59 36 62 64 62 12 21 47 48 73 14 58 22 1 73 12 62 61 70
run=7 seed=6 k=82 f=0
17 56 0 41 16 35 47 41 16 50 80 73 54 79 29 6 64 53 37 40 67 77 76 66 79 1 56 64 70 22 48 30 8 6 27 35 57 60 50 37 13 60 69 10 59 24 81 3 51 17 2 38 40 81 22 81 2 80 19 20 26 45 53 31 15 26 63 29 49 31 46 2 8 45 76 71 45 75 0 16
run=8 seed=7 k=82 f=0
23 24 73 35 3 17 7 39 66 41 29 1 13 77 57 54 4 42 76 68 2 79 28 26 64 21 17 64 51 79 59 33 1 49 28 38 16 9 22 36 40 60 75 36 40 7 14 43 31 12 3 35 64 46 65 2 19 78 16 7 72 29 23 29 81 53 68 16 41 67 57 59 47 67 81 8 27 48 51 71
run=9 seed=8 k=82 f=0
33 29 12 31 79 19 36 58 73 9 78 74 28 71 46 72 78 32 31 45 37 59 67 12 65 59 65 21 5 21 42 5 0 5 19 81 5 39 15 59 50 26 64 0 15 80 43 65 21 1 79 77 37 64 74 81 42 68 69 23 45 40 53 23 49 7 61 50 14 42 53 16 66 40 14 52 51 57 0 81
run=10 seed=9 k=82 f=0
73 22 70 49 64 81 24 51 19 2 64 14 0 2 60 39 17 41 54 19 11 81 17 74 21 8 40 48 77 13 32 68 35 15 37 45 24 5 32 7 22 59 74 51 74 79 20 35 39 78 62 50 50 7 59 26 23 43 0 9 1 31 8 24 42 45 6 63 50 1 31 58 61 67 68 81 64 56 36 21
run=11 seed=10 k=82 f=0
41 59 56 45 72 3 78 34 81 73 41 80 0 66 15 24 61 0 9 28 50 76 27 58 64 9 37 81 22 80 45 33 47 22 2 6 3 13 59 68 27 20 43 65 39 31 8 16 49 18 12 60 73 55 53 27 44 55 4 0 27 52 43 33 74 50 40 17 65 19 67 12 37 22 81 79 34 6 13 66
run=12 seed=11 k=82 f=0
8 37 0 81 33 60 25 36 73 30 51 68 12 38 33 66 71 50 19 12 24 80 77 66 23 3 26 42 61 17 21 54 3 77 49 6 37 1 8 58 0 61 68 8 40 21 16 17 81 43 74 73 55 7 26 44 69 75 42 58 20 48 25 35 19 31 44 14 2 52 61 0 29 46 13 81 69 39 74 58
run=13 seed=12 k=82 f=0
24 14 62 36 3 65 76 53 27 50 41 30 6 12 30 58 33 54 23 55 48 38 11 64 33 20 7 78 34 51 26 8 43 31 14 23 66 22 78 14 42 34 11 1 43 0 79 56 8 41 73 60 81 72 45 38 81 54 66 81 71 2 73 76 5 7 18 72 0 16 3 41 50 36 64 43 18 80 24 24
run=14 seed=13 k=82 f=0
48 72 47 9 0 44 26 13 51 76 66 38 10 14 23 14 43 23 38 18 40 56 47 78 51 33 42 68 37 67 61 5 42 30 8 24 3 5 75 81 52 71 39 62 64 16 78 26 77 0 29 57 10 46 53 69 20 30 81 33 62 80 65 80 22 80 65 21 27 57 16 57 51 62 69 34 9 20 0 33
run=15 seed=14 k=82 f=0
79 78 69 54 21 21 75 34 42 70 39 3 74 72 42 61 25 52 32 69 28 19 49 68 26 6 76 10 5 5 40 44 4 27 12 11 63 72 59 35 47 0 11 6 4 51 44 32 44 70 23 36 16 72 43 0 51 25 81 74 33 50 68 62 79 51 64 41 55 41 0 18 57 13 81 63 59 31 15 58
run=16 seed=15 k=82 f=0
0 26 69 11 76 57 34 24 65 50 31 54 68 56 14 46 41 10 65 65 73 9 57 60 72 22 36 39 12 45 31 37 48 39 48 61 65 1 69 28 79 18 81 46 55 20 30 38 34 69 18 75 5 30 65 75 7 75 0 4 78 30 20 29 13 10 6 14 57 2 47 10 15 41 55 81 22 26 48 79
run=17 seed=16 k=82 f=0
16 67 56 1 33 57 55 23 75 44 81 81 7 21 38 24 46 16 7 9 17 58 3 23 54 24 11 78 41 67 65 73 66 49 16 30 25 72 1 0 81 37 7 1 15 47 35 43 62 38 52 73 71 63 63 13 81 57 29 40 11 1 27 31 38 67 65 74 46 42 0 8 53 76 79 3 25 32 54 15
run=18 seed=17 k=82 f=0
39 9 39 75 71 49 17 55 15 65 4 33 44 6 56 47 48 69 54 76 29 81 81 37 36 26 2 72 65 16 35 67 30 80 62 21 47 2 44 1 57 9 11 20 15 10 66 65 71 40 44 77 81 79 60 75 31 67 50 0 1 26 1 33 25 28 53 74 41 51 54 58 62 76 17 19 8 25 61 63
run=19 seed=18 k=82 f=0
66 81 61 54 2 18 79 58 50 33 77 35 0 4 40 75 78 66 48 2 50 39 57 78 59 24 63 23 73 8 51 7 17 44 78 20 8 77 68 78 18 31 0 31 25 27 20 74 14 48 40 58 1 17 53 38 39 58 69 15 71 2 24 11 6 2 28 41 23 27 30 48 61 70 38 63 10 47 12 34
run=20 seed=19 k=82 f=0
27 55 54 42 17 30 32 45 1 2 0 22 81 25 44 0 80 19 57 22 71 10 21 69 76 11 33 68 11 24 69 39 9 60 81 78 14 9 67 55 16 5 39 80 47 74 71 68 4 43 56 75 60 32 0 52 45 35 61 61 68 31 43 73 76 15 20 15 49 8 26 43 34 63 52 68 38 0 34 56
