run=1 seed=0 k=91 f=0
37 77 48 82 1 39 38 18 1 70 2 9 10 4 90 14 82 30 57 37 59 87 45 16 28 72 8 55 43 35 51 5 66 61 31 32 61 70 9 46 27 65 79 14 69 31 83 65 54 15 66 89 37 85 52 28 11 21 50 0 24 41 88 89 88 82 27 53 24 0 46 86 65 80 3 44 74 49 72 41
run=2 seed=1 k=91 f=0
37 77 48 82 1 39 38 18 1 70 2 9 10 4 90 14 82 30 57 37 59 87 45 16 28 72 8 55 43 35 51 5 66 61 31 32 61 70 9 46 27 65 79 14 69 31 83 65 54 15 66 89 37 85 52 28 11 21 50 0 24 41 88 89 88 82 27 53 24 0 46 86 65 80 3 44 74 49 72 41
run=3 seed=2 k=91 f=0
26 53 19 38 7 65 90 42 33 65 63 0 40 67 12 63 59 35 54 88 12 24 25 53 90 3 25 45 31 9 39 75 62 0 87 33 88 49 75 52 78 19 9 58 40 17 0 8 10 80 46 57 24 34 23 84 45 33 39 8 42 48 76 72 16 18 10 28 1 85 88 79 68 4 16 60 73 69 30 28
run=4 seed=3 k=91 f=0
11 25 70 46 60 63 57 56 43 72 43 4 29 37 74 67 90 59 84 23 4 14 7 13 19 22 56 21 7 72 67 39 40 27 44 88 45 10 37 66 83 78 70 38 54 18 52 53 12 81 27 70 72 17 86 2 2 54 61 9 64 29 12 0 19 81 90 79 31 36 52 83 34 88 44 69 14 3 85 80
run=5 seed=4 k=91 f=0
75 36 62 1 21 1 24 53 60 65 40 84 69 22 88 59 32 18 9 62 52 27 20 11 30 87 33 15 72 64 57 43 28 82 31 69 46 73 66 0 45 69 47 52 1 8 9 25 25 0 90 55 76 86 27 90 50 60 3 19 44 50 12 39 5 44 47 41 80 76 11 35 55 79 65 14 83 52 90 44
run=6 seed=5 k=91 f=0
71 76 75 16 70 40 37 65 72 85 35 85 20 27 89 82 90 37 21 45 52 1 46 42 33 1 74 0 81 84 47 31 32 6 54 12 46 20 27 14 11 63 71 85 90 77 22 0 32 63 1 8 72 39 51 13 3 63 18 17 21 61 48 28 81 59 68 47 89 58 45 27 54 5 81 83 29 26 7 67
run=7 seed=6 k=91 f=0
70 14 63 69 43 35 67 27 8 30 37 28 25 40 34 34 12 70 60 62 46 66 40 7 42 82 88 48 54 45 3 4 89 77 71 53 9 59 90 18 28 13 9 89 87 75 23 53 47 38 78 90 21 82 19 0 28 43 25 0 89 77 87 45 69 67 15 66 90 15 0 83 61 0 29 53 16 54 74 79
run=8 seed=7 k=91 f=0
12 27 33 64 44 4 65 45 39 56 87 38 70 20 32 71 30 82 1 31 45 81 10 0 7 66 33 81 8 74 77 53 87 35 24 18 74 52 78 23 44 38 61 90 23 63 10 82 80 1 85 53 56 11 25 67 65 54 17 43 48 31 62 43 10 19 26 84 61 54 74 2 89 7 10 80 74 20 6 44
run=9 seed=8 k=91 f=0
41 23 30 32 90 13 67 72 35 4 57 56 47 15 59 0 39 10 20 40 74 64 53 11 34 64 20 85 62 70 75 31 35 89 28 90 66 47 81 10 56 50 29 41 70 80 74 80 47 3 89 47 85 41 58 1 59 90 83 11 32 51 19 73 19 62 82 78 9 49 52 25 77 2 19 71 70 40 1 78
run=10 seed=9 k=91 f=0
86 81 10 72 15 34 89 61 75 73 41 90 54 36 43 69 1 30 39 28 15 60 14 15 23 86 23 60 51 0 59 46 22 79 81 29 68 88 1 15 8 54 70 53 82 3 31 1 19 55 84 29 77 7 44 12 32 31 66 3 46 35 55 21 49 21 0 14 87 54 7 49 37 81 64 22 62 63 76 76
run=11 seed=10 k=91 f=0
59 65 81 25 2 9 33 16 33 5 74 30 89 89 11 53 67 14 16 31 38 3 59 7 21 49 71 77 38 38 11 23 36 78 51 12 17 69 44 50 61 86 37 52 79 0 58 83 6 75 50 14 40 72 60 24 30 68 10 69 57 35 55 2 55 0 78 44 48 85 85 86 21 24 31 64 43 17 59 54
run=12 seed=11 k=91 f=0
54 65 85 40 44 4 16 23 56 73 68 90 49 39 10 72 67 9 25 83 12 37 53 14 39 29 27 85 71 53 22 0 61 87 79 22 3 63 37 21 60 49 50 26 88 43 5 90 52 84 89 60 0 16 72 81 64 78 26 48 74 80 31 18 0 16 77 58 59 78 57 67 14 32 38 88 38 3 5 90
run=13 seed=12 k=91 f=0
83 21 40 76 76 17 2 59 9 28 90 62 66 67 56 0 81 63 44 79 61 50 72 87 10 46 55 0 15 45 23 33 43 23 10 79 24 43 7 33 36 17 34 74 18 49 11 63 9 56 9 58 90 86 85 1 67 75 70 86 29 56 27 3 50 88 44 75 5 64 71 41 38 14 15 53 33 27 45 2
run=14 seed=13 k=91 f=0
88 20 21 23 75 80 67 29 24 13 68 46 63 65 49 34 81 35 90 51 75 42 43 70 25 53 32 30 9 41 17 83 23 60 16 59 54 51 74 40 89 63 23 29 48 75 89 1 1 89 52 24 64 5 70 11 54 5 90 5 28 73 51 15 4 67 40 58 27 3 6 67 72 84 44 44 42 16 1 79
run=15 seed=14 k=91 f=0
57 7 48 81 0 0 3 7 31 68 44 41 75 15 44 65 53 20 50 55 87 47 21 9 87 3 41 37 84 22 65 13 84 51 57 18 8 82 89 18 57 4 38 70 20 50 89 55 24 61 74 39 87 40 29 23 73 32 22 30 79 76 6 11 75 64 66 8 33 50 69 82 33 68 44 90 78 0 79 63
run=16 seed=15 k=91 f=0
76 81 62 39 85 65 66 23 72 2 49 25 0 45 12 73 56 13 36 77 4 15 67 17 79 21 50 25 83 84 67 56 90 90 43 36 83 49 60 34 33 23 40 72 27 42 87 15 75 87 0 25 8 67 4 82 7 55 63 90 0 61 56 80 73 0 37 10 87 60 70 15 46 64 30 51 32 27 38 72
run=17 seed=16 k=91 f=0
76 18 60 66 44 26 68 90 77 20 60 55 63 45 2 89 1 68 58 33 1 64 84 15 34 81 6 58 73 49 87 39 52 44 65 8 6 83 20 35 20 80 14 9 71 44 29 0 70 48 57 38 39 13 53 66 3 22 70 43 90 81 62 33 7 17 54 9 50 75 75 63 28 87 21 25 37 32 17 41
run=18 seed=17 k=91 f=0
28 1 79 86 1 61 33 90 49 64 56 79 59 85 89 77 58 33 58 44 25 61 51 6 84 5 60 40 57 27 36 49 0 25 90 33 71 40 66 8 20 71 53 7 15 48 17 26 40 17 0 79 28 42 0 75 80 18 85 38 49 23 87 71 15 13 67 1 7 40 82 58 67 35 90 15 84 74 32 47
run=19 seed=18 k=91 f=0
53 3 85 59 1 88 0 48 33 43 44 81 27 61 89 65 29 81 12 61 81 51 40 38 77 6 75 81 72 18 37 41 60 40 33 24 0 73 31 19 25 7 0 31 85 33 21 69 73 88 88 22 55 90 62 25 77 46 32 7 13 36 62 50 19 54 30 19 15 3 68 66 44 9 20 55 5 50 74 78
run=20 seed=19 k=91 f=0
73 53 65 40 59 20 62 73 28 13 78 21 28 57 50 10 84 77 0 14 23 33 68 0 37 25 11 89 1 21 42 81 37 89 74 76 54 2 8 7 79 49 55 41 69 45 46 88 34 60 32 51 69 29 68 35 17 16 88 61 1 48 15 15 46 53 77 28 3 49 39 83 11 66 47 40 6 88 64 71
