run=1 seed=0 k=96 f=0
80 70 9 56 40 31 10 55 9 13 26 64 11 91 95 79 60 67 5 88 19 8 39 45 71 25 14 67 19 31 41 35 20 18 77 87 49 88 67 58 0 95 3 23 56 73 62 50 11 44 77 70 92 68 48 81 14 2 52 1 32 93 92 37 43 41 94 33 1 65 54 39 0 85 83 45 74 92 75 74
run=2 seed=1 k=96 f=0
80 70 9 56 40 31 10 55 9 13 26 64 11 91 95 79 60 67 5 88 19 8 39 45 71 25 14 67 19 31 41 35 20 18 77 87 49 88 67 58 0 95 3 23 56 73 62 50 11 44 77 70 92 68 48 81 14 2 52 1 32 93 92 37 43 41 94 33 1 65 54 39 0 85 83 45 74 92 75 74
run=3 seed=2 k=96 f=0
90 31 68 47 75 0 0 40 32 59 22 3 45 5 32 9 91 21 62 35 69 59 89 1 0 0 16 14 24 38 39 18 22 70 83 88 63 33 57 77 77 47 48 40 52 95 60 91 24 67 68 85 49 38 87 81 5 8 92 71 39 42 15 8 13 62 37 32 79 94 77 19 14 52 57 66 74 61 8 12
run=4 seed=3 k=96 f=0
90 20 24 72 81 9 72 16 1 16 10 36 33 43 58 9 73 17 32 1 67 54 94 90 49 50 81 41 52 4 94 46 68 1 11 1 54 42 53 2 11 92 88 79 40 19 52 45 90 10 23 37 64 21 32 73 60 77 26 92 43 25 31 59 79 21 61 2 77 47 95 70 28 47 82 51 66 62 35 25
run=5 seed=4 k=96 f=0
32 37 34 76 47 25 37 91 68 89 32 18 58 44 43 78 22 13 9 53 5 92 0 52 69 94 66 17 0 4 78 58 94 6 91 65 10 77 71 78 13 15 63 71 20 70 22 10 83 31 93 29 55 31 86 45 81 1 85 30 8 44 52 38 57 36 63 95 43 37 49 57 73 37 0 66 61 22 76 86
run=6 seed=5 k=96 f=0
91 8 42 17 44 17 10 57 49 13 66 70 42 30 58 68 10 90 4 14 45 18 15 8 57 41 79 25 20 61 66 94 76 12 87 32 62 39 82 6 53 61 29 57 29 86 93 93 49 1 93 63 19 13 49 7 25 35 79 38 82 77 28 63 22 84 88 21 36 42 55 44 95 15 73 50 70 70 1 23
run=7 seed=6 k=96 f=0
93 4 27 17 28 86 22 3 10 82 47 43 69 67 34 94 0 12 87 82 63 36 76 30 3 83 48 25 85 63 55 72 56 80 36 86 72 26 14 63 77 24 58 4 45 83 75 46 9 66 6 40 20 51 70 34 60 2 1 65 95 56 1 90 39 66 63 76 13 39 49 15 31 23 38 77 17 87 91 95
run=8 seed=7 k=96 f=0
60 86 54 79 61 36 26 20 43 25 83 73 67 6 36 43 82 62 50 0 60 27 60 95 84 70 1 17 81 14 45 80 11 9 38 95 3 0 49 52 25 88 29 43 74 80 84 5 41 6 61 65 15 25 75 55 69 89 72 58 56 21 93 50 94 67 42 1 15 31 21 35 32 19 91 9 16 46 46 56
run=9 seed=8 k=96 f=0
88 15 66 29 87 34 94 53 57 33 43 21 4 71 63 38 13 24 58 31 81 46 9 94 52 64 86 41 55 51 28 66 26 17 40 3 1 43 25 52 44 93 60 49 23 78 7 76 95 40 1 38 55 10 91 11 50 11 21 94 29 70 25 2 74 0 13 7 0 38 70 62 86 36 79 78 19 70 58 15
run=10 seed=9 k=96 f=0
93 50 37 55 47 29 44 38 74 68 84 34 34 49 67 69 17 33 94 25 59 3 43 21 39 74 84 22 22 95 64 32 87 46 55 77 2 60 72 41 39 65 79 73 82 81 24 3 26 41 2 70 87 10 6 94 85 58 45 18 95 61 18 24 18 83 94 1 15 71 65 51 8 9 55 38 54 45 94 79
run=11 seed=10 k=96 f=0
79 88 38 31 66 41 35 87 11 35 23 53 0 45 64 13 0 22 23 80 0 49 43 93 92 48 3 91 88 54 29 71 15 80 50 19 70 31 47 22 64 17 13 73 45 85 16 58 12 39 74 0 95 85 53 1 33 33 92 31 27 58 65 90 62 93 68 6 61 45 6 0 77 48 63 5 82 20 41 74
run=12 seed=11 k=96 f=0
95 86 2 59 75 7 11 76 41 46 34 3 38 14 17 45 49 82 11 18 27 14 85 85 23 59 4 2 34 32 26 79 90 90 4 67 54 45 64 64 64 86 28 38 3 27 48 93 33 23 79 61 13 56 54 85 95 73 48 58 75 34 77 70 13 26 78 72 62 46 40 87 94 45 5 32 17 21 4 50
run=13 seed=12 k=96 f=0
52 50 24 2 91 64 5 45 1 24 58 93 37 43 88 40 13 67 47 28 94 32 60 82 1 33 59 2 90 34 27 21 21 75 10 15 70 28 3 61 8 86 37 45 75 29 53 35 0 43 68 62 81 58 17 55 1 44 78 66 25 10 13 51 89 87 84 86 5 22 7 79 63 13 92 66 74 50 42 7
run=14 seed=13 k=96 f=0
18 2 38 79 28 0 80 76 63 61 43 43 22 57 83 91 21 64 80 12 59 73 1 61 33 88 21 30 93 1 3 22 66 35 15 17 91 20 6 4 85 52 48 9 10 35 1 24 66 10 42 17 51 64 94 85 36 55 83 48 33 65 37 74 62 55 27 85 31 33 82 72 95 77 42 2 45 51 68 91
run=15 seed=14 k=96 f=0
91 46 21 90 1 44 23 79 87 10 18 64 0 78 68 6 92 68 48 5 80 14 27 6 76 42 64 52 59 43 48 22 58 39 80 89 27 26 65 83 18 94 51 77 66 38 3 30 53 22 35 9 10 71 15 57 29 47 42 32 2 58 22 59 92 7 52 93 51 25 31 0 73 13 82 11 91 53 73 20
run=16 seed=15 k=96 f=0
8 6 35 71 40 81 82 48 14 16 43 16 43 44 34 33 77 67 68 1 87 46 21 63 95 47 40 81 88 15 5 13 58 38 84 69 47 74 9 74 55 94 2 43 23 23 88 6 40 29 29 55 62 54 56 21 21 0 27 64 54 75 49 10 90 34 26 50 73 50 21 32 94 89 87 46 63 80 63 9
run=17 seed=16 k=96 f=0
60 93 42 86 3 95 55 4 15 48 10 41 47 15 85 85 95 69 93 55 47 2 69 38 54 29 28 40 83 14 4 16 1 77 43 26 77 52 67 26 68 31 37 83 72 18 59 45 50 86 53 1 9 53 24 31 68 35 88 64 74 12 80 1 45 61 30 26 64 3 17 5 65 92 57 22 5 78 78 55
run=18 seed=17 k=96 f=0
64 10 51 35 31 47 49 39 34 85 25 93 83 72 93 74 48 93 90 36 50 31 69 66 67 37 52 46 55 80 19 63 52 12 52 42 34 86 78 21 93 84 21 80 3 12 26 56 61 84 6 79 25 43 2 64 69 76 17 24 0 58 73 30 51 93 69 34 3 19 55 4 75 41 68 10 10 0 73 14
run=19 seed=18 k=96 f=0
42 19 79 75 4 78 18 40 68 93 34 13 79 11 10 87 7 39 79 16 28 55 59 4 24 80 91 29 30 64 66 64 93 4 52 3 50 60 11 0 57 45 27 51 10 37 2 1 24 46 20 60 71 24 72 95 14 67 93 37 32 47 58 15 21 15 38 71 75 49 91 59 62 86 55 84 34 26 6 70
run=20 seed=19 k=96 f=0
89 56 88 10 77 83 41 33 92 52 1 64 65 30 82 95 70 21 66 28 47 20 47 33 82 86 2 74 73 94 95 73 9 11 54 6 2 62 47 35 18 16 40 46 14 26 13 41 12 44 81 59 34 0 77 18 35 47 92 25 94 42 63 1 90 53 82 61 83 49 28 17 78 57 53 44 4 71 54 16
