run=1 seed=0 k=75 f=0
60 58 0 45 32 16 61 42 24 46 74 52 64 42 32 49 73 38 20 3 11 71 42 72 32 55 62 13 67 23 29 27 3 0 44 38 25 31 61 73 51 54 50 44 59 38 23 74 32 45 6 1 0 5 10 66 62 47 46 15 8 0 40 62 20 3 46 72 35 32 25 6 66 56 17 14 36 14 64 50
run=2 seed=1 k=75 f=0
60 58 0 45 32 16 61 42 24 46 74 52 64 42 32 49 73 38 20 3 11 71 42 72 32 55 62 13 67 23 29 27 3 0 44 38 25 31 61 73 51 54 50 44 59 38 23 74 32 45 6 1 0 5 10 66 62 47 46 15 8 0 40 62 20 3 46 72 35 32 25 6 66 56 17 14 36 14 64 50
run=3 seed=2 k=75 f=0
15 21 26 50 3 49 39 74 70 27 41 51 10 10 60 60 0 64 74 10 2 47 44 71 67 18 15 5 21 60 61 36 39 32 57 69 0 23 59 31 32 17 3 16 52 65 6 30 7 27 1 56 45 66 55 38 27 74 72 4 59 13 18 40 16 6 67 35 54 40 12 43 36 20 73 45 62 26 62 54
run=4 seed=3 k=75 f=0
14 1 18 14 0 59 72 1 35 64 27 34 18 23 52 56 31 0 40 47 38 11 13 33 25 17 60 36 43 2 4 30 61 33 52 69 48 74 40 71 38 22 11 37 48 27 6 71 63 7 73 12 74 9 22 50 66 1 5 5 43 16 46 66 63 27 58 35 61 23 58 58 24 10 50 35 1 46 15 74
run=5 seed=4 k=75 f=0
1 60 49 26 13 37 0 67 53 35 44 51 63 7 28 39 54 63 22 74 50 29 18 53 48 74 2 49 45 35 38 0 6 56 49 69 12 46 8 72 61 56 0 5 59 57 67 13 32 45 72 14 0 67 31 22 36 21 21 5 17 74 6 12 17 62 22 14 9 44 37 64 8 40 24 27 73 13 34 71
run=6 seed=5 k=75 f=0
54 65 74 38 40 54 57 34 46 31 51 0 60 48 42 72 61 51 2 21 11 55 54 26 6 39 58 74 2 9 10 27 31 74 24 34 38 21 10 13 31 62 43 15 35 47 6 37 54 24 18 15 72 50 65 3 13 22 2 61 46 23 16 31 58 72 44 48 39 0 16 69 8 5 1 74 28 73 69 16
run=7 seed=6 k=75 f=0
18 7 37 63 8 35 2 12 52 28 35 13 34 68 67 41 0 64 18 19 51 68 40 72 9 10 45 74 41 54 55 0 50 74 66 28 0 27 66 57 35 27 52 58 72 28 9 73 61 71 11 22 22 56 5 20 36 41 74 33 39 53 24 44 46 64 54 62 61 28 16 66 49 7 32 47 45 17 6 0
run=8 seed=7 k=75 f=0
27 22 74 46 51 18 11 5 0 62 38 3 23 51 1 12 28 21 22 49 74 42 63 29 40 7 57 15 72 5 63 56 70 62 60 32 20 72 28 42 22 67 44 30 31 61 0 8 55 73 38 26 46 1 12 49 15 51 30 67 64 49 54 53 55 37 36 18 7 73 0 74 14 10 38 36 61 16 20 41
run=9 seed=8 k=75 f=0
12 0 10 74 36 44 7 71 27 63 22 7 57 49 22 44 4 72 15 47 30 56 72 0 22 44 58 37 27 33 38 7 7 19 26 18 43 60 9 0 21 66 39 24 60 17 59 66 74 65 67 66 56 0 0 14 74 64 14 74 26 34 73 31 33 3 52 1 39 44 50 53 37 28 13 55 52 13 2 49
run=10 seed=9 k=75 f=0
37 56 45 9 5 63 7 28 17 20 32 63 23 64 74 67 60 51 46 60 26 9 31 0 42 26 38 51 49 47 15 0 9 58 16 46 4 71 4 29 54 53 36 29 19 16 16 3 10 74 27 19 1 61 21 53 31 57 15 51 33 28 48 6 42 40 73 10 41 20 66 73 19 43 42 69 12 70 74 61
run=11 seed=10 k=75 f=0
7 54 4 55 47 2 50 47 73 32 23 0 3 48 44 31 42 12 71 60 73 19 55 29 53 74 37 71 20 66 57 7 23 19 35 45 14 57 65 62 0 51 31 23 42 53 31 13 67 26 9 63 17 59 69 36 18 33 0 11 35 66 59 49 8 52 74 23 40 45 62 41 8 73 1 27 65 17 14 51
run=12 seed=11 k=75 f=0
46 44 72 23 3 52 31 61 14 73 50 74 73 59 39 20 0 57 13 0 27 64 67 46 5 71 4 23 1 60 17 35 0 26 22 2 18 12 34 55 51 7 3 38 70 66 18 0 60 9 70 22 40 57 66 72 67 9 16 59 52 48 56 45 43 28 54 26 71 12 17 32 25 25 32 45 60 31 59 54
run=13 seed=12 k=75 f=0
74 13 24 72 73 31 26 64 22 39 30 58 7 74 43 4 11 69 44 58 37 22 30 64 63 54 44 16 13 0 39 65 54 26 7 51 11 15 2 32 58 0 58 2 29 48 59 59 36 44 26 53 64 56 49 8 18 21 72 72 28 17 38 34 44 69 36 49 48 15 3 2 73 70 20 40 41 36 15 26
run=14 seed=13 k=75 f=0
10 13 23 16 64 16 32 45 29 26 64 4 37 4 22 28 10 68 10 46 5 73 7 72 15 57 0 51 68 62 39 60 0 61 2 41 17 35 70 43 27 69 23 74 69 57 4 54 35 19 47 56 74 53 52 7 42 29 17 36 49 52 73 43 12 63 45 61 34 39 30 72 64 66 1 26 0 53 55 9
run=15 seed=14 k=75 f=0
58 7 51 72 8 41 32 0 69 31 68 30 15 0 73 0 20 57 55 55 48 59 9 33 21 33 25 43 38 3 65 73 28 64 47 17 19 7 34 8 53 25 49 25 30 0 63 3 61 42 14 60 11 17 16 55 67 37 13 11 69 68 37 74 23 31 22 42 33 58 27 48 52 67 1 1 11 44 41 53
run=16 seed=15 k=75 f=0
63 44 72 5 1 15 49 1 36 28 58 67 13 0 39 65 29 7 74 24 72 6 18 36 58 15 73 6 10 18 65 38 70 20 60 31 55 35 11 23 42 31 68 27 30 33 32 62 5 38 27 39 51 45 56 73 9 46 13 21 22 48 0 46 43 52 59 0 50 47 0 14 59 0 74 19 3 62 0 27
run=17 seed=16 k=75 f=0
69 55 42 22 9 23 45 47 33 6 69 18 73 9 63 62 67 4 51 43 19 35 6 6 56 58 74 52 26 31 46 73 35 62 20 0 2 11 19 24 1 13 53 58 27 57 64 66 50 25 39 58 37 0 72 0 59 46 52 46 74 12 16 32 29 41 1 71 28 51 43 32 9 14 16 38 50 66 6 43
run=18 seed=17 k=75 f=0
40 74 14 31 31 61 70 22 50 71 71 13 35 51 16 49 72 42 41 48 56 9 3 23 58 7 55 25 36 3 1 67 61 49 16 20 32 11 3 51 66 36 68 26 73 0 50 42 55 64 15 10 25 60 33 73 6 72 2 29 47 4 22 57 40 16 0 14 27 74 0 63 36 9 16 73 7 43 16 52
run=19 seed=18 k=75 f=0
73 18 29 22 1 61 74 3 47 57 25 1 47 24 26 56 20 64 26 0 74 29 56 34 50 52 64 0 39 6 59 6 61 41 41 48 43 27 18 34 48 14 56 48 42 53 11 34 13 38 14 6 29 50 14 72 67 7 63 34 69 70 2 74 48 9 50 11 36 43 8 23 60 18 0 30 22 74 54 13
run=20 seed=19 k=75 f=0
74 28 3 52 37 15 34 26 65 64 22 44 53 51 18 21 74 45 49 13 47 57 5 72 10 15 9 46 5 36 35 5 0 38 57 12 56 53 1 38 43 41 7 60 31 30 37 7 6 60 27 26 24 14 21 33 69 11 74 1 51 70 56 30 66 45 70 42 65 20 68 19 36 65 0 28 70 59 33 24
