run=1 seed=0 k=88 f=0
39 52 45 35 41 79 66 28 41 51 74 20 19 3 51 86 17 10 52 0 20 8 71 10 70 49 22 79 47 55 65 77 32 58 29 31 73 0 47 10 75 46 35 23 0 44 70 53 4 69 85 38 36 68 85 17 6 0 60 25 81 37 4 76 12 67 54 57 34 1 43 87 60 81 27 17 34 68 83 86
run=2 seed=1 k=88 f=0
39 52 45 35 41 79 66 28 41 51 74 20 19 3 51 86 17 10 52 0 20 8 71 10 70 49 22 79 47 55 65 77 32 58 29 31 73 0 47 10 75 46 35 23 0 44 70 53 4 69 85 38 36 68 85 17 6 0 60 25 81 37 4 76 12 67 54 57 34 1 43 87 60 81 27 17 34 68 83 86
run=3 seed=2 k=88 f=0
80 68 28 71 45 26 72 20 1 27 86 84 85 53 49 33 46 21 26 66 76 41 25 40 71 87 26 14 32 1 70 18 30 10 34 52 68 47 3 40 13 10 72 82 60 19 39 18 74 3 84 85 57 86 56 38 54 59 28 22 26 10 87 33 78 64 8 86 2 18 81 48 14 5 65 71 6 53 49 11
run=4 seed=3 k=88 f=0
28 43 16 64 25 63 24 3 81 79 10 60 65 11 34 86 48 87 57 71 35 64 86 39 49 75 29 57 86 14 38 15 80 39 33 53 5 70 55 14 59 44 79 50 72 74 33 17 82 2 79 5 66 77 12 25 64 45 58 0 32 9 71 27 46 8 45 34 24 51 19 38 11 24 58 85 42 3 0 56
run=5 seed=4 k=88 f=0
62 73 42 46 55 1 65 67 27 17 32 66 47 28 75 30 78 29 21 77 56 82 56 31 69 8 87 2 0 56 54 11 24 48 35 36 32 87 55 41 5 48 37 54 4 83 62 42 24 43 69 17 60 63 61 16 78 55 40 58 52 49 66 71 9 79 79 82 68 22 1 76 87 10 17 87 69 78 20 6
run=6 seed=5 k=88 f=0
55 7 34 23 60 75 29 33 67 5 58 48 36 86 74 46 27 4 82 22 76 26 15 69 11 52 15 81 67 47 42 55 45 70 39 17 28 47 0 19 6 30 61 54 19 60 77 39 1 65 61 39 74 0 20 87 17 10 43 37 34 0 4 79 80 13 8 53 67 34 42 67 87 87 13 50 0 81 8 58
run=7 seed=6 k=88 f=0
71 71 64 22 20 66 46 76 58 42 47 43 29 85 77 48 59 70 36 72 31 14 44 1 5 50 12 3 5 65 38 79 64 7 52 85 8 26 40 23 46 0 55 50 86 36 27 30 66 77 78 72 30 11 84 19 62 87 23 28 1 64 38 43 14 2 15 14 55 55 36 58 22 53 13 44 80 40 84 18
run=8 seed=7 k=88 f=0
37 51 34 15 45 27 9 9 52 57 15 1 59 86 81 80 45 8 9 32 72 27 44 24 73 33 49 68 25 82 5 57 19 0 78 8 26 57 65 12 40 4 48 20 40 71 12 60 56 15 69 57 87 25 81 87 37 52 41 63 64 21 37 71 22 3 18 49 85 59 39 45 78 33 24 17 74 5 62 43
run=9 seed=8 k=88 f=0
72 13 82 77 79 61 78 53 9 33 87 7 36 53 87 22 77 54 34 37 4 43 41 3 45 2 22 9 87 67 17 53 60 46 61 59 65 84 66 51 32 29 7 13 7 0 71 28 20 40 41 70 49 87 20 0 42 25 77 80 85 70 87 33 32 39 37 58 66 12 71 15 29 76 63 14 50 47 21 81
run=10 seed=9 k=88 f=0
3 86 45 67 80 32 39 46 58 12 56 61 8 1 64 63 65 9 30 43 5 53 75 29 79 82 76 87 16 13 48 72 47 61 15 34 42 75 82 76 37 25 39 81 2 20 52 67 4 73 87 62 55 42 0 22 60 32 17 26 45 16 74 50 10 6 78 37 80 47 21 51 13 84 29 50 14 0 33 71
run=11 seed=10 k=88 f=0
55 16 32 67 42 45 67 63 67 43 55 41 27 61 61 47 65 19 5 44 0 87 35 53 82 44 40 22 46 86 29 31 87 36 76 67 16 55 73 80 11 64 27 67 13 69 50 5 86 33 22 24 24 85 0 81 55 5 24 72 3 58 25 83 6 14 4 27 79 77 75 32 53 46 10 17 22 1 9 18
run=12 seed=11 k=88 f=0
55 58 40 6 75 0 81 31 73 39 46 84 30 70 49 17 66 20 86 34 82 41 61 44 31 87 60 13 7 69 28 50 39 83 44 68 33 11 19 72 16 71 70 87 3 5 0 45 25 12 36 61 54 28 37 62 0 63 24 46 35 77 85 59 57 17 14 66 6 81 2 18 76 80 45 55 27 24 60 2
run=13 seed=12 k=88 f=0
47 39 74 78 67 54 77 41 65 72 35 11 75 62 32 45 45 70 79 52 84 57 12 18 38 8 67 18 17 37 84 2 87 30 6 67 1 10 84 25 24 30 49 43 16 61 85 80 29 77 48 6 17 54 1 72 40 40 63 86 87 26 13 57 19 5 36 66 72 8 23 79 52 52 36 18 26 0 10 60
run=14 seed=13 k=88 f=0
74 61 80 23 74 87 16 27 57 27 14 11 54 30 38 67 53 19 40 34 43 7 81 82 57 43 5 62 11 33 73 82 7 65 85 51 19 12 46 0 16 61 56 70 3 86 25 32 35 26 66 41 65 10 35 78 52 47 75 76 80 31 13 4 1 19 83 21 23 46 72 40 0 28 87 2 45 72 50 64
run=15 seed=14 k=88 f=0
46 36 0 13 73 81 11 56 32 66 42 29 22 86 12 79 71 63 19 78 4 70 3 52 87 33 2 28 51 43 40 30 57 87 40 62 3 39 9 35 18 51 75 32 50 63 51 22 43 12 59 25 57 9 16 68 60 87 14 0 83 10 6 25 23 47 68 23 86 77 48 80 21 75 2 24 60 29 65 71
run=16 seed=15 k=88 f=0
5 17 69 39 11 87 82 16 64 19 11 64 0 20 87 49 14 51 20 87 0 40 21 17 12 81 86 49 56 76 36 78 74 32 44 87 44 42 83 35 7 6 76 16 2 14 32 72 0 29 65 30 41 86 0 8 61 54 54 24 56 58 30 22 62 50 2 82 65 29 7 76 72 81 65 25 28 50 30 25
run=17 seed=16 k=88 f=0
46 77 81 12 43 23 31 79 87 56 83 42 23 7 1 39 27 61 53 69 61 26 80 4 30 69 60 72 75 49 84 87 57 53 31 12 77 1 42 15 17 0 30 11 76 7 45 33 87 19 36 57 0 71 87 67 80 35 51 21 55 1 40 38 17 46 13 66 8 81 45 62 34 67 8 17 74 73 38 39
run=18 seed=17 k=88 f=0
57 29 87 35 27 67 81 79 9 31 84 61 35 72 71 57 8 15 74 23 2 67 10 20 3 69 2 86 7 83 60 41 80 60 52 75 47 34 6 21 28 63 24 0 47 13 42 31 34 0 14 31 80 19 74 86 87 4 54 25 54 83 42 49 41 53 61 66 11 68 87 70 19 65 40 35 18 59 73 47
run=19 seed=18 k=88 f=0
5 87 55 9 20 47 55 72 14 24 2 29 10 34 50 39 57 50 29 31 58 23 35 59 48 0 70 61 76 80 8 69 79 59 4 3 68 39 51 86 17 87 28 78 56 42 42 33 48 38 52 20 83 62 14 7 48 19 45 18 12 73 26 68 21 85 70 87 11 33 77 53 64 33 22 37 65 2 77 29
run=20 seed=19 k=88 f=0
1 71 64 10 47 39 41 1 68 12 87 80 65 14 47 1 1 21 74 68 15 84 23 1 65 74 42 74 73 72 49 61 6 69 5 22 42 46 55 87 59 32 78 1 38 52 77 84 36 44 25 51 86 24 87 18 67 31 4 52 54 17 47 59 10 29 2 29 51 34 30 60 63 19 11 81 57 83 22 39
