run=1 seed=0 k=78 f=0
13 67 63 21 33 67 64 41 50 41 2 60 22 66 39 43 27 34 21 76 59 6 3 3 32 42 76 60 25 43 1 29 66 48 5 34 49 77 61 76 14 68 5 53 56 32 44 26 20 51 53 76 8 77 23 0 50 6 46 76 77 15 62 59 32 17 4 0 37 65 14 25 0 56 70 15 9 28 20 14
run=2 seed=1 k=78 f=0
13 67 63 21 33 67 64 41 50 41 2 60 22 66 39 43 27 34 21 76 59 6 3 3 32 42 76 60 25 43 1 29 66 48 5 34 49 77 61 76 14 68 5 53 56 32 44 26 20 51 53 76 8 77 23 0 50 6 46 76 77 15 62 59 32 17 4 0 37 65 14 25 0 56 70 15 9 28 20 14
run=3 seed=2 k=78 f=0
71 1 32 65 33 21 12 3 13 39 53 34 67 47 77 63 77 65 15 62 34 77 46 0 30 4 76 58 18 9 68 48 10 36 1 57 64 75 68 28 60 71 47 40 40 17 0 48 24 40 26 37 51 55 13 58 42 53 26 19 11 9 3 56 28 30 55 50 6 46 19 0 69 40 30 20 8 33 15 21
run=4 seed=3 k=78 f=0
26 75 17 77 45 0 18 37 76 58 12 3 13 23 48 16 8 25 31 70 43 63 4 0 42 34 9 35 46 46 76 52 69 77 1 10 53 7 50 62 54 20 43 31 5 38 39 40 27 18 65 31 64 67 59 14 77 77 31 24 56 68 25 69 19 56 60 51 4 23 0 14 41 22 49 38 64 31 59 54
run=5 seed=4 k=78 f=0
8 23 10 14 73 25 3 10 74 35 14 13 15 50 57 77 16 28 64 53 40 59 72 63 69 53 72 28 60 4 7 17 77 18 33 50 53 0 47 0 43 46 60 72 38 39 58 58 32 1 33 29 62 55 37 66 24 66 32 0 70 27 51 46 71 5 21 11 72 24 9 74 42 22 77 6 49 52 64 44
run=6 seed=5 k=78 f=0
77 65 54 42 44 40 62 15 33 55 19 55 67 66 24 4 60 77 12 67 74 49 33 77 16 28 61 13 38 19 2 57 58 58 21 31 18 8 0 3 11 0 24 17 77 29 9 55 73 10 52 73 37 69 33 63 33 50 37 43 20 26 22 67 51 72 16 61 28 6 43 66 0 41 51 77 1 33 7 46
run=7 seed=6 k=78 f=0
42 60 76 35 56 17 64 28 62 77 51 69 33 53 67 75 63 72 21 10 68 14 40 72 29 39 58 22 32 45 23 48 56 3 6 35 49 60 40 3 67 41 22 66 9 62 25 40 55 18 0 40 77 64 34 77 30 75 1 0 27 55 48 52 69 54 15 40 25 23 45 12 1 26 9 77 29 15 61 7
run=8 seed=7 k=78 f=0
53 53 71 52 35 55 44 4 0 43 77 24 31 24 20 20 12 58 11 18 70 28 36 25 7 69 7 75 73 74 39 46 48 50 72 10 69 65 13 8 31 39 34 12 62 0 36 29 35 1 64 17 49 0 74 19 52 60 8 39 76 77 75 42 25 46 0 30 58 41 20 16 62 40 28 25 4 16 32 57
run=9 seed=8 k=78 f=0
19 54 30 28 51 13 28 71 2 69 31 47 34 17 25 71 42 6 33 77 3 28 9 60 37 32 13 59 49 69 77 12 74 37 9 39 2 60 7 11 2 66 28 41 5 66 61 46 72 23 37 6 61 42 77 22 20 52 57 23 0 63 31 16 51 65 43 52 48 50 67 32 11 42 51 29 56 21 40 46
run=10 seed=9 k=78 f=0
2 8 49 7 33 67 36 6 53 30 16 26 28 9 43 28 22 29 46 67 53 20 1 15 75 53 36 11 25 55 64 61 68 20 55 34 73 55 40 57 0 11 72 1 4 49 18 27 3 14 45 16 77 69 45 77 19 18 45 66 68 13 42 7 63 15 52 57 75 25 60 40 46 9 38 0 36 73 28 2
run=11 seed=10 k=78 f=0
37 36 50 23 60 74 75 7 0 5 30 62 44 4 60 77 17 40 29 10 3 16 7 7 22 32 76 25 40 66 61 55 76 0 52 69 71 48 57 50 13 39 13 5 48 28 10 13 0 9 50 66 53 7 23 37 69 4 62 0 25 40 47 67 68 26 26 59 47 33 59 13 44 18 77 25 56 56 77 29
run=12 seed=11 k=78 f=0
33 62 33 5 57 9 50 49 65 49 27 13 68 56 23 18 67 14 25 18 33 0 1 60 65 28 28 74 19 17 2 8 14 24 12 72 42 61 40 61 39 49 70 52 36 77 18 21 35 44 68 73 58 68 0 30 38 52 41 55 6 45 5 37 13 43 12 6 57 75 52 1 21 6 77 0 77 46 70 38
run=13 seed=12 k=78 f=0
10 6 77 46 39 16 41 39 61 54 64 29 67 2 49 77 67 41 65 40 31 69 72 7 36 76 33 30 54 71 44 21 23 48 16 41 76 57 22 59 62 73 70 63 44 4 11 24 21 12 13 32 35 2 7 0 29 38 14 61 51 1 31 19 77 75 18 19 53 24 26 67 60 16 0 60 43 53 0 30
run=14 seed=13 k=78 f=0
72 48 21 49 11 47 74 63 11 23 36 10 76 64 65 7 4 66 76 45 73 25 43 8 57 24 20 54 35 33 15 54 36 73 20 0 2 26 54 44 40 0 0 55 35 25 37 66 64 76 0 53 52 44 41 18 60 15 64 18 17 69 25 11 8 32 27 0 13 60 59 32 40 57 33 32 77 68 21 27
run=15 seed=14 k=78 f=0
31 18 24 42 58 77 29 14 33 16 6 46 36 54 62 11 49 74 45 29 0 41 25 20 22 15 34 76 76 62 66 24 14 67 1 54 20 0 37 5 12 17 52 33 36 52 63 42 77 26 0 7 40 68 41 62 32 71 60 66 3 77 58 8 23 25 40 5 76 51 34 60 65 27 58 41 13 77 46 68
run=16 seed=15 k=78 f=0
26 51 47 28 74 0 0 36 7 60 67 30 56 32 33 23 7 14 62 25 16 70 15 69 3 54 36 51 70 60 63 43 1 59 30 9 7 21 48 17 1 10 77 7 11 62 22 75 21 36 21 25 45 54 44 53 0 42 59 47 61 56 30 29 6 15 50 36 77 47 0 72 75 77 68 20 41 14 38 24
run=17 seed=16 k=78 f=0
24 36 21 22 57 13 38 77 30 72 21 11 13 45 54 52 39 16 15 37 73 18 45 65 8 8 53 61 4 44 68 65 1 5 68 45 67 38 48 44 14 28 55 64 24 19 7 21 31 23 32 25 61 6 27 70 42 35 49 40 1 76 62 47 61 3 67 61 1 75 68 3 53 74 76 77 77 6 12 31
run=18 seed=17 k=78 f=0
39 0 53 47 63 44 52 51 23 77 44 71 43 50 69 76 5 69 39 58 66 11 51 32 33 27 72 10 31 14 65 49 16 12 46 24 47 25 19 2 58 72 2 8 23 22 74 75 12 77 0 1 43 1 37 67 14 56 20 53 34 6 61 48 77 0 15 43 33 24 61 63 52 77 18 27 58 64 7 7
run=19 seed=18 k=78 f=0
56 60 23 38 40 35 31 22 56 10 31 74 50 41 21 35 77 29 49 61 76 25 61 25 4 21 13 0 72 4 6 12 73 40 15 6 26 58 52 64 49 69 9 14 63 16 8 19 55 36 31 60 1 5 0 77 56 7 19 19 14 53 10 49 67 4 20 71 40 73 71 40 45 35 63 29 70 63 48 42
run=20 seed=19 k=78 f=0
6 14 52 40 25 33 23 77 2 57 43 68 67 18 37 63 44 30 1 64 5 23 29 48 40 54 32 50 2 77 37 47 0 11 9 57 44 1 37 75 7 55 58 40 32 61 7 74 0 8 63 77 25 40 49 24 69 29 74 77 36 8 15 72 68 53 64 17 35 14 65 22 76 17 17 18 64 23 27 58
