run=1 seed=0 k=61 f=0
40 56 52 41 40 43 16 37 1 0 31 35 50 25 16 0 9 20 60 1 19 47 60 57 30 32 49 26 59 22 39 28 35 13 32 7 21 28 20 9 15 51 54 34 22 1 44 52 43 0 0 32 52 14 4 60 5 60 59 42 25 14 39 46 48 15 7 55 40 32 38 49 16 28 60 22 23 8 12 0
run=2 seed=1 k=61 f=0
40 56 52 41 40 43 16 37 1 0 31 35 50 25 16 0 9 20 60 1 19 47 60 57 30 32 49 26 59 22 39 28 35 13 32 7 21 28 20 9 15 51 54 34 22 1 44 52 43 0 0 32 52 14 4 60 5 60 59 42 25 14 39 46 48 15 7 55 40 32 38 49 16 28 60 22 23 8 12 0
run=3 seed=2 k=61 f=0
12 5 29 9 12 33 36 48 2 30 23 49 55 4 0 45 52 20 52 51 14 55 14 32 57 32 0 50 58 60 26 27 44 28 60 35 59 13 5 36 37 8 55 49 2 28 3 44 41 60 16 44 0 20 1 23 33 19 0 22 25 10 13 39 38 60 8 36 40 23 46 3 16 8 8 46 7 49 60 13
run=4 seed=3 k=61 f=0
39 4 38 30 42 28 16 15 36 51 0 17 35 3 51 12 43 50 0 60 30 21 42 16 23 20 52 59 58 1 33 38 2 23 50 45 31 59 50 11 25 5 39 18 52 45 2 12 52 60 10 29 8 23 7 1 59 22 15 60 36 34 50 31 33 44 50 44 52 60 14 0 27 57 0 33 55 41 43 26
run=5 seed=4 k=61 f=0
18 13 22 26 55 20 57 1 54 6 54 26 0 60 52 21 52 40 37 44 33 57 46 9 55 29 1 36 6 35 14 49 24 33 45 4 48 59 24 10 21 16 48 53 1 32 42 11 18 60 53 43 9 6 7 42 29 59 25 42 45 31 0 16 12 29 27 15 0 60 23 0 36 41 0 60 3 47 9 17
run=6 seed=5 k=61 f=0
56 35 59 60 60 42 56 51 1 38 15 7 52 36 30 29 51 20 4 29 21 0 13 18 47 31 40 7 0 1 25 43 39 28 52 53 49 13 60 23 55 36 0 49 37 13 30 59 40 60 9 42 0 15 56 22 24 2 57 18 15 60 51 38 36 32 21 0 7 49 45 31 24 60 8 0 8 27 48 8
run=7 seed=6 k=61 f=0
50 6 4 50 47 34 9 28 3 32 50 54 36 51 60 0 8 30 9 0 20 31 41 29 57 43 41 6 18 17 36 41 21 46 16 47 39 1 39 28 24 26 11 41 25 2 60 60 32 0 1 31 60 55 59 52 34 11 12 13 24 36 25 19 18 15 47 46 60 60 37 19 15 46 52 5 23 7 36 54
run=8 seed=7 k=61 f=0
59 6 31 29 10 25 54 11 49 51 35 54 22 58 34 15 8 40 39 0 41 60 59 60 35 28 52 44 49 9 35 32 54 31 28 25 39 47 55 15 24 19 4 13 56 29 23 57 19 0 1 20 60 2 59 36 47 0 11 0 35 47 20 21 20 6 11 26 53 18 14 7 44 46 52 59 43 37 26 3
run=9 seed=8 k=61 f=0
16 49 49 17 37 18 51 24 60 29 51 25 20 13 45 56 8 40 49 9 38 29 59 42 13 28 0 53 59 60 22 16 3 47 59 11 41 59 0 60 37 44 32 25 25 50 17 0 17 0 51 7 45 7 4 42 22 30 60 1 60 45 25 15 13 52 27 36 1 8 22 7 36 12 53 32 35 26 25 53
run=10 seed=9 k=61 f=0
4 55 39 9 56 0 24 29 17 46 33 17 39 27 60 13 20 31 20 21 39 4 46 20 24 43 60 17 56 51 3 29 11 38 36 46 56 47 15 32 14 60 23 16 44 47 7 33 9 0 39 38 60 6 59 10 46 23 10 33 36 60 4 7 4 54 50 7 50 0 14 40 27 0 52 16 25 29 0 4
run=11 seed=10 k=61 f=0
15 6 57 52 13 53 15 19 24 25 8 25 43 38 21 41 8 15 34 35 14 30 58 60 47 28 44 35 21 0 60 60 1 31 46 49 40 60 0 49 13 53 47 26 2 57 37 0 17 0 28 7 44 26 4 11 4 30 44 10 60 19 48 39 40 34 45 56 0 19 22 3 35 8 53 18 42 35 24 13
run=12 seed=11 k=61 f=0
55 6 15 52 52 42 38 34 15 16 52 59 60 35 40 14 8 20 5 35 27 55 12 44 24 31 16 6 21 25 45 40 26 27 12 34 20 13 46 47 60 47 4 32 60 2 26 60 40 0 1 59 52 33 51 22 22 11 17 1 15 45 53 38 60 0 2 34 0 36 45 29 24 34 60 57 8 7 8 19
run=13 seed=12 k=61 f=0
36 6 14 10 17 26 54 46 50 21 42 46 54 37 25 49 8 29 38 26 19 58 40 46 42 43 32 12 59 60 24 0 2 3 4 39 29 55 22 60 16 13 12 47 7 9 38 7 54 0 52 20 34 29 38 17 58 18 52 26 15 17 0 20 33 35 2 56 34 0 49 0 25 40 60 44 60 22 5 14
run=14 seed=13 k=61 f=0
33 54 2 46 39 17 38 25 9 51 4 23 44 43 55 20 52 13 4 32 41 0 48 36 57 26 10 16 30 1 5 60 22 57 56 30 59 5 13 9 19 47 48 24 12 50 41 0 15 60 53 9 35 28 31 43 17 0 23 47 7 35 23 40 37 54 60 0 13 28 20 41 44 29 0 0 36 60 55 7
run=15 seed=14 k=61 f=0
16 11 4 42 29 0 29 6 55 35 32 24 60 10 45 45 27 9 13 5 38 28 33 5 55 50 50 5 21 16 36 0 11 29 47 53 0 16 60 52 0 59 46 23 36 40 13 44 6 60 29 60 15 21 56 35 6 31 14 4 43 19 31 38 40 11 47 28 50 60 21 60 34 20 0 35 59 35 23 27
run=16 seed=15 k=61 f=0
20 6 30 8 12 26 22 16 44 52 20 50 42 17 52 41 8 39 34 11 32 54 34 49 59 28 40 4 27 31 34 17 15 31 42 25 10 60 53 60 54 25 47 15 50 1 39 0 19 0 0 42 44 58 4 36 4 35 44 13 60 30 30 21 41 9 53 3 0 60 14 42 35 26 53 50 54 20 60 3
run=17 seed=16 k=61 f=0
38 24 15 9 11 11 44 17 53 13 21 11 18 24 44 3 8 49 56 0 48 60 37 49 31 60 0 55 51 23 43 15 0 56 49 33 48 42 48 24 16 7 4 60 21 33 25 45 19 0 59 2 28 34 30 24 23 60 29 51 44 40 33 21 35 2 31 60 39 32 14 2 53 7 37 60 35 40 55 57
run=18 seed=17 k=61 f=0
2 54 33 2 19 27 38 10 55 31 22 10 21 30 40 8 52 24 29 9 16 25 58 36 15 13 44 48 60 25 19 60 7 17 1 34 24 45 60 59 8 53 32 9 37 51 50 35 2 60 54 14 29 42 56 3 11 33 0 47 45 0 45 0 38 15 23 25 37 14 7 41 20 14 38 24 60 60 45 47
run=19 seed=18 k=61 f=0
5 51 48 0 56 34 56 12 55 14 23 14 55 30 41 0 53 38 41 55 29 18 25 27 22 17 8 50 2 37 60 60 11 20 15 38 58 5 41 21 22 36 49 14 9 0 6 9 6 45 45 47 33 24 58 25 6 31 3 31 60 55 46 28 30 0 38 46 44 59 11 42 24 48 0 50 42 16 12 4
run=20 seed=19 k=61 f=0
1 56 31 32 17 27 17 14 45 37 10 11 55 1 34 49 8 40 26 0 38 5 0 20 43 29 11 10 25 0 35 13 25 32 0 26 30 47 23 47 54 32 4 12 1 39 5 17 20 0 42 50 60 55 59 37 40 16 46 18 45 33 3 22 54 56 36 9 22 60 14 55 36 5 52 8 1 48 60 40
