run=1 seed=0 k=60 f=0
38 6 56 9 54 16 15 34 25 56 38 58 27 12 44 0 8 19 9 0 21 54 0 38 32 31 56 14 35 47 45 41 59 27 46 34 48 1 56 21 25 59 11 31 59 33 19 49 40 0 0 27 51 17 52 41 26 0 48 23 24 14 0 38 20 58 41 49 30 30 45 7 15 12 59 5 6 19 14 5
run=2 seed=1 k=60 f=0
38 6 56 9 54 16 15 34 25 56 38 58 27 12 44 0 8 19 9 0 21 54 0 38 32 31 56 14 35 47 45 41 59 27 46 34 48 1 56 21 25 59 11 31 59 33 19 49 40 0 0 27 51 17 52 41 26 0 48 23 24 14 0 38 20 58 41 49 30 30 45 7 15 12 59 5 6 19 14 5
run=3 seed=2 k=60 f=0
40 6 24 8 30 22 21 34 0 58 8 58 8 3 28 41 8 19 0 58 20 54 52 0 4 31 57 16 53 40 46 12 45 11 18 34 11 1 43 2 13 37 27 7 25 20 17 36 40 0 31 11 51 59 52 58 49 53 0 49 24 17 44 38 18 13 41 33 29 49 45 27 15 34 59 6 47 24 46 16
run=4 seed=3 k=60 f=0
19 53 5 0 35 35 39 0 44 4 50 28 15 59 29 12 51 14 59 17 24 37 3 36 32 25 54 36 25 45 43 46 50 56 51 4 58 22 30 8 31 31 6 28 0 0 44 19 36 59 14 48 9 5 47 11 16 41 59 21 44 42 59 38 41 52 19 55 0 24 31 48 18 23 0 41 0 7 8 57
run=5 seed=4 k=60 f=0
40 5 59 25 22 48 40 6 0 50 14 48 6 1 18 13 51 20 3 47 20 52 54 38 59 31 58 27 10 10 25 39 48 27 35 34 3 13 34 59 44 8 54 31 33 12 10 16 40 59 18 53 0 58 1 59 45 33 32 25 15 43 38 38 43 25 18 7 0 50 45 19 24 24 8 17 6 0 56 55
run=6 seed=5 k=60 f=0
41 5 27 59 20 34 45 48 54 9 33 34 37 5 13 11 51 20 55 45 19 30 41 31 37 31 12 54 58 1 23 40 0 28 34 49 17 13 39 28 36 26 55 50 0 57 11 44 42 59 46 25 0 47 1 23 4 48 0 59 15 21 2 44 6 8 2 48 59 23 37 2 24 7 8 15 59 52 10 19
run=7 seed=6 k=60 f=0
6 55 58 40 16 20 25 38 48 20 46 25 55 54 39 22 8 39 37 25 40 30 10 5 33 28 50 47 43 59 22 49 22 31 1 11 52 46 16 32 31 9 59 27 10 1 1 2 17 0 11 16 59 59 4 11 28 13 0 0 44 59 26 15 53 56 35 46 17 26 22 40 35 45 51 44 41 17 57 32
run=8 seed=7 k=60 f=0
17 54 55 8 39 19 53 38 59 54 34 25 42 36 23 47 8 39 24 6 40 29 29 59 41 28 16 4 59 46 45 0 51 31 3 11 39 46 54 58 54 13 5 26 59 1 18 41 17 0 0 23 59 53 58 10 31 10 21 19 44 6 32 15 24 51 12 29 59 24 22 48 35 29 51 45 0 35 51 3
run=9 seed=8 k=60 f=0
53 6 10 30 24 58 18 35 3 42 9 58 42 45 9 40 8 19 49 0 20 53 48 48 14 31 39 35 33 57 23 12 59 28 16 34 46 2 46 25 12 44 11 44 31 1 57 50 40 0 0 52 51 2 52 16 33 16 59 2 24 23 40 38 21 25 27 59 29 21 45 8 15 33 59 53 33 6 37 25
run=10 seed=9 k=60 f=0
28 56 56 21 0 59 20 32 26 6 59 32 24 28 11 38 9 46 59 8 48 23 2 45 55 35 0 54 9 30 18 13 33 53 10 7 59 39 45 40 40 54 13 29 46 3 34 9 24 0 53 42 51 21 4 18 35 49 32 0 16 18 39 22 23 49 53 30 0 12 29 12 42 17 59 45 0 59 18 4
run=11 seed=10 k=60 f=0
31 53 55 0 14 24 35 2 7 54 51 1 0 47 42 46 51 39 54 0 32 5 57 47 36 28 31 5 57 56 13 18 16 31 37 25 11 58 38 50 22 9 48 15 28 58 22 32 19 59 40 0 8 1 7 43 26 24 59 59 44 14 59 21 12 53 8 2 41 15 14 41 35 36 0 48 0 7 24 28
run=12 seed=11 k=60 f=0
40 6 23 25 16 22 50 58 2 7 2 57 44 27 6 43 8 19 4 24 17 52 38 53 37 31 42 53 45 9 15 29 59 11 24 34 48 1 18 13 59 10 27 7 21 1 53 12 40 0 0 17 51 54 52 34 40 22 46 11 24 0 53 38 42 45 37 55 59 34 45 30 15 35 59 0 58 18 36 29
run=13 seed=12 k=60 f=0
16 54 54 25 53 53 48 24 10 7 34 25 52 13 22 47 8 39 36 21 40 29 13 35 32 28 17 32 23 59 34 0 40 31 43 10 48 46 0 58 2 59 59 23 11 9 0 2 17 0 51 39 59 19 4 17 7 0 50 58 44 19 39 15 11 33 9 1 13 9 22 38 35 29 51 30 41 45 5 5
run=14 seed=13 k=60 f=0
39 6 11 26 0 44 18 59 0 13 0 58 35 28 8 12 8 20 59 12 19 54 51 42 19 31 34 21 52 52 45 29 59 28 33 34 32 2 18 50 59 5 12 32 36 16 2 55 40 0 19 43 51 44 52 23 15 0 48 44 15 1 40 38 40 8 7 55 39 2 45 7 24 25 59 24 16 11 58 20
run=15 seed=14 k=60 f=0
44 5 42 34 51 35 13 6 12 5 47 48 52 11 38 46 51 20 39 8 26 54 2 7 56 31 15 16 33 24 23 13 25 28 20 34 58 13 21 1 46 59 55 50 1 19 58 0 40 59 1 3 0 6 1 44 32 10 36 9 15 21 28 38 39 59 45 34 0 51 45 27 24 32 8 44 8 59 18 18
run=16 seed=15 k=60 f=0
16 54 35 0 34 11 33 20 4 25 25 25 12 1 46 21 8 39 10 34 41 30 3 50 57 28 58 38 14 18 21 0 21 32 3 10 8 46 0 31 33 17 59 23 45 41 59 28 17 0 42 25 59 53 4 37 43 56 49 5 44 36 49 15 53 55 52 14 59 9 22 49 35 0 51 29 0 27 6 36
run=17 seed=16 k=60 f=0
48 53 2 41 19 36 52 13 21 24 8 1 44 15 59 31 51 39 59 31 40 5 37 33 9 28 10 1 0 19 35 13 22 31 7 25 39 57 23 15 46 0 47 14 0 29 33 8 19 59 27 41 8 50 7 0 28 6 56 18 44 42 31 21 40 49 9 54 22 52 14 58 35 52 0 37 27 0 47 13
run=18 seed=17 k=60 f=0
19 6 0 9 59 24 30 30 0 28 42 31 56 46 9 0 8 21 28 4 21 46 45 50 22 34 32 2 5 41 27 35 28 37 16 55 59 1 19 49 59 50 53 31 51 14 17 59 23 0 17 15 50 7 12 42 41 40 13 13 15 39 15 45 59 8 59 59 58 0 28 7 41 0 59 24 50 23 30 35
run=19 seed=18 k=60 f=0
21 55 47 8 6 36 52 53 4 8 0 11 25 57 0 19 8 39 29 19 37 3 38 59 43 28 0 59 21 22 34 49 16 31 52 25 28 46 40 46 15 59 5 0 11 54 26 50 19 0 41 10 59 42 58 26 15 37 28 59 44 34 57 21 12 16 37 25 11 31 14 1 35 7 51 34 8 48 44 40
run=20 seed=19 k=60 f=0
24 6 54 29 0 59 39 26 30 12 20 31 0 22 31 14 8 21 51 31 48 35 23 6 37 34 51 40 6 42 43 26 54 13 58 55 59 37 0 8 15 8 53 28 59 37 15 2 23 0 0 29 50 43 4 19 32 17 59 22 15 46 39 45 47 45 59 4 0 20 28 0 41 46 59 18 10 59 40 14
