run=1 seed=0 k=94 f=0
85 25 78 23 17 73 16 14 10 75 10 17 72 14 49 33 22 68 73 61 46 70 65 5 56 93 78 17 5 53 47 54 58 43 39 7 28 56 66 0 63 93 27 34 6 9 60 87 86 78 92 90 42 25 82 21 2 92 38 41 51 65 32 15 33 61 48 25 85 37 36 47 62 36 0 69 4 86 29 14
run=2 seed=1 k=94 f=0
85 25 78 23 17 73 16 14 10 75 10 17 72 14 49 33 22 68 73 61 46 70 65 5 56 93 78 17 5 53 47 54 58 43 39 7 28 56 66 0 63 93 27 34 6 9 60 87 86 78 92 90 42 25 82 21 2 92 38 41 51 65 32 15 33 61 48 25 85 37 36 47 62 36 0 69 4 86 29 14
run=3 seed=2 k=94 f=0
63 34 86 41 57 85 0 5 59 19 24 81 1 48 57 15 31 44 39 12 58 67 21 13 5 88 65 44 80 25 11 50 83 92 47 92 24 58 47 13 85 3 36 7 76 91 42 12 40 23 2 57 61 70 0 66 25 71 42 61 2 86 43 81 80 22 29 34 75 76 73 53 12 32 53 88 38 53 33 45
run=4 seed=3 k=94 f=0
46 68 4 90 26 70 16 44 91 33 40 25 82 1 58 40 74 27 70 87 49 93 92 46 75 93 77 0 28 6 82 77 38 51 48 7 89 18 82 18 21 14 9 47 32 63 11 42 57 16 61 41 2 59 88 0 84 7 32 1 81 14 25 37 65 57 93 60 23 31 44 70 33 52 65 3 82 15 71 74
run=5 seed=4 k=94 f=0
19 23 50 90 19 36 41 9 86 36 81 50 62 60 13 80 0 7 90 25 53 4 69 9 73 93 78 80 20 40 12 15 46 44 61 68 28 25 91 71 27 35 70 13 64 85 8 28 58 83 53 51 73 45 87 78 27 3 90 41 13 32 51 56 53 19 71 13 65 18 33 63 42 36 20 74 62 68 8 32
run=6 seed=5 k=94 f=0
89 57 64 43 80 0 87 17 9 73 59 82 62 82 18 76 46 38 16 76 27 13 75 81 29 79 57 45 54 92 69 49 8 75 67 35 22 25 4 31 5 35 50 81 55 40 9 33 11 26 15 73 64 91 60 93 7 71 3 87 93 45 70 88 67 42 30 63 86 66 5 4 72 51 17 54 52 26 19 39
run=7 seed=6 k=94 f=0
74 78 56 15 6 90 30 62 54 24 11 0 5 83 42 2 36 69 22 20 27 36 72 66 57 91 87 35 69 77 47 92 60 29 14 9 50 52 0 11 9 73 40 20 45 84 11 25 56 25 34 16 74 39 82 11 59 30 63 86 43 16 84 60 77 69 5 34 83 2 17 92 65 19 4 31 35 49 45 24
run=8 seed=7 k=94 f=0
89 19 11 79 11 81 22 63 74 57 69 63 83 88 63 25 30 21 65 10 81 58 92 52 80 66 27 46 55 90 72 50 22 74 26 73 77 89 43 6 47 18 33 62 38 39 36 43 55 38 5 45 2 43 3 9 86 30 0 3 47 91 53 52 17 21 68 71 37 70 9 17 93 69 84 75 30 16 90 3
run=9 seed=8 k=94 f=0
91 22 2 47 67 68 46 17 11 53 69 10 76 89 7 28 15 73 50 18 87 6 17 64 40 52 10 81 64 31 23 43 38 45 81 37 0 59 81 46 41 2 27 53 80 60 65 22 69 1 73 55 29 92 6 39 24 16 53 67 59 58 35 35 90 77 93 20 78 80 93 31 78 26 85 12 87 55 34 88
run=10 seed=9 k=94 f=0
68 42 11 77 0 93 20 54 26 16 72 35 74 69 53 9 46 90 16 17 65 84 83 45 1 78 58 5 47 93 26 26 21 62 35 16 27 71 2 42 3 79 9 77 80 63 30 67 87 1 35 56 11 50 42 34 67 92 56 62 71 91 4 24 86 12 66 41 93 68 52 55 60 81 34 8 20 27 40 11
run=11 seed=10 k=94 f=0
0 35 38 35 2 61 55 47 36 69 2 81 4 67 30 20 84 66 13 30 48 89 13 57 52 7 93 85 14 70 42 81 63 18 48 66 21 9 25 12 3 8 39 46 73 54 60 92 0 73 22 86 17 37 77 1 75 37 70 41 43 8 67 92 85 22 74 83 57 44 27 91 58 77 51 93 82 83 21 14
run=12 seed=11 k=94 f=0
45 56 23 44 88 57 7 7 23 21 62 66 77 16 91 11 0 54 53 10 91 24 35 71 39 62 90 71 65 13 48 65 17 71 4 73 25 37 80 84 58 77 13 82 93 2 0 11 51 82 79 31 9 19 26 90 33 61 30 0 40 78 47 45 44 66 48 48 49 34 32 12 17 38 93 43 31 25 84 0
run=13 seed=12 k=94 f=0
83 46 82 0 48 81 81 21 58 56 14 1 27 72 38 52 31 51 21 54 62 82 86 68 30 14 77 8 24 43 93 6 55 8 80 33 18 29 50 45 36 28 76 91 72 63 2 26 39 69 12 8 83 91 65 39 12 74 72 41 23 60 34 41 70 11 44 16 37 56 91 91 56 6 0 0 70 90 86 16
run=14 seed=13 k=94 f=0
31 67 21 63 65 24 56 59 9 53 70 4 82 42 73 61 11 88 84 4 77 13 1 46 17 74 0 42 33 74 65 26 17 19 11 91 69 67 46 10 52 92 35 40 9 89 33 46 62 24 86 25 33 52 7 81 32 54 36 72 81 34 61 47 0 72 39 47 45 29 57 22 43 36 0 72 1 8 21 90
run=15 seed=14 k=94 f=0
61 26 0 32 89 88 69 37 7 2 5 20 39 73 2 37 32 60 23 25 86 1 61 88 48 48 80 34 2 70 92 12 80 77 70 73 71 45 93 11 61 32 2 8 5 45 57 68 3 80 40 21 13 60 15 56 40 27 78 58 55 68 30 69 64 24 48 29 52 47 40 93 90 55 23 7 35 13 69 64
run=16 seed=15 k=94 f=0
80 88 1 83 50 33 84 3 17 26 51 70 84 86 68 25 16 25 3 66 74 17 75 47 76 57 66 59 52 57 34 61 10 62 24 51 42 41 23 0 22 88 80 15 12 62 28 50 93 2 0 31 77 68 92 85 77 25 9 65 39 92 78 49 70 60 42 44 33 11 10 32 29 53 68 44 70 76 0 35
run=17 seed=16 k=94 f=0
90 73 52 43 1 80 31 21 67 50 77 33 9 9 23 14 37 88 21 15 51 25 83 0 30 69 18 78 25 75 56 33 39 61 38 40 13 6 87 1 82 69 15 37 56 71 61 47 92 50 92 49 7 77 45 93 86 62 3 6 59 85 5 30 53 58 71 66 90 65 0 25 83 50 21 59 71 26 38 69
run=18 seed=17 k=94 f=0
25 77 25 59 15 48 1 21 29 69 59 0 41 36 90 84 61 51 66 11 18 7 66 7 9 39 18 6 9 38 47 55 72 9 35 36 65 60 84 15 87 75 30 74 1 82 90 5 9 88 68 53 73 47 0 93 87 48 93 22 46 31 77 80 43 39 77 40 39 93 67 93 23 29 16 24 82 77 29 23
run=19 seed=18 k=94 f=0
80 20 63 31 90 38 29 61 77 59 48 8 60 79 51 33 3 72 47 66 4 55 89 87 0 84 21 32 88 70 32 75 25 22 57 45 93 0 87 0 59 41 80 51 21 46 84 46 28 52 50 72 39 68 92 29 7 16 93 68 61 89 8 44 9 89 0 12 14 79 33 53 77 75 12 81 70 12 32 44
run=20 seed=19 k=94 f=0
31 49 68 2 13 40 63 49 84 67 89 0 69 49 85 67 76 84 81 48 77 86 93 10 35 19 45 48 90 20 1 1 5 69 64 16 42 10 81 63 29 29 93 77 58 15 5 18 34 43 73 17 10 46 0 64 91 77 18 10 26 45 55 32 20 27 80 93 57 84 62 22 91 91 52 73 48 57 6 40
