run=1 seed=0 k=89 f=0
38 33 41 84 76 77 54 36 23 86 59 22 42 74 32 66 35 6 24 6 87 10 71 73 15 88 52 23 36 32 0 40 56 63 56 49 51 48 17 76 24 15 29 59 83 84 10 11 12 67 65 10 54 33 83 1 1 66 69 44 0 74 39 74 71 53 26 33 28 43 41 7 79 17 21 47 87 3 80 11
run=2 seed=1 k=89 f=0
38 33 41 84 76 77 54 36 23 86 59 22 42 74 32 66 35 6 24 6 87 10 71 73 15 88 52 23 36 32 0 40 56 63 56 49 51 48 17 76 24 15 29 59 83 84 10 11 12 67 65 10 54 33 83 1 1 66 69 44 0 74 39 74 71 53 26 33 28 43 41 7 79 17 21 47 87 3 80 11
run=3 seed=2 k=89 f=0
35 63 0 0 53 44 61 59 14 10 87 24 50 5 5 21 48 88 29 34 44 74 36 68 64 67 86 22 16 18 80 82 81 51 75 12 88 69 30 59 63 7 16 63 41 0 11 86 6 40 31 73 57 63 78 21 88 14 24 55 31 4 25 8 10 33 45 33 15 44 1 49 84 41 23 41 5 56 56 24
run=4 seed=3 k=89 f=0
53 5 60 26 73 26 12 75 11 76 14 83 3 3 64 41 62 7 30 86 34 23 10 85 26 88 63 31 48 53 18 52 80 0 38 64 71 63 51 16 41 62 32 75 79 48 50 69 55 39 78 22 1 88 19 56 18 26 44 0 17 10 43 81 40 81 57 48 78 36 72 40 28 35 48 6 40 9 70 71
run=5 seed=4 k=89 f=0
84 77 37 45 30 61 43 39 22 31 17 0 88 57 32 2 5 41 14 0 49 67 76 73 47 72 33 69 22 56 13 36 45 66 46 8 77 32 24 10 85 25 10 52 23 65 68 44 88 63 64 51 36 73 0 88 5 54 9 82 19 56 0 86 56 79 5 66 85 13 54 41 45 20 26 55 17 5 76 26
run=6 seed=5 k=89 f=0
25 7 30 88 33 59 76 75 69 48 69 21 61 84 19 24 25 3 42 9 82 73 10 44 5 35 32 79 58 10 8 0 71 87 18 32 9 33 0 33 77 88 54 79 86 48 39 41 42 79 50 24 88 61 12 26 8 86 36 16 51 54 48 46 40 9 14 71 45 64 18 67 63 2 70 79 1 22 53 83
run=7 seed=6 k=89 f=0
7 34 63 85 57 87 19 30 2 80 22 40 60 82 1 74 65 42 45 55 83 65 10 41 37 14 21 47 71 9 2 25 35 78 8 11 54 49 63 26 59 16 19 1 7 17 5 46 48 75 35 4 85 68 69 57 85 88 37 86 22 17 12 7 40 73 79 51 3 68 57 66 2 72 31 50 31 51 76 27
run=8 seed=7 k=89 f=0
29 44 21 11 33 26 23 42 46 40 69 20 7 34 38 85 74 55 11 14 53 73 15 42 79 39 27 73 9 53 82 23 67 72 0 34 2 9 62 87 63 78 18 3 45 79 88 56 52 26 72 53 88 70 33 88 57 47 32 5 0 27 82 46 2 15 3 62 3 87 82 57 9 16 64 48 76 0 43 24
run=9 seed=8 k=89 f=0
2 28 31 20 57 43 29 64 1 32 3 59 31 77 63 88 33 25 81 44 63 37 52 68 16 1 1 87 55 36 19 0 14 75 20 10 36 4 51 21 85 27 13 69 26 81 1 56 43 67 45 39 76 8 37 83 66 72 13 77 51 68 77 46 88 16 74 38 78 76 82 49 20 6 58 52 24 59 70 86
run=10 seed=9 k=89 f=0
40 4 55 29 32 46 73 71 33 72 76 55 53 79 73 50 85 70 86 11 43 19 65 20 58 0 66 58 88 88 52 63 26 63 1 88 86 7 85 13 35 56 40 33 69 47 83 68 28 46 13 9 9 78 16 55 19 64 0 77 36 11 19 25 29 87 19 27 34 78 79 2 64 79 57 47 11 0 88 39
run=11 seed=10 k=89 f=0
40 14 1 84 61 0 13 47 26 14 8 83 26 40 76 0 49 79 28 81 63 31 70 59 46 31 0 57 77 74 8 76 85 37 73 44 32 10 17 1 67 20 71 26 82 52 30 44 38 57 29 28 74 44 62 54 7 62 55 8 23 21 5 18 29 84 71 61 39 16 86 69 66 15 3 86 68 36 70 44
run=12 seed=11 k=89 f=0
4 80 29 17 88 47 30 71 88 21 24 39 86 52 35 22 43 12 39 0 64 8 12 7 55 20 80 80 8 32 63 74 45 64 3 16 50 55 12 16 0 45 26 79 0 77 69 23 68 51 45 82 29 57 0 34 19 62 36 86 60 68 72 73 82 8 46 77 85 58 35 31 1 25 86 29 60 68 52 52
run=13 seed=12 k=89 f=0
52 85 58 47 47 80 85 44 27 20 82 25 60 1 14 58 40 87 28 71 15 42 42 37 40 7 58 78 40 17 21 3 47 2 87 70 84 37 57 1 80 33 70 9 84 40 80 61 14 77 9 68 54 74 26 52 55 70 50 50 0 75 72 16 12 17 10 4 63 0 48 63 33 29 62 18 45 88 25 80
run=14 seed=13 k=89 f=0
72 6 24 15 53 10 76 74 86 84 86 17 68 68 0 58 53 76 77 29 79 23 57 49 14 20 74 36 45 39 82 0 15 66 63 33 9 50 35 28 10 7 2 87 28 57 72 1 39 61 30 12 0 88 39 26 19 46 50 88 83 70 14 30 20 64 56 44 38 65 45 64 72 85 10 71 54 3 63 26
run=15 seed=14 k=89 f=0
2 14 40 43 85 25 81 71 18 41 60 78 60 45 84 38 11 18 60 70 84 4 37 51 86 86 25 49 2 76 56 26 74 9 2 31 88 83 0 17 83 77 37 76 17 54 25 1 3 66 15 22 40 52 58 44 67 31 35 73 56 55 30 1 19 54 30 27 47 67 75 64 22 45 49 15 11 9 9 38
run=16 seed=15 k=89 f=0
31 35 11 59 52 1 62 8 29 49 31 54 61 41 83 78 84 39 16 0 51 24 15 27 43 12 2 0 25 15 50 41 50 15 76 87 45 87 48 74 64 83 68 73 57 12 18 59 0 47 77 70 31 3 30 22 33 23 10 69 65 29 70 59 76 79 52 86 62 48 5 5 77 37 23 46 50 86 19 69
run=17 seed=16 k=89 f=0
10 10 35 15 9 2 25 77 17 64 56 42 30 47 42 39 31 87 0 84 67 29 20 57 25 16 79 25 69 33 62 48 80 46 71 88 33 19 38 60 20 16 28 9 55 3 22 74 23 0 4 2 74 24 59 53 60 51 75 80 51 70 39 68 12 63 14 45 4 44 80 18 62 70 40 41 30 88 34 19
run=18 seed=17 k=89 f=0
39 35 13 53 20 11 51 17 40 76 1 0 87 10 27 59 33 4 50 55 22 82 54 23 3 57 0 11 33 9 50 6 3 62 81 50 56 43 26 47 39 16 53 37 26 68 43 23 74 41 60 1 19 32 22 87 0 17 76 71 64 18 77 71 35 2 67 41 46 84 88 88 11 80 80 60 54 32 67 59
run=19 seed=18 k=89 f=0
62 35 43 31 69 25 24 62 66 10 84 70 25 28 75 16 88 30 23 50 59 88 62 79 54 15 0 51 85 20 38 7 57 74 60 48 0 37 9 17 74 33 19 63 83 46 67 77 8 41 51 66 60 46 84 53 81 33 21 3 81 41 35 2 46 7 6 64 71 61 67 78 25 87 52 13 88 42 1 68
run=20 seed=19 k=89 f=0
88 67 1 6 55 39 88 45 21 45 52 38 2 48 81 30 41 17 21 64 13 85 31 84 70 29 23 13 82 35 59 48 42 0 76 1 66 27 18 20 76 38 81 86 2 8 80 81 48 9 13 8 84 66 54 11 87 57 24 60 22 16 33 65 72 67 34 39 4 49 35 77 58 28 74 17 58 65 77 17
