run=1 seed=0 k=67 f=0
21 8 41 50 20 39 0 46 63 7 57 1 1 45 15 24 10 21 8 66 49 33 52 12 53 59 0 39 64 40 32 61 46 64 66 56 62 28 21 53 55 15 6 13 43 9 4 48 39 29 19 39 50 31 51 0 54 34 27 12 66 65 32 36 12 19 49 33 0 31 44 44 17 25 0 43 56 65 38 57
run=2 seed=1 k=67 f=0
21 8 41 50 20 39 0 46 63 7 57 1 1 45 15 24 10 21 8 66 49 33 52 12 53 59 0 39 64 40 32 61 46 64 66 56 62 28 21 53 55 15 6 13 43 9 4 48 39 29 19 39 50 31 51 0 54 34 27 12 66 65 32 36 12 19 49 33 0 31 44 44 17 25 0 43 56 65 38 57
run=3 seed=2 k=67 f=0
0 4 31 25 32 66 10 52 17 43 20 40 44 5 28 22 57 7 66 30 14 34 55 63 28 37 41 61 52 0 23 45 17 0 3 59 32 33 8 52 30 38 61 56 39 23 24 25 48 66 16 42 0 58 18 45 12 66 0 8 21 50 53 50 40 4 0 59 53 51 43 15 12 4 28 25 38 10 62 36
run=4 seed=3 k=67 f=0
31 15 34 64 31 66 57 56 18 14 28 1 27 65 44 42 19 52 66 40 63 31 66 21 49 37 30 5 36 5 43 0 16 17 3 52 22 7 1 63 50 11 32 13 17 8 27 49 30 9 13 17 57 53 42 25 39 52 19 26 44 60 59 62 47 38 45 5 48 55 25 40 66 35 0 26 57 41 56 59
run=5 seed=4 k=67 f=0
11 17 15 23 50 3 1 58 30 44 39 48 7 62 44 8 30 59 62 26 33 59 60 1 0 45 66 26 25 14 37 42 65 28 10 26 3 66 47 37 6 55 15 32 29 18 37 38 57 0 47 15 12 0 39 20 36 53 13 53 37 38 14 7 9 49 55 21 66 33 52 63 66 28 21 20 62 57 2 37
run=6 seed=5 k=67 f=0
10 59 59 30 19 66 42 45 0 54 0 53 42 3 66 66 57 12 31 41 6 48 12 0 35 48 41 33 29 20 16 24 22 61 0 31 45 52 36 1 66 62 20 41 52 16 1 23 37 65 52 65 0 11 1 31 47 58 54 16 17 3 53 35 9 14 56 26 16 59 42 65 8 29 26 36 5 9 29 51
run=7 seed=6 k=67 f=0
23 31 63 49 66 66 34 21 26 12 43 59 0 12 51 43 25 45 31 5 65 0 59 58 64 34 66 32 23 3 51 55 18 38 38 8 37 52 61 66 40 48 29 23 7 28 16 58 14 66 29 62 3 2 2 43 19 9 14 27 50 18 37 11 12 5 0 52 26 15 19 0 41 45 57 60 33 23 34 40
run=8 seed=7 k=67 f=0
61 41 12 45 11 30 10 1 42 49 45 49 27 28 47 34 38 64 61 19 63 25 5 33 65 11 24 39 55 15 17 48 66 14 40 8 21 40 34 1 50 56 53 58 42 42 38 50 66 57 62 19 26 3 23 66 27 54 37 55 18 13 4 4 59 19 43 22 11 55 32 31 0 11 47 66 1 0 1 41
run=9 seed=8 k=67 f=0
33 42 44 66 7 38 7 66 19 25 28 3 1 52 59 59 13 62 28 17 34 25 46 20 18 0 28 9 0 46 66 0 26 19 56 15 20 2 11 47 5 66 44 14 48 39 55 63 30 22 37 17 46 15 29 49 44 66 48 36 57 9 1 52 56 8 60 66 9 11 7 55 66 13 36 24 25 56 59 40
run=10 seed=9 k=67 f=0
56 21 57 33 66 66 3 34 30 4 52 15 52 43 32 28 63 52 3 66 39 0 22 21 20 0 11 43 28 58 6 60 13 61 57 66 49 13 44 21 51 45 4 33 53 7 10 6 26 9 66 19 37 13 25 49 24 63 18 41 47 10 16 42 20 39 60 65 8 42 31 33 56 41 18 36 20 3 30 66
run=11 seed=10 k=67 f=0
38 56 2 52 33 37 24 57 66 24 45 34 29 54 50 50 38 31 64 5 19 0 39 60 44 59 32 64 9 3 27 10 8 64 45 41 46 6 0 57 46 37 42 12 27 23 51 0 6 48 19 62 17 3 52 24 57 0 53 60 66 17 12 22 16 49 39 1 28 40 11 11 26 66 0 16 60 13 65 44
run=12 seed=11 k=67 f=0
17 9 32 29 65 36 0 61 18 66 25 26 65 28 28 61 7 39 18 46 39 52 48 49 23 16 66 38 45 1 0 29 56 31 10 19 62 20 5 0 57 57 11 66 5 34 61 56 41 64 18 19 52 0 1 46 48 10 4 14 33 34 2 57 41 27 10 54 66 11 46 50 0 21 25 23 7 40 16 17
run=13 seed=12 k=67 f=0
7 12 35 47 22 34 9 8 0 66 42 42 22 24 57 6 59 66 65 6 34 58 66 6 0 45 37 45 65 19 0 26 13 54 30 66 19 15 66 33 11 14 2 22 32 49 49 66 27 36 54 51 16 55 40 47 42 65 65 22 52 49 10 29 27 56 38 12 50 29 22 58 0 0 8 0 8 60 21 51
run=14 seed=13 k=67 f=0
24 41 50 34 1 20 21 8 62 10 44 11 28 44 13 66 56 24 20 57 24 6 65 57 1 37 14 41 11 25 20 52 50 0 42 58 3 52 38 60 51 35 14 37 12 44 29 44 26 66 64 63 0 59 62 31 27 35 0 35 18 46 52 44 26 3 2 26 14 43 31 52 49 20 8 6 11 6 66 38
run=15 seed=14 k=67 f=0
62 59 31 39 32 3 62 9 55 6 1 17 5 65 18 40 57 0 20 36 22 32 40 65 14 34 53 30 11 1 25 9 49 37 65 0 2 66 18 11 44 58 53 11 2 56 23 63 50 65 32 27 5 50 28 42 0 25 66 52 26 66 18 45 47 24 1 25 45 11 11 45 41 39 19 25 51 21 15 57
run=16 seed=15 k=67 f=0
18 35 64 0 37 19 46 29 41 32 21 55 14 53 59 28 19 8 8 10 56 18 46 20 12 48 47 2 26 59 4 64 32 64 61 44 63 1 15 40 66 41 52 26 42 23 52 66 30 0 37 34 39 52 41 57 15 49 31 50 66 60 28 32 46 10 60 0 0 30 25 7 12 0 58 25 36 7 49 44
run=17 seed=16 k=67 f=0
52 3 36 53 56 42 38 51 4 41 63 46 56 66 32 21 24 57 40 35 28 12 44 12 8 43 61 8 57 32 50 60 66 37 65 39 61 5 24 25 0 7 66 49 48 37 29 56 54 32 40 22 8 32 28 19 15 15 53 32 63 65 64 13 14 32 10 56 44 21 49 0 17 5 0 24 0 46 17 25
run=18 seed=17 k=67 f=0
63 16 23 34 18 22 0 60 29 20 64 2 40 65 13 26 32 53 53 34 42 7 49 20 9 41 12 30 19 1 7 61 0 34 10 35 43 7 51 55 45 3 45 39 1 34 65 44 21 10 57 55 66 36 65 0 46 25 50 66 58 49 51 17 14 12 32 40 21 50 26 14 48 7 0 66 60 65 11 56
run=19 seed=18 k=67 f=0
42 62 49 22 13 1 19 20 56 61 46 19 31 8 1 21 65 58 37 55 5 41 10 41 46 16 62 26 59 53 52 49 58 13 25 12 35 66 59 51 36 66 50 21 7 65 33 47 28 37 1 31 46 56 41 27 0 14 24 57 0 66 12 30 34 36 40 27 33 31 22 2 54 23 7 41 60 8 13 17
run=20 seed=19 k=67 f=0
28 32 24 66 14 50 24 12 5 20 25 39 24 60 0 66 36 29 31 15 2 19 55 46 12 48 29 8 43 55 7 40 41 22 65 52 50 37 0 61 20 8 56 11 58 33 46 42 66 0 0 34 57 53 4 27 0 16 63 47 9 26 14 64 66 63 66 37 48 37 42 1 24 6 16 21 0 12 34 32
