run=1 seed=0 k=93 f=0
10 67 3 19 50 70 7 12 48 88 23 4 23 12 47 43 59 82 68 62 7 51 75 90 59 1 2 56 91 68 74 84 36 75 89 76 31 4 57 79 24 30 90 47 92 71 20 32 52 24 38 64 10 77 28 21 20 62 40 12 33 21 86 66 37 80 55 33 72 56 16 42 86 15 40 57 8 77 91 11
run=2 seed=1 k=93 f=0
10 67 3 19 50 70 7 12 48 88 23 4 23 12 47 43 59 82 68 62 7 51 75 90 59 1 2 56 91 68 74 84 36 75 89 76 31 4 57 79 24 30 90 47 92 71 20 32 52 24 38 64 10 77 28 21 20 62 40 12 33 21 86 66 37 80 55 33 72 56 16 42 86 15 40 57 8 77 91 11
run=3 seed=2 k=93 f=0
90 32 47 89 85 24 30 36 40 66 2 53 9 70 29 0 27 42 15 17 74 47 86 71 25 9 62 20 9 12 51 92 43 12 2 6 33 77 84 74 77 68 30 71 55 82 6 6 45 73 23 19 36 34 92 65 77 59 83 71 16 42 83 58 52 15 64 86 26 53 65 10 86 2 0 48 32 33 57 84
run=4 seed=3 k=93 f=0
21 58 51 0 75 38 80 67 55 91 82 3 58 40 4 0 0 66 92 18 73 12 73 9 65 19 91 32 28 65 82 52 43 4 12 25 76 56 47 66 52 5 74 85 46 88 21 4 48 35 20 4 72 21 92 12 60 14 92 38 89 82 46 28 25 77 67 8 64 83 43 53 80 35 10 29 30 26 41 75
run=5 seed=4 k=93 f=0
24 32 92 14 61 85 66 25 8 35 86 42 64 86 91 74 39 10 39 35 20 92 45 22 60 70 54 7 75 91 15 2 31 56 19 10 71 17 92 57 64 10 66 51 8 80 37 23 27 18 45 17 55 88 43 37 31 2 77 48 1 16 51 30 72 64 27 26 61 4 49 87 63 15 81 69 73 37 46 76
run=6 seed=5 k=93 f=0
22 70 27 72 77 4 74 13 30 46 48 13 37 78 73 45 83 0 9 35 3 58 51 48 54 32 64 31 38 91 21 90 12 89 69 28 67 51 58 57 2 14 68 17 23 45 12 76 39 7 12 66 74 55 77 23 25 0 65 64 91 34 58 41 28 92 44 14 81 36 19 81 50 87 61 41 37 21 22 80
run=7 seed=6 k=93 f=0
91 0 58 83 92 49 64 35 64 43 41 73 41 14 76 84 77 30 48 79 33 44 13 48 15 20 9 58 50 33 36 18 32 9 9 24 0 71 21 65 88 60 43 20 75 26 90 0 61 91 69 88 42 38 55 14 24 53 70 57 53 37 75 84 0 84 21 1 51 19 66 81 10 14 3 86 38 58 4 0
run=8 seed=7 k=93 f=0
44 61 77 55 45 76 20 82 39 27 59 28 60 54 85 80 22 29 35 76 30 47 33 11 52 9 82 17 13 20 42 67 2 19 89 20 12 7 53 52 61 13 65 36 88 22 3 64 92 36 31 35 66 2 46 26 24 35 39 42 53 3 12 86 33 92 51 20 86 38 73 63 81 76 0 55 56 91 20 46
run=9 seed=8 k=93 f=0
28 60 59 4 12 92 37 86 56 6 46 18 22 72 58 35 45 1 24 26 69 49 42 70 82 26 44 50 61 90 4 90 92 22 44 2 65 79 1 79 83 63 53 13 56 39 22 7 8 70 21 87 54 79 62 43 1 13 15 73 33 13 70 38 33 20 49 48 6 14 13 90 79 2 90 53 34 30 82 52
run=10 seed=9 k=93 f=0
47 56 56 28 86 40 35 19 80 83 34 7 31 78 64 62 31 80 10 10 2 92 46 57 3 59 66 57 40 88 53 50 3 62 0 83 38 73 54 23 6 68 28 23 31 91 63 12 76 1 21 22 48 76 7 49 34 72 84 72 67 44 27 89 87 67 10 54 23 44 38 15 21 51 14 43 85 76 61 39
run=11 seed=10 k=93 f=0
6 34 48 80 6 1 32 64 26 47 17 89 0 37 92 15 45 72 83 75 90 7 35 53 92 92 88 16 83 33 57 42 66 27 71 72 27 10 42 56 10 59 49 56 57 46 91 50 6 81 24 3 16 21 86 33 30 84 0 2 25 67 86 36 92 71 68 26 51 15 1 36 56 73 63 87 80 42 26 21
run=12 seed=11 k=93 f=0
82 56 19 23 61 2 1 19 11 37 0 3 47 26 90 43 31 83 31 68 24 82 34 62 19 74 46 52 89 90 41 16 22 71 40 68 15 92 34 68 10 57 28 67 54 77 42 62 89 23 70 67 60 70 41 47 83 58 47 63 39 88 80 53 64 25 75 78 8 80 10 30 48 36 0 2 86 0 88 70
run=13 seed=12 k=93 f=0
50 8 16 46 5 21 56 60 70 36 35 54 28 92 37 65 72 24 32 46 91 74 72 21 27 37 83 15 66 74 51 23 80 88 67 83 10 42 17 87 5 57 10 33 56 1 41 54 22 14 15 14 90 77 77 3 45 65 68 18 46 40 40 54 50 12 84 76 2 34 31 72 63 45 1 15 89 59 83 12
run=14 seed=13 k=93 f=0
18 34 0 76 16 28 20 92 80 58 1 56 13 87 59 67 74 13 26 37 92 19 79 1 79 31 21 0 29 46 55 45 48 5 89 11 92 49 60 40 10 11 66 21 56 77 88 41 84 22 63 44 65 80 37 73 0 5 27 30 49 6 49 81 82 9 66 43 75 33 59 69 2 27 90 59 57 86 65 65
run=15 seed=14 k=93 f=0
70 1 33 45 88 35 77 6 92 24 15 17 36 19 14 60 37 44 46 74 41 70 27 1 73 88 91 4 50 30 75 25 52 54 68 33 57 68 87 91 57 32 30 91 31 42 12 0 26 58 38 30 70 8 81 20 78 77 4 50 49 88 73 2 47 49 2 13 54 9 21 9 79 21 11 20 64 71 84 87
run=16 seed=15 k=93 f=0
41 81 21 1 80 3 31 12 82 6 79 70 47 38 77 57 23 58 41 37 70 46 84 21 13 45 88 66 76 78 65 22 3 84 69 63 33 70 62 92 14 29 50 91 90 9 40 19 56 91 54 84 2 9 18 38 48 18 15 1 38 26 54 9 43 28 59 36 92 63 29 78 14 83 78 61 75 41 2 33
run=17 seed=16 k=93 f=0
42 48 30 4 48 68 91 17 76 18 87 29 20 81 0 68 26 16 39 51 29 78 78 59 80 76 67 26 0 78 52 91 34 73 26 12 61 25 7 72 41 73 85 59 24 81 19 37 18 91 18 70 64 12 36 51 0 8 4 34 38 54 10 6 42 92 55 5 19 51 56 89 2 50 45 83 2 90 63 43
run=18 seed=17 k=93 f=0
67 82 36 59 1 38 91 12 53 5 4 58 39 18 54 16 0 15 54 59 74 65 12 20 73 55 92 83 82 73 9 7 25 51 64 25 89 25 43 45 42 38 84 92 32 31 71 30 67 32 33 46 20 91 67 1 19 75 86 92 8 1 13 42 72 75 66 46 46 7 91 14 46 5 78 29 49 48 13 80
run=19 seed=18 k=93 f=0
73 15 67 85 18 69 72 53 44 85 86 48 13 5 91 41 9 29 52 49 4 82 34 7 3 91 77 53 18 46 40 92 59 13 82 57 16 89 79 31 68 57 63 45 60 42 77 55 84 36 54 57 63 34 3 26 1 4 76 19 1 32 16 80 36 6 44 69 29 61 70 61 23 23 49 42 82 32 11 73
run=20 seed=19 k=93 f=0
50 65 18 39 52 90 41 27 74 1 82 19 46 3 60 21 13 49 43 23 14 4 41 30 90 41 55 14 33 90 61 76 21 35 72 51 38 15 65 29 22 48 4 41 82 10 79 64 57 31 81 71 2 27 80 54 9 86 68 58 82 34 39 67 75 2 10 13 35 74 91 67 73 72 22 85 10 1 56 67
