run=1 seed=0 k=81 f=0
59 69 18 79 68 21 73 39 6 11 23 63 68 77 7 31 57 25 3 51 8 80 24 60 44 66 20 47 43 40 32 17 54 71 32 1 38 32 4 16 51 72 62 2 23 29 41 78 23 75 4 1 41 53 80 54 80 77 62 75 33 54 37 46 14 66 25 66 43 29 18 5 50 0 10 11 47 11 33 25
run=2 seed=1 k=81 f=0
59 69 18 79 68 21 73 39 6 11 23 63 68 77 7 31 57 25 3 51 8 80 24 60 44 66 20 47 43 40 32 17 54 71 32 1 38 32 4 16 51 72 62 2 23 29 41 78 23 75 4 1 41 53 80 54 80 77 62 75 33 54 37 46 14 66 25 66 43 29 18 5 50 0 10 11 47 11 33 25
run=3 seed=2 k=81 f=0
24 64 71 62 63 9 0 78 49 12 10 11 33 44 62 45 38 45 54 41 72 37 71 26 19 14 5 45 66 15 75 15 79 66 77 79 0 16 3 71 53 26 27 32 28 39 78 66 21 70 34 28 60 39 54 38 6 16 0 69 31 60 18 80 46 24 51 2 59 46 8 54 50 48 0 48 57 74 80 0
run=4 seed=3 k=81 f=0
75 72 20 12 51 45 12 5 19 58 38 64 80 10 58 45 23 10 3 57 17 53 13 39 37 68 20 20 73 57 60 35 34 21 32 4 28 65 77 7 31 79 53 76 64 70 57 37 40 79 80 49 54 12 0 29 62 44 5 25 30 10 10 35 14 70 40 77 27 71 60 51 15 15 46 42 7 3 71 48
run=5 seed=4 k=81 f=0
0 10 64 26 79 49 75 67 59 29 26 65 61 69 49 25 25 12 35 11 41 52 69 0 13 53 35 19 21 10 9 16 25 5 71 31 57 79 17 72 62 59 40 56 68 5 13 76 17 80 53 62 37 5 21 10 28 33 0 2 0 77 18 32 33 37 33 59 79 68 70 42 45 80 62 48 27 43 68 74
run=6 seed=5 k=81 f=0
61 0 21 54 38 1 62 60 52 80 52 7 27 0 3 32 76 65 58 17 80 69 36 0 67 12 76 43 45 64 29 22 54 80 30 15 38 53 70 69 22 8 28 74 8 79 45 79 52 22 36 54 41 73 18 39 16 14 41 76 31 41 16 36 13 10 10 51 62 45 47 21 61 45 3 47 61 9 1 17
run=7 seed=6 k=81 f=0
9 38 70 68 64 23 39 29 5 72 33 54 58 45 49 73 0 79 10 70 26 17 25 30 26 57 80 37 17 9 64 3 20 70 72 80 32 8 39 65 23 42 53 0 39 1 32 52 18 10 57 61 69 22 44 63 56 77 11 65 47 49 18 20 78 41 9 1 51 48 63 42 28 13 35 30 14 39 61 3
run=8 seed=7 k=81 f=0
80 27 77 13 38 26 42 45 15 43 37 64 76 38 19 15 55 29 4 73 44 1 72 65 61 46 31 62 19 41 8 64 31 53 78 53 36 36 12 7 79 19 3 9 29 25 24 4 72 21 58 50 3 49 17 64 11 54 8 71 38 48 72 68 22 80 0 21 56 22 61 17 11 45 80 31 52 0 26 57
run=9 seed=8 k=81 f=0
26 0 57 80 22 51 79 71 15 45 17 30 1 29 15 17 24 46 43 30 39 25 75 31 64 54 7 8 52 45 0 66 43 58 74 51 49 79 35 64 64 48 29 71 52 79 16 23 14 63 37 21 72 31 19 41 5 35 8 73 80 7 58 2 47 6 70 28 57 15 9 1 42 22 35 15 33 54 73 67
run=10 seed=9 k=81 f=0
58 10 19 53 51 38 14 52 48 14 16 28 62 4 23 17 8 0 37 66 39 62 40 30 43 50 66 70 55 0 28 47 6 44 73 0 37 26 9 80 36 56 73 49 5 15 63 3 61 34 12 34 21 64 64 19 1 46 75 75 70 56 72 15 34 79 79 33 5 43 56 8 43 72 80 24 57 79 29 16
run=11 seed=10 k=81 f=0
60 58 2 62 75 71 32 30 44 68 20 74 44 72 79 1 60 33 8 48 12 29 7 14 17 10 1 2 42 48 50 64 54 1 59 45 47 13 80 38 79 71 22 41 54 68 58 23 53 26 20 3 0 43 56 6 16 21 35 80 17 34 65 47 61 53 20 45 79 74 77 12 37 6 69 28 62 33 4 69
run=12 seed=11 k=81 f=0
60 80 17 8 51 30 76 19 23 46 0 29 11 32 26 73 78 42 10 51 7 47 19 31 52 26 52 1 19 22 2 58 55 11 67 0 78 79 43 42 13 79 52 70 24 4 63 51 38 8 80 49 47 1 0 6 33 67 65 36 55 63 14 33 70 60 2 3 29 70 18 11 70 18 62 46 38 60 16 80
run=13 seed=12 k=81 f=0
12 50 55 18 37 57 17 63 49 36 10 44 16 31 76 13 53 60 0 78 2 35 54 1 6 35 26 68 60 71 75 23 38 22 20 76 55 50 74 23 13 31 31 18 49 31 47 0 8 0 38 44 26 80 6 38 61 4 66 28 66 68 61 71 1 9 36 58 57 45 41 80 17 66 80 5 74 59 45 51
run=14 seed=13 k=81 f=0
49 2 27 41 7 10 29 65 18 62 61 16 37 0 15 13 47 13 76 42 29 73 1 7 0 5 75 80 23 64 36 37 73 45 20 51 68 21 6 28 53 68 36 2 56 44 14 48 74 22 13 38 31 44 73 31 31 56 52 80 39 45 55 55 78 80 66 29 80 20 67 7 59 0 80 1 59 31 14 49
run=15 seed=14 k=81 f=0
40 50 40 31 25 38 38 78 0 79 37 74 75 78 28 14 44 15 76 62 79 28 15 6 36 53 52 9 32 79 66 41 57 30 68 5 0 50 43 17 24 32 7 80 2 68 25 57 27 80 42 54 10 58 60 17 0 47 18 46 67 61 76 72 68 66 70 24 8 70 22 55 37 36 1 50 46 62 71 20
run=16 seed=15 k=81 f=0
74 6 48 14 26 3 37 75 46 14 20 22 49 13 23 15 19 80 8 64 55 26 45 40 47 47 1 57 52 66 60 75 4 24 16 80 44 40 49 34 34 0 14 71 60 15 67 22 30 73 21 4 10 66 53 30 42 63 12 0 39 71 75 32 59 61 17 36 34 77 65 8 57 80 2 58 11 27 80 60
run=17 seed=16 k=81 f=0
15 47 33 76 3 80 19 25 71 60 80 54 38 64 59 64 9 68 51 14 5 19 34 30 0 24 45 52 74 54 0 27 25 44 20 80 8 32 68 32 35 57 19 8 12 80 67 36 17 61 24 30 42 79 57 63 68 47 34 33 32 42 2 77 6 17 55 76 72 12 0 23 72 71 50 8 50 2 45 67
run=18 seed=17 k=81 f=0
72 56 17 17 28 46 28 72 35 20 4 79 23 31 1 23 63 32 49 78 40 65 33 30 55 9 46 55 70 62 56 0 67 39 19 33 8 18 60 42 5 10 66 73 15 52 65 63 2 25 24 19 38 58 52 79 37 33 53 42 16 4 21 0 25 5 78 67 30 38 46 26 70 15 80 73 55 80 22 9
run=19 seed=18 k=81 f=0
63 71 37 79 25 21 57 76 37 0 61 23 59 10 14 62 51 7 5 28 21 33 77 40 48 74 32 44 69 13 42 77 4 35 63 55 71 0 54 51 3 15 69 53 18 37 8 79 63 29 23 3 12 35 44 30 49 28 6 38 42 9 49 59 14 60 42 26 43 61 80 15 0 79 20 71 4 53 51 67
run=20 seed=19 k=81 f=0
20 5 16 31 49 8 71 70 56 40 79 31 66 66 49 60 35 73 28 45 35 50 14 3 76 8 11 29 79 69 28 74 38 2 20 14 73 17 53 9 53 67 45 32 9 44 52 79 0 80 39 11 20 2 59 39 11 59 56 0 42 22 44 26 24 26 58 33 25 47 66 52 58 26 51 40 67 80 7 19
