run=1 seed=0 k=72 f=0
55 14 22 43 61 7 10 1 33 30 20 41 50 67 61 6 0 56 52 11 60 71 15 68 21 27 58 9 19 21 53 38 41 23 5 23 0 32 67 34 12 45 48 0 31 71 14 41 59 67 29 46 18 69 71 62 14 25 1 66 34 47 68 13 55 17 70 57 30 7 6 15 50 7 42 24 28 35 52 14
run=2 seed=1 k=72 f=0
55 14 22 43 61 7 10 1 33 30 20 41 50 67 61 6 0 56 52 11 60 71 15 68 21 27 58 9 19 21 53 38 41 23 5 23 0 32 67 34 12 45 48 0 31 71 14 41 59 67 29 46 18 69 71 62 14 25 1 66 34 47 68 13 55 17 70 57 30 7 6 15 50 7 42 24 28 35 52 14
run=3 seed=2 k=72 f=0
12 15 26 71 51 11 5 32 49 30 63 28 24 65 53 8 71 14 17 35 27 68 17 63 65 55 26 38 0 15 18 42 70 66 24 58 4 57 17 60 58 58 25 50 29 17 70 66 64 21 44 37 9 34 5 39 5 43 19 21 0 37 22 42 44 2 61 56 0 53 49 50 38 32 31 69 20 38 50 6
run=4 seed=3 k=72 f=0
9 39 45 55 33 0 48 54 33 40 58 66 14 19 58 9 51 26 49 71 64 17 22 3 30 42 63 65 28 22 70 25 27 19 4 48 18 38 4 35 39 44 48 70 38 43 57 16 24 33 10 3 15 69 10 62 60 0 2 61 7 1 55 64 67 45 13 18 33 71 71 55 58 70 0 16 53 47 11 36
run=5 seed=4 k=72 f=0
61 62 49 63 1 35 33 21 68 17 14 68 57 24 67 5 60 23 33 33 40 20 24 46 45 71 18 2 64 28 11 48 30 30 43 12 42 6 70 51 36 26 40 71 68 11 6 0 18 36 4 49 6 12 64 52 54 22 2 55 53 26 27 14 57 14 15 11 71 54 0 32 27 0 46 65 25 70 60 38
run=6 seed=5 k=72 f=0
46 53 66 0 68 0 8 44 15 16 48 41 30 33 14 45 70 40 7 64 71 2 63 11 70 56 29 0 68 55 13 22 51 60 42 34 5 71 9 71 5 53 51 10 36 24 45 68 18 47 47 24 29 15 31 24 31 62 11 61 63 27 52 16 19 39 36 0 39 64 23 55 9 37 0 2 49 20 27 71
run=7 seed=6 k=72 f=0
10 27 2 70 16 4 46 51 60 58 0 17 6 54 43 1 50 57 54 40 65 36 52 23 50 33 60 27 5 49 65 45 18 37 71 53 36 26 71 0 0 21 9 32 21 68 27 70 8 42 33 16 23 8 46 19 61 52 55 12 62 31 30 67 62 42 63 71 13 6 2 45 71 29 15 35 54 39 29 66
run=8 seed=7 k=72 f=0
45 7 59 31 26 43 50 15 24 59 62 62 32 62 16 55 9 40 38 40 68 31 6 56 27 30 1 0 4 65 71 46 61 33 6 39 10 3 71 53 50 21 58 71 2 68 8 13 45 0 13 41 21 61 23 52 70 25 0 70 71 15 6 50 47 64 18 49 13 43 15 32 54 39 64 33 30 21 52 47
run=9 seed=8 k=72 f=0
42 45 66 53 42 46 70 33 62 6 29 22 6 42 68 34 47 71 10 56 12 60 57 71 56 62 38 29 7 29 56 51 23 53 29 71 49 64 16 13 21 38 41 32 70 0 7 4 39 16 1 30 28 58 10 26 17 34 21 1 7 15 32 23 5 70 61 47 67 63 34 63 54 56 0 6 19 15 1 46
run=10 seed=9 k=72 f=0
7 1 61 31 2 13 45 27 35 17 68 45 71 49 37 47 17 34 19 2 28 57 67 23 39 26 39 45 29 1 64 71 18 58 55 21 26 67 8 63 71 63 49 40 61 12 0 71 37 53 11 70 5 10 21 3 33 0 14 13 71 30 18 0 42 60 36 69 38 47 11 55 62 49 43 24 29 61 46 7
run=11 seed=10 k=72 f=0
32 32 38 53 0 9 59 44 35 59 29 26 0 32 53 39 7 70 29 10 23 47 43 8 65 29 16 66 65 29 58 71 15 25 52 9 46 53 15 6 43 34 34 59 21 37 28 46 67 38 2 48 19 62 3 20 9 61 0 55 0 2 65 14 64 71 20 13 57 38 62 17 54 22 47 19 0 69 41 42
run=12 seed=11 k=72 f=0
29 6 13 53 47 71 49 45 41 0 25 45 1 27 59 42 62 19 11 42 51 31 37 8 57 34 61 17 55 42 43 59 44 57 4 64 4 0 16 51 17 35 66 39 66 13 0 53 26 71 2 14 0 20 28 10 71 22 67 16 14 25 63 8 36 23 6 48 15 22 40 71 55 37 48 54 31 69 0 26
run=13 seed=12 k=72 f=0
8 15 50 61 6 39 53 45 49 0 49 36 61 2 40 33 39 46 48 71 43 25 3 10 66 71 35 20 42 71 12 0 31 0 61 68 15 26 20 55 56 54 12 5 20 45 29 0 0 8 20 62 26 70 55 69 24 68 7 4 51 57 25 64 61 59 36 40 63 0 32 28 60 23 18 36 20 50 29 18
run=14 seed=13 k=72 f=0
64 47 63 31 52 26 56 35 4 35 67 68 48 11 16 35 45 8 18 38 16 0 25 59 9 71 50 8 34 1 25 71 2 42 29 29 44 60 6 23 64 61 0 38 59 34 49 48 60 37 18 65 3 44 19 13 11 56 25 22 21 51 37 30 53 66 3 41 7 10 65 0 12 10 54 1 56 39 50 68
run=15 seed=14 k=72 f=0
23 67 63 18 25 70 47 22 63 15 18 15 46 30 57 56 18 45 3 53 24 7 51 31 50 70 66 5 59 3 48 32 17 65 36 44 71 0 9 35 23 11 56 35 13 62 27 8 28 61 37 9 39 62 14 43 45 0 42 21 52 37 22 25 36 29 17 69 0 45 33 55 0 10 7 20 19 53 66 69
run=16 seed=15 k=72 f=0
26 47 21 71 8 57 58 14 7 61 71 22 56 68 9 0 25 60 44 56 37 11 45 63 30 52 40 1 16 12 7 63 71 49 60 56 53 28 35 34 0 49 69 35 19 4 40 40 62 34 57 46 13 30 9 21 70 44 5 40 5 68 30 0 1 71 26 52 25 49 19 11 71 17 43 40 3 23 17 33
run=17 seed=16 k=72 f=0
60 46 33 4 57 71 28 23 55 24 6 40 3 39 36 1 43 66 69 19 32 23 21 14 37 52 25 16 11 36 4 14 27 48 20 56 53 0 67 68 70 63 39 13 28 19 58 21 25 34 48 49 61 7 57 31 36 10 71 64 71 10 8 27 13 44 71 50 41 63 8 31 0 45 16 49 5 54 54 70
run=18 seed=17 k=72 f=0
25 44 61 35 65 71 39 39 28 47 50 50 29 48 6 52 2 18 45 15 7 65 69 68 19 30 43 54 14 26 70 38 40 0 56 33 35 32 23 71 58 71 63 39 27 20 51 63 66 58 6 55 39 18 54 5 31 60 58 0 23 70 1 9 11 45 69 58 27 14 71 9 13 0 47 10 15 51 0 19
run=19 seed=18 k=72 f=0
70 41 55 7 4 30 39 40 1 42 56 65 10 50 0 57 43 66 43 47 67 2 59 67 0 29 15 49 6 40 22 16 31 47 12 32 7 12 62 59 57 61 0 42 26 37 26 47 0 51 0 29 71 71 24 70 31 19 34 37 22 49 58 36 19 21 14 14 25 49 59 28 13 51 6 52 62 26 6 55
run=20 seed=19 k=72 f=0
16 25 37 28 71 38 17 57 9 27 31 59 1 33 46 33 63 18 56 7 69 43 23 18 64 41 40 37 46 49 23 0 55 2 47 14 42 64 71 65 13 37 28 70 48 7 46 52 20 71 57 2 29 24 47 16 11 25 16 4 0 21 63 56 11 26 58 39 59 2 35 51 48 35 9 66 4 71 51 63
