run=1 seed=0 k=86 f=0
7 49 53 47 19 77 26 85 9 75 60 35 22 59 83 77 31 80 61 4 35 85 45 61 38 22 25 35 43 75 7 43 2 52 83 28 59 24 37 50 52 25 0 33 6 41 4 18 75 56 15 18 85 1 61 67 74 30 15 67 66 53 26 71 10 39 76 16 69 5 7 21 15 12 40 49 58 36 79 53
run=2 seed=1 k=86 f=0
7 49 53 47 19 77 26 85 9 75 60 35 22 59 83 77 31 80 61 4 35 85 45 61 38 22 25 35 43 75 7 43 2 52 83 28 59 24 37 50 52 25 0 33 6 41 4 18 75 56 15 18 85 1 61 67 74 30 15 67 66 53 26 71 10 39 76 16 69 5 7 21 15 12 40 49 58 36 79 53
run=3 seed=2 k=86 f=0
0 57 20 25 39 61 18 5 52 43 0 34 41 52 56 43 80 27 4 59 28 85 29 61 31 49 17 35 34 35 11 64 6 67 84 75 64 53 39 75 3 74 16 44 78 25 66 72 42 1 69 63 70 24 84 30 53 85 38 9 13 69 19 8 74 81 47 52 14 45 37 17 22 49 61 8 7 81 81 14
run=4 seed=3 k=86 f=0
38 71 56 20 85 0 80 14 45 46 66 54 15 15 4 34 85 61 75 39 84 61 78 40 27 49 50 73 27 66 6 18 59 42 37 46 0 80 74 80 35 30 20 47 54 45 7 12 63 77 75 53 20 67 8 53 6 67 54 5 38 67 57 70 31 23 41 40 10 5 27 15 11 28 0 47 34 81 23 73
run=5 seed=4 k=86 f=0
23 75 52 59 80 21 85 15 70 75 6 69 62 4 71 19 11 63 3 45 61 0 34 42 37 72 26 2 50 1 83 50 47 84 57 26 52 56 25 36 37 23 8 13 28 5 78 0 44 33 15 59 57 41 45 79 66 79 72 81 18 11 61 24 35 33 33 53 81 50 51 61 83 18 0 8 42 68 32 84
run=6 seed=5 k=86 f=0
56 62 71 42 49 45 29 18 11 13 24 14 14 84 33 53 6 49 16 36 11 21 1 81 75 78 33 79 44 51 27 30 68 83 71 3 37 25 8 47 74 1 1 11 5 61 53 3 54 24 64 73 66 41 65 55 9 7 49 45 33 84 78 17 41 71 64 59 81 16 72 26 85 21 40 60 32 1 73 27
run=7 seed=6 k=86 f=0
21 84 68 83 76 1 18 27 58 40 66 27 75 5 84 72 0 30 27 54 37 58 52 41 5 63 9 32 81 62 14 7 63 8 10 66 70 40 84 48 53 0 68 84 83 57 25 74 18 52 34 46 43 19 56 20 49 38 45 44 74 17 16 16 15 49 73 66 79 71 23 80 7 1 81 61 63 19 30 49
run=8 seed=7 k=86 f=0
11 31 8 84 59 43 82 19 67 67 5 25 31 30 65 14 34 26 29 52 59 46 10 61 21 44 53 76 70 27 3 82 16 83 50 69 71 2 57 54 19 73 70 19 76 3 56 25 60 0 77 21 10 1 53 9 19 82 34 41 85 1 37 62 30 79 42 53 23 5 17 35 51 46 77 41 34 40 15 0
run=9 seed=8 k=86 f=0
40 80 72 2 25 61 37 3 9 63 85 1 36 3 63 66 31 65 15 0 23 32 27 47 83 83 38 83 51 71 68 6 72 75 69 44 78 85 25 52 19 80 46 1 49 14 79 48 62 8 29 18 49 56 13 39 46 28 13 11 18 74 24 23 55 79 59 35 40 12 57 21 72 5 40 20 31 81 68 17
run=10 seed=9 k=86 f=0
27 7 75 43 48 59 3 12 67 36 2 43 22 65 41 1 28 63 20 47 18 66 59 1 74 2 84 17 53 74 40 40 79 33 37 26 4 72 78 72 7 85 23 5 82 14 55 14 35 19 29 44 79 69 44 38 11 50 75 50 58 31 44 11 54 81 24 59 58 17 85 64 71 59 51 0 28 35 29 63
run=11 seed=10 k=86 f=0
63 78 56 35 35 85 13 57 29 11 85 48 34 49 14 20 80 52 75 48 55 28 65 11 38 70 79 50 40 48 60 6 57 10 44 65 24 28 79 1 25 70 38 17 52 68 2 76 39 13 2 70 30 59 75 67 85 43 34 84 4 60 7 63 20 52 84 27 15 71 45 76 57 84 22 25 44 62 63 76
run=12 seed=11 k=86 f=0
15 16 9 83 13 2 13 21 53 83 10 36 10 46 1 77 70 14 67 36 29 64 17 53 31 32 68 70 75 15 26 42 30 28 76 84 5 48 40 23 58 17 84 24 1 65 50 64 77 23 39 29 1 56 74 12 25 45 82 12 58 22 17 63 59 32 62 44 0 6 7 55 49 82 41 6 78 25 52 42
run=13 seed=12 k=86 f=0
1 19 22 11 10 45 23 31 35 78 64 10 18 73 50 78 36 29 44 32 85 28 36 56 40 48 19 26 14 77 54 59 9 22 54 38 82 62 70 33 85 23 85 1 32 71 71 10 27 80 64 79 0 70 53 75 0 60 74 3 57 54 61 73 15 20 2 66 5 38 7 20 66 42 16 40 28 2 50 34
run=14 seed=13 k=86 f=0
10 67 81 83 54 0 27 11 51 37 53 80 0 34 77 18 0 48 37 16 41 9 49 46 7 14 71 20 51 55 84 85 36 41 3 24 71 75 66 50 24 24 56 66 79 15 33 72 7 74 2 71 29 12 31 83 66 85 75 32 37 54 10 21 20 26 1 43 62 33 84 1 52 64 63 46 47 8 32 18
run=15 seed=14 k=86 f=0
9 11 71 48 79 11 63 38 19 0 58 64 37 58 84 35 69 32 27 29 65 54 41 70 58 16 38 68 31 60 1 44 62 67 48 74 31 0 7 43 26 71 85 44 3 19 9 66 39 47 9 51 80 12 76 52 58 75 85 82 0 15 32 23 18 81 78 69 20 85 60 53 27 3 7 1 30 15 10 54
run=16 seed=15 k=86 f=0
65 45 67 35 12 4 12 40 59 54 64 39 23 26 84 37 31 0 26 47 73 17 61 77 43 42 18 39 1 46 83 53 8 75 2 84 14 15 53 73 54 21 34 41 5 48 2 85 4 21 71 75 77 46 58 69 82 30 85 60 62 76 30 49 28 24 48 30 31 64 9 23 53 59 69 62 76 0 8 15
run=17 seed=16 k=86 f=0
6 73 55 16 39 26 74 77 81 16 39 21 67 83 12 8 47 0 58 49 56 44 3 36 26 70 56 48 20 47 7 35 79 51 48 64 70 7 59 58 65 82 42 73 72 85 27 57 78 15 0 29 57 15 65 17 28 27 1 54 5 0 0 83 30 40 49 80 21 7 24 35 39 42 32 67 48 74 10 0
run=18 seed=17 k=86 f=0
31 17 5 77 27 24 43 85 55 59 63 52 1 60 60 79 0 36 48 15 27 3 39 22 27 57 54 73 9 41 49 56 49 29 75 38 64 3 76 22 85 8 19 58 19 36 64 9 70 45 32 85 21 63 49 40 35 8 46 69 84 8 31 74 10 69 25 44 73 7 65 80 30 75 10 21 78 65 81 85
run=19 seed=18 k=86 f=0
2 15 17 59 74 12 80 70 57 83 30 8 54 4 70 2 11 63 18 69 61 75 79 85 49 31 0 44 15 36 60 27 34 46 44 40 79 26 7 26 28 35 55 69 81 47 6 23 0 85 48 42 76 53 77 1 65 13 49 63 50 23 36 38 85 81 70 73 7 77 5 36 59 63 21 13 61 18 80 9
run=20 seed=19 k=86 f=0
37 42 46 58 67 80 7 35 70 8 45 53 69 12 80 49 38 83 29 25 13 78 13 4 59 23 82 52 41 37 1 63 20 11 40 2 0 21 0 61 67 7 65 71 84 9 83 1 85 14 19 69 59 17 56 46 79 45 72 34 31 24 21 3 76 14 16 75 35 72 50 17 67 27 74 57 28 51 85 12
