run=1 seed=0 k=79 f=0
47 60 27 59 50 40 19 16 64 13 45 77 1 9 64 8 39 18 59 25 34 17 36 76 51 54 39 30 52 48 23 72 17 25 32 41 69 70 36 38 71 40 50 55 24 10 6 50 47 11 2 71 66 0 6 30 11 25 64 36 23 0 36 61 56 78 63 66 54 17 0 57 32 52 75 20 0 31 3 42
run=2 seed=1 k=79 f=0
47 60 27 59 50 40 19 16 64 13 45 77 1 9 64 8 39 18 59 25 34 17 36 76 51 54 39 30 52 48 23 72 17 25 32 41 69 70 36 38 71 40 50 55 24 10 6 50 47 11 2 71 66 0 6 30 11 25 64 36 23 0 36 61 56 78 63 66 54 17 0 57 32 52 75 20 0 31 3 42
run=3 seed=2 k=79 f=0
7 34 46 64 1 33 72 64 75 76 5 72 1 15 48 23 48 7 50 48 69 53 18 42 1 37 31 62 48 8 65 8 32 51 24 45 37 0 73 55 0 60 17 26 77 66 78 20 29 21 56 21 12 34 42 11 74 77 77 60 64 15 63 69 27 45 1 46 29 77 76 22 0 16 57 13 54 22 19 73
run=4 seed=3 k=79 f=0
52 22 41 18 30 1 4 7 57 10 2 6 48 66 66 0 56 49 53 17 51 76 22 33 43 37 6 32 30 51 11 12 8 42 3 58 37 77 50 75 24 37 59 8 25 57 26 38 14 0 42 59 76 64 32 64 74 27 59 34 44 16 22 16 23 16 21 60 69 71 9 67 30 0 65 22 73 61 28 23
run=5 seed=4 k=79 f=0
58 0 63 14 71 43 22 71 54 49 39 69 24 59 12 58 53 15 24 30 72 36 20 73 66 3 63 30 74 41 34 13 40 64 5 18 20 78 24 75 20 78 7 55 77 34 10 64 28 39 52 65 78 44 35 18 61 0 48 28 62 7 9 26 56 3 44 19 21 31 47 43 10 49 70 35 29 4 7 59
run=6 seed=5 k=79 f=0
29 46 10 19 30 0 13 65 71 50 74 65 23 36 77 38 49 59 72 63 24 78 62 61 58 1 72 57 6 31 66 53 68 33 39 5 43 7 51 10 24 14 24 49 4 1 35 28 56 28 12 76 78 60 74 18 6 52 43 12 37 22 12 42 40 58 24 32 33 5 68 76 19 36 12 76 41 47 0 12
run=7 seed=6 k=79 f=0
58 44 46 55 2 78 75 36 41 45 16 7 53 71 19 35 67 14 46 25 63 12 45 24 66 3 16 0 42 46 31 72 63 0 76 0 34 71 10 71 62 57 47 64 17 13 21 5 28 78 5 27 50 26 23 29 65 44 1 53 60 78 64 55 58 55 59 9 49 69 33 21 18 2 41 8 16 35 41 75
run=8 seed=7 k=79 f=0
36 64 25 67 36 49 23 76 71 50 51 44 71 37 56 72 70 61 47 70 42 14 16 0 57 0 14 27 46 58 21 3 41 68 75 51 12 3 42 3 5 56 12 78 21 50 13 9 18 38 78 76 56 16 21 28 64 78 20 32 26 7 35 31 60 63 4 66 33 39 78 71 8 63 47 26 37 31 10 11
run=9 seed=8 k=79 f=0
69 19 27 75 16 49 69 30 0 19 49 12 0 67 14 77 9 40 0 75 2 69 30 62 29 61 36 54 32 47 16 25 48 76 29 56 40 57 42 6 55 54 66 12 38 31 55 38 1 25 4 78 70 62 5 23 42 77 39 47 78 7 72 18 16 63 6 57 11 19 33 61 44 22 52 70 75 11 65 27
run=10 seed=9 k=79 f=0
46 3 32 24 15 5 13 24 52 2 17 25 39 74 24 65 78 63 41 70 11 21 11 77 50 44 43 70 4 63 52 77 60 38 68 41 65 56 10 16 30 3 73 43 1 0 55 61 57 33 10 67 8 24 17 32 58 32 61 13 68 31 37 26 1 76 38 59 52 51 50 78 16 52 0 45 14 4 39 47
run=11 seed=10 k=79 f=0
78 2 42 46 36 26 53 2 54 18 43 74 27 21 43 19 0 23 70 4 30 62 11 78 31 56 70 55 47 2 75 46 68 52 21 53 62 43 31 35 60 58 61 33 78 0 1 66 21 65 32 28 30 9 72 78 0 10 22 40 45 8 9 7 19 17 16 57 73 22 78 26 11 51 38 41 50 39 13 59
run=12 seed=11 k=79 f=0
20 52 35 42 39 23 54 11 3 73 32 7 26 21 53 33 66 6 21 53 40 25 11 56 27 14 30 39 69 78 43 64 0 78 28 17 78 30 0 69 51 78 18 0 50 44 6 61 30 58 0 5 1 9 41 52 47 34 15 58 43 68 70 50 68 35 38 8 0 65 35 51 74 12 24 59 44 6 71 17
run=13 seed=12 k=79 f=0
45 14 67 23 38 26 68 53 3 30 45 21 27 47 68 45 12 38 15 71 53 76 14 49 59 3 73 61 56 9 78 8 77 9 67 0 9 0 35 0 31 1 60 47 72 52 13 67 75 67 1 0 58 78 72 41 49 36 28 26 43 36 16 19 22 58 30 9 37 40 26 66 34 17 50 59 75 65 19 0
run=14 seed=13 k=79 f=0
3 68 4 43 10 30 66 51 8 67 66 23 45 58 63 16 53 44 66 38 23 54 49 60 75 6 9 55 21 76 78 78 12 37 37 9 49 66 72 32 48 60 57 50 39 68 70 41 42 34 0 48 16 52 11 1 20 77 6 0 60 29 53 22 25 19 40 47 47 33 0 14 78 19 71 71 74 25 16 5
run=15 seed=14 k=79 f=0
16 47 30 13 65 14 49 76 7 75 52 72 72 17 0 74 0 48 41 78 28 65 38 62 57 25 26 57 54 3 66 16 50 2 5 21 4 27 9 39 49 61 37 7 24 78 14 64 63 41 73 7 54 32 69 52 51 28 43 36 9 12 28 59 62 34 64 67 8 35 75 48 32 12 16 23 77 43 69 19
run=16 seed=15 k=79 f=0
48 59 11 17 51 12 49 25 5 7 74 4 73 39 1 9 24 56 36 56 0 23 48 62 52 78 27 65 21 78 0 43 10 65 14 48 76 0 16 58 12 68 38 69 17 21 78 27 54 15 50 7 63 27 20 45 77 33 34 32 71 68 77 47 51 61 27 78 16 37 31 14 40 43 5 3 52 4 8 30
run=17 seed=16 k=79 f=0
33 73 52 41 44 78 72 22 29 13 34 56 71 27 43 22 65 30 34 24 46 37 9 6 41 17 75 77 46 53 2 55 16 37 64 0 22 54 46 50 11 77 13 19 65 38 5 57 32 40 34 57 77 16 4 67 4 3 10 50 24 9 2 72 73 41 20 28 68 64 59 66 10 61 49 29 9 27 0 37
run=18 seed=17 k=79 f=0
65 71 63 74 12 33 36 57 42 5 62 77 40 17 59 64 73 0 25 28 21 55 21 49 72 29 25 76 76 61 46 39 16 66 78 34 21 7 21 52 54 46 76 15 7 31 23 55 66 20 4 60 41 0 46 71 55 7 77 29 49 50 8 36 40 1 45 40 10 41 12 44 4 71 59 69 78 11 2 30
run=19 seed=18 k=79 f=0
56 6 4 9 3 71 5 0 62 47 20 50 73 60 21 69 11 26 62 35 44 31 27 48 19 34 31 78 39 19 69 23 2 41 29 15 17 61 75 64 77 77 8 78 10 27 36 3 73 56 0 31 20 53 17 36 14 42 11 2 65 58 22 49 27 52 65 41 59 58 78 35 42 9 2 66 11 67 51 39
run=20 seed=19 k=79 f=0
58 0 46 14 62 58 71 26 15 16 31 9 6 30 40 57 3 36 2 66 16 35 14 61 65 12 69 24 59 32 74 27 68 67 10 71 44 2 38 32 9 45 45 78 11 53 22 47 65 78 40 6 48 74 17 72 54 17 78 48 19 21 6 53 10 34 41 30 7 78 60 1 40 75 26 22 9 23 52 50
