run=1 seed=0 k=98 f=0
86 35 37 5 29 14 24 72 57 67 58 47 6 67 69 10 30 74 72 45 52 97 14 37 50 82 73 48 29 23 1 0 94 96 15 79 57 84 9 16 57 38 19 63 81 41 90 68 23 60 87 82 91 92 41 2 46 78 22 61 0 27 18 5 28 47 40 39 87 49 12 3 70 31 51 65 32 14 79 56
run=2 seed=1 k=98 f=0
86 35 37 5 29 14 24 72 57 67 58 47 6 67 69 10 30 74 72 45 52 97 14 37 50 82 73 48 29 23 1 0 94 96 15 79 57 84 9 16 57 38 19 63 81 41 90 68 23 60 87 82 91 92 41 2 46 78 22 61 0 27 18 5 28 47 40 39 87 49 12 3 70 31 51 65 32 14 79 56
run=3 seed=2 k=98 f=0
1 69 8 51 21 69 76 3 30 93 16 85 5 49 85 92 81 54 5 4 78 58 51 67 53 17 4 62 94 79 23 50 34 78 59 20 22 88 61 97 87 33 26 48 82 49 84 92 74 45 33 11 59 68 41 14 43 70 88 73 34 14 43 64 48 58 59 62 24 22 11 37 94 13 1 94 38 41 45 27
run=4 seed=3 k=98 f=0
4 47 84 70 97 42 92 48 57 80 70 32 71 23 10 11 90 15 35 21 39 82 62 29 91 29 17 33 3 84 54 74 20 37 21 19 97 24 30 52 34 2 84 33 26 26 37 18 12 40 95 35 81 59 61 72 44 79 95 0 3 53 47 49 5 92 69 44 30 1 96 64 57 39 72 83 0 47 57 59
run=5 seed=4 k=98 f=0
63 3 20 78 91 37 27 28 82 93 40 40 16 37 95 10 72 95 30 55 65 44 62 0 2 10 96 50 46 38 0 96 42 68 45 91 8 57 17 22 87 15 0 5 68 83 70 92 32 51 57 97 21 54 47 11 78 55 31 34 79 21 47 84 89 72 75 53 87 48 27 75 62 69 38 25 27 10 76 60
run=6 seed=5 k=98 f=0
93 78 34 3 14 97 80 43 24 81 15 49 48 78 86 30 6 76 82 38 45 97 11 71 69 64 25 71 2 91 96 10 18 32 33 38 4 12 76 39 14 63 52 57 41 67 43 3 73 14 41 71 83 53 22 69 73 78 91 57 56 89 62 91 93 34 26 2 23 58 0 29 23 55 45 97 78 82 4 32
run=7 seed=6 k=98 f=0
84 4 8 25 50 94 46 31 64 42 35 45 41 61 24 90 10 27 28 20 62 52 68 0 14 89 35 3 6 87 17 10 76 85 36 29 33 38 54 95 96 56 60 79 41 65 37 74 59 79 50 14 0 75 14 6 2 50 81 70 38 0 29 72 73 18 57 54 45 77 20 8 97 14 52 65 51 69 95 54
run=8 seed=7 k=98 f=0
22 80 17 85 15 81 10 67 18 74 75 45 83 44 47 74 19 95 92 66 48 15 38 0 38 38 9 32 29 60 59 56 10 30 50 95 67 16 93 56 23 26 1 62 84 37 38 9 75 86 93 79 0 39 75 49 82 92 96 63 8 51 27 56 38 72 96 7 5 29 64 83 29 18 47 73 32 42 34 95
run=9 seed=8 k=98 f=0
9 87 44 67 13 69 32 61 7 39 71 21 40 10 17 76 89 74 53 33 55 97 45 50 70 15 76 57 83 9 58 42 91 40 64 67 85 17 24 29 19 4 51 35 85 72 67 89 45 81 33 56 6 34 85 97 94 63 13 35 37 58 21 65 5 45 89 22 24 24 0 94 57 1 30 48 77 97 92 81
run=10 seed=9 k=98 f=0
97 72 59 9 72 83 47 26 33 62 45 13 40 71 89 66 78 86 50 94 37 88 21 85 23 38 67 81 32 97 54 18 67 33 90 96 56 63 78 1 27 31 19 51 58 47 38 43 30 49 43 22 91 42 9 70 81 24 53 81 22 3 6 97 88 97 94 45 7 75 3 35 62 74 69 13 20 2 66 55
run=11 seed=10 k=98 f=0
27 42 88 63 21 41 8 15 20 61 25 78 72 47 85 97 60 44 37 85 58 14 31 79 84 14 42 77 16 16 77 79 15 4 0 86 44 90 49 92 88 93 23 67 3 53 58 0 67 95 24 84 23 51 53 59 65 3 38 50 51 72 55 82 76 28 36 23 3 1 73 12 6 37 35 29 50 94 70 32
run=12 seed=11 k=98 f=0
15 1 15 21 65 47 57 65 25 53 12 52 10 88 33 50 70 44 15 62 35 86 39 49 83 57 34 78 1 67 50 70 1 97 92 43 24 14 20 96 60 7 85 26 95 43 68 0 37 21 11 25 79 23 74 37 57 64 53 58 95 38 14 3 42 79 84 72 97 85 64 4 12 88 31 39 87 95 26 76
run=13 seed=12 k=98 f=0
32 84 14 12 80 93 9 75 65 56 62 62 36 4 82 37 97 65 65 45 13 97 55 21 94 80 78 64 36 97 86 56 45 50 40 45 52 86 15 95 50 0 41 46 4 25 53 28 90 21 28 72 0 30 1 7 50 12 76 21 71 70 13 32 29 80 44 82 89 36 57 41 36 3 8 18 69 62 24 72
run=14 seed=13 k=98 f=0
34 74 29 64 73 51 28 29 58 55 82 67 42 86 68 89 64 84 48 91 4 15 15 16 71 45 95 76 37 48 0 57 2 3 37 41 47 65 10 9 23 11 76 20 97 19 5 2 79 54 10 7 29 26 34 41 86 97 39 26 7 61 9 12 95 97 61 9 66 87 21 0 88 57 95 0 77 72 22 25
run=15 seed=14 k=98 f=0
5 42 33 4 78 16 24 42 52 26 90 90 65 92 84 65 58 46 41 69 18 29 53 56 85 77 21 73 10 87 66 6 0 9 64 83 79 53 61 39 80 49 73 24 23 15 89 62 70 32 33 53 20 86 36 2 30 95 78 95 97 12 20 88 24 85 38 57 60 67 64 53 11 27 2 15 43 47 33 35
run=16 seed=15 k=98 f=0
17 8 32 53 60 60 28 30 10 40 47 75 32 14 82 15 57 97 50 63 93 58 67 45 72 79 8 53 62 66 25 41 72 40 88 50 47 23 81 7 95 33 1 9 7 64 24 44 3 34 74 81 43 22 68 94 9 90 84 34 65 90 70 49 12 35 2 24 0 82 85 83 25 55 16 78 87 20 24 5
run=17 seed=16 k=98 f=0
35 73 58 58 51 47 93 81 7 76 95 29 5 3 44 40 75 68 30 75 32 19 63 36 48 60 90 58 45 10 13 66 83 9 62 56 0 54 69 68 65 24 92 80 2 93 35 59 20 48 25 59 85 96 31 38 80 16 51 82 95 13 34 17 23 94 19 61 85 47 2 43 11 52 38 11 3 74 5 23
run=18 seed=17 k=98 f=0
25 84 79 37 1 12 89 31 21 43 53 9 31 29 40 57 2 43 86 7 74 21 69 15 63 87 88 10 1 5 16 66 92 95 70 49 87 5 17 56 61 15 81 90 12 48 25 50 94 77 50 23 21 35 72 40 25 18 39 80 66 1 59 29 88 68 11 96 95 71 13 74 35 80 58 50 0 25 30 47
run=19 seed=18 k=98 f=0
24 35 20 71 47 74 65 6 26 92 31 29 88 61 31 0 78 58 16 83 22 93 61 45 70 97 89 0 44 0 30 64 11 26 96 59 96 66 54 68 39 57 13 83 25 3 42 89 10 18 54 88 64 7 90 39 34 81 14 80 87 9 7 49 97 49 10 47 43 31 71 38 44 51 0 69 12 22 74 63
run=20 seed=19 k=98 f=0
97 61 30 54 4 77 44 51 70 76 77 73 21 67 63 54 51 58 81 92 83 40 89 42 64 1 72 26 37 63 27 13 37 33 67 6 88 10 21 53 18 28 87 64 90 1 81 94 36 80 93 74 66 36 71 1 19 79 68 18 90 27 26 96 60 18 14 7 3 84 24 43 14 13 42 46 42 32 57 3
