run=1 seed=0 k=92 f=0
11 65 54 0 29 68 14 24 57 1 86 39 15 63 55 25 84 10 8 30 39 80 44 49 70 68 30 39 2 40 45 90 74 17 17 7 68 59 6 91 73 74 88 79 58 1 22 88 48 30 15 90 59 52 48 37 62 26 58 49 91 17 48 39 43 13 34 33 4 84 74 57 19 81 0 43 30 64 19 90
run=2 seed=1 k=92 f=0
11 65 54 0 29 68 14 24 57 1 86 39 15 63 55 25 84 10 8 30 39 80 44 49 70 68 30 39 2 40 45 90 74 17 17 7 68 59 6 91 73 74 88 79 58 1 22 88 48 30 15 90 59 52 48 37 62 26 58 49 91 17 48 39 43 13 34 33 4 84 74 57 19 81 0 43 30 64 19 90
run=3 seed=2 k=92 f=0
10 22 44 19 61 14 36 33 49 75 26 74 71 85 17 69 90 77 7 35 90 80 61 48 50 16 10 66 51 29 36 30 2 1 49 12 88 84 18 45 57 19 24 52 17 23 76 1 66 31 76 13 41 86 38 58 75 79 72 41 58 1 19 68 44 68 21 83 56 66 47 55 0 33 7 41 90 85 5 60
run=4 seed=3 k=92 f=0
86 49 24 88 69 22 44 46 75 0 70 35 1 79 31 56 72 54 85 23 15 66 14 66 69 27 47 21 8 10 15 29 48 32 22 77 27 66 11 56 0 51 4 15 9 75 1 52 44 84 23 19 60 37 76 37 12 13 6 20 11 41 63 91 87 85 57 31 90 79 21 64 2 90 38 81 60 39 40 55
run=5 seed=4 k=92 f=0
41 18 50 22 39 33 37 64 46 89 60 25 26 12 91 0 66 57 49 2 9 68 0 71 33 9 51 75 3 88 80 26 55 72 19 47 85 84 91 32 29 91 5 63 12 48 6 90 54 91 39 25 42 63 45 53 74 3 34 82 77 53 27 16 22 3 63 43 79 2 36 17 2 78 28 54 11 15 46 62
run=6 seed=5 k=92 f=0
68 6 42 68 40 88 56 77 56 37 66 0 64 35 46 52 48 30 83 2 14 37 59 21 71 79 47 17 44 32 66 61 91 51 55 76 52 39 10 6 5 77 83 17 30 75 27 7 32 40 15 20 10 69 72 65 5 36 91 89 22 11 76 5 58 23 32 21 47 82 90 43 67 27 57 31 50 56 21 11
run=7 seed=6 k=92 f=0
61 53 43 53 40 53 50 13 85 70 28 74 82 61 42 28 36 72 91 76 35 62 76 91 85 14 4 28 9 67 79 70 68 79 0 17 49 90 1 35 17 53 58 26 76 88 55 2 43 65 29 31 1 11 19 69 82 14 45 40 81 2 58 6 43 35 18 16 5 43 30 22 91 57 50 30 13 23 19 34
run=8 seed=7 k=92 f=0
37 11 19 87 5 5 83 57 20 21 40 84 26 74 45 76 65 81 39 13 20 43 36 20 64 24 65 54 43 8 1 86 5 21 16 91 49 12 1 64 33 0 89 61 54 91 48 33 17 74 49 9 53 47 70 83 56 13 31 1 36 17 9 31 78 44 70 29 66 75 59 73 2 79 45 77 52 42 58 59
run=9 seed=8 k=92 f=0
60 88 82 29 51 61 50 24 81 81 91 42 72 0 54 46 48 31 85 33 1 70 81 65 36 39 56 89 31 7 9 28 44 55 17 33 67 15 45 3 44 76 85 25 7 11 19 4 57 12 77 6 1 66 0 71 39 34 13 57 78 77 28 73 77 51 65 15 51 18 64 19 23 80 91 58 37 88 23 22
run=10 seed=9 k=92 f=0
63 62 49 47 72 33 44 90 26 44 64 48 54 1 73 32 72 53 90 79 53 72 22 31 51 18 16 83 28 6 43 44 3 44 23 26 30 83 0 16 36 37 23 89 78 68 0 66 1 39 87 54 58 64 7 58 5 89 90 10 89 40 78 64 73 49 14 65 0 79 78 75 11 41 30 50 22 61 18 23
run=11 seed=10 k=92 f=0
39 56 53 65 38 21 27 27 87 91 91 27 24 33 1 21 8 62 7 19 32 68 7 40 50 80 28 79 50 86 65 0 33 54 48 40 46 5 13 12 75 12 73 85 90 89 16 2 70 33 58 0 52 81 37 49 69 65 41 75 1 62 64 25 66 40 44 35 76 5 86 4 17 55 44 26 66 16 53 74
run=12 seed=11 k=92 f=0
23 41 65 48 19 19 65 70 89 55 64 48 42 58 31 8 25 44 79 2 75 52 21 21 75 85 31 80 15 69 70 61 55 51 30 23 70 77 43 14 40 85 36 30 39 5 56 57 57 66 8 48 75 68 62 6 3 88 44 90 11 30 77 16 29 38 38 17 28 58 91 37 32 78 1 51 82 0 16 62
run=13 seed=12 k=92 f=0
52 90 18 2 2 39 80 86 1 0 10 57 61 46 29 84 63 23 47 68 22 36 20 50 30 73 66 82 57 75 80 14 89 69 78 65 24 55 20 37 24 54 1 32 8 78 1 20 0 50 36 66 33 62 45 63 88 68 2 70 81 18 53 89 77 79 24 42 76 84 16 87 41 16 8 39 90 10 47 42
run=14 seed=13 k=92 f=0
26 41 87 35 4 58 44 45 34 15 91 77 74 66 45 28 81 9 64 70 21 7 57 50 45 58 61 69 19 85 5 85 34 87 29 52 7 29 18 88 40 12 76 66 19 21 5 48 35 17 26 1 47 75 51 1 91 54 53 36 91 70 73 37 65 10 55 83 35 73 69 61 26 67 0 46 77 12 2 27
run=15 seed=14 k=92 f=0
39 68 79 11 69 60 83 40 2 78 14 4 74 30 33 17 66 2 47 4 24 34 39 90 28 57 63 24 75 81 46 62 8 72 40 42 67 31 25 57 18 91 91 22 80 47 39 46 89 19 3 49 78 30 47 14 83 83 75 72 50 89 70 83 65 79 16 41 50 41 10 16 29 0 38 19 89 25 41 53
run=16 seed=15 k=92 f=0
65 41 53 40 24 33 6 90 11 5 79 72 48 20 73 69 38 75 57 89 11 20 57 29 33 66 76 41 72 88 5 84 8 17 64 62 14 68 4 27 55 50 48 87 2 2 28 52 21 82 64 31 49 75 8 24 16 84 2 88 29 47 82 59 54 2 90 18 33 9 91 57 7 35 0 39 79 19 62 81
run=17 seed=16 k=92 f=0
44 37 87 31 27 47 67 3 36 72 69 53 31 79 60 56 12 68 0 49 14 26 5 48 38 41 58 85 91 0 1 80 77 78 90 1 4 91 55 24 86 20 27 11 48 13 73 21 30 90 70 41 73 73 36 83 64 69 59 12 19 87 0 5 13 60 57 78 4 21 47 61 81 91 56 37 69 38 31 7
run=18 seed=17 k=92 f=0
61 77 72 12 47 24 25 79 9 14 49 71 35 34 18 14 10 89 66 15 58 6 81 3 87 22 20 26 11 84 80 23 66 8 28 28 47 37 28 5 45 79 54 80 31 13 42 55 84 36 70 51 53 0 17 64 55 89 71 52 0 39 73 29 1 88 89 5 87 51 47 33 62 77 70 42 32 59 36 27
run=19 seed=18 k=92 f=0
52 38 39 74 20 29 47 4 52 1 30 4 18 70 62 0 59 8 33 80 16 71 39 35 60 43 63 77 18 13 36 25 47 23 52 90 72 48 59 90 49 89 35 15 84 82 70 73 23 80 89 88 14 68 72 85 3 28 8 21 52 45 10 88 16 42 62 70 45 24 1 12 66 56 29 39 6 0 62 78
run=20 seed=19 k=92 f=0
36 60 47 67 62 51 30 30 80 76 91 78 3 14 81 11 68 91 3 52 26 44 59 14 39 41 6 90 25 34 35 87 42 63 25 70 22 23 75 53 62 71 46 32 81 9 89 26 48 0 46 87 84 48 4 38 39 73 36 29 34 19 15 76 14 90 2 53 79 25 10 62 18 30 57 13 68 91 1 60
