run=1 seed=0 k=68 f=0
30 39 63 39 49 21 41 59 1 53 20 61 39 67 59 18 25 36 27 38 58 8 33 6 47 44 47 67 36 23 0 45 25 27 57 27 43 66 44 12 16 13 7 1 56 0 54 62 33 67 57 23 6 67 49 12 39 52 1 33 51 66 27 18 34 53 10 5 30 67 0 20 14 65 58 22 41 32 65 14
run=2 seed=1 k=68 f=0
30 39 63 39 49 21 41 59 1 53 20 61 39 67 59 18 25 36 27 38 58 8 33 6 47 44 47 67 36 23 0 45 25 27 57 27 43 66 44 12 16 13 7 1 56 0 54 62 33 67 57 23 6 67 49 12 39 52 1 33 51 66 27 18 34 53 10 5 30 67 0 20 14 65 58 22 41 32 65 14
run=3 seed=2 k=68 f=0
26 60 48 55 61 46 56 9 53 43 53 53 56 52 40 66 58 29 51 66 41 25 65 6 9 7 45 17 32 15 0 7 1 62 4 12 64 22 42 47 62 14 2 10 1 10 21 18 42 66 25 45 24 23 53 67 38 33 0 47 34 38 62 40 31 37 65 56 32 67 47 3 0 19 16 56 1 37 21 48
run=4 seed=3 k=68 f=0
8 27 57 15 45 56 56 67 49 52 32 41 54 12 18 17 25 62 31 57 39 67 38 6 36 7 57 28 64 67 0 52 1 21 55 10 62 12 5 48 20 13 45 6 61 13 1 16 32 17 38 25 67 0 30 0 65 36 4 47 48 5 63 53 51 25 36 25 22 27 1 20 58 26 39 35 41 46 47 32
run=5 seed=4 k=68 f=0
51 6 66 21 15 61 29 48 40 35 15 12 47 7 1 52 21 53 2 57 65 37 60 56 17 35 64 10 20 1 44 24 26 29 48 19 41 17 8 19 28 8 67 34 41 32 49 50 55 0 37 57 66 58 4 24 67 62 31 62 47 29 17 42 38 0 3 8 46 47 60 0 28 7 11 40 8 14 1 37
run=6 seed=5 k=68 f=0
34 17 7 66 0 1 10 37 25 45 6 0 13 58 61 60 15 53 67 45 0 51 23 1 18 66 39 1 4 49 32 23 42 19 8 43 16 46 54 49 25 16 61 29 7 6 57 15 36 23 13 47 48 32 10 66 49 27 66 36 8 27 40 38 26 57 24 52 37 31 31 62 57 67 1 59 37 58 29 21
run=7 seed=6 k=68 f=0
20 60 48 16 40 47 6 27 1 32 19 51 31 13 8 48 0 41 16 58 41 13 35 41 6 54 8 44 1 52 35 23 50 5 0 3 64 67 12 1 21 31 58 1 56 25 23 35 43 66 60 32 9 61 32 19 9 38 1 39 35 27 23 14 40 61 17 64 67 27 48 12 18 57 25 53 9 66 48 2
run=8 seed=7 k=68 f=0
54 36 24 36 49 52 16 3 59 29 40 64 50 64 38 2 34 49 16 64 20 60 56 7 57 67 51 8 35 67 45 44 66 64 67 52 43 39 46 24 13 8 30 0 66 33 36 24 8 42 1 25 19 57 21 10 33 2 53 40 0 25 37 6 56 67 2 9 29 27 13 15 27 59 58 23 32 43 1 32
run=9 seed=8 k=68 f=0
8 17 4 66 47 50 10 33 21 48 67 0 25 64 62 11 15 53 26 26 46 30 17 39 32 41 51 39 15 5 7 61 0 45 57 38 22 7 13 52 21 19 19 61 55 43 39 12 65 23 33 54 32 0 28 40 67 34 36 44 8 67 65 67 57 1 0 22 5 26 60 60 48 12 1 42 32 59 54 16
run=10 seed=9 k=68 f=0
67 17 35 35 28 55 59 62 22 23 2 58 62 6 34 32 0 8 15 28 51 67 11 18 49 55 27 1 41 9 32 23 23 50 64 6 29 1 8 16 59 8 29 24 40 4 16 66 66 25 47 14 13 55 67 14 0 45 59 1 48 11 10 18 38 34 30 65 37 67 61 38 34 54 41 46 42 0 15 40
run=11 seed=10 k=68 f=0
29 35 41 43 0 35 19 29 66 62 24 7 33 29 49 49 22 32 64 34 7 67 23 0 12 55 34 15 13 55 45 15 58 20 46 24 67 43 5 1 63 53 59 16 31 39 63 3 30 41 6 48 0 37 1 54 27 22 61 40 15 57 44 67 65 24 4 3 44 17 49 50 62 13 8 10 47 26 0 65
run=12 seed=11 k=68 f=0
67 19 62 9 55 0 5 46 53 8 64 36 41 65 21 28 25 4 11 25 4 51 37 47 39 16 0 58 12 37 45 42 52 39 46 62 46 67 29 0 20 59 12 34 2 10 10 44 52 42 54 41 67 22 21 60 67 30 16 57 9 15 37 49 55 26 30 48 34 62 31 23 0 60 58 7 14 26 47 66
run=13 seed=12 k=68 f=0
19 31 1 28 43 32 55 9 51 55 26 56 36 11 7 38 29 36 58 16 61 49 32 49 44 3 58 62 63 67 44 21 54 0 0 0 67 25 63 46 23 53 52 47 1 13 33 2 38 21 36 32 49 10 67 58 28 26 35 25 65 16 17 14 38 41 18 63 5 4 43 33 10 1 58 67 13 17 44 61
run=14 seed=13 k=68 f=0
31 20 49 57 13 35 56 29 64 7 42 61 25 61 62 54 46 58 40 0 34 45 53 66 14 15 29 14 51 39 1 26 44 11 33 11 20 66 4 1 18 17 50 0 1 11 25 45 26 67 9 21 6 61 41 56 4 53 57 67 39 36 20 22 20 6 8 25 67 0 0 42 53 35 32 50 18 49 10 15
run=15 seed=14 k=68 f=0
28 45 29 2 52 11 15 19 1 41 28 19 61 6 18 57 31 6 40 65 19 0 35 30 49 60 12 10 20 67 52 32 0 36 14 26 58 27 5 67 38 45 56 0 8 33 42 33 9 39 59 29 0 2 65 42 60 42 54 65 67 36 50 48 47 60 0 16 7 21 14 2 53 24 22 25 21 52 37 39
run=16 seed=15 k=68 f=0
53 35 33 62 52 65 30 4 0 66 45 67 28 60 4 43 15 26 32 19 67 51 38 16 16 6 47 14 44 25 0 1 67 19 25 13 0 34 51 44 67 8 10 0 65 61 48 29 49 41 33 3 31 16 45 56 62 20 58 5 59 25 42 54 61 14 16 57 28 1 0 36 22 10 66 42 38 55 36 37
run=17 seed=16 k=68 f=0
43 64 32 64 15 36 19 30 45 66 47 36 9 62 53 22 39 26 65 56 2 41 1 40 15 67 56 18 47 0 23 31 67 0 28 12 61 52 65 1 7 9 42 67 57 15 25 28 28 47 34 33 0 47 16 8 0 24 67 46 20 4 4 60 21 19 2 34 17 27 33 52 56 47 8 38 1 19 26 31
run=18 seed=17 k=68 f=0
28 10 40 2 31 3 11 60 21 20 30 51 8 8 67 39 48 9 18 54 47 0 13 26 56 60 66 37 50 11 21 59 56 46 64 33 62 67 23 44 44 23 35 61 6 19 6 13 4 40 57 31 14 52 18 40 43 0 67 65 22 24 32 0 12 55 57 46 15 39 54 11 67 32 29 2 26 51 7 43
run=19 seed=18 k=68 f=0
25 16 15 0 12 41 4 28 52 34 41 29 29 67 41 22 58 44 56 55 47 33 47 10 64 32 53 14 30 33 40 66 4 36 20 56 45 1 8 57 5 0 67 31 5 35 46 4 21 0 23 12 49 39 53 62 30 67 19 51 39 40 25 19 48 14 36 15 9 45 26 9 65 16 10 60 22 63 28 50
run=20 seed=19 k=68 f=0
67 60 8 2 62 61 9 34 24 36 29 30 17 21 61 33 58 65 7 61 43 10 7 57 2 27 30 29 57 20 47 67 42 10 45 22 53 1 66 11 63 37 23 36 47 23 51 42 67 0 11 67 9 22 54 15 54 2 51 56 50 16 35 45 43 6 34 25 3 38 33 44 41 35 17 11 28 48 20 67
