run=1 seed=0 k=74 f=0
73 30 63 23 53 24 32 66 59 31 72 60 28 0 38 2 44 18 73 52 11 56 67 3 66 8 49 59 55 59 66 64 9 41 45 18 3 73 30 52 38 35 53 48 46 44 28 42 73 36 73 70 23 16 2 13 25 65 21 13 0 25 0 28 8 33 20 56 43 33 68 37 51 20 59 58 68 14 1 71
run=2 seed=1 k=74 f=0
73 30 63 23 53 24 32 66 59 31 72 60 28 0 38 2 44 18 73 52 11 56 67 3 66 8 49 59 55 59 66 64 9 41 45 18 3 73 30 52 38 35 53 48 46 44 28 42 73 36 73 70 23 16 2 13 25 65 21 13 0 25 0 28 8 33 20 56 43 33 68 37 51 20 59 58 68 14 1 71
run=3 seed=2 k=74 f=0
58 32 36 13 15 6 4 27 55 73 72 11 53 50 9 72 8 41 46 36 12 43 1 36 16 63 44 40 10 67 0 57 25 34 1 66 50 61 1 1 27 19 21 51 30 31 0 46 72 48 58 38 36 38 12 72 68 66 64 4 0 38 13 70 42 32 57 52 27 22 56 23 19 17 27 50 24 5 5 73
run=4 seed=3 k=74 f=0
13 61 60 4 48 18 57 66 31 2 32 25 53 29 32 0 63 50 65 71 13 49 26 60 45 37 33 46 1 50 44 37 8 57 58 32 72 33 22 61 13 44 42 0 73 0 25 39 56 19 66 23 6 17 73 47 28 41 57 8 70 19 11 11 7 60 39 58 24 41 0 51 44 19 28 9 68 25 3 70
run=5 seed=4 k=74 f=0
49 45 48 24 63 11 3 21 28 71 17 0 45 23 57 36 70 20 12 59 66 24 72 10 18 7 69 19 38 51 59 0 5 72 29 73 10 32 3 64 1 7 48 26 69 73 40 62 18 52 16 11 27 45 63 39 54 32 40 5 61 55 7 0 54 51 20 43 31 60 13 39 35 23 42 71 73 39 50 18
run=6 seed=5 k=74 f=0
58 56 40 34 12 58 72 22 2 23 54 50 54 50 18 17 54 69 3 17 24 46 41 48 55 0 56 11 67 25 32 73 64 51 33 3 0 36 0 34 42 66 15 29 27 23 57 50 38 62 13 1 10 49 5 67 22 45 5 8 18 37 72 23 72 10 16 65 39 68 31 16 73 7 44 57 18 0 31 38
run=7 seed=6 k=74 f=0
55 53 10 53 16 55 62 48 73 10 1 62 65 51 49 60 0 33 33 16 67 23 60 45 51 67 20 18 5 70 38 7 8 23 2 2 72 41 62 33 29 40 5 64 0 41 51 12 47 26 60 70 9 25 14 28 57 0 29 42 39 29 46 49 71 3 41 70 48 5 73 23 17 15 58 73 20 36 59 28
run=8 seed=7 k=74 f=0
63 23 25 11 47 31 28 73 4 13 69 16 6 18 15 42 73 65 18 0 15 73 0 73 50 26 37 22 71 63 5 6 58 54 10 65 52 24 61 33 46 34 1 72 28 25 54 55 0 51 28 10 60 55 10 47 25 42 59 59 8 1 67 44 39 19 62 69 47 21 32 73 40 67 17 72 40 52 27 30
run=9 seed=8 k=74 f=0
57 68 28 39 68 6 20 15 45 31 66 13 2 70 64 53 64 55 5 21 28 9 71 55 25 37 27 7 7 5 17 62 33 28 27 40 50 67 59 21 60 73 44 39 33 72 35 31 57 48 49 54 22 46 0 22 16 41 37 1 2 73 63 9 35 72 73 16 0 18 16 65 30 9 73 57 51 68 52 14
run=10 seed=9 k=74 f=0
14 38 59 14 22 73 37 52 20 62 25 62 62 32 45 72 26 55 62 73 59 21 71 33 3 35 56 0 11 5 67 48 25 32 69 29 32 42 7 56 22 41 13 49 42 3 34 28 52 44 45 62 17 1 22 62 12 69 5 16 0 55 50 5 68 5 17 29 33 65 65 44 9 39 73 54 16 73 16 51
run=11 seed=10 k=74 f=0
25 40 42 48 68 35 57 25 21 15 36 50 48 73 31 55 0 72 41 69 48 65 43 28 47 47 18 55 64 62 25 14 19 15 4 73 61 62 49 0 54 60 43 23 5 13 29 43 31 18 8 30 67 26 6 70 51 73 22 22 59 34 62 54 1 54 12 73 0 39 26 42 7 37 37 34 0 2 8 12
run=12 seed=11 k=74 f=0
59 16 31 43 73 18 23 8 49 25 29 8 63 4 10 41 18 9 15 20 8 26 19 20 67 27 68 40 33 57 44 0 53 23 40 60 18 73 43 70 14 48 50 2 59 30 50 59 38 1 27 51 65 31 64 28 65 1 37 21 73 32 23 41 56 39 72 11 57 34 33 51 47 44 56 5 10 7 68 72
run=13 seed=12 k=74 f=0
26 68 72 64 8 47 56 67 1 46 48 59 70 35 4 0 17 51 52 66 28 41 26 32 34 8 41 56 26 73 58 20 45 58 64 14 51 21 40 34 50 13 73 13 61 10 65 70 38 25 14 48 72 43 3 29 73 19 56 73 1 9 19 42 10 61 6 22 5 21 33 3 47 63 64 25 38 1 36 58
run=14 seed=13 k=74 f=0
36 7 50 67 7 55 0 26 68 53 63 55 0 8 69 13 22 8 54 35 57 72 35 12 5 0 32 5 29 21 64 40 18 71 16 20 43 35 7 61 41 1 60 67 23 8 63 23 73 36 1 71 13 69 18 12 25 29 10 60 63 34 59 43 50 46 37 45 48 49 28 0 47 51 54 60 2 58 19 41
run=15 seed=14 k=74 f=0
31 68 41 41 67 36 19 1 5 40 71 51 27 68 18 47 26 0 1 19 29 58 51 12 22 71 54 63 57 72 44 14 45 13 44 0 24 73 23 0 7 63 41 22 32 37 9 27 15 7 25 0 58 55 30 66 20 71 42 73 33 64 42 63 57 15 34 5 6 62 20 9 43 61 50 33 50 33 52 0
run=16 seed=15 k=74 f=0
25 32 30 1 24 29 19 68 73 49 55 65 72 2 12 62 19 69 48 67 44 23 4 59 0 56 30 65 68 14 11 73 50 9 56 51 57 54 47 0 73 19 34 16 8 44 65 21 4 38 51 59 28 40 23 4 66 34 36 17 12 41 14 1 16 63 40 55 0 68 62 9 73 21 47 6 43 40 12 6
run=17 seed=16 k=74 f=0
0 37 55 9 51 43 13 69 73 8 26 18 13 63 28 0 15 8 9 16 59 12 17 40 14 72 72 46 25 0 38 21 73 17 18 28 51 54 39 36 52 4 0 69 44 7 43 0 42 56 31 73 33 71 31 62 28 60 67 33 65 57 36 40 9 20 51 73 50 19 48 69 3 22 24 43 11 64 36 54
run=18 seed=17 k=74 f=0
8 12 5 63 31 44 20 17 37 37 3 27 55 0 72 73 30 39 22 42 49 65 34 48 1 17 6 50 25 27 59 6 43 57 50 35 15 28 34 62 41 17 66 71 61 3 54 64 44 62 72 73 53 39 1 8 63 32 33 18 72 53 27 48 72 55 47 28 58 36 23 70 0 22 8 72 32 14 24 1
run=19 seed=18 k=74 f=0
60 12 43 71 0 0 45 58 66 41 0 24 53 4 38 51 27 73 27 49 24 43 67 61 14 9 29 10 32 38 66 5 73 51 56 58 32 7 17 46 47 17 31 67 36 65 14 12 71 18 20 70 42 69 40 22 42 16 37 64 34 73 42 59 68 35 60 23 62 9 66 0 50 6 0 31 52 0 71 24
run=20 seed=19 k=74 f=0
11 17 6 17 26 48 7 1 38 45 14 54 63 68 42 46 58 66 57 26 73 38 36 56 30 14 64 58 39 6 20 0 4 55 45 65 67 73 67 25 51 7 10 18 21 47 39 69 73 24 27 17 42 68 28 61 18 34 62 71 7 9 24 37 35 12 72 53 53 44 48 2 33 15 0 32 34 73 45 22
