run=1 seed=0 k=80 f=0
70 3 57 37 71 15 26 63 68 61 21 20 50 38 78 59 0 66 52 56 14 73 71 29 36 30 60 3 67 4 9 42 22 76 29 27 33 56 50 42 50 77 26 48 12 0 78 4 71 57 78 6 39 20 40 33 62 13 65 67 79 78 44 7 3 24 46 45 33 17 46 55 11 65 18 7 74 44 0 70
run=2 seed=1 k=80 f=0
70 3 57 37 71 15 26 63 68 61 21 20 50 38 78 59 0 66 52 56 14 73 71 29 36 30 60 3 67 4 9 42 22 76 29 27 33 56 50 42 50 77 26 48 12 0 78 4 71 57 78 6 39 20 40 33 62 13 65 67 79 78 44 7 3 24 46 45 33 17 46 55 11 65 18 7 74 44 0 70
run=3 seed=2 k=80 f=0
10 40 68 14 25 71 64 77 25 27 70 18 31 53 58 7 72 79 48 10 0 51 9 50 56 21 58 37 70 23 31 60 22 31 1 76 54 17 42 77 78 17 49 26 20 4 16 34 48 1 44 5 36 33 63 6 69 43 28 33 65 44 63 41 24 54 37 70 79 33 57 63 28 68 10 42 42 0 37 64
run=4 seed=3 k=80 f=0
11 33 64 24 65 10 74 16 48 64 58 47 74 59 42 56 25 18 45 9 48 22 78 58 29 7 45 57 68 78 79 14 16 54 6 1 35 78 29 68 29 28 63 45 8 22 41 75 56 39 3 37 65 37 34 24 76 52 0 71 79 41 31 0 47 37 13 18 68 69 71 77 14 0 48 51 2 11 35 36
run=5 seed=4 k=80 f=0
17 6 34 46 18 79 8 55 68 25 51 34 74 44 34 12 0 61 34 8 67 20 48 29 53 79 2 42 19 20 30 55 24 15 59 76 79 4 64 0 61 39 38 71 4 66 22 58 16 68 76 67 25 47 24 32 71 55 75 42 55 29 11 50 73 48 31 19 27 56 31 9 46 46 9 2 13 38 60 6
run=6 seed=5 k=80 f=0
79 76 10 72 57 55 0 38 33 61 25 48 60 78 10 20 74 23 68 79 34 6 79 19 0 57 63 52 52 47 6 47 44 60 39 41 57 2 50 68 27 1 13 30 40 23 77 47 9 66 13 15 18 13 78 19 25 3 17 29 0 11 76 43 73 68 29 53 59 3 51 37 27 32 34 52 38 38 41 68
run=7 seed=6 k=80 f=0
62 25 72 65 28 60 6 3 42 18 15 46 51 53 2 54 20 13 12 24 6 41 60 39 29 49 27 31 37 16 69 19 72 22 53 14 36 75 64 79 45 0 45 40 77 57 59 78 8 38 77 23 64 67 54 15 38 13 33 64 56 8 5 4 39 34 79 44 61 55 70 70 79 22 29 77 49 7 45 79
run=8 seed=7 k=80 f=0
37 64 12 66 45 43 40 17 0 73 58 41 16 48 0 34 18 66 15 16 23 74 28 24 50 44 1 65 17 77 32 54 50 38 6 16 77 10 31 58 57 29 49 4 25 7 20 77 54 35 39 1 71 76 25 55 37 30 43 11 8 2 29 57 2 67 26 67 3 11 0 23 26 67 79 61 34 45 70 71
run=9 seed=8 k=80 f=0
56 44 30 29 71 68 62 21 61 33 6 23 36 73 17 54 20 35 1 37 61 78 57 12 14 77 42 41 55 3 8 32 63 9 61 3 1 79 57 10 64 11 63 55 23 29 23 76 61 12 18 6 40 41 26 46 50 74 69 73 30 38 9 0 41 29 77 5 19 54 56 47 70 52 48 25 3 70 48 24
run=10 seed=9 k=80 f=0
0 31 5 67 10 13 18 38 42 52 8 8 25 66 37 15 49 21 46 59 23 72 11 1 39 75 77 63 29 29 0 64 75 47 2 44 33 31 55 44 7 33 79 43 29 69 26 3 18 37 18 54 27 56 69 62 21 14 45 58 66 77 18 60 17 50 78 68 0 55 2 24 56 59 12 69 74 41 78 51
run=11 seed=10 k=80 f=0
15 2 38 79 18 54 35 71 27 67 4 53 48 13 24 61 0 79 71 28 68 36 75 21 19 26 70 35 25 36 41 23 59 30 60 79 42 11 17 71 5 78 45 3 52 79 16 78 61 8 58 48 47 5 21 64 33 7 57 30 19 10 17 67 59 38 4 43 45 45 56 0 71 32 36 51 46 12 14 66
run=12 seed=11 k=80 f=0
31 43 7 56 43 25 41 47 9 3 59 3 44 2 1 33 38 52 75 18 66 25 37 21 61 79 74 18 71 47 26 6 58 63 52 52 38 40 6 10 61 37 75 67 51 24 48 45 31 22 15 53 47 15 18 54 61 71 50 70 60 18 77 29 33 1 14 40 78 30 12 56 69 51 4 71 33 5 1 66
run=13 seed=12 k=80 f=0
0 30 34 48 43 55 17 26 17 24 75 52 37 14 8 24 26 48 58 39 62 48 60 20 38 72 7 65 30 77 43 78 53 63 74 10 70 79 49 46 56 30 0 15 66 17 69 36 64 18 36 78 35 17 31 71 8 79 21 4 79 74 61 9 7 45 40 54 2 29 41 33 2 28 57 66 26 66 10 0
run=14 seed=13 k=80 f=0
12 64 79 78 0 63 32 78 12 51 70 79 0 11 74 43 67 50 70 45 18 51 63 25 2 24 5 41 43 15 36 5 30 9 37 27 4 71 54 20 72 61 0 56 35 36 9 24 48 58 58 1 0 28 30 37 52 64 35 16 35 56 53 17 21 2 75 76 79 66 43 71 12 55 76 15 45 48 10 37
run=15 seed=14 k=80 f=0
43 79 71 78 0 4 7 12 26 26 8 64 48 30 25 66 76 0 25 44 0 14 59 38 60 40 0 4 43 9 59 38 13 23 12 44 18 38 30 35 66 19 60 18 50 7 3 78 27 19 19 67 49 78 48 70 52 57 74 34 57 7 38 11 77 56 52 77 30 53 32 72 4 78 66 63 34 28 57 68
run=16 seed=15 k=80 f=0
79 66 77 55 32 43 34 69 79 48 43 32 64 2 50 60 27 67 4 0 28 37 20 24 0 37 8 34 40 69 73 77 10 34 41 12 15 7 17 3 62 54 23 30 50 38 56 14 58 79 17 23 7 70 58 52 24 27 20 23 20 73 30 15 78 0 74 9 8 37 1 64 44 73 51 14 63 79 65 41
run=17 seed=16 k=80 f=0
1 11 73 69 22 25 7 63 53 12 2 69 79 22 15 2 8 15 61 13 55 33 21 54 78 46 28 72 51 19 68 18 65 78 3 62 60 51 19 51 61 79 69 45 39 9 21 61 17 75 76 33 28 47 2 35 12 30 27 57 39 47 3 33 9 76 61 26 66 1 22 37 1 42 56 33 5 36 41 8
run=18 seed=17 k=80 f=0
68 39 79 67 0 12 65 37 73 7 41 45 79 56 62 78 42 35 68 23 64 0 53 24 22 53 8 28 39 58 76 17 48 6 36 71 75 21 78 21 19 7 66 57 47 0 10 47 6 14 49 15 66 25 48 0 49 12 32 34 79 12 57 74 55 27 5 0 53 35 59 53 26 30 0 60 65 43 73 71
run=19 seed=18 k=80 f=0
38 77 40 47 36 41 7 25 2 77 60 61 42 58 78 64 43 18 0 76 4 56 11 59 8 71 24 57 14 0 31 47 51 52 77 41 0 34 45 9 9 29 67 73 30 29 66 49 35 1 68 76 23 19 8 15 7 67 13 73 50 17 26 79 1 79 28 56 38 33 29 46 14 17 59 53 60 74 22 8
run=20 seed=19 k=80 f=0
22 21 8 42 9 55 41 65 12 4 59 0 37 46 9 5 6 66 63 40 49 36 15 2 18 50 79 42 65 70 72 75 54 10 41 11 13 78 47 31 57 14 19 72 55 73 77 63 39 59 30 11 17 23 1 42 51 63 27 31 79 67 31 36 25 4 50 45 67 11 44 50 70 44 26 33 20 23 5 76
