run=1 seed=0 k=111 f=0
34 54 24 46 56 109 103 55 96 59 35 91 65 16 41 60 87 17 95 52 29 41 9 3 45 78 35 52 55 85 101 86 110 83 17 81 13 37 69 74 93 0 98 47 108 82 65 27 20 0 24 35 58 8 73 19 80 101 109 25 71 99 56 53 14 78 70 4 76 107 105 0 9 30 27 39 5 53 96 11 49 102 63 62 65 21 45 74 11 109 92 24 83 86 76 3 62 36 24 94
run=2 seed=1 k=111 f=0
34 54 24 46 56 109 103 55 96 59 35 91 65 16 41 60 87 17 95 52 29 41 9 3 45 78 35 52 55 85 101 86 110 83 17 81 13 37 69 74 93 0 98 47 108 82 65 27 20 0 24 35 58 8 73 19 80 101 109 25 71 99 56 53 14 78 70 4 76 107 105 0 9 30 27 39 5 53 96 11 49 102 63 62 65 21 45 74 11 109 92 24 83 86 76 3 62 36 24 94
run=3 seed=2 k=111 f=0
21 62 110 44 15 6 78 90 61 102 109 28 62 50 80 30 10 65 97 52 79 5 38 77 13 55 16 87 84 110 68 105 31 13 38 51 10 57 0 1 101 19 96 80 67 68 0 33 94 0 34 5 110 75 48 101 6 108 11 44 70 75 90 105 43 45 94 89 68 61 41 58 20 89 27 87 53 52 94 0 58 47 22 33 37 45 81 26 44 89 98 22 16 34 2 73 1 37 103 69
run=4 seed=3 k=111 f=0
22 48 60 40 14 55 21 7 31 76 37 4 90 81 67 98 89 49 61 108 56 89 100 63 82 57 53 60 70 13 7 34 16 93 41 39 86 29 66 36 32 50 40 86 40 49 99 77 98 18 110 97 44 109 0 14 94 106 16 10 109 30 85 11 85 68 76 92 2 89 74 68 82 0 66 9 105 101 77 110 73 83 94 102 27 56 32 78 49 24 28 51 47 109 56 21 19 25 60 21
run=5 seed=4 k=111 f=0
60 95 86 71 100 85 69 58 65 71 64 0 3 47 101 36 55 19 49 53 108 80 64 105 8 11 51 34 64 0 91 71 91 35 75 23 10 106 4 77 7 44 75 62 92 110 40 25 100 88 37 11 30 61 51 9 24 68 87 18 62 55 102 96 90 95 30 28 31 27 5 39 72 22 42 105 73 63 19 12 0 12 44 26 100 43 109 95 1 67 54 12 83 84 43 45 81 49 45 2
run=6 seed=5 k=111 f=0
55 31 3 65 86 61 84 108 12 46 52 98 51 13 1 61 95 39 4 110 98 10 78 85 18 1 96 85 92 25 69 90 64 46 33 41 74 9 37 27 56 25 56 51 51 105 57 25 83 61 6 75 12 78 18 73 11 18 83 81 21 0 55 87 28 84 16 102 44 105 70 90 109 9 28 95 40 45 61 109 106 68 107 102 17 93 52 75 39 78 37 2 102 8 93 77 38 35 53 95
run=7 seed=6 k=111 f=0
18 98 102 102 80 104 27 84 34 10 72 109 14 14 34 23 0 9 3 16 84 8 97 88 92 104 18 52 47 75 76 75 80 52 66 50 72 32 59 42 95 36 43 26 13 59 51 59 87 57 60 1 45 99 18 75 27 92 64 42 29 59 9 72 8 46 78 70 0 42 65 33 19 50 37 11 68 0 101 96 107 56 2 93 44 107 79 27 18 90 66 24 2 84 102 110 35 11 10 84
run=8 seed=7 k=111 f=0
58 21 86 1 72 0 65 73 78 13 54 109 108 90 52 14 35 109 110 0 92 4 0 39 85 67 109 96 0 11 42 43 78 17 18 33 72 26 61 40 73 34 38 12 65 32 54 55 1 12 55 76 26 55 81 106 95 5 107 98 47 75 30 4 90 64 99 6 65 63 87 49 76 89 56 5 40 49 74 99 25 81 21 102 16 21 97 82 85 20 66 46 35 34 22 9 30 62 6 95
run=9 seed=8 k=111 f=0
61 72 102 11 75 23 25 103 38 105 46 51 52 98 9 83 110 74 66 104 54 16 108 61 45 8 69 44 7 42 18 99 0 28 18 106 88 67 61 23 2 61 12 55 35 66 109 4 59 81 90 54 101 46 85 47 87 79 33 1 25 27 100 20 94 77 73 58 0 23 91 98 0 15 50 10 88 96 68 19 110 24 15 42 89 105 34 83 14 64 35 76 75 15 77 4 47 41 35 35
run=10 seed=9 k=111 f=0
79 110 22 96 71 110 103 52 20 99 24 100 55 36 65 55 67 106 25 106 30 86 34 74 3 50 8 109 85 19 109 11 102 72 106 47 71 25 93 22 27 80 59 82 79 46 108 94 40 75 45 25 93 2 97 36 92 33 71 21 1 92 84 34 2 63 2 66 44 65 9 12 57 2 18 54 4 85 5 38 101 64 54 84 58 93 27 105 15 5 15 16 45 40 109 39 60 85 46 45
run=11 seed=10 k=111 f=0
25 50 5 3 105 107 77 85 8 38 34 98 29 46 19 10 95 110 29 105 24 109 43 63 84 35 55 96 64 99 75 87 102 27 37 31 90 61 41 74 29 16 100 89 20 52 40 43 9 81 86 21 0 76 77 52 97 110 59 69 58 2 89 49 20 22 86 110 0 39 14 63 42 36 66 52 74 23 92 12 45 67 33 91 78 82 104 72 58 18 3 5 56 48 93 70 12 22 67 13
run=12 seed=11 k=111 f=0
59 53 99 84 60 19 97 13 86 25 62 63 32 14 41 33 58 90 110 17 42 100 19 7 86 48 31 77 70 94 93 70 88 24 38 88 52 6 103 70 103 55 65 76 96 81 87 57 39 80 21 88 69 83 54 96 10 4 108 18 5 106 48 41 46 30 39 54 93 64 13 94 105 16 31 46 42 50 31 80 1 22 109 109 8 106 96 73 76 9 97 80 0 1 10 36 53 23 108 0
run=13 seed=12 k=111 f=0
68 35 35 7 91 36 53 87 1 9 71 96 99 49 43 22 21 50 74 103 95 62 63 49 108 65 41 56 63 110 7 41 109 57 30 87 61 0 32 21 86 18 73 10 66 5 65 70 54 29 14 82 43 0 17 108 105 89 27 57 76 48 96 101 98 24 106 88 83 96 109 40 0 76 83 66 48 22 36 72 8 50 84 40 56 32 10 63 14 93 13 48 79 80 97 7 105 105 29 77
run=14 seed=13 k=111 f=0
63 77 6 59 29 91 43 24 74 45 89 1 37 99 76 25 69 31 71 36 8 68 109 80 86 46 11 2 19 2 57 0 24 65 6 32 9 4 45 49 109 77 51 45 11 83 60 108 53 7 37 71 16 56 19 58 102 107 61 99 62 108 85 85 73 10 0 52 17 69 101 18 93 70 110 23 66 52 52 63 91 43 23 39 99 15 25 90 29 0 97 81 86 72 39 13 28 39 101 100
run=15 seed=14 k=111 f=0
16 55 78 63 101 110 56 86 42 40 105 106 102 42 92 47 72 57 91 90 98 67 33 82 12 109 91 25 20 72 81 19 52 67 38 8 97 13 95 83 25 51 78 20 109 7 69 75 41 0 50 75 62 71 39 101 10 71 81 83 33 3 1 26 60 7 34 24 2 18 46 46 22 20 97 107 34 3 12 39 60 32 90 5 44 30 87 107 102 10 62 32 76 54 34 21 99 77 1 61
run=16 seed=15 k=111 f=0
32 18 80 38 98 33 41 92 73 10 55 70 26 2 49 110 56 100 11 67 48 0 63 104 37 74 67 102 31 54 110 73 10 80 54 100 58 20 47 20 22 102 110 49 45 81 88 43 33 41 77 22 8 88 9 85 3 0 36 24 92 78 51 0 103 15 8 102 7 28 62 89 108 95 27 43 6 5 20 18 59 26 92 70 82 40 83 85 108 17 72 14 80 52 66 31 99 50 72 69
run=17 seed=16 k=111 f=0
0 39 18 76 31 80 34 27 36 45 101 33 11 21 102 53 103 85 9 54 94 61 54 62 14 68 109 61 97 0 1 110 91 75 39 87 56 55 4 109 11 76 44 101 81 97 43 72 75 54 69 76 45 64 35 10 102 66 26 106 21 71 110 5 86 20 88 59 13 93 29 19 110 83 94 91 89 27 36 52 20 46 48 64 0 74 12 44 106 60 39 20 30 90 25 109 50 2 4 65
run=18 seed=17 k=111 f=0
14 28 74 1 31 58 13 42 3 74 79 106 92 106 75 89 69 0 79 58 50 69 37 105 6 110 43 28 25 65 37 39 110 22 43 58 89 101 108 99 6 17 66 36 109 59 17 46 82 100 96 73 32 67 9 76 52 1 110 18 91 48 64 43 51 18 84 28 9 22 75 67 47 23 54 83 106 13 25 81 1 98 92 84 91 40 19 32 100 88 51 2 11 56 95 32 75 9 54 25
run=19 seed=18 k=111 f=0
64 52 43 78 43 75 45 58 11 78 37 88 71 12 97 93 20 72 101 47 25 41 104 28 54 92 103 8 60 1 28 0 23 34 78 18 56 94 17 46 84 54 105 30 109 106 14 20 69 58 42 1 41 32 3 110 13 81 16 82 108 73 79 85 27 99 101 23 105 68 10 38 2 5 49 68 52 53 6 61 62 84 36 43 78 39 78 91 34 100 13 88 88 15 8 65 71 97 80 65
run=20 seed=19 k=111 f=0
11 20 106 106 61 58 44 75 38 52 80 49 61 39 87 65 25 73 94 45 38 108 65 83 33 13 75 35 95 16 67 51 78 53 102 29 57 0 104 99 88 25 85 18 7 5 28 106 40 59 27 17 0 33 41 27 10 44 71 82 89 43 78 95 66 11 109 16 98 60 102 76 69 30 34 78 34 94 8 36 0 87 49 110 61 22 79 48 76 49 109 26 96 91 107 13 102 105 67 90
