run=1 seed=0 k=107 f=0
64 99 99 1 37 27 39 38 102 13 67 37 76 84 51 66 68 82 94 18 54 7 64 69 32 20 60 21 68 14 75 46 7 106 17 83 55 3 14 101 99 105 73 18 14 17 4 89 106 4 48 10 50 5 96 53 71 43 1 78 61 42 22 55 47 11 79 0 35 23 44 72 75 0 35 51 77 91 91 105 28 85 0 24 76 26 91 34 105 12 85 59 98 94 52 86 26 25 19 38
run=2 seed=1 k=107 f=0
64 99 99 1 37 27 39 38 102 13 67 37 76 84 51 66 68 82 94 18 54 7 64 69 32 20 60 21 68 14 75 46 7 106 17 83 55 3 14 101 99 105 73 18 14 17 4 89 106 4 48 10 50 5 96 53 71 43 1 78 61 42 22 55 47 11 79 0 35 23 44 72 75 0 35 51 77 91 91 105 28 85 0 24 76 26 91 34 105 12 85 59 98 94 52 86 26 25 19 38
run=3 seed=2 k=107 f=0
12 27 18 72 8 32 86 74 65 50 106 44 79 56 52 47 50 14 98 7 100 11 28 13 9 72 45 23 33 83 6 34 40 24 82 69 34 100 36 90 106 74 65 8 23 57 72 45 10 58 23 14 0 56 44 54 91 5 41 39 19 59 38 88 15 18 60 78 85 96 38 73 106 19 30 19 84 30 25 89 65 2 3 3 50 103 97 0 40 80 65 58 9 103 88 81 88 80 23 106
run=4 seed=3 k=107 f=0
84 0 72 83 105 35 51 26 74 24 74 63 7 6 51 72 106 30 22 2 58 91 45 33 102 68 47 64 81 15 91 45 26 83 73 23 0 71 90 75 99 66 18 106 64 56 4 62 45 86 75 35 15 0 43 99 39 17 97 13 76 82 4 94 6 50 96 2 10 3 8 95 98 88 54 55 10 69 50 94 31 85 23 63 20 105 36 60 20 1 42 37 78 69 92 103 24 29 106 86
run=5 seed=4 k=107 f=0
1 13 37 68 9 76 64 104 40 18 93 38 91 6 25 78 32 98 25 103 4 97 57 97 5 10 24 84 74 33 58 33 42 0 106 84 95 34 52 32 49 14 69 8 43 16 19 1 3 44 15 30 67 64 82 47 1 105 24 106 53 58 104 17 42 66 41 34 56 55 61 73 102 63 89 75 56 7 39 18 90 47 87 25 70 71 76 78 96 106 53 77 101 50 86 9 86 26 85 25
run=6 seed=5 k=107 f=0
80 35 17 30 52 91 56 38 45 58 73 57 48 54 93 2 99 88 99 26 56 96 21 20 8 21 102 42 2 88 83 78 105 3 1 24 97 98 59 70 47 104 28 7 88 1 84 12 86 9 38 13 75 60 76 20 71 10 40 62 48 40 33 41 81 62 67 23 65 58 69 18 106 62 60 34 27 68 85 6 46 17 52 15 9 84 0 77 95 32 34 105 57 106 32 51 15 31 84 69
run=7 seed=6 k=107 f=0
77 56 73 95 96 5 1 50 25 45 72 39 83 29 35 37 101 9 4 42 30 1 87 76 91 33 1 57 41 105 57 85 0 43 54 99 88 70 79 7 70 22 0 26 78 54 64 76 47 74 15 20 1 44 96 84 106 28 102 49 15 60 39 52 13 93 52 18 93 24 25 104 83 64 62 74 53 48 63 10 69 13 17 104 51 19 92 32 68 80 97 88 106 2 9 35 90 22 92 103
run=8 seed=7 k=107 f=0
33 56 5 5 3 65 97 79 47 19 21 89 29 67 70 68 106 10 102 104 39 11 0 66 51 50 46 11 39 16 24 78 95 1 31 46 62 102 27 23 79 50 18 49 37 50 59 73 13 38 93 74 2 93 33 56 42 83 0 82 97 4 32 81 90 86 10 98 29 86 26 41 77 6 90 12 95 100 73 1 19 59 7 70 84 40 65 56 55 59 106 44 57 72 62 61 11 29 36 25
run=9 seed=8 k=107 f=0
26 5 63 46 64 98 53 71 54 40 93 53 48 27 104 56 3 21 104 0 100 30 71 100 19 86 1 54 87 11 60 75 19 104 80 89 87 91 25 63 68 7 7 12 34 37 0 6 31 73 36 6 105 95 30 44 46 4 67 48 97 1 33 48 37 64 70 65 40 79 65 103 44 74 37 58 78 55 22 63 14 86 27 57 50 82 15 28 102 94 93 78 35 73 83 17 16 22 31 56
run=10 seed=9 k=107 f=0
49 12 60 47 100 54 17 12 69 1 79 71 96 10 72 106 37 84 69 91 50 23 45 89 90 55 14 29 49 56 97 76 15 0 55 39 24 72 47 102 0 18 32 90 45 34 75 82 106 77 106 69 65 84 42 27 10 82 69 81 47 65 89 101 97 37 81 53 2 78 94 58 2 8 15 47 45 23 27 33 32 61 3 64 37 63 26 69 2 5 43 106 1 35 11 55 82 91 45 105
run=11 seed=10 k=107 f=0
86 17 68 11 3 22 25 44 62 10 50 56 24 57 44 45 15 84 35 39 84 67 60 30 92 62 20 0 66 105 32 56 73 77 97 76 97 14 34 106 44 30 1 59 78 8 36 4 88 23 96 35 3 88 38 100 42 33 94 3 32 29 44 105 92 73 6 18 22 88 9 65 101 60 94 63 46 66 104 51 11 73 86 54 6 15 47 1 16 74 91 64 103 47 102 26 80 40 58 32
run=12 seed=11 k=107 f=0
27 62 9 0 20 50 23 42 85 35 52 70 101 35 92 91 67 76 40 106 29 44 105 86 77 43 104 70 95 95 49 81 32 57 86 10 0 105 30 18 60 60 84 68 102 10 53 61 80 27 11 64 89 70 23 98 31 52 37 20 36 56 12 95 74 18 78 44 3 38 50 99 18 41 0 99 33 26 22 7 51 12 3 6 93 79 102 47 43 15 64 65 46 8 30 16 77 58 3 80
run=13 seed=12 k=107 f=0
58 27 105 76 6 83 76 15 63 77 100 106 42 37 9 93 62 26 65 91 0 68 84 36 40 102 68 96 81 13 73 84 79 97 92 56 5 71 33 34 28 105 106 18 101 64 43 96 70 19 44 6 46 56 38 52 25 89 20 9 95 50 16 0 79 3 66 85 46 51 87 22 37 51 79 70 67 93 54 63 75 13 43 48 37 18 10 102 32 52 27 60 103 68 60 7 90 82 92 32
run=14 seed=13 k=107 f=0
13 48 55 8 96 95 72 1 80 42 100 40 90 22 99 38 45 28 9 78 106 14 49 103 72 72 93 79 10 19 63 62 39 89 76 69 20 20 31 61 38 28 78 84 56 69 64 40 12 3 1 97 33 51 49 104 18 106 8 25 22 104 15 38 72 7 40 93 90 71 56 85 96 46 106 37 60 59 69 13 82 0 31 10 54 5 85 81 16 93 29 44 65 3 15 63 76 78 63 70
run=15 seed=14 k=107 f=0
34 54 80 19 44 61 42 93 37 80 63 15 1 63 42 62 9 65 76 46 0 25 64 48 27 51 56 97 1 69 83 40 56 56 17 87 51 12 41 9 94 104 47 37 85 26 2 26 32 79 105 97 60 4 23 105 27 76 72 10 70 36 89 86 75 81 84 99 84 89 96 0 41 64 105 66 50 34 30 14 93 52 5 35 13 104 1 80 18 73 90 102 21 72 18 5 46 102 64 93
run=16 seed=15 k=107 f=0
67 12 53 97 101 0 106 11 50 59 100 106 71 78 18 57 102 22 41 52 85 47 10 6 102 49 105 90 3 38 41 105 100 41 87 99 41 54 48 3 52 79 68 63 4 94 1 39 84 37 23 55 16 33 96 24 15 54 38 18 0 30 17 87 62 88 17 49 5 16 59 75 27 12 7 25 72 90 13 50 70 94 103 106 29 30 76 77 86 31 83 75 62 85 92 18 63 65 32 16
run=17 seed=16 k=107 f=0
25 85 88 49 79 15 80 52 99 35 87 55 75 18 106 21 29 18 61 61 6 29 13 81 2 10 104 7 70 10 49 40 87 81 2 13 78 63 9 68 42 68 33 49 12 46 29 81 104 91 2 10 81 87 101 28 97 34 79 100 47 48 21 2 106 71 38 72 16 59 69 94 22 59 54 32 37 69 45 31 106 51 91 42 100 3 37 23 48 75 16 25 56 85 27 94 96 1 98 7
run=18 seed=17 k=107 f=0
68 3 66 2 97 17 26 77 97 28 12 95 43 93 56 74 27 47 47 22 36 50 10 10 89 6 60 98 82 36 0 83 33 0 17 13 7 68 48 22 101 92 85 24 55 73 87 2 34 66 24 68 18 68 98 40 40 90 101 20 42 63 68 37 104 30 106 99 61 45 92 45 103 50 75 30 91 69 70 96 25 0 54 20 44 0 53 83 90 60 105 31 72 37 2 57 42 84 49 80
run=19 seed=18 k=107 f=0
96 52 92 1 34 106 80 51 38 36 29 13 81 2 50 45 23 0 54 38 99 62 32 63 59 90 18 0 98 86 53 83 12 72 5 20 5 18 80 41 9 49 58 67 67 21 5 73 74 66 105 18 45 105 85 31 76 60 71 8 106 104 18 50 3 96 28 94 7 96 79 28 31 91 99 13 59 34 58 26 25 92 84 36 17 105 7 44 37 39 72 104 98 79 18 11 76 85 66 11
run=20 seed=19 k=107 f=0
87 21 66 60 15 48 72 0 29 62 18 99 59 57 79 38 85 25 6 88 30 55 91 32 91 17 79 98 19 50 74 96 1 62 53 12 10 93 104 105 14 23 41 87 24 53 13 2 27 77 91 38 6 83 73 12 63 72 43 71 92 50 60 52 31 67 3 81 2 40 0 20 44 94 35 34 79 7 67 87 106 73 22 82 79 21 59 105 25 103 39 49 9 31 1 10 45 66 91 106
