run=1 seed=0 k=104 f=0
39 21 89 43 63 60 90 68 1 85 50 3 26 45 51 29 103 10 36 24 38 8 63 71 94 18 80 92 68 99 75 91 76 75 5 96 98 101 35 67 53 76 23 0 56 32 70 52 41 69 22 102 27 23 54 81 102 58 84 103 49 76 36 83 88 17 30 0 68 6 33 15 79 7 92 31 74 36 59 14 15 47 93 2 100 103 58 90 74 38 85 15 4 48 68 43 0 87 6 27
run=2 seed=1 k=104 f=0
39 21 89 43 63 60 90 68 1 85 50 3 26 45 51 29 103 10 36 24 38 8 63 71 94 18 80 92 68 99 75 91 76 75 5 96 98 101 35 67 53 76 23 0 56 32 70 52 41 69 22 102 27 23 54 81 102 58 84 103 49 76 36 83 88 17 30 0 68 6 33 15 79 7 92 31 74 36 59 14 15 47 93 2 100 103 58 90 74 38 85 15 4 48 68 43 0 87 6 27
run=3 seed=2 k=104 f=0
57 59 16 39 44 26 2 57 7 91 78 75 51 21 77 89 102 0 15 30 10 42 65 27 47 17 57 70 48 100 68 74 21 14 92 20 12 49 89 45 13 2 95 103 23 102 52 15 84 8 77 37 63 57 62 84 25 65 52 5 48 103 55 81 68 40 101 80 66 4 71 27 93 93 41 82 57 69 21 60 35 102 97 23 95 34 30 84 69 89 4 37 12 39 64 103 33 37 57 77
run=4 seed=3 k=104 f=0
58 68 48 16 36 76 96 88 17 32 32 2 52 11 2 41 64 72 57 23 49 27 30 6 22 84 95 9 20 47 102 78 16 22 6 89 99 62 50 66 75 68 99 15 4 43 65 40 36 18 39 35 96 87 32 1 28 77 94 53 9 12 103 91 71 94 77 66 4 60 54 84 76 23 0 43 53 83 59 28 101 13 85 80 85 36 44 68 47 25 93 10 101 92 80 41 57 51 4 103
run=5 seed=4 k=104 f=0
65 6 10 14 99 42 81 1 100 31 31 34 84 100 52 61 95 0 81 53 83 28 72 63 69 28 34 2 8 4 21 46 28 34 43 98 91 64 79 101 45 95 8 87 92 59 72 58 66 56 85 29 11 55 51 14 27 39 1 103 44 2 51 102 57 31 47 11 67 102 89 25 19 74 72 73 5 94 12 43 37 18 75 24 103 16 81 25 56 37 7 46 92 58 48 96 58 0 14 22
run=6 seed=5 k=104 f=0
96 73 80 16 63 79 88 41 10 9 80 48 20 28 82 79 12 76 2 70 22 93 7 61 99 88 87 55 12 71 63 31 91 84 54 85 1 7 66 29 42 89 101 26 51 12 61 39 25 97 0 47 69 13 62 55 73 67 47 13 34 61 100 19 17 20 56 35 58 51 42 40 60 103 50 26 94 6 99 28 103 40 62 29 7 39 0 96 6 38 50 0 71 22 87 53 101 79 101 46
run=7 seed=6 k=104 f=0
5 1 24 35 4 69 24 27 86 34 71 68 85 53 66 8 95 0 47 19 54 43 92 46 72 64 20 100 72 71 27 30 56 55 95 61 94 19 64 49 102 0 74 62 81 39 75 98 53 103 86 2 8 67 91 37 24 22 63 52 77 38 22 82 80 0 15 92 81 2 24 82 87 76 44 57 81 62 35 10 100 89 50 7 95 32 32 95 91 16 0 102 18 61 17 40 40 16 37 13
run=8 seed=7 k=104 f=0
77 95 66 103 61 84 87 33 0 17 16 22 83 46 17 24 102 34 101 96 103 6 36 0 85 18 33 24 73 22 5 46 63 89 3 15 35 42 49 1 57 76 61 12 10 89 36 93 9 77 85 40 39 17 98 55 29 102 56 55 48 75 101 53 103 19 26 97 35 67 0 69 30 43 68 41 47 94 26 53 68 91 76 22 84 28 86 13 15 26 8 73 75 45 34 9 97 60 3 2
run=9 seed=8 k=104 f=0
40 80 20 75 103 71 54 85 9 88 47 92 60 0 51 21 9 30 33 56 89 13 21 18 11 50 4 65 23 43 79 64 100 11 5 69 1 23 2 84 28 40 54 61 47 14 87 20 43 19 89 6 86 95 44 99 85 26 6 97 57 38 57 74 65 39 39 57 74 55 3 103 34 69 65 17 83 34 82 0 0 51 1 92 23 91 98 103 92 38 77 102 13 19 27 38 58 75 65 92
run=10 seed=9 k=104 f=0
7 64 101 7 2 21 46 0 10 92 29 84 2 49 35 53 67 3 46 67 93 10 27 93 23 88 36 47 40 83 96 73 55 74 55 42 19 92 48 28 57 35 27 70 82 41 5 85 1 13 71 94 103 89 83 36 79 96 45 98 24 69 42 60 57 97 61 5 84 103 34 75 95 65 48 26 62 21 54 69 17 101 29 18 1 14 77 46 81 21 86 102 77 57 34 7 12 59 20 45
run=11 seed=10 k=104 f=0
30 32 18 101 33 51 5 71 59 99 66 102 72 24 44 77 97 14 55 44 92 14 59 40 34 36 32 51 64 14 10 39 23 28 100 71 69 2 57 78 74 60 40 58 7 37 32 30 52 87 50 40 27 85 101 89 17 60 20 95 44 49 81 66 94 20 52 59 5 85 59 0 19 95 75 51 12 66 81 90 67 27 98 82 101 10 4 1 101 47 103 10 83 13 84 49 91 11 84 72
run=12 seed=11 k=104 f=0
30 78 25 5 83 7 65 49 65 72 62 12 1 78 21 17 46 100 103 18 52 26 53 36 96 3 28 96 4 103 33 94 70 57 15 43 91 37 75 53 58 34 22 78 75 40 96 21 73 54 15 21 95 68 13 98 47 78 86 49 35 2 11 71 30 42 52 32 73 78 64 103 87 98 28 23 70 45 44 90 8 59 87 83 103 11 18 65 88 60 60 96 43 41 66 4 88 25 36 54
run=13 seed=12 k=104 f=0
57 2 98 97 76 95 93 65 57 1 102 37 53 54 14 24 0 76 53 92 78 16 7 74 62 26 3 74 75 49 36 98 23 29 94 30 102 102 74 31 88 0 20 9 42 83 37 87 8 43 14 6 61 62 57 79 85 67 70 72 81 82 5 86 84 46 44 100 36 24 69 15 91 94 14 12 69 32 58 82 7 46 37 38 22 42 103 63 65 49 0 8 61 50 91 49 102 53 33 0
run=14 seed=13 k=104 f=0
98 85 47 23 10 56 48 77 89 64 67 59 102 94 83 14 27 62 92 90 27 47 17 31 84 88 64 54 35 81 75 5 60 101 29 75 27 25 37 7 40 21 48 38 35 51 89 14 100 53 50 1 67 44 71 65 85 37 53 96 41 22 77 81 17 46 27 74 79 6 33 16 20 89 1 71 29 14 14 1 66 101 2 92 41 22 11 96 62 17 69 0 47 43 56 9 3 81 18 77
run=15 seed=14 k=104 f=0
31 72 61 65 49 76 31 8 31 42 58 89 88 54 41 65 17 73 38 100 91 29 75 1 100 34 80 59 74 35 40 78 52 21 0 37 47 41 89 99 90 85 30 50 2 16 11 94 10 45 21 65 67 27 95 62 58 71 6 56 2 82 6 7 48 103 92 21 46 102 82 0 97 27 59 67 3 45 33 76 103 13 44 103 19 63 25 55 21 88 7 0 15 13 91 66 12 79 10 35
run=16 seed=15 k=104 f=0
101 1 20 39 48 79 68 88 7 80 95 80 56 46 90 41 33 93 84 25 53 21 16 71 30 42 4 27 1 60 100 69 78 50 4 13 36 32 1 71 79 62 101 7 2 63 77 70 49 61 31 103 21 14 67 61 24 16 86 64 98 99 30 0 11 96 50 10 9 21 27 88 71 25 78 78 87 48 44 33 94 103 20 18 34 41 87 102 8 13 8 58 65 44 73 81 55 7 25 40
run=17 seed=16 k=104 f=0
76 68 57 100 103 71 54 103 16 55 21 18 69 42 23 11 7 14 93 10 103 27 45 41 86 101 84 103 99 22 76 47 1 5 44 79 45 44 14 60 31 80 29 35 20 81 85 81 88 43 62 81 61 4 79 52 68 35 0 40 53 64 88 66 67 2 93 74 63 49 94 93 0 100 23 25 97 6 41 31 56 33 41 58 72 88 33 75 19 85 53 50 12 13 5 87 17 73 35 22
run=18 seed=17 k=104 f=0
41 35 15 99 10 19 12 103 49 103 25 54 91 56 102 74 8 67 102 42 19 89 77 84 80 29 0 63 29 54 36 49 16 14 20 26 23 53 64 1 43 67 75 41 23 48 74 31 17 44 78 79 93 30 34 88 95 79 99 94 78 59 38 22 46 5 93 48 57 23 60 33 1 9 85 2 58 35 74 3 39 83 79 5 11 59 103 68 103 50 29 84 47 14 4 94 20 69 32 98
run=19 seed=18 k=104 f=0
33 30 42 55 92 41 63 102 22 56 82 38 2 74 50 85 32 50 77 99 52 103 65 66 99 71 103 16 46 36 98 70 39 92 20 64 26 59 10 75 25 13 35 88 63 85 34 97 0 88 6 96 59 1 17 78 103 63 5 1 14 49 53 100 0 31 78 71 90 74 77 92 46 9 6 29 70 46 20 78 34 45 11 67 61 21 23 92 54 81 101 42 31 9 21 26 16 99 20 3
run=20 seed=19 k=104 f=0
15 39 0 66 103 3 100 84 28 91 65 8 19 74 90 32 70 51 79 12 5 54 55 74 98 99 58 50 25 86 11 72 7 11 28 102 0 65 47 26 38 88 30 76 48 97 85 92 48 25 47 51 59 16 21 41 52 55 100 20 16 87 15 83 102 53 90 63 21 10 0 70 79 43 42 1 12 2 77 32 61 41 83 73 30 81 90 25 8 34 63 57 99 36 11 93 103 32 82 102
