run=1 seed=0 k=119 f=0
78 23 64 68 12 59 3 13 52 87 107 35 86 104 97 56 29 72 23 9 118 42 19 58 65 108 110 55 78 96 68 1 10 46 75 105 4 112 72 65 25 60 19 36 100 105 43 30 44 89 87 96 77 92 85 79 102 18 78 16 115 27 4 54 91 103 61 39 87 14 97 94 65 115 1 51 95 37 97 21 68 31 117 7 18 74 15 2 22 41 47 27 35 47 112 38 46 55 116 14
run=2 seed=1 k=119 f=0
78 23 64 68 12 59 3 13 52 87 107 35 86 104 97 56 29 72 23 9 118 42 19 58 65 108 110 55 78 96 68 1 10 46 75 105 4 112 72 65 25 60 19 36 100 105 43 30 44 89 87 96 77 92 85 79 102 18 78 16 115 27 4 54 91 103 61 39 87 14 97 94 65 115 1 51 95 37 97 21 68 31 117 7 18 74 15 2 22 41 47 27 35 47 112 38 46 55 116 14
run=3 seed=2 k=119 f=0
46 27 42 64 59 58 90 14 19 9 9 15 13 70 26 1 118 19 68 32 97 47 65 88 18 45 75 72 23 100 16 112 1 69 31 89 64 112 103 86 7 103 32 27 54 114 22 1 4 101 33 11 31 84 94 37 7 103 88 73 72 105 66 61 51 79 1 86 64 15 11 55 110 40 85 45 103 118 54 79 38 24 93 0 78 54 54 46 40 77 95 21 110 33 43 43 109 79 30 49
run=4 seed=3 k=119 f=0
16 114 14 28 62 5 94 117 77 103 59 4 57 79 67 32 69 83 87 32 39 83 7 6 110 117 74 41 56 37 33 74 1 73 34 54 71 60 44 31 90 16 35 118 1 95 52 32 12 28 109 42 60 45 49 92 6 80 49 65 44 18 12 0 82 105 63 47 93 99 19 116 106 46 93 69 21 116 105 24 100 117 67 102 0 107 77 17 17 41 88 25 36 78 26 6 64 37 2 79
run=5 seed=4 k=119 f=0
14 52 41 85 98 42 41 32 6 44 47 44 86 64 39 3 100 92 31 6 27 70 111 102 51 58 117 0 88 47 78 93 49 102 59 61 23 69 94 99 38 13 26 82 23 56 0 28 107 84 96 27 1 39 2 76 0 111 56 97 118 112 61 112 54 114 54 74 115 20 76 79 34 8 49 68 55 31 34 15 105 81 105 11 99 77 17 1 99 8 67 62 24 30 12 40 23 69 8 20
run=6 seed=5 k=119 f=0
20 61 31 57 0 26 45 71 17 11 4 109 41 41 5 9 34 1 63 101 117 34 74 1 87 113 67 35 72 77 105 108 83 42 46 0 51 33 105 28 25 53 117 57 41 74 10 66 66 55 13 64 80 88 65 48 35 95 84 17 44 103 6 98 16 82 92 77 15 93 106 4 93 16 72 6 92 109 63 20 24 77 103 85 43 58 23 32 17 11 116 52 105 115 52 25 90 118 76 112
run=7 seed=6 k=119 f=0
0 78 14 81 57 73 74 0 85 84 70 84 114 39 45 48 0 27 39 53 60 10 39 0 56 75 59 27 93 17 52 118 83 81 85 2 111 8 97 16 107 44 110 93 87 37 23 19 12 62 68 49 96 12 49 41 69 99 36 34 116 70 94 37 118 60 2 2 83 112 90 76 33 6 104 2 117 42 93 75 24 99 5 57 110 54 20 33 26 85 63 14 19 42 20 43 23 47 11 106
run=8 seed=7 k=119 f=0
4 89 23 22 11 60 108 38 48 70 81 52 97 97 45 48 107 14 37 14 2 25 73 83 91 116 12 88 8 93 62 76 66 97 99 104 81 79 51 58 30 44 110 118 100 37 87 89 0 72 1 74 98 69 30 70 54 19 31 63 59 11 20 47 2 7 19 77 61 61 7 27 43 109 86 24 18 41 104 3 114 85 33 64 94 118 22 70 32 3 10 117 32 39 32 19 44 13 97 105
run=9 seed=8 k=119 f=0
84 101 9 25 92 103 95 16 52 63 36 23 12 52 66 62 103 56 34 59 12 81 17 6 12 73 117 22 19 61 96 118 29 96 67 54 101 41 47 3 14 88 69 112 21 90 39 0 31 91 33 105 48 50 1 90 10 57 111 1 110 72 14 27 63 72 69 99 2 94 17 46 63 19 118 76 57 76 71 50 42 104 36 85 27 38 5 104 86 38 112 77 101 118 84 106 79 12 45 81
run=10 seed=9 k=119 f=0
79 67 110 86 93 111 75 97 5 6 15 3 96 43 87 102 69 114 63 35 113 9 28 44 86 10 23 104 58 9 117 24 74 51 46 51 47 104 71 19 51 87 89 95 2 110 101 53 33 105 98 34 56 7 36 14 18 10 74 118 86 77 27 81 4 73 115 52 1 68 96 61 76 67 19 29 25 116 101 34 55 40 39 28 49 1 43 78 2 2 26 118 58 37 96 62 108 93 105 46
run=11 seed=10 k=119 f=0
41 101 89 7 84 41 89 93 89 91 32 50 45 12 117 29 67 102 45 85 93 66 108 73 74 55 50 76 74 86 28 80 57 109 63 58 108 34 102 1 36 6 51 58 0 18 114 77 40 0 94 51 96 37 18 66 73 68 115 118 21 16 55 117 6 0 39 37 24 117 29 85 112 80 9 98 99 24 50 11 54 107 25 80 13 34 86 109 103 77 99 70 84 27 104 60 103 74 118 7
run=12 seed=11 k=119 f=0
87 45 8 118 72 33 22 103 116 53 58 113 45 11 55 111 117 0 12 88 14 30 88 102 18 22 32 75 39 54 82 65 64 90 1 0 80 14 29 98 67 49 68 103 78 36 96 79 94 76 89 109 107 58 81 54 26 26 116 58 11 90 3 30 112 45 48 118 38 8 101 67 85 2 52 109 24 20 103 83 97 83 64 40 3 115 64 74 73 97 13 75 35 7 43 49 112 49 93 112
run=13 seed=12 k=119 f=0
42 37 77 67 100 81 1 92 65 0 6 69 90 68 68 9 6 101 47 70 0 83 100 84 38 117 76 57 8 10 44 54 109 3 112 113 94 51 57 20 61 63 13 67 63 81 41 5 13 78 91 93 87 72 74 27 83 117 105 77 96 21 55 38 108 39 58 110 17 106 22 6 50 35 64 24 117 97 38 2 32 94 96 85 47 27 30 42 16 109 49 29 12 30 95 116 16 103 47 17
run=14 seed=13 k=119 f=0
24 34 76 85 5 77 56 71 38 41 27 67 77 68 114 85 103 0 37 114 10 72 51 100 59 50 55 6 51 24 26 19 58 82 107 110 11 28 90 88 76 0 108 34 76 103 110 113 95 117 108 21 85 26 99 48 72 39 102 5 26 15 58 12 7 86 40 30 90 38 44 75 7 50 73 84 62 65 78 2 63 53 23 20 40 17 59 118 1 40 29 61 43 93 112 52 11 19 73 93
run=15 seed=14 k=119 f=0
113 7 118 46 62 37 66 86 73 26 90 77 93 80 77 23 31 114 76 118 33 45 18 115 10 101 97 98 28 77 109 13 105 93 50 96 3 9 100 67 40 68 71 25 98 36 12 90 22 67 8 111 0 2 44 66 94 48 60 86 109 69 118 79 110 47 17 39 106 106 59 57 39 84 51 29 57 54 75 70 113 83 19 1 51 27 86 19 52 16 14 16 34 105 54 25 63 12 10 102
run=16 seed=15 k=119 f=0
87 12 58 42 50 14 60 23 87 26 9 102 11 94 54 69 77 6 87 98 32 91 88 3 93 18 75 2 27 108 114 105 111 39 4 1 48 50 32 96 84 41 59 74 10 118 31 79 110 53 49 47 93 18 82 108 28 20 49 55 62 30 31 112 70 37 114 115 113 18 25 9 42 60 103 64 22 27 24 91 79 56 116 94 85 79 33 99 91 47 38 118 70 107 76 106 68 71 74 44
run=17 seed=16 k=119 f=0
6 78 59 71 100 117 2 111 91 111 81 41 96 21 44 26 75 110 82 12 88 65 35 56 48 37 90 72 115 17 2 113 14 51 75 11 64 88 97 79 48 59 1 16 5 30 42 80 94 55 106 101 16 42 32 63 10 113 2 117 29 107 111 68 72 3 31 17 101 5 44 22 118 103 7 95 52 81 44 65 52 19 38 14 32 1 102 34 64 85 87 118 107 93 59 59 60 4 49 103
run=18 seed=17 k=119 f=0
105 106 44 79 99 8 15 116 39 1 60 23 22 6 82 55 20 118 65 1 86 18 30 90 112 87 116 93 57 44 28 46 50 18 56 68 118 47 76 64 68 8 103 62 14 41 108 16 112 98 98 65 63 0 37 88 108 4 113 91 45 78 52 74 96 99 74 22 72 22 53 52 33 15 2 36 28 105 51 64 28 93 78 83 102 34 12 53 2 107 71 27 117 39 102 6 83 82 116 114
run=19 seed=18 k=119 f=0
80 117 74 92 6 95 15 83 114 50 7 87 107 108 33 106 96 104 19 77 15 93 47 10 28 1 47 98 30 70 9 48 60 75 75 80 42 10 56 24 62 1 39 34 89 73 7 103 29 71 18 46 39 56 49 67 35 6 28 65 47 37 48 88 103 5 59 56 85 115 55 16 108 93 23 102 19 1 64 50 70 113 76 63 42 17 12 100 112 113 117 22 68 108 10 111 88 60 70 83
run=20 seed=19 k=119 f=0
47 30 9 19 109 118 52 72 91 20 67 105 42 43 106 20 13 70 41 99 57 73 47 117 118 36 30 89 23 49 87 48 52 96 67 97 95 59 53 9 61 91 45 85 8 114 39 10 2 21 110 34 76 29 2 40 54 23 82 79 64 90 28 29 19 67 0 100 117 70 108 69 43 87 53 12 105 102 22 64 102 4 80 87 41 74 116 80 88 104 32 33 82 31 56 11 98 56 116 25
