run=1 seed=0 k=85 f=0
25 66 54 35 83 8 71 37 74 16 17 43 18 68 66 73 36 84 52 33 1 49 2 25 82 62 15 7 47 45 80 27 40 69 75 34 2 60 28 59 52 45 51 76 10 12 22 52 18 0 6 11 71 5 32 18 66 50 83 23 9 60 4 14 81 84 61 34 61 82 77 76 54 31 45 22 40 0 53 55 38 14 66 22 71 75 27 64 39 6 84 44 28 52 44 6 23 83 26 0
run=2 seed=1 k=85 f=0
25 66 54 35 83 8 71 37 74 16 17 43 18 68 66 73 36 84 52 33 1 49 2 25 82 62 15 7 47 45 80 27 40 69 75 34 2 60 28 59 52 45 51 76 10 12 22 52 18 0 6 11 71 5 32 18 66 50 83 23 9 60 4 14 81 84 61 34 61 82 77 76 54 31 45 22 40 0 53 55 38 14 66 22 71 75 27 64 39 6 84 44 28 52 44 6 23 83 26 0
run=3 seed=2 k=85 f=0
77 77 68 55 83 60 29 84 78 0 63 62 84 51 51 17 44 8 46 12 30 8 14 29 56 71 47 65 66 65 32 59 0 15 62 46 5 0 48 34 19 52 32 45 25 26 76 32 11 1 84 45 56 0 77 70 13 17 44 84 19 36 23 51 7 10 10 70 84 38 65 50 37 71 84 27 18 78 2 12 72 37 50 41 22 61 28 5 57 22 41 71 25 19 6 56 75 81 81 84
run=4 seed=3 k=85 f=0
20 74 80 63 45 28 22 35 66 69 0 4 24 14 70 1 9 24 11 42 33 46 77 13 34 0 4 59 73 73 28 83 2 42 53 11 27 13 49 12 36 76 71 64 73 77 1 16 83 49 21 60 18 68 84 55 35 39 52 52 29 64 46 34 61 3 6 25 8 82 59 46 38 64 77 2 72 30 25 42 21 59 81 5 65 84 67 55 51 55 50 78 16 78 43 20 47 56 36 47
run=5 seed=4 k=85 f=0
72 29 51 13 14 16 80 84 26 10 69 9 68 15 35 53 34 69 69 79 37 66 43 74 25 58 1 63 32 60 73 10 83 76 59 20 22 47 55 42 83 31 23 28 43 77 17 8 65 0 22 7 25 22 38 0 76 58 60 35 41 14 61 7 12 73 71 74 48 29 52 0 74 29 16 5 64 47 15 22 0 84 41 62 24 14 83 38 41 44 3 32 53 83 63 2 50 48 25 83
run=6 seed=5 k=85 f=0
38 16 53 43 61 76 45 67 24 8 4 47 52 38 0 54 62 70 83 84 46 0 74 20 2 0 66 47 72 75 21 9 61 60 34 60 4 83 21 15 4 16 27 6 15 23 2 16 36 53 57 30 12 2 49 0 43 79 64 34 24 23 6 19 44 46 58 43 37 28 6 56 75 43 42 79 58 10 55 39 29 71 68 36 24 71 84 84 16 33 32 13 24 81 69 74 47 67 76 36
run=7 seed=6 k=85 f=0
5 41 10 37 23 76 6 54 59 33 77 15 47 13 63 47 0 32 70 51 22 6 3 16 53 44 24 16 0 7 35 82 81 71 1 31 67 13 19 56 64 28 3 38 2 21 74 84 51 66 49 32 26 10 49 30 50 30 14 62 75 74 43 80 84 8 49 83 67 69 56 44 84 1 18 75 64 58 42 27 36 59 22 25 0 72 9 84 60 60 10 62 36 22 14 36 74 37 15 55
run=8 seed=7 k=85 f=0
64 56 31 56 75 44 6 50 1 80 3 32 50 8 84 19 84 9 46 31 44 7 73 42 74 69 84 30 52 10 28 36 8 0 31 65 47 71 64 56 47 24 58 53 83 26 70 19 41 50 18 76 60 55 28 34 15 37 62 40 14 51 54 19 21 61 36 60 79 65 76 11 23 1 35 41 84 76 17 25 69 0 74 41 52 17 3 32 19 44 69 11 60 25 0 84 38 79 63 3
run=9 seed=8 k=85 f=0
42 66 7 59 29 27 27 14 72 76 36 48 48 83 15 44 51 80 55 77 58 11 75 42 38 69 9 3 15 78 4 33 35 64 21 76 8 0 42 84 66 84 55 60 24 25 32 44 16 42 50 71 60 64 46 36 12 75 17 62 24 4 14 19 23 82 47 15 49 0 32 56 84 0 10 40 16 29 68 84 72 3 55 73 27 58 1 18 1 27 67 84 27 30 84 7 35 35 62 70
run=10 seed=9 k=85 f=0
16 47 65 23 15 44 80 72 15 78 4 38 30 37 69 41 24 57 84 25 15 0 11 14 2 41 75 53 24 84 80 60 0 65 63 76 27 18 40 8 60 53 2 78 23 46 50 0 54 83 30 0 1 28 36 84 38 62 84 65 62 11 78 48 11 56 13 52 68 38 9 84 17 20 72 0 70 66 34 51 7 77 22 27 43 79 32 5 70 14 39 55 58 44 32 79 50 69 37 29
run=11 seed=10 k=85 f=0
15 54 2 75 70 32 55 12 51 72 18 8 11 71 45 61 56 28 52 40 6 83 25 40 11 84 67 30 17 14 38 14 62 59 80 38 68 50 44 53 45 57 4 39 77 1 46 24 49 21 25 77 33 22 17 77 0 37 27 24 72 33 12 67 25 68 34 1 76 84 11 44 63 28 43 9 14 5 49 70 44 35 59 80 64 20 0 56 1 76 82 71 2 83 67 35 8 79 67 84
run=12 seed=11 k=85 f=0
71 26 42 48 36 31 56 56 2 29 84 42 44 83 19 10 76 27 84 25 38 77 37 36 38 38 17 49 21 3 46 47 59 20 15 16 24 40 47 36 65 32 71 7 28 79 28 45 31 67 55 31 21 3 51 13 74 0 14 58 53 69 37 60 65 22 65 3 70 25 45 12 84 52 0 41 59 84 0 66 21 59 76 80 53 29 9 74 5 15 8 6 75 83 50 33 28 60 42 83
run=13 seed=12 k=85 f=0
83 59 53 33 84 15 67 59 82 49 23 8 10 36 23 10 22 60 68 14 73 83 15 84 77 31 59 5 25 42 0 0 41 28 3 24 72 84 10 58 68 79 71 36 33 48 71 47 84 14 50 8 55 58 49 3 18 0 35 42 47 18 21 6 41 74 41 1 64 13 37 29 0 17 77 41 66 74 55 50 50 28 57 19 45 32 66 25 84 42 66 78 80 64 56 1 10 40 0 23
run=14 seed=13 k=85 f=0
20 52 80 57 39 11 22 0 4 41 21 0 84 5 51 68 12 70 22 53 84 25 19 65 13 37 80 34 68 31 30 15 74 16 83 10 79 84 49 60 42 63 41 34 2 68 59 79 19 46 23 55 56 54 54 64 6 39 0 60 65 37 58 24 33 28 40 81 39 16 31 50 74 14 1 29 0 48 10 20 46 76 40 7 70 0 83 8 81 62 27 63 9 73 28 77 51 28 5 48
run=15 seed=14 k=85 f=0
80 63 70 11 28 8 36 71 48 67 75 54 25 74 34 41 18 78 0 65 51 78 69 19 6 60 79 19 28 48 36 10 43 0 67 15 38 31 61 0 55 45 21 44 33 16 63 76 76 26 1 12 43 17 65 38 76 61 21 71 35 23 59 11 52 19 46 57 30 38 71 29 6 84 51 5 84 71 38 0 59 84 66 41 1 9 84 30 69 3 52 14 78 47 80 82 65 67 78 54
run=16 seed=15 k=85 f=0
72 38 47 43 27 68 64 62 7 61 68 17 84 59 33 57 22 14 7 59 9 77 3 72 28 77 23 47 10 13 84 19 66 82 55 24 37 41 51 8 4 1 6 1 81 28 54 57 51 0 32 38 9 35 27 21 79 58 50 49 84 12 25 54 0 35 29 37 29 83 46 82 60 45 67 14 83 51 39 39 44 71 48 73 84 0 31 63 74 38 21 20 14 3 70 34 48 70 6 10
run=17 seed=16 k=85 f=0
76 26 68 17 49 63 2 76 23 43 0 12 80 39 25 77 48 58 14 48 35 6 1 47 0 0 73 17 83 38 16 56 52 16 73 50 47 46 32 0 64 29 70 20 25 36 76 51 56 74 7 33 31 63 27 84 0 62 67 61 41 37 9 36 53 2 21 51 21 82 84 27 65 19 10 38 35 57 77 31 43 84 72 4 12 11 19 0 52 80 71 40 44 83 70 62 25 81 66 11
run=18 seed=17 k=85 f=0
20 71 82 44 48 17 25 76 43 7 10 36 51 13 82 38 17 40 82 36 84 5 13 19 78 52 73 70 79 54 45 29 60 4 68 21 55 83 61 45 0 77 68 46 19 76 40 0 28 9 34 65 82 3 57 34 22 4 45 11 59 48 52 24 42 65 16 32 66 5 33 84 45 13 74 53 54 65 0 1 58 13 27 14 19 38 0 84 37 63 29 27 22 65 0 51 22 67 48 8
run=19 seed=18 k=85 f=0
83 66 32 22 64 78 62 35 43 62 81 24 79 8 65 58 68 36 39 56 49 34 71 32 28 50 64 4 17 4 42 19 27 43 7 1 48 28 62 57 27 75 83 6 5 71 73 69 61 8 52 2 84 30 13 21 53 9 26 13 41 80 25 0 51 0 25 43 11 13 56 33 75 0 21 44 39 46 65 58 84 0 14 71 40 18 30 84 44 78 39 20 49 70 52 5 73 15 53 52
run=20 seed=19 k=85 f=0
40 4 43 2 27 66 47 82 32 59 36 81 22 26 56 33 84 30 58 45 84 49 30 37 47 18 18 11 40 65 67 65 74 56 68 14 49 7 13 65 57 0 38 79 0 15 22 10 35 52 76 59 9 78 47 18 50 31 74 8 62 76 76 70 29 44 0 66 27 84 77 1 26 6 0 15 0 51 8 11 20 40 84 22 55 44 43 27 71 59 83 1 1 16 24 65 48 72 14 34
