run=1 seed=0 k=99 f=0
32 14 13 79 15 98 55 39 22 1 92 92 25 61 95 4 98 52 69 55 98 51 60 33 26 88 44 79 91 10 32 20 52 61 95 75 70 91 13 43 2 0 82 29 90 19 59 85 29 38 25 28 47 35 17 72 50 61 67 40 65 80 59 70 48 53 43 15 30 56 0 11 56 83 8 87 4 68 7 41 61 78 15 33 41 75 21 93 80 78 6 74 15 97 64 24 16 4 93 45
run=2 seed=1 k=99 f=0
32 14 13 79 15 98 55 39 22 1 92 92 25 61 95 4 98 52 69 55 98 51 60 33 26 88 44 79 91 10 32 20 52 61 95 75 70 91 13 43 2 0 82 29 90 19 59 85 29 38 25 28 47 35 17 72 50 61 67 40 65 80 59 70 48 53 43 15 30 56 0 11 56 83 8 87 4 68 7 41 61 78 15 33 41 75 21 93 80 78 6 74 15 97 64 24 16 4 93 45
run=3 seed=2 k=99 f=0
45 19 17 71 33 16 72 28 64 3 34 65 17 53 39 25 25 53 65 43 78 1 80 44 60 16 0 63 44 33 34 49 52 21 58 58 13 93 50 80 88 29 0 5 82 23 78 84 37 80 62 19 71 42 44 38 87 32 57 37 89 93 54 32 7 75 93 72 68 19 98 54 47 59 62 1 28 11 11 27 98 17 46 72 93 90 7 79 59 86 68 63 98 19 8 85 97 0 4 66
run=4 seed=3 k=99 f=0
66 73 18 77 69 94 57 7 37 22 76 37 54 82 74 0 16 9 7 61 54 18 31 0 49 40 19 2 28 58 46 94 37 27 97 6 28 80 67 46 9 45 1 55 74 61 74 75 0 24 35 49 55 24 62 47 60 89 32 88 47 64 82 71 16 18 67 98 11 89 98 15 65 80 90 89 84 70 22 12 38 80 62 36 2 23 81 49 4 32 97 44 84 79 32 87 97 95 12 39
run=5 seed=4 k=99 f=0
17 89 58 52 31 71 87 55 59 28 84 31 69 97 31 96 73 7 78 18 68 23 78 9 36 28 17 46 66 91 54 9 22 24 3 75 97 87 44 53 61 89 15 44 59 86 40 16 64 19 42 33 47 19 65 80 71 6 29 15 39 82 44 52 9 35 24 2 0 66 59 41 3 76 92 62 25 35 97 80 52 38 92 98 47 42 82 26 73 36 60 36 89 66 45 77 0 12 0 2
run=6 seed=5 k=99 f=0
88 32 15 72 5 64 98 46 42 35 36 92 30 9 45 80 22 9 87 56 71 52 81 40 66 69 4 14 53 91 33 63 95 26 39 9 52 36 68 24 80 98 17 44 34 36 0 28 1 98 24 72 56 55 0 97 69 77 1 4 85 18 70 90 85 9 26 42 45 32 62 61 76 9 48 83 78 49 10 17 26 17 89 54 91 57 39 63 42 82 68 98 1 75 98 77 45 16 17 55
run=7 seed=6 k=99 f=0
45 67 97 41 86 13 96 78 91 31 47 25 50 8 34 55 3 39 48 61 41 81 88 57 71 64 76 71 66 96 55 21 20 51 24 16 80 98 7 56 33 71 71 6 28 14 27 76 52 78 19 35 90 0 19 59 62 95 31 39 44 86 7 85 36 24 81 1 5 66 58 6 98 41 12 38 68 8 16 84 12 92 46 0 98 65 32 26 60 48 2 90 77 63 95 25 83 71 13 33
run=8 seed=7 k=99 f=0
81 51 41 13 29 75 50 64 6 40 95 1 96 75 37 92 46 60 42 0 35 14 45 49 33 12 82 18 91 68 25 73 86 88 78 42 27 26 43 44 7 54 35 9 0 71 78 58 36 73 58 68 55 98 69 50 88 53 27 8 91 22 81 2 79 39 18 49 83 25 81 98 64 16 98 6 85 34 65 21 61 20 94 17 47 62 28 91 8 85 0 9 8 59 70 55 39 84 78 18
run=9 seed=8 k=99 f=0
40 78 93 44 90 24 34 71 42 31 76 87 61 27 87 97 33 21 28 55 22 51 30 76 71 81 11 53 1 90 46 39 71 60 60 60 58 78 9 1 39 8 29 67 62 15 16 94 73 7 20 48 93 49 89 14 20 97 94 35 16 4 67 98 19 50 70 91 0 2 68 22 25 34 54 69 37 28 64 38 74 83 84 1 32 8 43 52 98 13 45 39 17 12 50 48 62 50 9 7
run=10 seed=9 k=99 f=0
39 52 34 12 65 83 95 21 47 15 34 98 97 67 73 74 95 49 1 73 93 5 31 70 57 72 98 8 81 79 37 40 88 75 37 34 53 28 12 1 52 47 92 71 13 67 27 12 13 27 87 7 0 19 63 55 91 20 84 48 60 22 63 11 46 98 21 31 13 47 18 84 88 35 81 6 3 3 64 52 27 57 21 38 22 12 43 26 40 57 60 1 45 65 87 57 21 77 73 41
run=11 seed=10 k=99 f=0
22 49 2 54 75 98 23 29 89 32 11 31 43 72 29 71 47 16 3 71 78 19 79 34 16 64 7 97 31 97 13 28 57 44 32 0 88 53 75 37 88 85 35 23 57 15 31 31 9 73 45 57 21 52 6 0 63 65 2 95 57 7 47 92 19 80 45 41 36 66 85 72 98 50 29 17 42 74 23 85 12 94 9 68 45 93 39 19 88 81 3 59 70 49 86 97 0 80 15 62
run=12 seed=11 k=99 f=0
80 92 87 71 42 47 4 90 95 92 97 16 94 59 41 77 13 6 31 83 24 40 28 58 86 36 1 50 27 97 95 49 85 83 22 7 33 24 39 58 51 9 68 95 69 46 0 78 98 27 36 89 65 98 53 2 73 67 1 60 50 97 41 44 59 61 69 4 61 46 19 0 82 20 89 55 16 26 34 35 16 89 28 32 71 75 0 88 46 72 7 47 61 39 46 10 78 74 18 39
run=13 seed=12 k=99 f=0
8 51 23 53 26 7 71 54 76 49 36 59 52 29 76 22 56 91 41 79 10 83 45 73 37 17 89 57 60 26 84 31 65 13 85 70 72 79 73 25 2 63 40 54 90 17 74 36 10 78 16 17 65 6 0 26 51 83 1 12 2 1 11 71 94 63 36 65 91 63 32 42 24 34 47 18 92 42 54 20 98 74 18 60 45 98 98 9 83 6 3 86 13 80 55 22 45 89 8 44
run=14 seed=13 k=99 f=0
30 82 68 67 16 65 65 71 35 44 2 63 48 22 98 65 60 76 84 78 56 73 70 76 90 94 42 54 33 55 48 7 39 98 74 97 78 34 24 1 81 95 9 92 24 57 58 74 87 69 0 55 32 0 48 4 60 91 19 33 2 0 46 85 56 84 17 76 32 9 26 18 14 69 41 25 42 17 69 63 40 49 11 18 87 83 52 30 74 5 25 40 6 98 9 64 98 44 35 25
run=15 seed=14 k=99 f=0
60 86 69 45 14 11 65 40 52 88 9 94 74 13 23 74 39 31 49 52 45 58 69 57 40 91 37 95 95 21 84 20 34 72 95 37 17 63 31 0 51 79 1 43 6 84 18 66 66 75 67 36 56 62 86 26 42 53 68 24 5 63 97 22 93 91 79 81 0 0 97 31 27 9 48 7 35 80 96 15 29 89 3 55 35 91 14 98 7 8 43 81 6 72 16 17 30 45 46 79
run=16 seed=15 k=99 f=0
83 0 3 17 92 77 49 8 46 25 32 97 11 24 62 62 38 21 53 64 55 93 54 32 70 4 58 98 34 96 63 17 76 42 22 22 19 86 17 35 7 37 64 46 24 67 76 10 76 29 72 67 53 1 55 1 81 4 87 13 61 33 87 12 73 61 7 0 45 0 81 50 45 26 70 10 93 44 98 69 73 28 35 95 4 52 89 82 96 98 93 50 0 42 90 25 47 11 84 26
run=17 seed=16 k=99 f=0
51 26 15 67 21 97 94 45 87 78 98 95 56 75 74 60 98 29 12 3 49 70 3 41 8 18 49 97 20 0 40 79 14 22 47 35 87 13 67 32 89 64 73 44 39 44 1 31 60 45 60 4 70 72 2 78 1 2 40 83 0 47 62 38 33 55 46 24 19 33 8 19 78 80 54 89 23 9 27 94 95 33 6 61 57 25 89 19 34 82 65 80 87 63 92 91 27 11 67 89
run=18 seed=17 k=99 f=0
79 40 98 94 2 21 37 42 48 52 24 69 68 39 49 76 63 6 96 15 0 65 33 82 33 43 64 41 7 14 27 85 58 27 74 52 35 78 6 87 73 8 59 43 47 9 20 9 98 13 54 64 80 30 36 70 41 18 35 6 32 60 91 93 88 61 14 17 45 44 86 25 2 43 72 64 83 4 97 36 19 53 36 18 79 95 23 23 83 54 28 68 8 96 89 50 87 58 72 0
run=19 seed=18 k=99 f=0
2 85 5 25 49 30 86 71 20 36 4 28 98 23 40 75 31 68 95 40 93 32 68 4 16 88 85 17 96 14 61 1 89 44 37 69 44 3 85 64 39 70 15 48 63 9 53 88 98 47 49 75 74 8 79 62 81 33 78 91 1 40 4 54 55 42 59 25 48 97 61 82 38 77 21 26 16 71 15 30 20 56 69 98 63 21 10 58 40 41 50 24 0 55 7 35 1 18 32 97
run=20 seed=19 k=99 f=0
20 52 97 83 13 6 64 12 26 67 34 58 37 38 13 79 86 15 92 13 26 98 23 72 13 98 20 74 29 31 49 18 47 50 27 36 34 35 98 1 66 83 1 41 5 25 88 51 72 44 3 95 0 68 69 19 56 88 91 87 10 71 36 79 75 62 13 60 74 56 92 97 19 54 29 37 31 98 66 1 43 0 96 23 48 64 64 42 49 57 79 59 96 27 49 84 13 81 25 84
