run=1 seed=0 k=78 f=0
21 34 75 15 23 49 64 77 3 77 69 76 29 12 77 1 40 15 61 49 63 12 46 23 37 31 77 39 47 40 22 54 56 62 76 43 63 1 40 9 63 16 71 24 18 36 30 33 17 0 0 56 49 7 36 18 47 0 77 28 68 66 25 54 53 66 17 56 40 68 22 52 59 71 77 66 41 51 0 64 71 31 77 46 24 44 9 7 74 65 16 8 4 3 46 30 54 26 6 7
run=2 seed=1 k=78 f=0
21 34 75 15 23 49 64 77 3 77 69 76 29 12 77 1 40 15 61 49 63 12 46 23 37 31 77 39 47 40 22 54 56 62 76 43 63 1 40 9 63 16 71 24 18 36 30 33 17 0 0 56 49 7 36 18 47 0 77 28 68 66 25 54 53 66 17 56 40 68 22 52 59 71 77 66 41 51 0 64 71 31 77 46 24 44 9 7 74 65 16 8 4 3 46 30 54 26 6 7
run=3 seed=2 k=78 f=0
34 24 35 19 23 64 67 50 55 53 39 10 7 1 71 50 60 49 63 56 1 34 24 68 37 37 10 45 20 0 72 77 56 42 71 63 76 57 26 0 27 27 33 2 18 49 19 36 69 77 44 59 19 5 20 8 54 64 47 3 44 58 45 67 15 17 28 75 69 51 13 23 53 40 27 36 28 77 8 45 41 14 75 5 20 19 0 34 37 9 29 64 37 67 27 75 54 32 45 45
run=4 seed=3 k=78 f=0
62 25 4 35 0 35 18 22 60 6 10 10 33 41 44 62 68 39 42 71 55 14 4 74 76 13 10 72 0 44 29 35 57 74 27 70 49 15 4 0 52 49 28 70 8 39 39 2 60 77 66 10 1 68 0 44 58 77 28 0 52 46 30 57 56 77 58 25 1 58 7 31 43 26 22 12 27 20 62 50 21 77 18 65 42 67 33 0 67 48 8 35 17 17 37 48 76 19 30 52
run=5 seed=4 k=78 f=0
52 12 32 65 25 0 66 54 71 4 16 1 13 61 77 33 27 38 72 45 3 52 62 3 23 50 54 23 51 77 44 20 32 31 37 25 16 68 75 39 70 29 46 23 0 47 60 38 57 18 12 2 8 50 14 61 61 6 77 47 43 58 8 59 40 29 10 11 68 32 76 65 34 25 0 0 76 19 56 48 42 10 15 6 36 68 66 40 75 72 59 62 0 31 77 23 35 73 22 52
run=6 seed=5 k=78 f=0
55 73 27 45 44 35 17 57 12 35 47 21 27 42 6 63 38 72 26 22 29 6 23 68 69 18 33 44 7 23 52 53 18 64 56 36 2 0 8 67 61 76 14 54 77 12 75 60 29 9 15 56 77 34 42 69 8 36 12 49 0 14 51 31 26 21 45 3 39 76 24 75 65 46 57 64 46 54 59 41 18 0 77 51 68 77 46 2 65 3 60 34 52 26 57 77 73 53 5 7
run=7 seed=6 k=78 f=0
44 12 42 49 48 20 4 0 7 1 76 1 70 71 60 23 44 56 32 46 2 57 5 57 62 35 75 28 16 66 51 66 15 73 63 42 65 48 25 7 30 53 39 68 4 24 31 31 59 68 4 55 8 10 30 59 0 77 26 36 51 47 49 13 15 75 39 12 17 35 20 53 28 48 0 71 11 20 61 31 77 41 43 63 35 0 77 11 25 24 39 54 23 20 73 7 61 16 72 2
run=8 seed=7 k=78 f=0
8 60 77 55 38 0 75 67 11 18 10 16 67 53 54 77 19 61 21 51 69 6 12 46 42 47 19 46 30 28 73 34 0 7 29 51 60 40 46 73 0 1 52 46 63 49 6 21 66 10 40 15 56 10 24 77 65 40 27 11 26 27 39 70 58 55 42 71 18 66 0 33 40 12 33 75 34 6 62 16 46 56 64 16 41 32 77 74 58 4 23 34 76 53 1 75 9 3 24 13
run=9 seed=8 k=78 f=0
12 24 71 77 20 15 28 21 60 57 43 69 37 17 28 73 26 56 56 6 63 38 9 0 33 10 23 42 49 68 61 14 69 39 6 7 1 63 30 62 5 69 5 29 4 75 61 23 17 42 39 4 51 46 75 0 37 53 21 20 77 61 50 19 55 70 43 42 52 50 32 26 60 44 68 60 52 31 34 62 30 0 36 48 77 19 0 12 14 36 7 69 49 76 51 14 73 35 65 43
run=10 seed=9 k=78 f=0
30 73 65 34 32 17 22 11 36 8 59 22 5 24 77 64 51 44 77 41 34 7 45 46 70 19 0 40 45 77 5 55 25 37 52 48 2 62 45 60 39 17 77 56 14 43 4 28 8 0 69 2 77 9 6 50 61 13 67 36 31 27 8 26 69 67 58 57 0 10 13 75 40 34 69 73 76 19 50 38 44 26 1 54 77 67 59 61 77 34 52 29 17 46 3 20 56 66 69 40
run=11 seed=10 k=78 f=0
22 57 65 76 47 0 15 58 39 0 24 67 52 42 11 38 32 39 58 60 49 17 48 20 62 70 38 37 59 59 20 77 0 67 72 30 47 76 4 58 13 43 28 55 71 17 7 22 5 14 69 6 53 2 19 10 15 29 32 4 44 53 77 7 34 49 74 44 8 28 0 10 77 76 61 52 70 6 0 33 25 65 61 52 71 41 23 47 51 47 66 42 24 32 18 12 1 37 28 34
run=12 seed=11 k=78 f=0
0 66 60 0 0 58 13 29 10 39 68 8 77 75 20 41 68 27 61 15 29 50 1 63 48 18 29 9 25 19 0 21 68 36 13 15 73 0 44 30 58 46 14 77 75 44 10 72 25 77 38 65 52 34 64 20 54 55 57 57 42 26 1 47 54 49 55 2 0 9 58 19 0 14 7 26 6 51 77 26 7 71 40 72 39 4 33 72 3 39 37 6 48 66 12 22 12 62 36 33
run=13 seed=12 k=78 f=0
46 57 74 68 52 45 34 69 54 1 76 71 32 24 70 68 54 19 39 28 35 48 20 46 31 31 55 37 64 29 71 23 51 3 20 7 17 76 21 77 5 44 27 54 3 1 24 73 63 0 37 43 14 31 36 9 61 59 54 53 38 43 37 61 59 25 6 74 0 0 68 26 23 40 45 72 33 75 67 64 77 11 64 51 17 23 77 17 77 8 10 42 2 10 21 11 48 49 58 0
run=14 seed=13 k=78 f=0
43 37 31 58 40 6 74 69 46 62 54 47 10 1 32 17 61 36 77 74 5 51 2 29 71 52 50 69 53 76 21 69 77 1 64 59 6 76 41 18 66 46 56 66 61 26 61 71 13 77 8 37 41 9 25 18 20 55 13 41 21 25 1 16 11 36 11 11 26 38 67 33 0 38 7 1 54 1 38 70 33 57 27 47 63 47 30 17 20 71 63 19 23 0 52 32 32 70 58 44
run=15 seed=14 k=78 f=0
21 15 7 38 24 43 29 24 18 4 10 3 46 56 15 68 17 39 55 23 0 40 29 12 51 0 20 34 23 0 77 28 59 13 66 49 11 60 53 52 7 44 4 22 2 68 36 32 59 9 46 44 44 76 29 75 36 77 52 34 67 24 59 72 38 2 3 76 61 62 23 42 76 37 53 3 12 72 72 33 9 18 67 46 34 25 33 53 13 64 3 66 69 63 13 77 31 26 61 51
run=16 seed=15 k=78 f=0
67 7 14 8 57 0 71 9 38 8 39 39 21 64 76 14 57 6 46 74 33 62 65 0 21 36 58 16 48 28 74 25 7 74 6 54 24 34 45 0 19 67 15 28 69 55 65 77 48 77 40 5 11 38 61 67 17 44 10 31 19 1 11 50 54 52 60 55 49 77 42 77 29 14 68 30 9 49 58 38 77 0 18 25 19 62 0 68 22 22 31 66 51 47 40 2 2 63 33 43
run=17 seed=16 k=78 f=0
43 56 37 9 32 65 75 45 20 64 1 62 4 14 23 15 58 48 8 59 35 74 55 61 27 9 0 16 34 45 44 64 77 22 60 6 0 5 33 31 77 52 39 12 70 10 6 36 51 77 53 58 35 77 72 56 18 56 9 47 43 37 9 30 13 77 45 3 44 71 15 75 26 70 0 38 0 29 69 13 0 26 45 62 20 39 68 20 0 19 48 77 64 11 58 52 26 18 11 26
run=18 seed=17 k=78 f=0
5 6 53 44 17 59 65 19 3 77 59 0 66 8 26 73 3 28 62 50 65 23 51 72 58 59 25 36 56 16 31 0 0 45 70 56 50 76 69 59 49 77 54 20 28 75 74 49 12 49 66 43 23 7 65 30 37 17 14 36 68 10 77 10 8 39 15 48 31 35 17 25 32 32 39 23 70 60 5 52 46 55 11 0 41 9 77 3 25 71 43 26 77 69 2 35 76 42 6 1
run=19 seed=18 k=78 f=0
53 22 27 58 77 38 73 50 72 43 77 48 71 77 62 41 0 11 31 48 63 74 32 6 76 45 73 3 25 44 63 54 16 4 1 31 66 28 34 77 52 69 73 46 68 10 0 59 17 77 12 15 26 47 62 9 24 33 0 18 59 2 44 20 67 0 63 35 36 33 51 24 7 0 35 60 77 65 10 54 6 16 24 41 27 25 68 19 51 56 47 57 40 60 52 15 39 39 4 68
run=20 seed=19 k=78 f=0
12 62 60 60 3 23 61 29 47 48 2 16 58 34 6 11 76 52 48 24 31 53 40 38 55 19 30 27 2 51 25 69 67 59 74 74 40 75 50 52 65 7 5 69 76 0 27 64 30 10 77 53 57 56 14 38 27 77 45 26 38 43 77 32 19 7 72 68 77 70 25 61 48 23 65 64 54 15 58 74 20 38 31 44 15 45 1 4 37 41 32 36 20 34 0 68 11 68 15 45
