run=1 seed=0 k=118 f=0
117 47 16 95 117 15 23 21 99 33 72 95 84 39 7 98 63 98 105 16 39 86 65 115 110 74 18 107 29 55 95 69 30 42 36 32 79 28 107 37 71 77 117 38 25 45 96 74 117 83 85 68 38 12 68 47 90 0 104 5 24 73 38 9 82 115 0 43 29 66 16 61 4 23 54 111 1 36 49 102 58 1 57 60 115 68 106 5 92 0 58 0 46 52 13 91 104 12 58 83
run=2 seed=1 k=118 f=0
117 47 16 95 117 15 23 21 99 33 72 95 84 39 7 98 63 98 105 16 39 86 65 115 110 74 18 107 29 55 95 69 30 42 36 32 79 28 107 37 71 77 117 38 25 45 96 74 117 83 85 68 38 12 68 47 90 0 104 5 24 73 38 9 82 115 0 43 29 66 16 61 4 23 54 111 1 36 49 102 58 1 57 60 115 68 106 5 92 0 58 0 46 52 13 91 104 12 58 83
run=3 seed=2 k=118 f=0
86 66 21 57 22 105 0 55 98 31 106 4 69 33 37 33 0 87 107 1 114 54 30 91 41 47 66 3 90 6 82 10 60 28 115 87 74 5 93 19 101 63 43 95 0 44 86 64 61 79 18 55 28 87 114 17 53 99 37 25 95 16 23 57 12 88 69 82 98 44 108 110 116 0 17 16 9 114 85 14 71 45 75 100 21 26 37 78 11 71 107 63 51 63 98 72 51 13 27 31
run=4 seed=3 k=118 f=0
76 108 37 109 37 44 91 94 61 66 68 0 13 113 96 15 80 51 104 105 37 92 102 43 95 43 12 27 2 26 22 78 84 0 94 49 45 84 30 110 52 62 38 65 58 90 3 110 26 59 101 69 116 85 14 73 53 5 3 70 9 29 35 93 116 3 25 38 114 89 70 17 87 67 32 16 80 117 96 72 25 44 24 23 12 54 100 80 57 107 37 45 22 87 6 55 73 35 16 102
run=5 seed=4 k=118 f=0
31 81 4 96 76 97 20 41 112 77 46 20 94 0 57 58 79 72 97 19 33 2 21 35 25 117 10 70 78 26 92 43 103 0 117 49 53 24 30 44 60 81 64 81 83 76 26 70 67 5 103 49 30 67 53 10 35 117 106 12 108 35 22 102 111 59 33 91 92 53 17 0 92 86 42 50 20 68 115 114 22 9 49 88 63 2 58 45 84 12 17 78 9 103 66 8 21 100 103 109
run=6 seed=5 k=118 f=0
111 58 22 22 56 60 26 46 76 45 110 10 26 14 10 100 55 18 116 62 92 27 105 44 77 109 94 57 90 105 62 83 50 88 37 106 29 27 10 65 37 3 104 93 9 90 79 100 21 0 114 98 32 69 72 109 103 81 51 41 76 51 44 9 117 36 116 65 35 12 66 2 86 99 96 28 2 60 99 4 19 43 14 52 77 117 47 77 7 117 38 20 93 86 29 39 4 114 61 83
run=7 seed=6 k=118 f=0
5 95 105 79 44 103 34 67 72 92 60 61 15 13 108 102 88 20 89 76 1 68 22 38 9 103 4 51 43 115 35 52 96 56 58 23 103 45 94 44 60 96 32 94 62 54 79 41 32 50 96 55 0 5 74 13 108 82 117 111 79 18 90 11 5 30 89 54 13 65 109 69 117 27 64 25 53 87 45 46 80 38 82 84 32 70 41 103 7 114 61 39 35 37 77 102 72 9 47 0
run=8 seed=7 k=118 f=0
15 105 49 45 109 23 67 49 61 108 88 81 54 90 75 114 19 39 71 106 80 93 10 61 55 111 17 66 105 28 3 14 99 68 60 21 93 82 75 2 70 26 31 60 102 105 110 88 73 88 117 39 64 37 6 37 84 38 72 27 34 75 41 104 14 105 16 93 55 95 48 117 10 85 56 99 96 78 115 7 48 3 74 116 41 116 0 109 4 76 25 24 33 40 16 96 58 53 27 13
run=9 seed=8 k=118 f=0
28 8 76 5 88 109 94 102 21 55 61 62 112 55 53 60 90 82 29 25 111 88 81 88 117 47 101 41 19 53 5 70 66 66 61 23 115 1 12 0 114 36 23 29 49 106 33 38 71 108 82 68 37 10 42 53 106 92 99 41 0 108 46 101 79 73 11 95 45 62 31 85 97 44 17 116 65 71 75 1 79 1 94 116 16 18 56 38 114 63 79 52 31 77 15 93 32 14 35 9
run=10 seed=9 k=118 f=0
117 54 108 95 40 81 52 13 34 24 112 75 0 55 13 33 103 66 96 66 3 91 47 77 2 79 85 75 39 50 20 109 89 106 67 82 6 33 71 44 13 19 5 13 117 23 46 60 89 29 1 65 59 48 57 90 5 98 81 48 20 18 100 115 62 49 80 69 38 105 46 55 10 71 38 88 28 40 98 117 59 74 1 97 50 33 0 62 5 94 110 88 65 96 86 23 31 108 96 73
run=11 seed=10 k=118 f=0
49 12 94 115 106 11 55 39 21 91 26 75 70 50 20 115 79 86 76 14 104 42 77 17 58 106 54 105 91 63 23 91 44 66 55 0 15 23 106 116 96 98 76 71 11 91 28 90 60 27 76 32 5 39 48 115 13 3 60 70 52 82 47 58 56 59 64 1 49 27 115 28 97 79 18 80 81 36 116 111 23 2 30 33 76 101 69 85 105 41 59 95 33 111 99 4 10 36 44 3
run=12 seed=11 k=118 f=0
26 113 89 115 53 97 53 4 25 44 110 42 44 108 13 91 63 6 68 96 25 47 61 77 117 77 43 72 79 105 54 107 35 25 86 5 53 84 13 116 12 19 116 60 9 8 34 77 70 101 34 24 29 32 106 54 11 64 84 0 56 62 101 35 91 113 42 22 64 68 93 18 85 98 49 101 30 57 52 20 40 1 1 73 7 1 13 88 70 21 108 41 87 95 74 60 94 109 82 40
run=13 seed=12 k=118 f=0
1 64 12 60 73 106 101 1 81 46 68 75 10 104 117 116 9 27 50 99 54 24 76 48 16 80 97 99 67 85 116 40 105 11 104 101 14 87 29 63 20 4 62 80 68 88 33 28 54 89 74 16 45 32 47 54 17 30 109 4 16 88 49 103 41 39 87 76 13 106 37 38 110 71 68 82 98 4 34 38 95 62 2 76 88 80 0 114 114 57 55 21 18 108 27 115 30 23 73 67
run=14 seed=13 k=118 f=0
14 113 17 109 82 14 106 97 91 111 80 57 74 100 1 103 61 43 20 109 59 6 87 66 3 18 0 24 59 57 116 77 106 65 69 21 77 53 4 68 50 47 111 117 63 113 93 30 0 50 24 3 33 112 87 70 12 35 0 72 70 39 57 96 18 104 77 16 39 81 12 104 90 19 80 25 45 41 66 117 30 95 2 25 89 94 103 101 36 3 60 45 46 95 88 35 85 43 98 62
run=15 seed=14 k=118 f=0
108 86 27 56 115 18 25 69 82 4 0 117 70 112 56 79 80 88 61 89 64 49 105 1 114 44 107 18 33 30 14 4 26 41 14 97 101 54 25 63 6 72 31 46 20 51 34 106 2 68 47 102 105 38 64 0 82 89 112 28 55 104 96 100 105 60 90 51 32 115 114 80 26 12 8 51 87 19 43 80 92 103 35 15 10 41 35 97 13 58 117 76 5 95 73 95 88 18 47 7
run=16 seed=15 k=118 f=0
95 87 73 31 80 85 17 44 22 40 37 117 0 20 24 93 81 101 42 117 31 56 69 69 46 15 52 49 36 22 9 17 112 20 56 78 85 109 103 33 85 74 11 16 33 55 64 68 95 111 43 7 30 25 77 1 6 14 50 1 6 23 60 35 66 115 114 80 0 5 70 74 22 103 45 64 45 79 12 89 103 112 100 52 23 62 62 117 81 117 40 82 10 104 60 93 99 39 59 57
run=17 seed=16 k=118 f=0
45 81 5 90 39 116 24 53 31 74 92 59 91 109 2 20 87 54 29 20 31 54 109 111 87 63 71 104 91 50 1 0 33 66 113 72 81 100 36 112 60 80 26 43 96 53 57 65 32 117 12 5 23 7 91 1 70 12 11 48 3 66 88 37 83 107 113 57 117 1 44 37 108 26 78 89 83 38 40 77 104 46 38 8 64 100 14 19 71 104 69 75 22 4 112 109 29 92 41 17
run=18 seed=17 k=118 f=0
117 21 61 39 93 10 75 54 89 73 19 98 97 20 50 102 106 51 5 64 50 31 27 109 35 27 28 92 37 64 74 41 60 100 84 69 55 63 27 31 1 25 72 114 48 8 21 1 49 0 115 109 37 33 22 38 17 74 10 58 114 84 99 42 4 69 48 96 111 49 9 0 60 85 92 103 94 16 1 1 75 57 31 109 91 38 82 92 59 67 24 83 113 24 66 36 53 17 14 85
run=19 seed=18 k=118 f=0
54 2 71 117 82 60 4 66 98 91 97 50 116 60 70 91 66 98 102 59 38 117 107 57 79 54 27 45 76 8 104 30 11 85 23 97 62 0 104 32 49 67 73 17 55 4 108 79 14 107 36 52 116 3 114 23 57 23 88 15 89 69 32 47 17 49 96 25 75 75 19 108 28 81 5 41 93 66 0 40 110 12 113 32 23 103 77 97 14 25 92 50 84 7 97 9 84 41 32 31
run=20 seed=19 k=118 f=0
73 94 12 59 83 93 83 115 37 62 3 6 69 24 38 69 90 105 111 14 79 28 27 48 95 77 40 98 107 28 100 88 0 45 45 110 16 66 102 91 11 22 56 84 21 79 3 78 70 117 93 18 32 6 17 8 64 55 106 77 13 45 87 27 82 104 92 30 115 86 84 36 60 105 2 97 46 5 57 101 52 36 29 35 46 113 51 74 54 39 22 24 81 113 7 73 64 99 34 112
