run=1 seed=0 k=86 f=0
38 8 30 47 9 35 26 45 9 62 22 23 23 59 85 84 65 10 76 4 28 37 57 63 4 20 0 74 43 73 5 48 1 17 83 67 49 28 74 17 52 41 2 43 24 69 38 18 13 29 15 18 85 18 61 67 30 60 13 72 77 54 26 72 8 85 72 16 72 8 46 83 0 78 38 53 56 37 58 55 1 64 2 84 81 44 56 28 9 50 10 66 31 30 42 53 33 41 82 76
run=2 seed=1 k=86 f=0
38 8 30 47 9 35 26 45 9 62 22 23 23 59 85 84 65 10 76 4 28 37 57 63 4 20 0 74 43 73 5 48 1 17 83 67 49 28 74 17 52 41 2 43 24 69 38 18 13 29 15 18 85 18 61 67 30 60 13 72 77 54 26 72 8 85 72 16 72 8 46 83 0 78 38 53 56 37 58 55 1 64 2 84 81 44 56 28 9 50 10 66 31 30 42 53 33 41 82 76
run=3 seed=2 k=86 f=0
26 74 20 9 8 2 18 8 48 43 83 55 41 57 59 23 31 24 36 70 13 48 29 75 32 40 18 6 85 84 13 0 0 35 43 37 34 56 28 75 3 31 16 47 15 9 66 72 80 0 27 63 70 66 69 22 52 85 41 4 10 67 62 78 76 81 47 52 58 44 85 17 20 51 51 16 15 33 6 14 85 76 38 45 21 22 61 61 33 6 68 0 81 83 76 63 47 45 81 31
run=4 seed=3 k=86 f=0
37 38 50 20 85 29 23 0 38 46 18 82 15 44 85 30 85 15 73 85 59 21 21 38 85 41 48 69 6 66 76 80 61 44 1 67 10 84 70 50 28 26 24 36 54 42 7 65 17 0 58 53 56 48 5 56 39 24 0 62 48 13 4 62 61 47 70 40 43 1 79 1 26 76 71 64 0 9 35 52 6 15 12 33 74 0 9 82 81 30 32 10 43 75 24 53 13 34 40 72
run=5 seed=4 k=86 f=0
56 76 52 41 3 57 85 41 70 75 46 68 30 17 80 60 8 63 32 0 30 4 34 85 37 71 26 0 50 1 80 51 19 33 80 45 84 1 52 39 36 20 14 70 24 3 30 4 25 85 9 25 50 41 48 27 63 73 67 80 17 9 51 78 84 36 66 53 82 77 56 30 34 12 41 8 44 69 37 7 13 74 15 24 58 47 0 56 76 29 63 7 54 45 0 72 61 59 37 82
run=6 seed=5 k=86 f=0
63 43 58 1 53 45 2 0 11 76 31 14 79 4 14 85 9 49 78 56 14 52 1 85 56 85 9 47 44 72 21 36 68 7 71 7 84 25 74 34 39 0 34 85 5 58 28 3 78 57 52 73 66 18 78 55 9 7 46 47 31 67 34 16 41 64 20 30 69 44 72 26 22 20 40 83 32 26 7 34 59 27 78 63 79 51 0 63 60 28 42 19 23 0 17 85 80 50 29 71
run=7 seed=6 k=86 f=0
27 19 55 83 6 14 61 32 53 80 56 32 78 14 33 75 75 0 28 72 35 61 56 30 5 66 8 17 81 46 3 13 68 39 40 69 73 60 19 40 54 0 9 81 83 59 25 74 24 13 37 46 38 20 71 25 56 11 43 42 47 23 38 20 85 45 73 33 82 74 29 49 4 0 84 32 64 16 8 39 49 67 2 52 23 23 57 63 2 44 52 2 4 57 66 77 28 81 25 35
run=8 seed=7 k=86 f=0
71 54 41 68 21 42 82 19 50 5 0 25 31 29 84 14 69 26 37 52 6 77 10 24 21 0 51 25 11 34 56 85 54 37 55 67 59 2 48 47 18 30 66 72 72 77 5 25 14 60 75 21 50 1 54 60 75 20 38 43 85 1 37 45 28 79 34 52 22 5 19 33 41 38 78 9 34 60 14 0 63 46 5 11 71 67 32 82 45 8 7 59 42 85 30 81 44 5 9 16
run=9 seed=8 k=86 f=0
22 16 30 83 15 56 69 17 85 63 63 34 0 10 62 2 47 14 34 72 28 59 27 47 70 85 38 83 51 74 22 67 71 24 0 44 76 83 51 55 3 85 61 20 21 28 79 25 0 27 29 3 59 57 43 33 46 44 49 50 78 39 17 73 76 1 59 29 39 9 53 12 69 85 36 25 69 56 1 26 76 9 44 0 20 35 8 19 38 65 9 34 18 0 79 10 79 20 25 10
run=10 seed=9 k=86 f=0
35 10 75 43 64 59 85 66 1 81 2 43 85 19 41 1 77 63 20 16 24 66 59 1 69 7 84 0 41 75 33 40 76 12 44 79 6 31 46 69 10 85 0 5 82 29 82 71 0 16 63 72 68 28 21 40 72 20 75 48 58 31 44 84 55 81 24 60 48 17 50 55 34 60 41 0 26 25 62 64 58 8 13 72 32 51 25 35 1 55 12 81 27 23 12 38 50 85 46 51
run=11 seed=10 k=86 f=0
63 77 32 35 13 85 13 57 29 32 40 70 67 19 14 18 41 19 32 22 53 37 23 11 2 73 53 83 40 44 85 5 55 44 2 45 23 26 0 76 69 70 35 58 50 46 10 76 33 12 2 70 64 59 66 12 25 5 31 60 85 26 7 80 18 52 48 80 13 80 58 13 0 85 50 38 40 61 78 76 83 46 63 6 63 39 25 22 83 3 29 84 0 45 68 72 31 55 36 0
run=12 seed=11 k=86 f=0
15 15 9 85 14 38 77 20 53 34 12 35 10 84 68 38 29 14 85 36 29 63 17 57 10 61 65 25 6 45 43 47 0 27 40 79 72 57 6 50 52 18 85 45 1 41 53 28 85 21 34 29 0 55 1 12 27 61 82 56 54 22 17 77 50 82 62 44 0 6 7 2 45 80 38 63 74 26 68 39 72 8 63 65 57 19 70 74 14 50 32 74 54 65 76 42 16 10 2 19
run=13 seed=12 k=86 f=0
1 45 22 11 10 47 23 1 84 34 81 70 24 34 41 77 85 44 47 35 17 0 68 56 4 29 19 59 14 41 6 58 8 20 54 83 27 82 69 17 61 42 60 1 39 46 85 7 52 76 75 4 0 67 34 75 0 64 73 13 22 54 61 68 11 18 79 66 8 29 6 79 62 35 14 27 28 2 52 16 32 84 55 51 64 83 38 68 62 55 74 28 53 45 27 40 48 9 34 64
run=14 seed=13 k=86 f=0
16 34 82 14 21 28 56 8 66 75 39 12 65 65 0 3 77 13 36 9 61 44 49 45 27 30 70 85 84 79 7 85 40 66 1 24 47 44 73 71 51 69 53 6 79 82 33 1 0 69 0 71 18 47 35 84 58 30 0 18 85 58 17 23 59 39 1 43 52 24 6 38 51 6 59 80 20 35 23 85 13 29 49 80 76 53 41 59 24 47 21 17 12 1 69 29 38 62 32 62
run=15 seed=14 k=86 f=0
77 13 71 46 81 5 63 41 19 24 58 7 50 58 41 31 11 57 24 3 83 69 27 38 55 69 27 6 31 65 77 40 59 65 45 24 65 34 85 14 51 64 74 27 63 24 9 72 18 31 9 79 0 14 47 59 72 84 48 85 77 18 32 21 18 81 39 42 19 85 41 50 61 3 84 29 39 15 35 7 6 55 48 1 75 31 51 76 15 37 71 10 17 1 77 27 42 38 6 15
run=16 seed=15 k=86 f=0
14 15 21 67 18 74 26 64 59 54 56 70 41 48 84 85 13 28 27 47 64 0 2 78 22 43 10 68 66 45 5 53 8 0 2 28 59 15 8 24 61 14 48 8 13 47 2 1 1 21 84 75 34 46 59 33 70 75 6 62 61 76 29 85 24 22 83 31 23 56 7 6 50 66 69 61 52 0 85 15 37 78 82 36 32 54 78 27 35 53 32 71 63 44 3 80 39 85 15 41
run=17 seed=16 k=86 f=0
4 38 22 21 39 24 78 2 69 16 22 29 67 83 77 62 51 0 12 0 69 16 3 29 26 32 56 48 33 47 7 32 19 19 48 85 11 10 42 59 14 75 36 74 73 85 43 60 21 13 0 11 68 85 56 80 65 35 41 53 58 42 0 84 29 40 49 85 56 7 26 78 4 51 42 17 32 81 11 12 23 5 13 65 83 0 77 72 1 62 43 76 54 65 1 50 26 45 39 50
run=18 seed=17 k=86 f=0
30 81 15 83 13 85 51 18 55 5 0 42 0 65 64 65 2 39 85 14 24 54 39 22 27 22 49 13 33 40 54 40 73 25 0 0 59 0 67 21 72 7 52 6 19 36 64 11 11 57 0 2 77 59 61 44 50 7 47 36 34 9 31 72 33 69 25 58 70 7 16 80 66 85 85 20 77 61 83 13 77 31 25 8 61 54 48 31 73 30 43 41 28 72 0 77 14 27 38 33
run=19 seed=18 k=86 f=0
5 40 22 25 42 9 22 64 38 83 82 66 55 84 21 5 27 16 70 69 58 79 35 8 12 36 69 44 12 36 19 26 74 54 22 31 79 85 14 28 3 35 30 72 47 47 6 81 0 84 45 38 75 54 0 24 63 14 45 61 48 21 61 43 47 50 70 31 0 77 69 36 20 62 60 74 17 18 11 30 15 85 1 77 20 40 9 85 80 51 0 37 82 53 77 6 58 56 46 61
run=20 seed=19 k=86 f=0
37 0 48 58 10 3 7 11 83 8 53 84 68 12 53 49 28 41 40 62 9 57 81 48 14 81 82 26 76 4 51 78 10 76 82 26 72 24 32 61 65 45 61 30 85 18 25 61 10 48 20 84 57 65 52 39 18 45 71 35 74 69 27 12 67 71 42 2 37 72 34 52 65 33 3 55 15 27 84 85 30 2 50 85 20 0 19 13 62 70 78 4 41 78 56 46 39 39 28 81
