run=1 seed=0 k=97 f=0
8 23 91 22 77 64 63 43 15 61 87 44 77 11 14 70 17 4 62 0 45 81 62 45 39 47 95 82 84 31 68 34 29 93 9 1 93 71 7 21 59 54 13 41 5 69 52 23 32 73 39 96 96 41 52 0 28 39 10 18 54 57 54 80 78 76 73 29 96 73 40 76 64 53 26 71 33 11 26 64 88 17 7 60 67 88 87 82 32 35 3 20 96 87 96 31 2 12 48 84
run=2 seed=1 k=97 f=0
8 23 91 22 77 64 63 43 15 61 87 44 77 11 14 70 17 4 62 0 45 81 62 45 39 47 95 82 84 31 68 34 29 93 9 1 93 71 7 21 59 54 13 41 5 69 52 23 32 73 39 96 96 41 52 0 28 39 10 18 54 57 54 80 78 76 73 29 96 73 40 76 64 53 26 71 33 11 26 64 88 17 7 60 67 88 87 82 32 35 3 20 96 87 96 31 2 12 48 84
run=3 seed=2 k=97 f=0
54 42 87 79 56 50 58 26 8 32 58 96 3 90 70 29 22 63 95 73 65 52 89 67 45 36 95 96 29 11 6 79 49 85 76 20 12 33 46 42 72 37 73 24 72 76 14 69 49 2 48 21 58 19 42 93 87 91 94 15 78 57 43 53 65 18 73 1 14 21 28 83 87 61 11 68 77 55 85 83 7 46 58 96 23 35 69 41 41 81 22 9 14 65 23 0 63 31 3 4
run=4 seed=3 k=97 f=0
43 73 67 60 5 64 80 52 22 68 94 54 59 86 88 59 29 22 80 65 39 49 38 22 76 76 11 54 96 84 19 0 6 4 51 26 93 91 12 25 41 9 58 78 43 0 1 73 44 88 67 46 6 91 71 84 18 14 86 96 36 10 54 41 36 47 62 1 23 74 96 62 17 35 51 60 38 52 54 43 68 32 1 81 77 68 64 95 8 12 77 44 28 34 86 28 2 81 16 27
run=5 seed=4 k=97 f=0
2 60 31 19 79 1 85 90 14 57 9 49 82 40 91 87 44 8 64 0 24 33 74 37 78 64 68 26 18 3 88 51 69 32 47 9 95 57 74 43 49 95 84 41 96 22 65 36 37 17 28 94 55 30 70 26 2 13 80 20 89 4 5 24 40 76 3 44 68 56 76 86 28 62 96 21 50 96 57 45 40 13 66 48 45 54 1 77 68 80 31 19 19 36 69 64 9 70 39 18
run=6 seed=5 k=97 f=0
57 15 23 26 25 28 70 5 9 20 91 95 10 52 80 74 25 41 1 51 38 66 43 86 42 0 61 36 39 45 90 96 91 33 53 27 25 18 40 67 17 32 83 92 19 41 54 42 63 55 79 25 46 64 74 54 78 0 24 51 72 7 50 65 67 69 86 64 4 35 6 82 35 32 96 16 4 4 62 74 11 87 85 48 81 19 87 96 15 15 51 12 28 31 86 57 69 9 54 61
run=7 seed=6 k=97 f=0
78 38 26 59 64 38 64 68 83 95 23 32 10 13 71 79 19 12 95 41 55 13 49 4 36 41 92 40 56 42 35 68 54 75 0 21 2 4 53 64 79 7 59 71 49 83 52 59 60 50 68 41 96 18 23 47 47 22 96 62 88 90 32 83 88 18 30 72 84 84 67 13 78 47 30 74 79 18 63 63 26 35 7 95 0 34 3 27 10 63 94 31 26 26 9 16 0 70 18 89
run=8 seed=7 k=97 f=0
4 72 39 57 72 88 26 48 17 90 67 59 0 66 79 79 96 82 25 49 56 12 70 41 42 3 19 32 12 4 89 44 9 94 11 0 84 70 58 67 28 62 23 49 95 44 96 0 10 48 82 55 68 89 42 30 54 54 94 20 29 52 79 55 78 39 36 68 21 93 62 96 88 35 16 77 9 50 0 65 5 32 54 7 84 89 38 75 75 74 27 15 19 11 33 36 45 22 8 64
run=9 seed=8 k=97 f=0
65 32 94 38 42 96 26 16 24 76 25 38 96 51 0 94 18 57 66 69 44 58 32 8 34 43 47 40 61 17 90 74 79 36 95 13 15 25 6 49 0 31 49 79 51 5 6 54 64 26 30 37 52 56 69 87 6 25 52 84 72 0 79 85 43 9 75 62 2 81 94 57 81 34 9 87 42 90 81 43 24 14 66 77 96 58 0 64 17 32 70 88 17 96 12 61 71 91 4 0
run=10 seed=9 k=97 f=0
85 7 27 79 39 33 31 47 88 59 51 52 90 21 11 57 9 68 89 0 20 67 85 66 80 48 0 47 6 95 39 48 0 12 63 89 93 2 60 18 54 9 91 62 16 72 34 55 66 58 87 86 33 1 53 21 18 57 61 24 41 33 37 83 84 96 47 1 83 23 76 10 25 44 18 53 81 36 38 50 76 32 70 36 92 26 0 15 62 96 79 70 61 41 95 26 73 82 19 8
run=11 seed=10 k=97 f=0
83 36 84 16 84 81 80 25 66 26 18 54 68 1 46 96 32 53 22 1 81 61 60 59 5 71 77 35 93 91 12 50 13 76 70 0 73 3 51 60 23 57 66 32 77 19 48 0 64 46 65 51 80 0 20 90 30 0 26 67 25 18 13 39 95 41 43 90 68 39 86 10 16 40 95 93 8 50 37 20 41 15 59 12 89 87 7 7 14 61 29 43 80 44 55 32 47 89 35 72
run=12 seed=11 k=97 f=0
18 49 49 68 92 42 81 27 79 41 47 0 49 39 93 37 55 96 9 93 57 76 78 77 47 46 59 57 17 7 29 87 68 11 38 95 62 53 61 81 94 24 88 77 29 43 41 61 11 63 47 71 37 73 33 71 62 34 32 82 29 70 49 24 18 21 30 56 16 38 4 52 20 24 82 81 0 17 4 87 0 44 92 68 65 0 73 30 55 8 11 79 38 91 19 39 85 88 21 14
run=13 seed=12 k=97 f=0
28 75 42 37 29 18 81 85 54 39 32 81 93 84 84 54 60 71 20 60 95 40 52 54 25 1 80 8 20 69 74 83 14 13 38 27 57 33 26 48 12 0 47 8 77 33 17 45 42 34 3 66 94 91 95 73 49 66 72 45 50 6 63 81 2 0 11 96 24 88 88 0 67 6 20 78 80 29 47 63 65 9 26 57 15 74 10 45 53 28 23 78 39 87 62 66 51 17 29 66
run=14 seed=13 k=97 f=0
9 84 64 13 93 71 35 30 48 45 2 21 92 29 82 69 68 33 7 54 9 48 96 68 28 18 22 66 69 36 81 60 4 80 78 1 86 16 50 38 43 42 7 25 42 72 15 94 61 77 53 4 48 53 46 56 28 16 79 14 38 94 29 96 87 10 78 0 92 93 54 54 11 30 87 0 40 85 31 76 35 19 80 63 67 61 27 1 94 58 46 39 12 76 63 23 6 96 23 87
run=15 seed=14 k=97 f=0
49 39 84 96 33 35 69 48 16 84 86 59 0 45 74 19 37 78 84 71 9 77 67 69 25 92 24 18 58 84 17 96 62 0 2 89 9 86 79 27 74 29 42 95 73 89 5 83 44 4 1 3 83 13 54 6 41 36 1 34 52 47 52 20 28 70 14 63 58 45 30 67 13 80 61 88 49 16 38 30 51 66 25 67 21 53 72 59 95 10 44 95 90 0 8 15 31 21 78 61
run=16 seed=15 k=97 f=0
52 6 0 49 17 71 13 20 25 74 94 13 16 25 69 85 8 27 59 5 78 42 62 1 92 18 59 25 36 36 48 22 92 79 77 50 2 90 0 39 13 89 13 37 73 86 20 42 80 0 77 69 67 40 4 59 66 76 60 63 88 18 50 51 30 7 48 2 34 69 96 30 33 47 42 10 15 25 70 84 96 49 87 65 16 32 58 96 89 83 57 48 8 82 33 39 88 23 5 96
run=17 seed=16 k=97 f=0
9 55 35 84 7 63 37 74 45 53 24 89 13 43 81 83 25 0 45 33 9 0 6 46 30 49 76 91 55 37 3 63 22 7 55 23 16 29 14 61 16 17 53 79 92 1 13 96 70 33 95 74 59 35 44 85 86 74 80 11 42 67 24 68 91 36 22 40 92 54 83 36 5 52 96 0 71 6 56 88 27 73 1 20 46 31 15 65 8 87 40 62 70 0 19 38 31 80 52 19
run=18 seed=17 k=97 f=0
18 90 22 11 96 19 80 60 54 77 17 14 2 37 25 53 75 63 71 72 29 9 32 96 47 93 26 90 68 46 87 21 68 96 63 73 85 46 11 43 58 36 26 74 27 74 88 65 36 22 80 96 48 7 86 31 88 60 0 64 82 35 14 54 2 92 11 11 58 73 41 6 58 31 13 15 11 37 49 81 43 80 81 70 94 14 3 65 21 32 50 80 40 95 86 34 0 66 55 58
run=19 seed=18 k=97 f=0
6 39 55 2 39 88 70 95 53 74 31 0 1 0 14 16 66 76 30 40 96 27 64 10 60 52 50 58 23 37 38 66 77 9 19 49 21 38 79 37 15 90 0 32 87 55 11 43 73 6 60 8 43 58 21 70 72 46 0 34 81 70 4 96 16 24 91 22 53 28 89 84 59 92 28 46 15 86 19 56 6 81 96 46 74 27 15 74 37 84 66 58 88 96 51 68 96 31 46 4
run=20 seed=19 k=97 f=0
16 15 87 80 5 33 71 82 44 41 24 54 29 47 62 79 57 42 86 8 47 0 2 57 90 12 70 88 12 96 31 21 40 8 93 73 45 17 96 75 86 31 62 57 45 67 68 9 4 21 18 37 48 51 26 75 62 95 65 5 34 32 23 0 40 66 0 22 95 37 88 26 64 21 78 14 82 46 87 85 38 72 52 53 56 11 96 5 25 67 0 32 49 59 66 70 0 84 85 94
