run=1 seed=0 k=91 f=0
0 86 0 82 1 32 0 39 1 67 3 10 11 4 90 30 74 5 20 37 61 0 37 17 16 83 90 16 36 34 61 76 66 61 31 37 61 70 9 50 70 11 79 12 69 25 83 65 31 23 23 89 0 55 52 23 64 35 69 52 48 42 88 90 88 82 43 86 25 0 13 80 67 4 41 42 74 53 83 28 47 89 52 29 53 43 58 63 22 17 75 46 55 27 7 20 49 90 32 44
run=2 seed=1 k=91 f=0
0 86 0 82 1 32 0 39 1 67 3 10 11 4 90 30 74 5 20 37 61 0 37 17 16 83 90 16 36 34 61 76 66 61 31 37 61 70 9 50 70 11 79 12 69 25 83 65 31 23 23 89 0 55 52 23 64 35 69 52 48 42 88 90 88 82 43 86 25 0 13 80 67 4 41 42 74 53 83 28 47 89 52 29 53 43 58 63 22 17 75 46 55 27 7 20 49 90 32 44
run=3 seed=2 k=91 f=0
6 56 19 32 26 17 70 42 65 17 50 11 39 54 12 63 60 38 54 90 25 84 65 23 70 3 61 71 31 13 71 12 48 0 87 0 64 82 26 55 78 19 9 27 40 17 0 8 51 77 5 11 23 34 64 89 0 31 40 31 43 21 29 53 57 35 37 10 4 85 90 79 68 2 15 70 73 69 80 56 76 47 58 72 61 86 32 45 82 85 76 34 26 45 83 18 19 87 44 43
run=4 seed=3 k=91 f=0
11 22 77 42 61 66 57 3 24 45 10 41 29 37 74 67 90 17 26 23 4 13 14 14 19 25 63 86 7 72 58 39 47 61 44 88 78 10 53 66 83 53 71 31 54 21 52 53 15 7 27 70 72 17 85 37 2 0 61 6 34 30 12 0 19 88 90 79 31 88 54 58 63 88 44 69 14 5 46 80 76 87 76 29 81 56 81 50 80 66 38 90 63 71 89 41 0 51 30 4
run=5 seed=4 k=91 f=0
67 3 77 25 80 17 32 54 48 77 42 90 57 22 90 74 12 90 52 29 36 23 20 7 30 0 33 7 13 86 80 45 26 77 31 67 60 67 34 0 42 69 48 5 1 73 28 0 19 74 58 3 35 88 23 29 4 82 7 9 45 82 12 40 1 62 47 41 80 76 29 37 55 14 62 19 83 51 90 19 14 60 36 8 51 36 83 65 56 52 45 17 71 53 61 85 71 7 85 55
run=6 seed=5 k=91 f=0
71 33 48 33 74 40 83 64 1 81 35 83 20 27 7 7 90 36 14 26 59 50 46 90 75 0 74 0 51 46 68 67 32 3 34 13 26 16 22 90 20 46 28 85 90 53 22 90 38 55 83 8 29 55 51 9 3 64 14 19 21 55 48 62 78 59 34 66 82 58 80 6 66 13 9 90 29 26 72 67 39 21 75 70 5 41 46 4 45 75 76 89 84 32 46 42 41 74 62 67
run=7 seed=6 k=91 f=0
70 24 59 74 43 40 35 1 8 21 6 30 1 40 61 35 54 46 62 29 45 67 40 7 42 81 66 48 54 45 2 54 33 35 31 13 11 57 25 83 31 0 9 2 26 75 23 53 5 38 18 86 19 82 21 70 73 43 61 0 90 77 19 65 64 29 77 68 90 36 0 56 61 24 29 49 16 54 71 69 9 21 89 85 15 16 72 84 26 13 90 77 77 90 16 50 89 49 11 78
run=8 seed=7 k=91 f=0
82 28 48 64 62 2 77 46 28 56 77 70 77 37 55 54 24 85 47 32 45 81 10 0 64 67 72 47 8 36 51 89 87 18 85 18 62 78 69 24 44 39 63 57 23 16 10 51 41 0 85 30 79 4 28 87 20 33 23 43 49 8 62 44 10 13 16 84 66 54 73 2 58 49 35 52 22 12 6 44 12 74 37 54 57 67 9 23 41 15 6 89 28 31 73 38 60 87 55 69
run=9 seed=8 k=91 f=0
34 68 30 32 81 8 67 71 35 4 57 56 47 51 20 43 37 72 21 28 35 24 72 11 61 64 20 85 62 81 27 54 29 3 44 90 70 48 33 12 42 69 27 38 70 79 74 23 8 0 89 42 84 31 59 90 60 90 82 31 30 0 66 11 80 55 25 78 11 1 53 25 76 0 21 17 70 55 0 87 4 89 43 40 48 38 45 70 79 90 63 20 4 41 14 88 75 18 52 83
run=10 seed=9 k=91 f=0
86 74 10 72 2 16 89 23 75 74 41 90 54 36 45 68 7 21 19 28 16 60 14 15 23 39 23 60 51 32 60 45 9 34 84 83 70 9 1 2 45 64 59 53 85 39 31 1 23 55 84 29 78 11 44 83 51 30 54 13 46 55 55 72 51 38 42 32 86 50 0 49 32 81 87 23 62 60 72 76 78 36 90 80 6 90 15 1 16 29 21 66 67 40 5 90 12 62 7 26
run=11 seed=10 k=91 f=0
44 14 29 37 6 48 33 9 33 5 70 80 72 89 25 41 65 20 16 30 79 65 59 20 21 11 70 77 38 79 23 23 38 76 35 32 0 67 44 53 0 46 36 41 90 16 58 56 26 73 60 54 37 72 90 24 86 64 10 70 58 59 68 0 54 0 66 82 90 7 43 88 4 31 51 64 83 44 57 61 53 0 74 27 39 6 86 53 75 80 85 17 46 13 48 84 47 46 6 7
run=12 seed=11 k=91 f=0
56 54 85 70 81 46 50 23 90 71 13 72 0 39 9 70 90 9 25 87 7 32 48 15 39 69 86 85 71 33 12 44 61 16 67 86 5 65 41 16 60 51 31 26 10 24 5 8 49 60 25 60 29 16 74 80 2 78 26 48 3 80 31 52 0 57 77 58 76 54 23 90 13 68 37 34 38 6 66 90 90 60 20 83 38 52 78 46 10 19 36 49 25 28 1 58 1 40 23 1
run=13 seed=12 k=91 f=0
18 51 19 74 38 0 2 85 9 28 90 64 66 67 1 68 79 65 1 80 26 14 72 35 10 48 60 59 15 45 23 34 41 77 53 75 90 43 68 33 2 20 34 73 18 48 11 63 20 57 82 58 70 86 53 26 77 73 71 86 29 57 83 4 59 17 44 75 5 16 85 80 0 14 14 11 33 24 40 10 45 61 89 23 55 55 39 89 26 89 84 0 21 39 49 9 37 8 72 82
run=14 seed=13 k=91 f=0
75 83 66 23 75 29 3 35 88 44 61 47 33 16 8 36 44 33 90 51 72 0 18 46 28 80 32 59 29 72 70 64 23 57 16 20 30 22 47 40 84 80 85 8 48 80 89 1 73 89 52 62 63 30 70 15 45 0 88 5 28 15 51 0 4 67 40 58 24 3 7 88 37 57 15 2 42 63 42 79 55 10 79 41 33 87 53 12 75 25 69 13 43 66 82 77 6 10 31 51
run=15 seed=14 k=91 f=0
56 7 48 81 62 0 3 53 31 68 10 20 23 15 0 0 72 90 82 40 77 25 88 54 75 2 41 37 84 29 51 13 83 69 37 70 78 60 89 64 59 4 38 84 20 50 89 55 12 63 8 39 26 28 28 19 73 32 60 30 85 89 6 9 44 67 58 8 88 0 46 4 34 90 18 19 40 17 70 37 43 52 12 80 31 73 54 66 73 42 11 0 47 47 54 21 77 42 87 74
run=16 seed=15 k=91 f=0
83 31 72 39 57 65 16 23 72 36 48 60 7 45 74 73 50 80 36 77 9 81 67 17 79 16 50 27 8 89 77 53 90 70 23 20 32 47 81 17 68 31 36 53 0 1 87 1 82 90 0 25 35 66 0 90 6 52 22 90 4 49 56 9 8 42 37 25 0 60 63 71 43 25 27 15 32 31 38 83 44 88 12 55 61 65 73 76 84 59 38 89 46 9 65 16 22 11 5 22
run=17 seed=16 k=91 f=0
48 17 64 65 79 2 51 84 77 21 58 57 76 45 2 89 60 72 27 39 25 81 84 83 34 14 40 58 73 49 28 55 12 45 48 67 71 65 52 35 20 63 90 9 71 43 27 54 31 51 57 24 0 13 56 39 3 22 0 0 42 62 62 37 22 17 13 9 72 75 6 85 76 90 23 22 31 32 88 19 43 34 69 29 48 62 86 9 84 80 53 14 30 77 52 77 4 9 35 83
run=18 seed=17 k=91 f=0
13 59 79 86 31 8 33 72 49 50 37 26 64 19 90 76 57 50 58 15 22 33 51 7 89 81 53 38 57 27 30 49 80 30 9 84 86 39 81 70 68 70 65 0 26 48 87 70 0 13 0 79 90 40 86 24 18 21 90 38 45 18 87 74 3 57 67 68 7 42 5 58 67 35 24 54 45 74 77 47 0 83 36 18 63 0 36 16 12 42 55 46 32 79 4 55 10 76 48 16
run=19 seed=18 k=91 f=0
53 3 3 63 1 89 18 48 80 43 52 84 13 61 89 22 9 49 12 24 62 76 40 38 29 0 75 81 72 89 37 41 60 40 38 36 74 75 31 19 28 7 12 81 86 33 21 70 51 90 44 88 78 70 62 25 79 46 15 58 16 67 62 32 67 5 48 77 32 3 56 1 28 6 69 55 46 50 72 78 50 90 34 21 82 69 43 18 28 24 26 0 3 9 38 88 82 64 7 55
run=20 seed=19 k=91 f=0
73 85 65 40 45 20 86 0 6 13 28 21 59 90 50 7 83 76 0 2 57 43 68 32 89 49 58 89 6 21 24 34 37 68 74 76 62 45 13 7 76 49 32 37 19 45 46 88 90 64 67 51 31 61 87 63 13 16 88 71 0 38 15 57 38 53 77 28 72 49 25 83 10 26 17 40 77 88 64 71 81 25 31 6 17 81 40 5 60 3 0 52 21 52 63 81 36 54 4 0
