run=1 seed=0 k=95 f=0
80 25 7 60 83 16 16 84 34 26 77 12 75 29 50 76 86 35 68 66 86 50 27 69 7 50 82 6 62 20 44 41 17 59 4 60 33 91 27 92 93 92 46 81 59 2 28 42 20 94 0 52 30 21 1 53 52 42 1 21 5 36 59 23 40 74 81 84 57 29 80 64 68 25 14 74 24 38 24 7 30 11 86 72 35 85 41 52 69 76 61 8 36 53 94 17 11 76 4 64
run=2 seed=1 k=95 f=0
80 25 7 60 83 16 16 84 34 26 77 12 75 29 50 76 86 35 68 66 86 50 27 69 7 50 82 6 62 20 44 41 17 59 4 60 33 91 27 92 93 92 46 81 59 2 28 42 20 94 0 52 30 21 1 53 52 42 1 21 5 36 59 23 40 74 81 84 57 29 80 64 68 25 14 74 24 38 24 7 30 11 86 72 35 85 41 52 69 76 61 8 36 53 94 17 11 76 4 64
run=3 seed=2 k=95 f=0
58 53 33 15 86 41 94 92 67 30 79 18 3 88 69 44 9 38 7 28 2 32 54 85 62 49 48 85 11 58 43 60 12 21 45 11 78 82 1 93 79 12 30 71 20 45 46 29 58 0 69 75 33 26 5 51 35 35 38 85 89 72 58 94 36 16 17 53 20 94 67 3 42 63 75 65 2 28 70 77 80 51 80 58 89 21 24 39 52 61 52 48 43 12 37 13 3 70 31 90
run=4 seed=3 k=95 f=0
20 80 43 75 45 91 24 51 1 64 10 2 14 59 67 40 64 54 66 81 64 7 75 85 13 74 10 2 18 20 90 49 46 40 86 54 84 10 19 53 29 36 70 31 3 61 76 72 21 47 46 39 9 56 24 58 16 7 20 71 38 94 46 94 87 37 88 57 89 37 15 32 90 75 83 1 6 56 54 3 76 27 21 61 43 24 29 65 71 3 92 32 31 43 28 3 80 69 61 80
run=5 seed=4 k=95 f=0
66 53 50 76 88 62 60 0 88 0 40 59 4 7 28 10 0 35 0 54 74 19 63 39 41 88 17 39 75 55 82 43 14 85 24 3 8 21 93 52 66 5 75 27 29 35 67 73 71 26 46 19 49 78 56 39 50 76 91 86 11 77 31 44 68 10 28 63 27 6 94 94 40 85 65 37 81 25 15 72 58 67 52 6 82 60 79 91 81 17 45 32 80 14 53 49 37 18 45 0
run=6 seed=5 k=95 f=0
68 5 45 47 48 5 70 94 58 46 56 13 5 14 56 44 8 91 58 80 26 52 29 32 90 39 56 93 92 12 51 18 14 69 5 36 0 36 0 23 83 63 51 85 30 88 7 77 94 66 38 0 75 82 12 43 35 39 1 64 46 78 37 1 28 30 48 0 10 93 58 32 28 62 21 54 18 21 33 89 93 72 93 78 42 47 85 74 23 31 81 87 71 8 15 18 64 54 31 61
run=7 seed=6 k=95 f=0
66 77 42 54 53 39 44 18 7 58 91 57 62 50 6 36 63 10 72 0 85 61 72 26 91 53 65 78 72 75 90 94 52 44 91 12 41 58 83 87 40 79 89 69 82 11 59 48 94 71 8 2 5 64 76 94 43 73 16 17 31 68 58 0 4 23 84 46 47 15 23 28 46 34 38 32 84 47 72 0 23 8 64 66 28 18 84 84 30 18 94 52 31 9 1 35 29 20 21 5
run=8 seed=7 k=95 f=0
87 59 88 33 7 43 86 19 4 28 55 36 36 66 80 40 61 39 89 6 49 73 73 64 56 92 56 67 91 22 24 19 25 30 50 9 12 55 70 3 82 94 64 0 80 42 60 52 85 53 14 36 29 71 7 75 82 94 37 65 44 0 84 72 48 62 76 10 86 46 23 78 68 72 15 61 22 1 24 11 28 1 92 88 65 49 2 89 27 80 58 80 90 47 21 0 5 20 18 13
run=9 seed=8 k=95 f=0
36 38 22 44 36 12 60 94 21 18 71 94 29 52 42 4 45 16 27 90 60 17 8 56 91 7 34 77 74 66 65 82 51 2 58 87 23 72 80 70 85 0 87 64 13 59 38 56 14 57 5 1 71 92 50 44 20 89 24 31 79 73 49 36 58 78 27 40 51 13 65 8 0 2 93 76 31 21 36 94 69 42 0 23 7 81 29 75 46 83 11 14 67 54 64 42 18 50 17 94
run=10 seed=9 k=95 f=0
38 42 15 67 81 72 80 93 56 12 56 93 43 94 32 36 26 44 49 29 72 24 91 53 64 12 89 80 53 4 80 59 23 28 16 8 60 10 1 50 17 40 60 38 93 13 70 43 2 34 60 24 54 66 85 17 31 87 48 55 75 82 68 0 76 30 3 42 14 76 18 30 84 78 92 54 3 28 81 11 1 88 82 51 94 65 66 37 40 72 1 67 57 3 17 38 46 21 88 54
run=11 seed=10 k=95 f=0
15 37 43 90 49 42 40 51 1 87 87 56 63 53 45 13 61 9 30 50 94 23 20 33 20 47 17 58 68 66 92 78 90 63 70 63 8 18 94 83 8 9 75 68 57 20 76 23 32 17 75 25 82 90 88 82 22 73 17 82 90 1 62 0 25 10 59 68 68 57 53 94 4 1 26 37 57 81 60 6 42 0 34 32 29 54 70 43 86 36 27 7 77 37 47 44 30 41 12 94
run=12 seed=11 k=95 f=0
23 60 65 51 46 17 1 31 84 88 44 6 48 34 76 3 2 78 61 10 24 75 87 26 30 63 12 63 16 63 23 36 7 66 27 44 16 44 75 0 43 81 5 85 21 84 23 65 55 85 0 69 72 89 25 0 9 68 63 65 94 93 7 36 93 56 59 9 94 35 12 77 20 94 49 41 28 88 31 0 53 17 40 55 0 59 29 74 90 91 39 84 20 43 74 19 79 36 27 9
run=13 seed=12 k=95 f=0
66 52 71 44 34 50 94 3 42 50 19 15 70 60 23 21 50 80 43 5 13 32 85 54 94 33 69 1 88 0 43 88 49 56 50 42 55 18 12 42 26 25 72 63 54 80 79 79 67 22 81 78 85 63 27 33 7 10 67 37 94 82 90 41 65 69 13 63 39 35 8 30 76 62 0 16 13 16 93 79 0 79 1 89 58 34 59 94 39 13 89 46 57 74 4 35 8 4 51 92
run=14 seed=13 k=95 f=0
70 81 2 1 52 24 82 80 59 26 44 50 38 75 51 48 40 82 88 14 73 59 24 9 32 68 50 8 38 79 11 9 15 37 12 37 34 65 19 91 22 32 74 59 75 44 9 70 86 94 93 1 59 23 11 51 77 24 85 21 9 93 28 20 58 40 27 56 94 70 53 62 24 3 31 59 90 31 54 94 0 41 0 89 65 75 0 59 91 49 65 5 84 1 13 27 84 74 60 32
run=15 seed=14 k=95 f=0
22 87 51 29 78 78 72 25 43 39 17 50 63 76 41 93 81 10 67 36 0 54 9 38 57 53 20 89 43 48 31 14 16 39 9 9 94 94 0 0 1 49 85 63 44 57 43 88 42 34 62 27 91 38 30 50 87 84 71 83 74 73 63 19 74 3 87 2 80 78 47 33 25 28 0 19 27 69 26 55 30 60 16 57 91 7 63 90 7 71 75 8 25 65 25 66 13 16 63 36
run=16 seed=15 k=95 f=0
39 25 2 2 69 70 34 12 48 65 28 59 72 42 90 1 49 39 24 48 69 42 3 50 35 31 38 52 94 88 5 32 16 62 45 90 82 4 36 28 70 62 88 55 64 66 51 62 18 0 12 23 85 15 79 41 87 47 4 79 9 48 10 24 53 94 79 16 81 64 55 94 76 9 94 74 33 78 90 30 94 53 81 46 13 57 67 20 69 15 1 74 64 8 91 19 61 41 46 12
run=17 seed=16 k=95 f=0
59 14 11 51 44 16 62 74 45 32 78 31 19 84 48 87 16 29 94 13 25 41 3 34 43 94 42 25 1 80 23 60 83 22 26 66 41 57 3 94 91 53 48 43 67 77 91 53 7 37 58 33 82 77 80 27 7 1 69 0 74 52 64 69 41 1 73 26 0 69 88 86 46 54 1 88 35 25 46 94 34 18 76 9 94 68 59 5 48 53 10 33 39 72 8 64 73 21 86 86
run=18 seed=17 k=95 f=0
40 34 46 36 10 49 0 16 73 17 61 10 49 51 29 58 7 0 50 21 46 78 18 58 33 38 8 84 33 73 22 27 11 83 66 2 0 65 54 77 81 86 74 35 0 55 90 40 29 93 90 65 76 40 11 2 75 89 11 42 67 85 92 27 93 60 27 23 94 0 19 63 84 36 49 32 14 43 73 80 18 4 23 43 38 68 58 25 12 70 20 31 61 94 75 4 62 45 78 80
run=19 seed=18 k=95 f=0
9 60 45 17 25 4 1 72 82 72 92 41 86 63 2 43 32 94 16 68 18 80 71 9 58 44 84 25 94 0 14 4 39 56 82 34 61 46 0 49 73 11 17 60 74 19 19 14 6 24 37 31 64 55 37 25 33 71 48 0 14 27 66 77 63 54 56 83 37 28 70 87 90 94 0 73 68 44 57 78 64 89 36 29 26 56 53 62 12 85 30 9 17 17 37 85 48 77 73 89
run=20 seed=19 k=95 f=0
12 48 73 17 79 75 60 55 59 37 91 85 50 21 6 94 89 8 11 80 15 57 90 9 82 70 83 67 75 61 3 85 34 83 92 67 41 67 34 24 48 33 94 0 49 1 87 37 29 0 94 34 61 19 30 89 1 79 25 18 77 28 5 17 14 11 50 73 6 75 24 50 12 16 51 58 63 41 51 24 41 73 47 43 63 71 38 31 81 80 93 73 60 2 62 2 12 94 14 21
