run=1 seed=0 k=122 f=0
33 46 3 57 7 49 27 120 37 23 100 102 102 69 9 40 52 80 16 50 117 106 88 69 76 64 48 109 121 119 85 30 52 90 25 61 17 11 61 0 37 67 55 17 0 45 60 67 5 95 11 0 75 110 70 101 54 26 88 9 121 51 86 45 22 113 16 110 5 77 26 114 35 59 114 102 27 2 37 112 97 78 8 104 14 85 18 91 88 30 75 112 38 90 67 0 98 84 102 41
run=2 seed=1 k=122 f=0
33 46 3 57 7 49 27 120 37 23 100 102 102 69 9 40 52 80 16 50 117 106 88 69 76 64 48 109 121 119 85 30 52 90 25 61 17 11 61 0 37 67 55 17 0 45 60 67 5 95 11 0 75 110 70 101 54 26 88 9 121 51 86 45 22 113 16 110 5 77 26 114 35 59 114 102 27 2 37 112 97 78 8 104 14 85 18 91 88 30 75 112 38 90 67 0 98 84 102 41
run=3 seed=2 k=122 f=0
61 27 56 23 85 1 96 42 35 115 121 1 81 39 7 18 67 113 52 112 50 70 48 105 65 79 95 104 102 119 27 1 24 102 120 112 16 9 15 121 71 77 93 66 92 89 10 90 105 58 80 13 120 108 51 26 67 68 24 47 11 101 11 41 72 120 115 29 86 60 19 35 86 113 4 6 106 4 99 71 39 59 57 32 12 56 97 32 75 89 41 2 96 75 10 61 53 43 29 17
run=4 seed=3 k=122 f=0
34 47 30 106 89 75 54 66 13 92 72 56 38 1 105 9 6 89 80 41 0 77 6 8 71 102 59 117 100 68 64 69 60 96 120 64 111 4 32 69 40 85 60 67 40 27 45 86 94 117 19 21 70 47 112 119 4 90 116 104 39 117 2 45 104 107 121 24 102 31 28 20 15 52 54 55 50 99 21 24 95 30 33 20 60 78 82 86 37 76 15 86 47 84 0 51 111 1 76 93
run=5 seed=4 k=122 f=0
43 15 42 90 90 65 49 25 109 73 35 33 53 63 65 86 38 69 55 85 57 67 4 111 49 108 52 28 0 64 90 97 80 12 104 111 102 76 119 17 9 73 100 108 28 2 92 91 72 25 102 71 121 36 90 50 26 117 2 78 60 61 55 116 59 40 9 17 121 42 1 9 82 90 48 112 15 16 21 8 44 9 81 31 49 24 96 77 20 7 35 107 102 90 104 42 33 53 59 33
run=6 seed=5 k=122 f=0
33 85 10 110 53 50 96 95 33 22 6 96 47 100 6 91 92 115 24 98 30 121 71 1 28 5 93 65 46 56 112 79 58 2 67 1 52 105 86 87 23 14 23 69 37 15 37 9 41 61 33 20 72 99 57 81 119 26 40 45 12 69 2 38 37 90 30 60 55 11 100 108 21 101 29 34 118 66 71 37 5 110 108 78 89 110 108 120 114 50 74 64 121 10 85 51 82 117 77 18
run=7 seed=6 k=122 f=0
101 81 36 14 31 39 26 101 64 1 95 23 95 22 108 42 114 86 22 22 31 113 68 44 111 19 121 75 115 56 93 15 16 9 10 53 50 66 34 115 83 62 24 58 64 38 101 50 3 65 100 52 77 79 96 90 98 85 103 94 11 74 116 1 85 26 77 14 73 111 102 65 93 27 33 39 15 71 117 117 0 89 2 50 7 64 42 33 61 71 3 42 24 121 29 109 6 106 3 79
run=8 seed=7 k=122 f=0
109 68 95 47 105 77 98 93 43 119 2 15 45 81 61 86 53 12 62 63 76 55 120 100 66 44 63 100 119 82 5 26 20 71 32 3 57 48 32 39 92 70 20 30 10 85 62 90 99 82 33 55 73 18 103 0 91 120 102 48 107 96 73 89 120 107 32 76 119 9 27 7 121 1 114 82 16 71 44 55 37 5 50 60 16 31 35 110 77 63 77 83 9 30 112 111 16 24 1 119
run=9 seed=8 k=122 f=0
64 112 40 109 39 81 33 35 105 3 47 103 23 3 71 30 8 68 72 57 64 44 81 4 16 28 22 33 80 84 49 100 90 6 87 121 26 48 119 82 32 112 23 74 115 96 65 4 43 97 63 104 87 22 110 66 8 10 1 57 53 68 89 58 15 57 113 48 37 46 35 117 18 56 78 121 33 14 18 78 52 81 15 102 27 48 0 117 60 116 105 79 61 98 85 90 102 62 17 94
run=10 seed=9 k=122 f=0
9 105 99 119 76 65 82 108 112 82 19 111 121 15 42 3 27 48 16 110 119 60 35 93 118 93 56 115 87 37 36 96 83 39 92 86 92 57 120 56 46 41 87 1 102 33 22 93 43 67 23 40 2 58 71 78 107 70 71 74 35 11 50 111 11 23 12 35 80 13 9 25 52 99 102 32 10 5 4 53 48 24 43 30 89 109 79 76 57 119 18 51 11 51 62 99 105 15 100 31
run=11 seed=10 k=122 f=0
83 67 10 33 24 83 5 107 67 97 57 27 26 22 121 31 36 64 71 78 121 13 35 3 118 108 74 1 82 92 1 40 89 78 90 113 109 90 49 42 41 106 40 35 81 99 102 118 121 51 15 33 91 16 55 99 61 7 48 22 100 52 31 115 66 0 60 41 23 111 85 66 8 33 15 35 45 103 88 47 98 7 13 3 0 69 74 61 93 27 16 18 55 10 2 30 119 58 44 22
run=12 seed=11 k=122 f=0
92 98 111 24 83 15 12 22 57 118 121 31 56 52 115 88 73 0 35 96 79 0 107 67 70 116 116 16 103 84 96 26 77 85 18 41 0 121 114 38 16 73 68 54 57 63 22 94 107 59 61 21 50 94 98 105 60 48 14 46 82 11 71 21 62 116 2 112 64 54 28 80 5 121 12 41 41 37 55 106 119 108 7 37 32 97 91 5 62 41 26 5 87 99 24 48 78 18 86 80
run=13 seed=12 k=122 f=0
58 91 118 28 87 75 60 103 117 32 60 37 99 26 40 14 17 43 29 101 7 66 54 120 44 78 43 20 79 72 99 112 89 53 108 0 8 121 80 121 34 81 88 11 93 52 27 19 86 57 0 110 5 1 111 30 10 108 72 119 103 101 57 24 39 45 6 72 47 88 31 81 47 28 94 94 2 20 30 53 59 22 95 64 120 66 115 11 72 67 75 2 2 110 7 19 58 64 91 105
run=14 seed=13 k=122 f=0
42 25 87 93 52 44 44 101 61 25 78 98 30 104 117 101 5 40 67 10 61 6 44 120 109 95 32 108 7 5 23 119 10 113 98 35 20 29 88 2 113 23 72 96 27 67 9 34 108 17 44 67 29 0 63 6 84 81 110 92 88 72 91 102 54 116 78 83 70 104 80 114 58 37 119 33 105 74 38 110 16 45 24 47 97 90 68 21 54 52 48 22 102 14 4 3 63 46 88 17
run=15 seed=14 k=122 f=0
97 80 7 6 55 52 39 33 89 54 110 0 32 118 56 110 16 44 69 55 36 95 63 82 91 56 98 15 17 61 75 14 6 59 76 61 113 115 72 83 111 64 83 63 77 38 19 108 32 112 88 77 84 2 105 40 105 66 26 100 23 42 48 93 11 3 92 121 118 74 121 8 49 19 70 19 80 43 7 113 86 48 120 1 75 90 6 121 65 28 105 90 73 31 1 19 34 93 29 33
run=16 seed=15 k=122 f=0
27 28 61 99 18 103 60 77 39 112 0 112 46 55 12 121 108 119 0 67 89 108 29 23 86 51 68 5 96 120 89 72 69 110 60 64 19 1 89 83 113 98 67 24 57 63 38 54 121 41 1 69 84 30 94 115 84 53 118 4 92 33 76 79 120 16 22 44 17 49 7 73 101 97 21 108 81 86 40 59 10 47 64 34 79 0 72 36 109 29 112 22 119 64 103 55 15 11 43 34
run=17 seed=16 k=122 f=0
105 44 73 2 39 5 97 55 121 31 46 27 85 39 32 34 46 115 118 91 22 60 45 118 12 36 76 10 5 44 90 52 73 78 56 120 49 30 71 119 53 14 99 121 24 65 85 73 80 104 98 61 11 71 41 23 102 20 117 110 93 87 40 53 9 96 53 58 6 62 85 95 3 40 24 27 108 28 66 109 94 81 50 63 32 94 70 13 19 0 1 0 56 1 44 107 18 113 45 16
run=18 seed=17 k=122 f=0
38 40 50 80 77 37 100 72 93 26 59 99 0 16 50 2 8 101 58 89 110 93 13 120 65 79 30 64 87 8 118 67 112 92 116 59 7 81 6 57 53 81 29 88 104 33 116 67 88 21 110 49 64 31 66 50 95 93 37 78 106 113 23 111 112 101 33 92 101 41 73 70 0 44 36 1 112 59 27 69 11 44 15 12 17 83 49 102 59 56 23 45 35 48 20 120 68 117 90 22
run=19 seed=18 k=122 f=0
32 55 67 119 114 90 15 111 24 85 38 84 57 54 48 103 87 76 1 107 31 111 35 85 79 50 45 63 72 74 23 14 110 32 68 21 104 121 81 76 65 119 7 45 49 93 26 15 11 68 106 116 59 59 64 102 85 5 23 94 36 37 94 110 51 37 34 116 5 32 0 56 121 119 17 41 54 0 54 66 76 96 63 43 64 23 95 15 93 118 38 14 99 11 27 89 9 27 0 0
run=20 seed=19 k=122 f=0
45 91 60 22 73 118 63 107 76 28 3 0 15 10 59 13 22 65 32 120 27 76 65 92 110 79 50 120 92 116 43 67 28 72 8 45 90 30 45 36 59 108 53 76 120 109 91 84 54 38 85 81 116 90 102 93 117 6 39 39 8 5 107 86 80 25 26 96 85 74 16 18 29 99 1 61 52 2 55 106 98 48 65 114 18 71 107 37 102 95 80 97 39 67 47 61 121 73 10 10
