run=1 seed=0 k=96 f=0
95 23 9 22 39 31 10 12 4 13 90 64 52 0 33 17 60 67 52 17 59 8 39 45 58 26 14 67 19 31 41 34 9 20 31 71 49 88 67 58 69 95 47 24 69 73 62 17 9 17 85 70 89 63 56 81 14 0 51 1 33 93 92 38 3 41 94 33 1 2 95 39 42 26 3 84 74 92 75 70 79 25 60 74 42 18 51 59 50 79 86 82 61 24 45 28 54 81 30 1
run=2 seed=1 k=96 f=0
95 23 9 22 39 31 10 12 4 13 90 64 52 0 33 17 60 67 52 17 59 8 39 45 58 26 14 67 19 31 41 34 9 20 31 71 49 88 67 58 69 95 47 24 69 73 62 17 9 17 85 70 89 63 56 81 14 0 51 1 33 93 92 38 3 41 94 33 1 2 95 39 42 26 3 84 74 92 75 70 79 25 60 74 42 18 51 59 50 79 86 82 61 24 45 28 54 81 30 1
run=3 seed=2 k=96 f=0
90 28 68 47 24 64 0 23 79 47 9 34 68 5 29 66 95 9 87 26 81 58 89 75 16 31 26 14 21 87 45 18 0 16 95 5 7 33 3 77 12 47 83 89 52 95 36 39 22 68 36 85 51 33 45 11 12 43 89 79 86 42 15 24 74 54 49 32 39 17 76 69 13 54 0 61 74 61 54 37 1 74 1 53 68 18 40 4 29 59 84 61 8 58 94 94 73 60 73 20
run=4 seed=3 k=96 f=0
52 35 24 72 81 28 72 14 1 16 10 58 7 16 58 9 33 3 69 59 66 54 77 89 49 51 81 41 52 58 94 46 16 48 38 17 68 68 94 84 37 93 88 79 40 22 53 93 1 10 23 37 64 21 37 43 60 32 25 82 43 95 21 59 79 56 61 2 77 47 95 7 75 47 82 51 18 1 38 36 31 0 74 20 86 74 25 12 3 71 95 0 26 28 62 31 5 91 12 8
run=5 seed=4 k=96 f=0
37 83 34 30 71 25 46 91 68 89 15 18 58 44 43 77 15 63 52 53 69 93 0 51 95 95 66 52 0 77 86 60 93 80 91 33 7 54 71 78 25 0 31 71 0 32 22 94 66 77 93 29 38 31 40 12 82 23 27 26 25 48 18 88 6 45 16 35 42 6 8 57 47 0 0 66 61 19 76 86 21 11 83 20 87 70 56 41 64 50 13 60 29 66 16 46 57 89 81 5
run=6 seed=5 k=96 f=0
90 47 42 32 44 16 50 62 47 32 66 20 0 11 58 68 30 90 75 24 39 59 15 21 3 50 79 25 0 60 84 19 76 24 87 27 6 39 45 69 53 53 5 57 83 85 93 79 65 0 93 63 40 2 80 92 13 35 84 13 82 37 28 63 86 0 88 58 8 42 17 48 95 14 73 62 70 70 0 51 31 95 36 54 75 43 9 8 39 21 95 32 30 78 95 94 67 55 77 27
run=7 seed=6 k=96 f=0
10 5 88 17 72 53 22 6 10 82 23 48 69 69 84 37 29 9 87 91 49 78 76 30 16 83 48 59 29 0 55 18 44 45 36 86 34 26 72 77 77 43 60 18 45 63 39 43 11 65 9 40 1 53 0 77 94 3 0 62 55 53 86 36 38 94 63 95 10 39 21 90 40 53 95 77 6 87 56 6 28 66 34 89 33 14 74 59 75 48 23 81 93 71 6 14 21 24 85 69
run=8 seed=7 k=96 f=0
87 3 59 79 1 27 26 39 48 25 83 15 67 6 39 88 66 0 52 0 56 35 60 89 82 76 1 55 93 14 45 17 18 62 59 95 3 83 23 47 25 46 95 18 30 94 84 12 40 9 56 65 51 95 71 57 36 74 72 40 59 21 93 37 76 67 42 1 28 68 45 34 30 59 89 9 90 46 39 55 64 80 36 53 92 27 21 34 55 27 9 15 83 70 58 32 71 83 17 77
run=9 seed=8 k=96 f=0
88 33 66 29 87 94 94 63 57 33 1 18 4 71 21 0 11 90 33 51 83 45 9 94 52 1 86 70 55 20 35 75 42 18 10 8 1 43 25 58 44 68 31 49 23 78 7 73 72 39 1 83 57 41 7 81 50 11 9 61 25 70 25 70 87 0 24 93 19 38 63 45 86 50 79 27 19 73 90 14 95 59 32 55 39 66 48 56 44 21 33 75 80 13 83 95 62 95 17 59
run=10 seed=9 k=96 f=0
24 83 37 13 50 29 44 60 74 68 0 64 29 27 84 2 18 11 70 78 35 59 43 21 39 74 84 77 17 61 64 89 16 4 21 94 1 51 72 44 39 65 79 73 82 35 49 3 25 0 94 70 87 12 41 94 79 57 53 18 43 74 18 92 36 38 94 30 19 71 67 12 52 90 59 38 58 0 94 54 44 28 84 26 9 7 34 46 33 47 67 86 93 59 9 15 9 79 4 21
run=11 seed=10 k=96 f=0
79 21 38 36 66 41 38 71 11 18 23 54 0 45 24 12 86 22 37 14 0 88 43 95 85 51 28 91 54 54 34 78 15 2 25 46 69 31 37 8 67 32 13 83 45 85 16 50 12 61 76 0 95 85 56 24 6 31 94 26 4 60 65 44 62 59 68 95 61 45 36 0 77 48 70 46 95 20 41 74 54 19 1 91 72 39 28 9 85 8 63 79 83 37 76 49 3 40 28 73
run=12 seed=11 k=96 f=0
95 87 93 28 18 58 25 75 41 19 25 9 40 14 24 93 91 52 59 92 0 30 85 58 25 60 5 2 33 37 71 22 90 0 4 65 54 45 64 63 64 54 29 84 3 71 48 93 35 25 79 61 16 68 19 6 90 31 8 50 73 36 66 68 84 25 78 72 62 46 40 42 48 0 80 30 13 21 41 67 45 82 79 94 76 49 3 94 88 9 80 14 11 85 12 56 42 83 36 37
run=13 seed=12 k=96 f=0
62 52 22 37 91 24 5 57 1 24 9 93 37 1 24 40 58 66 47 26 94 31 82 19 1 44 59 11 90 77 82 3 95 89 8 63 20 78 20 71 8 86 38 43 84 29 53 34 0 34 68 62 16 34 15 64 75 44 78 74 24 10 13 51 44 87 84 64 58 3 7 51 71 13 95 66 74 50 37 71 23 14 51 29 48 5 86 87 38 75 57 69 64 38 94 0 30 79 26 5
run=14 seed=13 k=96 f=0
65 2 63 79 28 77 93 11 91 83 57 43 25 60 83 89 40 70 80 5 40 73 1 62 33 89 21 48 11 1 30 21 74 35 87 95 91 0 73 0 95 69 95 11 68 31 37 24 68 14 42 48 49 47 44 57 36 55 83 9 33 57 37 55 89 66 27 24 31 33 82 19 59 8 5 55 47 89 16 46 61 10 2 63 93 16 23 71 3 78 38 49 93 75 48 21 85 79 74 85
run=15 seed=14 k=96 f=0
41 28 86 90 30 38 23 45 87 10 18 63 0 78 68 50 92 0 73 5 80 11 27 6 80 66 64 52 59 74 48 22 58 26 80 89 27 8 85 84 18 87 51 71 16 36 3 30 55 22 35 9 13 62 17 56 95 16 58 32 5 58 45 59 1 79 52 43 33 42 43 0 73 95 83 11 91 53 49 20 2 43 66 77 71 45 35 28 93 29 77 64 11 21 91 95 2 46 37 23
run=16 seed=15 k=96 f=0
94 8 93 71 80 81 82 48 4 16 43 16 33 44 42 54 77 39 68 52 95 40 21 17 48 49 38 6 88 84 5 24 58 95 29 81 52 29 88 65 55 6 3 49 1 10 20 94 41 32 29 35 95 89 56 21 39 0 85 64 0 75 28 11 36 34 26 9 61 5 21 32 70 89 87 18 63 95 30 9 13 47 44 66 70 24 61 47 65 25 78 14 68 86 93 79 67 25 57 72
run=17 seed=16 k=96 f=0
70 91 42 85 23 95 55 29 15 95 33 26 47 92 85 74 44 59 45 94 47 7 69 11 35 29 28 36 83 2 4 16 1 77 53 57 77 52 67 59 68 40 39 83 0 41 20 45 51 80 42 1 11 80 24 62 4 14 24 86 36 63 80 6 45 35 13 10 60 61 70 5 2 92 94 68 5 78 82 67 32 89 24 86 72 32 20 53 67 74 22 11 56 18 52 0 17 65 43 70
run=18 seed=17 k=96 f=0
26 13 56 35 25 47 37 35 56 81 24 46 30 72 78 74 7 94 90 37 51 42 69 52 62 50 80 46 19 26 37 60 1 56 52 94 33 84 78 71 93 67 18 76 4 14 26 2 0 87 6 79 29 40 0 64 0 60 16 24 21 85 73 41 7 93 69 34 4 88 77 7 37 87 69 10 10 43 74 11 31 81 23 28 91 95 59 70 55 81 21 67 39 53 44 46 60 80 0 31
run=19 seed=18 k=96 f=0
39 95 79 79 4 80 11 40 68 93 34 81 95 72 10 47 0 39 77 19 40 55 59 43 24 24 91 81 30 64 42 14 0 4 52 2 57 61 11 22 57 0 30 51 36 48 2 27 17 46 20 60 75 88 74 95 34 67 92 10 34 60 58 92 87 15 83 71 74 13 85 30 63 35 55 61 88 26 8 58 67 25 3 17 83 75 9 3 46 66 86 50 31 49 85 68 83 91 92 34
run=20 seed=19 k=96 f=0
89 58 88 10 31 85 71 29 92 22 3 64 93 30 73 95 70 36 86 28 50 22 79 18 38 84 2 65 12 33 53 11 10 11 21 0 2 71 47 18 44 35 0 44 71 84 13 31 33 43 81 59 16 0 95 17 55 47 92 52 91 79 63 50 90 53 82 61 83 54 28 72 77 59 61 76 66 66 17 81 42 64 75 20 70 25 7 88 40 24 36 38 51 30 9 79 93 24 10 6
