run=1 seed=0 k=116 f=0
95 38 96 83 17 1 19 61 56 114 46 47 29 70 115 113 36 73 86 37 7 95 43 49 10 50 34 52 11 10 85 77 70 22 33 29 25 92 99 14 25 25 54 67 48 100 54 20 6 98 57 98 67 100 32 77 52 36 16 1 89 105 28 43 72 101 114 29 69 93 61 77 110 89 16 43 10 76 55 102 59 0 84 10 88 56 79 111 50 115 4 109 80 64 71 82 42 58 106 111
run=2 seed=1 k=116 f=0
95 38 96 83 17 1 19 61 56 114 46 47 29 70 115 113 36 73 86 37 7 95 43 49 10 50 34 52 11 10 85 77 70 22 33 29 25 92 99 14 25 25 54 67 48 100 54 20 6 98 57 98 67 100 32 77 52 36 16 1 89 105 28 43 72 101 114 29 69 93 61 77 110 89 16 43 10 76 55 102 59 0 84 10 88 56 79 111 50 115 4 109 80 64 71 82 42 58 106 111
run=3 seed=2 k=116 f=0
42 28 72 87 51 110 32 58 53 27 1 59 102 77 53 85 30 21 23 102 18 106 97 31 99 86 46 90 16 96 114 55 66 90 93 78 96 1 73 33 21 11 35 14 15 25 56 102 38 71 104 49 47 78 80 30 41 79 92 111 114 34 3 57 20 88 97 66 37 54 12 70 4 88 106 30 6 71 25 59 69 114 60 46 83 12 95 0 113 41 113 111 26 0 44 65 66 17 57 47
run=4 seed=3 k=116 f=0
38 99 104 66 97 16 28 36 58 48 74 32 17 111 66 65 28 35 9 115 28 40 110 58 15 69 89 101 68 48 6 106 8 66 61 73 71 101 91 23 38 4 24 95 0 83 37 28 114 3 19 17 94 32 76 113 76 49 87 25 51 83 11 46 108 47 57 98 47 3 88 10 15 107 106 15 70 27 35 76 20 55 82 56 61 34 80 101 75 61 115 10 96 114 54 1 77 63 100 1
run=5 seed=4 k=116 f=0
74 46 22 90 91 97 28 106 38 115 66 40 86 0 0 97 17 65 29 31 81 36 80 115 17 28 14 42 40 48 104 61 49 44 53 19 26 76 8 16 97 115 20 1 112 107 70 10 52 99 26 17 90 7 53 28 22 59 92 78 108 88 1 36 37 67 55 4 15 6 11 95 2 6 115 106 105 66 0 42 71 43 51 88 51 100 80 81 91 47 35 99 28 64 52 59 71 71 113 88
run=6 seed=5 k=116 f=0
63 59 6 96 22 53 32 89 61 32 8 16 24 98 34 100 102 58 48 50 2 33 49 61 55 12 13 77 19 3 46 11 15 106 107 73 48 15 46 109 109 77 97 115 68 39 61 91 64 112 25 3 22 31 30 22 65 99 115 78 94 7 16 87 77 0 44 21 19 73 51 0 43 7 1 99 45 52 61 41 40 87 78 38 104 70 80 81 54 69 86 24 103 94 111 68 76 31 81 102
run=7 seed=6 k=116 f=0
89 65 0 3 59 65 2 71 82 11 11 107 115 50 2 8 92 80 43 28 94 22 68 46 68 55 112 75 21 95 7 102 14 60 36 86 56 18 36 23 38 2 6 74 26 8 83 2 1 10 28 36 24 90 41 89 22 70 109 36 46 0 106 30 107 26 28 48 49 19 104 44 37 85 112 65 113 79 59 107 82 73 41 51 40 36 72 63 99 66 99 88 58 81 91 115 100 98 89 99
run=8 seed=7 k=116 f=0
88 71 63 23 89 29 106 1 84 44 17 13 3 115 105 115 95 87 34 52 38 23 78 80 73 76 89 113 81 100 21 94 58 79 2 31 51 100 33 20 43 75 39 72 6 83 25 93 24 62 74 29 7 101 9 47 53 98 106 18 102 40 113 18 58 107 42 109 83 67 0 5 43 31 109 112 38 110 2 11 60 45 1 26 67 41 53 54 15 46 73 91 26 62 91 112 105 114 91 114
run=9 seed=8 k=116 f=0
62 108 110 41 31 53 94 89 25 81 103 19 24 55 42 38 60 68 113 13 20 94 105 98 15 25 30 13 76 15 43 8 56 75 106 63 7 38 58 30 107 67 111 61 51 81 91 0 0 88 5 20 112 78 20 11 22 69 41 101 53 74 109 101 67 95 41 30 58 70 43 95 78 48 10 48 83 86 2 34 87 100 74 4 32 110 34 60 32 81 92 49 1 111 63 26 90 104 57 32
run=10 seed=9 k=116 f=0
3 91 45 91 58 113 62 47 51 84 40 24 62 1 93 53 69 3 22 95 77 100 87 1 115 94 104 15 29 65 88 13 27 65 99 67 102 40 108 36 43 48 99 105 106 69 10 59 1 103 23 78 79 89 83 70 108 86 85 8 9 29 94 28 10 17 98 45 28 115 35 52 44 9 52 34 78 17 69 79 39 1 33 74 111 114 18 52 49 114 47 57 39 68 78 23 11 61 12 89
run=11 seed=10 k=116 f=0
35 36 74 13 62 25 63 115 51 55 14 51 113 103 76 68 46 30 95 100 80 5 19 70 101 85 86 11 47 2 113 54 56 20 81 115 72 99 65 4 39 9 77 59 26 29 32 102 64 11 22 24 2 33 7 83 48 89 28 42 92 18 93 39 38 14 92 83 91 33 59 108 23 16 71 67 46 104 113 8 107 19 68 50 44 47 104 61 107 95 97 2 27 65 112 108 79 80 16 113
run=12 seed=11 k=116 f=0
47 111 80 66 71 72 17 99 81 98 76 8 94 89 39 77 57 32 11 11 18 60 113 33 39 48 15 10 2 44 70 30 79 23 109 35 30 14 4 72 80 81 60 50 2 53 12 61 104 15 99 57 75 96 90 106 23 2 0 66 83 25 45 5 85 25 74 108 53 3 97 92 0 112 114 47 41 73 108 50 88 39 99 39 93 65 26 87 108 101 19 67 26 81 54 48 38 64 44 114
run=13 seed=12 k=116 f=0
12 115 55 104 46 27 1 21 53 81 65 4 33 18 112 64 85 22 14 114 107 79 71 74 18 41 82 59 110 37 8 2 80 83 6 37 108 46 108 24 48 42 37 10 84 87 21 16 68 50 25 58 101 100 113 3 112 96 50 28 93 50 8 65 9 74 76 112 27 92 7 75 18 8 31 70 102 54 86 2 92 57 61 98 18 45 76 114 30 1 17 74 52 38 98 56 66 57 49 93
run=14 seed=13 k=116 f=0
52 1 27 15 40 101 36 71 5 91 65 103 115 50 43 115 72 81 31 114 28 49 109 84 109 43 0 34 19 41 7 61 7 27 21 75 26 16 81 60 112 0 48 70 87 91 49 80 50 10 78 73 59 72 5 53 12 81 79 5 32 98 57 64 105 29 55 18 19 105 113 44 85 37 105 46 115 28 10 61 106 91 18 89 37 102 20 96 97 97 17 97 70 75 52 57 90 67 86 41
run=15 seed=14 k=116 f=0
103 82 15 18 13 89 71 52 79 94 74 57 12 66 60 37 60 50 65 105 93 69 111 6 100 110 44 20 39 35 32 18 0 25 28 105 87 66 41 43 78 115 95 103 74 51 3 2 97 72 107 97 15 102 10 114 88 75 85 22 45 90 14 79 81 43 24 53 26 99 32 114 23 66 89 43 24 57 37 115 2 51 72 0 10 93 6 87 53 42 25 60 39 13 111 16 93 37 61 33
run=16 seed=15 k=116 f=0
15 20 54 87 90 57 94 72 94 92 68 114 10 60 96 98 37 23 44 101 0 64 35 60 3 56 28 1 104 76 77 85 46 2 16 8 55 11 91 80 95 58 52 43 110 102 24 4 1 73 1 71 13 25 77 103 77 34 114 13 101 79 42 64 82 85 10 22 93 38 86 72 28 89 115 108 67 106 47 69 34 7 16 108 16 20 47 50 21 97 114 30 77 32 53 40 18 63 49 92
run=17 seed=16 k=116 f=0
76 9 9 31 67 63 39 21 94 64 109 71 27 59 97 115 53 94 45 7 35 106 85 8 108 113 96 105 6 112 28 72 113 29 84 97 93 8 99 36 16 92 56 34 28 0 73 39 62 2 42 97 89 3 73 113 100 58 43 50 81 3 4 16 1 80 85 94 80 71 67 21 37 80 104 31 105 62 22 39 56 16 24 41 65 88 23 53 50 44 17 49 48 13 76 86 77 45 11 50
run=18 seed=17 k=116 f=0
22 105 55 55 27 27 87 109 85 68 52 45 103 81 2 69 85 50 110 15 97 49 21 95 7 17 108 94 111 74 71 21 12 43 68 31 100 0 10 33 89 115 115 20 94 72 62 12 64 1 62 27 97 83 68 94 101 52 74 36 10 55 109 32 99 53 12 46 88 6 79 88 54 82 108 43 106 47 5 35 0 56 63 89 35 61 39 20 59 61 114 61 71 110 84 22 32 112 68 87
run=19 seed=18 k=116 f=0
67 68 76 19 4 5 7 84 13 89 14 109 9 90 114 9 62 82 85 35 100 59 95 45 78 43 74 41 110 96 31 29 19 60 40 47 74 34 97 28 39 67 103 43 43 101 114 105 22 98 8 44 11 95 93 115 23 55 82 17 36 1 38 50 53 76 94 112 3 85 5 8 78 82 71 58 86 62 114 27 74 108 67 25 91 37 115 1 60 1 92 74 73 57 32 41 57 91 52 15
run=20 seed=19 k=116 f=0
44 60 100 110 19 87 85 65 72 33 73 69 113 70 8 109 66 115 35 2 83 48 59 92 72 31 46 90 111 23 11 11 70 27 105 115 82 74 39 61 87 44 92 48 81 3 61 23 55 96 1 43 20 52 103 57 75 95 57 40 106 55 95 59 50 3 31 9 27 58 40 17 8 35 86 89 32 11 95 104 100 65 115 4 36 27 75 77 20 0 54 12 46 25 63 109 102 46 2 14
