run=1 seed=0 k=77 f=0
17 9 0 70 41 1 66 9 63 45 32 34 69 20 55 55 31 45 68 11 42 26 74 6 3 59 34 27 29 15 5 1 12 73 76 18 7 64 58 76 75 48 15 26 47 49 12 12 43 76 43 0 13 23 54 20 59 39 74 39 66 75 29 7 39 42 54 12 63 61 37 56 52 62 22 6 50 24 55 42 14 35 75 28 20 31 0 53 36 69 0 48 22 64 24 2 64 25 76 35
run=2 seed=1 k=77 f=0
17 9 0 70 41 1 66 9 63 45 32 34 69 20 55 55 31 45 68 11 42 26 74 6 3 59 34 27 29 15 5 1 12 73 76 18 7 64 58 76 75 48 15 26 47 49 12 12 43 76 43 0 13 23 54 20 59 39 74 39 66 75 29 7 39 42 54 12 63 61 37 56 52 62 22 6 50 24 55 42 14 35 75 28 20 31 0 53 36 69 0 48 22 64 24 2 64 25 76 35
run=3 seed=2 k=77 f=0
7 59 4 30 41 49 6 39 76 15 11 72 11 60 25 68 9 62 76 42 1 25 19 62 34 76 38 35 0 7 24 37 67 55 22 12 40 74 17 59 70 30 23 34 56 2 70 66 64 19 47 31 55 6 13 1 59 18 64 19 36 43 55 41 66 28 43 1 54 75 69 51 46 33 29 72 18 53 21 1 47 15 8 5 76 76 0 22 64 49 47 32 56 66 10 47 15 26 19 58
run=4 seed=3 k=77 f=0
0 59 43 31 27 35 21 56 13 72 45 8 58 60 49 76 11 70 53 4 27 48 12 39 5 46 48 41 51 9 3 40 67 41 74 69 61 0 8 76 26 33 62 53 15 44 11 59 0 19 17 66 64 61 15 47 10 22 56 64 39 23 51 26 73 69 5 32 66 0 5 36 30 31 56 49 22 75 76 27 1 19 3 50 13 14 76 64 30 36 5 21 36 55 47 33 41 52 12 76
run=5 seed=4 k=77 f=0
33 45 76 44 11 19 54 36 41 19 17 38 37 24 10 15 59 69 25 31 23 69 17 22 54 41 71 42 61 31 15 38 28 76 74 61 23 43 49 60 38 65 14 60 76 4 31 1 67 9 0 72 76 49 5 29 32 47 8 31 27 4 58 22 24 68 5 63 76 12 35 11 18 16 50 19 37 53 43 3 57 1 11 56 52 76 0 62 36 31 67 0 56 71 45 65 48 53 64 50
run=6 seed=5 k=77 f=0
69 31 53 33 66 61 29 50 14 9 41 37 0 50 38 20 29 70 11 32 68 54 48 41 74 40 57 60 76 16 62 76 13 36 52 7 3 1 20 23 0 61 26 12 61 31 75 4 68 0 69 66 13 27 45 76 4 46 23 0 48 47 69 18 66 24 42 38 14 76 63 15 22 76 55 71 42 26 50 72 35 44 53 10 0 64 76 7 13 7 54 57 28 55 29 74 22 58 50 32
run=7 seed=6 k=77 f=0
5 70 4 76 71 43 66 76 55 55 62 0 16 25 32 7 37 22 62 19 48 59 64 29 66 61 2 48 6 19 15 25 69 67 21 35 37 58 14 25 58 54 8 76 41 75 60 35 20 76 38 58 9 33 32 3 43 60 74 50 45 20 16 50 49 26 12 32 39 51 15 13 54 44 1 66 51 10 31 38 16 0 67 40 9 52 28 66 75 70 0 0 8 74 0 26 47 66 40 13
run=8 seed=7 k=77 f=0
48 2 9 9 17 63 58 29 34 36 35 25 6 13 67 49 0 59 27 45 29 18 51 61 43 48 0 76 63 37 38 39 24 51 2 69 10 75 41 0 53 22 4 46 0 72 66 10 17 8 69 35 64 69 35 19 46 55 5 76 32 31 44 15 58 0 24 8 76 46 42 62 55 31 24 32 54 76 67 50 11 60 73 66 54 15 76 21 46 70 42 11 35 19 58 21 29 39 75 27
run=9 seed=8 k=77 f=0
38 13 75 47 67 46 50 27 36 66 11 6 52 1 28 32 9 36 23 76 39 72 6 36 76 19 58 15 22 67 32 7 43 73 58 23 55 60 66 75 42 0 51 1 1 33 38 21 39 76 16 30 50 43 14 8 75 21 65 62 31 17 69 26 42 55 12 50 26 76 44 46 59 12 66 34 30 6 56 17 52 16 75 5 47 61 0 25 65 56 0 34 68 26 39 20 72 69 38 67
run=10 seed=9 k=77 f=0
7 70 0 45 21 65 27 54 74 38 31 37 76 46 13 52 40 61 8 9 42 25 24 27 4 11 64 46 68 36 56 16 67 27 74 8 72 6 76 23 22 36 44 12 35 61 63 47 27 76 0 58 66 46 72 33 55 32 61 44 47 76 40 52 38 0 39 63 76 54 34 53 57 43 21 26 56 16 21 59 0 68 25 15 50 51 0 7 15 30 1 0 37 14 26 66 75 17 48 40
run=11 seed=10 k=77 f=0
0 55 50 23 74 46 47 58 27 30 46 41 76 75 29 24 67 11 61 37 9 32 72 70 47 0 61 40 38 9 6 49 58 3 35 70 53 39 33 70 18 28 51 62 15 34 1 56 76 35 30 29 50 3 29 20 13 7 76 76 26 2 7 74 73 70 61 38 19 42 44 17 7 23 58 57 32 52 62 38 40 68 13 64 0 15 17 0 20 23 45 14 2 59 68 23 45 61 8 6
run=12 seed=11 k=77 f=0
75 15 75 12 0 63 70 36 27 63 21 9 52 18 1 6 61 46 51 71 38 48 64 58 0 12 73 28 56 43 42 76 69 26 8 59 34 0 53 18 50 44 17 11 14 46 46 17 76 22 64 4 0 34 57 73 58 61 29 69 32 31 55 37 9 44 39 47 0 29 6 53 42 26 70 18 52 5 12 76 23 66 2 76 56 39 52 20 24 29 11 44 23 23 58 64 8 67 59 32
run=13 seed=12 k=77 f=0
51 70 62 76 47 64 19 10 46 14 56 10 76 26 35 12 58 68 38 14 0 43 0 41 47 13 52 61 55 61 45 51 20 31 15 56 73 75 69 0 71 6 0 10 2 56 69 0 65 76 19 63 1 30 53 17 72 28 67 34 29 76 21 42 39 37 45 56 35 12 7 42 38 47 22 42 56 1 27 55 60 21 73 61 76 66 49 32 7 34 11 47 44 67 22 19 8 19 36 24
run=14 seed=13 k=77 f=0
43 16 24 22 29 23 49 1 63 3 47 6 8 0 66 2 69 31 66 19 68 43 15 63 18 46 4 33 40 41 76 59 76 64 44 51 70 50 15 14 32 52 73 0 10 48 45 76 29 0 57 70 12 74 41 33 14 0 10 36 62 27 0 17 27 6 61 54 29 50 24 58 76 37 55 4 15 15 76 31 22 37 47 9 0 55 37 73 19 6 24 56 47 76 45 35 18 20 7 58
run=15 seed=14 k=77 f=0
37 58 21 68 12 62 15 45 35 76 0 73 0 0 13 21 26 14 75 62 14 46 47 51 49 70 76 65 67 4 18 37 76 67 61 28 30 2 16 48 35 8 22 41 57 7 1 47 63 35 59 30 53 44 31 9 28 57 24 8 9 66 1 59 58 76 73 28 53 42 76 16 19 68 45 17 27 29 42 63 1 67 18 51 73 41 0 17 6 6 23 8 32 0 40 37 47 42 56 54
run=16 seed=15 k=77 f=0
13 61 15 22 15 11 52 42 37 72 26 9 7 73 68 51 21 43 62 76 38 72 47 71 18 12 63 30 58 10 0 0 53 34 4 16 60 25 62 0 28 31 16 76 76 18 26 60 45 75 43 31 56 42 57 2 71 76 15 29 28 66 74 5 52 50 21 1 56 36 50 40 1 34 64 50 68 1 66 60 9 22 23 70 46 44 37 50 41 31 25 9 16 53 37 0 16 68 62 39
run=17 seed=16 k=77 f=0
35 43 7 45 74 55 47 16 67 1 76 56 59 76 46 64 41 27 17 61 14 72 70 7 40 59 64 53 41 73 52 28 14 73 31 7 9 34 51 67 2 68 9 65 51 40 27 11 48 76 16 15 12 0 47 41 9 76 5 21 22 12 4 17 26 29 59 76 48 24 53 27 67 21 3 42 20 52 33 67 37 56 76 63 22 29 33 36 5 70 1 40 37 62 31 0 27 0 27 0
run=18 seed=17 k=77 f=0
6 6 3 70 6 0 26 28 16 28 23 0 76 30 21 36 24 61 45 67 43 63 52 48 65 40 38 68 12 29 64 52 43 72 75 26 73 21 14 52 76 0 44 68 0 27 17 61 33 76 1 50 10 60 8 49 25 63 76 56 47 11 54 31 63 76 75 76 31 8 16 39 57 13 1 39 25 58 58 66 70 17 9 53 11 34 67 19 4 50 0 0 8 47 22 36 55 19 41 40
run=19 seed=18 k=77 f=0
14 34 26 48 22 23 71 34 72 22 76 18 20 46 62 53 69 7 44 30 67 24 75 58 72 43 24 39 1 14 16 11 53 65 7 46 2 0 9 26 53 18 74 69 28 67 15 6 9 53 76 38 30 63 49 14 32 76 49 63 62 6 40 36 55 62 59 36 39 67 14 56 76 46 22 55 31 0 6 73 75 0 53 28 59 10 1 40 7 59 33 20 3 44 17 43 35 38 21 42
run=20 seed=19 k=77 f=0
38 57 64 9 55 76 62 7 61 47 55 75 23 12 44 65 19 33 27 46 2 31 12 62 22 60 18 72 3 0 30 51 1 47 68 17 26 56 38 51 54 60 13 19 0 59 0 24 35 51 76 50 10 42 69 0 18 16 37 11 67 42 49 5 29 43 39 71 24 26 40 5 0 68 76 31 7 48 69 13 76 9 68 22 15 76 27 39 73 44 33 75 57 61 34 63 65 44 1 50
