run=1 seed=0 k=101 f=0
32 85 54 12 52 22 8 30 100 81 91 39 65 35 56 47 2 41 89 63 11 58 20 51 35 66 30 1 0 42 51 20 43 71 97 4 60 49 57 73 59 0 100 29 0 93 87 87 54 75 98 69 100 61 61 37 38 13 44 75 46 95 43 86 9 5 43 58 77 2 93 48 21 4 32 84 96 19 54 92 69 30 55 17 100 84 12 76 21 24 100 0 8 8 22 81 81 29 94 76
run=2 seed=1 k=101 f=0
32 85 54 12 52 22 8 30 100 81 91 39 65 35 56 47 2 41 89 63 11 58 20 51 35 66 30 1 0 42 51 20 43 71 97 4 60 49 57 73 59 0 100 29 0 93 87 87 54 75 98 69 100 61 61 37 38 13 44 75 46 95 43 86 9 5 43 58 77 2 93 48 21 4 32 84 96 19 54 92 69 30 55 17 100 84 12 76 21 24 100 0 8 8 22 81 81 29 94 76
run=3 seed=2 k=101 f=0
81 70 0 90 89 52 31 100 73 40 23 55 30 3 42 4 25 32 12 41 99 37 68 7 64 16 37 91 67 80 100 19 76 72 5 27 13 22 29 61 55 30 81 59 33 47 16 5 36 64 46 47 75 81 4 15 53 96 11 74 9 85 87 98 65 27 90 48 76 71 48 31 94 22 87 94 36 100 84 17 44 64 64 39 2 85 0 62 81 52 1 90 55 0 24 57 12 83 7 92
run=4 seed=3 k=101 f=0
61 100 67 27 52 4 88 23 76 25 65 55 70 59 0 9 9 97 64 90 0 74 10 92 1 50 10 93 71 47 38 31 20 68 24 89 46 80 97 37 1 59 39 53 18 6 7 25 24 33 84 3 83 72 13 61 86 88 13 68 65 50 54 88 49 47 22 32 22 18 19 15 42 29 75 5 34 62 52 37 44 97 93 58 39 53 1 75 39 27 98 31 82 76 99 5 95 95 49 74
run=5 seed=4 k=101 f=0
78 6 7 32 86 9 85 52 85 26 32 82 72 98 39 36 9 65 62 100 59 15 83 66 42 77 16 67 2 44 47 46 60 74 55 52 55 31 18 15 54 26 83 23 22 23 42 77 62 0 88 43 100 95 99 43 14 32 9 75 70 66 37 53 94 65 13 9 88 98 26 95 92 0 36 35 0 78 51 27 0 73 99 12 67 48 18 6 34 88 89 44 12 34 92 2 64 39 63 57
run=6 seed=5 k=101 f=0
51 58 36 48 63 10 56 61 21 22 6 0 47 89 2 81 24 54 26 95 44 35 71 30 40 15 71 78 12 11 61 100 92 34 35 19 44 17 72 35 80 0 46 82 0 7 2 43 31 40 37 73 49 8 1 88 91 24 61 66 68 30 56 63 52 67 42 96 14 21 91 60 82 85 75 22 53 57 31 80 52 69 98 100 78 16 6 100 85 96 68 23 38 8 15 84 2 96 1 28
run=7 seed=6 k=101 f=0
0 81 41 98 96 8 42 76 68 13 35 50 7 84 23 52 14 80 38 77 63 15 13 48 78 47 19 81 26 29 53 5 98 53 78 94 34 43 4 56 9 70 33 97 19 70 3 37 76 58 37 61 38 58 62 17 16 45 91 100 30 44 4 91 86 89 53 4 100 80 0 86 21 14 100 43 58 0 0 76 27 84 26 11 47 88 68 58 0 5 63 68 51 27 89 22 65 7 91 73
run=8 seed=7 k=101 f=0
87 9 99 65 27 98 38 46 24 100 62 57 14 63 46 61 75 66 11 100 68 85 20 3 26 15 11 69 53 29 4 18 28 78 35 77 10 22 4 79 21 78 92 15 44 41 73 85 68 50 82 6 30 3 8 61 65 0 26 1 22 71 9 43 69 72 25 36 37 97 1 48 38 99 84 44 3 89 8 76 92 54 48 34 48 55 96 48 92 58 64 16 37 18 88 55 36 89 68 32
run=9 seed=8 k=101 f=0
22 29 79 29 26 0 63 29 87 88 94 35 86 89 33 38 76 30 0 16 88 12 41 98 30 6 65 100 26 79 100 22 1 9 54 74 77 83 20 63 36 82 63 22 53 92 56 46 22 57 13 77 66 99 72 96 14 42 52 6 84 83 55 50 57 76 11 45 3 0 0 14 44 27 15 37 60 57 32 39 60 45 36 99 66 18 93 46 94 39 51 77 77 58 95 45 52 100 24 13
run=10 seed=9 k=101 f=0
72 24 78 99 36 1 96 34 47 45 0 17 47 72 66 85 32 23 65 33 62 74 82 73 38 87 54 14 20 64 62 54 92 73 2 36 54 64 8 85 11 10 91 55 5 23 39 38 44 77 0 38 68 98 100 78 80 32 18 69 96 49 72 4 24 28 13 20 91 22 14 63 0 99 50 59 13 84 46 57 42 28 61 44 100 0 59 40 83 41 9 83 20 0 29 56 95 8 54 45
run=11 seed=10 k=101 f=0
6 0 29 2 60 64 52 99 87 28 86 98 99 89 52 37 95 54 44 13 94 9 9 29 85 46 66 17 61 38 77 64 76 72 32 43 83 26 8 24 55 71 90 44 29 14 0 38 5 69 97 12 19 14 35 0 99 92 42 21 30 4 30 2 40 78 36 94 25 74 79 35 88 0 11 48 15 84 33 19 78 3 50 18 54 42 60 48 3 84 61 64 34 66 50 48 24 52 20 100
run=12 seed=11 k=101 f=0
71 85 70 36 37 82 93 9 53 34 17 79 21 41 53 93 62 98 50 54 63 47 4 84 84 34 25 81 86 75 94 33 39 64 61 28 88 19 100 46 53 42 87 40 58 5 23 16 100 91 6 67 72 99 73 1 7 29 25 69 41 20 92 27 32 98 55 3 3 60 10 56 53 63 0 78 8 0 86 32 16 70 69 49 97 100 20 44 33 81 12 40 90 99 41 79 15 13 14 57
run=13 seed=12 k=101 f=0
93 61 68 11 38 56 43 50 86 75 73 55 16 90 41 17 49 87 3 56 10 97 79 29 38 58 20 63 25 83 14 89 57 27 92 47 45 63 9 31 71 82 36 11 67 10 0 23 93 3 4 5 82 25 45 3 12 86 33 27 13 8 16 77 100 74 72 54 0 47 70 69 28 77 100 61 100 92 42 70 74 50 36 18 23 99 40 39 87 32 1 92 8 84 100 82 54 20 35 81
run=14 seed=13 k=101 f=0
96 30 0 70 28 46 61 52 22 83 100 84 3 36 88 48 27 50 0 90 3 73 97 94 34 41 1 23 78 38 69 24 68 36 9 98 10 74 17 61 18 43 98 30 10 42 17 69 48 57 58 95 74 81 63 5 96 28 11 18 66 67 79 20 82 88 29 90 53 51 80 76 16 100 6 72 60 12 79 31 62 34 97 0 67 53 90 84 47 84 79 45 16 2 99 25 8 0 12 80
run=15 seed=14 k=101 f=0
32 69 48 40 87 34 43 19 43 66 91 0 82 76 66 18 85 55 61 40 47 83 14 76 100 4 67 20 99 95 24 97 50 81 45 59 85 62 72 41 45 54 44 12 29 73 34 59 92 77 84 15 65 70 90 50 13 8 74 37 31 73 100 70 3 5 28 51 25 5 10 55 40 100 18 81 72 18 62 29 6 35 91 26 16 0 49 55 55 96 92 52 37 91 9 100 35 15 7 25
run=16 seed=15 k=101 f=0
15 11 58 27 7 65 3 59 88 95 55 100 30 42 59 82 82 20 32 100 35 52 79 14 10 5 36 51 74 74 100 17 96 77 90 1 91 48 84 68 8 0 1 83 0 20 33 13 60 90 64 50 15 42 10 27 55 2 8 28 43 70 46 98 96 3 18 89 71 47 66 78 24 49 31 22 99 89 45 5 95 63 75 38 90 41 74 55 28 52 83 25 22 61 42 16 23 36 72 41
run=17 seed=16 k=101 f=0
67 48 71 5 54 38 98 93 27 92 66 100 52 80 91 89 40 77 21 49 23 39 14 39 27 66 96 47 91 16 5 99 81 69 9 69 38 26 19 19 55 84 100 18 47 60 61 66 75 94 67 47 0 37 88 48 0 2 15 58 85 4 15 50 81 57 32 15 32 50 6 52 30 45 21 60 94 86 92 22 65 74 85 34 2 12 57 74 74 13 31 58 61 79 97 43 35 9 0 0
run=18 seed=17 k=101 f=0
59 76 88 13 33 52 96 20 15 46 16 83 55 68 99 16 73 16 92 93 34 88 20 67 54 24 89 84 14 100 84 6 0 89 19 48 40 70 100 31 55 82 46 60 69 94 9 76 2 41 24 51 89 64 80 95 55 20 73 98 31 2 67 0 58 37 75 34 51 49 65 73 12 79 100 100 4 5 0 86 42 25 28 8 62 12 55 33 32 34 46 39 34 12 24 27 42 62 62 21
run=19 seed=18 k=101 f=0
54 47 39 11 65 33 54 16 63 78 35 70 14 83 71 86 100 48 21 95 64 75 6 99 7 22 21 86 61 90 15 32 45 27 29 27 20 58 78 100 56 70 68 100 53 38 57 45 53 12 46 20 43 78 82 73 97 61 82 17 92 40 99 5 51 0 43 69 52 35 37 31 1 6 74 58 10 0 10 65 1 41 82 97 19 27 63 76 29 88 93 88 81 92 28 0 68 85 89 24
run=20 seed=19 k=101 f=0
95 100 72 75 68 78 10 70 11 50 4 42 74 4 56 36 21 28 23 99 28 68 68 18 66 55 39 81 48 5 77 94 2 97 43 52 61 53 25 15 13 73 40 34 44 87 81 25 81 1 60 70 35 86 7 45 11 37 41 84 10 8 52 88 89 62 36 19 81 48 75 0 92 49 46 32 1 93 57 82 61 50 90 18 13 100 65 67 90 100 28 33 12 74 29 63 28 26 82 13
