run=1 seed=0 k=109 f=0
66 14 48 98 23 24 9 39 88 52 1 8 78 101 102 52 12 4 100 55 75 96 30 107 4 34 52 24 3 83 41 8 39 69 70 107 44 78 49 0 62 82 19 31 91 30 101 103 51 92 24 21 67 1 87 55 15 87 41 71 59 82 29 53 60 13 65 23 23 10 46 103 0 71 25 92 3 34 103 55 35 60 76 102 66 19 81 0 89 75 8 93 62 38 59 9 91 18 81 96
run=2 seed=1 k=109 f=0
66 14 48 98 23 24 9 39 88 52 1 8 78 101 102 52 12 4 100 55 75 96 30 107 4 34 52 24 3 83 41 8 39 69 70 107 44 78 49 0 62 82 19 31 91 30 101 103 51 92 24 21 67 1 87 55 15 87 41 71 59 82 29 53 60 13 65 23 23 10 46 103 0 71 25 92 3 34 103 55 35 60 76 102 66 19 81 0 89 75 8 93 62 38 59 9 91 18 81 96
run=3 seed=2 k=109 f=0
55 27 8 79 100 40 31 59 1 24 72 20 39 91 87 94 68 88 31 46 86 0 25 95 35 30 87 2 19 107 105 75 72 8 8 64 62 74 96 79 39 67 65 0 23 7 64 57 84 3 1 73 12 44 104 90 91 25 9 82 93 8 36 17 83 69 81 44 99 69 79 91 42 16 59 82 28 32 108 20 53 17 12 49 60 102 108 60 55 45 50 22 9 105 56 39 55 73 39 49
run=4 seed=3 k=109 f=0
31 35 14 34 9 70 15 33 56 104 42 69 108 67 0 13 60 41 79 17 6 76 96 101 21 29 76 80 21 65 0 86 9 80 31 106 41 107 48 100 39 71 92 53 61 85 85 47 22 96 7 46 78 103 17 85 40 64 107 46 11 98 90 5 57 21 3 2 63 51 54 16 45 51 70 2 32 17 31 71 24 55 9 64 98 35 87 90 88 102 23 1 59 75 90 25 84 1 56 62
run=5 seed=4 k=109 f=0
25 53 70 56 32 81 100 98 72 87 94 70 48 5 66 18 73 103 73 7 63 89 18 10 97 40 108 1 67 95 54 0 38 1 45 11 33 47 88 83 47 53 66 34 59 5 7 108 22 81 29 59 60 86 56 10 10 103 80 77 108 49 94 20 26 42 49 68 106 19 28 62 99 17 91 66 24 81 32 89 38 25 62 36 45 57 4 70 11 10 75 16 30 40 3 74 101 45 33 97
run=6 seed=5 k=109 f=0
16 28 60 99 14 26 32 96 84 103 82 0 95 64 65 97 72 12 24 33 12 78 38 38 30 32 24 76 90 108 15 49 47 19 6 59 98 55 65 38 44 42 38 108 9 53 11 35 82 22 82 104 6 76 83 47 61 87 58 107 42 72 51 64 0 75 96 46 21 69 99 8 108 30 49 92 100 60 68 73 85 105 5 75 4 5 91 14 15 103 105 108 25 84 61 89 2 65 88 89
run=7 seed=6 k=109 f=0
102 34 55 25 105 15 24 40 65 83 12 77 9 72 108 85 50 43 68 42 96 9 81 72 28 31 105 75 6 44 25 61 0 97 87 108 22 33 22 67 0 35 56 26 15 92 16 56 39 100 53 32 59 43 9 102 3 32 88 72 24 4 24 0 75 0 75 60 53 82 67 53 89 48 79 15 77 96 1 58 22 75 45 85 69 40 15 16 64 94 85 105 19 91 40 47 37 8 105 90
run=8 seed=7 k=109 f=0
27 83 103 66 5 28 64 54 59 79 47 50 107 42 70 0 87 62 81 85 53 63 13 57 32 14 1 3 97 43 23 105 90 17 108 17 40 85 4 56 50 68 41 94 51 20 79 5 99 35 35 3 44 17 8 76 48 9 3 71 57 11 33 50 96 49 54 86 37 75 94 105 5 31 75 77 20 25 99 98 89 28 106 106 19 47 26 16 73 0 80 77 40 19 101 66 108 78 22 36
run=9 seed=8 k=109 f=0
51 11 100 83 77 71 29 65 8 2 93 108 76 12 67 88 103 52 37 62 49 100 13 15 104 92 1 23 34 50 41 22 107 36 25 76 16 94 50 98 89 106 3 46 9 61 77 21 35 59 58 92 82 57 13 104 95 42 77 57 0 26 79 77 27 55 4 95 40 95 19 72 68 28 27 85 90 70 7 99 71 0 34 86 31 5 45 34 108 7 91 108 54 84 45 72 25 7 11 63
run=10 seed=9 k=109 f=0
3 42 93 52 17 107 97 80 89 107 11 87 7 16 60 64 90 33 106 76 108 14 38 0 45 81 77 98 53 66 100 81 92 21 91 97 65 88 40 41 59 3 2 49 36 80 108 17 12 107 35 26 38 73 11 60 46 106 49 7 73 26 80 43 54 33 46 57 24 89 58 53 0 31 66 36 84 24 62 100 55 98 42 100 87 71 50 42 68 25 48 31 84 76 92 70 6 21 35 72
run=11 seed=10 k=109 f=0
53 89 31 22 63 21 101 106 99 93 92 66 26 61 79 33 95 76 40 17 99 12 37 12 70 21 70 10 12 85 80 47 70 26 10 24 19 53 39 40 108 2 98 3 92 88 11 79 0 9 4 43 51 72 62 31 89 101 40 2 59 60 1 44 2 12 85 21 84 32 69 28 102 59 85 24 68 97 74 106 56 108 40 15 61 49 36 42 18 105 2 47 56 80 10 80 37 77 4 91
run=12 seed=11 k=109 f=0
56 12 68 8 108 95 94 63 75 102 58 62 9 50 0 84 59 82 8 108 77 25 40 89 20 0 73 31 100 102 90 55 25 89 73 36 13 108 99 106 40 34 73 51 29 50 24 105 7 68 31 36 77 62 5 14 1 95 48 107 105 2 41 100 51 57 75 53 5 81 53 73 44 34 16 23 32 15 87 67 16 99 1 30 69 42 93 54 5 33 83 18 52 88 40 42 18 23 24 41
run=13 seed=12 k=109 f=0
83 0 26 56 98 105 42 26 46 29 32 62 1 0 46 59 58 99 48 84 108 98 10 69 53 69 26 105 9 15 31 90 19 84 74 73 24 75 7 70 88 8 65 47 77 33 39 79 39 92 49 53 17 83 31 38 55 91 52 4 48 67 2 41 17 12 86 38 65 1 25 44 9 11 108 103 69 39 73 96 35 18 96 53 41 57 80 107 71 5 78 94 27 95 14 103 102 102 107 58
run=14 seed=13 k=109 f=0
66 31 88 0 37 92 77 27 31 34 91 16 71 63 14 57 86 60 7 106 99 88 20 108 104 52 10 25 95 66 77 69 89 67 73 48 74 38 18 6 101 81 47 52 27 28 10 81 1 23 84 9 35 105 78 103 95 105 7 80 76 1 72 30 53 65 18 12 37 36 6 52 66 81 14 51 42 48 29 24 44 22 21 96 62 57 107 92 33 43 39 0 101 93 64 84 24 91 91 14
run=15 seed=14 k=109 f=0
47 29 57 26 100 68 46 42 96 37 78 42 70 41 12 45 45 96 36 59 18 6 35 40 92 82 0 1 10 49 17 74 91 27 56 54 108 77 20 55 31 66 48 84 81 4 26 37 11 62 106 78 101 22 15 2 9 83 96 24 0 1 19 106 92 108 1 105 51 98 89 70 73 23 35 41 9 8 1 78 88 106 48 57 36 33 22 63 34 7 100 102 26 10 65 9 93 92 60 30
run=16 seed=15 k=109 f=0
100 20 16 87 6 42 16 34 82 82 3 92 31 91 41 2 43 7 77 58 48 80 51 99 17 17 25 65 60 57 80 14 94 14 27 8 47 75 94 7 34 89 88 82 43 75 66 21 61 0 48 5 98 38 49 108 52 85 74 86 51 62 101 36 67 65 45 53 97 17 29 22 72 17 108 0 11 1 36 73 68 105 95 60 26 107 83 66 101 68 60 43 22 34 96 105 106 32 36 2
run=17 seed=16 k=109 f=0
61 14 12 39 70 42 25 36 80 37 82 45 75 40 12 42 27 20 9 5 23 67 68 107 2 64 27 47 84 72 104 0 86 95 30 58 53 56 76 24 18 75 86 1 63 1 42 89 89 51 94 100 10 89 31 12 55 98 59 18 81 33 26 108 17 51 16 73 37 86 4 105 102 33 74 17 23 8 92 95 107 98 65 45 48 65 35 51 57 92 42 104 29 82 54 64 58 70 43 101
run=18 seed=17 k=109 f=0
83 41 108 64 56 100 66 14 58 101 104 0 87 35 103 93 84 95 13 26 19 101 77 4 5 47 96 26 71 76 14 0 62 107 20 77 95 43 93 11 108 89 67 54 79 78 89 88 64 56 86 26 6 99 9 29 41 46 11 17 14 106 17 76 83 6 46 65 50 47 24 71 91 55 32 79 77 27 58 69 33 64 66 51 71 36 104 13 82 0 18 4 1 52 43 36 59 35 102 17
run=19 seed=18 k=109 f=0
13 48 5 24 7 55 0 43 67 29 14 27 17 39 48 105 78 52 49 28 6 65 22 1 86 108 75 99 28 66 9 36 68 29 77 74 63 105 22 75 46 0 85 80 13 92 76 92 100 34 58 20 69 27 73 3 18 41 45 22 58 4 49 0 79 18 11 72 93 51 21 49 13 107 43 64 39 96 73 30 57 84 108 9 107 57 89 85 102 61 7 56 90 57 99 97 93 1 60 64
run=20 seed=19 k=109 f=0
88 96 53 66 6 50 3 64 99 28 57 27 25 102 15 60 80 4 16 72 51 108 61 43 39 105 93 77 57 29 1 24 95 94 80 82 35 57 6 44 20 93 37 43 81 58 83 90 91 56 11 21 47 41 85 32 54 72 0 3 9 48 26 29 104 0 74 20 85 76 64 97 39 7 20 29 107 0 10 60 69 102 81 14 34 51 72 84 34 97 104 44 3 11 90 79 38 1 99 15
