run=1 seed=0 k=105 f=0
102 49 72 67 95 84 94 72 20 31 9 82 20 4 83 67 46 98 24 28 35 98 63 104 2 24 47 13 22 29 31 43 47 33 59 0 25 91 41 37 99 18 52 24 104 53 83 44 65 15 38 86 91 50 0 61 32 95 1 75 31 90 74 68 101 5 61 39 73 77 40 45 74 0 59 100 32 14 93 35 7 82 96 79 53 72 104 86 29 82 61 60 3 63 49 22 55 6 39 14
run=2 seed=1 k=105 f=0
102 49 72 67 95 84 94 72 20 31 9 82 20 4 83 67 46 98 24 28 35 98 63 104 2 24 47 13 22 29 31 43 47 33 59 0 25 91 41 37 99 18 52 24 104 53 83 44 65 15 38 86 91 50 0 61 32 95 1 75 31 90 74 68 101 5 61 39 73 77 40 45 74 0 59 100 32 14 93 35 7 82 96 79 53 72 104 86 29 82 61 60 3 63 49 22 55 6 39 14
run=3 seed=2 k=105 f=0
60 4 104 80 37 91 93 1 40 76 37 99 88 98 47 104 40 3 55 95 62 13 92 95 67 28 5 98 66 61 78 21 2 57 101 52 22 24 31 10 19 28 83 41 0 81 21 99 60 10 89 25 70 66 15 9 14 104 53 80 91 42 5 65 66 51 59 98 71 103 34 35 78 65 102 45 28 41 9 54 92 83 79 73 0 17 19 27 47 53 32 103 75 5 50 46 34 46 16 71
run=4 seed=3 k=105 f=0
81 40 76 0 27 70 57 21 1 19 0 74 9 9 58 81 69 27 16 31 93 27 13 48 103 92 90 47 28 58 60 4 76 89 86 61 25 38 100 65 41 23 75 7 55 52 66 81 0 82 74 49 11 74 16 31 51 34 69 12 51 46 61 56 82 93 13 2 58 10 5 90 32 95 101 9 42 102 42 66 34 101 20 66 78 86 21 30 3 48 42 11 21 60 68 48 83 44 66 60
run=5 seed=4 k=105 f=0
91 32 34 28 28 37 0 1 83 65 75 48 79 29 68 44 36 104 6 104 2 78 48 60 19 72 20 24 60 100 15 23 98 26 94 69 74 78 10 42 65 83 96 5 34 56 66 48 102 81 42 104 27 103 16 60 56 5 14 96 19 59 24 43 33 72 77 74 52 6 89 30 7 86 0 46 13 73 28 11 63 72 92 66 37 28 60 50 91 51 18 58 35 9 88 48 88 93 15 85
run=6 seed=5 k=105 f=0
85 20 63 54 28 82 80 38 93 16 83 8 90 48 54 69 22 77 103 101 92 31 39 78 33 64 88 28 35 7 96 47 4 104 54 61 58 6 55 96 41 1 68 15 12 20 70 35 75 100 104 15 91 88 93 48 17 71 62 94 38 3 76 43 75 66 103 48 9 36 85 41 0 48 31 96 25 65 22 100 38 77 100 25 71 35 51 24 3 9 13 46 63 66 59 16 69 28 41 56
run=7 seed=6 k=105 f=0
0 39 63 54 8 54 46 86 22 28 35 28 34 68 52 0 42 23 18 11 29 69 40 23 14 96 78 13 37 45 10 45 62 103 36 50 48 61 6 92 29 23 37 72 87 16 9 88 56 64 99 7 84 94 13 98 64 71 88 63 10 98 3 51 69 31 99 41 76 0 90 36 19 41 3 2 44 12 97 75 56 103 65 79 61 4 73 89 75 32 99 21 26 82 71 46 20 104 88 2
run=8 seed=7 k=105 f=0
12 16 59 1 50 18 72 67 60 28 5 31 82 6 73 6 61 26 86 29 104 51 3 14 44 94 59 102 22 95 78 34 45 47 42 64 78 7 104 58 87 93 89 76 23 37 31 82 5 72 43 86 21 0 99 53 12 94 45 102 83 93 69 35 38 33 96 70 68 26 0 87 41 67 13 24 46 104 15 53 58 77 9 56 86 23 103 76 11 44 6 75 32 52 61 22 30 50 48 66
run=9 seed=8 k=105 f=0
82 50 60 102 48 94 67 73 68 21 23 21 57 17 0 104 45 28 91 47 32 85 16 67 70 57 94 92 55 24 33 42 35 40 39 13 73 49 82 10 50 81 10 2 54 29 88 16 84 104 40 8 7 22 63 104 73 64 69 30 76 79 49 86 33 38 82 98 97 59 93 39 35 104 19 6 54 5 89 80 0 62 85 0 10 45 67 14 26 98 21 55 87 48 14 102 86 97 17 74
run=10 seed=9 k=105 f=0
99 68 8 37 65 88 85 103 47 17 1 15 103 50 22 20 104 45 31 49 29 95 91 15 9 61 101 53 79 79 40 74 47 27 77 58 86 70 36 77 32 38 18 60 1 41 45 78 49 22 92 64 75 91 95 4 46 66 60 102 40 36 38 35 63 31 73 87 83 5 10 0 31 8 2 99 100 25 69 0 54 6 12 80 13 93 85 56 30 14 33 90 72 58 50 54 66 94 7 39
run=11 seed=10 k=105 f=0
55 34 68 35 10 62 5 51 47 47 63 8 61 33 74 49 60 28 86 18 69 94 10 43 33 4 26 28 73 95 42 23 22 82 35 15 0 21 7 67 104 42 57 47 72 15 16 13 21 104 8 49 69 104 11 1 93 33 80 64 42 100 78 37 89 98 29 24 10 15 50 40 77 87 95 74 29 0 50 81 0 58 39 72 30 8 86 67 61 18 102 41 37 87 55 98 90 53 97 77
run=12 seed=11 k=105 f=0
44 44 57 47 93 22 101 16 74 88 5 6 80 74 89 34 59 45 41 48 63 0 67 67 95 2 97 98 1 15 12 55 19 83 78 90 93 0 99 55 30 69 65 103 81 64 33 66 84 98 40 38 69 2 54 7 29 73 24 59 52 73 17 18 71 96 84 46 98 85 10 16 23 102 77 104 38 57 14 41 18 86 85 27 80 10 33 4 10 90 34 91 0 28 1 36 21 40 72 14
run=13 seed=12 k=105 f=0
104 0 1 88 58 56 70 43 49 84 13 87 64 74 15 104 31 38 24 100 36 56 30 50 3 97 104 71 15 17 63 16 89 3 34 29 9 12 92 47 81 75 83 18 74 37 74 84 22 79 56 23 5 86 48 35 10 26 26 62 43 49 76 61 29 69 101 40 5 6 104 76 13 98 70 66 26 41 44 72 95 50 96 22 82 0 53 31 44 88 79 65 102 30 19 74 93 60 86 103
run=14 seed=13 k=105 f=0
90 9 84 16 50 79 100 30 22 41 61 50 1 9 47 104 71 28 83 26 80 71 64 40 18 12 60 21 42 94 96 90 15 18 2 25 4 63 54 62 47 11 46 104 55 26 19 42 32 101 86 56 82 68 37 97 100 74 0 96 64 63 58 94 11 13 72 0 39 77 56 103 90 54 3 56 0 69 50 25 21 31 65 76 98 84 41 103 26 50 34 90 99 72 33 104 34 18 80 53
run=15 seed=14 k=105 f=0
43 54 6 102 13 104 12 90 24 28 52 34 19 15 0 65 91 44 79 64 85 94 39 3 10 10 55 12 82 78 74 46 31 97 41 41 80 79 26 92 66 74 56 73 90 104 33 48 98 71 89 102 59 25 0 8 52 63 39 23 3 103 13 64 68 33 52 57 1 13 104 71 24 9 31 92 84 43 13 98 33 101 96 16 22 85 83 26 24 20 49 7 76 2 41 34 46 47 73 17
run=16 seed=15 k=105 f=0
43 81 72 95 74 78 79 72 58 58 101 61 62 0 0 15 16 97 29 31 91 56 18 75 103 57 43 81 55 3 48 70 87 104 47 0 27 37 12 98 67 9 87 16 45 78 31 22 102 40 22 88 90 60 24 65 84 69 21 34 50 93 0 1 94 97 44 69 49 32 10 14 23 49 31 94 2 102 65 20 100 38 11 45 76 37 73 55 67 65 9 4 54 50 6 59 81 6 1 55
run=17 seed=16 k=105 f=0
11 18 70 12 33 68 37 97 51 48 39 50 104 66 93 0 55 17 61 19 104 54 21 29 83 46 4 37 101 75 13 43 50 49 20 79 71 58 85 29 83 12 79 44 12 17 91 18 9 97 41 73 22 78 102 0 101 2 4 37 39 27 104 7 25 37 61 101 31 96 0 92 62 59 31 53 80 65 96 16 92 68 92 91 60 41 72 53 28 85 81 68 6 57 73 13 92 104 91 28
run=18 seed=17 k=105 f=0
70 22 44 2 64 91 40 6 98 86 15 90 29 6 12 83 93 57 76 63 100 0 93 83 28 19 49 103 90 25 36 11 1 104 91 38 82 26 32 36 61 71 49 36 17 100 27 42 5 71 14 100 43 24 79 71 36 19 51 45 62 64 52 0 96 15 60 104 31 37 13 10 51 56 31 1 7 67 82 96 57 44 59 87 91 43 101 104 82 65 76 74 60 54 95 41 81 27 18 100
run=19 seed=18 k=105 f=0
41 81 25 0 1 70 27 5 100 7 1 95 32 68 78 8 5 90 103 13 54 100 26 94 63 78 19 95 9 70 84 74 46 83 70 24 28 12 98 19 39 20 42 77 39 11 56 30 87 62 30 81 32 44 0 92 56 102 65 16 50 0 76 55 74 54 36 29 37 86 72 52 40 2 100 83 18 58 94 7 89 29 39 21 46 87 16 49 49 47 65 59 56 88 78 30 96 69 98 104
run=20 seed=19 k=105 f=0
59 11 58 82 52 87 20 30 77 34 22 70 72 25 82 68 9 43 96 0 99 26 3 45 43 0 11 47 55 21 80 45 9 7 66 62 52 74 92 1 73 91 61 80 104 90 38 60 99 77 96 86 57 78 19 2 38 26 61 16 36 55 36 31 39 11 70 28 33 35 94 81 21 35 67 103 70 54 50 64 6 18 45 103 75 101 86 1 46 51 18 68 42 94 77 81 42 44 4 98
