run=1 seed=0 k=76 f=0
75 65 6 60 11 71 55 62 55 61 39 27 0 32 28 2 24 75 75 61 32 23 57 32 71 49 40 8 75 51 16 56 50 36 59 75 66 1 15 21 0 7 45 54 62 44 75 18 60 0 68 65 70 27 19 9 50 35 74 10 42 44 65 64 52 47 11 29 16 75 55 55 17 13 10 35 62 6 0 43 40 67 34 27 48 71 33 21 27 39 59 7 17 0 20 69 56 7 4 27
run=2 seed=1 k=76 f=0
75 65 6 60 11 71 55 62 55 61 39 27 0 32 28 2 24 75 75 61 32 23 57 32 71 49 40 8 75 51 16 56 50 36 59 75 66 1 15 21 0 7 45 54 62 44 75 18 60 0 68 65 70 27 19 9 50 35 74 10 42 44 65 64 52 47 11 29 16 75 55 55 17 13 10 35 62 6 0 43 40 67 34 27 48 71 33 21 27 39 59 7 17 0 20 69 56 7 4 27
run=3 seed=2 k=76 f=0
9 51 71 75 75 70 63 42 63 31 23 67 13 45 51 63 53 38 31 0 29 4 36 36 57 16 14 67 32 27 62 43 42 19 46 37 47 1 7 35 70 36 49 55 49 56 20 4 75 0 55 18 32 1 62 12 24 25 11 24 60 75 74 27 56 24 75 41 73 62 10 17 23 0 69 67 41 6 48 21 17 54 50 75 60 63 44 48 9 6 72 67 3 0 8 34 22 7 1 32
run=4 seed=3 k=76 f=0
14 5 4 17 9 75 41 6 35 32 0 35 34 74 25 27 38 49 36 63 39 58 3 45 0 18 37 56 0 6 59 68 50 61 64 21 61 37 31 2 51 22 14 56 62 74 20 10 27 75 67 56 0 55 1 66 75 41 30 42 64 75 57 25 44 50 11 11 48 75 32 48 45 18 8 42 42 28 73 0 15 3 0 70 10 66 55 60 29 67 9 22 73 67 20 53 12 11 70 29
run=5 seed=4 k=76 f=0
12 54 54 59 5 1 40 66 58 25 57 20 8 44 32 74 35 6 38 75 19 4 0 14 9 17 22 49 63 48 3 27 20 73 30 39 36 14 8 75 74 0 31 20 21 26 7 9 45 27 31 71 59 13 58 46 71 0 42 46 75 31 23 42 38 29 23 0 67 4 65 57 10 52 51 22 65 66 11 75 58 49 75 22 33 44 0 38 57 70 60 0 68 65 54 48 55 68 12 37
run=6 seed=5 k=76 f=0
37 6 4 43 65 8 75 54 74 69 28 43 68 72 17 70 8 31 44 75 42 32 46 5 63 46 16 9 21 34 40 59 59 61 17 50 22 1 69 74 51 36 75 70 7 2 44 18 28 0 65 12 75 27 41 33 73 49 66 16 58 26 59 53 18 45 64 50 19 56 68 56 15 11 22 48 26 25 4 52 0 11 65 11 53 41 37 75 28 64 31 36 0 1 38 47 1 65 57 58
run=7 seed=6 k=76 f=0
57 46 52 67 61 75 28 62 12 43 9 53 18 47 0 72 9 65 11 59 15 63 62 75 28 0 2 33 6 13 62 34 68 29 74 7 4 55 38 75 54 67 13 7 2 25 59 58 67 75 37 40 42 44 43 0 4 48 75 19 26 38 42 21 19 48 17 49 0 22 36 13 17 61 50 19 40 44 29 55 25 53 67 4 41 9 59 30 66 32 38 49 28 67 59 70 72 33 4 17
run=8 seed=7 k=76 f=0
71 45 53 70 13 1 62 7 61 29 27 31 30 57 50 20 48 5 57 47 55 68 59 53 52 28 61 8 32 9 75 0 39 73 3 5 3 14 33 24 22 62 23 34 34 45 12 42 39 56 44 13 0 71 60 28 50 57 75 61 75 73 16 41 43 51 40 11 9 27 34 16 21 75 67 22 19 0 37 20 41 30 74 51 18 67 12 35 26 18 13 65 3 43 2 0 4 63 47 67
run=9 seed=8 k=76 f=0
50 41 14 33 49 57 1 65 13 27 11 6 9 30 72 60 9 69 17 28 49 69 50 16 21 18 24 35 20 49 64 8 25 23 41 14 40 49 33 65 57 55 14 30 0 19 54 0 25 0 41 72 36 66 37 75 27 0 1 45 55 31 61 60 42 44 27 70 20 8 30 75 64 33 44 13 8 66 39 37 35 75 21 5 63 45 75 75 57 52 55 56 62 13 54 73 1 48 46 65
run=10 seed=9 k=76 f=0
48 11 19 73 68 21 47 53 47 33 57 35 0 33 38 39 9 24 49 37 51 0 70 34 54 38 25 5 75 60 56 23 53 60 20 70 60 36 69 12 0 44 75 42 8 43 35 13 26 63 13 67 75 2 14 0 11 30 15 27 45 63 32 50 29 73 30 16 75 42 31 20 54 67 0 54 63 6 5 14 59 32 54 6 66 22 18 50 8 69 75 46 61 41 74 20 45 3 21 30
run=11 seed=10 k=76 f=0
7 5 0 0 21 66 14 22 9 21 28 22 34 67 75 17 39 60 7 75 44 71 45 13 48 19 53 29 56 62 26 52 55 53 58 36 60 74 60 41 34 34 0 22 40 49 44 0 30 75 7 73 0 73 44 35 46 17 20 65 55 0 27 32 6 50 36 11 0 28 25 72 46 3 8 14 58 40 57 48 27 64 17 14 10 25 66 72 62 50 66 68 0 35 75 38 44 11 0 7
run=12 seed=11 k=76 f=0
15 41 73 67 7 58 0 28 5 68 75 66 66 25 57 74 39 30 17 3 27 7 33 75 33 7 20 47 75 1 0 35 21 21 40 55 52 75 69 28 54 11 3 9 47 72 40 24 32 47 11 13 60 62 43 16 24 0 19 60 0 13 36 54 10 49 57 24 67 39 14 7 75 45 68 73 1 60 43 51 0 51 73 62 58 35 24 29 67 18 10 50 42 42 4 37 34 17 24 66
run=13 seed=12 k=76 f=0
60 54 37 50 67 40 38 7 14 13 75 68 27 0 0 15 10 21 30 66 0 72 12 12 74 51 42 73 45 23 17 61 17 72 14 8 22 0 53 33 67 7 47 15 3 52 59 58 60 1 33 6 26 75 31 67 53 9 30 36 34 50 47 58 62 23 19 64 48 75 65 1 17 75 41 36 5 3 56 36 41 23 32 13 17 45 75 60 28 69 65 38 55 28 21 25 55 44 58 75
run=14 seed=13 k=76 f=0
31 6 68 30 22 75 5 55 24 0 47 60 35 75 45 18 8 72 40 56 68 50 26 49 36 31 57 59 10 40 44 29 7 63 32 34 38 2 18 70 21 75 49 8 65 1 32 53 74 0 67 59 50 52 26 34 9 54 14 74 24 55 44 38 40 14 49 6 37 3 56 20 42 27 17 44 61 73 4 23 0 61 0 11 23 63 66 11 39 60 16 74 75 46 24 32 35 13 21 45
run=15 seed=14 k=76 f=0
11 6 38 32 64 9 37 48 72 58 36 46 30 26 75 0 21 31 25 75 42 71 22 45 17 43 75 45 58 58 50 13 6 3 7 19 1 74 30 23 37 20 39 51 40 70 61 0 28 0 66 1 55 74 16 59 48 61 3 51 36 65 51 61 66 42 18 29 64 15 49 34 66 51 9 39 67 24 50 67 33 56 30 24 27 16 75 3 74 69 39 11 56 75 7 56 11 13 9 23
run=16 seed=15 k=76 f=0
29 12 62 75 19 55 35 34 48 2 28 1 3 6 59 34 67 52 42 7 45 55 8 56 61 41 0 71 74 9 33 0 13 61 75 65 55 43 0 42 26 51 6 36 7 74 4 9 17 75 49 56 8 59 28 18 11 22 64 47 25 17 2 14 12 68 25 27 17 32 35 10 48 65 0 33 0 18 75 71 70 25 28 70 37 49 58 40 13 22 35 50 27 37 75 21 59 32 67 75
run=17 seed=16 k=76 f=0
49 47 51 26 1 75 9 67 32 14 37 41 75 4 10 20 44 60 58 46 31 61 53 62 66 7 8 59 54 71 67 40 33 32 43 11 6 49 7 18 32 25 13 67 28 55 17 9 62 35 48 20 16 14 2 18 66 66 9 3 0 54 23 21 23 61 31 37 0 0 67 31 25 26 75 35 25 38 68 54 75 51 0 41 18 45 54 17 48 29 0 74 21 75 46 56 22 72 57 36
run=18 seed=17 k=76 f=0
68 69 50 75 71 62 25 29 41 44 35 45 16 1 42 57 42 31 40 26 42 22 3 30 50 9 66 34 10 57 71 75 25 22 54 5 20 53 45 2 25 61 13 41 26 10 68 33 64 75 39 58 0 1 1 71 22 75 15 36 16 65 10 67 7 24 16 18 52 15 48 29 35 36 58 45 16 47 68 7 9 31 0 39 3 63 25 0 74 19 53 59 71 8 1 73 51 54 35 7
run=19 seed=18 k=76 f=0
29 69 36 0 15 10 50 69 20 74 56 21 34 75 8 28 18 68 48 31 18 52 51 43 66 38 52 19 16 74 65 41 75 59 1 35 38 19 49 66 11 24 4 25 75 15 1 0 29 0 36 3 74 34 43 54 69 48 65 0 45 15 74 31 27 31 70 52 74 18 24 6 11 1 52 52 47 65 46 14 59 8 63 75 0 23 62 29 39 8 56 38 63 44 37 12 45 55 14 75
run=20 seed=19 k=76 f=0
70 27 35 28 71 52 8 17 3 41 13 14 35 75 55 35 40 55 26 41 7 71 15 58 75 11 7 5 44 73 2 47 75 62 51 42 51 8 1 20 36 75 24 74 65 42 27 30 57 74 64 28 23 60 45 68 38 0 32 1 65 54 22 0 30 39 58 21 55 41 17 62 4 28 31 11 60 21 63 3 16 0 12 37 22 65 49 49 70 68 10 74 45 30 12 51 16 34 18 19
