run=1 seed=0 k=121 f=0
43 98 50 2 100 98 0 28 80 34 96 111 39 3 68 104 88 65 74 55 6 47 49 22 95 48 33 87 36 13 20 91 54 53 40 64 62 120 2 21 106 118 91 34 11 94 26 108 73 57 74 60 27 2 7 72 83 118 38 41 81 26 37 76 61 59 43 68 109 111 36 101 119 81 110 10 12 46 28 86 59 21 50 20 14 108 2 98 113 40 6 69 97 50 119 103 93 13 82 83
run=2 seed=1 k=121 f=0
43 98 50 2 100 98 0 28 80 34 96 111 39 3 68 104 88 65 74 55 6 47 49 22 95 48 33 87 36 13 20 91 54 53 40 64 62 120 2 21 106 118 91 34 11 94 26 108 73 57 74 60 27 2 7 72 83 118 38 41 81 26 37 76 61 59 43 68 109 111 36 101 119 81 110 10 12 46 28 86 59 21 50 20 14 108 2 98 113 40 6 69 97 50 119 103 93 13 82 83
run=3 seed=2 k=121 f=0
63 56 105 27 23 82 17 72 67 71 23 71 40 53 15 0 120 21 7 110 47 97 76 92 92 97 63 25 120 72 80 62 85 65 89 19 94 54 12 3 37 53 101 71 38 53 39 18 25 62 108 8 1 108 92 110 75 103 91 115 104 105 87 77 117 46 96 53 13 54 86 11 113 78 12 30 34 119 80 49 84 118 57 5 69 68 42 10 81 33 113 41 32 43 28 30 20 34 114 11
run=4 seed=3 k=121 f=0
44 62 95 0 91 111 101 73 33 105 60 108 65 37 56 98 9 76 79 5 53 1 86 34 27 18 112 22 28 69 98 34 105 21 20 15 17 64 1 118 13 44 12 30 50 72 110 10 27 68 78 63 44 11 120 102 60 92 25 74 35 42 71 2 94 84 89 111 90 90 88 7 96 83 58 99 40 47 14 12 115 69 95 45 81 1 114 20 46 107 27 104 75 90 16 32 53 54 23 72
run=5 seed=4 k=121 f=0
16 19 62 24 41 67 63 34 75 36 24 0 50 6 113 118 56 38 27 88 1 70 78 119 45 3 64 68 28 44 109 9 2 72 2 53 120 89 11 91 52 18 52 46 81 83 29 108 101 30 75 42 70 86 24 5 67 73 114 23 81 93 32 114 61 99 90 112 34 11 45 106 110 10 16 77 120 31 64 105 106 49 57 100 55 39 92 90 117 85 23 108 94 55 11 120 19 61 33 34
run=6 seed=5 k=121 f=0
66 65 30 28 5 110 43 33 118 16 40 92 36 119 108 113 88 13 101 99 5 83 59 113 105 29 81 81 77 72 64 22 120 83 50 33 39 3 56 101 20 32 72 87 30 59 110 41 10 43 6 105 52 66 97 23 80 15 109 76 100 52 103 57 47 64 19 86 91 45 23 118 77 48 115 17 49 104 76 84 44 120 12 107 59 6 2 63 3 37 23 15 73 24 65 120 100 111 116 78
run=7 seed=6 k=121 f=0
1 72 75 100 96 26 97 54 66 119 58 10 106 8 93 119 111 7 37 105 98 3 99 14 32 15 108 40 22 27 88 54 9 61 74 35 89 81 73 100 95 22 20 1 61 113 54 52 119 42 67 61 76 13 37 103 104 34 40 83 64 20 16 97 3 90 48 111 82 0 90 69 53 20 30 115 43 83 49 51 89 66 112 47 10 65 0 40 5 69 76 29 115 49 99 113 50 26 13 11
run=8 seed=7 k=121 f=0
81 29 5 4 101 27 86 89 61 31 51 89 113 20 45 86 2 22 41 72 43 104 77 68 37 101 104 18 101 92 38 15 54 68 10 0 108 46 10 67 59 92 35 61 22 14 111 113 71 62 113 46 46 69 114 75 25 97 82 63 9 72 4 94 99 102 95 104 6 15 77 56 38 38 85 120 85 119 62 78 111 54 10 57 33 3 110 25 10 31 88 19 30 2 114 107 77 119 23 17
run=9 seed=8 k=121 f=0
50 65 11 44 99 28 62 38 1 66 120 39 118 47 21 106 110 67 13 37 84 74 71 95 99 76 31 98 109 111 94 0 38 14 83 49 91 5 23 107 102 28 95 106 117 45 115 17 120 7 85 22 16 112 119 70 42 64 11 61 87 26 100 44 88 93 4 88 99 2 36 81 28 10 101 58 37 16 91 67 53 67 60 80 109 54 58 76 32 24 1 60 81 12 72 51 56 70 107 84
run=10 seed=9 k=121 f=0
3 72 48 88 91 53 8 79 20 77 67 119 83 111 68 85 43 104 1 118 17 63 53 18 46 114 8 40 91 71 98 99 28 111 70 111 108 65 13 98 78 47 6 74 68 22 38 111 2 66 54 40 88 107 89 44 60 60 89 15 34 105 30 57 32 100 97 36 29 120 50 51 12 35 80 83 3 105 78 5 9 38 12 97 55 45 21 96 22 15 115 43 94 62 23 24 65 76 73 118
run=11 seed=10 k=121 f=0
0 27 8 0 26 120 12 10 1 24 82 50 47 72 18 65 54 45 12 30 37 74 2 64 30 77 110 42 119 119 29 0 57 69 98 96 68 79 53 113 18 119 1 56 101 36 31 109 117 105 52 2 23 85 97 48 41 27 48 40 4 91 69 31 39 87 103 58 102 87 86 17 64 81 15 76 18 41 64 7 56 20 9 111 93 92 38 31 22 90 102 120 70 82 118 19 8 89 36 38
run=12 seed=11 k=121 f=0
33 84 27 115 9 16 70 2 27 2 114 51 8 92 71 65 54 119 24 45 13 27 28 34 13 101 104 18 18 91 73 120 85 46 42 5 77 57 68 94 27 32 24 66 3 38 11 100 110 15 55 81 44 85 108 84 94 1 0 80 94 36 74 88 100 44 3 89 70 10 62 104 33 117 1 77 32 43 56 24 50 111 61 10 104 59 76 77 112 36 49 92 103 46 112 34 3 25 51 51
run=13 seed=12 k=121 f=0
26 8 41 93 37 2 55 8 88 5 1 69 41 1 32 0 17 47 79 30 120 34 89 73 49 96 44 73 104 59 67 68 0 20 96 100 95 30 72 83 78 19 104 98 103 6 33 69 53 25 9 83 85 46 67 79 109 19 11 22 62 59 35 56 110 41 91 85 103 19 78 39 42 119 5 73 59 86 79 49 54 86 106 86 62 66 110 112 6 118 107 51 57 113 11 40 34 32 41 16
run=14 seed=13 k=121 f=0
31 6 7 60 27 64 49 82 2 114 25 12 85 1 12 23 40 86 80 98 34 57 59 29 46 62 70 73 55 99 103 72 105 0 118 43 21 41 35 63 82 61 53 48 36 77 102 101 53 109 44 107 0 96 24 15 8 4 119 119 99 1 46 119 68 74 72 10 89 117 73 102 81 36 9 110 89 9 41 52 105 49 38 104 10 94 29 18 31 18 116 112 39 86 97 93 113 92 13 113
run=15 seed=14 k=121 f=0
91 113 47 34 40 1 57 84 110 77 108 18 104 64 1 22 73 114 2 59 66 30 69 7 51 37 119 17 40 43 84 102 117 103 71 76 35 91 25 110 106 7 42 120 72 74 24 55 49 1 72 25 120 62 32 76 16 44 93 41 105 87 94 82 7 14 68 96 48 59 24 58 64 97 57 30 66 84 74 76 117 83 36 51 39 65 92 23 9 10 54 118 37 27 16 15 16 84 112 106
run=16 seed=15 k=121 f=0
61 12 58 83 72 60 27 71 32 80 36 42 66 86 36 26 45 95 96 94 86 109 76 51 37 15 5 115 34 120 114 42 107 54 88 55 101 0 28 52 106 65 21 82 2 91 87 50 120 88 76 78 67 9 39 104 56 73 16 90 103 66 67 108 119 94 46 16 3 18 115 8 1 15 32 24 16 33 74 24 117 33 5 63 48 1 77 95 68 7 45 105 87 110 52 81 25 29 7 114
run=17 seed=16 k=121 f=0
104 120 92 56 10 1 96 57 109 1 118 52 85 75 94 1 39 115 119 14 52 78 44 78 30 30 107 17 31 22 51 35 112 25 98 89 6 14 48 46 90 86 95 55 82 29 3 18 0 19 4 63 59 68 43 89 59 57 44 16 110 67 95 103 110 76 79 55 96 39 8 116 99 14 85 113 67 118 71 50 106 25 116 75 4 70 68 97 6 3 36 34 2 41 98 66 16 75 34 34
run=18 seed=17 k=121 f=0
101 111 99 35 50 65 81 57 47 75 15 30 2 6 62 105 120 59 96 56 46 4 88 75 36 9 15 113 62 50 38 74 81 43 19 69 94 100 94 49 84 0 13 39 25 106 75 97 62 104 119 53 43 30 23 84 64 9 97 64 21 48 80 112 0 9 28 0 35 104 95 16 51 21 73 108 0 59 84 113 11 117 24 31 26 41 82 91 72 90 29 64 96 88 56 119 98 115 6 118
run=19 seed=18 k=121 f=0
82 34 88 113 44 73 77 17 4 20 101 12 86 24 6 83 114 51 29 31 71 111 90 66 119 63 18 39 85 1 43 96 57 27 70 20 74 58 40 64 71 88 0 102 8 21 64 86 104 4 52 53 38 52 120 48 116 30 56 0 46 59 37 12 7 108 4 49 45 44 83 93 56 99 74 103 30 36 81 12 38 12 97 109 3 109 95 91 18 30 120 93 24 28 106 65 106 86 65 6
run=20 seed=19 k=121 f=0
85 67 64 109 65 105 118 31 35 34 40 53 10 60 43 12 44 68 55 50 31 88 100 83 24 0 97 19 18 48 110 119 72 80 93 41 65 13 88 0 4 7 95 45 39 107 88 51 14 22 69 95 62 27 26 117 43 116 15 107 98 48 91 35 21 74 2 117 95 12 107 9 77 30 54 114 97 21 103 102 71 82 85 47 62 53 116 39 27 90 92 4 63 58 85 114 32 87 80 7
