run=1 seed=0 k=94 f=0
67 92 79 23 17 73 5 14 81 31 10 15 40 30 49 33 57 70 75 59 46 70 65 1 19 43 78 17 40 53 66 13 72 46 39 22 44 56 36 80 16 93 25 35 83 33 60 53 87 79 93 90 9 62 8 63 26 92 38 41 50 65 32 17 93 1 48 9 85 37 37 53 64 63 1 8 44 86 28 32 0 53 10 86 19 24 29 69 22 93 10 74 83 74 50 65 4 72 66 89
run=2 seed=1 k=94 f=0
67 92 79 23 17 73 5 14 81 31 10 15 40 30 49 33 57 70 75 59 46 70 65 1 19 43 78 17 40 53 66 13 72 46 39 22 44 56 36 80 16 93 25 35 83 33 60 53 87 79 93 90 9 62 8 63 26 92 38 41 50 65 32 17 93 1 48 9 85 37 37 53 64 63 1 8 44 86 28 32 0 53 10 86 19 24 29 69 22 93 10 74 83 74 50 65 4 72 66 89
run=3 seed=2 k=94 f=0
39 36 70 41 83 84 75 1 59 19 93 91 43 73 0 17 31 16 40 84 27 80 50 93 44 50 0 91 46 25 20 7 34 45 47 47 49 77 53 13 36 0 34 28 76 5 42 12 41 23 87 31 62 70 63 93 25 72 43 66 2 86 43 7 24 22 88 34 52 76 56 30 12 58 82 13 54 50 34 10 92 61 2 89 19 20 71 68 21 93 83 11 67 57 25 69 9 78 3 38
run=4 seed=3 k=94 f=0
35 89 71 90 70 68 16 44 91 48 0 41 85 83 58 83 74 29 55 87 48 26 92 24 93 93 70 23 28 6 50 74 49 3 93 5 89 22 32 13 36 41 61 93 41 30 11 42 63 19 61 41 0 16 86 77 80 4 20 11 81 0 9 38 10 1 93 60 9 44 68 70 33 78 9 3 16 15 69 74 33 63 26 52 57 40 47 54 79 57 67 78 28 80 22 93 21 54 60 54
run=5 seed=4 k=94 f=0
90 11 6 38 19 2 91 9 86 42 47 79 62 60 25 74 41 78 61 26 53 22 0 0 50 64 78 80 20 92 2 44 43 44 52 68 29 22 83 69 68 36 69 64 2 15 31 28 93 85 53 41 73 11 90 49 0 53 92 88 3 38 76 52 37 15 71 13 65 10 35 0 48 36 27 73 41 28 8 73 29 85 59 60 77 85 18 19 82 12 7 16 92 64 26 0 33 59 49 83
run=6 seed=5 k=94 f=0
89 61 64 0 80 0 26 78 9 73 93 74 56 48 18 76 6 38 0 76 83 14 38 81 9 78 72 45 21 45 85 49 0 86 70 37 22 50 4 31 55 9 10 81 55 40 9 33 13 30 15 73 65 91 60 93 42 63 1 87 90 44 69 71 69 42 45 63 67 60 0 4 45 49 19 61 72 26 19 39 24 34 18 25 57 9 54 91 60 93 75 33 67 36 27 42 35 83 37 26
run=7 seed=6 k=94 f=0
66 51 56 15 86 93 54 77 54 24 69 4 5 23 46 78 54 14 22 19 26 9 72 66 57 0 93 81 69 1 47 92 90 35 14 33 50 53 61 39 9 74 44 23 45 84 11 14 12 90 31 16 67 39 82 66 48 30 55 86 41 16 84 62 27 4 5 34 83 57 73 92 81 19 29 31 78 49 46 24 1 62 40 4 37 75 20 40 85 38 57 12 34 74 7 92 80 59 77 32
run=8 seed=7 k=94 f=0
46 31 4 79 16 56 92 66 35 57 81 78 86 88 14 22 93 15 70 63 46 57 92 52 82 66 27 25 31 65 7 8 62 73 3 70 89 84 51 6 47 76 33 66 38 20 36 43 59 38 17 9 0 51 1 9 60 30 0 3 86 92 3 52 93 21 58 48 37 38 7 37 48 69 79 21 30 11 90 3 86 29 74 60 16 77 24 93 39 44 41 23 34 72 14 41 56 12 21 90
run=9 seed=8 k=94 f=0
72 26 90 47 67 91 46 15 49 50 9 32 76 58 7 75 53 74 9 27 17 6 17 69 40 43 34 81 67 17 4 34 38 22 40 51 57 57 33 46 85 2 66 17 28 1 65 22 68 0 75 8 93 92 6 39 24 16 53 67 60 83 7 30 79 71 93 20 80 7 37 91 78 26 85 74 0 55 67 30 47 60 82 47 40 87 18 93 36 12 63 1 50 3 57 90 24 10 17 46
run=10 seed=9 k=94 f=0
31 40 11 77 66 48 20 2 62 18 78 73 71 62 53 51 68 87 16 3 65 85 83 45 24 77 58 5 47 18 25 9 21 65 5 14 12 80 72 42 1 47 36 70 80 64 2 84 84 46 10 56 8 88 7 29 55 92 36 4 29 90 4 53 88 11 66 41 21 67 1 55 93 78 18 80 20 27 58 12 29 72 93 24 92 35 60 87 31 32 0 12 62 68 58 44 40 22 1 60
run=11 seed=10 k=94 f=0
0 3 16 35 2 62 19 47 78 30 75 33 4 67 48 68 36 2 13 0 86 50 13 57 52 15 78 85 30 66 43 78 63 57 48 19 21 9 81 12 3 8 19 33 31 53 60 92 8 93 22 86 24 62 71 0 84 39 43 40 44 8 67 80 25 22 74 83 57 10 30 91 58 28 51 93 49 43 29 14 23 36 39 39 15 93 67 87 51 61 73 65 22 64 74 91 92 80 10 84
run=12 seed=11 k=94 f=0
45 60 23 53 87 57 7 7 23 88 3 71 10 16 0 69 31 14 53 12 92 24 35 71 39 68 2 73 40 13 48 37 30 72 43 4 55 35 16 18 61 77 63 82 29 90 0 65 45 77 91 73 9 63 26 0 27 65 30 16 86 84 47 3 88 74 48 48 46 34 40 33 18 38 93 18 31 25 85 59 9 0 93 48 67 50 53 44 82 59 82 56 91 61 0 80 82 26 32 10
run=13 seed=12 k=94 f=0
33 46 20 82 71 81 81 58 92 1 14 4 27 72 39 52 48 55 26 54 62 87 86 33 30 93 21 15 24 69 1 7 55 7 48 36 24 46 37 48 40 0 16 0 0 66 4 54 86 69 12 8 30 79 73 31 15 75 32 71 13 60 64 38 91 40 44 16 23 56 0 92 59 8 22 65 69 0 45 16 41 93 14 28 75 93 78 47 58 63 83 67 68 80 44 82 89 42 67 89
run=14 seed=13 k=94 f=0
27 68 21 58 74 24 75 59 9 53 15 5 82 42 73 61 14 88 84 4 77 12 1 46 93 80 93 42 89 69 32 38 21 18 11 84 67 66 49 11 52 65 9 79 16 89 33 46 41 22 80 25 62 52 53 90 32 54 56 25 32 72 61 37 75 72 39 47 46 37 1 19 93 1 71 92 1 10 30 90 0 20 35 27 86 62 49 25 58 5 35 40 49 0 36 92 20 75 0 13
run=15 seed=14 k=94 f=0
61 27 72 5 89 89 69 22 39 2 7 53 39 53 55 65 30 23 23 25 86 44 61 88 48 50 80 88 19 57 87 12 80 57 70 75 73 45 93 11 24 93 2 51 77 45 57 68 3 82 71 4 70 58 75 10 40 93 37 7 60 38 30 65 66 0 48 29 51 47 38 24 19 19 9 80 35 13 69 64 31 2 19 15 60 0 92 33 35 42 28 81 15 83 15 31 62 35 13 81
run=16 seed=15 k=94 f=0
15 71 1 83 50 0 84 47 17 26 51 23 84 61 29 13 84 25 39 66 24 80 75 59 82 57 68 59 52 29 37 61 10 54 22 51 71 8 20 52 93 76 80 15 31 62 28 50 5 14 16 31 67 68 89 31 10 91 7 56 40 65 78 35 74 60 64 44 33 9 0 35 31 19 47 44 81 76 17 35 1 87 92 64 93 44 93 50 93 73 0 38 65 6 19 29 3 79 43 42
run=17 seed=16 k=94 f=0
28 1 53 52 1 25 20 78 67 50 3 32 32 14 21 61 35 85 16 14 53 25 83 89 23 72 18 62 25 38 56 43 41 39 68 68 13 8 87 80 82 21 30 35 36 71 61 91 42 51 72 49 5 77 58 15 49 93 81 93 60 84 58 0 53 1 71 11 90 65 78 56 89 48 24 59 71 26 37 69 8 31 50 93 63 58 14 0 31 64 5 22 12 1 76 70 45 21 89 81
run=18 seed=17 k=94 f=0
36 77 25 43 15 53 86 0 29 86 58 3 58 42 92 87 6 46 66 11 18 29 49 51 73 35 82 6 3 4 22 55 70 9 58 10 65 31 82 79 32 74 60 72 9 87 7 5 93 85 57 53 73 0 22 65 91 48 66 22 63 59 77 78 48 39 77 40 82 93 0 16 24 24 15 24 82 64 42 33 46 36 18 39 2 12 52 18 36 66 0 90 83 50 0 72 90 42 18 93
run=19 seed=18 k=94 f=0
80 26 65 31 55 27 13 52 92 59 48 89 57 32 9 33 20 71 46 74 4 54 16 87 50 29 23 69 91 70 2 80 27 22 32 43 52 0 41 34 59 41 82 51 21 63 84 45 69 51 50 26 38 15 61 14 0 18 29 1 0 68 8 44 9 57 0 87 20 79 14 25 60 75 88 50 70 14 12 38 64 93 82 35 86 47 77 5 66 10 0 93 91 9 41 67 82 11 34 35
run=20 seed=19 k=94 f=0
31 15 68 88 13 40 63 49 84 20 83 50 52 34 85 66 75 0 81 48 77 86 93 12 54 18 76 47 13 22 58 34 7 69 30 2 41 78 58 60 51 0 89 20 0 15 29 73 34 43 42 51 9 46 27 64 55 71 59 10 25 45 15 36 32 93 80 29 9 31 60 79 68 0 52 74 6 58 28 43 24 93 57 10 68 35 83 67 20 93 26 40 17 91 72 21 5 93 4 48
