run=1 seed=0 k=73 f=0
17 16 1 15 59 12 33 0 64 31 26 53 30 13 65 10 56 15 43 17 32 59 14 68 57 36 24 50 49 58 72 23 44 58 71 39 26 72 51 36 6 38 32 51 29 1 38 56 45 0 43 57 20 16 5 45 1 72 72 71 29 1 21 43 39 28 18 37 5 0 50 8 72 13 65 29 68 49 55 8 51 65 0 22 46 21 9 36 4 26 55 66 0 45 19 11 63 62 69 20
run=2 seed=1 k=73 f=0
17 16 1 15 59 12 33 0 64 31 26 53 30 13 65 10 56 15 43 17 32 59 14 68 57 36 24 50 49 58 72 23 44 58 71 39 26 72 51 36 6 38 32 51 29 1 38 56 45 0 43 57 20 16 5 45 1 72 72 71 29 1 21 43 39 28 18 37 5 0 50 8 72 13 65 29 68 49 55 8 51 65 0 22 46 21 9 36 4 26 55 66 0 45 19 11 63 62 69 20
run=3 seed=2 k=73 f=0
19 51 8 72 49 20 53 11 60 8 38 38 7 15 52 6 55 24 31 29 22 34 66 31 0 35 41 44 45 1 29 62 61 32 3 14 67 72 44 32 50 55 4 41 55 24 0 0 46 0 65 71 19 69 59 50 24 0 47 24 62 72 41 48 25 35 33 14 0 10 41 58 28 14 10 35 67 56 8 46 41 15 10 17 72 72 71 20 19 65 39 54 28 49 64 65 6 7 0 28
run=4 seed=3 k=73 f=0
11 36 35 9 7 53 27 16 4 72 3 17 16 45 29 15 38 7 23 55 48 7 70 33 33 20 18 64 33 72 69 61 38 23 66 25 0 0 63 45 28 11 41 19 52 24 0 13 9 72 55 0 54 36 67 36 54 71 19 43 63 68 26 49 48 72 59 0 28 62 14 57 45 62 29 45 43 0 66 66 72 0 63 57 40 7 1 46 68 60 52 72 59 23 9 32 3 32 46 28
run=5 seed=4 k=73 f=0
16 68 70 50 5 20 3 58 43 1 28 6 20 59 31 0 32 17 26 40 57 17 72 27 39 55 19 49 72 41 45 35 64 51 71 30 24 1 7 71 2 21 72 61 72 52 19 54 15 0 66 20 72 52 27 67 13 0 72 63 48 51 15 43 44 33 12 9 8 8 10 44 39 37 64 30 12 72 0 4 44 65 3 35 49 45 23 58 36 6 11 65 55 31 19 21 12 60 49 47
run=6 seed=5 k=73 f=0
48 67 45 50 18 41 26 55 34 56 8 54 25 3 7 51 9 20 32 72 30 43 72 72 72 51 41 16 47 6 57 22 53 48 6 7 21 29 0 72 16 37 72 56 0 12 38 2 62 0 66 62 71 45 4 17 54 0 58 61 35 18 60 64 66 68 14 39 0 21 57 31 16 36 42 27 24 58 17 14 12 65 49 12 49 44 26 30 0 32 64 23 33 6 26 38 25 45 36 10
run=7 seed=6 k=73 f=0
13 37 43 2 30 30 17 11 57 63 70 47 33 69 24 71 63 36 13 21 28 17 4 15 0 16 59 53 0 68 54 53 63 3 58 65 58 19 62 39 9 34 68 11 60 19 20 48 32 72 33 27 41 22 58 39 47 0 11 31 56 41 69 27 26 5 61 9 42 51 10 70 23 51 49 72 63 27 58 55 5 64 16 43 0 72 0 42 6 6 8 34 47 23 51 52 21 7 49 72
run=8 seed=7 k=73 f=0
4 6 24 72 55 34 38 42 62 41 64 30 72 21 15 51 8 19 27 9 40 24 22 18 67 62 38 29 31 29 69 72 35 49 20 65 19 2 57 64 57 46 11 59 42 10 14 54 38 0 12 67 24 4 67 23 38 43 55 1 46 11 38 41 17 71 58 21 31 51 56 72 15 0 32 67 7 6 20 46 61 14 16 26 0 25 72 64 49 52 54 72 61 49 58 35 2 53 3 46
run=9 seed=8 k=73 f=0
37 21 65 72 72 26 32 18 41 8 6 44 52 19 14 40 9 30 18 54 30 66 43 59 23 41 28 23 45 15 35 0 64 37 3 7 57 55 0 0 54 23 68 42 49 9 8 49 16 72 65 64 25 34 4 62 51 72 72 14 55 72 67 20 44 12 72 1 45 36 47 28 34 21 62 66 0 5 37 25 58 10 34 12 16 41 0 47 5 51 32 61 3 63 33 25 1 65 22 72
run=10 seed=9 k=73 f=0
29 4 0 53 72 64 18 21 40 16 27 20 49 3 63 38 47 31 62 18 60 30 70 27 56 17 18 55 13 9 25 51 22 14 18 45 67 71 6 42 62 34 0 23 20 58 36 18 29 72 71 34 0 3 42 29 45 4 42 72 63 0 68 58 57 2 6 45 72 35 24 50 54 34 8 57 10 0 9 57 13 24 47 50 0 72 38 44 51 66 12 65 38 36 10 36 39 11 72 54
run=11 seed=10 k=73 f=0
15 70 56 7 29 38 4 22 54 1 26 25 10 13 66 37 72 15 56 72 48 29 56 63 61 28 55 25 62 43 3 64 38 57 3 59 5 71 0 57 22 33 32 23 0 32 65 28 17 0 35 71 54 43 4 62 71 48 57 51 35 13 7 49 48 17 21 22 1 72 22 40 45 72 63 51 47 28 40 52 9 23 0 41 17 0 9 15 33 38 20 65 30 31 72 11 48 66 43 10
run=12 seed=11 k=73 f=0
57 67 62 38 0 21 29 32 13 37 28 34 53 24 6 59 55 24 52 39 14 25 67 72 31 37 20 29 71 50 14 6 35 40 31 52 50 1 66 70 65 20 72 31 20 1 49 5 26 0 2 57 72 66 12 61 12 13 62 72 9 0 72 48 47 45 14 43 72 59 31 21 44 42 64 56 70 9 51 0 36 45 36 58 0 63 18 30 45 6 24 7 45 64 11 20 45 60 4 53
run=13 seed=12 k=73 f=0
42 68 70 10 7 20 49 26 71 58 0 38 18 61 5 29 35 48 72 43 36 47 41 58 5 17 68 23 72 33 28 58 47 3 24 20 1 59 38 71 42 51 72 42 13 53 33 28 46 0 17 1 72 42 12 52 33 28 25 64 10 53 1 24 66 8 21 21 8 48 41 16 28 11 64 68 63 24 63 72 1 18 37 32 72 37 54 2 40 6 64 51 55 32 44 18 52 61 68 0
run=14 seed=13 k=73 f=0
7 23 51 72 56 8 72 34 65 43 44 68 45 33 32 12 43 58 19 8 32 56 20 37 60 72 29 70 46 15 65 40 54 3 44 45 48 70 19 39 51 26 13 38 27 1 0 17 60 0 0 63 27 72 48 54 4 23 18 0 9 51 0 32 63 44 40 35 0 46 65 30 36 72 19 35 25 6 60 26 64 50 72 40 69 64 52 58 54 6 12 53 3 19 72 27 22 16 7 63
run=15 seed=14 k=73 f=0
13 4 21 50 28 47 50 6 11 64 10 20 40 12 68 42 61 30 52 66 16 33 62 0 35 17 31 56 27 13 52 24 18 39 1 63 72 13 19 1 5 47 0 56 18 34 14 61 28 70 59 6 0 36 66 26 59 61 0 69 45 58 35 50 32 71 66 10 55 40 23 43 54 52 8 13 33 65 29 57 8 72 0 58 40 9 36 22 35 42 27 47 48 26 0 72 72 11 15 7
run=16 seed=15 k=73 f=0
31 4 37 32 0 27 67 7 46 55 13 22 58 70 71 45 63 32 56 57 20 53 30 52 61 19 11 21 60 72 6 10 8 16 42 65 40 41 72 1 37 49 0 20 17 15 57 70 30 72 24 39 0 72 68 55 25 49 0 0 47 27 60 8 23 13 17 9 40 61 25 72 12 65 54 16 2 43 27 19 33 63 37 60 69 35 38 2 3 44 26 35 45 47 38 50 49 57 48 62
run=17 seed=16 k=73 f=0
22 68 54 0 51 36 65 42 52 60 0 54 55 68 36 21 25 40 41 28 49 38 0 72 0 51 62 45 20 36 57 3 27 3 6 27 40 49 56 71 15 55 72 19 62 11 11 72 62 0 44 9 72 68 30 61 24 0 72 72 9 46 19 64 66 8 29 27 63 52 57 31 44 47 16 36 44 7 42 43 31 12 26 22 19 18 34 24 52 6 64 35 10 8 36 13 31 19 22 0
run=18 seed=17 k=73 f=0
59 68 36 42 72 19 31 25 6 25 43 25 55 65 28 56 28 15 47 18 49 4 71 25 63 37 59 41 3 4 43 39 8 40 7 34 51 59 51 71 12 0 72 27 29 35 51 72 17 0 32 51 72 20 5 35 31 0 72 72 53 43 65 48 0 45 19 4 26 17 22 11 44 44 64 53 0 72 34 37 12 64 56 31 58 64 9 50 68 56 19 65 47 34 17 11 21 61 40 65
run=19 seed=18 k=73 f=0
35 28 22 55 57 60 6 54 11 5 0 18 30 29 7 52 63 30 26 39 19 3 45 0 46 44 47 15 12 33 52 72 21 10 49 65 67 1 17 0 70 65 48 40 62 12 68 45 33 72 6 69 24 13 67 27 1 49 48 12 51 37 21 56 35 72 25 71 57 24 38 27 9 40 16 22 17 16 27 44 42 33 4 23 11 72 0 63 60 6 57 72 65 54 20 61 20 58 16 52
run=20 seed=19 k=73 f=0
31 64 25 24 18 27 36 42 35 45 51 41 72 14 63 34 44 65 43 1 45 5 0 60 62 24 51 5 59 15 3 55 36 3 58 27 68 72 66 17 37 38 48 40 1 47 56 45 33 0 67 21 60 26 18 61 3 0 30 49 51 18 1 31 33 12 48 28 20 42 38 57 17 25 10 49 68 31 60 46 12 66 54 57 72 10 71 4 10 54 54 13 21 10 72 24 28 7 68 0
