run=1 seed=0 k=84 f=0
2 68 49 66 71 23 10 62 51 73 1 13 38 63 83 79 70 63 44 15 8 54 14 12 39 16 22 24 43 41 0 37 7 52 17 20 35 30 45 55 33 83 83 14 16 64 62 43 41 49 49 73 83 52 0 7 31 74 48 25 33 64 32 39 73 70 82 55 74 77 76 81 59 46 25 66 81 58 61 50 0 23 0 12 29 28 7 2 50 55 19 36 68 47 7 22 10 0 18 58
run=2 seed=1 k=84 f=0
2 68 49 66 71 23 10 62 51 73 1 13 38 63 83 79 70 63 44 15 8 54 14 12 39 16 22 24 43 41 0 37 7 52 17 20 35 30 45 55 33 83 83 14 16 64 62 43 41 49 49 73 83 52 0 7 31 74 48 25 33 64 32 39 73 70 82 55 74 77 76 81 59 46 25 66 81 58 61 50 0 23 0 12 29 28 7 2 50 55 19 36 68 47 7 22 10 0 18 58
run=3 seed=2 k=84 f=0
77 39 64 59 48 27 48 18 61 33 58 57 72 55 6 24 37 19 70 36 74 15 47 11 17 60 3 62 24 50 9 63 83 80 20 5 0 58 51 44 18 28 7 41 35 27 0 83 21 83 71 16 47 56 33 1 80 16 83 82 67 43 15 72 65 72 73 56 49 29 53 9 30 65 1 12 51 41 19 19 0 41 8 44 7 34 12 80 5 27 53 0 26 68 5 26 32 75 37 15
run=4 seed=3 k=84 f=0
19 57 48 0 26 25 36 38 1 40 34 6 64 79 83 83 55 41 9 61 76 66 34 80 63 10 49 9 28 60 44 48 74 0 2 28 79 83 21 58 34 70 32 18 33 38 75 50 62 82 7 49 0 58 51 70 78 29 25 14 36 23 19 75 7 11 13 2 12 28 16 47 71 13 24 31 42 20 83 36 19 39 79 63 2 2 47 71 59 66 51 71 17 73 52 45 17 21 72 60
run=5 seed=4 k=84 f=0
20 57 41 70 0 39 65 31 83 10 18 25 79 72 36 35 22 35 57 35 67 46 48 42 2 69 54 70 83 83 0 5 26 80 30 76 82 47 58 57 28 12 2 62 83 73 70 1 62 42 63 41 51 49 18 75 39 48 83 63 15 52 51 56 11 15 75 17 26 0 28 41 0 15 8 64 29 9 0 57 19 75 68 64 52 66 83 21 28 77 3 72 12 30 72 40 45 34 57 8
run=6 seed=5 k=84 f=0
44 64 68 75 53 41 80 23 9 25 58 26 22 4 37 44 29 37 16 67 75 13 28 57 2 0 66 67 44 1 54 4 0 54 0 33 5 30 37 83 12 83 16 82 83 63 26 33 18 10 22 15 68 25 6 67 73 14 29 69 56 21 76 63 46 50 33 12 50 30 23 54 41 30 48 11 58 82 42 10 59 36 1 72 20 49 83 43 66 75 72 80 62 35 50 0 34 76 41 20
run=7 seed=6 k=84 f=0
13 26 78 31 48 73 46 23 37 70 9 1 17 19 83 19 11 50 80 32 82 36 40 55 76 30 23 46 5 2 53 68 0 78 73 8 22 42 69 58 60 0 59 36 0 7 32 47 48 39 46 28 73 29 7 30 39 75 22 42 56 59 57 22 51 17 15 11 44 66 67 82 18 43 0 63 65 79 58 37 54 12 83 34 74 67 83 12 75 63 29 1 8 51 30 16 35 64 83 54
run=8 seed=7 k=84 f=0
31 37 0 0 70 2 38 28 48 49 41 83 54 3 43 43 59 7 53 23 73 6 24 18 62 50 10 2 46 61 15 83 65 44 78 53 22 75 69 13 81 0 35 40 2 36 24 61 9 31 53 65 41 35 55 83 8 74 12 33 19 71 69 24 60 21 80 80 50 28 67 57 75 0 82 44 29 70 66 4 20 60 11 14 32 27 1 45 55 72 82 81 34 7 14 3 24 64 27 68
run=9 seed=8 k=84 f=0
26 66 58 3 27 11 46 21 58 15 79 15 40 66 8 40 30 83 56 5 12 82 45 46 70 19 62 50 55 74 77 0 59 6 5 25 64 56 63 76 8 65 27 74 8 32 67 40 81 9 21 81 70 18 42 80 37 0 57 49 58 60 49 64 72 67 61 22 28 38 76 39 0 52 51 82 1 27 20 14 75 48 31 15 42 69 38 83 4 3 21 34 31 2 34 48 41 46 17 21
run=10 seed=9 k=84 f=0
62 5 13 2 36 42 68 61 26 20 9 50 31 1 0 21 17 38 0 68 81 63 64 83 10 8 72 81 35 14 77 73 40 68 25 15 28 4 52 7 52 17 13 22 50 56 48 15 0 72 63 22 33 65 48 77 83 16 0 58 24 79 6 79 82 56 10 70 35 47 54 42 83 77 62 6 0 24 27 8 42 55 33 31 49 69 44 37 56 27 49 42 22 2 33 21 43 65 46 65
run=11 seed=10 k=84 f=0
30 26 38 21 81 43 47 82 9 47 40 83 34 33 47 44 59 71 52 51 7 36 7 71 75 9 5 67 52 30 75 19 19 4 72 55 43 20 59 12 66 26 37 11 29 55 16 75 20 41 45 0 50 34 55 29 11 77 83 61 76 11 59 83 11 0 8 21 60 57 15 4 66 26 31 42 51 13 14 53 67 0 16 47 74 1 0 81 61 23 62 30 82 37 0 67 16 34 76 65
run=12 seed=11 k=84 f=0
24 42 50 77 75 66 1 39 76 5 24 83 38 3 6 80 28 43 0 41 34 7 25 25 11 80 33 60 13 11 39 71 19 83 40 26 66 23 0 76 64 48 71 78 53 1 12 57 10 36 19 25 48 10 53 5 31 31 1 36 56 63 29 7 14 45 42 72 15 58 64 52 73 58 16 82 17 70 66 62 22 57 83 31 78 50 0 44 52 60 83 58 72 44 27 47 55 20 72 31
run=13 seed=12 k=84 f=0
32 5 14 4 79 8 43 81 74 0 11 61 11 20 42 53 25 59 0 28 75 39 72 46 6 67 83 62 79 17 48 22 56 0 70 28 15 50 59 5 30 5 15 67 29 50 53 0 74 35 55 2 1 42 29 20 61 67 57 82 18 69 13 79 43 40 72 40 48 36 45 24 83 36 9 17 32 61 67 32 12 33 54 71 83 77 53 71 15 41 21 35 0 48 61 23 11 42 65 83
run=14 seed=13 k=84 f=0
20 41 31 59 58 34 56 0 66 66 79 69 66 35 49 54 44 37 19 31 3 83 1 3 74 24 11 8 20 76 75 67 34 47 43 29 27 62 21 0 53 50 29 73 45 41 8 80 35 0 66 77 83 10 82 9 27 74 14 15 11 1 18 17 39 54 1 37 23 29 76 81 61 59 68 0 21 46 43 55 34 76 2 6 61 82 52 20 26 58 13 69 22 52 60 55 1 18 38 43
run=15 seed=14 k=84 f=0
40 56 28 30 77 30 59 54 13 7 80 12 9 57 54 65 75 24 20 42 6 77 39 51 0 9 74 78 35 15 19 36 25 46 43 42 50 6 23 61 46 0 78 16 8 82 75 0 65 49 83 81 37 29 36 65 61 17 15 47 29 24 82 68 72 43 19 57 24 60 0 73 20 32 59 72 79 3 57 81 52 83 21 14 68 44 83 38 45 43 68 31 1 32 79 62 0 3 73 50
run=16 seed=15 k=84 f=0
73 16 16 13 73 23 58 83 79 26 23 68 28 30 83 24 71 56 10 1 65 5 72 45 14 19 64 35 76 81 53 48 0 14 53 78 9 40 29 22 7 28 0 79 62 78 52 13 1 10 21 67 83 18 66 58 0 40 11 54 38 32 42 32 6 71 2 2 75 53 25 48 52 53 45 61 5 72 55 58 36 83 32 74 41 15 62 34 21 4 66 49 48 83 44 60 39 30 81 48
run=17 seed=16 k=84 f=0
41 4 15 0 38 71 23 58 54 11 71 15 56 82 24 10 47 37 48 33 17 37 82 41 61 19 76 77 35 10 11 68 46 65 24 45 53 17 38 6 55 43 79 23 74 62 49 45 39 83 67 73 0 59 51 2 13 71 82 20 55 0 20 5 9 81 61 82 53 60 12 32 66 83 73 73 9 21 24 79 29 1 33 26 62 14 31 30 45 60 35 46 65 69 42 0 25 24 7 57
run=18 seed=17 k=84 f=0
82 42 76 12 72 83 61 55 39 16 80 48 27 53 38 19 1 11 29 59 70 55 19 83 69 45 4 9 38 52 30 83 67 40 56 3 33 0 8 21 23 49 78 33 44 1 14 51 9 36 75 72 58 3 22 15 16 54 10 36 26 11 73 53 72 62 81 80 32 40 64 74 80 44 72 67 70 62 1 7 62 40 26 31 23 76 17 32 19 83 14 16 50 2 57 48 65 67 32 44
run=19 seed=18 k=84 f=0
11 44 1 37 83 39 2 83 30 25 0 37 50 25 25 74 42 57 1 18 34 14 69 74 18 15 18 39 49 27 67 52 62 4 36 57 47 13 23 83 82 28 65 28 38 56 14 61 8 50 1 12 62 12 46 53 66 70 8 30 70 9 49 34 32 2 38 47 61 52 21 2 29 31 83 75 20 44 83 82 21 42 11 77 70 1 0 8 70 74 16 55 34 62 80 40 58 77 56 83
run=20 seed=19 k=84 f=0
56 77 43 82 26 19 41 5 75 76 80 38 52 78 42 0 35 13 55 20 64 26 1 66 69 60 0 29 65 56 8 83 61 47 48 53 49 79 24 68 71 31 30 35 32 32 25 62 0 83 16 23 26 6 65 42 39 4 55 60 8 18 47 2 15 10 31 49 46 26 20 24 67 83 74 61 71 8 0 33 72 15 1 56 9 25 44 45 4 52 15 72 71 9 81 39 40 16 54 55
