run=1 seed=0 k=88 f=0
68 57 17 35 81 65 66 41 57 26 68 20 2 13 45 86 62 28 61 3 46 7 71 77 4 53 9 19 71 58 42 22 54 59 29 27 75 9 87 8 26 14 71 54 48 60 70 85 0 87 50 6 33 69 82 18 43 85 60 14 78 37 40 46 32 47 54 57 81 1 39 52 69 16 19 87 34 68 27 20 0 53 5 0 36 36 10 43 27 4 27 51 13 83 75 16 82 45 38 75
run=2 seed=1 k=88 f=0
68 57 17 35 81 65 66 41 57 26 68 20 2 13 45 86 62 28 61 3 46 7 71 77 4 53 9 19 71 58 42 22 54 59 29 27 75 9 87 8 26 14 71 54 48 60 70 85 0 87 50 6 33 69 82 18 43 85 60 14 78 37 40 46 32 47 54 57 81 1 39 52 69 16 19 87 34 68 27 20 0 53 5 0 36 36 10 43 27 4 27 51 13 83 75 16 82 45 38 75
run=3 seed=2 k=88 f=0
47 18 62 36 29 28 72 76 10 27 71 84 51 53 71 33 16 23 14 46 59 5 39 14 44 87 26 11 32 55 77 67 29 12 21 52 67 85 24 78 62 0 69 79 24 35 44 18 73 65 84 21 47 52 49 62 61 58 30 73 38 10 87 32 33 46 56 64 80 67 78 16 27 8 56 74 71 43 21 83 87 40 55 0 11 0 8 76 47 41 20 54 62 56 2 41 2 1 81 5
run=4 seed=3 k=88 f=0
75 79 2 64 24 8 24 22 81 5 9 20 52 21 35 33 50 87 57 21 40 66 86 39 49 17 15 57 68 87 34 87 80 54 46 54 28 1 38 1 46 28 76 22 72 12 33 32 84 0 79 57 41 80 45 67 66 44 57 0 31 13 71 36 83 50 45 83 73 52 23 37 9 59 60 37 85 3 0 11 5 16 16 13 48 71 72 28 79 27 19 30 26 62 27 63 8 65 12 59
run=5 seed=4 k=88 f=0
86 64 41 46 52 1 65 67 53 17 61 20 51 28 42 75 69 27 1 77 26 84 56 30 69 87 87 2 0 14 54 56 24 48 20 36 46 74 55 57 5 47 39 52 18 81 62 26 30 43 70 12 60 63 61 16 78 34 15 60 52 49 43 7 9 79 79 35 69 78 0 74 11 10 18 87 69 39 40 6 9 34 35 82 3 73 77 57 45 35 64 21 14 25 86 31 42 3 33 86
run=6 seed=5 k=88 f=0
86 18 65 24 60 70 32 81 63 5 57 0 24 86 73 3 49 87 46 38 74 85 15 69 78 3 14 65 0 46 28 54 44 0 39 9 28 30 42 54 54 22 61 4 26 17 77 39 38 66 63 24 22 87 21 49 76 8 47 37 30 67 4 74 16 87 8 53 65 34 43 46 57 79 14 6 56 4 81 53 14 31 78 52 1 61 81 85 50 35 34 8 0 14 87 69 75 73 61 13
run=7 seed=6 k=88 f=0
59 48 64 3 20 69 86 18 58 42 45 42 30 39 72 74 87 22 34 62 32 13 44 20 80 52 12 49 4 69 58 41 7 75 52 85 87 6 36 0 48 0 56 86 0 36 71 27 69 78 78 72 28 11 32 42 81 16 87 28 1 64 38 45 82 11 44 16 21 55 38 75 18 53 11 28 19 41 8 49 58 67 2 66 76 63 61 87 27 72 81 0 56 5 48 26 23 8 13 50
run=8 seed=7 k=88 f=0
17 52 63 15 87 27 48 10 50 57 56 22 59 81 79 42 76 8 74 7 24 3 44 24 85 48 32 0 25 0 60 63 11 17 15 73 30 41 65 43 10 79 54 87 56 85 74 62 57 32 69 57 0 28 80 71 2 52 16 34 83 15 37 69 48 3 18 66 35 59 62 9 41 4 23 58 35 48 72 87 10 50 17 1 44 68 14 77 87 38 36 30 19 75 26 87 43 66 67 47
run=9 seed=8 k=88 f=0
75 15 5 77 76 61 78 83 9 33 87 7 23 63 87 22 68 87 6 37 0 31 70 34 49 10 22 9 87 67 32 45 64 66 56 65 26 52 73 53 55 69 6 46 14 70 71 28 20 28 40 70 44 28 15 1 38 42 77 2 82 73 56 36 32 39 55 58 9 9 74 86 52 79 59 15 20 46 22 56 61 84 75 23 51 14 1 85 7 78 1 58 37 19 83 45 6 36 41 83
run=10 seed=9 k=88 f=0
22 31 39 38 7 52 9 41 83 12 18 43 87 1 15 61 37 55 46 77 41 7 75 28 79 78 76 63 65 4 14 71 49 65 57 81 8 76 58 76 21 1 34 86 2 68 25 67 87 62 87 56 49 79 6 22 38 31 64 27 1 16 74 44 11 1 78 68 54 47 20 51 71 57 28 27 14 63 32 71 22 13 43 84 87 0 11 13 33 68 40 26 25 87 40 50 30 24 22 29
run=11 seed=10 k=88 f=0
55 12 30 68 87 0 67 86 67 43 18 45 79 61 39 19 67 81 2 35 4 41 1 56 82 48 45 23 86 86 34 30 30 35 73 52 13 51 27 0 11 23 21 72 11 63 64 54 6 38 1 24 21 53 62 78 41 87 68 70 87 58 25 13 6 14 4 36 48 77 28 76 60 50 0 14 86 36 87 18 62 81 31 70 57 70 75 27 77 56 7 79 61 5 49 44 72 31 36 40
run=12 seed=11 k=88 f=0
51 61 11 11 73 7 73 0 73 0 78 81 30 17 43 77 66 23 27 32 49 24 61 38 31 6 60 82 7 69 84 86 19 37 44 9 60 14 87 36 1 20 51 29 3 5 0 45 27 16 77 61 54 53 83 62 10 75 57 65 35 16 85 59 45 22 14 56 2 30 0 22 73 87 45 80 54 48 13 2 35 67 36 69 41 55 87 22 24 77 66 7 11 44 84 27 34 42 84 70
run=13 seed=12 k=88 f=0
56 35 34 47 67 52 77 87 65 44 25 10 7 60 46 1 7 67 79 34 43 56 12 18 38 32 67 17 82 57 42 22 87 80 19 64 2 60 38 33 26 71 28 17 60 61 85 85 82 74 0 19 16 8 2 43 38 70 79 51 0 28 13 39 12 34 53 8 14 8 87 22 25 52 55 29 26 32 5 40 87 50 73 19 62 78 46 84 6 22 25 72 59 87 18 50 12 39 41 8
run=14 seed=13 k=88 f=0
5 56 18 23 75 64 16 24 52 27 14 63 54 73 35 68 0 76 57 87 44 31 81 82 10 53 37 62 21 51 32 81 0 58 85 2 19 15 43 76 16 62 49 87 1 87 25 20 8 26 66 41 81 33 30 37 50 42 73 76 71 22 73 41 70 7 83 37 23 0 87 33 36 27 64 41 45 60 53 45 15 6 82 7 0 14 17 8 30 11 69 35 22 56 47 80 86 48 2 0
run=15 seed=14 k=88 f=0
3 36 52 58 70 68 34 62 55 66 46 29 10 71 85 42 33 46 4 37 57 68 3 0 60 68 66 28 3 43 40 30 56 15 40 49 14 39 7 70 20 51 73 10 50 62 14 22 43 12 9 25 56 62 85 0 80 23 77 0 87 10 6 26 80 47 68 72 86 77 62 38 21 78 2 25 60 27 64 71 20 11 87 53 1 47 77 87 53 18 33 23 64 20 27 32 52 5 13 31
run=16 seed=15 k=88 f=0
86 21 8 39 41 87 82 15 80 7 10 51 1 20 19 14 66 51 21 20 0 43 12 29 45 75 0 49 56 76 86 74 74 23 68 64 42 38 78 27 50 37 0 44 2 68 32 66 0 27 65 41 45 86 62 5 54 59 49 34 37 25 30 82 56 50 2 82 59 58 7 76 86 81 16 15 13 87 81 44 29 7 24 71 68 10 57 17 12 34 36 87 65 16 57 31 7 11 73 76
run=17 seed=16 k=88 f=0
3 49 65 69 25 18 31 75 87 56 85 62 14 5 28 37 59 50 53 69 60 73 7 32 44 80 60 63 75 44 39 81 57 57 36 12 78 39 9 20 12 29 30 11 8 41 45 0 70 43 26 57 17 71 86 67 13 87 52 17 25 29 40 72 23 50 13 66 8 81 65 50 87 7 8 87 60 1 38 77 1 44 80 15 18 48 34 19 83 0 68 45 40 85 76 1 49 1 67 26
run=18 seed=17 k=88 f=0
34 70 77 32 35 35 81 78 9 77 83 40 38 72 51 53 9 87 74 18 1 61 14 20 3 63 77 86 7 8 83 40 80 58 52 32 60 44 14 19 15 66 5 13 30 69 42 70 26 0 50 46 74 15 73 85 6 3 47 66 55 83 25 28 51 56 61 38 10 43 80 50 16 45 37 78 2 59 73 0 23 86 18 20 28 12 46 87 23 52 27 36 72 24 12 66 24 87 72 63
run=19 seed=18 k=88 f=0
38 50 81 10 71 86 55 72 14 6 66 26 13 66 52 39 54 47 29 15 59 19 35 59 48 0 2 61 5 76 28 10 79 56 61 3 69 35 48 86 17 53 14 0 63 7 42 44 45 32 52 20 87 21 77 7 45 20 42 14 11 73 26 65 20 63 70 87 87 33 40 53 61 33 21 36 30 87 30 69 80 0 75 27 75 43 72 25 84 8 0 5 24 31 0 83 40 79 36 19
run=20 seed=19 k=88 f=0
21 75 29 79 47 39 41 25 68 41 80 81 66 32 57 1 87 23 58 70 18 40 29 54 77 66 42 74 73 69 48 87 38 3 5 61 14 86 55 87 59 35 71 12 36 1 77 7 36 44 25 51 18 24 49 18 66 30 4 28 53 45 47 58 35 30 2 86 50 34 30 56 10 77 78 15 64 86 58 27 10 77 80 15 26 9 0 17 16 7 48 44 19 69 19 63 2 71 27 0
