run=1 seed=0 k=106 f=0
19 2 71 0 85 47 60 36 59 29 0 101 66 67 13 14 34 12 61 22 64 105 95 83 52 94 36 101 21 73 88 49 76 84 105 87 83 4 102 48 60 79 63 55 72 25 102 100 69 78 97 40 7 42 30 91 95 58 56 25 59 37 22 101 52 10 8 83 37 45 44 9 16 3 52 17 66 53 89 24 30 6 76 20 99 32 26 17 90 0 90 10 40 0 99 71 11 39 50 17
run=2 seed=1 k=106 f=0
19 2 71 0 85 47 60 36 59 29 0 101 66 67 13 14 34 12 61 22 64 105 95 83 52 94 36 101 21 73 88 49 76 84 105 87 83 4 102 48 60 79 63 55 72 25 102 100 69 78 97 40 7 42 30 91 95 58 56 25 59 37 22 101 52 10 8 83 37 45 44 9 16 3 52 17 66 53 89 24 30 6 76 20 99 32 26 17 90 0 90 10 40 0 99 71 11 39 50 17
run=3 seed=2 k=106 f=0
34 105 39 95 103 0 34 89 31 81 94 93 60 13 27 85 0 35 94 28 46 17 39 11 67 61 25 68 42 57 31 76 16 73 87 2 22 42 36 53 81 3 24 8 1 1 94 72 68 85 2 56 101 66 104 62 49 98 56 100 11 26 91 92 50 97 80 50 37 66 55 9 42 89 18 98 86 37 103 70 10 23 15 6 70 46 76 105 69 51 77 14 5 41 34 82 71 32 9 55
run=4 seed=3 k=106 f=0
104 91 32 8 45 86 24 68 25 48 26 2 81 83 54 57 52 105 16 65 32 78 22 87 86 29 78 35 102 26 20 100 41 81 34 63 65 27 90 87 33 53 13 48 94 23 11 72 36 9 63 36 86 24 58 39 61 97 16 36 45 26 63 93 47 97 65 6 85 38 22 78 100 73 0 91 2 47 105 34 69 0 32 35 43 16 73 102 7 65 7 5 90 18 73 98 2 57 82 17
run=5 seed=4 k=106 f=0
98 15 4 52 71 3 95 60 24 21 6 5 70 30 26 0 17 53 41 39 103 44 40 98 47 100 69 4 17 78 10 25 60 46 55 52 30 98 104 12 39 65 28 81 96 52 40 38 46 69 59 43 27 79 65 90 19 91 94 78 60 65 76 88 34 50 79 33 57 28 2 71 92 104 78 4 103 14 48 44 11 34 63 10 84 82 37 5 68 43 36 70 16 57 6 20 48 83 53 11
run=6 seed=5 k=106 f=0
33 47 80 18 68 74 76 51 21 92 16 10 16 88 70 77 42 0 6 55 22 105 77 89 46 14 72 49 26 55 77 13 28 88 86 38 74 33 42 56 11 72 61 39 98 86 47 83 21 93 97 43 33 59 20 3 105 95 91 57 72 67 70 105 81 93 96 31 64 64 27 104 59 64 52 26 51 5 37 99 33 50 64 10 2 79 83 33 16 68 40 100 61 15 85 69 1 1 6 27
run=7 seed=6 k=106 f=0
95 48 30 34 104 19 38 8 98 45 31 103 57 65 45 59 38 13 13 62 70 35 70 48 37 0 0 30 91 93 103 6 14 59 68 27 6 33 50 64 19 82 24 2 73 51 95 10 94 20 84 54 66 40 96 71 0 22 44 18 8 0 24 49 66 40 9 51 53 73 89 72 81 39 74 17 56 63 91 30 98 25 84 41 12 74 56 11 23 84 85 105 92 85 28 77 52 33 97 105
run=8 seed=7 k=106 f=0
15 39 79 79 62 73 22 47 39 77 11 103 96 96 31 89 100 42 82 40 66 5 19 2 61 76 100 87 1 28 55 16 46 28 92 79 71 94 21 2 11 105 62 52 23 53 58 57 93 67 87 9 34 43 11 85 8 62 24 97 15 47 90 20 69 25 68 1 97 49 49 30 26 83 87 52 0 72 58 87 32 73 10 103 85 21 58 41 80 4 105 77 79 38 14 2 64 8 45 101
run=9 seed=8 k=106 f=0
28 48 53 23 97 35 96 89 63 65 24 39 32 8 103 90 90 26 42 49 18 28 51 80 18 54 12 46 89 45 33 10 9 15 86 1 95 67 59 2 58 0 103 79 61 49 9 44 21 12 70 52 69 75 49 22 66 86 69 6 61 52 77 3 4 13 79 74 80 32 96 13 105 74 38 26 5 1 33 16 105 57 88 83 100 56 78 92 68 18 66 41 41 103 37 74 100 30 43 96
run=10 seed=9 k=106 f=0
32 3 5 27 68 23 75 46 73 49 36 44 94 73 39 50 9 104 86 91 67 39 105 85 79 0 6 15 3 67 42 21 21 79 51 86 102 97 58 60 55 7 88 62 6 27 50 13 19 63 93 14 91 41 40 4 77 81 47 93 99 27 34 49 67 85 62 17 105 15 72 0 54 12 26 60 32 49 74 57 98 31 103 19 14 71 36 100 45 57 4 0 64 70 101 29 82 75 36 75
run=11 seed=10 k=106 f=0
8 7 97 29 68 75 86 3 35 61 57 98 48 37 38 100 47 2 48 97 90 32 83 5 94 12 62 24 92 90 70 79 0 86 34 40 65 21 47 74 98 104 69 27 86 19 82 10 54 73 48 6 27 57 43 53 4 105 68 56 62 0 69 57 12 96 100 71 43 73 95 31 85 86 35 84 0 54 26 69 11 20 60 29 0 29 104 41 29 79 97 37 59 39 20 102 16 3 14 104
run=12 seed=11 k=106 f=0
95 31 75 7 87 62 45 49 33 41 74 88 48 48 37 15 80 87 75 65 85 98 17 54 65 40 44 4 25 78 0 59 61 78 66 76 54 26 15 12 66 93 100 8 0 81 24 41 97 105 15 34 71 32 35 84 103 69 12 35 61 81 69 18 89 1 60 52 0 36 11 28 23 0 49 80 95 25 26 88 50 41 13 69 105 99 3 105 98 58 19 41 75 73 102 58 94 46 20 105
run=13 seed=12 k=106 f=0
24 90 50 87 60 14 55 92 4 86 104 28 75 28 62 4 35 93 49 78 14 36 98 105 41 85 73 51 88 62 59 72 45 31 76 81 36 47 41 82 48 20 69 7 22 69 105 90 56 43 18 102 11 95 103 59 12 102 29 100 72 62 99 77 19 36 14 30 58 42 62 92 1 2 25 44 72 24 93 54 105 83 51 10 49 17 99 95 76 17 89 2 34 8 79 85 4 19 35 24
run=14 seed=13 k=106 f=0
59 75 18 61 36 16 22 105 37 19 32 87 74 92 31 99 4 13 64 61 83 57 83 34 91 99 17 102 13 82 53 28 94 69 21 8 11 6 89 80 8 49 58 34 0 65 10 84 38 48 102 47 79 78 81 25 96 24 71 69 26 38 68 40 76 0 55 25 1 3 105 96 17 105 88 87 49 54 92 13 42 15 60 95 102 45 64 69 3 29 5 46 52 49 12 19 41 55 76 73
run=15 seed=14 k=106 f=0
64 32 19 20 14 50 44 43 95 85 38 104 105 72 70 38 101 0 99 52 94 17 19 98 46 46 39 0 81 1 34 26 39 89 22 51 29 105 73 9 8 70 57 43 1 55 79 38 15 72 63 5 62 82 14 29 54 19 62 62 83 22 64 31 82 87 67 31 1 49 40 77 5 91 22 33 101 30 21 16 8 46 58 67 105 83 92 73 103 86 48 6 56 93 11 26 53 37 89 6
run=16 seed=15 k=106 f=0
93 65 83 87 94 14 78 42 71 66 1 104 21 30 36 45 45 32 15 44 33 4 75 1 55 62 77 9 63 24 4 59 100 104 32 97 32 5 52 62 103 52 58 39 87 4 15 62 10 1 47 43 27 80 93 99 8 43 96 26 77 11 92 71 33 50 54 74 87 67 39 84 89 71 16 72 1 94 16 11 103 23 86 85 76 51 53 33 9 101 79 68 91 1 99 21 13 19 21 26
run=17 seed=16 k=106 f=0
102 60 73 19 71 1 71 65 71 20 58 9 50 47 0 66 13 40 82 41 80 45 26 84 28 102 28 88 97 102 6 20 9 48 24 105 83 89 82 62 79 2 71 61 12 19 21 25 0 88 66 31 56 57 9 55 14 30 71 76 23 88 96 81 36 46 39 0 10 7 96 70 77 92 65 86 37 56 101 23 96 33 86 17 90 77 34 45 91 28 39 25 70 57 42 2 36 43 11 102
run=18 seed=17 k=106 f=0
61 83 62 19 29 101 81 19 85 0 53 3 97 24 55 105 0 8 18 17 0 27 45 40 33 105 49 40 45 104 66 11 84 96 84 37 91 1 10 105 12 47 85 48 41 27 4 56 21 93 34 91 61 97 26 40 74 45 80 94 46 73 21 17 75 31 59 22 91 74 55 53 12 65 74 24 18 5 105 29 59 36 4 67 71 73 30 88 15 40 14 31 7 83 5 42 56 78 30 73
run=19 seed=18 k=106 f=0
19 30 9 0 13 88 55 62 43 35 1 3 32 28 70 95 0 32 31 95 10 83 87 105 66 99 36 101 45 96 75 64 55 96 42 59 74 24 34 11 59 88 5 59 54 65 82 33 80 66 18 34 47 3 42 69 73 90 37 8 90 43 92 73 103 51 24 17 56 71 105 51 18 25 55 20 16 48 26 20 104 48 1 81 70 41 9 8 0 21 82 16 5 80 87 52 90 37 104 77
run=20 seed=19 k=106 f=0
35 4 91 1 82 51 0 3 58 73 61 61 41 68 91 97 53 81 105 95 39 55 20 84 0 1 62 48 9 12 41 87 13 73 23 104 98 92 13 83 23 0 35 3 77 53 13 100 38 10 91 85 87 57 63 30 47 66 24 26 68 49 7 105 42 20 56 67 9 102 44 17 77 0 20 77 40 33 51 21 18 31 83 26 70 75 97 47 24 30 104 86 61 9 37 100 81 29 64 76
