run=1 seed=0 k=102 f=0
2 100 51 85 83 77 88 23 16 19 53 18 43 19 98 22 96 30 56 82 29 8 87 35 13 87 26 55 31 76 69 88 73 42 23 83 37 13 101 82 3 14 83 23 2 91 32 98 0 64 95 1 40 38 68 57 6 50 0 75 25 92 6 3 2 35 10 39 69 65 75 99 48 65 55 60 44 14 21 89 48 98 66 92 43 6 11 55 56 79 24 63 32 48 61 34 46 72 48 91
run=2 seed=1 k=102 f=0
2 100 51 85 83 77 88 23 16 19 53 18 43 19 98 22 96 30 56 82 29 8 87 35 13 87 26 55 31 76 69 88 73 42 23 83 37 13 101 82 3 14 83 23 2 91 32 98 0 64 95 1 40 38 68 57 6 50 0 75 25 92 6 3 2 35 10 39 69 65 75 99 48 65 55 60 44 14 21 89 48 98 66 92 43 6 11 55 56 79 24 63 32 48 61 34 46 72 48 91
run=3 seed=2 k=102 f=0
100 55 32 89 27 79 90 48 17 9 62 6 33 7 8 99 88 53 51 73 28 0 65 5 2 15 80 21 66 41 38 78 74 18 65 86 64 27 11 83 94 35 73 44 88 49 76 69 98 69 50 79 31 2 92 34 86 1 20 21 22 42 57 62 97 88 49 31 48 100 9 91 78 23 1 96 2 67 89 48 59 11 25 38 101 56 47 14 23 101 95 3 41 50 74 84 19 39 13 15
run=4 seed=3 k=102 f=0
25 97 48 96 64 67 46 100 79 77 40 17 36 88 82 15 40 31 79 61 28 66 4 6 45 60 84 59 6 22 51 6 94 43 21 37 64 24 18 0 0 46 52 59 100 43 69 13 80 48 41 25 10 33 87 35 96 73 101 71 25 1 97 16 73 3 55 56 76 68 2 98 89 29 101 69 28 47 21 101 89 56 50 64 0 54 69 60 85 75 15 8 65 10 26 81 16 55 36 96
run=5 seed=4 k=102 f=0
31 22 58 101 13 37 63 44 74 77 56 45 52 94 0 78 100 34 32 23 101 51 60 18 13 69 66 86 54 2 78 59 40 9 25 10 92 88 77 18 28 66 58 0 44 5 34 16 36 91 42 23 16 84 18 99 39 59 44 88 62 97 27 80 0 53 3 23 13 54 41 69 76 76 50 53 83 82 34 8 3 94 5 27 80 100 3 35 45 24 26 96 92 3 72 69 9 84 93 71
run=6 seed=5 k=102 f=0
21 23 67 90 68 73 70 46 7 79 6 6 75 24 64 32 34 20 100 32 65 83 57 69 87 64 0 1 38 43 7 57 40 55 45 43 35 80 13 86 59 18 93 11 41 55 57 49 49 88 81 10 15 89 30 99 0 95 101 96 57 1 40 47 24 60 91 15 40 19 9 68 71 27 0 27 34 100 92 50 11 77 86 38 50 6 97 33 0 76 16 86 83 29 62 70 94 79 59 2
run=7 seed=6 k=102 f=0
51 92 82 58 74 6 40 51 34 16 24 80 63 47 28 63 94 76 11 88 9 44 40 0 31 44 42 84 29 12 58 54 14 27 0 73 0 14 92 71 5 69 68 42 87 88 57 88 101 6 87 100 15 82 100 80 95 97 1 6 65 97 1 56 35 60 62 70 77 27 38 61 51 21 85 44 73 51 49 93 20 35 50 0 98 80 24 101 9 32 45 61 5 39 46 82 74 31 79 21
run=8 seed=7 k=102 f=0
11 24 53 73 11 39 74 7 78 19 17 1 97 69 37 70 21 80 62 55 10 59 51 56 6 101 65 26 25 37 45 83 66 98 28 35 33 0 85 58 13 76 58 11 17 75 46 55 52 73 1 59 30 54 25 19 3 44 27 29 94 93 14 36 31 28 36 43 95 95 5 101 43 90 64 101 92 28 1 11 46 37 6 47 68 19 13 84 97 91 0 39 83 52 76 75 78 84 5 71
run=9 seed=8 k=102 f=0
16 82 48 59 81 84 76 97 21 47 67 21 10 35 58 43 84 36 31 47 15 28 51 42 76 7 101 5 1 85 45 72 86 79 23 50 52 68 13 99 14 54 50 61 89 79 73 46 65 93 67 54 31 11 2 38 94 0 87 67 41 4 12 101 57 29 42 22 36 26 59 90 0 36 20 42 9 52 98 20 62 2 70 88 78 72 74 4 86 55 27 21 96 33 101 32 78 12 11 97
run=10 seed=9 k=102 f=0
90 10 43 27 10 91 92 40 56 19 101 75 28 67 97 4 35 12 37 25 45 57 79 67 59 44 6 33 10 43 91 20 0 21 97 37 101 30 12 68 22 53 55 61 50 41 84 3 53 69 81 82 5 83 101 82 1 80 63 84 19 42 78 0 72 24 64 69 33 17 87 2 28 17 79 41 48 53 15 85 91 71 39 64 81 9 96 99 17 24 60 4 39 10 28 94 57 62 43 17
run=11 seed=10 k=102 f=0
7 0 55 41 84 78 89 25 30 101 35 101 82 4 42 49 82 2 94 1 42 11 91 4 27 57 84 77 58 18 92 65 61 60 59 88 31 40 94 91 67 74 85 34 15 20 46 94 5 95 99 48 14 37 18 49 46 70 55 80 70 37 59 75 74 4 38 1 19 51 31 48 23 11 48 13 14 92 101 36 4 28 42 100 84 52 39 75 1 65 99 47 25 61 70 8 27 63 16 101
run=12 seed=11 k=102 f=0
44 55 10 5 21 0 73 31 65 19 2 69 101 66 89 16 61 92 59 36 101 64 37 81 35 0 89 28 36 98 17 46 5 5 52 3 0 40 46 52 28 27 58 52 1 21 96 45 90 77 55 7 51 92 26 80 66 34 13 24 42 74 4 70 67 97 60 48 87 72 85 84 27 73 35 41 23 49 52 57 80 5 13 18 71 14 13 40 22 101 64 79 77 7 94 96 78 99 42 62
run=13 seed=12 k=102 f=0
80 20 2 16 49 18 41 63 31 0 40 101 7 56 101 92 0 61 0 21 6 32 66 80 85 17 2 37 93 43 67 45 54 23 86 40 93 51 74 23 26 12 13 33 68 47 101 71 58 26 74 8 35 38 79 5 60 32 54 60 48 4 55 89 84 39 24 76 65 66 73 13 84 86 98 75 88 98 80 36 101 26 100 36 90 63 8 57 50 41 16 99 46 44 37 1 84 69 77 57
run=14 seed=13 k=102 f=0
63 8 51 96 33 41 31 71 20 41 4 67 94 101 29 87 70 31 74 85 69 78 19 32 81 46 63 12 17 0 85 44 44 97 5 21 79 62 47 3 76 96 2 68 59 35 25 96 27 100 48 89 2 64 19 29 81 56 18 37 60 0 52 77 37 12 2 20 36 21 52 48 83 101 11 55 1 11 62 76 12 25 74 87 50 68 37 41 98 57 85 12 60 93 68 27 24 14 56 82
run=15 seed=14 k=102 f=0
79 66 9 12 79 20 83 49 39 37 12 93 44 72 26 24 97 78 0 65 50 79 69 29 10 1 46 16 11 99 63 42 94 101 50 101 67 13 32 101 24 18 63 40 84 20 63 72 39 59 35 51 70 70 92 80 94 11 35 72 10 32 16 52 69 8 34 45 98 2 25 58 48 2 33 29 31 71 75 17 59 8 46 5 86 57 84 80 69 16 35 56 85 0 97 41 85 29 61 57
run=16 seed=15 k=102 f=0
36 14 75 24 86 99 66 93 79 58 1 44 62 26 88 60 77 91 52 13 85 74 3 85 76 1 58 8 90 6 41 37 18 44 70 52 23 35 28 0 67 78 6 1 43 98 13 28 63 20 15 37 10 18 15 57 96 54 66 4 35 20 42 27 70 88 80 30 47 35 68 13 87 79 57 56 45 44 32 0 27 5 14 80 100 28 100 94 4 49 71 20 99 88 100 54 82 72 57 67
run=17 seed=16 k=102 f=0
97 71 81 34 15 17 19 37 92 60 81 60 101 58 78 63 18 11 81 48 0 94 69 50 42 67 26 21 47 0 101 28 31 51 62 34 52 82 97 2 14 76 91 101 90 69 25 9 98 4 72 9 49 96 0 63 43 85 37 100 88 3 26 74 21 43 37 52 16 61 43 28 79 38 57 85 88 94 100 72 8 53 72 31 66 62 26 81 73 34 15 59 46 15 76 7 87 11 49 54
run=18 seed=17 k=102 f=0
64 74 95 47 61 11 19 93 77 35 31 57 5 6 33 21 67 78 48 21 98 38 81 37 54 53 21 100 91 92 100 1 46 17 22 49 25 50 42 81 57 53 27 62 93 12 74 20 85 96 30 31 44 87 88 37 37 91 62 101 11 10 1 6 79 55 57 82 45 73 61 42 29 71 36 70 28 83 75 63 79 14 95 101 90 55 20 0 9 14 19 0 95 19 68 68 78 3 48 44
run=19 seed=18 k=102 f=0
46 11 56 34 84 12 45 70 54 33 64 93 8 49 96 89 75 36 100 85 96 26 47 100 12 101 25 22 30 63 39 35 66 58 58 77 16 78 45 2 9 69 21 86 21 37 80 23 48 5 86 12 20 28 49 101 1 27 56 2 85 43 82 66 95 39 24 77 19 72 43 82 57 59 92 91 70 0 8 16 50 78 3 0 41 51 29 43 86 12 78 14 85 55 66 31 68 70 2 31
run=20 seed=19 k=102 f=0
61 101 94 73 61 33 77 1 46 88 52 88 78 60 68 3 56 100 20 92 23 56 47 54 70 19 98 18 23 44 91 65 12 11 33 16 72 66 83 32 84 40 89 1 85 101 73 10 78 0 0 101 9 10 51 78 88 23 14 28 64 11 93 81 18 101 34 37 83 8 28 52 48 5 72 97 88 17 5 34 48 74 63 36 32 91 94 63 88 45 41 75 27 79 96 45 30 39 1 25
