run=1 seed=0 k=80 f=0
14 12 52 16 37 64 22 50 72 76 60 59 47 0 0 79 56 34 6 20 53 24 43 27 11 25 62 63 27 75 76 33 19 21 23 1 39 57 68 26 48 1 8 79 19 53 10 23 32 79 9 6 7 48 45 32 74 78 70 46 49 29 44 0 14 4 46 68 43 54 62 5 70 69 15 57 39 41 79 65 62 14 51 74 8 34 40 2 34 67 9 29 74 54 0 38 35 19 14 16
run=2 seed=1 k=80 f=0
14 12 52 16 37 64 22 50 72 76 60 59 47 0 0 79 56 34 6 20 53 24 43 27 11 25 62 63 27 75 76 33 19 21 23 1 39 57 68 26 48 1 8 79 19 53 10 23 32 79 9 6 7 48 45 32 74 78 70 46 49 29 44 0 14 4 46 68 43 54 62 5 70 69 15 57 39 41 79 65 62 14 51 74 8 34 40 2 34 67 9 29 74 54 0 38 35 19 14 16
run=3 seed=2 k=80 f=0
7 41 50 1 79 71 64 65 25 15 79 12 26 66 48 8 45 64 49 34 1 60 9 79 1 54 9 71 56 19 14 75 17 39 22 50 22 79 30 78 74 54 49 25 16 43 36 33 61 78 44 5 36 62 14 58 13 33 46 79 69 26 16 31 0 8 21 67 67 28 8 54 27 68 0 4 42 51 22 39 37 28 51 23 11 0 18 62 77 72 57 56 65 40 57 72 32 3 41 0
run=4 seed=3 k=80 f=0
8 22 41 0 68 66 50 7 58 0 40 35 54 59 33 62 20 61 0 10 77 54 78 60 70 38 50 59 1 69 12 15 20 43 51 5 51 77 70 66 32 58 0 32 9 27 77 74 58 79 41 24 0 34 25 14 79 41 48 79 13 28 4 8 51 39 13 53 67 15 69 18 45 13 52 4 2 7 31 44 42 24 25 34 0 0 29 23 33 73 73 59 10 43 36 17 78 72 76 51
run=5 seed=4 k=80 f=0
23 17 11 45 29 59 25 0 47 74 53 53 50 58 11 79 50 64 40 5 38 49 69 70 1 0 0 45 6 54 16 10 36 76 62 3 78 52 12 69 38 45 6 46 70 16 22 7 62 79 78 51 21 21 16 35 72 58 76 30 70 62 65 39 67 26 75 19 27 30 57 9 43 43 30 34 68 8 16 79 56 0 16 24 63 27 10 21 16 73 2 33 20 40 47 45 67 35 65 79
run=6 seed=5 k=80 f=0
33 53 59 70 6 58 0 42 15 17 27 37 55 30 10 22 12 23 38 40 33 75 79 49 47 70 58 73 52 79 1 2 41 33 52 15 59 78 21 48 41 79 15 51 69 76 77 46 21 30 22 15 47 14 65 1 71 0 9 30 0 10 33 5 71 69 24 57 67 0 40 68 63 28 56 30 35 34 51 4 59 45 26 48 18 66 79 15 42 36 20 2 31 2 79 59 66 7 61 11
run=7 seed=6 k=80 f=0
55 22 51 14 23 19 62 7 27 66 0 9 23 10 61 69 44 59 0 19 39 5 68 58 59 79 66 31 0 78 33 14 9 74 70 76 79 0 65 44 40 79 31 12 78 17 8 35 61 16 21 25 28 43 40 55 32 0 47 37 36 49 0 23 24 69 14 10 28 49 67 26 0 35 7 4 4 29 9 42 53 62 46 48 71 51 53 6 75 71 72 57 79 2 21 14 55 70 35 79
run=8 seed=7 k=80 f=0
42 67 19 12 78 25 58 57 66 19 61 73 0 74 13 34 70 28 0 50 3 58 46 30 78 44 2 75 42 58 35 74 25 64 38 41 6 46 39 65 65 9 18 70 24 19 76 52 0 61 49 14 79 18 78 5 29 34 37 63 13 12 10 37 10 41 29 40 25 21 51 27 33 46 6 55 60 72 79 64 46 65 16 0 16 79 22 39 71 55 55 31 38 0 52 72 26 54 50 33
run=9 seed=8 k=80 f=0
59 27 31 33 19 30 62 55 66 79 79 6 46 0 18 0 48 6 69 22 7 17 4 15 32 72 50 33 57 3 19 40 64 63 6 45 43 16 10 0 41 13 45 54 13 74 23 79 22 14 26 27 31 50 77 40 62 27 65 61 79 74 2 25 26 21 44 23 56 61 54 17 65 36 39 73 5 69 35 24 78 29 48 33 47 55 0 79 76 60 9 71 78 50 42 2 9 57 17 68
run=10 seed=9 k=80 f=0
79 27 51 47 69 13 21 58 77 48 22 4 21 57 43 42 25 16 79 59 35 16 11 39 23 79 66 30 29 29 0 64 68 36 61 58 25 24 2 52 21 28 75 30 32 74 40 3 18 33 12 38 63 19 6 67 38 14 45 11 72 75 18 56 43 52 78 59 8 57 0 66 50 33 43 74 44 6 79 51 53 0 35 64 70 59 10 79 65 69 0 13 77 37 2 51 41 40 52 79
run=11 seed=10 k=80 f=0
14 6 41 17 19 16 38 67 63 45 8 62 10 1 28 26 9 19 66 79 50 18 47 72 20 65 5 54 63 62 47 58 19 78 30 32 7 31 0 78 31 14 43 62 79 69 11 45 17 0 78 17 56 45 4 56 5 48 29 52 46 71 77 51 49 7 28 9 0 36 71 27 79 0 36 53 35 24 42 45 37 74 24 12 66 58 25 52 50 75 38 58 66 0 40 23 21 39 69 71
run=12 seed=11 k=80 f=0
38 15 56 0 69 66 28 73 33 3 51 4 33 63 8 64 13 35 79 5 45 56 47 27 53 0 68 17 33 59 79 0 63 54 4 36 49 27 1 24 17 60 79 8 42 13 48 2 20 50 7 77 41 20 17 48 51 71 79 72 76 23 9 71 10 57 14 34 70 50 7 79 67 0 60 42 76 79 16 18 32 10 15 42 25 54 29 38 40 23 43 33 77 62 10 64 54 57 52 41
run=13 seed=12 k=80 f=0
38 57 57 30 31 19 69 33 58 24 54 69 34 67 56 22 72 6 10 34 75 30 26 53 79 54 61 47 1 79 22 1 65 59 19 48 60 78 23 11 9 26 50 72 68 50 5 66 38 63 38 78 29 52 28 44 70 77 9 14 79 42 34 15 12 7 17 60 44 2 22 3 11 25 44 79 37 70 67 11 37 61 27 68 18 43 0 18 54 35 0 2 73 52 33 40 48 19 41 0
run=14 seed=13 k=80 f=0
46 62 69 33 11 60 32 79 19 54 32 29 41 72 61 49 41 63 70 5 25 9 67 57 66 32 66 73 7 75 14 0 14 0 29 39 0 72 21 22 27 65 55 17 40 53 0 28 10 23 40 56 58 79 37 45 45 68 42 14 2 23 41 8 12 6 75 75 73 7 15 60 48 34 79 21 52 47 16 29 58 35 69 28 53 5 69 17 46 51 79 66 49 35 2 47 0 76 10 78
run=15 seed=14 k=80 f=0
10 17 55 42 66 3 7 10 22 58 38 6 6 34 36 71 41 34 19 49 7 53 59 69 79 21 77 66 12 0 4 31 17 79 8 38 73 70 32 0 60 1 53 23 48 42 3 78 32 0 19 57 12 79 16 58 52 27 68 0 76 12 38 7 21 30 66 24 22 53 27 20 67 51 60 36 12 12 14 47 60 44 48 44 77 62 49 33 29 73 79 0 72 34 64 63 46 57 40 41
run=16 seed=15 k=80 f=0
78 73 1 37 5 20 34 77 48 37 68 31 73 5 33 10 28 17 49 38 29 52 53 0 0 0 10 45 54 54 35 21 7 25 24 3 70 41 56 0 43 14 63 29 57 38 56 1 51 67 20 23 79 62 6 70 33 24 58 25 43 45 78 74 32 35 74 74 79 71 35 9 21 15 57 0 10 79 47 42 41 71 59 50 7 63 11 28 9 47 50 0 20 62 16 13 74 60 58 52
run=17 seed=16 k=80 f=0
18 11 57 0 30 59 70 0 66 59 70 60 79 13 0 4 9 28 66 24 64 28 21 56 79 79 28 68 44 19 23 56 62 76 79 76 50 67 19 40 62 0 40 22 35 72 77 8 16 0 78 33 43 44 14 30 9 31 49 47 53 70 24 48 51 46 61 26 36 67 21 1 68 6 61 61 38 38 79 71 21 73 76 6 15 14 34 47 3 71 23 59 52 10 17 32 53 25 11 1
run=18 seed=17 k=80 f=0
13 54 45 79 21 79 65 60 18 45 56 44 79 2 31 29 9 55 53 21 42 72 24 28 66 41 14 4 43 5 30 16 63 6 37 4 27 22 39 73 23 48 45 61 39 1 77 30 69 25 56 15 50 70 35 52 5 52 34 21 79 9 57 74 13 41 5 0 0 36 15 60 34 37 0 27 71 46 67 55 79 60 3 66 9 9 61 66 24 19 20 78 43 34 76 29 73 18 48 13
run=19 seed=18 k=80 f=0
40 16 6 16 50 8 7 26 55 13 67 29 45 18 5 8 32 43 66 79 1 55 69 71 58 72 30 20 1 0 79 46 77 52 79 68 1 33 73 52 7 60 19 27 77 35 66 19 62 0 63 76 20 16 77 40 40 68 11 36 79 20 26 65 13 70 38 47 34 79 26 75 39 16 12 5 50 39 51 11 25 73 79 5 20 26 49 50 54 56 59 39 36 66 28 60 44 9 28 60
run=20 seed=19 k=80 f=0
24 6 41 20 52 25 41 19 33 37 79 47 13 17 4 24 8 30 9 20 31 16 27 47 31 44 77 44 1 10 55 75 52 68 25 40 9 78 0 32 41 3 39 18 41 61 77 11 15 0 31 11 35 35 4 55 16 79 39 79 70 53 2 51 32 45 20 15 54 69 22 0 55 20 62 70 0 57 10 29 61 46 74 13 66 39 79 1 56 73 68 47 60 63 3 59 66 26 74 65
