run=1 seed=0 k=110 f=0
83 75 17 35 12 15 66 72 103 1 52 109 55 69 73 107 20 76 2 71 22 8 27 99 92 50 27 43 47 45 109 62 32 58 29 97 26 97 39 92 93 43 23 89 70 0 48 64 57 65 60 55 103 90 106 83 68 48 14 51 32 15 4 37 6 45 76 79 100 67 83 65 42 15 2 6 34 81 85 20 36 78 54 46 1 64 11 6 14 29 107 30 86 37 59 90 84 86 104 72
run=2 seed=1 k=110 f=0
83 75 17 35 12 15 66 72 103 1 52 109 55 69 73 107 20 76 2 71 22 8 27 99 92 50 27 43 47 45 109 62 32 58 29 97 26 97 39 92 93 43 23 89 70 0 48 64 57 65 60 55 103 90 106 83 68 48 14 51 32 15 4 37 6 45 76 79 100 67 83 65 42 15 2 6 34 81 85 20 36 78 54 46 1 64 11 6 14 29 107 30 86 37 59 90 84 86 104 72
run=3 seed=2 k=110 f=0
68 19 28 5 1 38 94 52 60 27 95 59 27 53 94 13 36 45 37 0 55 82 69 15 50 22 70 80 76 33 3 106 37 2 19 39 12 27 33 21 107 7 70 77 93 75 6 0 69 109 84 20 99 86 100 16 100 103 36 5 29 70 43 11 106 86 107 108 46 56 92 33 6 5 62 30 46 97 69 76 74 63 98 79 15 85 53 42 37 82 57 63 45 100 20 41 94 45 81 55
run=4 seed=3 k=110 f=0
66 49 18 60 25 50 2 106 81 44 98 101 98 49 74 11 42 100 101 66 109 62 108 78 107 11 95 57 31 39 104 94 36 3 46 74 109 93 35 8 24 87 72 67 3 17 11 32 84 0 3 12 64 77 31 60 16 45 19 40 35 31 71 109 55 7 23 52 54 13 18 79 93 29 78 61 42 105 80 56 69 36 96 84 4 0 26 68 101 58 84 26 26 18 76 43 75 53 56 105
run=5 seed=4 k=110 f=0
54 53 84 46 11 67 65 17 48 105 109 44 92 55 69 19 108 49 1 99 7 103 78 57 7 58 3 2 0 80 87 33 41 24 79 62 101 7 33 32 71 40 76 20 66 61 62 108 6 71 97 9 37 107 104 82 50 85 81 57 26 27 21 92 53 97 23 79 59 66 1 16 87 11 16 27 3 104 20 6 73 94 57 42 47 50 99 35 106 31 23 64 100 39 88 86 26 79 55 35
run=6 seed=5 k=110 f=0
55 68 100 72 72 47 83 99 65 81 33 48 12 93 21 27 0 94 98 66 104 85 59 28 11 30 64 101 22 109 43 77 44 8 83 94 15 36 27 93 53 59 83 65 42 3 77 17 109 39 83 40 88 33 108 90 109 33 24 0 12 63 26 57 17 76 8 53 8 100 20 74 78 103 71 2 6 38 43 92 49 17 34 44 92 61 101 19 108 16 78 52 1 36 109 74 34 24 61 25
run=7 seed=6 k=110 f=0
42 19 42 85 108 85 86 36 102 108 25 58 95 63 8 50 67 16 63 94 31 80 0 2 1 51 109 18 24 69 5 10 24 29 96 65 68 4 78 89 45 3 61 97 86 36 49 65 109 42 77 72 23 77 74 46 18 105 54 28 1 37 38 107 69 24 59 56 71 55 9 6 75 50 82 27 109 17 84 40 101 43 2 88 106 76 93 29 5 32 59 48 66 74 95 99 94 15 13 55
run=8 seed=7 k=110 f=0
37 10 2 81 45 32 6 97 20 13 31 1 94 83 15 80 24 77 30 9 24 93 88 24 19 15 65 62 39 90 93 108 6 0 105 57 106 104 43 77 7 75 27 86 88 27 100 7 35 90 16 67 52 96 54 65 37 86 51 100 108 43 59 8 88 47 106 5 85 107 99 93 81 42 43 61 96 1 40 57 16 3 76 36 66 69 71 36 87 64 50 73 107 52 35 17 48 64 23 23
run=9 seed=8 k=110 f=0
6 104 82 99 101 34 12 14 97 33 75 41 47 67 65 44 92 38 92 109 58 8 107 62 0 47 44 73 97 12 8 67 56 97 61 95 88 88 105 100 0 12 78 27 73 70 93 6 109 84 85 26 75 82 109 69 20 17 99 13 19 82 39 12 45 51 37 65 88 24 69 59 30 32 56 36 103 91 42 71 27 51 60 0 32 80 5 53 76 101 1 53 37 23 105 25 106 52 107 43
run=10 seed=9 k=110 f=0
43 84 45 40 10 13 40 40 109 34 56 4 47 9 98 71 109 16 56 109 41 30 31 95 79 63 74 73 69 8 57 49 3 47 103 56 20 107 4 54 87 3 59 82 24 63 60 57 79 101 48 0 29 18 71 22 35 109 95 38 45 107 8 88 76 1 78 97 78 25 23 101 70 13 1 44 102 105 11 21 88 64 87 96 20 80 10 56 12 37 38 66 67 88 12 33 21 91 62 29
run=11 seed=10 k=110 f=0
53 38 8 25 108 87 45 21 67 87 61 44 58 83 84 21 40 83 41 4 48 64 77 76 48 91 62 2 108 86 100 92 12 58 10 55 35 3 9 76 33 54 75 23 57 109 86 98 20 4 8 68 60 72 31 37 63 93 30 103 70 80 47 17 50 54 0 65 14 1 97 10 30 5 49 37 44 17 75 106 1 83 15 43 100 27 105 53 11 67 47 90 37 23 30 107 72 82 102 62
run=12 seed=11 k=110 f=0
40 38 57 30 53 5 81 102 29 3 90 44 0 4 71 109 23 88 83 71 49 65 17 91 101 35 82 28 66 3 106 16 108 0 22 74 88 38 53 100 38 95 96 26 91 77 6 45 3 103 72 32 68 72 108 84 39 12 103 21 57 10 53 75 13 61 14 34 24 13 17 66 93 58 45 11 94 65 56 46 31 1 105 67 7 35 82 103 90 10 20 79 84 58 46 28 56 29 62 14
run=13 seed=12 k=110 f=0
30 74 83 8 48 1 12 108 87 94 92 93 107 99 0 44 11 4 57 25 32 109 100 84 38 53 70 21 60 37 18 84 35 58 30 7 40 19 85 50 46 0 29 44 4 17 19 14 1 23 109 28 68 76 69 34 9 66 54 78 46 52 101 79 99 63 48 25 15 18 89 108 60 8 35 106 26 56 39 22 65 96 51 41 70 96 99 102 94 106 78 1 58 14 99 11 78 32 41 93
run=14 seed=13 k=110 f=0
28 59 16 1 30 64 82 106 79 71 18 10 32 48 13 96 97 68 88 34 67 43 59 38 13 13 15 106 33 99 81 105 48 99 102 89 19 77 43 91 62 61 20 104 25 41 69 54 71 31 88 41 22 38 57 37 52 4 75 36 0 48 16 86 1 10 105 58 0 30 51 62 80 109 108 81 25 76 50 19 8 21 96 8 98 84 40 51 10 5 69 90 94 83 108 28 105 103 90 47
run=15 seed=14 k=110 f=0
3 102 44 12 73 0 87 100 63 66 93 109 60 15 87 85 106 78 108 81 0 75 69 67 37 21 90 94 73 43 66 8 78 24 62 41 45 39 31 35 102 29 109 98 50 70 33 88 96 71 59 47 31 38 65 10 82 17 109 19 61 98 28 56 73 79 2 77 21 33 5 58 14 53 46 46 51 0 36 98 94 56 36 89 63 9 84 21 63 10 109 16 41 27 5 49 80 1 13 71
run=16 seed=15 k=110 f=0
83 96 47 69 16 35 38 82 13 19 33 77 78 64 64 5 101 7 64 79 25 40 43 5 11 81 42 6 100 98 15 57 30 75 0 87 0 108 39 13 75 94 98 15 90 69 76 72 108 71 87 92 24 48 65 5 34 94 64 102 15 23 30 40 18 22 24 60 109 17 47 33 62 103 55 103 55 25 52 91 82 73 46 29 12 52 1 60 79 89 40 3 109 48 71 59 51 51 51 92
run=17 seed=16 k=110 f=0
41 70 37 12 15 23 74 13 53 26 36 83 45 66 6 88 39 94 36 50 79 21 65 69 79 25 38 72 31 0 106 0 35 43 92 34 21 68 104 54 22 108 29 78 49 66 1 1 47 64 50 13 89 27 85 35 52 77 8 16 99 57 84 109 55 96 101 66 99 81 52 2 11 14 0 83 45 98 25 61 62 44 66 19 90 26 77 109 83 16 91 74 105 107 98 3 93 109 1 12
run=18 seed=17 k=110 f=0
35 7 109 16 69 108 15 92 79 79 82 17 79 6 62 94 49 57 18 6 53 26 33 1 67 0 108 72 61 28 16 0 98 16 96 60 87 25 40 106 45 41 46 0 80 40 20 97 97 84 92 0 11 10 74 33 30 4 90 50 32 39 47 102 55 6 105 22 15 65 92 56 106 21 40 78 62 73 73 91 107 61 40 65 101 12 70 84 67 29 48 31 109 0 100 109 76 77 28 85
run=19 seed=18 k=110 f=0
56 20 55 90 5 57 52 72 42 3 77 36 32 78 71 83 109 51 51 63 104 45 16 59 33 14 4 105 11 24 94 74 3 82 92 53 22 102 5 64 39 9 34 73 19 109 86 33 3 70 52 86 46 43 25 95 17 12 23 91 79 7 26 1 18 9 70 43 1 33 8 82 61 77 88 108 81 104 41 96 60 34 49 43 86 87 30 69 0 64 50 94 40 71 56 55 18 97 98 19
run=20 seed=19 k=110 f=0
9 6 108 1 47 37 41 45 2 34 67 80 65 84 79 42 96 60 33 97 60 106 45 72 68 107 108 70 73 46 66 21 94 91 18 32 109 68 77 21 19 76 101 96 53 3 77 22 14 0 91 51 38 68 29 106 1 53 29 96 22 11 91 7 54 51 90 27 51 100 84 40 66 85 76 103 13 8 15 23 86 9 85 16 38 31 53 58 6 44 14 1 107 88 107 109 32 101 14 0
