run=1 seed=0 k=113 f=0
98 35 1 74 11 35 15 42 86 21 14 28 32 77 91 81 84 14 70 60 8 24 36 3 33 63 83 107 34 65 99 103 22 21 96 67 36 112 101 81 12 19 93 104 6 16 112 26 91 74 55 42 22 30 79 6 85 71 0 111 112 15 102 56 66 17 73 102 112 40 100 8 51 43 4 38 51 108 75 97 57 47 79 30 91 53 42 27 108 109 62 84 6 43 92 50 0 1 54 68
run=2 seed=1 k=113 f=0
98 35 1 74 11 35 15 42 86 21 14 28 32 77 91 81 84 14 70 60 8 24 36 3 33 63 83 107 34 65 99 103 22 21 96 67 36 112 101 81 12 19 93 104 6 16 112 26 91 74 55 42 22 30 79 6 85 71 0 111 112 15 102 56 66 17 73 102 112 40 100 8 51 43 4 38 51 108 75 97 57 47 79 30 91 53 42 27 108 109 62 84 6 43 92 50 0 1 54 68
run=3 seed=2 k=113 f=0
27 1 79 98 14 54 61 64 18 11 16 10 95 100 48 112 5 111 71 6 22 101 34 29 66 40 87 90 54 50 47 91 61 13 31 68 82 0 23 101 64 108 102 89 9 70 51 107 60 85 20 75 99 50 69 78 60 37 65 55 33 38 74 28 33 97 96 89 75 110 93 45 49 15 76 97 32 74 30 84 82 40 46 44 48 109 20 8 25 57 1 80 22 75 19 55 32 107 49 16
run=4 seed=3 k=113 f=0
8 112 30 43 86 72 61 63 30 76 56 75 32 65 22 77 72 107 57 15 0 49 4 68 103 20 27 67 41 99 95 9 41 0 104 14 35 52 35 57 36 81 77 39 45 13 109 4 7 53 78 112 102 33 97 105 95 87 106 2 27 94 65 12 112 47 83 66 89 5 91 108 63 0 35 41 82 110 97 60 68 24 18 42 73 95 81 18 94 87 75 8 12 27 15 21 11 43 46 63
run=5 seed=4 k=113 f=0
15 78 97 102 96 59 36 45 1 51 20 4 38 103 105 14 23 2 51 49 87 23 46 86 27 74 29 74 7 14 40 42 24 112 24 111 101 70 30 44 0 35 100 38 89 69 79 10 30 64 111 45 105 80 11 22 111 112 96 36 54 68 73 48 55 108 25 100 57 40 17 58 43 93 86 10 87 54 77 70 3 67 98 36 106 61 96 77 73 33 9 6 1 82 46 82 50 13 16 29
run=6 seed=5 k=113 f=0
111 47 36 112 29 84 101 93 40 88 66 71 91 109 51 33 60 72 104 30 112 88 40 55 5 95 104 73 27 73 81 10 105 63 51 62 25 35 107 98 11 2 15 94 94 82 6 18 19 41 95 48 32 85 0 49 97 58 103 16 79 82 72 109 24 7 18 49 42 45 26 45 102 0 86 20 60 24 77 79 69 60 106 54 94 31 4 64 89 51 42 84 12 31 59 6 38 90 77 28
run=7 seed=6 k=113 f=0
33 64 105 80 21 107 47 28 1 41 94 27 39 101 61 43 108 67 58 105 112 101 53 107 51 51 95 20 8 23 73 33 27 112 112 54 76 97 69 45 30 51 0 7 92 55 51 88 5 95 52 65 60 98 23 35 11 93 84 12 19 0 28 44 50 44 16 101 2 41 74 63 86 15 11 40 57 8 27 54 68 77 99 82 60 0 37 72 79 89 84 41 74 82 26 14 17 103 30 78
run=8 seed=7 k=113 f=0
71 88 38 106 1 15 43 47 71 45 3 50 34 58 94 32 0 100 92 78 56 0 30 57 68 47 70 57 20 42 104 18 14 112 48 100 19 4 63 6 111 8 71 86 58 62 5 59 107 38 80 72 9 110 28 107 36 41 44 6 68 80 4 79 21 40 12 21 65 29 19 87 29 100 91 87 98 89 25 66 73 101 27 53 94 75 59 10 88 15 50 38 111 104 112 11 95 78 33 66
run=9 seed=8 k=113 f=0
30 91 58 12 51 82 33 95 67 17 66 26 99 35 19 84 29 0 26 2 49 105 47 33 62 45 89 3 109 73 20 74 38 76 86 42 102 111 55 47 7 109 101 12 92 0 84 57 61 110 51 44 95 98 62 37 66 81 87 21 81 52 29 22 13 5 75 106 58 103 68 67 17 12 55 22 74 24 101 57 13 40 97 86 18 109 6 43 5 72 64 38 9 39 76 29 100 36 16 46
run=10 seed=9 k=113 f=0
38 63 63 26 90 94 59 22 50 7 6 3 58 109 87 44 98 19 35 28 37 96 112 49 66 81 93 47 31 105 4 108 31 59 58 18 63 9 32 106 43 100 101 74 81 97 5 108 46 112 16 11 68 15 88 81 70 23 60 91 90 56 10 50 107 68 75 111 77 80 74 85 55 80 38 0 40 36 45 19 5 51 17 0 86 70 11 6 0 28 12 15 2 75 28 67 74 35 99 24
run=11 seed=10 k=113 f=0
70 62 24 67 76 2 71 112 106 102 81 105 24 64 41 80 0 63 48 107 73 7 60 11 108 82 33 95 26 109 55 96 53 28 27 86 78 9 93 60 96 86 45 110 29 111 52 34 8 99 20 108 68 110 89 50 41 31 38 68 112 2 43 75 103 77 45 57 54 43 14 90 38 17 22 12 16 75 28 98 22 66 95 56 17 85 51 58 55 35 5 3 110 41 16 67 5 25 3 57
run=12 seed=11 k=113 f=0
98 83 91 8 1 82 28 44 18 6 78 66 44 106 76 29 23 87 14 95 18 3 48 112 92 58 16 66 3 102 45 89 29 21 102 43 37 9 87 1 64 53 112 33 41 91 67 94 51 0 75 90 79 22 51 71 79 109 33 102 92 61 63 42 35 39 77 72 104 51 73 21 104 70 14 62 23 0 43 61 67 112 50 64 9 53 33 87 42 6 18 0 11 111 53 100 34 9 59 103
run=13 seed=12 k=113 f=0
89 66 55 54 55 47 7 21 110 112 80 9 23 65 10 76 41 69 103 12 56 16 98 105 2 3 69 3 2 26 32 0 112 77 24 106 17 0 51 57 94 91 103 84 95 30 40 94 100 22 111 35 56 69 26 32 79 67 23 87 48 52 52 13 8 68 52 61 109 43 93 42 33 47 111 7 60 15 101 94 29 48 17 59 71 37 83 1 96 97 82 34 51 70 26 43 82 73 43 112
run=14 seed=13 k=113 f=0
26 106 25 104 55 4 28 28 59 8 78 83 106 87 60 112 37 102 26 100 88 16 26 4 72 56 112 111 103 89 21 8 80 39 41 61 34 13 86 68 13 50 71 54 62 18 62 79 28 89 30 78 77 92 82 112 0 7 59 101 10 22 98 30 61 47 48 34 39 19 23 53 69 48 3 19 67 66 110 54 77 67 22 94 30 97 47 77 96 66 40 2 88 43 50 49 61 112 66 93
run=15 seed=14 k=113 f=0
46 22 9 78 60 85 23 12 22 68 71 62 78 74 107 68 2 49 112 94 61 13 7 92 33 112 14 21 100 36 19 31 15 41 95 39 5 5 51 93 59 17 107 31 85 34 99 61 71 84 1 11 14 76 59 112 9 67 6 0 103 57 6 25 90 102 59 96 107 110 76 101 93 25 34 37 1 102 81 64 49 89 76 67 44 0 55 46 0 96 51 30 30 78 12 99 30 48 95 17
run=16 seed=15 k=113 f=0
76 94 49 100 75 24 78 65 33 12 18 9 5 54 36 21 74 92 53 29 65 112 61 42 110 5 73 43 85 84 11 40 24 57 27 1 84 3 49 109 92 71 71 32 82 31 39 97 18 66 33 36 100 94 14 42 84 52 51 29 86 45 105 81 103 11 65 58 4 51 48 62 56 97 24 61 54 16 100 104 12 106 76 110 80 89 33 59 22 39 69 87 13 99 2 40 111 43 90 109
run=17 seed=16 k=113 f=0
5 37 20 44 21 112 8 56 26 16 34 14 107 39 55 8 55 14 34 48 18 107 7 0 50 112 89 66 93 111 1 88 39 7 84 60 111 98 83 24 79 29 22 49 61 97 57 94 104 73 54 76 23 44 79 0 13 47 59 99 48 27 74 88 15 85 27 76 1 23 29 90 84 32 40 105 10 101 10 79 53 78 57 68 95 16 96 63 63 65 87 112 27 40 86 43 12 1 46 40
run=18 seed=17 k=113 f=0
36 5 47 80 111 112 101 82 29 27 10 76 41 73 50 31 0 51 10 107 81 50 24 68 89 9 108 82 63 0 97 92 74 23 51 64 87 11 95 109 47 35 74 27 46 27 105 14 93 26 30 33 36 99 102 36 67 65 73 100 104 23 101 60 42 4 11 109 43 52 112 49 55 100 81 84 55 90 28 56 1 21 90 33 58 6 45 12 89 90 20 67 97 2 15 1 20 18 2 69
run=19 seed=18 k=113 f=0
31 58 96 63 19 49 90 60 7 53 83 52 80 66 103 15 13 25 105 71 109 37 32 4 62 81 55 75 107 35 87 26 60 68 61 8 110 110 13 96 94 44 77 42 33 0 106 79 39 91 75 2 30 75 34 88 112 87 62 3 66 81 31 6 29 100 14 71 97 88 49 23 20 67 103 0 71 100 32 110 90 55 25 96 10 43 112 19 31 60 10 21 20 44 96 42 26 76 47 10
run=20 seed=19 k=113 f=0
53 61 78 19 68 47 64 9 107 68 59 95 94 30 1 45 21 82 27 31 103 81 54 100 106 52 41 15 69 6 10 18 76 29 37 32 7 101 41 107 108 85 57 20 85 88 47 78 66 75 63 84 1 109 71 64 99 34 94 2 9 22 20 14 51 14 37 51 68 71 45 44 107 21 37 46 33 84 77 14 57 0 98 112 7 65 89 53 75 95 48 84 110 60 11 0 48 57 99 6
