run=1 seed=0 k=108 f=0
17 70 19 79 41 3 46 12 33 37 19 55 86 7 59 58 26 54 31 64 36 91 66 5 27 62 26 103 91 91 50 45 0 66 102 3 90 106 31 31 0 95 23 83 104 23 50 56 46 107 39 82 98 80 92 46 53 50 76 49 33 96 68 0 56 89 33 2 0 18 11 63 19 74 40 15 74 104 87 69 7 24 104 81 104 12 87 55 62 77 96 97 44 72 11 44 70 80 102 11
run=2 seed=1 k=108 f=0
17 70 19 79 41 3 46 12 33 37 19 55 86 7 59 58 26 54 31 64 36 91 66 5 27 62 26 103 91 91 50 45 0 66 102 3 90 106 31 31 0 95 23 83 104 23 50 56 46 107 39 82 98 80 92 46 53 50 76 49 33 96 68 0 56 89 33 2 0 18 11 63 19 74 40 15 74 104 87 69 7 24 104 81 104 12 87 55 62 77 96 97 44 72 11 44 70 80 102 11
run=3 seed=2 k=108 f=0
78 34 91 35 88 102 53 6 49 1 46 0 51 17 89 50 36 43 75 36 98 107 2 107 38 51 26 38 72 89 61 41 102 66 55 20 71 95 57 25 41 21 107 28 28 96 24 66 102 6 80 1 83 6 0 38 34 43 1 87 63 6 27 58 73 84 97 56 86 46 89 51 75 64 16 102 57 71 77 0 14 66 1 80 60 18 27 56 30 69 9 27 33 104 67 13 97 13 85 75
run=4 seed=3 k=108 f=0
78 33 36 96 35 4 64 68 73 4 22 4 72 91 58 7 31 91 86 3 102 54 94 66 99 66 44 19 100 22 14 94 89 50 98 87 54 19 58 36 76 80 40 71 64 63 57 54 98 107 107 49 51 1 10 34 56 24 47 22 74 37 91 100 103 81 13 50 71 13 0 70 59 82 82 107 42 31 62 48 41 26 98 27 12 14 18 0 31 45 105 86 2 88 14 95 61 43 1 105
run=5 seed=4 k=108 f=0
25 27 18 79 43 49 41 85 78 101 80 103 21 8 103 78 46 92 33 65 41 92 96 27 2 106 18 46 98 68 73 21 52 38 71 61 58 4 30 91 51 47 61 107 68 36 94 22 95 19 87 22 0 2 25 100 90 14 32 46 35 37 6 81 45 35 12 11 55 35 100 7 76 83 55 102 89 43 97 59 107 11 12 14 0 4 9 101 64 32 75 107 87 73 88 70 40 67 81 65
run=6 seed=5 k=108 f=0
7 6 102 0 37 33 85 53 47 25 84 78 0 83 46 80 69 29 4 33 26 52 63 21 87 94 67 101 17 91 54 71 13 64 75 98 92 99 72 71 41 89 21 57 62 63 45 9 1 44 9 27 103 55 48 86 20 37 59 19 58 41 16 3 13 0 64 105 45 48 82 48 23 99 13 65 70 58 1 71 107 11 101 90 100 87 35 81 6 78 107 107 27 0 10 40 29 10 53 41
run=7 seed=6 k=108 f=0
16 97 106 107 32 33 74 51 10 94 83 89 33 17 22 76 84 48 3 20 27 0 52 3 84 33 96 64 5 15 91 36 74 72 72 8 0 62 12 41 65 96 81 6 93 104 56 106 45 66 30 88 14 87 90 21 24 50 61 48 107 66 55 102 27 93 63 28 70 75 39 78 75 60 0 107 41 39 8 102 13 53 82 18 44 93 54 84 11 24 11 105 86 105 18 3 56 22 49 69
run=8 seed=7 k=108 f=0
45 77 73 105 86 74 68 37 96 97 15 37 99 102 3 96 82 24 57 107 44 33 72 92 61 44 73 36 20 33 38 10 66 105 78 23 8 47 61 88 6 100 86 91 74 107 24 85 17 102 85 77 30 49 68 0 69 26 56 106 0 42 45 15 22 31 1 13 83 23 8 54 65 59 53 33 9 0 26 39 19 0 60 31 73 13 91 46 55 61 81 2 53 79 34 95 66 73 15 41
run=9 seed=8 k=108 f=0
100 24 77 88 73 1 106 17 69 45 78 57 4 17 15 96 27 34 40 38 45 106 21 58 64 75 74 89 79 99 93 12 80 107 94 78 49 79 85 73 32 19 45 24 52 20 40 40 107 17 3 53 84 58 68 95 103 34 93 73 41 34 85 53 33 59 97 82 30 16 0 27 98 87 8 6 50 24 66 40 1 83 31 91 53 95 64 48 44 103 66 99 105 10 23 59 62 5 5 15
run=10 seed=9 k=108 f=0
35 73 61 103 2 63 68 53 38 68 16 81 106 46 1 83 89 0 40 103 24 91 69 57 75 50 74 12 85 36 100 12 87 69 19 38 26 103 33 61 63 75 26 52 22 53 36 3 12 64 92 11 29 99 93 45 87 72 40 102 97 58 18 17 9 79 106 33 52 11 7 3 21 19 80 46 30 25 82 66 107 64 93 59 1 96 106 48 57 35 42 46 33 86 46 87 21 45 28 13
run=11 seed=10 k=108 f=0
67 40 107 65 48 17 48 103 71 95 93 101 0 45 32 1 60 34 87 0 11 55 7 50 70 91 88 55 14 102 27 96 106 24 32 64 46 88 57 8 77 104 1 95 59 37 4 85 72 52 58 84 82 67 43 51 17 94 84 50 7 34 101 67 68 26 20 107 21 34 97 0 30 24 15 55 62 18 65 42 75 42 37 80 36 63 107 9 97 101 75 16 82 85 20 49 3 18 64 75
run=12 seed=11 k=108 f=0
29 86 69 62 51 67 49 33 77 53 37 50 38 92 53 99 42 64 91 78 13 40 73 85 23 107 13 5 19 73 32 58 67 83 40 26 85 74 44 60 99 28 16 45 7 8 36 105 69 3 25 8 21 81 26 6 10 94 46 34 77 63 41 35 97 51 78 84 2 94 99 40 59 45 89 19 30 4 87 26 68 107 91 51 101 105 12 51 28 56 16 8 98 104 46 60 78 32 36 80
run=13 seed=12 k=108 f=0
0 88 94 47 45 92 17 11 49 63 34 45 97 38 76 40 63 19 11 76 20 8 0 0 16 100 107 49 78 17 12 31 11 76 94 103 82 3 20 91 5 54 85 106 92 53 101 0 36 5 92 98 27 70 67 35 24 104 66 25 56 54 107 41 46 63 34 4 45 72 48 31 70 62 91 36 74 86 13 66 107 2 9 28 94 33 79 27 2 53 21 55 40 98 73 100 68 17 89 56
run=14 seed=13 k=108 f=0
30 27 27 31 88 13 56 35 53 38 72 48 10 0 40 53 45 38 20 42 4 38 61 17 81 30 5 51 23 74 80 69 66 47 101 63 15 92 6 89 100 93 0 79 94 72 85 24 21 106 90 65 3 44 19 85 0 57 107 43 95 12 1 68 80 102 79 72 83 45 78 107 86 81 54 74 45 107 18 89 31 11 72 60 57 0 12 53 38 89 97 24 26 99 0 102 14 39 26 61
run=15 seed=14 k=108 f=0
87 29 67 90 25 92 11 17 61 6 102 78 48 93 31 70 44 61 49 89 46 85 15 6 12 100 53 40 59 66 12 96 92 27 66 5 27 1 34 71 78 54 87 34 20 63 99 82 93 23 30 81 0 2 106 74 76 10 24 44 14 34 22 9 65 11 41 105 62 45 68 18 37 101 81 32 19 36 78 20 38 106 102 41 14 81 54 107 21 73 0 52 59 65 79 95 21 107 1 48
run=16 seed=15 k=108 f=0
101 107 21 71 80 57 107 48 19 88 104 56 5 90 95 93 53 27 36 37 1 32 9 60 16 13 40 57 52 12 72 13 25 66 24 22 1 10 73 35 97 88 19 95 6 43 40 76 29 0 21 31 63 66 43 89 3 13 96 40 46 51 102 75 29 34 98 29 61 91 91 68 71 89 36 55 3 80 26 33 102 47 67 99 78 52 82 107 81 102 71 55 45 76 105 84 3 103 21 105
run=17 seed=16 k=108 f=0
73 107 96 76 46 67 19 107 51 60 8 41 79 75 40 2 12 106 105 59 75 45 93 19 98 44 52 52 102 0 92 53 13 17 20 10 89 40 31 32 8 28 3 56 12 24 37 99 98 34 66 49 85 79 27 87 10 47 39 64 63 25 8 80 78 34 57 54 101 33 91 17 73 107 53 89 77 90 18 27 94 66 24 99 84 68 22 101 7 70 57 70 2 81 40 48 17 1 67 8
run=18 seed=17 k=108 f=0
99 85 67 71 88 27 1 60 89 47 15 44 23 12 78 49 38 59 0 51 42 65 33 32 55 89 100 55 43 48 72 73 40 36 100 32 35 101 6 8 57 107 17 80 29 17 38 63 1 24 80 19 67 55 0 52 37 60 34 96 14 7 1 9 43 9 62 39 97 19 106 76 54 70 47 46 19 86 1 63 19 8 73 73 79 95 78 8 103 98 105 25 12 15 80 92 25 94 72 43
run=19 seed=18 k=108 f=0
67 23 91 79 43 39 3 76 31 81 20 60 62 14 103 87 63 43 53 82 107 42 23 68 46 27 103 39 42 40 88 71 31 88 74 32 98 2 43 46 57 47 15 27 99 74 62 9 40 85 0 84 9 28 59 107 103 55 33 37 96 13 22 34 9 48 24 107 63 13 77 28 105 5 52 89 18 26 6 94 2 17 87 67 54 14 0 49 94 99 86 98 71 1 25 27 23 19 32 68
run=20 seed=19 k=108 f=0
12 107 52 58 72 15 17 0 7 40 7 3 37 104 81 33 20 84 55 40 80 44 95 29 94 68 17 104 29 42 1 23 18 48 81 18 98 98 107 64 51 107 73 106 14 25 25 23 60 77 93 95 32 96 7 54 11 46 15 49 10 103 63 27 25 75 58 85 59 74 0 73 51 107 103 67 40 9 73 100 3 87 87 57 94 1 91 83 76 39 54 86 72 28 67 33 78 40 106 61
