run=1 seed=0 k=82 f=0
41 27 4 41 50 18 6 38 73 17 62 10 8 37 53 16 25 35 9 39 56 6 61 24 0 53 32 76 26 72 0 65 29 13 61 47 23 66 75 0 79 0 57 28 58 47 77 34 32 16 49 44 41 34 80 0 81 81 48 75 0 32 26 46 50 52 68 66 77 13 73 62 81 37 7 15 9 2 10 78 42 25 80 22 19 17 62 63 32 69 68 31 43 49 24 3 9 69 16 41
run=2 seed=1 k=82 f=0
41 27 4 41 50 18 6 38 73 17 62 10 8 37 53 16 25 35 9 39 56 6 61 24 0 53 32 76 26 72 0 65 29 13 61 47 23 66 75 0 79 0 57 28 58 47 77 34 32 16 49 44 41 34 80 0 81 81 48 75 0 32 26 46 50 52 68 66 77 13 73 62 81 37 7 15 9 2 10 78 42 25 80 22 19 17 62 63 32 69 68 31 43 49 24 3 9 69 16 41
run=3 seed=2 k=82 f=0
59 15 24 72 73 47 58 57 73 45 36 31 7 13 18 9 28 52 18 72 52 40 47 0 35 0 81 38 30 11 72 67 54 4 5 24 4 39 11 25 65 46 71 0 1 13 44 33 39 67 36 7 19 58 62 80 35 67 22 50 7 71 17 13 29 24 79 62 0 45 34 81 48 46 77 14 68 23 8 41 28 79 56 21 60 33 58 58 23 43 75 79 62 12 24 46 53 74 15 17
run=4 seed=3 k=82 f=0
71 9 80 72 50 0 12 65 47 40 39 39 81 1 24 65 11 4 77 10 23 35 56 28 55 64 62 50 29 19 70 15 0 23 68 75 78 41 75 33 49 30 81 58 30 7 1 35 53 45 10 48 81 8 50 17 21 57 49 44 29 81 61 72 55 77 74 10 72 81 58 22 0 44 36 58 27 37 80 50 0 42 8 14 62 15 19 3 57 26 65 0 40 63 72 32 40 69 24 68
run=5 seed=4 k=82 f=0
33 16 9 25 9 80 23 74 64 75 0 78 81 52 64 71 68 54 51 67 47 63 76 33 65 81 6 14 28 62 18 39 38 66 35 7 70 29 23 45 72 56 13 41 33 28 52 10 41 0 81 4 12 17 4 48 66 9 10 12 27 44 55 21 55 35 14 81 77 53 74 59 50 0 34 44 68 14 29 73 25 3 0 43 20 52 60 42 62 46 21 35 30 2 22 81 37 20 73 59
run=6 seed=5 k=82 f=0
26 41 59 11 72 65 53 81 23 10 26 35 31 0 9 11 29 7 43 59 33 74 55 22 51 20 78 45 81 69 10 54 0 31 51 26 76 22 40 58 51 80 60 13 29 67 24 1 46 54 40 61 72 62 46 74 36 40 45 79 63 61 36 77 10 51 17 39 67 33 14 2 81 16 38 13 81 60 7 43 0 23 42 69 17 81 1 3 38 66 50 0 69 19 70 52 24 9 29 34
run=7 seed=6 k=82 f=0
41 62 29 81 20 72 19 32 16 60 39 73 0 79 28 52 65 25 59 30 70 3 76 66 45 0 57 50 69 27 38 36 71 67 33 26 34 44 50 11 13 64 58 19 30 63 81 34 57 9 0 27 31 74 5 81 5 81 19 80 81 66 60 36 23 54 63 10 81 47 51 3 40 19 74 25 0 7 7 15 13 45 9 14 56 45 19 39 50 47 55 0 38 21 0 77 22 48 7 64
run=8 seed=7 k=82 f=0
19 58 23 34 28 18 79 39 69 41 79 15 14 58 59 50 42 57 16 70 2 19 74 26 0 9 18 69 11 9 32 76 37 12 55 44 5 72 30 28 48 35 81 36 39 53 14 43 24 0 0 42 62 44 46 5 0 76 61 10 70 31 12 27 0 53 68 72 26 43 34 60 79 67 18 20 76 81 15 73 67 9 26 64 46 0 51 57 3 75 46 53 23 81 22 22 70 37 19 64
run=9 seed=8 k=82 f=0
61 7 1 34 54 79 4 25 32 44 15 66 27 15 73 70 69 76 45 5 23 39 67 9 76 48 0 32 71 24 5 0 0 18 5 52 24 68 38 80 45 74 4 34 6 6 43 64 58 36 80 48 27 31 42 11 64 54 45 30 81 20 53 56 60 1 61 52 57 52 63 14 17 37 10 20 24 70 33 81 81 12 41 31 66 18 0 61 22 21 46 78 59 1 62 50 55 43 77 51
run=10 seed=9 k=82 f=0
10 7 26 51 18 49 48 0 59 81 4 1 6 23 80 81 9 41 34 16 23 40 49 28 38 59 39 37 54 81 32 71 70 11 77 62 76 29 22 63 68 64 77 7 50 32 73 2 39 81 10 64 27 55 64 17 26 23 78 29 16 20 38 21 37 81 6 58 49 19 34 46 70 14 0 38 34 62 57 36 0 11 69 54 31 52 47 0 32 73 43 69 60 68 12 45 46 54 56 57
run=11 seed=10 k=82 f=0
24 58 51 32 70 6 7 37 32 72 25 74 35 26 14 12 0 62 4 59 48 22 27 81 64 9 40 81 79 49 35 76 44 22 34 6 3 13 63 68 58 16 31 69 37 29 43 16 64 52 12 60 81 52 48 80 61 52 0 0 34 52 0 76 73 61 16 21 67 19 69 59 16 20 41 81 27 6 9 26 29 41 43 3 34 61 25 67 35 19 75 81 3 9 80 54 72 45 70 36
run=12 seed=11 k=82 f=0
26 59 47 81 81 36 15 0 5 58 57 19 22 50 37 70 61 79 37 11 23 42 77 69 23 7 25 67 28 10 0 6 46 49 3 12 41 58 42 53 57 64 11 70 61 13 24 17 81 53 34 73 44 45 24 81 30 73 36 32 26 50 25 39 19 63 44 41 81 52 0 3 35 30 17 75 28 40 0 58 54 16 49 66 48 81 73 1 54 31 6 30 14 12 78 75 76 66 6 0
run=13 seed=12 k=82 f=0
24 58 62 37 68 60 50 12 40 50 41 20 20 3 30 64 72 57 57 15 47 38 74 12 36 25 68 5 71 51 49 20 47 38 77 70 66 73 80 14 42 33 29 0 80 2 79 80 10 41 18 60 63 41 48 23 50 55 67 27 32 4 73 7 0 7 18 72 80 81 78 41 50 36 16 61 15 60 25 3 11 0 50 64 6 71 0 28 28 35 80 55 39 60 45 20 78 81 37 42
run=14 seed=13 k=82 f=0
81 72 27 9 0 70 72 29 48 42 58 54 5 11 65 4 38 6 32 31 18 50 47 81 77 57 0 10 37 35 50 63 76 22 80 35 71 63 4 25 28 71 81 50 13 33 63 23 81 47 43 57 19 54 43 56 16 49 79 59 64 68 16 31 15 7 21 21 9 59 13 0 27 59 75 36 78 22 46 54 41 25 36 52 0 15 0 68 46 67 40 69 32 32 48 37 78 10 5 0
run=15 seed=14 k=82 f=0
81 39 79 50 56 23 75 14 81 70 81 67 54 65 66 0 81 49 27 40 65 78 49 69 22 16 61 19 15 9 30 48 7 29 6 19 57 41 4 0 0 21 78 15 63 76 67 54 44 26 22 57 61 70 0 34 81 25 5 31 2 54 66 66 69 72 32 13 56 41 10 9 53 15 36 62 7 81 72 20 11 35 45 57 28 36 73 29 1 6 45 47 75 42 76 21 54 33 39 61
run=16 seed=15 k=82 f=0
28 17 55 11 15 56 23 10 65 76 14 46 67 59 18 44 49 61 55 26 3 81 24 1 50 20 37 46 2 63 29 11 9 24 46 64 70 68 61 0 81 19 4 74 71 61 40 38 12 0 19 75 37 79 15 80 5 40 41 0 27 35 30 32 45 20 14 14 58 54 43 20 56 52 81 35 46 25 50 47 30 66 0 52 72 32 71 74 48 9 80 35 57 64 24 78 44 78 39 28
run=17 seed=16 k=82 f=0
81 51 18 73 1 24 55 15 69 1 65 15 19 26 29 44 53 14 12 77 14 81 46 44 54 67 81 72 2 58 75 72 0 49 30 27 25 63 72 7 39 7 0 74 33 47 35 53 0 45 50 45 22 79 40 81 47 56 28 20 8 5 18 29 6 35 65 70 39 20 73 34 60 65 81 57 3 32 49 52 62 21 12 21 0 77 36 5 10 5 38 57 62 62 79 34 12 76 27 46
run=18 seed=17 k=82 f=0
44 19 24 36 39 52 38 8 1 8 79 60 48 40 63 46 33 7 54 10 30 6 81 60 37 57 44 75 65 19 4 67 23 63 62 76 31 0 33 2 53 24 81 59 10 69 66 81 10 25 73 77 81 2 29 22 74 55 50 1 67 26 27 46 44 37 10 74 41 81 39 16 50 78 16 33 14 29 61 73 81 15 65 72 0 39 1 2 21 75 12 24 5 52 64 55 24 42 48 72
run=19 seed=18 k=82 f=0
69 75 2 69 5 31 79 25 55 33 21 39 54 35 10 32 43 24 74 33 40 14 36 24 8 1 59 25 68 49 50 0 19 78 55 24 14 46 10 81 7 26 16 53 45 30 20 39 57 81 18 20 19 18 6 71 37 62 81 19 65 58 14 60 54 2 28 80 57 0 51 0 9 73 72 10 12 79 5 32 65 49 21 37 71 1 32 40 62 12 45 64 67 50 69 0 75 48 45 64
run=20 seed=19 k=82 f=0
28 57 41 42 68 53 43 59 81 41 36 69 81 77 72 3 7 46 80 27 70 31 17 15 75 34 33 52 64 52 0 40 7 39 15 9 12 67 6 0 20 52 29 80 13 45 71 5 27 63 9 30 51 33 2 34 6 36 79 64 41 36 13 56 75 72 20 26 17 64 81 58 0 64 72 73 23 1 45 30 24 62 45 12 0 56 18 76 4 24 22 52 42 6 47 21 46 78 60 12
