run=1 seed=0 k=120 f=0
34 18 57 115 113 55 106 12 86 61 33 113 38 19 2 31 59 66 52 16 111 56 87 6 37 50 62 43 67 95 89 42 60 73 29 64 73 1 91 82 26 93 21 107 104 92 38 21 35 26 53 38 119 20 116 33 62 50 76 93 76 78 44 87 108 65 46 9 25 17 41 15 102 105 14 82 74 44 3 109 7 119 96 98 102 24 3 80 74 79 12 60 116 48 19 50 102 44 54 12
run=2 seed=1 k=120 f=0
34 18 57 115 113 55 106 12 86 61 33 113 38 19 2 31 59 66 52 16 111 56 87 6 37 50 62 43 67 95 89 42 60 73 29 64 73 1 91 82 26 93 21 107 104 92 38 21 35 26 53 38 119 20 116 33 62 50 76 93 76 78 44 87 108 65 46 9 25 17 41 15 102 105 14 82 74 44 3 109 7 119 96 98 102 24 3 80 74 79 12 60 116 48 19 50 102 44 54 12
run=3 seed=2 k=120 f=0
90 79 68 95 21 18 24 117 25 27 22 99 66 53 77 14 14 93 87 50 2 92 89 1 111 31 29 110 96 63 23 66 25 39 41 36 52 59 74 33 77 57 48 26 100 5 61 114 90 115 44 109 41 6 111 86 29 43 105 5 106 42 63 1 5 96 37 68 39 107 71 16 22 116 54 92 2 37 77 84 47 113 49 100 119 102 63 20 77 83 12 84 51 80 56 14 104 75 1 75
run=4 seed=3 k=120 f=0
66 71 48 0 105 100 72 84 1 10 58 91 12 19 82 81 24 55 1 15 115 102 3 18 73 47 10 17 28 101 94 94 73 16 86 1 78 38 44 108 38 68 1 7 18 25 81 74 115 82 119 109 64 119 93 50 36 5 77 64 31 112 46 73 7 117 13 51 43 45 110 57 17 95 10 51 42 85 108 36 11 26 26 119 3 51 98 60 56 34 117 26 26 28 38 67 78 42 36 61
run=5 seed=4 k=120 f=0
57 62 34 50 114 97 86 43 27 65 6 114 31 44 43 108 22 65 81 29 77 33 4 39 24 118 21 82 0 100 77 0 64 56 19 19 38 4 23 105 107 119 73 89 44 51 22 58 68 87 87 29 35 102 28 117 6 95 51 119 54 97 51 12 33 71 39 59 15 6 41 15 6 10 96 42 13 118 100 86 93 59 107 112 67 76 105 67 16 51 0 84 20 74 88 93 57 79 105 78
run=6 seed=5 k=120 f=0
115 72 90 31 116 22 80 9 49 61 66 39 99 78 10 20 74 66 103 86 37 115 39 80 73 57 103 73 92 7 63 91 21 28 39 62 106 111 95 45 53 77 53 105 35 63 26 59 117 24 39 15 102 13 39 33 25 83 28 109 82 53 76 97 73 70 48 93 99 90 10 24 47 30 1 62 118 118 3 46 68 45 14 119 52 111 33 69 6 18 56 45 90 6 119 20 114 93 101 78
run=7 seed=6 k=120 f=0
21 25 112 65 68 101 63 3 24 58 95 48 17 43 82 56 0 7 19 119 12 37 100 102 29 117 30 11 22 40 55 90 28 85 36 101 36 74 28 74 5 100 34 42 117 116 99 32 9 42 115 112 20 27 94 53 9 1 73 108 92 8 78 59 44 114 39 76 61 15 52 66 63 96 108 44 89 87 49 110 2 113 10 18 83 56 72 73 75 30 47 105 6 93 41 65 104 85 13 21
run=8 seed=7 k=120 f=0
117 60 38 31 5 3 26 97 91 3 35 1 91 119 25 36 58 69 50 96 46 83 108 104 109 4 1 72 97 116 75 14 58 40 90 95 88 24 73 97 53 55 107 116 98 36 60 37 65 35 13 41 83 42 78 55 117 10 0 77 11 119 100 98 118 67 66 25 74 67 51 53 103 70 113 81 106 19 110 51 106 64 84 86 22 112 22 76 55 14 81 15 35 33 8 65 90 44 3 18
run=9 seed=8 k=120 f=0
54 58 114 29 111 13 75 101 116 33 7 21 99 41 48 12 60 118 33 77 105 118 57 45 75 103 83 17 55 3 95 89 2 67 65 3 73 109 46 64 20 96 76 97 23 116 103 34 29 88 63 6 79 82 20 59 50 34 35 48 69 94 49 41 91 23 37 106 18 14 34 84 110 12 8 4 43 72 113 64 71 42 70 53 62 90 48 104 116 72 81 25 117 3 59 0 115 96 17 4
run=10 seed=9 k=120 f=0
84 3 85 7 11 53 20 47 64 92 16 18 58 49 37 95 1 60 46 91 53 109 91 45 70 74 71 23 65 109 40 68 69 5 76 101 105 115 96 44 28 84 79 42 34 1 0 77 49 119 15 94 110 106 34 22 61 96 45 42 85 56 18 20 85 1 118 117 32 95 41 75 30 113 92 25 102 85 118 31 20 5 117 107 103 9 10 119 105 100 78 70 117 10 82 28 81 63 52 69
run=11 seed=10 k=120 f=0
55 6 38 5 2 63 35 86 107 107 118 50 48 17 104 61 0 118 71 108 74 37 115 61 29 70 112 43 88 18 8 23 87 28 20 119 81 55 9 32 43 32 3 83 117 115 7 118 60 87 98 107 24 85 91 100 107 97 15 19 100 10 17 12 75 38 44 83 93 72 111 0 77 72 35 67 14 92 56 79 52 43 1 66 0 13 44 33 61 51 22 41 67 37 100 97 75 16 52 109
run=12 seed=11 k=120 f=0
27 80 8 5 3 12 1 1 89 105 86 67 116 14 68 116 119 16 103 18 3 89 27 61 95 37 103 98 47 113 26 46 19 117 52 15 90 86 48 40 78 59 77 38 79 109 48 45 56 23 55 101 87 92 98 54 119 50 113 30 96 58 77 47 37 63 54 16 38 70 64 6 105 12 5 31 113 45 76 26 68 11 96 28 95 84 73 94 40 81 0 9 35 73 110 108 66 32 12 104
run=13 seed=12 k=120 f=0
80 72 74 88 43 15 107 73 97 24 58 1 53 14 88 64 106 70 105 100 22 8 60 34 99 60 99 1 90 77 36 118 23 63 10 56 70 39 92 47 56 30 109 97 3 13 29 24 24 16 116 98 51 56 22 4 78 116 14 18 43 89 61 89 9 44 24 40 110 0 98 31 34 107 116 66 112 17 71 42 95 86 81 52 39 5 79 63 5 5 97 80 112 107 49 1 82 101 41 53
run=14 seed=13 k=120 f=0
90 101 39 31 4 64 32 7 118 11 19 19 22 54 68 16 117 88 91 69 93 3 49 92 33 66 45 77 63 0 72 45 3 29 77 86 119 109 54 100 112 101 48 14 104 11 49 24 92 56 18 41 47 68 71 37 12 60 35 96 33 78 13 21 94 90 75 61 79 9 41 72 110 33 78 26 45 79 50 42 117 58 72 61 9 110 13 119 86 5 52 0 84 3 48 117 85 0 50 97
run=15 seed=14 k=120 f=0
43 92 111 13 73 68 47 10 39 106 18 64 0 30 116 47 116 26 25 101 80 109 99 78 100 0 40 66 83 3 72 15 93 63 32 41 3 79 41 35 18 87 99 58 90 87 3 52 99 86 59 57 10 95 15 110 52 59 44 8 55 58 118 43 90 31 102 32 71 93 33 18 22 13 106 107 91 101 57 68 2 116 6 4 35 21 76 52 69 95 107 112 31 77 115 49 108 47 13 103
run=16 seed=15 k=120 f=0
53 30 117 10 84 19 34 72 103 88 43 36 89 78 37 105 28 67 44 73 112 80 93 20 40 1 88 81 40 42 20 68 64 109 75 60 0 99 11 119 101 54 80 6 90 78 16 112 17 53 57 103 87 119 58 45 109 24 6 117 9 3 30 15 23 82 74 79 35 117 45 104 118 47 37 94 63 32 86 81 12 23 73 90 102 112 73 70 9 104 6 0 55 28 21 119 111 95 81 32
run=17 seed=16 k=120 f=0
85 93 115 37 99 52 2 3 63 48 30 65 119 90 3 2 96 48 21 39 47 24 19 14 38 6 28 112 11 60 58 104 25 99 40 54 20 28 19 33 68 88 109 59 72 10 77 21 26 82 114 73 36 78 87 75 12 107 67 16 104 87 104 68 45 116 61 100 16 107 0 77 44 44 16 53 40 78 6 91 32 113 96 10 58 56 114 5 43 76 72 82 36 117 28 73 19 89 91 2
run=18 seed=17 k=120 f=0
25 74 66 7 79 119 25 111 59 47 1 45 59 96 102 33 48 113 89 63 26 41 93 68 56 93 88 70 79 98 11 97 16 45 25 111 35 96 102 51 59 71 69 11 104 114 50 87 25 84 50 55 119 115 26 40 49 84 110 0 15 68 97 77 55 72 45 82 54 115 103 11 1 94 60 40 0 43 33 111 7 16 47 5 119 29 37 20 7 20 5 13 39 110 20 86 36 57 73 55
run=19 seed=18 k=120 f=0
21 6 71 7 76 79 15 55 92 117 29 61 0 103 82 0 16 83 101 62 84 22 11 102 12 31 19 5 54 40 4 118 39 65 58 99 32 12 83 92 119 69 27 3 39 109 26 49 72 0 92 36 47 88 48 70 7 67 93 69 108 105 106 100 21 39 110 23 51 73 37 52 118 12 55 109 118 59 102 89 30 15 99 113 42 27 89 49 94 41 117 74 63 97 85 2 81 24 68 59
run=20 seed=19 k=120 f=0
89 56 88 59 7 83 108 105 92 4 97 41 101 6 119 0 46 19 103 28 47 100 95 42 118 91 98 40 65 70 23 88 54 11 117 14 26 95 47 111 112 16 31 60 66 73 37 52 84 35 81 82 8 24 53 66 94 15 68 76 24 92 111 76 114 42 97 13 107 50 2 52 65 35 112 59 100 23 5 64 36 78 75 87 118 1 103 9 16 68 84 38 27 61 24 61 33 117 34 23
