run=1 seed=0 k=79 f=0
8 67 33 61 0 54 19 69 15 23 27 3 0 9 78 54 36 16 70 58 1 23 7 21 0 0 53 60 35 44 77 31 67 76 15 38 73 41 21 34 67 78 62 67 45 14 6 37 20 9 0 55 62 39 5 29 24 25 17 62 78 76 64 25 0 2 63 37 44 13 55 44 29 58 70 53 20 30 36 8 10 63 46 33 71 50 45 74 72 51 41 10 16 15 28 48 25 52 37 11
run=2 seed=1 k=79 f=0
8 67 33 61 0 54 19 69 15 23 27 3 0 9 78 54 36 16 70 58 1 23 7 21 0 0 53 60 35 44 77 31 67 76 15 38 73 41 21 34 67 78 62 67 45 14 6 37 20 9 0 55 62 39 5 29 24 25 17 62 78 76 64 25 0 2 63 37 44 13 55 44 29 58 70 53 20 30 36 8 10 63 46 33 71 50 45 74 72 51 41 10 16 15 28 48 25 52 37 11
run=3 seed=2 k=79 f=0
58 6 21 67 0 34 72 42 67 70 23 63 62 77 23 71 8 27 51 49 78 26 5 48 55 66 40 37 7 9 30 44 53 20 39 53 8 3 77 46 1 56 70 9 11 30 76 15 24 0 17 36 48 64 49 60 76 78 68 35 32 0 48 78 54 25 1 45 0 76 42 17 74 69 57 9 53 26 39 34 19 33 74 11 14 14 16 57 54 37 0 33 73 27 64 62 62 39 10 42
run=4 seed=3 k=79 f=0
11 33 9 25 24 41 2 21 71 46 12 43 7 58 78 59 54 31 78 53 76 9 28 17 28 78 9 20 77 47 25 47 66 74 41 52 74 14 0 32 67 29 57 48 37 49 59 9 28 0 0 67 37 0 4 28 54 0 62 0 70 71 19 65 67 55 37 19 39 62 22 64 61 58 45 9 66 74 22 54 16 69 78 38 3 24 12 33 15 18 39 29 46 54 10 48 41 19 25 21
run=5 seed=4 k=79 f=0
32 30 22 28 55 27 33 60 55 60 45 63 38 71 12 59 7 76 31 31 71 42 31 72 68 54 50 5 27 41 43 0 78 67 23 20 22 52 17 71 34 38 10 59 6 2 39 64 78 38 78 65 26 46 43 2 67 47 22 77 0 26 12 31 74 37 44 35 53 58 60 40 47 56 16 6 47 8 11 0 15 78 78 23 62 28 70 17 77 64 64 1 21 51 44 36 0 13 1 71
run=6 seed=5 k=79 f=0
14 45 4 35 0 45 13 20 63 61 16 72 21 66 0 39 30 17 63 48 26 13 26 4 46 41 73 31 38 52 20 71 9 62 78 33 43 1 69 56 9 58 26 78 23 27 35 4 50 0 28 76 78 30 35 13 42 66 35 67 23 55 30 48 52 55 24 10 1 21 55 2 63 36 70 7 24 43 78 70 51 19 73 76 65 78 9 62 48 59 49 7 40 78 32 41 46 16 4 66
run=7 seed=6 k=79 f=0
78 58 45 44 52 58 31 67 51 63 78 11 47 77 13 17 55 0 66 38 72 26 54 78 24 14 13 23 51 31 5 0 61 74 74 36 43 36 0 53 60 57 19 13 78 18 24 78 2 69 22 20 31 24 50 5 14 6 20 52 48 70 15 62 13 43 5 10 49 70 7 29 21 71 41 5 70 54 65 19 42 33 23 28 9 27 78 0 41 25 36 55 1 2 34 44 38 62 67 30
run=8 seed=7 k=79 f=0
54 60 0 12 8 53 53 63 68 77 0 34 50 47 1 24 16 59 66 49 78 15 37 20 31 51 51 32 59 60 38 33 14 3 37 48 46 22 16 21 0 57 46 41 76 8 21 18 76 0 77 71 64 17 12 31 73 66 8 8 9 40 40 78 76 0 10 60 69 43 71 0 23 29 30 26 8 70 38 7 2 44 75 36 21 77 41 35 41 6 40 28 26 68 51 54 25 56 27 66
run=9 seed=8 k=79 f=0
0 24 17 0 43 31 61 50 57 14 0 7 27 69 18 0 78 67 10 64 7 36 57 78 20 36 62 50 55 46 3 48 5 58 67 15 23 4 68 78 39 15 19 73 54 13 27 0 29 0 15 75 20 78 41 11 3 45 55 78 43 69 42 27 25 21 35 46 73 70 51 63 71 69 9 38 53 21 22 53 61 29 78 75 42 37 61 8 47 47 60 12 75 29 37 33 27 54 14 63
run=10 seed=9 k=79 f=0
32 63 22 47 5 71 36 42 46 40 14 43 40 0 0 14 26 3 62 66 6 72 66 18 66 46 35 10 18 77 55 55 61 77 52 28 55 49 8 18 11 0 66 43 0 6 14 55 0 18 25 49 68 78 14 1 69 78 22 22 53 77 15 33 31 37 25 52 47 68 40 71 78 47 60 11 63 56 76 32 40 29 21 23 35 70 9 2 10 74 25 0 53 5 35 56 42 34 0 29
run=11 seed=10 k=79 f=0
37 17 57 49 65 19 53 43 38 20 49 42 59 25 44 72 51 16 1 0 65 5 64 20 28 39 12 54 66 64 5 52 78 36 49 26 62 50 6 15 56 59 78 26 36 6 1 47 0 67 34 8 21 31 62 1 8 24 11 57 58 47 66 3 15 76 16 66 78 0 45 71 76 50 30 70 68 40 26 5 21 43 58 23 37 32 10 74 77 73 68 57 12 4 11 70 45 33 43 10
run=12 seed=11 k=79 f=0
74 39 12 74 36 22 25 39 59 54 47 52 22 57 49 32 62 6 71 56 6 74 18 46 78 20 24 64 20 64 29 64 58 75 59 59 5 48 65 14 15 78 59 64 23 30 30 1 44 78 0 78 35 10 15 70 1 39 14 47 11 8 12 40 8 31 38 60 26 38 68 22 27 78 53 20 41 7 69 34 53 44 51 32 35 0 0 55 11 72 69 0 9 37 0 21 41 71 52 78
run=13 seed=12 k=79 f=0
35 6 23 71 28 55 31 46 8 17 0 41 78 45 14 15 8 72 65 29 61 25 60 6 28 37 56 48 60 47 67 45 1 3 48 33 6 39 76 23 0 20 30 48 77 59 39 31 49 0 78 8 28 57 12 19 72 71 53 50 58 59 24 63 59 72 77 38 78 28 44 78 67 31 19 8 64 64 40 36 2 34 41 52 13 52 78 16 22 55 43 67 27 69 7 22 22 15 54 6
run=14 seed=13 k=79 f=0
12 72 25 48 15 58 73 1 76 75 5 65 71 28 26 43 60 31 78 62 51 30 46 32 27 69 40 65 78 75 46 0 37 74 3 58 31 23 14 58 66 70 64 78 66 43 59 5 52 78 0 2 36 57 9 44 31 78 78 14 44 53 40 50 30 28 46 36 37 7 15 0 7 8 0 45 17 60 26 44 22 9 66 38 17 16 25 23 22 19 51 46 3 45 6 56 55 18 65 37
run=15 seed=14 k=79 f=0
13 34 0 9 69 41 49 71 15 75 19 27 71 3 0 75 71 57 0 78 2 46 38 64 43 30 33 43 13 0 78 23 52 5 77 67 4 27 33 65 24 42 65 10 29 46 14 32 39 0 70 68 62 51 76 52 7 22 55 19 78 10 76 37 59 61 23 66 70 18 22 57 53 78 46 33 20 42 10 26 14 62 0 14 29 9 9 55 32 17 36 41 61 35 52 50 50 16 6 70
run=16 seed=15 k=79 f=0
56 6 7 31 64 42 73 48 20 6 31 26 3 17 78 12 23 38 78 5 25 35 70 75 60 59 0 23 26 9 43 71 63 3 20 62 34 30 23 48 36 39 55 73 4 11 36 78 52 0 69 65 68 54 18 9 8 71 17 41 16 20 30 47 72 59 46 51 59 22 74 0 42 20 9 28 2 58 51 15 46 0 68 65 78 28 32 49 3 78 40 41 51 75 31 12 55 77 22 24
run=17 seed=16 k=79 f=0
31 30 72 41 72 34 43 53 60 13 61 78 24 35 52 9 41 31 50 70 55 41 34 55 59 67 10 2 70 64 59 0 69 6 5 71 8 62 44 18 75 36 71 44 17 58 1 73 52 0 48 12 26 23 22 16 14 45 27 25 60 36 42 54 30 0 25 1 18 0 47 65 18 0 77 59 26 30 48 4 64 78 52 38 7 78 9 19 76 15 37 78 14 49 76 14 3 34 51 9
run=18 seed=17 k=79 f=0
7 44 14 29 1 9 34 33 76 16 2 72 15 20 51 35 28 70 74 40 70 5 4 8 26 9 55 63 44 75 74 16 38 26 19 24 45 77 19 22 34 9 4 30 52 59 51 35 39 78 64 13 48 28 54 44 38 78 78 78 65 11 27 42 68 59 1 65 55 0 34 32 56 68 19 67 72 21 31 61 62 47 0 13 22 29 0 44 64 61 2 60 74 0 42 48 4 14 46 21
run=19 seed=18 k=79 f=0
38 27 43 47 44 18 5 68 76 78 0 71 69 50 8 78 30 15 69 26 48 3 63 36 0 74 28 15 12 3 68 40 31 61 36 16 26 2 8 58 60 74 33 75 11 78 36 37 63 0 18 78 21 59 24 45 3 1 13 44 55 54 4 50 51 55 63 33 66 66 68 9 46 43 39 51 6 12 35 58 31 21 28 78 56 19 9 74 18 58 51 19 77 66 20 43 41 35 38 66
run=20 seed=19 k=79 f=0
58 34 43 45 47 62 34 78 3 28 6 28 71 36 29 23 47 58 60 37 16 3 44 24 64 9 16 36 78 58 54 69 18 38 19 45 67 48 19 77 68 30 4 78 32 1 71 72 73 0 7 58 38 78 23 10 1 42 60 78 21 11 32 71 30 40 46 45 48 0 78 49 54 54 30 54 17 38 23 49 40 9 26 13 75 62 64 77 3 17 8 54 0 3 54 66 26 14 72 0
