run=1 seed=0 k=98 f=0
36 24 19 5 18 24 24 77 57 71 58 47 48 67 69 70 78 55 6 32 3 43 39 37 30 97 82 97 29 27 1 54 90 67 81 82 57 84 9 15 57 11 19 63 48 41 90 13 19 62 97 74 87 92 39 95 46 76 97 61 0 11 29 5 0 47 40 39 87 49 12 2 71 31 46 65 32 14 79 56 36 27 70 29 18 4 35 65 8 25 23 47 12 84 77 91 39 9 88 77
run=2 seed=1 k=98 f=0
36 24 19 5 18 24 24 77 57 71 58 47 48 67 69 70 78 55 6 32 3 43 39 37 30 97 82 97 29 27 1 54 90 67 81 82 57 84 9 15 57 11 19 63 48 41 90 13 19 62 97 74 87 92 39 95 46 76 97 61 0 11 29 5 0 47 40 39 87 49 12 2 71 31 46 65 32 14 79 56 36 27 70 29 18 4 35 65 8 25 23 47 12 84 77 91 39 9 88 77
run=3 seed=2 k=98 f=0
1 53 54 45 21 0 76 72 27 90 13 5 5 78 94 90 10 73 66 4 61 0 51 88 46 19 13 39 94 79 87 17 25 38 59 12 61 88 61 85 0 33 26 20 82 46 84 92 71 41 69 85 58 6 57 14 77 75 86 73 93 26 43 48 20 52 59 62 25 22 66 97 32 37 1 51 67 58 45 49 40 97 79 7 69 16 83 31 47 97 67 97 33 12 1 81 25 24 9 35
run=4 seed=3 k=98 f=0
4 83 84 70 97 42 43 48 57 13 70 32 71 23 10 11 90 16 37 80 61 48 62 48 69 29 62 33 67 27 54 74 19 36 24 19 76 23 29 52 34 2 86 96 26 25 8 18 12 39 95 35 79 57 62 9 44 95 95 1 64 53 47 49 93 78 52 44 30 1 96 60 55 39 71 68 0 79 52 57 87 18 90 77 41 0 2 16 83 8 87 13 45 92 82 0 85 46 2 71
run=5 seed=4 k=98 f=0
63 5 20 77 91 63 40 25 34 35 40 40 16 33 95 47 79 26 37 4 65 56 62 68 4 10 96 50 46 38 86 30 40 68 45 16 8 33 52 86 4 14 82 5 74 47 70 92 32 50 16 97 21 69 91 42 78 56 23 26 86 83 47 57 0 76 4 53 87 48 97 77 62 27 38 55 27 10 76 60 0 97 15 45 49 1 71 85 14 0 74 60 8 16 96 18 65 93 71 50
run=6 seed=5 k=98 f=0
29 59 94 48 14 11 80 43 18 81 82 19 1 76 61 30 57 77 68 38 12 97 11 71 0 66 25 53 2 91 20 79 18 85 33 38 4 19 76 39 53 63 61 68 41 67 46 3 73 13 41 36 30 55 2 34 87 78 91 49 83 89 62 36 93 52 26 21 21 58 24 60 0 97 46 97 78 82 71 28 3 45 26 70 51 46 94 13 52 88 88 7 35 10 73 31 62 51 18 42
run=7 seed=6 k=98 f=0
42 33 76 25 50 87 46 47 64 79 0 23 93 61 24 90 97 45 26 23 62 52 68 0 96 36 8 63 4 86 71 70 73 3 95 80 31 38 19 1 93 56 57 32 82 59 37 74 43 61 50 14 8 18 12 26 85 50 44 45 0 8 44 81 65 17 57 72 13 77 69 85 88 38 26 65 51 65 95 54 38 3 1 92 77 82 17 17 89 53 11 84 44 55 31 29 30 73 25 95
run=8 seed=7 k=98 f=0
18 96 17 85 5 81 10 67 18 57 75 43 65 46 47 74 15 97 92 66 48 0 38 0 38 38 9 32 29 60 64 56 10 31 50 20 62 16 93 97 23 23 1 42 16 37 38 73 73 82 94 39 92 39 54 48 77 88 92 86 6 51 27 75 38 57 96 7 7 17 68 2 29 78 47 61 32 42 34 74 30 85 90 87 16 25 60 31 69 25 56 59 81 25 97 23 2 53 83 7
run=9 seed=8 k=98 f=0
56 52 56 67 13 57 32 63 7 39 46 21 40 59 19 8 7 49 55 33 19 97 45 56 92 16 76 78 25 88 89 42 0 89 68 66 97 21 28 88 51 3 0 38 63 72 67 85 47 37 33 74 82 78 11 97 94 63 11 35 74 47 38 67 6 45 89 22 71 24 26 29 90 7 97 48 77 97 92 71 86 28 16 42 62 30 59 14 44 30 49 55 93 83 75 78 1 0 17 27
run=10 seed=9 k=98 f=0
17 72 81 9 72 82 86 26 53 62 15 64 40 71 2 66 67 85 52 75 85 27 21 21 23 15 62 81 93 93 6 18 61 64 59 52 56 40 56 89 27 31 19 52 89 47 38 43 0 43 45 22 90 39 10 1 81 24 53 32 8 80 6 76 88 92 63 45 7 75 96 38 34 71 58 13 16 53 66 32 0 94 33 49 41 97 24 0 7 31 12 33 51 72 5 3 81 77 42 25
run=11 seed=10 k=98 f=0
35 42 92 43 24 38 17 67 26 65 25 31 86 47 70 14 57 0 37 10 55 65 31 76 84 27 84 77 24 16 77 79 15 7 76 24 22 89 14 92 38 18 20 12 61 50 58 0 87 95 56 84 18 8 53 59 65 61 38 2 79 72 55 64 77 81 36 23 2 1 71 12 4 2 37 29 50 94 87 36 47 93 18 31 73 27 49 67 7 84 43 47 51 55 94 97 97 67 62 70
run=12 seed=11 k=98 f=0
14 74 95 21 65 47 57 65 25 53 12 49 10 88 33 11 22 44 22 24 36 86 39 67 39 58 34 78 75 46 41 0 1 37 92 27 25 7 28 97 61 7 54 26 95 43 68 38 87 5 5 49 78 82 75 0 57 64 54 58 96 81 51 91 90 79 84 72 96 78 65 4 40 18 31 39 87 55 65 27 48 29 57 83 80 83 14 89 10 69 73 47 94 31 17 19 16 70 30 14
run=13 seed=12 k=98 f=0
20 30 14 4 60 55 92 44 65 56 62 65 59 49 82 24 53 66 76 45 54 96 14 70 94 35 56 64 36 92 86 66 44 97 85 13 52 37 69 75 16 0 85 43 52 28 53 28 97 20 78 72 44 30 1 7 50 12 79 60 72 70 13 28 29 95 44 80 89 36 59 41 2 0 79 72 69 22 24 8 39 10 82 50 34 96 89 47 16 8 35 6 27 4 36 18 29 82 26 21
run=14 seed=13 k=98 f=0
75 96 89 32 15 86 28 74 0 55 83 61 42 86 68 55 66 73 44 72 47 16 15 16 78 18 50 23 37 61 2 66 0 64 37 86 48 52 46 11 23 11 81 20 97 19 5 33 80 55 10 69 30 26 3 41 95 32 39 26 9 36 9 36 21 97 61 64 3 87 24 90 0 57 93 52 77 72 97 28 75 87 58 14 60 94 43 3 82 49 83 91 50 1 12 31 95 71 94 9
run=15 seed=14 k=98 f=0
55 42 52 74 83 16 87 97 39 26 90 1 67 92 9 65 59 87 45 69 19 28 53 60 80 77 34 19 49 96 66 3 0 9 64 83 62 53 61 39 80 52 73 24 90 15 13 62 70 31 11 57 20 25 35 2 73 95 60 21 97 12 20 44 46 31 38 33 77 1 65 47 11 27 2 15 43 47 33 39 37 97 95 26 11 86 51 19 1 14 77 0 32 97 51 81 25 89 17 81
run=16 seed=15 k=98 f=0
75 91 37 13 60 65 45 0 23 0 47 97 58 15 82 79 33 97 50 61 68 56 67 96 72 10 4 53 62 66 25 37 0 31 10 48 46 90 81 23 57 30 21 9 16 64 24 44 17 0 90 92 42 21 71 15 70 91 8 33 75 6 70 47 55 76 2 24 97 39 83 84 26 12 57 44 96 20 23 88 1 87 31 6 76 30 66 76 77 87 39 14 47 63 97 40 81 54 67 57
run=17 seed=16 k=98 f=0
25 53 49 29 51 47 93 1 7 76 95 32 5 3 44 59 88 68 97 75 39 91 63 39 48 29 90 56 45 64 65 3 16 9 40 82 1 54 62 64 34 33 93 31 28 93 14 59 22 47 22 59 5 70 84 71 90 78 56 71 97 11 31 0 79 25 19 2 65 47 61 43 13 52 38 11 3 74 25 23 78 19 38 19 84 86 74 13 35 57 30 33 97 85 38 44 81 58 3 78
run=18 seed=17 k=98 f=0
71 46 79 37 1 29 41 97 21 43 53 7 0 90 40 55 1 39 44 7 0 67 46 15 63 84 86 10 1 53 46 95 92 22 70 15 97 61 2 29 61 15 80 18 7 48 34 13 91 52 70 23 20 35 48 42 25 18 61 80 61 24 59 9 33 85 11 96 29 97 97 56 35 75 28 50 0 25 71 47 75 86 71 69 80 67 75 6 77 58 83 41 59 2 33 90 13 68 88 93
run=19 seed=18 k=98 f=0
92 24 7 71 33 96 96 70 60 2 6 30 88 12 26 85 81 48 19 89 78 94 61 45 78 97 89 33 44 0 32 0 10 13 96 59 16 0 21 68 39 55 78 83 70 4 42 3 10 18 55 88 65 7 90 39 82 81 15 51 88 9 76 37 44 50 32 97 47 31 71 38 44 51 27 24 12 22 71 67 40 64 67 63 28 59 2 13 64 59 97 53 42 62 31 97 75 75 42 30
run=20 seed=19 k=98 f=0
35 6 30 54 83 55 41 74 70 76 9 72 21 24 55 78 49 71 68 35 71 40 89 42 64 1 72 26 1 63 96 13 70 33 45 97 87 46 15 43 37 28 84 64 90 60 81 16 34 80 89 9 66 36 19 26 59 78 20 45 89 27 45 94 90 3 18 7 84 17 25 52 14 13 40 77 42 83 63 33 51 4 87 62 94 95 57 7 32 9 2 1 46 95 19 53 58 22 60 76
