run=1 seed=0 k=117 f=0
63 61 63 6 29 29 64 3 105 46 41 94 104 47 77 40 84 36 88 4 98 8 42 42 26 44 34 94 79 82 113 24 37 48 5 30 10 70 22 87 105 63 58 92 12 31 5 65 56 12 92 102 75 17 102 112 50 45 55 66 116 54 23 24 92 17 19 102 76 52 90 79 0 71 65 94 74 23 87 88 106 116 51 80 14 3 106 65 35 6 114 33 17 115 0 109 16 19 84 42
run=2 seed=1 k=117 f=0
63 61 63 6 29 29 64 3 105 46 41 94 104 47 77 40 84 36 88 4 98 8 42 42 26 44 34 94 79 82 113 24 37 48 5 30 10 70 22 87 105 63 58 92 12 31 5 65 56 12 92 102 75 17 102 112 50 45 55 66 116 54 23 24 92 17 19 102 76 52 90 79 0 71 65 94 74 23 87 88 106 116 51 80 14 3 106 65 35 6 114 33 17 115 0 109 16 19 84 42
run=3 seed=2 k=117 f=0
69 49 71 26 68 39 5 99 85 39 90 59 27 29 116 28 20 104 17 23 97 5 49 53 73 68 14 83 18 67 114 87 75 7 113 82 22 47 59 33 88 1 23 14 1 95 78 52 102 43 44 73 10 60 90 110 104 7 65 44 94 102 29 55 16 66 44 21 14 2 62 51 29 41 0 30 5 82 41 19 37 74 19 35 56 62 110 110 95 83 104 72 37 13 116 112 60 76 31 27
run=4 seed=3 k=117 f=0
9 112 82 42 6 46 57 64 112 90 31 4 81 37 115 70 51 92 85 94 43 0 4 110 104 0 56 98 46 85 115 13 52 83 44 76 73 101 76 32 14 59 36 58 28 43 39 79 58 99 1 7 70 93 71 90 23 106 51 61 85 95 64 26 1 34 103 14 82 9 63 113 33 89 109 1 105 31 20 93 101 35 8 54 66 68 18 100 67 12 15 116 27 79 50 15 92 25 30 0
run=5 seed=4 k=117 f=0
7 23 10 53 90 103 42 39 113 74 10 115 11 35 42 33 55 75 42 74 67 58 33 63 108 7 72 28 99 116 18 17 75 1 70 12 33 95 53 67 109 95 25 88 24 59 0 58 46 100 45 107 28 55 13 82 106 104 110 84 70 99 90 48 18 44 60 11 28 102 90 93 81 22 109 84 70 28 36 83 78 0 18 115 45 94 37 38 82 64 112 84 53 49 61 61 0 0 72 29
run=6 seed=5 k=117 f=0
101 106 48 81 5 1 23 56 33 52 91 33 34 27 21 26 101 40 49 44 37 88 72 42 64 92 32 91 77 19 86 56 58 19 21 13 15 72 79 42 50 109 63 114 77 27 9 91 64 115 109 99 18 91 30 42 73 116 14 99 72 1 5 108 36 25 55 45 1 6 55 86 0 0 7 83 16 98 71 10 116 65 62 85 28 107 46 72 6 59 82 101 45 9 35 113 66 79 62 98
run=7 seed=6 k=117 f=0
18 61 115 113 95 95 64 110 73 31 115 28 30 22 40 114 37 111 21 95 72 14 79 20 107 68 33 100 41 6 9 48 67 42 45 35 95 64 12 83 73 6 100 105 68 47 36 60 18 77 106 3 90 108 73 50 56 0 22 43 103 77 87 30 32 15 54 1 103 66 23 69 44 56 57 67 68 99 38 75 31 89 37 1 80 110 6 89 93 47 11 51 95 56 15 86 0 111 76 22
run=8 seed=7 k=117 f=0
90 54 32 103 74 87 80 4 78 43 77 64 31 111 82 24 82 56 53 18 71 80 36 65 7 48 29 103 37 113 18 60 72 115 33 102 9 27 52 57 70 1 65 74 115 107 114 67 96 39 85 95 0 86 43 96 113 24 108 107 74 37 36 5 14 58 0 58 91 41 20 78 29 43 107 101 22 94 8 8 15 39 105 90 46 0 12 55 28 99 116 38 62 70 97 100 9 115 42 11
run=9 seed=8 k=117 f=0
40 54 76 99 8 54 76 98 47 108 31 30 112 56 87 88 51 43 72 80 63 75 48 76 64 25 20 98 107 108 1 12 35 76 83 111 69 61 85 19 83 105 29 37 48 105 61 85 38 16 37 84 7 21 6 18 59 52 92 19 66 103 31 84 44 68 43 2 49 59 0 116 80 3 116 33 109 90 1 13 98 41 97 107 113 26 96 44 53 103 63 22 103 84 27 12 71 58 104 0
run=10 seed=9 k=117 f=0
66 66 88 85 89 47 82 61 101 57 16 25 10 49 82 56 62 108 68 67 2 47 40 43 34 4 57 47 113 16 100 98 27 1 55 16 107 85 22 95 90 38 94 56 4 71 18 66 42 54 6 16 116 106 72 33 19 18 84 111 34 81 81 12 105 19 28 96 113 75 101 87 74 3 26 72 75 34 28 115 77 11 92 115 58 102 88 66 3 38 60 37 52 13 73 78 21 9 46 6
run=11 seed=10 k=117 f=0
76 23 37 0 24 45 7 58 98 5 20 65 72 115 99 47 15 79 106 57 81 32 7 85 34 101 97 64 103 66 22 0 114 96 113 9 108 14 8 89 80 14 37 5 66 37 58 82 0 51 11 78 92 54 23 115 79 9 99 114 73 79 11 67 107 26 65 98 70 111 59 51 83 61 116 64 53 52 89 6 93 40 72 87 111 45 41 27 88 29 20 0 35 13 57 49 39 28 19 91
run=12 seed=11 k=117 f=0
86 3 33 44 6 115 71 88 74 10 40 51 107 94 62 46 73 0 64 101 53 21 1 21 104 48 106 114 19 54 41 94 71 44 97 111 101 24 79 22 0 10 70 52 114 4 18 60 80 57 28 112 30 29 61 6 43 13 65 15 66 56 24 16 52 16 51 84 85 13 37 63 12 47 116 56 38 86 26 116 77 107 100 96 116 93 91 74 10 85 34 109 17 28 1 8 66 41 36 107
run=13 seed=12 k=117 f=0
44 41 59 46 82 86 80 0 24 84 25 80 0 29 10 76 107 55 29 40 9 107 72 54 114 86 38 113 87 71 8 0 101 18 66 51 37 79 56 59 81 111 111 6 91 116 11 12 99 14 114 71 74 47 100 71 6 23 57 21 60 4 80 68 11 36 18 49 81 23 93 67 27 92 2 75 20 14 94 108 98 20 63 36 67 31 115 5 2 44 84 86 49 97 37 46 63 6 98 29
run=14 seed=13 k=117 f=0
111 20 99 43 88 115 0 74 35 26 16 46 37 81 53 49 86 22 38 51 29 86 43 107 43 51 34 15 113 55 19 105 75 47 29 36 1 103 38 30 1 22 9 52 21 64 76 14 74 116 11 92 12 55 32 58 99 89 40 96 93 9 64 78 89 93 66 58 79 81 2 81 102 18 40 110 81 68 60 27 66 6 2 67 93 97 28 116 101 59 10 24 1 68 108 114 105 56 44 39
run=15 seed=14 k=117 f=0
31 59 83 81 88 82 52 59 26 16 45 7 55 93 18 107 98 62 49 107 80 89 114 15 22 88 35 76 32 48 66 0 97 95 5 71 83 34 116 42 21 56 51 115 33 63 63 3 46 112 110 0 79 72 15 101 112 110 18 78 34 115 58 74 23 64 79 60 64 90 104 93 19 27 27 41 91 71 33 41 10 26 12 7 98 88 1 1 21 40 7 86 0 70 100 69 12 55 100 21
run=16 seed=15 k=117 f=0
101 80 111 49 2 63 31 75 71 71 70 42 85 12 64 15 21 52 62 91 35 23 54 69 45 7 61 39 70 21 105 43 25 102 84 49 89 83 8 109 79 75 112 2 70 72 22 103 101 74 39 103 86 93 70 16 33 3 60 103 14 4 30 39 37 88 89 114 101 86 1 23 33 36 95 13 48 108 116 116 110 53 8 59 4 52 116 96 45 64 12 50 104 31 87 26 3 59 12 29
run=17 seed=16 k=117 f=0
24 91 96 22 5 26 64 116 51 33 58 50 110 103 54 44 0 71 15 111 77 116 84 86 8 34 58 97 47 72 76 61 40 64 83 2 116 91 85 5 4 28 55 35 102 94 0 102 26 43 96 4 61 53 11 69 107 74 49 26 18 66 62 81 42 17 37 113 37 114 107 14 75 103 115 116 80 45 90 31 95 70 6 29 5 18 98 12 97 51 66 20 0 0 58 100 17 86 22 44
run=18 seed=17 k=117 f=0
106 40 53 8 38 35 113 26 62 38 106 111 86 30 24 113 45 58 78 60 81 11 51 32 19 107 90 17 70 53 12 33 116 76 46 62 29 111 96 50 3 71 48 68 101 61 74 79 91 71 78 1 80 1 0 88 109 96 98 51 32 5 6 27 55 18 15 88 19 41 101 82 54 74 116 28 4 21 46 65 91 54 101 17 115 7 4 107 103 95 42 7 103 67 60 68 60 21 45 44
run=19 seed=18 k=117 f=0
74 62 91 116 40 59 102 14 0 108 18 16 89 54 98 31 27 46 89 61 39 82 14 103 54 58 85 64 33 4 115 69 112 64 22 24 26 77 32 82 12 78 87 0 63 67 8 12 99 75 41 21 84 58 114 108 103 37 96 114 51 94 49 35 45 96 1 71 0 94 94 1 41 58 17 34 45 72 87 13 47 11 24 8 115 21 1 31 67 104 50 54 70 34 25 105 68 111 59 68
run=20 seed=19 k=117 f=0
47 14 52 40 103 33 62 75 2 31 52 112 28 57 76 33 31 72 1 103 44 116 68 9 85 18 110 11 38 60 76 82 87 11 9 27 25 0 46 36 85 25 23 102 95 97 7 115 82 8 0 18 41 113 86 63 47 68 75 104 49 22 12 116 29 53 103 67 66 101 103 77 68 17 61 35 83 79 17 105 59 91 96 38 4 114 91 51 112 97 3 113 60 5 50 93 66 58 43 44
