run=1 seed=0 k=72 f=0
57 66 68 39 42 43 29 65 25 29 52 29 53 45 35 33 54 39 17 63 14 41 69 4 22 26 49 45 71 58 18 58 26 23 1 52 50 0 16 19 66 37 71 28 71 0 1 71 37 1 10 7 71 26 49 10 67 10 0 47 10 12 16 15 36 34 64 2 71 71 32 68 19 43 63 11 54 31 21 13 6 48 3 57 30 62 45 20 41 7 71 44 1 37 62 7 34 60 18 19
run=2 seed=1 k=72 f=0
57 66 68 39 42 43 29 65 25 29 52 29 53 45 35 33 54 39 17 63 14 41 69 4 22 26 49 45 71 58 18 58 26 23 1 52 50 0 16 19 66 37 71 28 71 0 1 71 37 1 10 7 71 26 49 10 67 10 0 47 10 12 16 15 36 34 64 2 71 71 32 68 19 43 63 11 54 31 21 13 6 48 3 57 30 62 45 20 41 7 71 44 1 37 62 7 34 60 18 19
run=4 seed=3 k=72 f=0
50 56 35 20 5 0 19 44 69 19 71 16 16 41 32 12 54 6 21 48 19 4 22 28 37 19 67 11 50 42 3 65 45 22 59 40 57 71 15 0 15 0 38 16 0 70 4 51 8 62 34 69 35 34 58 10 71 23 38 60 71 69 37 30 32 30 30 25 29 9 13 30 26 38 44 16 43 51 59 71 44 53 21 50 10 7 0 1 0 68 63 1 54 6 49 64 60 47 43 64
run=7 seed=6 k=72 f=0
57 13 41 66 5 0 4 52 46 21 63 52 9 1 33 33 29 14 71 45 69 41 55 21 63 55 56 46 10 12 48 60 0 68 55 27 5 44 38 25 71 0 59 51 25 16 25 26 44 71 38 65 9 39 24 16 29 40 25 17 62 1 71 4 10 35 38 45 8 48 49 68 0 61 38 66 60 30 54 44 50 18 8 32 35 69 20 3 29 65 52 1 17 37 54 18 17 34 21 71
run=9 seed=8 k=72 f=0
33 66 28 22 0 36 19 65 2 5 61 29 59 68 17 46 54 39 14 34 16 38 25 52 54 26 32 64 41 0 19 5 8 23 50 52 13 1 30 53 8 42 71 60 71 2 1 44 37 0 58 56 71 23 49 10 66 69 51 10 19 0 16 14 16 54 10 37 71 40 32 42 9 23 63 10 68 14 0 29 31 58 25 57 25 37 45 65 65 6 46 42 0 19 28 8 48 60 32 18
run=10 seed=9 k=72 f=0
25 14 46 18 5 38 3 44 8 1 9 52 20 40 7 35 26 4 19 71 42 5 70 26 9 55 2 51 56 41 49 55 64 68 61 28 70 11 17 14 71 1 59 54 0 30 34 48 44 71 32 34 9 48 31 0 27 0 32 45 62 23 57 42 53 71 62 70 22 59 49 39 0 57 17 39 63 11 50 71 66 12 17 23 61 37 35 51 45 65 46 1 29 60 53 37 14 20 11 24
run=12 seed=11 k=72 f=0
49 13 51 58 4 10 4 16 36 40 45 39 9 21 27 32 62 14 51 63 25 48 58 37 2 36 14 19 41 0 1 0 43 23 36 64 14 48 71 70 53 8 32 40 71 3 1 53 47 71 65 54 9 16 67 1 67 34 35 20 29 55 19 4 38 62 25 11 71 26 42 26 0 21 53 28 31 71 18 17 60 42 71 59 54 63 20 46 34 26 54 0 0 65 45 9 32 57 12 19
run=13 seed=12 k=72 f=0
8 40 37 0 19 27 11 12 71 0 16 16 71 27 47 46 55 6 39 48 30 20 67 51 71 19 31 19 39 66 3 0 13 22 3 53 68 70 44 29 15 24 38 52 58 1 8 45 8 71 58 1 36 52 59 0 32 54 7 4 62 25 13 30 31 36 57 34 57 23 13 39 26 21 44 43 66 42 37 27 13 65 57 50 71 62 0 8 66 65 36 64 5 49 17 2 47 47 47 17
