run=1 seed=0 k=87 f=0
54 73 3 13 17 61 58 86 2 74 19 44 71 33 85 53 27 85 63 72 65 9 7 78 68 9 5 1 16 64 56 86 12 46 44 25 66 7 13 78 46 58 24 13 77 19 32 20 34 18 86 40 69 71 33 41 33 29 50 34 59 19 47 76 77 29 85 59 41 35 39 86 81 59 0 12 73 23 81 0 0 23 84 68 31 37 50 53 67 43 48 1 63 8 43 55 74 4 48 53
run=2 seed=1 k=87 f=0
54 73 3 13 17 61 58 86 2 74 19 44 71 33 85 53 27 85 63 72 65 9 7 78 68 9 5 1 16 64 56 86 12 46 44 25 66 7 13 78 46 58 24 13 77 19 32 20 34 18 86 40 69 71 33 41 33 29 50 34 59 19 47 76 77 29 85 59 41 35 39 86 81 59 0 12 73 23 81 0 0 23 84 68 31 37 50 53 67 43 48 1 63 8 43 55 74 4 48 53
run=3 seed=2 k=87 f=0
7 11 5 73 53 72 3 33 82 27 75 57 11 77 53 86 43 58 34 0 44 30 68 45 20 33 35 83 40 6 86 22 62 86 45 71 67 65 15 46 50 15 77 82 68 0 27 60 6 51 17 49 76 79 47 10 70 23 67 0 84 78 3 26 56 26 67 10 53 25 0 15 21 80 14 30 35 86 35 19 61 6 44 39 84 72 64 57 81 70 31 23 2 52 44 7 28 38 28 18
run=4 seed=3 k=87 f=0
31 5 12 15 32 86 85 75 65 61 22 58 66 82 0 36 61 37 67 69 84 75 52 44 44 71 2 17 10 30 32 19 80 8 14 14 4 59 31 48 49 62 81 74 58 25 66 2 78 52 68 61 9 42 47 23 82 39 32 28 22 0 40 17 15 54 52 11 11 77 30 68 43 73 1 24 44 85 46 36 50 3 14 67 55 55 86 61 71 25 12 0 23 53 83 41 19 33 42 30
run=5 seed=4 k=87 f=0
14 19 85 32 6 10 30 36 3 68 41 44 71 79 0 67 23 59 21 62 35 77 22 58 30 0 72 86 69 85 6 57 52 48 64 28 57 76 14 38 41 0 85 2 84 20 37 51 34 81 51 17 14 74 18 24 37 29 50 1 54 39 15 30 58 60 58 10 84 6 8 80 63 64 42 26 42 15 8 45 44 14 80 67 71 81 72 24 40 51 9 25 61 21 50 0 62 5 84 69
run=6 seed=5 k=87 f=0
72 78 17 9 84 54 32 80 84 64 32 44 24 2 59 10 14 79 19 50 2 27 6 40 84 41 49 19 11 61 76 69 77 72 65 37 27 18 38 52 18 76 45 9 59 8 3 36 84 30 31 84 71 54 34 66 7 36 84 32 7 74 16 58 2 0 73 43 15 24 65 0 21 67 0 23 28 1 61 53 46 35 75 86 41 15 51 81 54 24 86 24 45 12 4 11 56 61 23 86
run=7 seed=6 k=87 f=0
57 2 6 14 4 60 31 29 82 1 85 33 6 0 30 9 69 55 72 27 35 69 10 75 65 5 54 46 25 43 13 19 52 36 13 26 70 70 78 23 83 0 0 25 56 79 16 31 58 77 33 63 21 28 83 5 79 39 76 38 86 48 48 16 12 19 76 17 50 67 63 7 12 14 30 68 86 21 63 36 86 42 40 48 7 65 39 1 12 45 86 57 18 81 28 22 61 46 23 77
run=8 seed=7 k=87 f=0
53 58 63 79 2 20 77 40 13 61 26 15 59 38 76 64 79 57 53 15 41 32 13 40 25 18 66 27 59 14 71 6 0 15 86 1 80 31 57 69 0 59 65 71 39 47 27 64 53 45 46 29 62 45 85 77 33 9 49 72 71 47 84 0 71 45 42 13 83 5 24 38 86 33 36 24 53 52 1 69 18 75 3 50 67 86 9 27 7 28 17 7 36 5 86 79 86 27 20 10
run=9 seed=8 k=87 f=0
41 71 77 85 15 82 7 58 54 81 49 86 86 14 20 38 58 86 84 28 86 7 11 33 10 26 55 51 58 15 39 65 76 43 2 60 15 74 36 1 65 11 5 61 72 26 4 41 43 1 7 42 10 54 53 11 74 59 58 46 51 55 22 15 23 68 70 1 0 41 79 66 19 48 68 36 50 0 77 52 24 45 3 30 19 67 35 73 32 46 9 12 30 24 32 65 79 75 86 32
run=10 seed=9 k=87 f=0
86 18 67 67 51 27 14 7 48 41 3 58 4 1 70 39 35 47 15 38 47 0 58 32 5 61 9 33 72 0 83 8 27 14 71 84 0 36 23 47 18 20 72 79 73 81 30 86 13 77 60 49 52 33 0 63 1 63 28 64 68 28 36 86 44 18 40 19 69 23 29 71 42 39 21 44 9 46 13 79 80 59 71 55 86 16 4 86 78 10 54 64 42 79 49 80 42 25 70 53
run=11 seed=10 k=87 f=0
64 72 45 14 84 83 5 39 73 55 35 47 57 12 47 39 74 8 64 44 52 61 5 25 16 50 40 14 43 60 33 30 80 47 26 6 3 71 10 38 67 71 19 0 50 86 61 46 57 66 80 24 0 7 32 26 48 28 86 68 34 0 35 86 1 65 35 83 0 73 26 78 81 73 41 37 17 51 25 69 78 19 6 57 13 18 15 3 79 60 9 65 32 33 25 78 21 22 16 38
run=12 seed=11 k=87 f=0
47 32 69 44 7 57 59 72 8 9 37 68 64 74 19 26 29 15 80 20 44 77 48 0 3 65 61 59 49 70 56 1 42 24 67 6 1 86 1 26 21 54 7 77 69 82 12 16 12 46 35 28 77 38 33 48 23 73 29 38 58 51 62 53 16 29 41 60 86 83 71 18 86 54 1 76 41 14 66 50 62 15 70 41 9 7 21 28 79 83 33 50 83 75 85 61 9 36 15 1
run=13 seed=12 k=87 f=0
10 5 26 44 35 76 38 58 65 34 3 29 80 47 0 63 41 7 47 86 45 54 36 71 42 68 20 86 85 0 3 24 63 45 64 37 17 0 72 73 77 39 36 68 17 56 50 12 0 21 35 29 12 74 17 50 54 38 17 71 75 1 20 56 81 27 9 26 68 63 83 49 60 6 30 9 60 86 58 33 82 0 3 64 77 46 49 52 59 79 26 11 55 57 85 25 59 86 20 85
run=14 seed=13 k=87 f=0
55 55 9 48 13 86 65 49 5 45 3 41 24 21 15 28 86 15 84 41 86 36 82 56 34 72 6 70 77 70 0 0 40 57 35 16 84 22 28 30 43 8 81 71 20 10 49 51 50 23 28 44 35 47 4 12 24 0 67 49 0 66 58 30 64 77 15 10 19 36 66 22 79 66 44 80 42 86 32 3 73 57 33 38 50 79 9 17 53 53 50 11 60 2 79 73 60 59 86 61
run=15 seed=14 k=87 f=0
39 86 54 72 13 77 71 84 25 55 80 27 65 30 80 55 71 85 30 47 8 40 60 0 14 53 64 27 57 11 13 74 34 13 69 49 2 24 43 59 78 59 68 39 68 51 3 34 35 9 20 39 44 44 47 0 21 17 16 5 18 35 43 60 62 10 10 24 25 51 77 67 64 72 29 5 61 86 66 55 0 84 86 37 34 43 0 31 24 21 8 54 22 47 82 2 3 82 61 18
run=16 seed=15 k=87 f=0
45 19 31 1 66 7 70 76 51 34 5 79 14 7 80 60 2 54 47 26 50 37 72 77 70 22 28 8 86 18 78 74 38 43 27 0 66 0 17 57 47 0 26 47 81 32 82 39 11 47 38 13 69 39 81 31 84 3 14 43 59 12 11 14 50 60 27 53 65 53 75 21 29 86 37 53 86 8 43 31 8 21 74 66 86 49 86 63 45 63 24 58 61 0 24 34 57 40 78 19
run=17 seed=16 k=87 f=0
21 54 0 77 17 5 10 14 30 6 83 48 39 16 7 13 74 67 69 7 28 80 27 32 52 1 66 55 29 19 36 42 86 58 26 71 33 85 70 68 83 35 20 32 32 2 66 71 40 26 43 55 17 77 40 52 55 14 72 23 62 0 62 12 31 80 85 65 18 1 34 60 8 26 47 12 24 10 52 69 4 86 15 77 62 59 86 53 73 55 76 45 48 40 76 1 5 79 40 62
run=18 seed=17 k=87 f=0
22 73 38 78 62 45 28 31 56 79 52 16 73 42 63 67 13 0 0 74 8 26 49 86 5 57 48 10 65 69 20 79 2 62 10 54 70 52 3 35 31 17 71 58 86 58 62 84 86 37 11 85 77 28 9 76 73 80 86 31 5 49 22 84 22 36 57 40 62 59 20 0 46 43 28 56 19 37 33 10 37 47 5 42 0 27 66 21 1 49 51 14 18 64 17 79 1 25 39 28
run=19 seed=18 k=87 f=0
16 71 13 19 86 51 36 11 44 60 35 83 33 61 85 80 86 17 56 19 47 9 8 61 86 46 73 41 81 52 20 31 21 30 17 17 74 73 1 0 32 65 60 44 72 27 56 76 62 77 8 15 12 7 6 36 49 55 57 44 33 1 67 38 23 18 65 12 2 85 0 8 53 67 68 81 28 39 75 79 22 40 9 83 86 10 24 1 46 56 47 67 72 25 34 52 42 40 23 85
run=20 seed=19 k=87 f=0
39 6 86 62 53 6 56 36 14 64 8 63 56 74 79 22 78 19 63 37 85 76 40 72 57 59 3 17 83 21 40 12 0 62 71 37 52 72 78 70 50 48 28 51 33 85 61 79 14 86 30 19 32 81 82 44 19 8 26 70 24 45 66 38 21 31 69 82 56 43 53 78 71 35 3 32 23 12 17 39 41 0 57 12 65 47 45 81 1 68 24 47 31 27 5 0 16 0 31 65
