run=1 seed=0 k=115 f=0
27 46 52 25 8 0 37 47 34 1 59 62 9 98 83 86 15 45 36 81 12 103 15 49 100 85 17 73 62 99 114 67 97 24 23 0 102 101 75 56 106 52 89 79 59 45 68 52 6 76 73 21 39 75 71 60 44 68 41 5 31 40 94 8 11 22 11 79 32 114 55 15 22 35 95 97 41 64 91 105 112 1 11 37 23 21 106 86 79 59 112 110 1 108 24 2 1 113 109 109
run=2 seed=1 k=115 f=0
27 46 52 25 8 0 37 47 34 1 59 62 9 98 83 86 15 45 36 81 12 103 15 49 100 85 17 73 62 99 114 67 97 24 23 0 102 101 75 56 106 52 89 79 59 45 68 52 6 76 73 21 39 75 71 60 44 68 41 5 31 40 94 8 11 22 11 79 32 114 55 15 22 35 95 97 41 64 91 105 112 1 11 37 23 21 106 86 79 59 112 110 1 108 24 2 1 113 109 109
run=3 seed=2 k=115 f=0
10 69 113 65 58 83 59 112 43 52 72 54 64 108 90 16 44 8 7 55 108 89 84 87 97 60 10 20 66 48 16 76 2 57 26 81 42 102 0 97 57 114 93 23 35 110 30 109 92 100 99 32 76 86 38 32 44 33 3 110 3 25 88 68 65 16 86 63 21 20 25 70 113 80 86 70 92 105 12 14 65 98 4 15 32 53 33 73 77 0 25 43 38 0 46 79 34 15 101 74
run=4 seed=3 k=115 f=0
86 3 93 95 0 20 67 111 11 105 95 107 91 79 7 70 64 40 16 0 43 112 83 43 77 28 4 67 43 81 34 51 60 32 91 31 43 95 45 33 22 23 1 107 60 52 1 52 92 19 69 9 83 114 49 37 81 76 77 89 46 9 86 71 87 62 19 22 86 33 55 16 75 99 10 61 74 16 15 1 35 101 97 80 68 111 101 105 101 113 24 103 51 0 98 23 57 7 46 83
run=5 seed=4 k=115 f=0
51 16 77 55 108 102 65 58 43 20 14 89 47 104 63 91 112 66 16 59 52 114 23 94 47 13 45 32 48 114 70 43 88 20 68 25 14 11 83 98 6 26 75 40 28 29 52 32 62 81 62 94 102 85 90 111 55 80 34 36 33 7 96 28 39 1 86 64 102 71 6 109 71 55 56 93 68 103 80 16 73 5 77 107 89 72 45 25 22 96 38 68 5 75 98 97 37 1 5 57
run=6 seed=5 k=115 f=0
35 6 65 22 110 42 33 1 62 106 66 14 105 43 0 75 102 72 31 96 14 60 35 113 57 80 93 63 67 52 57 102 26 36 9 114 52 22 10 8 28 80 98 1 5 98 17 7 40 54 78 90 2 23 60 85 66 83 37 83 95 38 76 8 92 103 78 113 28 105 87 24 67 73 17 89 73 62 113 34 53 44 19 49 2 46 31 9 55 113 16 78 77 91 14 107 108 107 11 28
run=7 seed=6 k=115 f=0
61 41 82 50 81 30 96 57 72 93 50 98 96 65 50 51 105 19 5 99 0 103 39 5 39 37 109 28 32 90 10 111 22 109 46 86 41 43 26 104 40 77 98 72 17 31 9 8 0 72 73 18 92 57 62 21 101 114 24 63 24 78 15 87 89 104 56 99 91 20 5 71 114 11 48 17 59 57 61 65 32 68 80 33 10 75 57 81 85 27 87 68 2 47 113 80 54 17 113 0
run=8 seed=7 k=115 f=0
98 34 77 41 5 98 51 57 20 113 95 71 2 72 45 24 42 56 67 15 101 4 13 9 105 24 111 7 36 62 93 109 56 112 36 45 49 0 103 18 79 0 89 50 44 37 25 81 110 97 3 101 2 16 35 73 57 90 85 15 13 63 9 104 78 62 1 75 61 51 76 81 61 102 68 25 41 86 35 19 93 78 27 19 71 76 85 31 42 10 67 50 96 55 84 9 20 29 73 6
run=9 seed=8 k=115 f=0
45 19 77 104 104 108 27 76 12 32 10 52 26 107 51 69 21 52 31 102 54 93 12 47 105 62 79 112 95 113 69 7 72 59 91 43 3 15 37 15 90 17 83 2 79 95 88 96 28 114 3 6 0 112 70 44 60 34 0 57 104 36 39 96 3 28 42 6 74 64 76 78 10 57 39 81 58 11 62 89 86 47 69 25 32 102 87 38 16 31 81 111 41 23 89 47 51 69 97 21
run=10 seed=9 k=115 f=0
98 59 95 67 63 33 20 113 59 67 57 48 8 24 32 14 55 20 21 68 7 87 106 58 85 64 39 83 34 92 0 108 70 78 41 31 107 60 41 55 83 83 69 50 53 1 0 13 24 75 110 54 36 101 99 85 51 41 95 102 15 112 78 43 11 94 8 42 46 10 93 75 103 18 114 4 22 26 18 46 71 30 2 107 36 112 5 101 45 30 88 1 78 23 7 28 71 89 87 114
run=11 seed=10 k=115 f=0
89 32 23 77 72 112 73 96 87 22 89 38 93 33 114 21 53 16 111 38 78 114 2 111 78 71 97 98 63 86 90 58 72 35 25 0 54 75 59 12 14 12 50 93 66 66 16 16 111 9 56 23 28 35 65 5 81 43 105 87 60 50 47 86 18 26 44 15 50 5 101 4 20 22 43 97 39 62 27 51 92 2 102 26 70 103 93 30 56 3 82 1 37 32 100 111 105 78 32 57
run=12 seed=11 k=115 f=0
34 85 42 100 88 114 111 4 89 78 110 68 48 104 18 8 8 27 78 88 48 29 67 110 64 113 7 2 61 23 45 101 9 50 5 0 93 13 66 84 87 62 41 67 45 74 33 80 106 79 70 38 52 37 108 29 28 113 1 90 44 53 12 1 98 39 84 2 73 62 58 7 97 28 70 51 98 78 34 86 18 113 20 91 10 100 18 39 26 85 58 79 40 108 31 23 0 37 2 6
run=13 seed=12 k=115 f=0
75 44 85 73 98 71 71 83 47 64 103 28 108 69 3 3 65 92 47 45 22 13 20 6 53 48 24 36 81 87 111 82 28 53 55 92 51 9 112 17 96 38 24 1 67 60 50 102 9 19 36 43 102 16 78 40 88 91 94 18 57 99 76 107 96 114 1 27 60 15 84 41 0 79 31 71 21 56 8 42 30 110 86 62 75 99 74 113 29 40 69 2 84 84 76 36 3 112 106 56
run=14 seed=13 k=115 f=0
14 9 64 81 4 79 92 60 64 61 26 79 46 89 91 45 15 8 18 13 67 23 34 96 68 74 30 2 24 39 45 78 80 18 57 102 99 29 1 65 107 91 84 89 60 6 34 22 32 1 72 1 93 38 97 47 104 37 54 84 64 93 73 38 90 10 55 6 3 4 46 53 112 113 24 46 100 58 101 69 111 29 35 106 84 18 55 12 81 109 105 35 11 28 103 72 63 43 70 112
run=15 seed=14 k=115 f=0
14 15 56 7 64 75 37 87 49 101 83 4 99 30 67 40 102 70 0 114 60 79 27 113 10 34 104 56 98 83 6 108 8 13 73 31 114 54 71 105 41 33 107 95 70 60 108 35 20 93 54 72 55 53 44 65 82 37 72 49 41 58 93 24 22 111 62 90 45 96 85 69 74 88 114 5 2 71 10 58 96 21 16 4 0 19 64 32 9 80 46 32 79 22 80 99 18 82 88 86
run=16 seed=15 k=115 f=0
88 6 7 47 91 111 59 92 82 98 33 33 94 4 65 0 9 1 70 43 51 20 103 75 50 36 66 41 14 88 27 85 31 29 110 110 5 55 80 73 39 4 14 96 25 113 51 52 67 45 112 84 89 100 71 21 39 104 71 78 75 93 105 114 8 2 44 110 95 32 83 14 54 84 20 79 33 2 16 112 60 29 11 40 114 10 102 55 29 60 50 104 23 65 36 64 101 24 76 77
run=17 seed=16 k=115 f=0
109 4 12 101 76 93 67 0 104 3 34 15 9 1 83 32 19 114 55 3 57 19 51 30 38 41 68 22 42 0 80 104 100 22 20 49 41 81 9 30 108 43 99 69 2 59 96 21 75 67 24 18 0 91 32 42 63 2 75 81 95 24 69 5 105 11 6 101 96 51 12 93 30 20 56 83 0 39 15 76 10 114 111 46 25 46 107 91 48 91 114 68 64 54 73 88 58 84 91 57
run=18 seed=17 k=115 f=0
15 77 19 82 24 39 55 56 78 82 61 100 104 24 87 83 29 114 92 38 18 51 58 33 18 71 110 95 34 23 11 67 1 31 51 27 70 107 4 51 91 79 22 80 8 25 65 17 0 59 70 5 106 32 63 9 2 36 10 114 8 37 27 2 70 89 14 103 88 5 93 108 38 61 45 111 57 13 28 96 58 99 102 85 0 77 17 55 27 88 114 46 29 60 45 100 41 82 98 27
run=19 seed=18 k=115 f=0
68 3 71 67 95 43 47 27 52 77 95 51 87 96 62 78 35 93 56 1 49 15 16 81 101 66 109 100 35 26 59 99 9 80 103 41 3 19 13 44 49 89 110 8 110 97 1 33 74 11 87 111 105 5 57 75 16 112 113 21 59 62 6 1 88 114 85 4 22 98 24 12 89 22 50 43 98 43 10 55 29 71 87 38 57 72 114 14 10 77 35 69 1 36 70 102 3 29 68 64
run=20 seed=19 k=115 f=0
84 31 9 114 27 5 71 113 34 99 107 6 95 106 44 40 24 114 77 27 1 21 60 82 23 91 30 67 86 11 58 110 19 86 2 47 91 45 52 51 50 61 18 55 104 78 112 16 65 0 41 8 38 48 28 92 16 28 13 66 57 88 24 62 65 81 25 53 53 95 104 16 81 60 71 103 40 68 41 54 92 33 60 9 78 105 14 0 36 48 114 98 5 36 12 36 17 113 89 74
