run=1 seed=0 k=81 f=0
63 76 75 62 42 28 59 37 60 26 9 70 59 51 50 34 11 25 3 18 1 26 37 53 19 45 80 72 77 43 19 48 22 55 19 8 46 13 22 8 26 30 64 7 64 16 50 74 23 0 35 1 80 56 78 0 80 31 63 42 52 80 41 38 71 49 25 10 39 20 18 55 62 0 71 7 65 6 78 15 12 70 15 5 54 77 31 71 35 58 39 30 3 1 50 44 3 38 75 42
run=2 seed=1 k=81 f=0
63 76 75 62 42 28 59 37 60 26 9 70 59 51 50 34 11 25 3 18 1 26 37 53 19 45 80 72 77 43 19 48 22 55 19 8 46 13 22 8 26 30 64 7 64 16 50 74 23 0 35 1 80 56 78 0 80 31 63 42 52 80 41 38 71 49 25 10 39 20 18 55 62 0 71 7 65 6 78 15 12 70 15 5 54 77 31 71 35 58 39 30 3 1 50 44 3 38 75 42
run=3 seed=2 k=81 f=0
48 18 1 60 3 22 0 8 49 9 51 5 52 44 0 27 69 45 20 40 80 54 71 25 80 2 69 60 20 13 62 7 79 64 77 65 55 0 44 70 54 15 27 68 49 42 78 3 23 31 32 28 14 67 54 38 53 28 23 70 40 59 16 19 80 75 40 2 61 46 8 16 49 62 80 29 31 38 69 72 36 45 57 73 0 18 58 2 50 37 9 15 33 32 39 35 76 77 63 13
run=4 seed=3 k=81 f=0
76 36 17 55 30 18 80 66 75 56 6 49 0 10 51 54 27 12 42 56 73 45 64 41 28 0 20 11 54 11 74 0 36 24 4 25 19 58 49 65 3 49 4 46 70 8 8 35 70 78 48 64 42 60 73 9 16 44 39 62 7 13 45 34 32 52 40 79 30 79 65 0 57 57 50 70 66 31 65 71 9 80 1 43 21 80 18 64 4 61 25 14 16 42 5 80 37 32 21 80
run=5 seed=4 k=81 f=0
47 30 51 26 33 38 70 24 59 69 77 64 41 54 58 76 0 12 52 22 66 0 14 3 11 67 80 5 2 71 42 17 26 80 13 51 54 3 47 18 63 72 53 62 44 10 13 51 80 36 19 62 26 4 32 10 80 0 9 21 7 36 1 21 69 71 33 1 35 11 73 29 17 34 47 48 79 47 53 15 26 59 27 41 44 67 58 56 80 77 76 60 49 78 61 16 31 44 54 17
run=6 seed=5 k=81 f=0
58 52 10 48 15 58 6 80 44 5 8 77 4 41 25 23 34 23 45 54 1 32 55 22 53 74 0 77 80 70 5 11 43 30 31 61 1 50 0 10 56 19 14 74 80 19 53 28 67 9 28 61 47 71 4 37 3 71 66 37 18 70 7 42 21 67 36 13 76 80 80 31 27 62 55 49 1 11 27 76 57 38 80 68 45 34 0 40 26 64 52 38 14 45 0 59 15 39 73 18
run=7 seed=6 k=81 f=0
6 51 72 69 79 33 1 72 26 60 19 19 71 76 49 74 49 8 9 49 32 23 9 30 80 73 51 42 25 42 63 0 25 79 69 7 33 1 7 64 35 42 46 24 44 1 37 52 27 57 18 61 13 25 61 18 34 80 8 30 35 56 78 30 55 66 16 1 80 79 67 72 80 56 21 14 80 62 60 0 64 54 4 15 69 38 0 8 32 38 14 27 59 13 68 38 2 43 49 41
run=8 seed=7 k=81 f=0
57 29 34 35 0 71 61 15 3 7 19 6 30 51 80 67 3 57 44 28 57 16 72 68 53 46 27 39 2 46 37 80 11 66 76 49 44 26 6 24 63 63 0 8 11 0 73 44 55 23 77 24 80 52 40 33 15 72 0 0 72 38 12 16 59 53 40 20 72 7 9 32 39 37 32 38 61 19 10 1 33 23 18 79 42 50 63 56 80 69 62 35 21 64 73 51 13 15 0 80
run=9 seed=8 k=81 f=0
4 18 80 71 51 44 79 28 68 39 55 28 0 28 14 12 16 60 21 35 49 39 74 30 45 25 1 31 64 44 49 58 45 0 36 63 61 51 61 52 59 43 21 69 77 77 16 14 36 45 36 21 0 69 12 35 9 21 15 34 9 54 4 38 7 78 70 25 74 9 31 13 80 8 73 80 6 53 65 79 0 30 60 67 24 68 54 17 44 6 36 43 60 72 6 79 79 69 32 26
run=10 seed=9 k=81 f=0
79 75 39 0 73 21 14 27 39 14 80 27 55 51 17 25 30 0 50 63 0 13 49 30 55 45 58 30 26 19 3 58 0 42 23 48 52 64 71 9 40 30 78 6 17 34 63 59 17 55 10 57 80 65 51 12 38 72 72 71 64 4 30 14 56 0 79 31 42 70 24 62 38 23 72 15 46 80 23 7 79 7 75 33 52 64 7 48 67 61 43 17 77 22 45 5 66 0 28 31
run=11 seed=10 k=81 f=0
28 47 40 60 79 70 32 0 54 5 4 68 80 43 71 19 64 21 33 46 11 28 7 74 79 50 8 64 52 51 28 72 54 13 6 61 76 80 74 39 80 65 35 5 9 47 76 41 23 40 17 0 0 41 45 23 15 18 57 38 15 1 80 57 60 11 20 70 80 0 6 11 80 62 73 26 61 25 18 13 51 0 32 67 36 32 31 38 66 10 2 24 43 57 26 52 69 55 10 51
run=12 seed=11 k=81 f=0
68 51 43 64 9 17 76 65 27 17 54 14 9 59 27 17 53 0 44 35 80 39 19 33 11 17 0 57 19 24 71 57 0 22 61 0 78 57 40 34 11 74 48 9 25 42 63 50 68 44 39 49 5 36 80 3 20 51 10 34 24 63 36 37 13 72 25 2 24 75 11 26 33 20 62 50 34 55 63 80 67 3 62 71 45 72 76 46 1 29 63 2 44 47 78 30 80 59 36 25
run=13 seed=12 k=81 f=0
13 3 2 30 6 15 17 31 39 30 17 29 17 15 73 48 43 54 67 75 31 60 22 3 0 0 71 39 45 80 6 14 32 61 18 22 68 38 10 23 24 25 75 44 29 78 12 0 16 71 38 75 59 42 5 51 60 0 66 72 36 10 76 19 69 67 36 40 53 45 11 47 50 41 28 34 80 56 6 25 80 0 30 46 40 49 80 12 62 65 62 0 8 80 57 24 52 7 8 23
run=14 seed=13 k=81 f=0
5 11 1 1 61 23 29 79 0 16 74 80 35 49 13 43 27 60 17 46 80 51 55 46 10 8 73 75 23 64 67 70 60 49 80 23 32 72 65 23 33 12 2 54 56 41 25 47 62 45 9 38 74 27 31 7 47 50 63 64 34 75 55 80 17 36 8 23 20 54 67 57 0 0 18 56 65 25 30 7 5 36 80 40 0 79 54 16 65 37 69 57 43 48 1 25 80 15 53 15
run=15 seed=14 k=81 f=0
66 74 3 16 35 40 38 58 0 74 79 26 80 79 26 66 48 14 8 32 21 50 15 0 36 30 58 33 32 76 65 39 61 65 68 33 4 79 4 19 21 14 45 23 46 72 12 60 55 80 38 54 1 54 0 31 0 44 59 18 63 58 76 57 72 69 69 27 5 45 7 80 41 35 71 24 8 66 44 20 29 76 17 26 68 52 20 28 21 38 11 16 38 10 0 37 11 13 1 50
run=16 seed=15 k=81 f=0
76 4 54 55 56 0 71 64 76 39 23 61 42 7 2 41 46 3 8 67 59 26 64 34 55 64 24 57 78 45 38 72 27 43 79 48 46 79 73 35 60 0 19 69 80 21 30 33 31 55 15 36 9 65 59 25 38 67 12 67 39 14 14 34 30 52 17 32 34 80 70 6 17 80 25 27 44 6 80 59 18 50 63 10 44 51 80 72 27 74 12 0 74 24 0 52 51 73 58 10
run=17 seed=16 k=81 f=0
16 33 39 16 18 49 35 23 6 1 19 6 43 1 71 0 72 32 68 42 7 16 63 29 19 11 8 29 79 53 54 60 22 16 27 69 67 79 33 36 45 52 69 12 10 77 70 70 18 0 23 22 38 80 4 62 4 51 29 38 47 51 16 52 9 40 55 63 75 0 25 44 56 60 63 13 0 66 0 79 45 36 31 39 66 12 80 38 4 21 2 49 55 76 28 58 32 29 13 24
run=18 seed=17 k=81 f=0
5 66 57 20 51 61 28 36 26 20 0 17 12 17 32 25 50 7 1 74 48 4 40 28 51 69 69 63 64 40 42 80 73 72 19 55 28 0 12 80 1 62 53 32 17 54 65 69 9 24 10 2 33 43 20 78 34 39 28 33 43 42 48 38 47 14 74 60 38 50 14 70 77 21 59 5 52 78 55 65 71 13 4 30 19 47 1 58 49 80 0 61 55 12 74 80 26 62 18 43
run=19 seed=18 k=81 f=0
6 65 37 5 80 20 23 54 38 21 31 45 10 30 59 57 42 57 64 11 46 37 77 41 70 73 74 44 69 14 80 72 1 47 0 20 65 0 6 27 0 19 38 51 18 35 8 77 59 34 22 3 25 39 78 11 48 18 54 27 80 1 49 66 16 62 47 10 80 31 8 54 0 49 16 60 43 56 67 24 6 28 2 23 0 71 51 65 13 3 80 61 32 80 50 72 53 12 59 29
run=20 seed=19 k=81 f=0
19 28 27 21 32 30 71 16 56 62 53 68 64 62 49 63 71 14 73 15 80 49 4 57 78 22 11 69 77 80 1 37 31 25 65 15 80 80 0 8 52 0 38 71 0 25 9 76 60 52 39 3 9 16 57 44 46 40 67 42 41 21 16 4 62 9 58 69 23 1 65 53 0 0 31 77 62 46 31 7 8 56 0 47 43 15 79 69 49 44 74 8 23 29 13 73 28 34 25 20
