run=1 seed=0 k=90 f=0
89 64 27 25 23 26 58 89 55 40 4 58 61 7 23 71 61 41 52 46 29 88 87 1 62 80 62 13 37 74 51 41 75 48 45 17 29 13 31 52 30 60 68 54 18 67 68 83 89 26 83 46 0 81 1 63 32 5 77 32 46 48 14 87 40 35 16 6 20 44 55 77 72 17 8 89 74 36 36 50 10 1 6 21 68 84 35 11 25 17 42 61 34 23 87 82 69 11 84 45
run=2 seed=1 k=90 f=0
89 64 27 25 23 26 58 89 55 40 4 58 61 7 23 71 61 41 52 46 29 88 87 1 62 80 62 13 37 74 51 41 75 48 45 17 29 13 31 52 30 60 68 54 18 67 68 83 89 26 83 46 0 81 1 63 32 5 77 32 46 48 14 87 40 35 16 6 20 44 55 77 72 17 8 89 74 36 36 50 10 1 6 21 68 84 35 11 25 17 42 61 34 23 87 82 69 11 84 45
run=3 seed=2 k=90 f=0
60 22 43 0 89 46 56 88 78 12 24 11 14 52 30 74 56 35 57 55 62 34 89 63 80 47 80 1 36 54 88 0 55 15 17 53 34 57 3 21 70 48 79 89 13 66 23 34 2 64 44 16 18 36 24 68 66 43 40 4 82 42 63 0 50 6 7 66 14 10 8 73 39 7 73 8 61 37 73 46 26 81 19 43 87 86 29 20 77 12 77 67 69 50 31 31 27 89 31 75
run=4 seed=3 k=90 f=0
67 61 51 24 15 89 89 17 65 80 3 82 63 21 28 53 29 62 31 77 39 72 58 46 13 78 65 47 81 13 12 6 16 0 89 24 59 41 55 0 53 19 26 32 21 8 21 54 67 55 89 49 88 60 83 74 71 35 56 36 2 1 1 71 68 22 13 46 27 74 47 19 13 77 20 35 45 31 65 7 83 46 7 9 12 86 37 0 31 5 52 89 74 88 68 34 44 44 66 14
run=5 seed=4 k=90 f=0
53 29 72 28 43 50 15 4 68 10 89 35 0 44 11 67 31 24 55 25 79 8 19 15 85 81 74 62 30 4 0 48 33 55 79 57 3 88 21 88 36 63 36 0 14 42 22 58 10 72 83 89 51 3 68 75 31 18 55 0 18 75 10 7 30 26 6 26 40 52 0 69 89 59 61 12 37 89 1 40 88 20 17 46 70 49 41 65 68 15 80 63 68 46 38 13 22 25 45 82
run=6 seed=5 k=90 f=0
66 89 60 72 17 74 80 27 33 31 51 39 22 34 83 83 42 65 3 18 40 31 9 64 25 14 16 49 8 37 89 56 0 19 39 75 19 83 89 10 25 89 55 11 35 61 21 54 3 82 0 45 70 74 46 3 25 34 1 49 21 14 70 1 11 63 28 62 10 49 8 84 50 45 31 61 88 80 27 89 66 47 44 37 80 53 59 7 63 76 71 62 30 5 89 73 54 28 71 26
run=7 seed=6 k=90 f=0
9 23 52 5 47 0 46 33 48 58 61 64 77 12 20 11 61 7 3 35 71 47 70 41 89 70 27 41 72 18 3 80 2 56 23 56 36 42 69 27 65 42 84 35 57 85 9 88 9 0 82 86 19 89 65 22 61 69 15 39 87 69 78 24 49 72 35 78 6 75 31 0 77 14 49 74 59 53 24 30 32 53 30 16 86 60 39 89 63 80 47 77 86 16 27 2 43 46 13 15
run=8 seed=7 k=90 f=0
61 70 89 31 65 31 86 0 39 43 50 46 31 66 55 24 32 18 2 36 44 6 18 74 76 2 1 74 37 50 81 59 67 36 22 30 27 7 87 88 57 10 46 0 46 17 60 85 65 11 13 73 89 31 82 53 40 38 0 35 39 63 9 67 58 67 8 85 82 41 60 0 22 7 52 52 44 89 65 21 89 73 16 27 22 46 77 64 52 42 81 73 0 8 16 14 22 55 33 23
run=9 seed=8 k=90 f=0
76 54 12 89 81 44 52 1 87 63 68 65 39 47 0 71 32 87 34 0 25 88 57 22 10 23 74 17 82 63 7 17 62 8 70 34 36 25 18 45 0 10 77 37 58 56 43 11 89 41 55 66 50 53 51 59 43 25 35 39 72 27 49 0 33 31 7 48 48 10 15 84 6 12 58 87 3 33 78 6 3 64 67 64 58 71 81 44 26 69 81 85 88 2 78 43 38 18 77 83
run=10 seed=9 k=90 f=0
49 52 25 38 17 27 50 43 39 32 16 86 88 47 5 65 89 8 54 51 1 82 60 46 22 16 58 83 65 75 74 28 14 87 73 8 1 61 70 21 33 21 50 43 4 67 0 48 47 0 15 34 80 46 21 82 85 31 72 13 24 47 18 30 3 1 88 87 89 88 42 75 34 53 56 59 12 25 41 61 37 9 89 76 63 39 70 7 75 38 78 26 27 61 71 35 84 59 0 69
run=11 seed=10 k=90 f=0
84 64 38 84 48 71 5 62 17 5 58 58 18 67 77 0 61 80 71 48 89 36 25 33 52 42 52 13 88 66 27 55 89 16 1 45 49 0 89 64 19 32 56 25 61 72 8 30 0 52 39 48 86 85 47 40 63 4 81 78 73 11 47 68 8 87 74 23 24 75 5 37 15 42 22 43 4 0 70 47 17 8 54 28 2 55 33 12 61 9 27 41 38 69 86 76 78 25 82 63
run=12 seed=11 k=90 f=0
23 14 54 35 33 1 86 13 89 54 51 4 42 14 0 21 60 74 14 88 35 83 37 3 27 26 52 66 1 73 33 72 18 87 22 45 82 50 70 11 42 79 32 67 41 49 18 15 19 52 25 40 10 0 8 24 89 58 4 50 89 88 77 17 43 34 24 9 26 82 0 40 78 69 41 10 83 13 15 26 60 47 55 63 66 89 68 63 10 84 33 21 79 73 80 79 78 32 72 44
run=13 seed=12 k=90 f=0
66 43 71 28 5 69 89 85 31 53 89 84 7 74 58 89 14 26 74 38 82 14 0 46 78 81 89 26 64 13 29 50 89 8 40 62 14 37 59 77 6 0 17 48 28 1 29 54 56 72 56 8 47 60 63 22 84 50 74 57 21 3 61 54 0 13 36 69 65 0 87 35 7 40 0 12 0 79 56 71 35 20 43 77 7 30 35 63 51 41 21 50 43 44 19 30 20 28 71 83
run=14 seed=13 k=90 f=0
24 70 87 31 82 59 2 53 2 71 16 19 82 67 71 54 29 52 38 69 88 43 42 51 63 73 2 6 23 89 46 13 35 86 47 26 11 15 24 89 82 21 0 77 75 45 49 84 2 89 16 11 38 6 40 69 73 54 37 6 80 85 73 65 8 30 42 28 79 63 10 33 48 28 20 56 45 75 50 59 66 30 20 32 4 20 58 39 56 5 0 60 11 47 18 75 55 65 80 8
run=15 seed=14 k=90 f=0
13 72 73 88 43 38 30 60 9 31 18 36 64 89 21 65 26 62 16 71 80 13 69 48 44 81 40 38 23 3 12 88 88 3 32 49 61 79 11 70 58 53 70 8 34 27 63 48 88 9 29 9 68 8 15 21 68 43 61 8 19 78 58 53 42 1 83 87 43 63 32 0 57 9 44 77 28 73 6 32 0 26 66 89 34 55 0 18 39 36 79 50 1 53 25 25 76 76 73 58
run=16 seed=15 k=90 f=0
37 4 69 35 19 75 4 1 87 88 53 89 75 14 89 15 0 7 8 31 38 48 63 85 70 64 68 21 33 48 41 25 31 80 60 57 26 47 41 51 25 44 31 88 87 59 76 22 75 83 57 56 34 33 20 36 74 82 8 42 24 33 30 39 25 52 44 22 65 77 70 16 43 0 52 14 3 19 20 56 0 83 13 60 76 43 15 10 82 27 66 14 9 58 51 89 5 8 21 62
run=17 seed=16 k=90 f=0
62 35 32 22 39 53 55 65 33 79 21 5 29 21 38 2 89 36 81 3 79 54 44 14 8 66 81 52 73 2 1 88 67 85 17 70 73 45 9 11 9 30 17 2 16 88 7 21 30 50 35 13 41 8 27 80 72 0 67 46 13 64 44 8 32 71 1 86 46 42 60 37 82 45 75 52 38 56 38 86 23 60 87 0 12 78 22 70 43 56 20 51 6 27 74 72 48 57 31 62
run=18 seed=17 k=90 f=0
63 2 9 17 63 89 37 0 80 47 72 16 59 66 85 28 0 59 9 33 55 12 33 68 4 51 28 13 79 37 33 67 73 47 30 48 89 10 16 3 6 0 68 80 50 31 20 18 83 25 47 55 72 76 30 73 19 22 80 60 64 41 37 18 25 45 1 22 23 55 78 77 34 11 89 46 63 89 7 0 37 88 3 38 42 41 9 80 73 41 50 61 8 32 82 85 21 57 18 38
run=19 seed=18 k=90 f=0
14 8 15 1 4 48 34 20 2 27 16 55 10 72 86 83 60 0 44 60 41 50 41 70 18 80 49 71 24 61 6 22 31 38 82 63 5 12 64 64 39 89 84 75 9 19 26 58 69 29 30 13 12 29 25 32 67 43 33 1 20 70 76 67 76 69 50 53 0 13 74 82 44 77 51 53 88 23 79 40 74 13 19 57 69 0 89 88 4 41 53 46 61 45 89 4 17 36 68 5
run=20 seed=19 k=90 f=0
29 85 70 81 69 62 71 82 2 7 4 39 77 66 50 46 8 89 88 78 71 34 5 71 57 46 89 66 6 4 75 59 10 11 27 64 73 1 41 83 14 50 31 20 14 45 7 52 30 79 59 25 70 77 56 36 37 61 89 76 53 1 81 65 18 71 54 34 41 20 23 19 15 35 37 0 28 53 30 42 6 20 15 74 14 0 0 28 13 27 23 62 87 44 25 49 42 89 34 84
