run=1 seed=0 k=112 f=0
71 34 82 19 1 31 10 22 57 45 62 75 0 21 83 73 78 111 100 72 80 56 103 93 28 26 76 110 99 4 33 42 38 82 45 23 33 58 51 58 85 109 73 7 48 66 62 100 107 53 45 54 38 10 37 65 55 18 31 4 65 13 18 102 104 89 110 81 17 56 12 97 85 8 93 23 74 28 47 70 63 88 12 45 98 47 0 107 65 16 100 4 12 64 91 90 61 46 46 46
run=2 seed=1 k=112 f=0
71 34 82 19 1 31 10 22 57 45 62 75 0 21 83 73 78 111 100 72 80 56 103 93 28 26 76 110 99 4 33 42 38 82 45 23 33 58 51 58 85 109 73 7 48 66 62 100 107 53 45 54 38 10 37 65 55 18 31 4 65 13 18 102 104 89 110 81 17 56 12 97 85 8 93 23 74 28 47 70 63 88 12 45 98 47 0 107 65 16 100 4 12 64 91 90 61 46 46 46
run=3 seed=2 k=112 f=0
87 95 53 31 21 2 48 77 89 107 93 80 57 21 100 105 11 101 47 74 50 37 9 87 39 31 68 62 76 98 93 83 111 50 76 27 36 33 58 13 0 26 15 20 68 45 84 50 18 3 12 31 87 56 66 105 35 75 60 55 43 17 15 79 9 38 101 94 15 78 109 5 52 93 59 66 10 49 33 12 1 97 65 88 103 2 72 108 61 46 25 0 71 27 8 25 41 64 9 91
run=4 seed=3 k=112 f=0
74 32 56 56 18 52 53 96 1 96 13 4 1 107 17 75 18 79 65 75 67 19 62 90 69 71 4 89 84 30 50 46 83 39 34 97 67 12 60 38 62 110 30 5 40 10 73 32 82 26 39 21 36 101 111 65 72 29 26 83 11 25 47 89 47 21 13 2 89 15 54 50 46 99 2 83 98 75 99 37 56 10 74 21 0 58 62 108 33 97 45 84 106 61 110 105 92 107 44 85
run=5 seed=4 k=112 f=0
77 3 34 78 35 81 105 11 5 85 96 82 111 21 27 84 55 20 44 67 36 27 48 69 37 94 107 106 32 36 78 93 57 0 65 75 66 97 87 15 45 0 64 91 53 91 27 61 36 111 63 13 27 101 40 48 78 0 44 110 44 16 75 84 111 23 47 67 59 6 103 23 62 50 71 50 13 86 76 102 70 11 99 32 107 8 14 25 75 4 39 22 84 2 96 54 9 7 1 69
run=6 seed=5 k=112 f=0
43 23 10 72 95 96 80 57 65 109 99 105 13 62 90 100 73 102 39 5 56 13 4 85 3 92 44 101 100 63 82 31 55 25 103 89 10 43 34 1 53 21 87 108 83 98 29 31 17 111 13 1 30 52 0 82 73 67 91 45 65 61 76 60 9 52 40 74 107 21 50 32 81 111 8 84 22 102 49 39 0 63 40 70 39 26 39 0 94 46 77 80 63 94 16 17 34 55 13 67
run=7 seed=6 k=112 f=0
85 6 43 81 92 101 102 35 57 98 63 91 89 36 61 102 9 96 39 103 95 111 12 15 77 19 108 20 5 31 60 66 104 82 101 23 25 10 3 77 93 56 44 2 3 12 107 46 99 34 22 24 0 19 71 77 1 50 81 28 84 56 94 58 55 18 15 44 46 7 65 106 47 69 111 110 65 58 17 73 10 30 37 105 36 40 75 46 75 27 2 28 81 69 86 90 74 62 53 85
run=8 seed=7 k=112 f=0
88 57 59 15 64 46 10 81 32 105 19 111 83 81 18 42 2 82 96 80 104 67 51 56 77 107 65 32 1 46 13 11 9 72 22 95 58 16 65 100 92 58 59 76 58 23 52 61 84 51 24 65 42 108 39 7 2 74 28 7 75 27 13 100 94 23 26 49 92 75 21 13 9 0 91 73 110 102 6 27 83 35 100 111 44 109 64 34 55 30 41 0 67 38 90 33 58 34 83 86
run=9 seed=8 k=112 f=0
73 11 110 109 55 13 108 2 61 81 14 39 91 16 38 73 52 0 101 5 97 46 73 45 53 71 70 57 55 19 33 0 82 59 109 67 19 109 75 10 92 37 83 49 7 30 39 44 101 27 80 70 62 13 100 27 87 106 69 105 109 86 105 9 89 87 61 19 80 31 92 95 78 0 38 48 35 100 106 8 63 27 78 32 53 66 18 56 44 87 51 41 20 27 35 22 2 88 17 4
run=10 seed=9 k=112 f=0
51 2 101 23 2 13 12 42 26 20 8 86 40 1 11 111 97 0 72 91 69 96 91 83 63 10 33 63 107 93 83 61 72 69 87 40 58 96 78 92 44 17 58 25 37 24 72 99 105 19 63 22 71 42 105 83 53 80 38 49 63 77 42 88 18 73 94 101 79 103 81 35 28 1 44 106 40 53 100 5 10 26 5 35 55 100 54 13 65 31 110 26 28 7 26 111 18 47 84 53
run=11 seed=10 k=112 f=0
111 56 54 40 98 41 19 23 75 19 18 85 2 13 88 31 0 70 0 92 100 23 59 74 54 28 8 34 24 17 77 15 15 4 28 3 45 102 11 8 67 7 93 76 8 21 16 14 109 42 106 96 52 37 57 32 65 61 108 90 64 40 97 19 62 86 36 107 42 29 34 29 77 80 86 80 22 52 57 110 85 51 110 110 72 38 12 94 5 105 99 51 71 69 76 81 34 96 76 0
run=12 seed=11 k=112 f=0
22 109 85 77 108 39 57 93 25 111 97 68 44 95 66 41 89 100 27 34 91 72 53 58 5 41 20 103 71 89 26 50 75 111 36 55 38 77 64 96 34 22 4 54 18 29 96 81 17 9 47 109 79 100 14 102 83 86 106 86 25 97 45 48 49 69 14 72 14 40 65 48 96 4 32 60 6 69 55 34 65 3 15 86 81 17 0 102 24 61 110 41 91 58 106 28 13 104 100 92
run=13 seed=12 k=112 f=0
83 2 97 111 107 9 37 108 65 16 90 93 19 17 110 72 11 51 79 44 63 110 44 74 22 104 65 50 106 45 44 26 69 34 48 78 38 79 69 103 3 56 43 109 60 77 53 56 48 19 84 74 83 16 1 91 4 12 81 8 56 33 13 61 57 39 100 96 103 8 70 111 28 28 92 66 30 34 10 58 39 94 102 100 33 88 37 103 86 75 1 16 96 76 50 25 30 64 9 21
run=14 seed=13 k=112 f=0
90 76 45 79 24 49 0 43 73 61 54 85 42 103 51 43 74 0 0 36 61 7 1 87 23 88 53 14 64 37 19 20 105 57 37 34 46 32 4 68 44 76 80 62 83 19 89 13 4 26 10 49 110 12 111 98 57 32 46 55 49 70 37 95 25 89 75 37 111 17 102 102 14 81 38 86 77 110 95 65 30 101 2 18 1 94 66 101 110 10 3 87 27 4 96 72 1 59 10 20
run=15 seed=14 k=112 f=0
43 84 55 74 97 53 56 104 38 26 34 0 16 2 77 65 110 2 72 50 96 45 11 38 58 37 57 100 91 99 80 6 0 23 64 105 107 39 59 7 66 82 75 93 34 71 19 62 11 60 19 25 88 14 64 86 52 95 74 16 69 91 6 83 46 71 5 79 58 85 52 35 25 83 17 43 43 5 89 107 22 108 110 91 17 26 98 47 45 46 63 0 55 69 107 111 28 47 101 11
run=16 seed=15 k=112 f=0
101 84 93 39 73 47 2 71 79 22 38 31 32 108 2 1 76 83 36 49 61 23 53 17 82 102 30 81 16 78 53 77 109 16 4 99 62 7 59 12 7 86 52 109 66 22 24 16 89 46 70 39 111 46 41 101 56 48 70 48 58 107 41 63 26 2 58 28 105 53 1 0 11 84 23 17 88 101 97 9 93 29 32 107 6 72 37 62 105 31 94 78 21 92 13 88 95 71 25 72
run=17 seed=16 k=112 f=0
76 105 89 12 51 79 52 27 63 48 4 57 3 31 100 24 61 46 15 61 11 50 21 88 62 109 97 110 3 68 54 38 65 0 76 69 29 103 83 92 20 28 64 58 96 9 21 45 49 76 111 17 85 1 10 35 108 39 19 34 39 111 18 93 92 108 61 10 80 33 31 18 97 108 23 44 95 46 110 23 65 89 24 53 101 80 14 58 35 36 53 75 30 85 74 42 81 1 91 3
run=18 seed=17 k=112 f=0
20 29 37 51 19 47 63 55 105 71 25 93 99 49 110 90 16 31 7 7 18 111 37 20 35 101 81 94 14 90 92 49 2 111 27 7 104 5 38 81 1 70 66 19 102 51 10 63 68 50 70 79 111 42 91 78 81 60 78 24 38 44 73 80 103 29 53 82 35 99 73 12 59 30 0 106 88 11 57 56 63 0 0 13 97 43 87 36 103 44 71 84 87 1 60 48 60 22 32 108
run=19 seed=18 k=112 f=0
38 94 95 15 36 56 79 29 68 29 111 109 74 44 26 15 106 90 61 10 36 23 33 59 35 54 75 109 30 0 64 69 95 79 100 3 100 108 51 3 25 29 40 83 46 19 3 111 76 30 8 60 39 82 0 95 7 67 77 76 68 86 90 12 5 47 38 103 46 37 60 52 47 42 21 92 73 106 59 20 53 106 8 99 1 10 84 49 14 71 86 66 47 65 0 18 96 11 28 27
run=20 seed=19 k=112 f=0
73 88 72 26 87 44 41 65 28 12 1 0 4 78 57 8 4 15 15 92 46 70 68 108 65 85 2 95 65 17 21 28 89 81 53 62 18 0 15 65 89 111 31 36 39 105 109 70 56 108 33 107 30 64 92 98 35 80 11 100 78 111 15 52 74 107 98 77 20 56 23 36 98 11 68 72 84 39 61 64 80 102 59 8 38 25 39 73 88 60 46 100 35 45 91 110 98 71 74 6
