run=1 seed=0 k=103 f=0
100 99 35 35 47 49 37 33 80 73 102 68 27 25 55 28 0 14 64 29 46 72 100 6 8 102 21 44 71 90 94 11 85 2 7 2 32 83 53 9 45 52 59 77 97 50 93 58 26 47 12 102 79 18 28 69 72 0 38 60 56 37 13 40 42 40 77 50 81 99 21 88 10 63 65 94 16 72 6 18 89 0 91 75 64 39 88 57 2 53 94 12 74 24 79 90 85 40 49 102
run=2 seed=1 k=103 f=0
100 99 35 35 47 49 37 33 80 73 102 68 27 25 55 28 0 14 64 29 46 72 100 6 8 102 21 44 71 90 94 11 85 2 7 2 32 83 53 9 45 52 59 77 97 50 93 58 26 47 12 102 79 18 28 69 72 0 38 60 56 37 13 40 42 40 77 50 81 99 21 88 10 63 65 94 16 72 6 18 89 0 91 75 64 39 88 57 2 53 94 12 74 24 79 90 85 40 49 102
run=3 seed=2 k=103 f=0
71 43 4 89 81 98 55 30 61 28 22 11 9 28 0 28 84 20 41 61 82 56 64 60 3 40 36 94 42 25 63 14 28 53 0 20 80 2 43 36 16 7 63 46 73 57 41 41 1 50 2 75 25 21 35 79 32 47 38 36 33 85 85 91 89 25 64 64 48 48 70 99 95 21 7 54 54 69 71 44 66 99 5 13 0 98 59 79 25 99 89 97 17 54 102 77 94 66 87 69
run=4 seed=3 k=103 f=0
1 0 59 48 47 67 28 2 21 80 83 82 12 53 97 87 57 64 96 29 52 102 6 92 5 102 21 45 68 83 88 75 54 43 84 62 59 9 77 88 98 15 54 18 69 102 23 43 21 49 30 101 69 7 88 98 39 26 44 49 29 30 81 1 93 30 1 101 92 69 16 71 8 47 81 100 4 37 4 29 22 60 59 34 68 64 93 4 90 38 74 61 85 15 58 23 11 40 74 80
run=5 seed=4 k=103 f=0
56 71 91 76 91 44 62 50 34 11 46 0 30 95 100 8 55 70 1 0 15 99 37 54 91 28 0 1 53 99 12 54 72 24 78 25 46 33 8 15 84 24 14 7 82 23 66 26 102 18 29 14 6 101 81 75 35 82 76 30 79 19 53 0 99 101 39 51 86 67 48 68 39 61 96 7 18 36 95 44 66 43 85 89 32 91 64 18 71 36 6 67 22 76 61 57 43 88 5 62
run=6 seed=5 k=103 f=0
38 99 92 89 32 82 57 31 58 95 9 6 98 80 48 47 59 9 11 89 3 84 59 22 86 96 68 13 94 101 3 38 4 71 44 62 83 24 93 28 50 102 45 62 102 92 4 42 23 50 28 26 14 88 36 101 22 65 18 25 41 1 95 0 1 3 44 16 27 8 90 101 72 11 29 68 19 82 48 42 73 54 68 16 64 57 81 0 67 68 74 54 33 45 55 79 40 34 2 50
run=7 seed=6 k=103 f=0
9 23 17 19 49 91 23 65 79 50 60 13 5 74 99 54 95 64 70 11 36 45 28 96 100 16 2 77 92 51 53 17 37 97 37 68 71 43 1 87 11 26 53 2 80 27 36 35 77 1 66 46 59 89 23 58 78 53 71 88 102 3 2 73 17 15 4 25 0 75 9 95 51 44 32 62 75 83 83 69 8 100 24 88 93 61 42 34 62 83 20 77 13 33 43 29 102 35 75 102
run=8 seed=7 k=103 f=0
66 92 67 88 12 42 49 96 11 32 50 48 99 86 56 100 64 28 22 97 33 9 6 74 87 95 29 41 38 1 20 1 85 80 90 67 13 56 62 3 79 27 15 6 31 92 25 66 24 55 99 98 10 38 101 25 64 77 15 17 76 62 1 48 4 91 75 51 80 60 38 99 102 62 2 102 83 38 59 66 53 72 101 70 41 46 85 11 4 73 22 88 34 79 42 23 52 34 41 33
run=9 seed=8 k=103 f=0
97 73 87 81 33 17 87 102 87 21 90 102 82 29 67 17 99 53 56 11 59 86 97 58 64 36 1 31 41 47 82 94 10 86 68 40 77 46 55 0 10 102 95 102 41 92 11 56 59 67 89 74 15 81 63 80 10 55 69 25 48 50 22 75 71 8 62 75 50 69 27 12 81 18 7 40 41 100 31 91 2 24 29 13 79 26 91 32 100 23 42 21 49 85 7 38 62 31 28 70
run=10 seed=9 k=103 f=0
27 39 68 81 84 32 30 13 19 68 81 7 8 60 69 16 24 36 44 1 75 85 45 102 97 87 14 17 84 59 3 67 97 72 76 22 45 20 55 76 91 34 7 92 77 1 5 40 97 58 30 40 68 4 82 99 54 60 59 59 31 50 71 45 90 53 77 29 92 42 0 102 49 23 13 14 24 50 48 18 100 25 78 63 19 37 78 71 10 102 84 42 54 87 6 101 46 16 90 60
run=11 seed=10 k=103 f=0
28 25 45 62 72 82 64 25 44 95 16 101 45 18 78 98 10 71 26 4 57 87 16 52 45 56 72 2 50 30 3 77 36 87 57 8 48 18 38 17 87 102 51 25 6 69 11 14 0 19 43 84 78 17 42 69 1 60 40 81 45 16 76 97 64 31 23 32 69 98 36 87 66 6 28 93 56 81 83 18 34 48 102 0 29 89 90 0 95 84 99 100 65 70 90 75 101 32 2 90
run=12 seed=11 k=103 f=0
14 25 1 50 2 41 100 99 56 74 28 85 3 41 90 53 55 98 75 75 0 34 59 30 68 2 77 82 30 0 13 85 99 66 88 10 59 28 35 33 99 95 75 12 17 74 73 94 16 63 86 59 31 12 50 6 56 44 8 90 72 80 11 36 1 79 80 42 48 59 91 3 102 23 22 26 65 13 17 82 102 68 17 16 62 52 43 39 49 81 67 82 26 98 7 56 66 50 13 86
run=13 seed=12 k=103 f=0
83 0 35 31 70 54 59 48 38 98 2 21 47 19 0 23 45 101 30 30 99 48 51 23 46 25 12 67 94 52 69 74 17 90 51 13 43 23 83 30 80 19 68 9 38 64 62 86 37 93 60 44 74 82 77 1 42 7 89 78 63 67 94 15 97 71 6 58 66 1 31 54 82 96 5 102 27 68 52 101 4 58 15 39 80 56 54 40 15 60 75 60 33 15 87 10 101 102 30 46
run=14 seed=13 k=103 f=0
84 99 14 86 60 77 24 32 85 49 26 45 79 56 3 41 101 21 26 39 48 88 86 96 102 12 66 59 1 35 42 79 31 9 44 9 100 87 99 73 79 67 55 95 0 89 51 100 28 81 27 96 3 102 0 15 86 52 94 62 52 53 58 65 67 47 7 92 2 3 33 1 61 39 92 10 23 56 74 71 16 34 64 42 60 63 72 46 85 49 22 81 44 36 10 17 16 17 75 39
run=15 seed=14 k=103 f=0
23 30 87 13 4 20 0 101 35 53 90 54 27 90 85 52 78 7 92 48 97 79 91 69 102 60 26 14 58 84 16 61 47 0 68 5 42 91 37 33 36 84 15 32 72 102 14 86 86 19 99 100 0 31 66 54 101 9 36 36 94 0 14 26 25 8 19 11 21 59 48 80 67 93 102 56 97 3 71 100 42 11 72 74 3 61 37 50 71 52 76 82 37 90 26 60 71 26 43 41
run=16 seed=15 k=103 f=0
7 49 90 77 93 61 31 35 69 67 44 71 12 1 48 97 47 38 80 65 37 84 35 59 87 22 14 30 97 24 35 15 22 96 31 29 15 0 17 84 87 102 67 29 30 54 69 18 40 56 70 47 65 2 51 86 43 63 77 22 8 58 34 83 75 98 63 9 25 48 16 102 79 76 102 88 6 98 0 88 62 53 52 26 93 0 93 33 86 12 38 7 71 48 41 59 53 1 19 79
run=17 seed=16 k=103 f=0
48 85 76 87 35 97 101 66 58 40 71 8 84 9 40 18 52 63 96 51 11 102 60 78 90 81 69 72 64 48 23 30 15 3 14 54 65 26 80 56 2 0 102 32 78 75 49 44 17 0 95 28 101 84 48 85 50 33 23 36 45 3 31 88 91 1 19 59 93 39 95 83 28 24 10 100 12 61 61 29 43 74 77 35 38 96 70 11 75 42 5 16 52 22 47 56 57 91 61 69
run=18 seed=17 k=103 f=0
57 95 16 10 53 17 24 8 71 30 89 50 73 59 51 65 92 1 30 45 23 40 94 90 89 67 70 41 40 40 50 15 24 23 45 57 78 69 62 87 17 59 32 76 81 102 72 81 42 19 96 100 8 4 88 96 72 33 34 4 76 45 44 58 40 54 50 14 76 26 47 10 85 64 101 26 30 0 68 101 102 86 5 14 7 15 28 79 5 82 6 98 61 100 59 80 87 0 14 41
run=19 seed=18 k=103 f=0
94 36 35 101 5 51 12 6 12 78 39 102 3 102 14 0 98 84 87 20 7 56 88 71 7 41 29 21 42 60 66 42 100 92 53 27 72 62 83 82 19 32 101 69 95 26 50 4 0 50 93 50 32 13 31 39 78 41 81 82 89 67 34 7 74 88 58 53 71 7 67 61 19 51 75 61 97 45 91 22 23 100 20 45 49 33 59 86 23 15 65 13 74 27 40 25 2 10 78 80
run=20 seed=19 k=103 f=0
102 59 52 39 6 50 66 90 72 15 30 87 80 49 21 1 23 32 60 83 8 26 64 25 64 90 10 7 77 60 100 74 32 21 16 69 71 12 4 0 86 54 62 89 20 49 61 25 7 53 19 0 63 34 96 82 102 14 96 55 98 10 93 2 55 37 39 39 64 93 84 27 16 40 41 0 7 1 16 44 46 89 61 47 40 56 76 69 85 69 93 76 100 47 99 102 31 34 48 102
