run=1 seed=0 k=89 f=0
13 33 41 59 8 77 76 85 23 56 58 22 56 74 33 17 31 82 24 67 87 4 71 88 42 47 80 25 36 32 85 40 18 63 87 50 52 36 43 75 24 0 27 59 83 28 7 11 12 1 67 57 57 32 13 2 63 66 14 62 65 74 39 72 71 68 26 11 27 42 41 2 77 7 21 47 87 1 35 11 70 55 47 53 79 44 88 50 15 7 82 20 4 88 33 7 14 38 0 20
run=2 seed=1 k=89 f=0
13 33 41 59 8 77 76 85 23 56 58 22 56 74 33 17 31 82 24 67 87 4 71 88 42 47 80 25 36 32 85 40 18 63 87 50 52 36 43 75 24 0 27 59 83 28 7 11 12 1 67 57 57 32 13 2 63 66 14 62 65 74 39 72 71 68 26 11 27 42 41 2 77 7 21 47 87 1 35 11 70 55 47 53 79 44 88 50 15 7 82 20 4 88 33 7 14 38 0 20
run=3 seed=2 k=89 f=0
83 63 33 0 49 66 61 0 14 10 75 26 52 52 75 53 56 88 13 34 46 72 36 78 20 66 68 45 16 18 0 81 66 60 75 12 37 79 85 59 85 68 19 55 41 0 11 86 6 42 27 73 17 60 36 45 5 13 56 85 33 4 25 49 30 33 1 33 9 9 0 74 84 30 25 40 4 60 1 35 31 20 75 8 88 87 75 47 34 11 22 41 8 66 59 68 76 50 23 23
run=4 seed=3 k=89 f=0
7 52 27 62 73 26 11 15 48 76 19 76 3 60 58 41 79 47 20 3 34 23 10 85 26 25 1 32 87 53 70 13 80 31 38 8 0 88 54 16 28 27 9 75 78 88 50 34 63 87 78 22 3 48 20 69 63 68 44 61 16 70 18 65 40 81 57 88 57 35 72 55 32 35 56 8 15 9 70 71 0 82 5 0 88 49 41 19 40 13 25 62 38 39 47 80 45 48 65 56
run=5 seed=4 k=89 f=0
30 30 37 23 30 4 43 87 22 6 17 0 58 48 79 36 4 43 51 32 53 67 4 75 46 13 33 18 22 55 75 1 88 66 79 8 75 32 75 10 85 25 9 58 7 64 68 68 88 62 63 57 37 13 18 40 59 49 9 83 20 15 0 86 49 79 5 26 44 14 79 41 47 20 27 37 15 6 81 27 88 73 47 56 61 36 71 42 86 53 0 39 68 66 57 1 9 55 32 26
run=6 seed=5 k=89 f=0
25 57 18 88 33 60 76 11 28 39 22 77 66 84 52 1 30 5 42 62 82 73 10 38 33 60 79 80 58 7 8 29 43 27 49 35 63 36 2 33 47 88 54 77 88 20 39 41 42 12 19 47 88 22 66 86 4 86 36 20 0 47 48 83 43 70 24 71 45 64 47 9 67 2 74 79 1 25 53 83 66 13 18 17 7 12 22 56 8 39 75 87 23 55 12 77 70 53 60 49
run=7 seed=6 k=89 f=0
0 31 64 88 41 82 19 28 70 80 70 44 4 58 21 73 62 86 27 59 85 63 10 10 50 15 79 88 71 1 0 19 45 35 8 12 53 10 63 28 66 77 21 75 13 36 38 47 22 71 35 28 50 67 67 57 88 14 37 5 81 23 12 45 42 23 79 35 1 43 56 67 4 74 28 31 31 51 13 27 56 47 5 0 26 83 38 19 10 7 61 50 68 59 88 78 46 88 58 16
run=8 seed=7 k=89 f=0
30 42 49 11 39 25 40 88 46 40 84 48 8 32 74 35 10 45 71 52 69 88 15 68 25 36 22 48 85 56 17 78 63 75 0 13 11 7 0 87 63 9 16 1 45 2 88 56 69 0 0 53 88 85 31 80 55 55 1 5 77 83 19 83 59 34 3 62 60 46 52 75 29 34 22 66 67 78 43 26 17 26 10 66 32 43 60 88 62 72 17 25 84 53 13 38 43 19 24 41
run=9 seed=8 k=89 f=0
84 71 30 67 57 34 85 42 19 73 3 49 80 1 63 87 20 83 34 41 11 37 52 37 55 75 7 28 68 26 59 0 14 25 20 23 39 0 77 21 86 27 16 49 15 72 1 68 0 64 46 39 43 7 69 56 66 55 84 77 88 66 77 38 87 10 74 38 62 76 5 8 13 30 53 52 24 60 70 88 46 76 44 59 19 45 30 17 26 10 1 49 33 0 29 33 35 80 48 79
run=10 seed=9 k=89 f=0
40 64 6 29 13 0 31 37 88 28 45 58 88 3 71 51 79 66 30 4 15 0 65 67 88 88 59 5 21 50 43 42 26 85 1 82 84 45 20 17 34 56 5 51 69 45 83 68 12 48 13 9 0 78 24 80 67 64 23 35 21 12 47 15 61 27 55 21 34 0 40 75 72 54 57 47 11 82 81 33 7 87 58 76 71 9 30 21 72 36 0 29 50 53 2 53 69 37 40 39
run=11 seed=10 k=89 f=0
21 46 1 69 47 36 49 8 26 39 15 17 15 7 39 73 14 73 28 44 80 33 70 57 45 62 48 46 77 37 70 88 85 66 78 59 35 18 78 7 87 20 48 9 82 51 30 44 41 52 29 28 1 60 57 87 3 60 55 1 88 24 11 33 25 0 71 62 67 79 8 81 69 76 24 34 70 0 29 45 40 11 58 0 5 68 79 9 0 85 26 86 4 54 34 38 19 27 14 79
run=12 seed=11 k=89 f=0
66 25 29 0 68 47 15 69 33 38 31 39 86 52 72 32 3 10 82 0 63 4 12 24 57 20 80 80 75 9 63 75 45 17 1 15 50 28 10 23 17 37 0 54 0 77 41 23 88 46 45 67 29 58 61 78 11 59 14 86 75 68 59 70 88 8 46 77 85 58 35 31 66 0 82 27 87 68 70 52 21 46 67 52 55 32 57 38 85 40 14 76 63 11 46 42 33 8 28 37
run=13 seed=12 k=89 f=0
6 55 66 88 47 80 26 86 27 20 38 41 60 54 35 28 38 87 21 7 14 76 42 39 78 22 58 27 40 17 72 0 88 74 84 7 82 37 57 72 80 33 51 56 87 19 80 61 13 79 32 68 50 71 28 18 6 46 50 46 70 67 72 15 11 3 10 4 66 0 44 54 31 29 59 17 45 50 25 80 40 57 34 65 88 10 0 71 0 6 1 19 52 33 59 2 11 62 50 11
run=14 seed=13 k=89 f=0
69 29 20 84 33 10 41 82 86 45 86 8 73 52 35 79 62 47 44 31 38 15 57 27 24 32 74 27 4 36 82 7 16 66 63 47 78 17 73 0 44 0 88 62 71 57 72 67 41 54 13 12 1 88 37 31 15 46 50 88 85 2 14 25 26 77 56 63 74 65 77 36 69 85 9 80 54 50 19 42 58 25 38 3 63 64 18 0 79 73 7 56 81 55 39 43 23 25 1 1
run=15 seed=14 k=89 f=0
2 33 22 42 30 24 81 9 36 71 78 67 43 45 81 39 70 4 65 52 71 7 37 50 86 84 25 17 2 68 78 25 56 56 2 88 40 81 0 49 37 17 36 88 16 14 1 0 1 60 15 68 29 46 66 44 73 31 42 0 50 53 51 17 19 76 28 27 0 82 76 59 21 87 42 88 11 9 31 35 82 57 61 27 63 72 10 0 9 53 22 87 4 10 45 47 61 79 19 32
run=16 seed=15 k=89 f=0
18 16 9 37 51 5 62 11 24 49 80 50 61 41 41 75 88 35 42 6 53 83 15 28 81 56 2 9 87 17 24 1 50 45 76 35 58 54 1 88 63 87 65 72 57 36 18 15 21 0 77 70 30 67 26 32 33 25 43 29 72 20 70 15 73 79 80 38 62 48 8 1 63 72 79 56 47 87 70 5 24 11 88 85 29 13 42 56 0 48 81 37 69 71 9 20 9 82 43 60
run=17 seed=16 k=89 f=0
60 36 44 25 16 32 25 77 8 79 53 76 30 47 74 11 3 12 1 0 67 21 22 57 5 79 86 87 14 74 72 50 9 25 71 0 33 39 87 42 20 88 0 81 88 0 22 74 26 42 1 2 61 43 57 50 34 51 14 58 86 70 39 66 18 65 79 45 28 44 73 21 16 68 32 8 15 36 39 1 76 59 24 47 81 83 52 13 43 22 18 33 46 13 32 8 29 8 71 5
run=18 seed=17 k=89 f=0
40 57 13 74 1 11 21 80 40 76 85 85 87 10 25 79 44 7 41 36 68 20 54 29 46 54 0 0 47 9 26 6 62 62 81 48 57 47 71 48 88 16 30 54 26 68 43 23 75 0 60 1 19 72 20 88 31 14 76 71 27 62 65 73 4 2 67 4 44 41 80 30 11 80 88 63 36 20 0 70 88 55 59 39 27 5 66 49 39 34 35 53 42 20 36 13 69 38 51 66
run=19 seed=18 k=89 f=0
55 71 76 69 60 42 51 1 67 10 28 60 66 28 41 15 35 9 42 73 58 88 62 58 75 88 37 27 18 20 2 6 21 73 2 1 70 64 88 1 74 33 18 84 83 50 67 77 7 77 51 66 67 21 31 51 75 34 42 33 52 23 35 0 46 7 6 1 81 79 25 82 16 88 59 13 17 45 1 29 66 50 26 82 19 80 43 5 83 49 11 11 53 47 54 37 84 28 20 58
run=20 seed=19 k=89 f=0
88 67 1 32 51 2 2 45 49 48 12 3 2 48 81 47 63 70 21 68 59 85 31 84 28 88 60 71 72 42 28 73 38 61 76 38 23 25 6 56 78 38 81 87 37 9 80 37 17 46 13 59 33 66 52 11 87 47 51 57 25 17 19 39 72 66 34 82 3 0 0 76 56 30 9 17 58 71 80 56 11 29 76 17 22 64 76 24 44 20 16 88 23 8 66 34 3 83 23 45
