run=1 seed=0 k=83 f=0
78 78 60 7 82 23 34 38 1 33 34 6 82 46 42 29 52 66 69 0 40 51 28 76 65 26 61 12 57 39 32 17 71 54 12 67 48 2 47 0 1 25 82 16 46 65 29 63 15 0 70 25 82 35 31 9 52 32 69 21 45 12 33 40 14 79 43 76 58 19 20 57 34 10 9 43 52 48 82 2 4 76 41 73 10 58 60 27 78 76 18 26 51 41 0 62 13 73 7 71
run=2 seed=1 k=83 f=0
78 78 60 7 82 23 34 38 1 33 34 6 82 46 42 29 52 66 69 0 40 51 28 76 65 26 61 12 57 39 32 17 71 54 12 67 48 2 47 0 1 25 82 16 46 65 29 63 15 0 70 25 82 35 31 9 52 32 69 21 45 12 33 40 14 79 43 76 58 19 20 57 34 10 9 43 52 48 82 2 4 76 41 73 10 58 60 27 78 76 18 26 51 41 0 62 13 73 7 71
run=3 seed=2 k=83 f=0
42 38 12 14 38 46 14 80 26 4 17 78 29 8 1 8 18 49 58 69 24 63 44 6 53 35 80 63 48 43 70 32 81 73 2 16 23 10 63 9 53 82 57 27 81 72 2 0 0 26 0 79 44 20 40 18 11 55 41 0 71 44 75 2 1 68 61 18 0 31 81 33 53 38 64 62 36 68 8 59 72 50 81 21 57 47 9 22 34 77 16 47 71 68 27 30 28 61 53 61
run=4 seed=3 k=83 f=0
64 23 28 32 77 82 36 58 50 73 40 7 82 67 70 50 82 44 9 22 57 34 54 5 2 73 57 7 12 78 37 82 0 37 1 76 22 75 69 50 0 30 4 69 60 75 81 17 57 0 20 48 19 69 53 26 54 32 75 69 49 28 5 24 47 42 23 13 4 13 64 82 40 11 10 13 34 67 50 19 18 43 63 16 66 60 31 45 70 60 40 82 26 55 41 29 50 67 81 0
run=5 seed=4 k=83 f=0
65 51 52 57 0 58 4 81 21 11 49 26 58 72 82 76 54 76 64 0 66 30 72 44 3 0 25 4 21 5 82 6 39 34 80 15 55 51 62 46 49 72 5 25 26 11 31 70 35 45 34 79 20 17 66 39 30 31 13 68 81 58 11 14 15 3 45 82 23 71 60 78 7 73 28 46 17 79 34 66 39 56 32 22 79 0 70 15 28 39 22 72 49 34 49 42 63 63 58 81
run=6 seed=5 k=83 f=0
26 36 12 62 5 33 1 54 5 1 9 15 12 8 38 54 18 66 82 23 15 73 71 41 39 33 15 17 80 53 70 0 0 14 22 81 5 74 0 72 25 49 38 26 20 21 69 51 64 9 0 56 75 35 5 20 13 52 58 8 51 68 43 82 81 63 42 48 41 79 59 59 25 31 44 73 78 6 78 23 27 65 12 29 32 65 0 71 13 55 80 68 58 81 30 47 37 41 68 44
run=7 seed=6 k=83 f=0
38 60 20 57 33 26 62 54 18 20 58 19 18 45 65 66 16 36 48 22 11 33 7 28 9 28 0 12 54 38 62 41 0 0 14 75 81 81 7 49 81 29 63 4 79 9 50 9 0 82 20 73 68 5 12 69 73 25 0 53 41 0 37 46 17 43 33 34 81 69 22 62 50 57 57 64 77 50 71 82 19 55 61 72 49 42 8 13 21 76 75 42 52 72 25 29 33 34 46 54
run=8 seed=7 k=83 f=0
24 15 57 44 18 25 61 82 57 16 71 65 82 6 12 3 17 46 57 17 81 32 37 76 36 61 0 63 55 34 38 22 49 13 78 57 54 54 45 72 82 62 4 17 13 17 73 33 76 9 70 34 51 30 37 64 0 40 38 76 41 48 13 28 31 74 11 27 53 22 68 0 24 61 82 10 9 55 28 18 70 45 46 76 5 28 0 9 25 72 3 61 68 8 62 23 28 34 45 82
run=9 seed=8 k=83 f=0
0 31 33 45 69 46 34 11 21 15 78 11 52 80 28 65 14 38 7 4 43 0 57 21 80 59 76 76 17 2 68 82 12 19 78 75 71 81 27 21 50 49 0 24 47 5 40 78 36 45 59 63 0 27 64 55 0 82 13 25 21 39 63 52 40 37 1 71 70 13 7 62 66 45 28 39 16 68 23 79 19 58 1 72 35 61 82 30 75 75 37 48 70 52 1 58 24 54 45 70
run=10 seed=9 k=83 f=0
82 56 56 16 33 64 69 70 8 32 54 45 78 51 55 14 61 7 75 64 46 6 70 42 79 73 2 5 61 66 21 82 64 23 19 76 69 14 42 25 76 0 58 47 22 38 26 53 82 15 34 3 52 8 36 28 54 0 20 38 26 66 75 80 82 0 31 2 72 81 67 60 35 49 43 42 72 24 10 32 61 27 39 49 38 9 1 57 44 30 18 31 39 17 46 3 9 8 57 20
run=11 seed=10 k=83 f=0
48 6 65 33 65 69 80 7 15 16 74 40 53 35 1 0 80 52 82 43 30 63 38 60 66 9 51 69 13 21 20 20 16 82 25 78 81 32 22 33 67 59 41 21 54 10 0 27 54 34 76 3 0 46 14 60 4 64 82 11 16 34 56 73 49 78 42 46 51 42 24 3 69 73 62 15 47 82 0 68 71 37 37 1 11 44 46 5 55 28 25 58 76 74 22 67 58 27 31 6
run=12 seed=11 k=83 f=0
68 5 81 78 15 80 49 73 50 58 50 75 53 34 0 41 60 39 50 72 57 79 63 8 10 18 38 77 59 48 52 19 13 0 38 14 7 47 39 29 14 45 14 67 59 63 20 42 25 68 65 80 0 5 56 8 77 46 37 1 52 32 75 75 30 19 67 23 11 21 32 18 43 81 8 64 1 30 24 65 69 30 28 23 1 73 82 58 14 28 22 82 37 44 75 66 5 35 4 35
run=13 seed=12 k=83 f=0
78 33 72 74 82 60 34 35 31 9 16 54 46 51 26 27 45 18 34 39 56 76 72 40 82 57 28 41 12 49 79 64 8 70 5 21 69 81 53 1 69 21 42 53 7 32 63 0 13 73 19 3 27 42 29 47 54 18 82 42 5 15 42 0 1 9 54 70 47 4 51 25 64 82 36 76 26 13 30 0 0 12 70 11 5 74 82 58 24 8 63 24 55 62 50 62 0 40 73 38
run=14 seed=13 k=83 f=0
77 57 36 48 45 35 26 74 55 44 8 0 44 20 30 74 59 44 2 58 0 12 67 33 6 75 24 14 51 4 11 29 72 26 25 44 35 53 18 21 79 39 12 21 66 54 6 27 82 51 41 63 39 10 69 5 77 8 71 82 66 49 43 1 0 81 81 32 81 72 33 69 25 64 18 63 72 13 24 21 20 53 14 80 46 0 8 58 14 29 82 39 55 58 15 63 68 15 40 59
run=15 seed=14 k=83 f=0
12 76 34 17 38 38 0 7 82 32 56 63 33 82 60 23 28 75 66 69 62 42 53 64 80 60 0 47 28 38 50 53 0 65 20 30 36 0 24 82 71 27 31 26 0 7 4 60 53 37 57 65 80 46 54 18 2 73 81 47 0 8 9 45 74 48 38 38 7 26 22 21 14 16 7 58 71 50 20 9 14 74 3 82 35 43 69 81 15 18 24 48 79 71 59 15 12 44 56 11
run=16 seed=15 k=83 f=0
35 7 0 48 78 18 55 59 46 43 0 62 49 73 74 43 28 82 60 77 56 66 10 17 80 37 36 82 44 26 16 82 24 23 18 34 19 1 82 55 53 38 33 75 30 43 47 65 12 0 3 6 69 51 68 28 8 8 30 52 44 12 35 9 73 6 29 22 21 61 75 75 54 31 61 64 56 80 10 57 1 72 80 50 47 65 20 71 80 47 0 40 37 67 4 15 64 82 22 42
run=17 seed=16 k=83 f=0
43 1 46 48 33 81 34 68 6 2 43 21 47 8 0 54 62 0 65 16 29 38 69 3 36 82 35 56 82 81 30 21 18 49 18 79 12 17 0 66 68 82 59 10 27 30 71 73 73 46 55 25 5 73 30 43 0 82 4 72 32 9 39 39 24 26 76 61 60 62 68 51 55 58 23 39 35 13 52 66 45 11 57 8 75 74 14 22 57 52 37 35 10 80 18 82 42 39 67 66
run=18 seed=17 k=83 f=0
33 33 29 0 80 8 6 24 73 1 54 70 10 81 27 22 35 20 9 71 14 66 38 16 15 9 57 57 1 78 70 58 44 13 18 6 49 68 37 82 42 47 31 37 45 22 21 20 78 27 7 36 0 38 56 44 0 3 3 54 42 37 56 82 81 62 70 28 82 28 73 10 16 37 63 66 51 49 22 33 74 29 30 1 40 62 52 68 48 45 73 62 52 64 77 47 18 59 24 76
run=19 seed=18 k=83 f=0
15 36 76 35 39 27 19 48 56 47 79 63 51 22 9 65 0 33 56 0 11 76 27 82 9 60 46 66 49 64 67 19 76 40 47 46 81 81 63 23 56 35 5 59 48 1 63 74 74 17 74 1 41 1 72 0 70 38 59 23 8 40 14 24 12 65 10 81 50 4 66 31 28 69 50 14 36 22 42 43 28 82 45 56 68 30 82 12 74 11 60 20 19 57 0 29 31 54 30 16
run=20 seed=19 k=83 f=0
23 69 53 46 34 82 55 37 71 61 23 17 82 24 58 81 64 7 3 10 60 6 14 20 29 27 77 32 8 56 82 15 38 50 45 24 43 23 6 0 14 30 60 0 73 63 4 17 9 0 39 66 73 22 69 45 58 75 0 65 47 40 36 78 74 55 45 49 76 9 39 55 82 27 18 82 63 1 37 31 51 67 30 31 46 12 56 67 33 35 49 82 3 10 18 15 50 33 12 38
