run=1 seed=0 k=114 f=0
97 17 3 79 70 113 10 53 21 68 20 40 112 97 69 52 112 37 100 70 26 66 27 11 92 74 44 7 26 1 86 42 40 77 23 98 109 91 13 16 57 33 45 99 2 91 68 104 6 90 35 64 103 62 27 70 83 2 79 73 81 83 2 67 32 8 100 27 91 113 60 58 48 63 14 51 62 20 0 98 13 108 48 2 56 84 31 71 50 55 30 99 55 48 37 112 107 24 42 83
run=2 seed=1 k=114 f=0
97 17 3 79 70 113 10 53 21 68 20 40 112 97 69 52 112 37 100 70 26 66 27 11 92 74 44 7 26 1 86 42 40 77 23 98 109 91 13 16 57 33 45 99 2 91 68 104 6 90 35 64 103 62 27 70 83 2 79 73 81 83 2 67 32 8 100 27 91 113 60 58 48 63 14 51 62 20 0 98 13 108 48 2 56 84 31 71 50 55 30 99 55 48 37 112 107 24 42 83
run=3 seed=2 k=114 f=0
32 81 64 75 54 24 18 39 93 63 46 99 27 16 95 93 104 4 45 76 2 52 35 47 35 13 86 104 82 22 60 112 5 75 29 10 88 63 3 49 29 68 29 14 26 37 108 48 44 55 38 92 77 8 84 56 17 109 38 18 35 72 39 40 95 106 55 110 25 58 113 79 26 17 93 84 2 103 14 36 61 101 73 50 89 60 64 8 71 23 71 105 44 8 56 19 97 0 31 33
run=4 seed=3 k=114 f=0
72 10 24 18 7 4 72 76 71 20 106 54 51 78 18 93 12 55 110 93 79 102 35 105 13 64 29 59 94 7 58 45 42 88 86 67 103 19 46 6 100 73 35 61 22 79 57 86 20 28 88 1 74 99 110 29 54 25 59 74 86 49 103 80 63 53 31 38 18 77 44 32 0 113 94 39 78 37 34 0 30 0 17 70 6 98 105 60 109 3 87 26 68 86 104 99 44 41 42 99
run=5 seed=4 k=114 f=0
6 53 88 16 12 81 73 22 50 95 44 20 0 62 96 16 28 93 94 58 112 62 6 39 69 56 48 62 18 112 96 5 52 86 44 99 112 105 111 36 85 72 0 48 102 101 10 16 0 106 33 3 70 55 37 8 30 89 90 48 88 1 4 19 31 113 27 89 103 6 11 75 35 28 80 18 31 76 34 61 39 83 71 60 25 10 45 94 100 4 70 97 80 27 34 70 105 61 45 60
run=6 seed=5 k=114 f=0
1 68 96 66 104 42 68 22 12 49 18 34 58 1 112 113 88 66 84 56 77 91 105 51 105 7 16 91 92 31 45 100 80 1 45 43 86 93 10 18 83 29 29 9 75 27 45 1 0 74 58 57 97 1 16 61 73 104 65 96 14 59 46 81 67 108 10 9 10 1 22 72 51 7 36 92 72 109 109 89 17 51 32 58 85 42 106 76 24 54 67 48 15 25 35 39 102 61 107 51
run=7 seed=6 k=114 f=0
9 66 4 41 110 29 108 75 64 52 12 43 99 77 64 95 64 12 51 46 105 25 76 89 3 81 3 40 53 75 109 77 14 111 6 11 60 92 53 74 59 84 43 60 63 20 21 10 33 72 33 40 90 43 22 2 100 92 113 18 113 112 96 0 85 102 27 46 55 15 57 101 98 38 49 65 49 53 91 0 33 19 40 102 2 112 18 66 87 37 83 63 50 81 72 35 86 1 97 81
run=8 seed=7 k=114 f=0
76 37 12 103 45 81 86 70 66 85 17 61 40 66 61 78 58 24 14 6 88 21 54 26 92 106 37 94 56 80 79 0 6 102 66 72 69 0 49 22 109 82 76 54 50 47 60 49 1 90 1 17 42 55 43 37 36 31 102 101 113 9 27 68 112 109 0 67 44 65 6 107 51 91 34 93 73 52 59 87 28 111 6 85 68 15 18 9 31 98 99 93 107 28 41 31 24 80 75 89
run=9 seed=8 k=114 f=0
112 102 60 90 93 13 85 81 21 75 59 9 15 78 47 77 104 8 39 105 20 33 39 76 109 51 110 7 7 62 39 6 1 63 107 69 29 54 1 94 12 28 107 37 64 54 19 31 19 60 51 26 1 47 74 101 68 70 81 2 41 22 49 17 39 59 103 100 72 1 85 63 93 102 27 0 5 21 94 94 112 56 76 97 12 36 113 44 38 67 87 47 105 39 83 30 98 76 17 111
run=10 seed=9 k=114 f=0
37 95 9 67 80 101 73 112 50 50 10 49 100 64 19 60 43 60 71 36 51 111 91 81 92 2 108 83 79 95 15 2 69 47 41 82 106 67 96 27 88 107 7 38 40 43 108 81 58 28 51 112 77 28 79 13 64 90 81 12 104 101 30 113 0 2 42 32 68 5 36 71 9 2 92 54 21 24 22 49 18 89 63 23 99 111 68 36 21 52 10 58 57 0 112 86 27 21 58 56
run=11 seed=10 k=114 f=0
76 76 62 40 72 63 13 13 71 11 113 11 6 15 16 33 60 46 17 75 66 106 38 75 22 8 22 1 106 66 81 8 43 110 32 3 69 89 82 26 2 100 37 11 57 60 76 4 30 88 95 96 104 109 77 50 51 99 54 111 52 97 45 97 98 32 2 83 84 51 15 36 42 90 70 60 82 13 41 35 92 24 102 25 30 82 113 110 67 0 53 5 103 49 4 61 45 80 88 20
run=12 seed=11 k=114 f=0
23 2 3 53 83 77 1 25 65 31 39 8 86 110 95 59 0 74 39 107 33 46 49 111 11 62 88 10 73 25 32 112 43 35 52 20 108 112 99 35 100 25 82 88 21 79 42 9 39 86 7 17 15 68 6 49 11 70 86 84 111 51 83 43 55 37 31 66 54 16 28 98 70 12 98 60 57 65 0 32 93 102 97 92 77 0 50 40 52 21 58 65 77 43 106 18 47 57 84 104
run=13 seed=12 k=114 f=0
106 80 98 76 31 21 50 3 61 66 56 53 37 58 4 73 71 93 104 108 88 32 66 16 18 113 107 49 44 1 6 14 113 110 40 46 76 57 50 23 26 7 68 63 86 96 41 75 12 101 51 2 35 113 37 90 84 67 42 108 61 4 25 78 83 99 108 46 24 37 4 85 25 44 50 54 8 92 0 24 96 62 39 16 76 84 87 63 20 29 57 98 101 98 61 29 84 1 89 82
run=14 seed=13 k=114 f=0
108 107 33 1 14 52 44 23 94 83 100 12 94 12 17 67 56 64 50 90 19 97 43 51 15 19 69 24 95 79 87 10 72 72 107 53 91 30 0 52 60 63 15 22 113 101 85 60 68 113 36 77 39 23 81 7 96 62 55 78 31 59 85 103 59 78 56 27 1 93 87 4 79 44 9 41 105 14 26 112 36 79 38 95 71 32 0 25 110 47 7 113 84 100 42 45 107 24 98 91
run=15 seed=14 k=114 f=0
91 58 51 84 97 2 53 112 57 63 92 82 17 36 4 65 67 47 14 17 34 73 52 0 112 100 58 33 89 49 20 82 47 81 68 47 0 94 13 59 96 103 71 85 90 27 81 12 34 76 29 16 52 38 27 50 29 111 6 98 93 52 82 59 33 23 106 21 44 21 21 42 109 10 10 77 37 39 27 26 0 56 96 40 110 81 1 69 69 112 103 64 67 71 6 102 80 17 25 67
run=16 seed=15 k=114 f=0
69 13 21 77 8 80 9 110 13 10 10 100 112 86 52 36 106 113 81 67 109 78 3 1 2 57 35 21 106 45 5 4 34 41 102 42 39 68 61 0 111 40 50 7 90 14 70 100 77 35 69 61 47 72 14 24 30 90 84 66 5 105 36 28 34 52 98 30 49 105 93 56 21 27 83 112 33 20 98 99 60 15 62 102 28 76 67 58 74 74 63 74 83 46 15 0 99 113 27 88
run=17 seed=16 k=114 f=0
78 27 21 34 63 85 43 11 57 36 15 35 72 63 48 68 29 10 3 51 41 90 57 111 62 104 52 16 82 43 4 10 85 40 92 54 69 3 61 102 74 76 91 55 107 41 91 75 48 82 12 109 20 22 66 46 102 59 99 82 3 99 26 75 27 20 25 26 63 87 98 5 65 92 58 45 35 64 84 103 32 113 0 49 0 8 113 1 7 44 25 71 96 54 46 111 24 12 67 110
run=18 seed=17 k=114 f=0
97 29 47 23 13 12 19 111 63 17 59 67 59 31 36 58 24 63 2 21 8 94 75 113 6 71 64 64 74 92 90 103 106 88 113 16 43 55 17 87 99 29 78 92 23 16 14 99 78 56 6 55 2 96 28 46 79 4 110 84 86 40 73 104 68 3 99 64 51 52 37 34 47 29 12 88 34 0 73 15 68 43 20 5 83 49 97 40 43 113 73 44 92 104 93 99 108 111 78 83
run=19 seed=18 k=114 f=0
46 52 7 55 4 12 111 34 44 15 64 85 59 83 40 108 16 55 38 49 0 61 71 85 68 79 10 101 65 76 52 10 13 76 82 33 64 96 56 33 35 33 66 20 93 19 104 68 57 42 44 12 5 17 0 81 97 91 113 6 70 43 19 108 21 111 36 83 93 97 23 106 113 0 91 69 48 26 75 4 26 54 33 47 84 105 101 67 22 28 73 104 49 25 55 9 110 27 92 89
run=20 seed=19 k=114 f=0
47 8 16 112 19 75 29 93 84 106 47 28 77 78 1 33 10 78 103 70 53 98 71 102 44 86 26 96 5 42 103 42 66 4 45 78 80 32 102 11 67 88 61 0 68 20 49 28 61 19 57 59 38 113 47 108 77 89 80 14 0 85 63 113 83 11 88 99 26 18 104 70 51 53 69 1 94 84 34 14 61 10 45 13 110 109 95 3 100 26 36 21 45 1 23 39 90 111 112 57
