run=1 seed=0 k=93 f=0
6 5 66 45 50 64 7 12 48 89 18 11 55 89 87 81 57 9 4 7 25 71 75 90 59 0 3 19 76 61 14 12 36 82 85 87 29 2 69 80 24 76 91 86 45 42 20 29 49 24 38 64 92 19 53 21 42 62 39 0 36 21 86 70 36 80 55 33 64 19 16 54 64 17 43 57 10 77 87 11 92 32 56 29 52 0 79 31 27 32 70 59 47 69 9 46 69 72 81 38
run=2 seed=1 k=93 f=0
6 5 66 45 50 64 7 12 48 89 18 11 55 89 87 81 57 9 4 7 25 71 75 90 59 0 3 19 76 61 14 12 36 82 85 87 29 2 69 80 24 76 91 86 45 42 20 29 49 24 38 64 92 19 53 21 42 62 39 0 36 21 86 70 36 80 55 33 64 19 16 54 64 17 43 57 10 77 87 11 92 32 56 29 52 0 79 31 27 32 70 59 47 69 9 46 69 72 81 38
run=3 seed=2 k=93 f=0
90 30 22 54 43 31 34 42 50 66 2 56 24 84 66 92 32 46 80 17 65 47 86 72 1 12 62 3 9 15 51 6 43 17 2 15 34 87 78 73 77 59 26 72 52 81 6 6 48 22 23 19 62 15 37 65 29 17 81 70 39 42 73 79 51 15 64 86 25 1 53 10 84 1 0 48 80 38 43 50 37 72 89 8 90 9 71 89 3 90 57 70 78 19 28 60 41 92 52 58
run=4 seed=3 k=93 f=0
48 58 62 0 75 42 37 85 55 91 73 20 82 40 4 38 55 48 16 22 50 11 26 58 72 17 9 32 28 79 82 0 43 14 50 27 77 59 26 56 72 7 79 70 46 89 21 91 46 74 20 4 32 24 90 21 84 11 92 54 92 81 46 25 47 3 67 8 31 67 41 66 83 35 8 37 30 28 43 91 69 60 80 33 82 68 65 48 82 0 22 65 53 41 29 1 91 1 12 10
run=5 seed=4 k=93 f=0
22 32 50 14 61 0 66 25 66 35 86 41 64 86 75 71 38 13 39 55 22 89 45 26 81 58 54 9 75 78 2 0 92 55 22 55 69 65 92 57 20 14 5 89 8 80 40 10 8 48 45 17 73 92 43 37 82 2 77 46 0 16 51 30 48 58 27 26 63 35 83 87 65 13 92 69 73 7 45 49 51 29 82 74 7 33 21 89 37 79 42 36 17 0 64 17 66 28 79 17
run=6 seed=5 k=93 f=0
21 83 27 75 74 4 74 38 30 46 45 13 27 72 70 36 85 0 0 22 3 59 51 48 54 26 57 12 38 66 20 90 61 81 84 30 66 92 0 53 2 15 71 19 82 45 12 45 39 7 90 66 57 63 32 63 7 89 53 25 92 74 58 45 26 87 51 6 70 36 19 81 49 76 65 41 37 21 36 80 47 29 14 54 79 37 75 9 84 13 1 62 18 33 17 11 50 0 8 53
run=7 seed=6 k=93 f=0
20 1 58 83 92 71 45 36 64 43 88 75 27 40 76 44 88 32 82 45 78 10 13 48 87 22 9 58 50 33 67 18 7 25 9 91 0 90 79 68 75 62 59 50 68 92 90 55 64 47 0 88 5 0 42 12 40 53 70 57 56 22 75 0 65 29 28 1 36 20 69 36 15 14 77 86 38 59 4 0 29 53 88 8 24 38 38 68 57 11 85 17 45 12 77 50 28 29 19 5
run=8 seed=7 k=93 f=0
18 30 70 22 73 1 82 52 39 42 7 42 65 54 85 18 28 56 31 58 75 10 33 11 52 6 82 92 13 0 44 67 3 32 63 58 9 8 71 49 61 14 80 39 61 57 3 54 92 36 31 35 82 52 47 91 24 32 39 36 49 3 12 89 42 28 51 85 85 74 0 69 15 76 74 78 82 91 49 55 92 4 69 23 26 22 65 48 72 19 42 15 14 28 75 63 70 23 18 14
run=9 seed=8 k=93 f=0
26 64 24 9 12 71 37 86 92 6 20 10 22 12 66 37 87 51 68 31 75 52 42 87 84 27 44 56 2 0 67 90 92 23 44 30 87 79 1 73 82 63 92 13 56 51 17 7 19 70 24 87 36 79 63 53 34 15 0 73 46 19 32 41 45 20 49 28 42 56 14 40 80 60 5 52 34 30 82 52 6 26 46 33 11 38 57 73 26 76 3 70 76 48 0 55 92 0 56 87
run=10 seed=9 k=93 f=0
57 28 84 33 75 58 35 24 80 66 32 7 29 92 64 62 33 44 13 10 92 44 46 23 3 59 66 35 40 91 81 36 0 64 40 56 46 73 3 21 28 67 30 0 30 82 63 12 40 0 17 49 49 25 91 49 57 72 75 72 71 22 27 22 15 67 70 54 20 44 79 29 18 11 11 5 24 76 60 85 0 82 33 53 50 39 87 3 18 67 52 85 18 88 81 39 8 64 91 40
run=11 seed=10 k=93 f=0
5 33 46 80 6 36 32 64 26 47 17 89 0 30 92 65 18 52 83 6 92 74 64 6 40 92 88 16 64 33 55 51 32 20 71 82 27 10 80 54 71 59 44 64 57 38 91 4 50 9 43 14 0 14 87 49 30 84 68 2 25 16 86 30 92 71 82 26 43 15 66 62 41 12 78 89 80 24 26 39 22 0 16 1 84 61 58 54 73 38 46 37 76 80 89 56 10 69 4 24
run=12 seed=11 k=93 f=0
51 58 23 23 59 37 28 43 91 37 86 3 47 26 26 0 32 83 74 57 36 82 34 55 11 74 46 11 50 76 41 92 4 91 40 16 43 76 11 77 10 28 29 67 54 68 42 72 92 9 91 67 62 13 16 59 83 58 47 63 39 88 80 44 64 25 75 78 8 36 68 30 48 36 0 2 86 85 16 32 21 65 4 52 74 17 23 64 3 55 91 22 62 19 42 3 81 83 18 50
run=13 seed=12 k=93 f=0
50 5 3 46 64 24 31 36 40 36 40 32 28 87 37 37 92 64 30 7 91 74 72 62 8 8 83 8 68 74 51 23 81 87 8 66 23 46 19 88 3 57 12 33 56 13 41 54 0 17 37 14 41 72 78 3 45 65 49 18 49 45 73 54 73 14 84 66 15 29 35 79 58 45 27 36 89 92 78 9 0 84 80 0 68 54 82 18 74 72 0 29 20 0 89 60 60 72 44 68
run=14 seed=13 k=93 f=0
19 39 0 17 92 25 20 92 18 55 1 15 13 87 59 65 70 19 7 40 92 28 79 1 77 43 63 84 29 46 6 83 47 4 79 72 31 52 60 40 39 22 66 73 56 53 88 0 79 61 54 44 34 51 37 43 0 5 9 21 51 35 73 28 11 9 66 48 75 33 84 68 0 24 92 59 84 71 65 39 15 34 54 76 53 91 9 84 92 55 77 23 21 0 88 45 77 88 8 62
run=15 seed=14 k=93 f=0
70 86 59 45 83 4 77 88 34 81 15 18 36 63 14 75 13 65 48 74 45 12 27 82 43 34 91 4 48 17 6 24 91 55 69 65 10 72 38 30 54 62 30 92 62 42 12 12 3 58 33 30 70 10 81 20 1 77 31 54 48 90 73 1 47 49 88 12 54 59 40 61 78 22 89 42 64 71 85 26 37 92 84 10 5 64 24 1 57 52 55 63 46 35 0 22 84 92 10 36
run=16 seed=15 k=93 f=0
41 55 21 9 80 0 31 12 79 74 59 70 47 38 28 74 53 68 7 47 66 4 51 31 13 24 88 9 76 78 65 22 74 84 69 84 34 36 27 92 16 54 49 91 91 23 0 19 46 91 54 6 0 29 58 66 0 54 11 31 38 51 54 9 43 30 59 67 34 68 30 61 16 83 77 17 43 41 92 92 43 86 10 20 79 14 62 0 90 43 64 71 3 22 1 1 29 8 78 81
run=17 seed=16 k=93 f=0
36 89 11 4 48 68 91 91 84 18 25 45 85 24 57 42 48 7 57 39 32 63 78 91 80 92 67 46 74 34 55 22 16 63 26 73 24 23 7 79 41 15 85 59 16 70 23 76 37 0 13 9 64 65 36 51 0 8 4 68 22 52 57 74 45 31 44 5 49 49 42 87 81 50 29 92 2 22 57 43 85 74 18 54 80 29 13 80 61 19 0 71 69 60 31 16 86 56 19 89
run=18 seed=17 k=93 f=0
19 82 31 59 1 38 91 64 60 36 68 38 67 58 54 16 3 10 77 2 74 54 12 80 73 34 45 80 82 35 28 7 24 55 29 31 89 17 10 46 73 38 30 83 32 60 71 30 67 59 88 46 86 91 71 5 19 75 60 60 15 1 13 41 82 91 66 46 27 24 92 10 49 31 22 81 49 0 13 48 66 47 68 0 88 39 75 14 22 52 6 37 90 27 82 47 19 25 0 23
run=19 seed=18 k=93 f=0
85 15 67 83 13 69 27 55 44 30 18 9 48 64 91 32 0 24 49 49 39 82 85 17 89 92 2 53 18 44 40 92 60 13 82 24 78 1 80 16 89 57 42 92 60 40 77 58 85 37 11 57 19 2 62 26 41 69 10 19 60 68 16 79 36 6 44 44 66 69 6 62 46 24 53 30 82 32 86 73 73 22 36 87 0 9 72 57 73 10 0 72 37 1 79 28 29 30 89 17
run=20 seed=19 k=93 f=0
48 50 18 17 52 76 41 27 61 1 82 79 41 3 24 22 13 49 43 8 15 4 72 30 68 41 56 17 35 90 61 75 78 35 72 64 38 19 65 60 68 0 0 60 81 12 79 25 56 92 81 71 4 28 9 54 17 86 68 58 20 33 39 66 89 92 10 13 35 74 84 27 34 0 27 85 34 8 51 60 90 61 45 58 25 52 73 46 29 79 69 45 6 90 49 75 21 46 88 84
