run=1 seed=0 k=75 f=0
27 35 1 58 70 26 17 48 2 73 38 21 56 44 33 25 38 61 61 26 59 4 72 0 17 18 29 51 74 70 24 41 42 15 38 51 59 0 74 12 63 66 41 19 47 4 54 74 29 1 17 35 56 19 70 58 53 74 50 69 11 56 31 31 30 38 26 31 74 47 24 36 65 49 47 5 65 37 0 26 11 32 48 54 17 65 74 10 8 7 19 64 9 7 0 7 2 43 67 10
run=2 seed=1 k=75 f=0
27 35 1 58 70 26 17 48 2 73 38 21 56 44 33 25 38 61 61 26 59 4 72 0 17 18 29 51 74 70 24 41 42 15 38 51 59 0 74 12 63 66 41 19 47 4 54 74 29 1 17 35 56 19 70 58 53 74 50 69 11 56 31 31 30 38 26 31 74 47 24 36 65 49 47 5 65 37 0 26 11 32 48 54 17 65 74 10 8 7 19 64 9 7 0 7 2 43 67 10
run=3 seed=2 k=75 f=0
15 20 71 25 65 40 24 52 33 57 0 68 20 27 56 38 47 37 15 54 73 3 27 64 22 65 34 5 51 52 58 59 47 3 55 50 52 29 12 74 9 20 69 48 53 61 0 0 40 0 18 14 16 1 17 63 35 27 41 63 32 9 51 54 36 14 68 45 12 2 10 34 58 0 24 70 56 73 65 30 27 48 74 44 32 11 74 43 40 6 38 23 69 0 72 60 70 7 54 23
run=4 seed=3 k=75 f=0
9 67 13 37 15 70 25 53 25 56 45 54 43 21 29 60 9 29 30 35 27 15 61 61 35 51 70 38 74 17 58 48 56 38 67 7 46 62 0 64 43 19 47 22 0 22 69 1 72 0 8 40 63 5 4 16 57 1 63 74 44 24 60 74 31 40 1 46 0 1 57 30 25 35 18 43 30 26 9 5 38 73 49 12 54 13 35 50 49 41 73 71 20 16 66 21 33 14 8 56
run=5 seed=4 k=75 f=0
56 6 69 0 38 33 48 47 24 40 3 62 27 26 0 58 8 30 28 74 39 19 61 46 7 65 54 9 1 31 74 0 39 40 66 30 44 2 17 21 38 33 11 58 15 33 42 53 54 0 64 38 25 7 74 65 19 74 25 36 46 49 3 51 57 42 61 23 63 9 59 1 72 6 17 57 7 70 12 57 71 46 74 23 53 14 37 22 29 43 64 32 50 71 64 67 13 13 17 19
run=6 seed=5 k=75 f=0
50 40 57 8 51 52 41 67 72 34 61 63 65 0 56 71 19 4 0 29 2 58 48 71 14 60 37 11 22 20 30 34 34 57 30 17 39 74 0 0 51 44 31 26 42 28 73 19 45 27 65 72 36 17 14 43 7 74 74 52 74 29 29 41 37 9 8 61 12 45 66 21 0 8 51 56 34 1 20 26 25 64 61 22 52 16 10 58 31 70 45 45 4 69 5 8 12 54 60 0
run=7 seed=6 k=75 f=0
0 51 23 15 23 27 29 13 70 73 21 7 74 71 32 45 67 52 34 10 36 25 66 28 10 16 49 57 1 65 42 15 23 3 0 65 37 20 37 68 20 29 62 14 72 60 3 57 31 0 8 48 47 64 73 49 74 15 48 19 39 30 43 34 68 8 59 53 70 74 10 49 74 44 25 40 65 0 61 59 6 55 35 44 1 7 58 37 20 6 52 55 41 62 0 29 57 22 3 42
run=8 seed=7 k=75 f=0
70 61 23 2 74 21 21 52 10 7 32 4 10 59 34 23 28 43 53 48 0 44 69 49 32 1 13 25 26 58 19 36 44 71 20 30 14 6 0 51 33 27 58 50 10 29 13 55 45 74 66 37 56 4 33 41 45 60 74 73 12 49 48 17 64 74 55 61 56 73 50 38 21 74 64 63 29 39 7 68 68 14 0 25 20 0 37 25 74 9 20 13 55 20 0 39 42 67 0 64
run=9 seed=8 k=75 f=0
20 67 48 9 22 22 42 38 61 74 49 15 25 60 74 52 65 54 41 36 43 6 0 34 25 32 73 65 10 20 51 18 39 45 11 29 70 74 68 9 39 26 62 36 73 31 9 41 23 73 1 54 8 2 2 50 55 0 58 63 0 1 0 25 56 9 30 16 74 65 38 55 58 63 16 46 67 57 13 3 33 65 31 10 0 16 48 46 70 42 51 28 60 45 36 19 26 41 8 58
run=10 seed=9 k=75 f=0
21 16 14 15 74 66 57 74 24 8 3 10 74 17 8 69 31 46 10 55 48 59 58 0 63 13 56 49 36 47 43 40 27 59 18 33 70 16 10 1 6 65 0 25 22 33 40 13 48 56 30 45 0 56 36 44 46 54 11 52 65 4 6 70 51 32 3 14 74 67 7 41 74 63 22 5 2 38 33 59 0 26 74 28 20 17 40 23 74 62 44 67 36 32 44 42 72 25 65 51
run=11 seed=10 k=75 f=0
12 24 43 46 74 61 61 24 71 30 11 64 8 74 64 33 47 25 45 65 49 6 12 0 2 61 35 45 28 24 5 57 17 34 60 15 35 6 49 0 55 1 43 68 21 48 0 29 72 0 67 37 20 26 53 13 36 57 21 73 40 41 52 74 69 38 48 59 40 74 67 23 54 28 11 52 48 61 74 52 68 14 2 18 31 41 31 13 5 37 74 0 33 51 11 60 42 7 19 20
run=12 seed=11 k=75 f=0
70 61 5 7 74 26 8 19 73 11 40 48 24 59 33 18 45 58 34 63 32 8 69 30 5 28 15 51 50 51 34 43 5 4 49 25 27 74 58 62 24 26 42 64 52 39 74 57 56 0 43 73 65 4 33 9 15 17 50 73 74 39 2 21 48 37 40 28 73 74 51 0 17 74 10 38 0 0 18 70 66 57 18 66 0 55 37 61 62 71 46 12 13 20 63 27 3 7 23 48
run=13 seed=12 k=75 f=0
33 14 72 74 0 8 34 14 42 13 67 25 55 16 45 57 40 13 12 24 5 70 1 3 51 49 31 60 27 14 1 29 28 62 25 42 49 71 39 17 55 74 45 23 74 39 59 74 9 65 41 47 18 50 35 57 37 0 54 8 33 35 2 4 52 30 9 65 45 65 55 70 0 64 26 8 0 23 15 36 20 64 18 20 35 10 74 48 65 59 74 0 67 43 23 29 70 58 21 65
run=14 seed=13 k=75 f=0
74 31 55 43 48 73 3 50 44 15 9 14 49 1 58 44 9 49 0 24 15 58 74 74 5 18 22 24 74 52 41 74 69 4 71 7 54 57 29 0 59 54 13 0 17 63 23 52 47 0 68 50 36 9 35 64 19 9 1 70 64 27 33 69 40 9 63 50 37 33 42 34 73 41 28 43 17 13 69 37 65 29 26 22 47 28 55 0 30 61 19 63 3 60 37 74 30 25 11 41
run=15 seed=14 k=75 f=0
57 50 45 44 68 42 55 10 61 6 0 7 25 28 34 60 48 57 42 27 39 3 0 0 70 25 52 74 0 17 60 73 52 3 59 21 29 68 38 0 67 8 29 24 52 62 0 18 55 0 8 65 16 0 17 52 50 18 47 26 32 13 46 37 23 0 21 0 65 26 10 38 41 45 73 36 74 37 56 59 31 22 33 45 15 7 63 74 74 6 69 74 14 46 35 61 40 70 34 9
run=16 seed=15 k=75 f=0
21 7 35 0 52 48 73 61 12 73 18 73 73 3 7 36 9 40 28 50 66 54 63 51 59 27 74 39 37 19 17 74 57 53 71 24 48 0 6 64 31 23 31 8 68 36 4 71 42 1 58 49 66 5 67 38 61 14 10 44 34 0 43 20 25 27 58 11 0 41 60 6 16 0 74 35 16 10 59 34 16 45 3 12 39 43 50 65 18 56 26 73 19 33 21 45 47 57 40 60
run=17 seed=16 k=75 f=0
4 14 20 19 7 17 68 54 49 18 74 24 70 24 56 54 74 13 38 22 47 4 14 63 32 49 73 46 0 35 34 27 39 62 24 72 74 47 0 64 42 0 71 32 21 30 46 57 8 65 57 9 18 60 4 26 51 12 10 63 33 9 12 38 12 39 32 42 35 50 55 37 42 50 26 42 0 26 54 46 68 17 74 20 63 0 0 6 58 59 20 41 29 51 1 29 12 58 20 65
run=18 seed=17 k=75 f=0
51 31 51 46 74 56 35 66 23 65 9 44 47 55 25 62 16 67 51 65 0 54 72 0 47 47 35 42 18 24 30 12 36 50 37 18 74 74 34 60 9 58 12 43 5 30 65 48 36 25 72 26 0 20 21 6 66 3 48 37 9 70 63 32 43 37 58 56 74 15 41 12 63 19 56 6 16 53 18 74 42 29 69 3 37 11 73 62 9 6 67 26 56 26 18 59 42 53 50 27
run=19 seed=18 k=75 f=0
7 67 74 74 30 55 52 15 6 22 20 29 11 59 55 35 46 68 12 0 14 54 30 48 57 26 39 64 18 20 34 74 35 61 38 44 59 1 43 17 2 67 22 29 65 43 5 63 37 0 12 73 63 57 39 73 47 0 31 17 19 0 46 14 29 20 64 47 40 65 32 73 9 66 55 18 12 30 50 3 24 5 35 49 60 74 74 57 12 6 24 74 45 39 28 8 70 51 40 47
run=20 seed=19 k=75 f=0
31 7 5 55 5 4 44 44 32 52 66 38 35 50 59 20 9 49 55 8 59 48 7 47 45 35 0 0 24 22 41 39 26 59 72 31 11 37 19 74 31 0 12 31 74 66 52 40 47 74 71 5 26 26 68 24 48 43 32 61 65 0 10 20 73 63 57 35 74 36 42 23 16 53 0 62 15 62 44 73 67 13 49 28 22 4 56 12 68 62 17 51 50 69 13 3 17 3 14 74
