run=1 seed=0 k=74 f=0
51 31 8 66 66 0 53 57 38 8 45 56 65 44 8 70 53 66 43 54 39 48 22 11 18 11 19 0 25 0 2 20 17 14 0 8 12 73 66 73 61 27 41 60 10 3 0 68 64 45 73 0 27 35 28 46 14 44 73 36 18 2 52 4 5 9 64 54 64 30 59 30 0 24 35 48 19 50 12 73 57 6 28 50 0 33 72 39 13 21 56 34 40 63 27 22 33 38 34 36
run=2 seed=1 k=74 f=0
51 31 8 66 66 0 53 57 38 8 45 56 65 44 8 70 53 66 43 54 39 48 22 11 18 11 19 0 25 0 2 20 17 14 0 8 12 73 66 73 61 27 41 60 10 3 0 68 64 45 73 0 27 35 28 46 14 44 73 36 18 2 52 4 5 9 64 54 64 30 59 30 0 24 35 48 19 50 12 73 57 6 28 50 0 33 72 39 13 21 56 34 40 63 27 22 33 38 34 36
run=3 seed=2 k=74 f=0
29 6 3 8 73 28 8 48 37 41 8 35 25 22 50 12 18 25 57 28 60 51 29 0 73 38 71 68 62 21 45 68 7 3 17 20 1 72 33 57 14 47 42 35 44 41 60 55 27 0 29 30 55 5 61 11 39 18 16 63 64 26 72 50 22 0 71 3 0 36 32 49 45 65 9 63 68 45 73 14 32 23 44 15 37 34 73 59 42 67 73 66 60 15 35 55 4 12 64 19
run=4 seed=3 k=74 f=0
22 67 5 16 1 9 50 0 28 6 73 1 57 1 2 6 65 13 47 25 37 50 21 43 52 51 24 33 19 66 33 20 48 70 23 13 54 22 39 10 59 54 47 31 63 63 17 17 36 73 9 10 8 13 61 52 65 40 9 43 44 33 2 38 29 73 30 0 0 53 31 70 58 18 0 40 0 34 45 10 72 30 64 6 61 73 20 0 73 26 28 15 65 15 25 55 45 27 60 42
run=5 seed=4 k=74 f=0
24 56 73 65 57 20 61 28 32 1 34 33 12 0 47 0 8 23 48 24 46 67 32 44 73 36 14 68 66 53 20 38 38 72 35 10 7 1 55 54 31 53 40 30 9 18 53 9 25 0 73 38 52 65 13 45 6 73 73 62 43 28 64 57 65 70 47 42 13 36 30 46 73 0 66 43 38 6 0 70 20 29 53 49 61 29 17 23 3 46 63 7 3 15 53 19 58 60 17 63
run=6 seed=5 k=74 f=0
31 28 62 7 46 22 23 64 68 67 13 67 54 72 25 0 16 67 20 59 66 16 68 31 14 53 66 7 58 57 41 38 16 10 1 50 57 1 38 48 2 73 32 14 71 38 35 6 44 0 15 66 33 29 58 50 64 73 3 34 60 61 55 46 26 34 3 25 23 40 39 1 9 9 25 16 43 21 47 70 9 54 61 19 32 0 73 48 51 6 63 73 34 43 51 52 28 21 13 73
run=7 seed=6 k=74 f=0
27 24 51 53 9 9 31 0 22 8 11 1 16 56 66 72 22 31 60 20 57 8 30 9 31 47 28 57 25 19 13 49 41 70 44 44 46 19 45 73 0 66 51 25 43 60 44 38 29 73 71 1 8 0 41 56 24 6 42 13 54 53 13 59 27 65 60 22 29 62 14 37 64 23 0 54 73 46 73 72 36 15 47 6 2 53 37 37 17 67 32 62 0 67 3 35 43 17 47 0
run=8 seed=7 k=74 f=0
34 18 19 27 6 27 71 7 37 23 27 41 13 2 22 11 16 31 52 15 57 31 67 61 68 44 35 49 21 52 28 41 39 22 45 49 17 72 54 7 69 22 48 11 27 27 62 2 33 73 12 30 0 34 61 17 14 64 48 36 64 2 21 5 41 45 39 45 73 43 38 73 9 46 54 60 53 6 36 32 65 0 64 13 6 72 25 19 15 67 0 66 54 54 17 0 59 57 47 35
run=9 seed=8 k=74 f=0
41 30 25 51 53 42 15 28 59 4 0 18 52 73 21 49 32 7 38 17 6 41 45 5 56 55 32 57 61 69 48 73 63 21 69 58 68 0 55 0 0 45 35 58 64 26 43 51 9 24 12 28 64 0 50 66 31 13 66 34 48 8 37 69 9 7 67 72 25 42 14 51 73 45 41 9 31 18 37 28 14 59 22 61 52 73 1 59 55 18 36 73 8 24 43 44 39 38 6 73
run=10 seed=9 k=74 f=0
12 21 73 48 37 72 12 66 29 60 55 64 8 41 27 73 9 39 47 23 49 38 71 73 24 61 22 2 25 5 32 59 61 58 22 7 56 48 0 20 53 42 25 30 32 43 49 64 37 0 13 47 26 5 4 37 68 70 1 53 54 0 55 68 19 21 55 66 10 39 32 29 72 0 18 53 1 30 34 19 17 28 44 12 65 51 45 64 65 51 36 41 44 37 9 73 70 14 38 10
run=11 seed=10 k=74 f=0
60 37 31 22 6 13 44 26 62 28 48 27 42 73 15 13 46 39 58 38 6 23 47 35 20 66 61 5 0 70 53 45 28 19 39 63 11 47 54 35 5 0 70 65 73 1 51 73 57 0 41 17 33 25 5 36 51 53 17 53 73 0 24 59 64 52 58 63 73 0 52 68 18 21 25 11 43 48 29 5 33 65 0 32 57 64 9 12 8 15 73 0 57 45 37 11 29 41 30 22
run=12 seed=11 k=74 f=0
44 6 4 36 0 8 12 65 0 24 34 23 4 66 60 18 45 67 52 66 49 39 14 63 73 26 72 53 45 45 32 28 73 3 66 66 1 15 53 29 0 43 30 21 8 67 57 47 15 0 55 28 61 35 49 36 15 11 21 34 33 46 73 38 24 56 39 0 0 5 20 59 52 49 9 6 29 15 57 53 61 72 65 59 10 22 73 28 51 55 36 73 46 16 64 43 22 40 62 73
run=13 seed=12 k=74 f=0
63 30 39 57 38 27 0 46 56 46 16 54 10 23 73 42 7 31 62 67 60 19 26 28 16 57 6 15 73 71 0 52 58 70 46 9 7 12 31 41 62 11 61 54 25 68 72 7 46 73 34 65 26 30 1 37 20 32 25 34 64 72 19 44 55 73 31 55 35 48 51 24 0 0 18 57 45 40 0 65 4 73 64 24 45 49 37 15 50 67 20 6 38 0 7 39 51 15 14 19
run=14 seed=13 k=74 f=0
61 31 8 28 0 7 4 65 53 22 26 56 13 2 22 38 18 66 47 63 51 68 58 5 28 53 52 32 60 42 69 23 0 49 20 14 16 73 0 7 35 42 33 54 17 49 24 69 64 37 12 47 9 30 13 24 70 39 34 63 46 3 11 4 56 45 71 54 0 61 59 70 0 30 27 12 17 19 73 34 7 58 60 21 17 56 72 73 16 43 66 8 44 43 73 41 24 24 35 38
run=15 seed=14 k=74 f=0
15 4 48 63 45 37 40 31 1 23 18 43 64 30 40 38 46 67 10 56 12 51 16 15 2 26 26 49 73 51 39 21 10 23 25 29 67 13 63 3 68 34 0 5 28 20 10 63 35 54 8 62 0 54 58 52 3 29 0 71 19 17 21 33 42 72 22 50 44 73 40 54 63 47 8 16 29 2 66 23 62 73 10 49 27 55 73 35 1 16 73 7 0 34 59 71 59 12 30 19
run=16 seed=15 k=74 f=0
47 57 31 50 1 64 32 16 44 5 46 11 73 23 61 67 28 58 21 33 19 37 29 40 61 7 0 15 51 18 13 6 0 70 34 26 56 43 37 39 45 41 31 8 12 66 60 0 19 73 64 16 53 58 1 25 14 23 54 1 44 42 16 21 59 34 3 29 72 73 14 73 0 7 37 66 51 58 12 12 48 28 73 51 0 51 64 27 73 47 32 24 43 21 52 7 35 33 54 17
run=17 seed=16 k=74 f=0
0 30 1 45 6 35 42 41 19 39 17 43 32 72 41 46 46 31 63 4 71 8 27 61 72 64 19 9 28 28 39 20 56 4 24 61 29 15 73 73 0 12 49 42 26 50 49 72 35 0 53 7 26 52 69 61 43 64 39 35 17 56 39 57 55 0 69 12 58 6 40 19 53 14 10 68 53 38 50 49 0 32 26 23 26 5 73 73 54 20 22 33 69 48 3 63 12 7 17 8
run=18 seed=17 k=74 f=0
44 5 2 52 73 29 37 37 14 52 54 54 0 61 25 12 17 32 0 73 43 69 6 21 64 57 69 34 0 43 37 59 66 70 56 19 29 55 8 73 26 7 0 48 24 38 28 73 45 73 13 71 0 19 22 65 65 18 15 38 37 47 57 42 46 2 19 73 24 61 50 2 64 59 8 40 18 32 35 73 31 50 39 14 0 48 26 5 8 67 10 62 41 16 5 28 48 12 52 9
run=19 seed=18 k=74 f=0
60 5 5 33 72 10 58 64 17 46 60 43 19 9 30 31 40 55 45 16 54 39 5 25 8 22 68 10 47 49 32 67 42 46 2 25 23 71 31 72 19 27 0 40 0 36 14 0 57 73 41 69 0 60 17 25 37 53 45 50 15 73 66 29 53 55 25 23 0 14 62 3 33 12 8 51 32 59 34 73 20 11 46 37 73 0 49 6 6 66 65 23 57 37 60 11 54 66 32 62
run=20 seed=19 k=74 f=0
58 35 29 53 26 31 73 10 14 1 2 3 14 38 0 42 64 15 12 71 26 16 22 73 61 0 0 31 58 40 24 57 65 70 52 66 19 3 19 73 48 20 25 64 51 53 68 40 13 73 31 0 39 64 38 48 73 36 10 22 48 8 71 53 54 57 15 71 49 9 8 46 57 7 31 43 20 60 62 33 0 33 7 61 39 44 21 21 26 45 26 32 56 38 30 45 69 28 61 73
