run=1 seed=0 k=92 f=0
88 46 6 71 29 0 1 69 23 1 88 36 6 88 55 0 83 67 8 12 56 80 27 50 70 43 31 64 26 41 59 91 74 23 43 6 45 57 16 12 4 73 86 73 59 0 22 91 51 29 19 53 11 52 48 38 61 29 64 50 61 16 48 36 80 13 34 33 27 81 74 56 20 81 2 83 30 64 48 14 20 35 80 10 2 37 91 91 10 17 21 32 45 81 88 41 78 68 86 63
run=2 seed=1 k=92 f=0
88 46 6 71 29 0 1 69 23 1 88 36 6 88 55 0 83 67 8 12 56 80 27 50 70 43 31 64 26 41 59 91 74 23 43 6 45 57 16 12 4 73 86 73 59 0 22 91 51 29 19 53 11 52 48 38 61 29 64 50 61 16 48 36 80 13 34 33 27 81 74 56 20 81 2 83 30 64 48 14 20 35 80 10 2 37 91 91 10 17 21 32 45 81 88 41 78 68 86 63
run=3 seed=2 k=92 f=0
10 24 44 19 61 14 36 21 49 66 26 5 90 89 17 69 15 22 7 64 90 48 61 45 2 49 10 45 29 31 2 0 4 53 36 12 87 89 0 34 57 13 62 0 18 42 90 27 64 82 76 59 73 53 31 42 21 78 73 41 56 61 19 8 10 82 21 28 38 66 1 54 33 26 40 45 35 83 5 60 79 29 73 71 55 52 91 0 77 67 70 43 29 76 90 80 37 20 9 56
run=4 seed=3 k=92 f=0
86 52 24 15 69 59 44 66 0 13 70 40 82 72 32 43 16 67 85 60 15 66 14 69 91 25 81 21 8 90 32 7 91 9 22 84 27 28 55 0 0 0 45 15 74 75 1 73 69 91 23 87 47 36 0 37 59 65 40 20 4 3 63 53 91 23 20 31 89 44 60 50 32 19 39 46 44 57 51 23 28 78 8 20 23 42 77 36 55 85 7 80 74 68 61 35 61 11 0 91
run=5 seed=4 k=92 f=0
25 63 54 79 39 3 16 35 84 89 60 70 46 12 85 24 67 60 85 18 8 40 0 71 33 23 18 70 0 88 87 0 55 72 19 84 49 82 14 33 62 91 8 68 12 90 6 75 56 91 53 25 76 30 44 91 74 11 34 76 11 53 27 16 23 47 63 67 80 2 29 61 1 79 37 54 15 30 44 62 49 65 35 53 71 3 48 41 40 4 20 88 28 42 2 0 27 18 5 25
run=6 seed=5 k=92 f=0
69 6 36 20 44 91 56 1 29 37 75 0 64 53 46 89 8 78 16 2 14 78 59 31 43 91 47 85 44 58 69 27 4 56 55 22 52 26 10 32 88 70 69 12 3 74 17 7 46 38 9 64 17 80 44 63 5 15 84 72 54 57 76 0 49 20 32 30 48 82 85 8 71 40 62 90 50 70 21 11 62 36 36 18 57 23 29 1 14 23 91 91 79 22 83 36 36 82 22 83
run=7 seed=6 k=92 f=0
61 64 83 56 32 53 50 15 62 79 27 85 0 55 42 28 35 71 63 75 35 10 76 37 88 11 3 28 9 67 68 91 68 31 0 18 48 90 79 35 17 68 60 26 49 6 55 5 0 27 78 88 76 12 40 69 54 15 84 40 42 58 13 2 48 35 63 16 3 90 82 22 56 57 49 25 78 11 16 23 78 45 44 22 58 78 91 47 39 19 87 68 54 1 74 7 29 68 21 13
run=8 seed=7 k=92 f=0
37 11 89 87 5 25 36 57 62 21 91 1 0 14 45 76 67 10 46 39 20 43 36 32 83 55 65 6 49 74 78 86 87 20 91 91 29 72 35 64 2 0 89 64 54 20 48 33 41 75 22 80 15 69 40 83 57 11 30 7 33 17 9 28 12 44 70 69 50 7 61 74 23 79 0 77 52 42 62 18 36 13 16 51 71 57 84 51 19 46 71 79 25 44 32 4 34 50 27 4
run=9 seed=8 k=92 f=0
0 87 82 81 75 61 50 53 33 81 91 8 72 15 14 18 50 57 89 41 2 57 81 39 35 41 60 58 3 2 65 28 5 44 17 44 49 15 66 38 44 84 85 35 7 26 19 4 60 14 90 23 32 66 27 71 5 91 13 52 78 62 85 73 79 41 65 71 75 51 65 19 0 80 91 58 91 11 53 20 38 47 26 5 63 54 23 30 32 8 63 21 32 27 44 33 74 69 5 48
run=10 seed=9 k=92 f=0
57 6 76 70 73 56 27 90 26 44 65 15 52 1 15 80 30 53 91 79 55 72 70 45 51 11 16 83 57 6 80 28 27 62 23 33 7 74 0 39 39 37 26 87 0 21 0 0 1 44 87 85 58 14 6 39 5 64 90 10 23 38 78 37 32 9 14 65 0 79 83 75 66 81 91 50 22 60 21 85 44 62 72 15 10 73 75 32 45 19 0 40 35 20 30 49 25 87 64 65
run=11 seed=10 k=92 f=0
20 53 46 65 38 9 76 31 24 91 91 90 24 72 0 43 7 14 19 82 32 63 7 42 81 75 28 66 40 86 63 5 91 60 48 10 42 86 13 12 79 12 71 26 52 84 16 35 58 66 9 0 49 80 36 49 69 31 40 24 27 15 1 0 78 58 53 35 73 53 81 51 18 68 91 28 66 16 51 74 88 57 17 22 19 49 40 2 62 55 59 4 83 72 1 45 20 0 32 80
run=12 seed=11 k=92 f=0
24 37 65 77 46 19 65 43 89 55 7 0 42 58 0 17 52 76 55 35 71 4 21 21 75 17 91 79 15 68 79 79 55 56 0 23 17 69 63 35 10 87 35 30 39 49 56 57 59 31 47 4 71 34 12 6 20 86 44 90 10 30 44 24 29 37 38 49 26 58 64 69 91 76 3 51 84 3 16 81 63 10 75 87 55 28 82 34 28 40 11 79 63 10 1 0 24 41 48 49
run=13 seed=12 k=92 f=0
52 90 18 60 28 47 69 30 1 0 4 12 61 15 0 80 63 26 44 29 22 1 20 52 16 34 70 9 64 20 80 34 91 69 78 65 26 54 20 44 91 49 1 65 91 6 1 27 0 72 36 56 21 67 78 9 88 68 41 70 81 30 53 87 83 73 24 58 75 84 15 87 42 16 7 2 90 10 91 74 8 58 17 38 13 82 51 43 6 45 37 48 29 38 49 61 26 58 37 34
run=14 seed=13 k=92 f=0
40 52 87 35 4 50 89 81 41 15 27 17 44 66 91 30 82 5 76 90 21 9 57 50 45 13 62 62 19 4 51 83 34 88 29 78 7 31 21 84 90 13 75 66 19 75 40 26 57 70 26 1 34 91 56 1 56 53 76 89 0 70 73 20 68 86 45 7 35 73 62 32 25 0 45 47 77 14 2 59 42 69 58 39 60 21 91 81 58 28 68 12 4 57 36 48 9 42 70 16
run=15 seed=14 k=92 f=0
91 69 79 69 69 54 83 40 36 78 90 3 53 25 36 17 0 21 54 71 78 34 44 90 28 32 55 24 75 80 12 62 8 59 41 46 30 30 66 59 64 84 72 36 75 47 4 27 89 53 3 49 79 30 48 14 20 84 40 58 14 83 70 91 9 4 22 41 49 41 6 16 25 75 41 10 74 25 57 0 91 1 62 83 28 17 62 11 9 68 67 0 78 50 11 17 87 38 65 86
run=16 seed=15 k=92 f=0
65 54 53 39 24 70 18 44 11 51 79 72 58 4 36 69 66 74 12 89 10 20 24 29 4 15 20 11 72 62 44 84 1 6 90 63 16 30 64 29 34 53 51 43 55 90 28 52 24 81 89 31 50 76 60 89 5 81 0 88 32 47 82 22 23 2 90 18 27 2 44 57 7 46 0 19 79 52 70 9 37 62 37 86 46 70 91 77 64 37 22 15 85 79 33 37 55 39 53 14
run=17 seed=16 k=92 f=0
7 36 43 77 82 6 67 32 36 72 73 53 54 60 63 67 15 29 42 50 17 46 5 91 38 73 51 91 91 1 35 25 0 17 10 0 78 75 0 36 26 0 38 13 50 13 73 21 31 91 70 41 40 55 66 84 64 47 59 12 22 87 0 1 10 60 57 78 8 21 81 61 8 85 50 37 52 38 85 7 76 91 91 56 31 22 61 61 27 85 72 91 82 21 4 25 9 68 0 34
run=18 seed=17 k=92 f=0
61 72 19 39 47 91 16 34 9 73 40 91 35 23 18 13 77 28 60 15 58 5 81 5 87 87 16 26 11 88 33 22 54 0 28 27 49 73 67 5 46 52 54 80 29 66 42 55 0 8 73 36 41 7 16 25 91 75 68 52 51 0 73 46 47 45 89 42 87 51 35 38 61 24 68 42 34 59 0 68 36 76 67 82 31 44 20 30 27 58 85 23 9 10 68 10 64 82 52 7
run=19 seed=18 k=92 f=0
18 37 39 72 20 54 29 4 65 28 30 5 31 67 83 55 54 16 31 83 24 78 39 86 72 40 63 8 18 8 28 91 69 27 51 12 34 47 70 90 49 37 77 31 14 12 70 75 70 31 79 88 91 81 66 38 60 43 1 22 47 45 0 7 17 14 57 81 15 29 0 54 61 24 83 27 6 17 62 77 7 71 23 57 50 3 22 37 46 73 58 41 47 62 1 91 3 79 68 87
run=20 seed=19 k=92 f=0
53 60 28 63 27 57 25 81 71 76 18 76 49 14 77 17 67 90 3 37 29 47 0 16 45 19 6 90 70 25 35 87 68 63 14 69 30 50 44 43 53 23 23 15 33 20 89 8 8 0 44 87 82 49 6 38 58 0 53 25 38 83 15 77 11 28 2 57 8 82 13 62 52 85 45 74 45 91 0 3 40 66 83 33 78 35 28 73 36 55 58 88 23 5 91 71 78 91 66 68
