run=1 seed=0 k=100 f=0
83 46 77 15 93 64 86 96 49 21 62 28 90 59 99 64 37 44 72 32 55 75 67 7 51 52 99 33 39 35 83 2 22 0 30 35 53 86 11 11 2 22 21 11 99 37 98 24 20 70 49 26 93 9 57 73 48 70 96 81 59 15 84 30 36 5 14 29 14 57 99 95 85 46 14 67 82 84 43 50 87 37 91 78 82 0 3 74 54 64 59 70 76 68 39 50 24 77 94 39
run=2 seed=1 k=100 f=0
83 46 77 15 93 64 86 96 49 21 62 28 90 59 99 64 37 44 72 32 55 75 67 7 51 52 99 33 39 35 83 2 22 0 30 35 53 86 11 11 2 22 21 11 99 37 98 24 20 70 49 26 93 9 57 73 48 70 96 81 59 15 84 30 36 5 14 29 14 57 99 95 85 46 14 67 82 84 43 50 87 37 91 78 82 0 3 74 54 64 59 70 76 68 39 50 24 77 94 39
run=3 seed=2 k=100 f=0
10 19 88 75 18 98 64 47 23 0 40 79 49 0 37 54 85 73 0 88 2 72 44 15 16 24 7 30 96 63 13 25 81 9 61 91 52 39 73 97 81 78 28 45 78 1 56 14 31 41 44 85 99 97 60 66 9 23 48 5 58 31 43 17 16 56 17 68 13 90 66 43 10 88 50 69 81 99 62 4 85 34 0 80 99 72 0 28 37 35 58 54 65 60 96 93 69 70 1 32
run=4 seed=3 k=100 f=0
77 93 49 10 25 15 21 76 1 64 58 99 82 39 54 29 64 71 1 95 15 42 1 58 73 44 85 20 68 1 54 77 36 0 72 61 14 59 90 68 18 48 9 87 88 47 81 52 73 81 99 8 9 98 33 97 40 89 86 11 35 37 71 99 67 64 33 20 34 23 50 5 1 28 90 11 42 71 72 16 55 66 23 18 4 6 26 40 91 15 97 26 74 53 98 39 76 55 56 5
run=5 seed=4 k=100 f=0
1 41 74 26 63 37 25 63 44 85 39 54 14 64 75 85 0 86 1 88 20 50 68 79 76 36 97 37 20 17 30 73 84 53 12 91 11 7 83 22 56 80 75 61 24 31 42 98 71 79 45 12 47 45 21 88 89 43 56 6 16 37 31 67 93 25 99 61 7 71 60 66 7 92 95 23 16 38 28 46 33 99 1 32 67 54 27 5 56 11 63 13 32 94 48 0 77 98 85 48
run=6 seed=5 k=100 f=0
99 65 10 3 76 32 20 49 73 81 42 28 60 98 11 20 79 92 8 99 13 33 79 26 31 60 80 73 52 67 25 93 84 3 99 55 40 70 19 66 39 37 13 64 41 94 37 7 0 71 58 37 34 47 83 58 85 23 0 89 42 73 16 27 95 23 88 1 81 50 99 10 87 5 51 56 78 98 68 75 61 27 94 36 52 34 9 89 58 18 51 60 43 46 57 77 8 17 1 42
run=7 seed=6 k=100 f=0
40 88 12 58 8 85 86 43 2 78 67 23 99 93 70 16 0 92 23 44 61 70 40 22 89 11 12 28 0 34 55 50 45 79 59 34 50 50 16 59 86 74 37 42 77 75 59 98 69 82 44 72 60 87 23 63 42 33 91 8 42 28 58 66 99 74 6 56 82 95 17 14 99 0 30 97 29 67 13 52 2 31 20 58 22 15 51 79 35 76 87 29 6 97 40 5 24 6 13 5
run=8 seed=7 k=100 f=0
0 99 32 71 25 12 98 97 45 53 15 17 51 26 18 20 77 45 70 36 2 65 59 4 41 34 61 92 57 30 68 11 31 21 14 52 97 69 50 57 97 99 30 80 30 25 0 73 0 24 13 1 89 78 5 35 37 66 82 80 8 93 29 54 0 87 86 65 28 91 83 33 70 83 15 61 52 21 69 12 88 48 20 91 54 74 61 46 16 95 41 75 87 22 6 41 38 44 63 61
run=9 seed=8 k=100 f=0
47 88 42 53 11 52 47 62 82 13 66 81 96 91 58 94 55 90 30 97 5 38 29 62 40 41 34 37 55 74 75 50 80 46 1 30 93 28 17 70 0 15 8 97 63 28 27 12 8 23 20 66 99 40 72 39 90 14 32 17 48 1 69 81 93 23 94 26 58 94 61 59 70 52 14 26 63 10 42 24 81 72 90 36 22 42 0 84 36 31 1 85 88 87 73 54 46 36 77 4
run=10 seed=9 k=100 f=0
15 57 67 7 30 11 54 78 42 52 1 63 58 23 37 11 9 42 48 99 45 23 31 20 67 90 64 63 49 35 2 64 82 54 19 76 74 99 46 0 13 53 16 1 94 9 20 74 28 20 55 8 50 86 25 86 77 90 71 32 99 86 98 77 66 21 26 77 16 95 84 23 0 99 60 94 33 45 83 11 37 4 57 35 30 27 69 76 65 32 68 9 48 8 42 91 81 41 92 49
run=11 seed=10 k=100 f=0
72 12 78 25 18 97 75 71 47 7 0 90 28 73 78 98 24 74 74 10 72 48 55 75 61 33 2 23 91 66 57 83 5 88 66 30 65 35 15 12 43 92 3 29 36 99 66 38 17 67 34 7 50 28 63 21 39 38 61 79 0 70 17 44 52 78 24 44 33 48 57 56 40 86 9 78 54 92 42 54 55 3 67 27 19 19 84 13 42 97 47 97 67 17 0 79 82 76 52 12
run=12 seed=11 k=100 f=0
7 93 40 45 23 35 81 23 89 23 86 44 13 97 59 0 75 92 63 1 23 10 17 21 59 35 59 98 51 73 43 41 74 40 73 30 35 7 56 67 28 80 71 52 81 0 68 25 22 99 86 30 87 12 18 66 99 26 72 50 3 19 77 27 93 45 3 32 58 34 81 84 67 52 48 52 93 5 97 66 88 31 15 62 47 85 57 94 20 10 44 13 35 73 6 32 2 13 92 84
run=13 seed=12 k=100 f=0
83 82 94 8 23 72 56 17 97 64 9 43 57 88 74 4 0 65 43 42 66 48 80 0 38 85 19 94 30 29 8 90 6 3 50 27 0 79 52 49 96 28 29 53 62 91 9 64 62 97 76 1 33 83 45 35 68 16 54 98 54 14 41 11 68 5 36 80 75 62 39 57 7 68 74 16 84 86 0 95 35 99 14 89 20 33 19 43 74 25 24 99 40 72 49 60 52 77 25 21
run=14 seed=13 k=100 f=0
8 29 81 36 64 37 32 75 29 51 26 99 62 30 51 51 13 50 99 14 97 75 76 46 93 65 58 26 43 69 71 85 82 43 77 62 59 9 94 0 0 21 85 66 15 33 29 4 47 39 18 81 56 29 26 60 92 15 35 36 1 3 73 76 66 50 95 61 59 89 20 72 80 93 98 52 19 28 80 9 42 1 90 34 48 73 89 79 0 4 40 0 20 83 28 54 85 23 63 97
run=15 seed=14 k=100 f=0
83 46 75 32 73 88 7 0 19 6 95 60 48 50 37 88 99 6 5 41 80 69 59 98 78 63 0 54 63 56 36 98 78 43 16 20 97 98 56 13 91 50 79 37 30 27 63 78 84 40 19 17 14 25 15 50 92 69 29 1 92 10 58 71 73 31 72 38 10 73 57 48 0 5 49 83 11 41 19 28 62 36 1 23 1 61 28 11 85 87 20 87 91 19 95 64 70 75 33 67
run=16 seed=15 k=100 f=0
93 50 97 3 96 98 74 28 90 28 3 8 44 42 31 90 89 7 22 53 25 80 93 13 75 54 68 81 60 31 1 7 6 83 50 18 0 35 41 50 20 14 47 41 30 58 3 72 82 36 77 9 45 70 59 5 84 24 87 44 99 3 50 17 19 62 34 97 34 97 0 66 63 37 76 0 53 86 75 21 56 43 16 70 66 72 27 50 49 67 99 94 64 15 61 11 11 73 41 80
run=17 seed=16 k=100 f=0
70 41 92 74 99 7 80 63 83 88 52 28 19 11 88 22 89 82 1 42 62 83 81 11 38 45 88 52 51 98 68 35 5 37 20 4 0 48 22 98 79 88 69 59 52 83 69 94 52 22 2 33 36 47 99 75 59 47 27 96 97 78 44 29 85 16 1 68 99 21 57 57 65 32 13 79 25 38 3 54 12 70 53 1 17 76 75 66 23 5 61 10 40 16 8 93 28 10 91 42
run=18 seed=17 k=100 f=0
78 41 39 36 79 28 69 11 15 27 96 55 71 76 92 12 99 79 54 23 81 91 81 48 83 32 8 50 99 78 65 61 36 36 10 5 99 61 78 1 55 87 70 13 0 12 50 67 73 14 90 35 46 95 45 93 67 44 33 48 24 72 97 91 54 6 25 62 72 68 52 20 85 29 0 46 82 99 13 11 27 4 47 19 50 83 62 18 8 8 61 1 19 10 92 86 24 37 48 55
run=19 seed=18 k=100 f=0
89 70 55 5 44 98 28 80 72 68 27 1 0 80 98 63 73 51 1 36 43 23 31 59 48 91 39 75 14 30 4 96 41 58 12 36 62 0 43 34 49 89 86 23 39 78 86 9 12 61 92 56 21 52 67 36 66 7 13 6 46 17 46 15 7 54 0 27 57 18 5 43 99 17 31 23 78 74 82 90 32 74 87 95 2 67 82 83 74 42 50 73 11 97 85 20 25 54 88 45
run=20 seed=19 k=100 f=0
49 72 48 2 87 15 40 45 52 70 27 78 65 95 43 25 81 88 3 88 47 56 55 47 38 33 38 82 5 86 71 12 89 38 43 87 6 66 10 96 52 19 29 60 50 24 75 3 0 42 21 51 93 33 75 86 71 73 68 99 26 63 31 54 56 99 70 13 0 70 99 31 12 15 19 53 25 98 99 57 94 79 75 4 39 1 65 28 16 8 34 18 27 21 91 81 62 57 94 34
