run=1 seed=0 k=9 f=0
8 7 3 8 6 2 1 0 5 1 2 5 3 7 7 4 6 0 7 1 4 8 3 2 8 4 6 8 2 1 5 0 7 1 5 3 0 7 4 7 6 4 3 2 7 4 5 2 8 1 5 6 0 8 6
run=2 seed=1 k=9 f=0
8 7 3 8 6 2 1 0 5 1 2 5 3 7 7 4 6 0 7 1 4 8 3 2 8 4 6 8 2 1 5 0 7 1 5 3 0 7 4 7 6 4 3 2 7 4 5 2 8 1 5 6 0 8 6
run=3 seed=2 k=9 f=0
6 1 5 8 2 3 0 7 4 3 7 0 6 8 1 5 2 6 4 5 1 2 3 8 0 1 3 2 0 0 6 4 7 5 8 6 4 3 4 8 5 1 6 4 7 5 1 1 3 2 8 0 1 3 0
run=4 seed=3 k=9 f=0
2 3 0 6 2 4 3 1 8 7 5 8 0 1 7 0 6 4 1 3 7 5 4 2 3 0 2 6 5 2 3 8 7 5 8 4 1 2 4 0 6 1 4 6 3 7 0 7 5 2 3 0 2 5 8
run=5 seed=4 k=9 f=0
6 0 1 5 7 6 8 1 5 2 6 3 8 4 4 3 7 8 0 2 5 2 6 0 1 5 4 1 7 1 7 8 2 6 7 3 6 8 8 0 4 5 3 8 2 5 4 6 3 1 7 0 4 1 7
run=6 seed=5 k=9 f=0
7 5 3 4 5 1 8 6 4 1 0 6 7 0 1 3 8 7 2 8 3 4 7 2 6 5 4 1 5 2 6 0 4 1 0 6 2 0 3 1 5 8 3 2 8 7 4 8 4 2 7 6 5 1 3
run=7 seed=6 k=9 f=0
0 2 8 0 4 2 1 6 7 4 3 7 5 8 4 3 1 6 2 1 0 8 5 0 8 5 4 6 2 6 1 7 2 3 0 8 3 7 3 2 4 6 1 7 2 5 0 7 0 3 5 8 6 4 1
run=8 seed=7 k=9 f=0
2 8 6 3 2 7 5 7 4 1 7 5 4 3 3 6 0 2 8 0 6 8 2 5 3 4 1 7 2 5 0 1 8 7 6 5 3 0 6 3 7 6 0 2 8 4 6 4 8 2 4 5 3 1 7
run=9 seed=8 k=9 f=0
4 1 8 0 7 1 2 8 7 2 5 6 3 2 1 5 6 3 4 8 0 7 3 4 1 0 2 5 7 6 2 0 8 7 6 3 4 8 8 1 5 6 2 5 8 1 0 4 3 7 1 4 0 7 5
run=10 seed=9 k=9 f=0
4 8 7 0 2 8 5 7 2 6 3 1 7 4 1 0 5 4 8 5 3 2 4 3 7 0 6 2 1 7 5 8 6 1 3 7 8 6 3 6 1 2 4 8 5 4 0 2 4 0 5 7 0 2 1
run=11 seed=10 k=9 f=0
7 4 2 6 7 8 5 3 8 5 1 4 5 0 2 1 6 7 8 3 2 6 7 4 0 2 6 1 8 3 0 5 8 1 5 0 4 7 5 8 1 3 7 4 8 3 2 6 4 2 6 0 2 7 5
run=12 seed=11 k=9 f=0
5 3 7 8 0 4 4 7 6 0 4 1 6 3 2 8 1 5 3 2 8 0 3 4 2 6 7 4 1 1 5 6 0 8 1 0 3 6 4 7 2 1 7 4 5 8 7 6 3 8 5 6 3 2 1
run=13 seed=12 k=9 f=0
7 6 4 8 6 3 1 0 2 5 1 0 4 2 6 8 3 7 2 5 1 7 4 1 6 8 3 7 6 1 3 2 0 5 1 4 0 3 2 6 8 7 4 2 6 5 2 4 0 1 3 8 7 3 8
run=14 seed=13 k=9 f=0
3 2 0 4 3 8 2 1 6 8 7 5 1 0 8 4 5 1 2 6 7 3 7 2 0 4 3 8 5 5 0 6 3 8 7 0 1 3 6 8 4 5 1 2 5 6 4 3 2 7 0 6 3 8 7
run=15 seed=14 k=9 f=0
4 5 6 0 7 2 3 6 0 7 2 5 3 0 5 2 8 3 4 6 1 0 1 4 6 1 7 8 5 4 8 3 7 0 5 2 0 7 2 7 6 5 8 3 6 4 1 5 1 4 2 1 7 8 3
run=16 seed=15 k=9 f=0
2 6 3 5 7 3 4 3 1 8 4 2 0 5 7 0 5 7 1 6 8 5 8 6 2 0 5 3 7 3 2 4 1 3 8 4 0 2 8 1 7 0 5 7 2 6 1 4 5 6 8 4 1 3 8
run=17 seed=16 k=9 f=0
6 7 8 4 0 8 5 8 4 3 6 7 2 6 7 2 0 1 5 3 1 6 1 5 7 2 4 8 0 0 4 3 6 8 0 6 5 4 7 5 8 0 1 5 3 1 7 3 1 7 2 4 7 2 0
run=18 seed=17 k=9 f=0
7 6 5 1 4 8 1 0 8 4 7 6 5 3 3 5 2 3 8 0 2 2 6 7 1 5 4 1 7 8 0 4 8 0 6 3 8 0 6 7 1 5 3 7 2 5 6 5 3 2 6 1 8 0 7
run=19 seed=18 k=9 f=0
6 5 1 2 4 3 3 1 2 4 6 7 8 5 0 8 7 3 5 0 1 7 6 5 0 8 4 2 6 4 3 2 4 6 1 3 8 0 8 5 0 1 7 2 5 7 1 7 6 8 5 3 8 4 6
run=20 seed=19 k=9 f=0
0 4 7 8 5 6 8 3 2 1 0 4 7 3 4 6 8 5 3 1 8 1 5 0 4 7 6 2 0 6 2 3 1 2 8 5 3 6 8 0 4 7 6 3 4 7 8 7 1 8 0 5 1 6 2
