run=1 seed=0 k=7 f=0
5 0 2 3 1 6 3 1 6 4 5 0 2 3 0 2 3 1 6 4 5 6 4 5 0 2 3 1 6 2 3 1 6 4 5 0 2 3 4 5 0 2 3 1 6 4 5 1 6 4 5 0 2 3 1
run=2 seed=1 k=7 f=0
5 0 2 3 1 6 3 1 6 4 5 0 2 3 0 2 3 1 6 4 5 6 4 5 0 2 3 1 6 2 3 1 6 4 5 0 2 3 4 5 0 2 3 1 6 4 5 1 6 4 5 0 2 3 1
run=3 seed=2 k=7 f=0
2 5 3 6 0 4 6 0 4 1 2 5 3 6 5 3 6 0 4 1 2 4 1 2 5 3 6 0 4 3 6 0 4 1 2 5 3 6 1 2 5 3 6 0 4 1 2 0 4 1 2 5 3 6 0
run=4 seed=3 k=7 f=0
3 1 4 6 5 2 1 4 6 5 2 0 3 1 5 2 0 3 1 4 6 0 3 1 4 6 5 2 0 1 4 6 5 2 0 3 1 4 6 5 2 0 3 1 4 6 5 0 3 1 4 6 5 2 0
run=5 seed=4 k=7 f=0
6 1 4 3 5 2 3 5 2 0 6 1 4 3 1 4 3 5 2 0 6 2 0 6 1 4 3 5 2 4 3 5 2 0 6 1 4 3 0 6 1 4 3 5 2 0 6 5 2 0 6 1 4 3 5
run=6 seed=5 k=7 f=0
5 1 0 4 6 3 1 0 4 6 3 2 5 1 6 3 2 5 1 0 4 2 5 1 0 4 6 3 2 1 0 4 6 3 2 5 1 0 4 6 3 2 5 1 0 4 6 2 5 1 0 4 6 3 2
run=7 seed=6 k=7 f=0
2 0 5 6 4 3 0 5 6 4 3 1 2 0 4 3 1 2 0 5 6 1 2 0 5 6 4 3 1 0 5 6 4 3 1 2 0 5 6 4 3 1 2 0 5 6 4 1 2 0 5 6 4 3 1
run=8 seed=7 k=7 f=0
2 5 6 3 4 1 3 4 1 0 2 5 6 3 5 6 3 4 1 0 2 1 0 2 5 6 3 4 1 6 3 4 1 0 2 5 6 3 0 2 5 6 3 4 1 0 2 4 1 0 2 5 6 3 4
run=9 seed=8 k=7 f=0
4 3 6 1 0 2 1 0 2 5 4 3 6 1 3 6 1 0 2 5 4 2 5 4 3 6 1 0 2 6 1 0 2 5 4 3 6 1 5 4 3 6 1 0 2 5 4 0 2 5 4 3 6 1 0
run=10 seed=9 k=7 f=0
1 6 2 5 3 0 5 3 0 4 1 6 2 5 6 2 5 3 0 4 1 0 4 1 6 2 5 3 0 2 5 3 0 4 1 6 2 5 4 1 6 2 5 3 0 4 1 3 0 4 1 6 2 5 3
run=11 seed=10 k=7 f=0
0 6 2 4 5 1 4 5 1 3 0 6 2 4 6 2 4 5 1 3 0 1 3 0 6 2 4 5 1 2 4 5 1 3 0 6 2 4 3 0 6 2 4 5 1 3 0 5 1 3 0 6 2 4 5
run=12 seed=11 k=7 f=0
5 0 1 3 2 4 0 1 3 2 4 6 5 0 2 4 6 5 0 1 3 6 5 0 1 3 2 4 6 0 1 3 2 4 6 5 0 1 3 2 4 6 5 0 1 3 2 6 5 0 1 3 2 4 6
run=13 seed=12 k=7 f=0
4 1 3 6 5 2 1 3 6 5 2 0 4 1 5 2 0 4 1 3 6 0 4 1 3 6 5 2 0 1 3 6 5 2 0 4 1 3 6 5 2 0 4 1 3 6 5 0 4 1 3 6 5 2 0
run=14 seed=13 k=7 f=0
0 3 5 1 6 2 1 6 2 4 0 3 5 1 3 5 1 6 2 4 0 2 4 0 3 5 1 6 2 5 1 6 2 4 0 3 5 1 4 0 3 5 1 6 2 4 0 6 2 4 0 3 5 1 6
run=15 seed=14 k=7 f=0
2 5 4 3 6 1 3 6 1 0 2 5 4 3 5 4 3 6 1 0 2 1 0 2 5 4 3 6 1 4 3 6 1 0 2 5 4 3 0 2 5 4 3 6 1 0 2 6 1 0 2 5 4 3 6
run=16 seed=15 k=7 f=0
1 0 3 6 4 5 6 4 5 2 1 0 3 6 0 3 6 4 5 2 1 5 2 1 0 3 6 4 5 3 6 4 5 2 1 0 3 6 2 1 0 3 6 4 5 2 1 4 5 2 1 0 3 6 4
run=17 seed=16 k=7 f=0
5 6 2 0 4 1 6 2 0 4 1 3 5 6 4 1 3 5 6 2 0 3 5 6 2 0 4 1 3 6 2 0 4 1 3 5 6 2 0 4 1 3 5 6 2 0 4 3 5 6 2 0 4 1 3
run=18 seed=17 k=7 f=0
4 5 6 3 0 2 5 6 3 0 2 1 4 5 0 2 1 4 5 6 3 1 4 5 6 3 0 2 1 5 6 3 0 2 1 4 5 6 3 0 2 1 4 5 6 3 0 1 4 5 6 3 0 2 1
run=19 seed=18 k=7 f=0
6 2 1 0 5 4 2 1 0 5 4 3 6 2 5 4 3 6 2 1 0 3 6 2 1 0 5 4 3 2 1 0 5 4 3 6 2 1 0 5 4 3 6 2 1 0 5 3 6 2 1 0 5 4 3
run=20 seed=19 k=7 f=0
3 4 5 0 2 6 4 5 0 2 6 1 3 4 2 6 1 3 4 5 0 1 3 4 5 0 2 6 1 4 5 0 2 6 1 3 4 5 0 2 6 1 3 4 5 0 2 1 3 4 5 0 2 6 1
