run=1 seed=0 k=26 f=0
17 22 15 16 1 1 12 16 9 25 3 9 1 10 25 16 18 10 25 24 9 0 17 8 6 0 0 8 23 25
run=2 seed=1 k=26 f=0
17 22 15 16 1 1 12 16 9 25 3 9 1 10 25 16 18 10 25 24 9 0 17 8 6 0 0 8 23 25
run=3 seed=2 k=26 f=0
5 1 6 0 1 19 12 3 7 25 19 23 0 1 25 8 20 12 23 10 25 16 4 8 14 4 16 18 22 25
run=4 seed=3 k=26 f=0
16 19 22 8 19 24 1 10 17 8 5 6 12 5 22 25 0 18 5 25 11 2 5 0 0 9 16 0 20 25
run=5 seed=4 k=26 f=0
20 19 10 17 21 11 3 1 22 9 5 8 16 22 7 25 16 5 3 24 11 0 20 25 17 25 9 0 13 0
run=6 seed=5 k=26 f=0
25 16 5 16 23 14 6 24 7 3 0 5 20 22 1 1 2 25 11 18 8 25 7 8 21 11 0 13 12 25
run=7 seed=6 k=26 f=0
0 8 24 16 4 17 25 1 8 15 19 18 6 4 15 14 0 20 21 10 0 24 1 0 3 12 8 22 15 25
run=8 seed=7 k=26 f=0
25 19 11 8 5 20 12 12 0 17 4 11 6 23 17 25 4 23 14 18 11 1 23 0 7 14 16 0 4 25
run=9 seed=8 k=26 f=0
25 2 21 9 25 13 7 25 20 17 4 8 14 1 0 17 12 4 7 21 10 25 22 25 11 25 17 9 12 0
run=10 seed=9 k=26 f=0
10 0 23 25 2 0 0 22 10 1 12 21 3 6 16 25 14 4 12 3 18 9 9 9 7 24 17 24 21 0
run=11 seed=10 k=26 f=0
11 8 24 16 12 15 7 21 7 2 12 21 15 21 1 25 1 20 3 24 0 17 7 8 14 11 0 25 12 25
run=12 seed=11 k=26 f=0
0 0 7 9 5 2 13 23 13 25 2 18 6 10 22 15 21 12 22 18 8 25 1 25 3 3 17 14 23 0
run=13 seed=12 k=26 f=0
15 0 20 9 17 21 15 13 9 2 2 7 19 7 9 25 15 3 5 21 8 17 1 25 10 24 17 25 25 0
run=14 seed=13 k=26 f=0
20 11 21 25 24 18 22 3 11 10 21 0 25 24 9 17 3 25 8 12 3 25 17 17 3 16 9 2 5 0
run=15 seed=14 k=26 f=0
3 17 9 9 23 24 8 10 5 16 6 9 19 2 10 11 25 0 0 16 25 3 1 25 22 14 17 24 23 0
run=16 seed=15 k=26 f=0
14 19 7 17 21 23 11 10 15 2 15 2 18 1 8 25 17 0 5 25 1 10 0 25 17 8 9 25 25 0
run=17 seed=16 k=26 f=0
25 8 5 8 5 13 25 25 20 17 21 0 21 11 3 25 23 16 14 7 0 17 25 0 4 4 16 10 1 25
run=18 seed=17 k=26 f=0
0 0 1 25 17 9 21 16 23 25 5 22 21 24 6 25 14 24 6 25 18 9 25 9 12 4 17 15 5 0
run=19 seed=18 k=26 f=0
17 16 13 9 14 14 11 22 4 9 18 3 5 1 24 9 8 1 2 9 0 25 17 17 20 19 25 0 22 0
run=20 seed=19 k=26 f=0
4 13 0 17 25 7 3 23 0 13 10 0 19 13 10 7 18 25 14 19 0 24 3 25 20 3 9 24 25 0
