run=1 seed=0 k=28 f=0
15 18 9 19 1 3 10 18 27 25 7 11 5 1 27 9 7 14 16 16 27 0 19 11 2 26 27 0 15 0
run=2 seed=1 k=28 f=0
15 18 9 19 1 3 10 18 27 25 7 11 5 1 27 9 7 14 16 16 27 0 19 11 2 26 27 0 15 0
run=3 seed=2 k=28 f=0
8 8 12 1 8 2 15 21 11 26 2 14 3 21 27 2 10 17 21 11 18 27 9 9 11 27 27 19 2 18
run=4 seed=3 k=28 f=0
24 19 14 0 0 19 8 12 1 12 3 10 0 23 18 25 1 23 9 23 11 0 12 8 5 15 17 5 2 27
run=5 seed=4 k=28 f=0
21 17 6 25 3 2 21 11 20 9 27 26 27 14 11 23 1 25 13 16 9 0 20 17 2 10 9 0 4 0
run=6 seed=5 k=28 f=0
15 13 10 18 0 12 24 1 23 25 19 23 20 6 9 19 20 27 12 10 26 0 15 0 3 1 26 0 17 9
run=7 seed=6 k=28 f=0
0 1 26 27 9 17 18 7 27 13 3 7 4 15 27 18 3 10 0 20 11 27 12 11 4 19 19 20 5 1
run=8 seed=7 k=28 f=0
12 27 3 27 8 11 10 25 4 21 5 17 27 15 18 2 1 26 22 26 19 10 12 0 8 11 9 1 1 18
run=9 seed=8 k=28 f=0
16 27 17 26 27 3 18 9 21 25 15 11 12 3 23 7 24 6 15 25 0 18 17 18 0 15 9 1 27 0
run=10 seed=9 k=28 f=0
23 21 17 26 2 13 12 4 26 1 0 0 27 1 17 27 23 0 18 23 13 4 0 0 14 10 18 9 27 9
run=11 seed=10 k=28 f=0
27 0 26 19 14 5 19 23 19 0 11 9 21 8 0 6 4 14 23 1 18 27 12 11 14 22 27 7 24 2
run=12 seed=11 k=28 f=0
0 0 1 27 23 11 1 20 25 11 2 24 27 18 7 27 5 27 11 22 8 17 14 19 3 15 11 20 7 0
run=13 seed=12 k=28 f=0
4 0 14 0 9 16 9 25 9 14 6 25 0 3 12 17 11 1 24 16 26 9 4 8 1 20 27 22 22 17
run=14 seed=13 k=28 f=0
6 13 7 9 12 24 0 8 17 27 26 2 10 2 23 7 25 0 27 14 0 23 1 1 21 16 27 15 23 18
run=15 seed=14 k=28 f=0
16 0 27 18 13 16 2 27 3 26 3 11 20 22 0 9 16 2 0 13 26 17 14 10 19 25 26 7 7 1
run=16 seed=15 k=28 f=0
11 27 9 0 17 3 2 16 23 3 10 4 4 4 27 21 18 26 8 21 2 13 10 17 15 0 8 20 20 26
run=17 seed=16 k=28 f=0
10 1 23 11 23 19 23 2 7 20 25 15 26 14 16 27 5 12 13 0 10 19 7 19 6 25 27 0 3 2
run=18 seed=17 k=28 f=0
20 1 23 27 15 19 5 0 10 10 24 9 5 7 26 11 16 5 2 7 18 27 9 19 24 26 1 0 17 10
run=19 seed=18 k=28 f=0
10 0 11 10 21 5 9 20 12 1 16 17 18 26 0 15 22 1 5 27 8 23 7 27 21 13 19 25 2 0
run=20 seed=19 k=28 f=0
17 27 16 27 9 27 2 9 0 9 1 0 21 22 1 2 6 24 27 26 19 10 16 9 22 15 1 26 9 18
