run=1 seed=0 k=27 f=0
26 16 18 18 14 25 19 12 6 10 23 4 12 1 3 0 26 0 23 0 8 26 24 0 17 8 26 17 10 9
run=2 seed=1 k=27 f=0
26 16 18 18 14 25 19 12 6 10 23 4 12 1 3 0 26 0 23 0 8 26 24 0 17 8 26 17 10 9
run=3 seed=2 k=27 f=0
24 8 25 8 9 12 0 6 22 12 19 16 20 7 8 14 11 18 26 9 0 23 14 26 6 1 0 1 18 17
run=4 seed=3 k=27 f=0
12 26 17 26 24 4 7 10 19 4 22 4 21 10 4 18 24 1 6 4 11 0 11 8 24 14 0 26 19 17
run=5 seed=4 k=27 f=0
26 20 10 26 16 22 15 13 5 16 26 12 6 13 18 26 2 16 5 5 12 1 26 0 9 25 18 1 3 9
run=6 seed=5 k=27 f=0
7 1 7 0 23 0 8 24 15 17 3 18 0 4 15 16 22 3 4 17 9 25 9 18 23 11 26 26 14 9
run=7 seed=6 k=27 f=0
9 17 25 8 5 1 11 24 10 20 2 23 13 20 22 0 3 21 19 16 25 8 7 0 26 13 26 0 5 17
run=8 seed=7 k=27 f=0
18 0 23 26 11 22 23 10 15 0 23 10 22 11 1 15 15 2 1 1 8 26 18 9 7 26 18 9 2 0
run=9 seed=8 k=27 f=0
26 11 3 26 9 1 13 17 10 18 21 3 6 15 15 17 24 16 0 9 2 25 21 0 10 0 8 0 25 17
run=10 seed=9 k=27 f=0
26 26 21 9 24 11 14 25 1 14 12 3 20 4 11 1 8 0 15 1 18 9 26 0 21 17 17 2 23 26
run=11 seed=10 k=27 f=0
13 20 2 8 21 4 5 22 17 23 5 7 9 14 20 26 0 23 8 21 12 1 26 26 16 11 0 1 24 17
run=12 seed=11 k=27 f=0
1 25 15 8 24 13 11 6 23 19 0 6 6 5 26 0 10 1 10 24 7 16 19 0 26 20 26 12 19 17
run=13 seed=12 k=27 f=0
26 8 14 8 1 12 17 26 22 0 11 18 8 22 20 16 26 0 23 22 0 26 0 0 6 13 26 13 0 17
run=14 seed=13 k=27 f=0
4 9 0 0 7 10 2 2 26 14 6 21 0 14 17 15 18 25 22 15 0 25 7 26 0 2 18 24 23 9
run=15 seed=14 k=27 f=0
21 18 2 0 5 11 11 24 0 5 20 10 25 21 1 12 16 25 22 8 26 4 7 8 26 7 26 12 5 17
run=16 seed=15 k=27 f=0
20 9 21 17 26 3 13 9 19 11 22 3 14 5 26 15 0 25 4 10 1 25 18 8 23 13 0 3 25 26
run=17 seed=16 k=27 f=0
15 26 6 18 12 17 19 2 24 6 24 20 11 21 1 0 17 10 24 3 17 8 18 26 12 2 9 25 0 0
run=18 seed=17 k=27 f=0
10 26 17 18 22 26 1 9 5 20 14 6 14 4 24 18 10 3 7 24 0 10 6 0 1 19 26 1 15 9
run=19 seed=18 k=27 f=0
6 1 10 26 13 4 3 22 11 24 12 25 10 25 24 7 7 0 26 0 24 15 3 0 18 18 8 17 15 17
run=20 seed=19 k=27 f=0
20 26 25 1 22 23 17 12 2 11 24 4 10 15 26 9 22 15 2 13 0 17 14 17 24 7 9 2 2 26
