run=1 seed=0 k=63 f=0
8 3 13 46 38 41 18 24 62 14 7 58 27 51 38 21 37 56 53 1 33 0 12 15 30 24 51 53 0 49 18 38 62 31 8 22 47 19 44 19 5 33 25 48 62 54 41 1 55 58 40 59 45 6 24 11 3 57 51 21 40 35 0 24 36 14 30 29 32 14
run=2 seed=1 k=63 f=0
8 3 13 46 38 41 18 24 62 14 7 58 27 51 38 21 37 56 53 1 33 0 12 15 30 24 51 53 0 49 18 38 62 31 8 22 47 19 44 19 5 33 25 48 62 54 41 1 55 58 40 59 45 6 24 11 3 57 51 21 40 35 0 24 36 14 30 29 32 14
run=3 seed=2 k=63 f=0
45 46 0 18 0 33 29 14 41 27 27 0 52 17 61 15 25 6 39 32 8 21 44 16 0 35 21 20 43 51 30 0 62 46 59 9 22 3 20 4 49 34 16 24 61 59 37 0 39 52 24 41 10 7 35 5 62 35 11 11 49 58 53 41 28 30 53 50 50 58
run=4 seed=3 k=63 f=0
12 1 20 41 6 0 14 19 10 43 43 25 36 17 60 1 6 47 6 2 25 27 13 37 61 51 14 47 8 57 61 56 53 47 27 44 46 57 33 62 59 49 54 21 15 62 3 28 28 6 47 52 25 33 35 10 16 24 39 61 38 57 46 9 18 0 62 25 0 0
run=5 seed=4 k=63 f=0
55 59 33 8 7 22 39 5 0 46 24 60 58 24 44 61 25 6 49 32 35 56 47 36 37 53 12 3 50 33 36 44 0 28 52 29 22 31 40 0 17 41 12 44 50 15 47 62 11 20 7 62 25 62 16 19 2 15 57 29 1 31 5 52 7 44 13 59 32 21
run=6 seed=5 k=63 f=0
31 41 3 62 14 15 17 13 51 4 42 0 38 29 54 62 7 39 37 19 7 6 0 24 43 34 36 28 48 62 54 59 45 55 45 62 1 27 19 60 51 28 0 7 62 25 36 0 10 11 61 36 19 45 51 47 53 24 50 9 55 49 34 60 10 45 54 8 20 42
run=7 seed=6 k=63 f=0
55 61 5 32 50 37 45 37 60 0 56 32 28 62 49 30 21 20 49 8 40 62 47 26 62 23 24 18 0 24 52 49 0 19 34 17 9 17 40 57 57 43 37 44 3 0 9 62 54 14 49 44 12 54 28 32 0 38 0 10 49 4 11 52 32 60 9 17 13 61
run=8 seed=7 k=63 f=0
0 62 53 26 19 12 3 49 62 62 16 21 17 35 7 43 37 33 6 44 27 10 18 43 27 16 22 23 10 62 38 0 62 57 29 36 7 33 47 14 57 37 26 20 11 33 22 27 50 36 41 49 54 46 43 31 62 10 0 1 52 58 61 4 17 46 53 11 5 29
run=9 seed=8 k=63 f=0
7 45 55 7 50 27 60 33 42 18 3 18 40 37 15 56 0 47 13 59 27 26 7 41 26 30 20 8 38 55 23 10 53 38 57 34 48 23 46 12 5 46 54 19 35 50 13 0 59 47 0 44 13 20 2 1 8 46 51 28 61 36 36 11 22 56 62 26 29 56
run=10 seed=9 k=63 f=0
55 48 52 62 2 15 5 29 9 13 2 23 19 22 1 14 17 31 29 35 57 58 55 37 2 17 18 11 62 16 0 53 47 21 49 8 26 3 41 8 57 38 40 23 58 40 49 62 34 43 30 31 25 32 37 26 46 43 38 11 58 42 26 6 20 10 0 24 59 50
run=11 seed=10 k=63 f=0
31 13 0 40 21 48 34 38 29 5 61 25 28 60 11 7 56 56 54 1 62 10 48 0 62 62 43 25 53 20 0 19 39 25 14 7 45 19 45 0 33 4 38 14 62 47 55 62 60 50 0 40 47 16 32 49 9 39 34 34 17 35 21 9 17 35 23 10 50 61
run=12 seed=11 k=63 f=0
7 23 15 59 0 44 28 35 40 46 13 38 32 34 26 49 10 36 38 6 42 62 1 30 40 48 24 50 1 6 5 56 53 44 28 23 24 53 47 39 59 26 11 16 60 20 53 0 62 35 23 19 45 2 13 32 8 26 53 62 55 57 61 11 12 16 62 30 57 31
run=13 seed=12 k=63 f=0
7 23 22 34 37 25 44 18 62 0 32 60 51 11 42 1 54 55 13 24 19 60 10 49 62 13 48 50 0 48 41 5 62 26 61 42 10 30 22 5 5 24 53 18 1 53 11 0 2 56 7 44 11 2 19 4 61 43 22 14 32 43 29 10 55 35 34 40 27 49
run=14 seed=13 k=63 f=0
7 21 0 36 52 20 56 17 8 18 61 57 29 9 28 48 11 13 14 52 16 1 21 37 61 46 35 42 12 52 12 0 62 12 0 44 46 58 33 62 57 44 45 29 4 29 40 0 19 62 47 25 57 21 37 28 3 39 53 28 50 58 3 47 25 39 53 43 46 20
run=15 seed=14 k=63 f=0
7 16 30 21 33 23 62 7 50 61 27 1 62 11 14 61 35 30 29 62 46 20 0 62 49 56 34 58 35 41 45 0 37 12 2 55 9 41 20 53 49 62 24 16 6 36 54 0 21 4 16 18 51 44 42 2 31 10 43 54 28 53 25 10 12 1 46 15 27 44
run=16 seed=15 k=63 f=0
32 59 30 53 55 44 62 51 16 16 40 11 52 40 60 10 14 3 38 59 1 14 62 9 36 5 22 39 0 5 11 7 53 44 60 0 61 28 47 35 58 57 21 18 1 0 34 25 3 38 37 4 50 23 26 53 42 48 54 30 41 57 24 35 15 16 62 46 48 23
run=17 seed=16 k=63 f=0
54 60 33 24 16 30 18 62 50 39 23 48 23 1 47 48 38 23 24 31 32 8 21 47 62 12 13 2 39 54 13 41 62 44 61 8 8 58 43 47 51 30 37 39 29 0 35 0 0 3 9 31 43 56 54 22 45 29 3 19 7 58 11 10 35 17 16 7 10 59
run=18 seed=17 k=63 f=0
46 22 44 8 6 26 51 28 37 21 55 46 54 48 1 25 44 7 40 5 11 11 52 17 13 17 16 10 14 62 36 46 62 21 27 10 2 17 22 16 49 4 3 35 56 0 41 53 39 57 1 0 46 31 33 47 62 60 34 32 54 58 2 42 31 36 0 60 61 59
run=19 seed=18 k=63 f=0
53 1 57 3 22 16 46 11 50 32 44 51 53 5 40 34 30 45 47 38 41 4 62 30 21 13 6 62 19 29 16 60 0 61 50 23 35 3 34 17 59 60 42 8 33 19 38 39 45 23 28 39 53 31 13 54 23 48 0 40 26 24 11 56 11 10 62 26 59 4
run=20 seed=19 k=63 f=0
32 58 12 0 31 53 62 29 57 44 15 49 25 57 22 50 54 10 47 22 8 55 5 0 16 41 2 47 36 42 8 36 16 37 18 7 40 17 56 28 29 9 31 41 16 7 21 25 1 32 43 37 41 49 0 0 56 62 43 62 1 20 34 36 38 47 62 45 7 23
