run=1 seed=0 k=73 f=0
33 70 26 67 21 72 47 21 42 60 71 28 69 50 50 41 21 57 0 2 0 0 61 26 11 3 29 7 53 62 59 60 63 38 34 42 43 13 22 2 57 8 14 5 29 8 28 50 52 13 37 12 0 59 40 19 61 53 29 16 45 21 71 38 10 20 16 16 72 70
run=2 seed=1 k=73 f=0
33 70 26 67 21 72 47 21 42 60 71 28 69 50 50 41 21 57 0 2 0 0 61 26 11 3 29 7 53 62 59 60 63 38 34 42 43 13 22 2 57 8 14 5 29 8 28 50 52 13 37 12 0 59 40 19 61 53 29 16 45 21 71 38 10 20 16 16 72 70
run=3 seed=2 k=73 f=0
34 13 62 21 22 50 13 57 42 32 27 38 39 63 29 56 61 7 67 33 7 20 4 59 40 7 50 64 72 66 27 18 0 31 40 10 48 14 55 17 31 8 39 72 71 71 47 41 27 38 65 55 33 54 48 0 72 12 49 48 31 30 26 18 18 55 24 1 72 26
run=4 seed=3 k=73 f=0
43 22 38 1 25 72 63 72 67 0 55 3 28 58 48 69 72 0 29 42 11 33 5 63 23 57 0 69 31 15 58 10 12 7 9 3 67 58 67 42 17 44 45 34 35 26 47 21 43 30 47 31 3 16 48 2 20 52 65 63 21 16 36 47 48 38 54 33 19 37
run=5 seed=4 k=73 f=0
53 58 48 22 3 62 0 58 72 61 26 62 39 72 32 41 4 34 36 14 60 12 72 45 29 13 49 68 13 70 28 36 72 52 41 0 50 69 66 14 58 1 36 7 20 43 32 28 17 69 53 51 8 61 35 46 2 63 57 30 21 68 18 13 13 23 19 3 28 48
run=6 seed=5 k=73 f=0
10 53 59 50 45 63 69 47 33 61 29 63 44 34 43 69 66 3 27 55 70 60 13 72 60 5 40 63 19 38 10 67 53 24 20 0 14 66 68 40 7 72 19 35 28 0 8 18 53 30 0 6 3 15 72 1 26 23 33 7 45 57 1 29 38 6 44 20 52 56
run=7 seed=6 k=73 f=0
20 0 56 0 36 64 11 51 23 63 27 71 29 72 30 32 35 47 51 68 52 3 1 0 23 17 17 60 36 43 40 38 40 70 53 71 68 46 33 19 59 61 32 57 48 62 19 27 2 48 58 3 18 35 23 54 12 69 9 2 12 72 44 34 6 40 12 7 44 46
run=8 seed=7 k=73 f=0
38 30 26 59 7 29 43 63 10 62 41 57 18 16 38 1 12 57 52 56 30 56 26 9 72 50 48 46 9 72 68 70 63 22 72 72 5 62 13 54 26 21 38 47 58 33 6 0 33 1 66 0 19 68 38 16 71 44 39 46 34 14 58 41 43 41 19 1 30 1
run=9 seed=8 k=73 f=0
9 30 14 23 47 36 0 4 64 14 13 9 56 38 46 69 41 16 15 18 32 59 16 72 35 33 72 0 68 23 49 32 46 29 55 0 16 27 40 32 33 45 10 56 18 40 48 63 9 57 3 22 60 72 5 39 46 4 48 29 19 42 61 3 53 66 23 51 67 58
run=10 seed=9 k=73 f=0
36 42 4 38 28 0 12 19 30 19 63 5 17 60 57 68 0 18 17 51 30 1 21 53 10 48 40 13 14 50 70 8 62 26 66 71 56 47 49 45 29 69 30 45 6 56 42 9 6 21 26 36 60 64 51 62 37 40 53 35 20 31 60 39 41 68 26 72 5 59
run=11 seed=10 k=73 f=0
64 22 3 61 1 54 27 65 72 18 42 15 11 70 25 55 50 47 48 29 20 19 42 18 72 42 4 68 36 6 54 49 0 36 37 32 42 33 57 61 25 52 3 25 33 12 57 9 60 69 24 7 63 50 43 46 69 14 0 0 21 68 32 34 69 54 40 20 28 42
run=12 seed=11 k=73 f=0
30 17 31 58 59 23 19 46 72 44 55 36 32 0 21 60 17 53 10 13 1 0 38 37 50 41 40 39 23 14 55 63 47 64 24 56 11 60 20 56 31 63 3 15 69 8 33 72 48 2 68 34 32 49 10 25 20 26 64 4 12 7 0 61 64 55 2 24 72 43
run=13 seed=12 k=73 f=0
31 69 56 2 62 66 49 21 45 11 12 28 56 2 24 54 13 25 72 7 47 61 29 57 39 11 34 0 53 71 42 59 48 16 46 10 20 71 24 65 35 2 5 3 34 29 40 19 28 42 10 56 14 72 27 53 37 71 21 18 48 44 0 12 0 2 39 69 36 63
run=14 seed=13 k=73 f=0
8 48 42 18 52 60 37 45 72 61 62 72 36 8 51 58 62 45 14 56 29 69 9 51 72 31 34 56 23 31 27 15 70 1 34 40 50 71 63 46 47 55 17 21 2 26 11 0 3 6 48 16 67 58 40 42 16 24 0 40 34 66 39 16 26 0 32 4 71 2
run=15 seed=14 k=73 f=0
64 43 45 64 17 30 0 30 25 9 51 58 13 27 71 59 16 49 18 44 61 7 68 39 40 54 14 51 68 44 11 72 56 58 45 46 68 27 26 61 68 1 62 13 2 39 20 0 1 29 50 70 29 13 36 69 37 27 32 17 50 5 0 21 9 46 72 5 0 36
run=16 seed=15 k=73 f=0
21 6 49 16 35 48 69 35 7 13 2 30 11 24 66 1 34 38 55 19 26 20 52 28 28 34 66 42 72 56 69 55 3 40 58 35 42 20 66 48 17 44 34 62 52 27 11 71 51 2 41 6 26 57 65 49 61 13 18 60 54 8 68 57 43 2 13 44 72 10
run=17 seed=16 k=73 f=0
21 12 27 52 24 0 62 10 34 54 56 51 53 37 71 4 72 39 72 47 43 3 52 14 42 10 25 67 69 43 1 65 55 15 30 7 18 70 28 43 63 34 21 63 55 72 24 33 2 0 6 61 42 42 4 52 61 13 36 22 40 70 25 25 40 28 46 4 16 15
run=18 seed=17 k=73 f=0
58 22 33 56 10 42 12 45 8 41 18 34 43 64 22 65 39 26 52 0 51 24 31 9 48 46 55 30 64 3 70 38 0 50 15 23 30 17 39 24 14 12 58 16 3 63 35 32 8 72 26 2 46 1 53 43 0 19 69 53 25 4 6 50 63 68 72 28 33 70
run=19 seed=18 k=73 f=0
16 66 17 72 71 53 62 70 29 27 60 50 50 1 26 42 38 35 59 50 61 50 30 23 2 3 19 57 28 17 11 6 72 8 48 30 2 20 0 19 37 5 40 64 3 43 25 41 72 56 14 8 17 35 42 34 36 67 72 64 20 11 54 0 48 44 6 65 64 42
run=20 seed=19 k=73 f=0
39 46 43 4 20 10 67 51 72 72 10 72 23 6 33 62 40 53 71 0 14 44 72 63 48 20 57 14 38 29 37 43 47 24 47 56 8 41 26 67 17 20 10 30 55 34 58 21 52 56 48 57 27 12 41 2 68 9 16 58 31 71 28 36 34 60 0 26 26 7
