run=1 seed=0 k=65 f=0
0 61 37 64 57 38 0 42 14 18 2 45 0 4 46 37 41 30 32 61 46 8 16 54 25 7 37 20 24 29 51 49 24 48 27 15 23 13 58 54 1 63 16 45 0 56 18 7 54 17 60 11 26 30 41 38 37 59 2 15 10 59 50 17 48 8 64 24 63 37
run=2 seed=1 k=65 f=0
0 61 37 64 57 38 0 42 14 18 2 45 0 4 46 37 41 30 32 61 46 8 16 54 25 7 37 20 24 29 51 49 24 48 27 15 23 13 58 54 1 63 16 45 0 56 18 7 54 17 60 11 26 30 41 38 37 59 2 15 10 59 50 17 48 8 64 24 63 37
run=3 seed=2 k=65 f=0
54 14 58 0 46 13 64 2 20 54 16 63 12 8 12 17 52 6 19 10 54 57 36 32 46 40 37 55 6 48 28 61 0 11 61 39 22 62 28 32 57 22 0 24 40 34 26 47 29 30 45 19 63 49 25 6 39 64 13 54 34 42 3 58 8 1 64 52 0 14
run=4 seed=3 k=65 f=0
54 14 47 7 1 33 63 59 54 19 18 37 3 64 22 60 64 1 0 10 30 8 8 47 28 34 49 22 64 45 3 39 63 40 31 40 60 23 29 53 56 3 57 17 29 0 26 24 12 57 45 11 44 17 49 35 41 0 36 55 47 40 43 57 14 17 8 30 41 6
run=5 seed=4 k=65 f=0
39 23 49 1 8 23 8 52 61 37 13 47 43 21 23 63 8 16 17 36 17 0 34 46 2 33 7 61 59 41 5 45 55 57 44 64 4 60 26 64 5 5 47 30 14 20 32 9 12 14 0 29 37 42 56 17 51 25 20 35 64 51 56 61 34 31 0 27 2 11
run=6 seed=5 k=65 f=0
53 50 2 43 31 23 37 16 33 1 64 58 0 53 30 0 8 16 17 24 9 2 59 32 20 21 48 4 49 32 64 5 9 59 37 0 20 46 27 48 39 40 41 39 25 50 23 46 13 64 18 60 9 13 43 14 55 32 27 4 11 58 43 2 58 33 64 57 14 43
run=7 seed=6 k=65 f=0
40 39 37 10 43 33 51 14 24 62 45 41 20 53 27 49 33 7 21 59 41 38 40 57 11 57 20 12 2 23 55 35 13 29 6 64 30 59 52 48 38 59 9 26 22 64 6 47 44 45 64 27 3 18 34 63 8 56 61 11 19 62 0 19 6 54 0 1 17 34
run=8 seed=7 k=65 f=0
50 64 17 37 0 25 31 51 0 43 25 0 59 64 44 20 64 57 56 31 19 3 2 39 37 6 46 42 11 35 33 58 64 45 5 8 25 46 28 23 20 64 9 32 23 64 14 16 35 25 26 56 56 56 30 20 7 10 30 47 53 44 49 6 45 32 0 11 14 39
run=9 seed=8 k=65 f=0
44 54 4 55 51 57 64 27 22 43 53 24 21 17 35 35 51 50 51 2 2 20 19 37 57 45 59 7 9 60 18 12 9 0 31 64 53 35 33 10 3 1 39 21 28 39 47 28 10 26 42 58 46 14 64 34 62 28 44 49 62 5 0 15 18 13 0 32 0 57
run=10 seed=9 k=65 f=0
18 63 9 0 13 39 33 49 16 22 12 38 28 36 37 38 14 47 45 54 18 60 1 25 55 24 25 9 64 29 21 3 64 20 3 32 55 63 58 52 17 18 29 0 1 41 6 53 14 64 54 29 51 52 44 37 38 31 23 7 51 59 64 15 3 6 9 31 61 24
run=11 seed=10 k=65 f=0
11 58 64 10 11 23 22 64 51 29 47 13 23 63 24 38 64 58 17 13 53 15 19 52 53 1 2 44 38 56 17 23 64 31 35 45 30 59 57 24 29 21 50 30 27 40 6 37 0 44 63 53 6 57 20 37 43 3 10 52 33 5 28 15 6 13 0 33 5 25
run=12 seed=11 k=65 f=0
38 3 11 21 29 15 27 23 61 58 44 51 3 39 34 0 19 30 32 28 25 57 27 0 46 55 2 25 6 33 41 16 47 49 64 64 60 50 19 32 53 62 31 7 56 4 13 24 13 64 29 12 17 40 48 19 34 35 52 40 25 64 60 41 10 16 56 51 3 0
run=13 seed=12 k=65 f=0
7 54 59 28 43 49 54 13 0 18 47 24 27 64 20 12 64 24 64 40 49 3 26 14 51 37 29 38 8 29 0 20 31 18 55 21 14 44 46 7 9 55 34 57 13 64 38 0 35 11 1 25 22 45 3 62 58 36 44 64 4 35 1 62 54 39 40 52 34 34
run=14 seed=13 k=65 f=0
31 46 41 53 49 0 46 55 24 26 16 63 37 64 1 15 19 49 47 64 20 38 4 9 56 30 45 6 48 29 21 32 55 8 57 16 14 64 3 45 60 6 31 41 62 0 62 24 4 63 13 1 15 18 34 14 47 48 28 39 13 59 39 36 38 59 64 10 14 25
run=15 seed=14 k=65 f=0
8 7 61 27 30 42 43 21 54 63 58 64 10 15 36 60 46 21 48 63 64 28 24 28 40 18 1 36 27 48 45 13 0 14 22 64 23 34 39 5 9 4 33 35 18 35 64 15 56 50 19 52 58 3 0 56 2 32 64 54 43 50 13 62 22 51 56 45 39 13
run=16 seed=15 k=65 f=0
30 15 39 0 51 46 44 40 32 1 28 13 2 19 25 25 4 1 0 46 40 4 38 23 10 60 63 64 34 19 28 21 64 24 56 16 10 28 49 42 27 49 48 39 5 53 61 8 44 50 53 26 41 15 34 35 59 54 21 23 1 14 64 34 36 22 55 10 9 6
run=17 seed=16 k=65 f=0
24 18 59 24 44 64 12 38 16 36 55 50 62 63 10 57 39 38 40 33 12 64 26 55 8 44 20 32 63 20 46 48 32 33 57 9 6 18 59 1 3 28 29 46 0 4 45 17 53 1 44 20 56 52 27 5 36 17 62 1 44 28 49 7 49 56 0 64 11 19
run=18 seed=17 k=65 f=0
26 27 14 43 0 0 19 0 23 26 17 60 34 56 59 63 58 33 32 8 19 11 51 40 1 29 29 10 44 53 52 62 9 64 49 56 60 11 3 21 24 6 1 49 62 35 27 64 52 4 15 40 15 54 34 43 44 41 12 25 32 13 29 54 46 5 18 51 7 38
run=19 seed=18 k=65 f=0
64 47 0 42 1 34 36 23 18 17 0 16 37 47 26 14 60 56 58 48 61 45 26 50 48 51 6 55 59 31 24 32 0 55 11 17 55 24 31 52 5 39 2 41 9 64 14 25 47 60 28 40 37 7 60 62 12 7 18 6 1 4 36 15 44 44 9 57 26 49
run=20 seed=19 k=65 f=0
64 1 43 52 57 39 38 6 1 41 52 59 7 31 16 4 11 32 33 38 57 46 18 15 61 31 46 37 29 64 63 60 48 58 22 8 31 39 42 0 61 19 52 24 19 17 30 57 49 63 45 51 43 9 8 8 21 52 27 0 6 52 39 6 21 1 0 26 64 16
