run=1 seed=0 k=70 f=0
44 46 22 5 43 61 66 61 31 33 2 47 20 19 13 19 10 38 0 67 61 28 47 9 2 40 12 13 21 41 1 42 52 36 59 35 43 56 58 69 45 13 61 69 34 17 9 18 65 49 0 26 21 57 52 20 32 56 36 31 65 48 29 2 66 5 27 54 3 7
run=2 seed=1 k=70 f=0
44 46 22 5 43 61 66 61 31 33 2 47 20 19 13 19 10 38 0 67 61 28 47 9 2 40 12 13 21 41 1 42 52 36 59 35 43 56 58 69 45 13 61 69 34 17 9 18 65 49 0 26 21 57 52 20 32 56 36 31 65 48 29 2 66 5 27 54 3 7
run=3 seed=2 k=70 f=0
61 39 68 16 21 54 9 14 5 37 55 29 29 63 47 49 24 32 48 60 2 2 9 0 67 31 40 64 66 39 23 69 40 22 31 25 22 7 34 54 57 47 68 7 0 44 66 68 60 60 54 10 59 52 50 58 49 33 17 17 56 22 42 46 11 65 17 28 1 3
run=4 seed=3 k=70 f=0
46 5 69 0 41 9 47 69 51 69 39 4 43 9 32 4 7 54 52 59 63 62 48 39 33 57 45 45 28 12 54 4 0 7 16 61 25 67 33 38 12 56 42 27 68 17 31 69 3 12 54 1 19 38 28 37 16 21 26 44 15 64 61 32 24 7 18 26 58 68
run=5 seed=4 k=70 f=0
30 3 34 1 33 40 7 53 48 25 3 40 44 4 53 37 31 6 46 69 37 14 48 69 23 22 12 22 60 31 50 23 12 26 57 21 64 24 5 42 56 69 44 51 15 61 42 0 33 13 7 69 27 69 46 62 0 5 10 26 16 19 61 27 35 51 60 39 17 66
run=6 seed=5 k=70 f=0
51 4 67 0 31 30 17 32 23 11 19 69 20 48 20 65 17 37 36 66 2 68 44 44 31 10 53 63 2 7 26 4 6 27 42 61 60 6 0 25 53 51 33 22 17 48 57 15 31 55 12 1 52 36 58 38 45 55 60 59 14 0 6 59 25 27 69 13 68 30
run=7 seed=6 k=70 f=0
16 5 36 23 8 48 17 60 69 28 24 63 65 50 52 49 0 68 54 34 31 10 40 0 7 61 10 48 2 52 30 44 62 29 34 41 16 24 4 19 15 42 44 34 17 1 39 9 0 8 54 43 54 47 59 63 38 24 53 28 11 42 60 19 69 4 25 54 66 48
run=8 seed=7 k=70 f=0
68 3 62 30 15 33 67 46 55 25 7 31 53 6 5 61 58 54 53 66 34 53 38 61 49 20 51 69 52 14 13 26 9 3 42 26 67 27 15 20 69 40 19 19 57 37 22 45 5 48 43 51 26 12 64 35 18 3 10 1 12 40 69 24 38 47 0 15 33 61
run=9 seed=8 k=70 f=0
54 24 0 39 41 9 5 0 9 53 66 16 26 17 47 36 10 29 60 47 55 16 17 36 0 57 34 57 55 35 33 58 0 62 23 69 49 40 40 44 50 46 43 16 7 30 53 23 59 67 48 1 69 22 30 69 10 64 69 7 37 58 49 66 30 68 46 19 62 24
run=10 seed=9 k=70 f=0
59 69 45 36 0 7 2 68 63 62 36 13 68 29 57 1 69 51 52 49 54 60 21 18 10 24 59 60 61 50 13 4 69 28 53 0 40 1 22 3 29 3 19 26 44 19 10 44 49 8 24 18 26 52 9 40 11 36 59 32 52 13 48 62 12 31 35 30 42 41
run=11 seed=10 k=70 f=0
33 28 68 35 57 6 1 68 47 67 53 43 64 35 4 21 60 13 0 38 58 29 45 40 68 26 15 63 31 16 7 4 60 21 0 18 45 5 9 19 32 2 13 52 37 11 40 26 56 43 13 28 20 57 11 47 23 36 10 62 50 0 3 47 48 32 69 23 45 25
run=12 seed=11 k=70 f=0
44 67 57 36 23 23 42 49 21 53 38 15 69 4 46 54 61 62 50 8 63 58 35 69 25 15 68 49 58 20 26 56 0 11 41 59 38 20 26 20 18 7 52 30 11 29 68 37 48 65 5 67 37 2 61 3 29 0 12 30 67 8 47 52 8 51 14 44 30 38
run=13 seed=12 k=70 f=0
62 44 53 18 23 69 12 55 34 14 25 67 17 68 0 44 67 37 38 60 44 48 35 11 6 62 69 36 35 17 63 46 0 3 0 28 27 9 7 47 65 0 69 53 4 67 39 46 34 45 26 58 16 28 52 29 65 26 14 58 43 26 56 59 56 53 20 7 31 50
run=14 seed=13 k=70 f=0
50 41 49 36 54 40 42 48 10 5 69 39 18 44 16 43 15 58 56 41 47 33 29 19 53 4 25 50 23 0 61 55 0 53 31 26 39 9 69 0 35 11 10 33 0 61 19 64 32 68 52 21 67 26 15 68 0 4 60 65 28 69 69 28 45 60 10 1 69 3
run=15 seed=14 k=70 f=0
0 42 41 32 13 69 46 18 59 4 48 34 30 50 65 67 16 19 17 1 65 10 39 9 10 52 55 62 63 40 52 11 34 23 27 51 23 39 66 56 2 4 59 44 5 68 54 25 15 18 19 67 20 4 35 30 52 25 4 12 19 4 48 53 41 1 59 26 42 26
run=16 seed=15 k=70 f=0
33 40 39 30 33 58 44 0 5 58 27 59 64 24 68 13 24 66 64 63 23 8 47 26 30 11 49 11 20 38 25 35 17 16 4 8 40 32 55 63 35 46 64 51 2 52 68 0 47 0 7 40 49 60 67 58 14 68 56 34 15 21 0 10 47 2 41 14 49 69
run=17 seed=16 k=70 f=0
37 21 47 12 9 51 41 29 61 53 39 15 19 31 58 12 9 43 44 34 40 64 23 18 48 23 48 29 2 7 48 8 29 55 20 11 1 58 22 64 63 48 9 0 40 2 21 69 35 69 64 3 57 32 69 35 47 57 37 26 34 24 69 5 3 30 60 18 41 55
run=18 seed=17 k=70 f=0
41 57 51 40 29 57 56 36 63 57 58 65 29 6 12 48 53 1 0 30 46 11 38 48 63 3 18 10 27 51 22 0 33 46 34 68 65 57 54 1 61 1 66 15 2 20 69 8 7 24 51 65 35 32 44 33 39 4 29 10 49 29 17 66 18 15 24 12 23 36
run=19 seed=18 k=70 f=0
35 10 23 69 36 51 28 67 2 57 36 11 32 68 12 43 50 0 29 13 64 46 18 60 28 47 24 25 42 0 44 44 69 7 12 44 42 52 56 41 38 29 19 23 56 18 56 16 68 60 59 30 67 37 48 34 7 58 63 51 68 65 6 42 0 19 7 53 1 18
run=20 seed=19 k=70 f=0
17 63 56 12 0 53 40 19 24 9 33 0 35 36 29 3 6 46 69 8 57 26 52 40 62 68 69 12 65 11 3 51 9 60 42 60 46 6 46 31 3 56 54 31 34 3 69 24 64 20 49 51 48 49 23 46 21 23 68 16 41 13 38 66 34 11 0 63 61 27
