run=1 seed=0 k=72 f=0
62 54 9 42 58 4 3 12 33 71 1 7 50 14 59 22 60 49 47 6 35 26 14 55 35 27 41 67 19 55 41 20 25 66 5 34 1 40 0 34 66 41 70 41 32 49 38 16 11 71 29 25 19 19 44 9 60 45 0 49 33 31 68 65 9 17 71 57 52 56
run=2 seed=1 k=72 f=0
62 54 9 42 58 4 3 12 33 71 1 7 50 14 59 22 60 49 47 6 35 26 14 55 35 27 41 67 19 55 41 20 25 66 5 34 1 40 0 34 66 41 70 41 32 49 38 16 11 71 29 25 19 19 44 9 60 45 0 49 33 31 68 65 9 17 71 57 52 56
run=3 seed=2 k=72 f=0
27 55 62 71 45 43 0 69 15 8 8 27 39 64 53 1 4 14 0 28 26 29 34 34 55 31 2 70 0 15 18 42 71 48 14 11 32 57 65 53 28 51 63 50 28 36 60 20 66 43 20 37 11 9 0 38 5 43 20 38 58 66 70 3 53 48 59 56 25 46
run=4 seed=3 k=72 f=0
22 49 54 24 52 0 4 64 9 40 0 60 9 68 45 9 71 55 6 37 43 54 22 62 65 69 29 21 28 22 1 19 39 14 62 48 19 38 66 46 23 44 40 31 64 42 31 71 26 34 53 13 16 61 5 8 60 41 2 16 11 45 55 25 56 2 14 49 28 36
run=5 seed=4 k=72 f=0
39 20 4 17 43 46 34 67 38 2 42 62 58 11 31 55 13 32 33 29 46 52 68 71 45 70 18 10 48 30 54 53 16 8 31 1 32 4 51 54 44 19 48 63 68 59 22 56 48 55 15 71 3 45 61 64 20 36 2 2 43 1 27 10 9 71 25 11 19 27
run=6 seed=5 k=72 f=0
41 64 66 0 69 30 8 33 13 45 18 29 36 54 10 33 4 47 13 62 11 67 71 21 14 20 4 1 68 2 18 71 71 28 39 1 20 63 34 18 26 53 48 8 35 54 45 53 9 49 45 63 54 37 12 57 1 26 44 13 46 0 52 38 46 53 62 26 27 20
run=7 seed=6 k=72 f=0
0 64 16 35 68 7 46 51 9 58 33 58 51 4 58 34 71 17 42 44 0 14 25 33 58 25 60 28 45 40 55 0 57 57 36 14 18 26 51 53 3 24 10 47 21 68 27 71 9 71 30 22 37 3 46 5 62 50 64 12 65 63 6 40 64 42 24 22 13 21
run=8 seed=7 k=72 f=0
44 21 59 40 61 51 50 6 24 71 53 1 51 34 68 52 71 26 28 0 8 35 36 60 61 4 35 0 37 14 45 46 71 0 6 10 27 0 65 52 49 28 11 35 37 71 62 2 17 30 13 41 66 17 25 55 59 26 0 71 48 65 13 41 39 67 19 12 17 55
run=9 seed=8 k=72 f=0
15 0 66 50 7 33 0 53 33 19 64 21 34 47 15 56 60 48 9 59 9 70 5 22 71 39 38 17 70 27 57 71 42 43 29 52 65 43 66 10 1 45 47 1 71 21 13 71 5 26 63 54 31 58 39 37 54 36 21 1 64 66 49 11 28 23 60 10 66 38
run=10 seed=9 k=72 f=0
52 26 61 31 2 40 68 63 54 68 16 43 34 49 5 16 20 58 46 70 63 56 67 25 38 18 36 11 53 9 64 8 15 39 55 61 26 67 9 44 67 29 3 32 53 23 0 4 49 46 15 26 41 10 19 46 10 0 6 66 61 9 58 48 35 1 71 43 35 0
run=11 seed=10 k=72 f=0
24 0 69 53 39 49 59 21 35 59 47 29 23 15 5 51 0 70 71 12 32 66 43 17 34 20 59 12 40 11 53 71 0 28 68 10 45 55 55 8 27 0 37 42 21 0 40 63 36 39 2 48 47 12 4 18 9 21 57 59 52 7 65 27 39 62 33 26 33 19
run=12 seed=11 k=72 f=0
35 14 7 53 51 28 63 57 41 59 20 60 13 71 17 1 30 20 54 3 38 32 37 71 14 35 52 46 11 67 69 64 62 47 4 15 6 46 0 64 37 37 52 49 58 13 0 42 33 71 2 13 39 22 26 6 71 22 56 47 3 11 46 0 23 25 6 31 38 71
run=13 seed=12 k=72 f=0
60 64 14 64 69 53 45 9 22 0 62 27 12 38 40 27 35 17 47 4 46 2 19 10 6 28 28 50 42 53 12 50 23 18 58 69 53 39 17 23 6 15 5 42 42 71 29 0 0 5 20 8 29 56 17 35 24 70 51 66 49 64 61 71 38 63 32 40 47 1
run=14 seed=13 k=72 f=0
71 23 51 31 71 64 56 35 17 35 71 39 46 47 5 63 17 10 58 42 29 25 25 25 46 64 21 6 59 64 68 52 16 13 29 32 22 13 9 52 0 5 0 39 59 4 48 49 59 22 3 65 42 39 19 42 36 56 35 24 29 54 0 34 42 66 3 61 9 47
run=15 seed=14 k=72 f=0
71 68 50 18 25 21 45 20 63 34 49 69 48 45 68 65 44 40 34 5 8 13 51 1 4 29 25 4 59 3 18 71 11 69 71 43 27 15 5 0 26 34 51 28 43 36 27 51 70 4 28 9 34 57 15 38 36 13 29 10 51 15 22 67 66 55 60 43 62 22
run=16 seed=15 k=72 f=0
8 2 39 71 8 57 58 48 63 16 67 51 4 68 60 63 53 40 41 1 63 32 45 33 16 49 40 14 17 12 29 11 71 0 60 50 52 15 29 35 7 59 68 25 42 23 41 15 65 29 57 0 20 15 49 21 24 71 6 40 24 51 30 65 62 34 0 30 25 67
run=17 seed=16 k=72 f=0
27 69 69 0 3 71 55 3 39 24 69 41 66 39 13 2 42 47 0 27 23 26 21 20 64 29 10 16 11 36 1 59 53 65 30 44 53 4 68 68 37 56 37 37 48 17 44 62 26 45 18 49 28 8 63 51 36 11 55 64 50 57 33 30 14 44 8 50 9 33
run=18 seed=17 k=72 f=0
24 22 71 35 38 71 45 40 26 18 20 69 59 48 6 50 10 18 40 15 14 69 42 0 71 51 64 46 54 60 36 49 48 55 28 15 67 51 4 69 21 34 66 8 0 10 2 62 37 60 6 55 53 19 62 16 1 32 62 24 14 43 1 54 55 45 32 58 3 45
run=19 seed=18 k=72 f=0
71 62 55 8 5 55 39 58 20 34 34 61 51 57 15 30 34 6 8 43 43 7 59 64 0 31 27 54 6 48 43 11 0 16 0 48 59 12 31 46 59 15 51 37 15 0 26 25 0 45 68 12 71 65 24 71 31 19 69 27 50 46 9 32 40 20 16 71 65 19
run=20 seed=19 k=72 f=0
56 32 16 56 20 63 0 52 68 4 25 40 1 30 49 33 8 26 29 44 71 44 41 20 51 6 2 2 65 6 67 18 37 11 45 13 26 62 44 68 7 31 58 71 14 34 61 49 38 71 57 59 52 24 39 18 11 23 28 11 46 44 63 11 68 53 0 9 13 2
