run=1 seed=0 k=62 f=0
53 9 51 11 19 41 38 8 42 54 19 15 47 37 61 21 36 11 47 61 11 31 29 26 46 2 2 52 3 61 42 50 61 47 26 8 31 4 22 49 56 53 59 33 34 56 0 17 39 28 34 2 1 20 45 21 20 1 7 27 8 57 14 49 36 61 0 33 12 41
run=2 seed=1 k=62 f=0
53 9 51 11 19 41 38 8 42 54 19 15 47 37 61 21 36 11 47 61 11 31 29 26 46 2 2 52 3 61 42 50 61 47 26 8 31 4 22 49 56 53 59 33 34 56 0 17 39 28 34 2 1 20 45 21 20 1 7 27 8 57 14 49 36 61 0 33 12 41
run=3 seed=2 k=62 f=0
0 61 1 30 49 22 24 54 9 9 26 31 24 39 37 50 46 29 28 48 6 16 11 46 32 54 0 40 60 43 51 61 36 60 29 53 53 43 42 4 1 1 3 14 24 38 5 7 10 13 39 18 33 46 0 34 33 61 38 9 16 40 20 55 17 61 61 18 61 22
run=4 seed=3 k=62 f=0
32 22 39 7 6 44 34 30 52 20 61 35 51 50 17 41 38 15 38 25 18 12 27 25 9 27 7 10 55 47 58 39 9 56 0 18 41 3 47 13 29 4 4 51 31 20 0 0 21 61 11 32 50 46 38 38 32 61 54 18 13 5 18 35 55 57 61 13 58 1
run=5 seed=4 k=62 f=0
31 50 21 59 23 47 16 21 0 32 55 24 50 0 41 15 24 55 53 8 24 61 51 15 35 10 16 31 48 0 5 40 61 6 46 8 58 1 44 37 20 8 11 40 61 34 43 24 31 29 36 58 17 50 8 37 17 61 1 61 53 6 8 34 36 43 0 26 15 16
run=6 seed=5 k=62 f=0
37 12 45 36 29 25 0 30 8 0 43 52 11 52 4 19 26 51 31 19 0 37 1 61 56 27 37 22 61 22 3 0 45 60 46 54 40 21 22 5 40 9 42 7 58 51 12 0 61 54 44 37 34 19 16 49 49 48 12 17 29 41 34 34 10 57 16 58 61 2
run=7 seed=6 k=62 f=0
47 61 50 61 24 15 4 8 0 44 42 23 37 60 18 26 57 54 53 29 57 58 48 40 39 27 61 40 60 0 28 20 61 46 50 22 25 50 36 27 44 15 34 7 47 34 25 0 61 37 12 11 11 13 1 19 16 14 19 50 29 35 1 24 10 8 30 55 36 2
run=8 seed=7 k=62 f=0
8 47 31 55 0 21 36 61 43 17 23 18 7 43 40 36 42 14 15 35 32 15 50 43 60 1 11 38 0 52 17 51 61 47 9 36 38 21 47 61 3 34 25 29 7 8 0 52 61 11 25 26 58 21 52 59 48 16 21 9 4 57 0 34 26 14 0 18 35 56
run=9 seed=8 k=62 f=0
45 60 0 46 40 23 5 57 11 32 7 43 22 8 17 56 28 31 29 1 7 13 1 61 35 27 44 10 0 34 31 28 37 52 18 8 61 31 57 37 42 26 44 15 51 22 42 52 46 57 60 56 25 35 0 1 14 20 10 18 52 41 49 10 18 51 0 38 46 34
run=10 seed=9 k=62 f=0
53 36 50 41 29 14 15 61 31 13 41 37 38 61 19 45 14 7 8 6 0 50 5 46 34 0 48 11 51 9 52 17 61 35 35 39 59 47 17 49 55 18 8 21 22 23 1 0 26 9 61 6 60 58 41 26 12 26 41 27 61 57 58 37 25 22 31 55 21 1
run=11 seed=10 k=62 f=0
53 12 33 49 21 32 55 47 26 0 30 0 61 53 21 17 29 40 38 52 28 24 60 10 0 61 19 51 40 6 27 8 61 0 15 17 5 51 6 48 54 18 59 24 39 17 36 46 16 41 20 61 1 9 8 45 38 38 21 59 25 57 10 19 27 46 0 41 35 47
run=12 seed=11 k=62 f=0
22 4 23 10 8 43 16 20 53 23 43 15 1 32 59 3 53 36 37 25 27 1 19 15 61 42 2 21 55 10 49 13 61 49 38 8 52 18 46 1 25 37 55 50 35 61 27 29 61 2 23 60 26 34 44 60 39 34 27 4 59 10 43 55 54 9 0 38 14 32
run=13 seed=12 k=62 f=0
7 22 41 23 37 20 61 35 49 8 58 32 27 25 9 44 41 13 14 30 40 0 12 37 61 55 9 3 44 51 42 20 61 45 14 44 50 6 23 32 6 20 7 28 53 7 27 0 36 31 61 52 30 15 46 12 16 51 1 9 2 57 22 46 31 0 52 0 61 56
run=14 seed=13 k=62 f=0
8 2 21 12 6 20 3 8 38 42 29 45 18 15 5 3 53 41 14 57 31 45 42 51 20 46 45 44 0 61 15 20 0 34 32 44 55 0 55 3 5 16 49 28 30 52 23 35 9 29 60 22 21 60 53 54 43 61 27 33 5 56 10 11 25 5 61 0 61 20
run=15 seed=14 k=62 f=0
8 1 25 12 43 53 51 20 55 20 48 52 10 8 36 35 44 46 47 15 16 11 51 24 1 45 25 10 26 59 39 41 0 38 53 31 33 24 20 14 6 34 21 61 50 30 1 15 50 4 60 28 15 61 61 47 2 20 59 9 14 4 10 33 58 46 39 4 0 41
run=16 seed=15 k=62 f=0
29 43 47 0 51 17 8 13 54 33 0 4 40 19 29 36 32 46 23 30 32 28 60 36 21 14 50 21 37 47 32 21 52 18 57 43 60 49 14 24 32 55 55 10 61 42 58 61 12 60 17 44 26 34 4 4 3 3 15 27 19 56 51 25 6 23 0 6 11 60
run=17 seed=16 k=62 f=0
29 6 39 15 42 47 9 38 55 33 50 60 58 24 27 19 40 7 35 12 44 17 32 61 0 3 30 27 42 29 54 1 13 43 8 54 51 22 44 48 27 4 14 40 36 24 61 22 7 52 0 17 48 32 0 0 33 10 24 24 34 54 56 33 6 12 0 45 61 17
run=18 seed=17 k=62 f=0
8 16 14 28 29 21 22 61 36 21 20 13 38 5 60 22 19 14 15 52 21 39 12 43 42 51 32 25 36 30 61 0 61 55 57 36 1 9 47 35 56 44 51 29 35 46 12 52 61 42 29 13 4 1 51 0 46 4 26 57 32 57 61 34 26 56 0 9 44 20
run=19 seed=18 k=62 f=0
54 49 54 10 1 41 16 31 61 42 18 23 27 27 24 9 40 48 47 13 15 24 47 15 57 33 0 58 3 9 19 53 25 47 33 8 7 37 19 22 55 61 36 33 8 39 57 61 0 42 47 49 25 1 16 42 55 0 13 13 47 21 26 6 36 43 0 25 7 42
run=20 seed=19 k=62 f=0
16 18 27 0 28 29 42 24 46 13 56 30 4 49 18 58 9 22 23 61 39 49 20 46 0 53 0 0 10 0 36 38 0 31 55 53 26 35 42 33 15 41 8 37 58 8 16 9 46 36 50 42 49 61 5 26 12 28 47 20 48 4 39 55 34 54 61 19 21 3
