run=1 seed=0 k=67 f=0
11 1 13 50 21 27 19 62 23 7 52 38 0 30 3 33 64 56 33 15 56 33 52 18 23 41 43 17 26 12 27 0 41 56 0 59 20 63 24 13 65 46 46 66 58 6 42 50 50 28 13 39 12 65 46 66 31 44 29 5 56 45 5 35 6 40 0 33 53 49
run=2 seed=1 k=67 f=0
11 1 13 50 21 27 19 62 23 7 52 38 0 30 3 33 64 56 33 15 56 33 52 18 23 41 43 17 26 12 27 0 41 56 0 59 20 63 24 13 65 46 46 66 58 6 42 50 50 28 13 39 12 65 46 66 31 44 29 5 56 45 5 35 6 40 0 33 53 49
run=3 seed=2 k=67 f=0
29 5 40 58 19 60 11 27 18 10 4 0 55 29 65 22 16 6 66 62 44 65 55 0 1 26 33 30 48 15 16 45 21 22 3 53 34 25 4 63 26 40 61 46 53 51 36 12 47 48 19 45 44 1 38 45 7 66 33 59 11 66 41 51 43 62 37 9 54 34
run=4 seed=3 k=67 f=0
44 26 43 3 0 37 51 17 66 9 57 12 55 57 54 51 57 17 12 23 38 44 12 28 30 30 32 6 39 4 62 6 66 12 25 21 22 11 34 35 41 30 47 7 38 36 27 0 29 19 46 16 55 60 45 55 1 65 47 0 48 61 39 48 50 64 56 49 65 60
run=5 seed=4 k=67 f=0
1 64 0 57 60 42 51 59 26 7 2 6 7 42 41 49 46 8 7 64 0 24 30 15 40 12 51 20 25 12 39 42 33 6 65 49 18 63 39 34 20 51 27 66 6 17 37 24 47 31 42 15 33 65 28 55 38 20 0 63 35 29 7 51 63 54 57 9 53 15
run=6 seed=5 k=67 f=0
24 19 15 28 36 12 49 66 61 0 47 31 38 63 44 65 49 42 18 52 27 59 41 32 21 55 41 65 4 12 7 31 66 39 56 39 14 23 9 27 26 40 44 5 28 21 1 48 50 66 66 9 59 8 47 32 1 58 1 22 52 18 31 0 1 62 57 4 18 61
run=7 seed=6 k=67 f=0
8 23 28 58 66 25 19 23 38 14 47 66 18 35 43 24 21 54 31 3 11 41 48 64 5 13 59 33 14 0 54 14 39 32 58 57 1 45 22 40 5 34 6 17 45 65 8 48 34 3 38 49 61 48 5 66 61 60 14 26 54 35 32 11 14 31 0 52 27 49
run=8 seed=7 k=67 f=0
19 61 66 30 65 57 61 66 11 49 4 0 32 12 18 60 63 13 26 33 8 50 5 7 23 55 25 47 55 32 11 49 47 24 28 0 24 55 53 19 63 10 18 31 39 43 15 38 16 46 62 41 30 0 3 2 66 53 36 21 35 0 14 22 14 40 66 58 57 41
run=9 seed=8 k=67 f=0
1 37 0 56 13 35 64 14 28 58 60 31 35 22 47 54 15 14 29 53 59 53 46 8 22 34 41 9 0 44 23 2 21 8 66 66 23 5 38 53 2 21 14 42 2 39 24 49 56 25 9 43 56 17 30 31 66 4 60 56 65 65 34 27 14 0 58 66 6 47
run=10 seed=9 k=67 f=0
19 56 45 12 66 9 64 19 38 28 52 1 50 37 66 46 66 35 34 47 56 33 25 0 1 0 7 40 29 59 29 61 66 24 58 51 11 36 6 43 57 13 18 58 11 5 42 26 61 30 15 19 2 55 47 49 24 33 53 39 53 15 16 49 14 44 42 26 7 61
run=11 seed=10 k=67 f=0
16 52 47 27 48 45 41 23 35 57 39 27 29 38 0 64 48 29 57 4 12 31 39 0 21 62 55 40 4 13 11 46 65 66 65 7 48 21 48 18 13 64 18 52 61 57 49 23 41 18 17 1 27 6 14 0 2 2 60 53 8 5 12 12 30 58 36 14 30 38
run=12 seed=11 k=67 f=0
49 40 41 29 11 37 46 0 9 40 29 5 18 61 2 0 65 22 43 44 10 66 52 0 40 63 64 32 43 21 23 17 28 5 47 7 40 64 22 8 35 35 15 66 63 36 57 56 8 54 50 19 52 18 0 10 31 14 24 66 27 44 31 9 63 57 15 54 29 58
run=13 seed=12 k=67 f=0
32 56 65 0 34 66 9 19 43 49 29 22 20 21 39 44 36 11 26 6 65 2 25 0 66 19 35 0 4 40 9 66 57 25 29 8 30 38 63 16 35 63 21 20 44 60 49 39 62 57 28 62 15 34 6 33 12 56 51 54 11 53 4 29 17 52 48 52 41 42
run=14 seed=13 k=67 f=0
59 0 36 3 19 15 22 58 44 56 7 50 39 35 15 64 59 46 9 65 8 1 4 66 52 54 17 62 25 45 43 0 0 40 2 49 1 63 18 50 60 64 65 33 32 14 31 40 26 28 57 26 9 62 46 56 49 16 21 35 0 9 31 55 30 22 24 25 13 42
run=15 seed=14 k=67 f=0
21 63 33 44 7 14 27 34 17 43 66 52 21 34 54 62 42 50 27 39 14 19 34 66 53 11 47 32 2 57 45 4 44 62 65 59 2 10 11 11 4 27 9 7 0 52 7 0 63 20 31 27 55 0 21 38 35 26 3 61 46 40 15 24 51 59 35 60 54 41
run=16 seed=15 k=67 f=0
14 27 53 29 37 36 17 40 21 8 27 10 53 52 13 62 66 7 8 10 16 1 46 25 20 66 51 9 19 54 56 63 0 61 59 43 36 11 32 15 61 46 13 50 48 48 33 57 2 41 30 31 0 8 19 66 61 55 8 37 25 42 34 18 19 43 66 1 0 3
run=17 seed=16 k=67 f=0
49 35 25 55 59 14 49 25 65 13 53 22 59 48 34 8 43 22 25 38 65 12 36 0 66 11 0 52 40 45 5 14 57 20 66 7 28 49 17 26 50 7 25 31 19 33 59 66 10 43 15 2 65 1 30 66 0 15 51 65 52 61 0 46 34 39 40 47 38 0
run=18 seed=17 k=67 f=0
60 32 22 4 28 43 41 25 37 20 58 4 34 4 52 12 20 19 66 65 56 9 49 9 30 31 15 51 19 66 13 0 0 50 10 16 3 17 30 57 5 41 61 35 1 17 32 25 49 14 66 35 23 65 66 45 26 0 40 51 28 4 65 64 38 11 52 46 45 44
run=19 seed=18 k=67 f=0
66 23 42 2 18 3 21 25 66 33 2 49 48 62 61 0 31 44 9 58 5 63 63 59 41 30 10 48 62 54 65 49 50 47 3 29 30 62 0 57 65 36 0 14 7 13 33 21 0 10 29 25 54 56 41 42 18 49 20 13 6 54 12 31 43 38 37 37 12 20
run=20 seed=19 k=67 f=0
59 34 6 53 15 9 59 0 64 61 21 63 43 52 15 33 38 16 53 45 30 66 5 41 55 30 55 49 14 8 11 30 31 13 23 22 22 11 37 9 3 28 4 48 21 36 48 66 33 41 26 32 63 22 43 40 2 16 64 45 22 26 46 56 14 59 0 11 0 8
