run=1 seed=0 k=71 f=0
39 66 3 25 60 56 13 27 67 69 59 21 59 51 18 53 66 18 0 35 66 4 27 70 0 57 8 5 43 70 36 46 47 63 25 63 50 11 53 57 40 9 27 5 16 52 42 12 33 48 7 15 54 34 40 20 41 8 36 32 51 65 45 36 19 30 30 17 1 13
run=2 seed=1 k=71 f=0
39 66 3 25 60 56 13 27 67 69 59 21 59 51 18 53 66 18 0 35 66 4 27 70 0 57 8 5 43 70 36 46 47 63 25 63 50 11 53 57 40 9 27 5 16 52 42 12 33 48 7 15 54 34 40 20 41 8 36 32 51 65 45 36 19 30 30 17 1 13
run=3 seed=2 k=71 f=0
22 7 68 56 49 50 3 30 18 40 70 16 42 25 49 63 55 70 67 39 24 55 27 0 39 12 2 45 38 22 21 60 34 35 63 43 0 67 53 32 4 8 29 8 56 45 64 15 7 40 28 4 36 26 69 13 16 70 9 47 34 42 16 26 27 34 59 9 16 0
run=4 seed=3 k=71 f=0
17 14 47 70 20 41 39 68 35 56 31 0 15 30 24 12 65 3 1 61 49 1 36 10 27 61 11 31 18 24 44 48 70 51 1 34 28 40 45 23 20 43 23 52 58 9 60 25 0 5 54 41 70 19 65 70 66 49 58 9 33 66 4 32 55 4 61 0 12 65
run=5 seed=4 k=71 f=0
35 49 22 48 21 28 17 32 0 48 41 9 24 61 58 56 53 7 52 53 49 25 42 14 4 31 17 25 59 52 9 66 44 4 68 21 1 41 66 10 37 67 64 70 58 59 70 60 55 69 3 39 37 40 6 35 66 66 26 19 44 22 15 50 8 36 0 27 30 30
run=6 seed=5 k=71 f=0
70 40 19 52 4 26 27 46 60 39 21 31 48 55 68 49 43 18 19 9 24 54 11 1 25 2 53 54 56 37 26 30 35 15 61 44 55 66 6 0 69 15 50 61 65 69 0 11 10 44 18 30 13 36 18 62 32 66 53 0 8 39 35 46 58 4 52 39 70 65
run=7 seed=6 k=71 f=0
26 65 5 65 11 36 29 7 23 19 27 65 59 65 47 32 36 45 47 15 51 20 22 19 11 56 36 24 47 35 13 54 70 52 56 1 35 8 39 14 64 56 39 62 31 44 61 55 19 35 15 30 6 12 49 2 68 45 1 3 9 14 59 3 31 1 9 0 41 53
run=8 seed=7 k=71 f=0
44 39 39 14 31 9 3 24 68 41 8 70 49 56 7 1 26 57 70 1 41 70 10 20 19 25 17 53 59 35 29 32 0 29 47 27 2 69 61 0 41 48 63 65 11 51 43 51 13 47 25 66 48 61 18 22 32 69 36 16 30 25 53 41 14 60 35 58 10 52
run=9 seed=8 k=71 f=0
63 20 12 59 68 34 53 57 34 52 38 68 37 39 23 40 47 6 69 47 49 10 5 0 20 47 69 54 19 45 30 24 43 18 33 9 55 29 37 15 59 32 58 27 5 0 27 52 67 4 62 60 48 67 27 68 14 31 54 3 59 69 67 59 24 1 17 7 6 54
run=10 seed=9 k=71 f=0
30 1 29 54 67 16 60 0 44 51 58 13 38 13 62 15 9 64 24 6 32 13 66 39 0 16 38 61 23 40 16 24 70 25 30 0 46 58 43 1 64 51 10 7 24 35 70 58 20 39 0 21 55 5 36 55 12 48 35 32 4 44 24 2 11 70 49 63 43 57
run=11 seed=10 k=71 f=0
7 10 42 24 2 48 32 44 3 21 59 55 68 70 0 18 59 55 56 51 42 25 39 0 0 12 24 19 65 70 42 68 39 7 29 70 36 15 45 16 25 38 57 63 64 17 52 30 46 51 5 44 29 69 38 2 1 49 8 20 11 35 26 10 15 56 21 37 53 31
run=12 seed=11 k=71 f=0
62 38 58 2 34 1 35 29 39 62 63 45 57 12 33 19 14 48 7 50 50 1 28 23 39 16 16 8 69 39 66 70 70 53 41 40 20 38 17 70 28 9 28 12 15 21 12 55 68 46 0 23 47 69 1 46 11 6 60 34 20 66 50 38 48 63 32 9 51 53
run=13 seed=12 k=71 f=0
23 39 69 57 31 35 11 49 34 59 13 46 46 3 6 56 12 7 29 25 32 31 2 70 19 48 0 64 63 70 29 42 15 65 37 0 69 10 59 52 49 23 69 63 50 3 19 54 30 21 26 22 15 40 43 47 0 66 32 6 0 49 45 27 8 58 44 63 69 34
run=14 seed=13 k=71 f=0
62 26 69 15 58 55 21 57 5 50 36 60 16 26 60 17 49 28 29 52 28 64 7 0 38 27 11 2 0 28 12 70 37 9 15 13 68 52 4 70 57 16 60 48 42 47 0 70 40 51 32 43 69 35 34 52 8 29 21 51 35 5 59 15 45 57 21 23 6 23
run=15 seed=14 k=71 f=0
0 28 3 36 68 50 30 40 49 14 26 67 10 24 61 55 0 66 70 70 27 2 28 11 37 70 34 47 0 59 18 18 59 54 33 18 38 56 47 59 54 48 44 42 2 65 12 35 20 13 40 7 60 21 55 35 70 20 15 15 6 16 64 3 5 4 26 8 43 31
run=16 seed=15 k=71 f=0
63 7 9 0 34 70 21 14 26 23 52 67 1 63 23 42 47 30 57 8 64 58 9 36 0 60 0 29 44 27 67 34 7 37 70 27 41 32 13 14 66 35 42 52 59 65 7 45 57 42 20 2 16 51 49 50 9 18 55 5 57 12 29 1 0 48 19 45 40 38
run=17 seed=16 k=71 f=0
32 29 2 62 35 61 28 35 16 69 10 6 57 0 24 2 19 46 49 1 51 2 12 6 62 36 60 70 42 70 19 69 40 56 9 13 31 8 2 27 59 28 63 54 50 47 20 70 66 70 70 61 5 9 22 39 41 44 56 52 59 14 34 29 27 14 21 30 44 64
run=18 seed=17 k=71 f=0
33 27 42 67 55 53 36 43 29 63 66 29 22 10 0 58 68 15 47 21 4 0 2 25 20 21 34 65 2 52 37 51 0 59 4 18 59 46 70 52 37 14 4 42 14 16 24 9 0 50 65 35 50 6 41 18 32 49 30 47 60 69 40 36 58 16 64 61 18 8
run=19 seed=18 k=71 f=0
59 28 21 62 48 46 52 32 0 23 65 28 44 58 54 68 18 53 30 11 52 45 45 9 56 6 37 42 45 4 5 58 67 69 2 39 18 28 13 53 62 57 48 25 60 16 25 18 9 30 34 32 16 38 10 14 60 0 7 18 40 40 36 33 53 1 0 44 67 70
run=20 seed=19 k=71 f=0
8 30 41 32 22 15 67 36 62 1 16 56 45 44 65 52 58 63 26 10 28 60 34 56 21 10 22 69 40 26 20 70 69 20 7 49 17 5 18 66 6 66 11 32 42 46 4 0 70 1 0 35 64 54 59 47 53 69 45 22 16 25 0 47 35 39 41 0 16 63
