run=1 seed=0 k=66 f=0
59 31 40 13 23 9 19 65 3 1 52 42 0 47 29 4 42 65 15 34 65 9 64 27 54 50 8 2 32 0 65 18 43 36 28 34 7 52 6 10 56 21 15 20 44 45 27 52 29 0 16 55 55 62 62 49 20 34 0 62 27 47 22 37 65 47 0 57 37 49
run=2 seed=1 k=66 f=0
59 31 40 13 23 9 19 65 3 1 52 42 0 47 29 4 42 65 15 34 65 9 64 27 54 50 8 2 32 0 65 18 43 36 28 34 7 52 6 10 56 21 15 20 44 45 27 52 29 0 16 55 55 62 62 49 20 34 0 62 27 47 22 37 65 47 0 57 37 49
run=3 seed=2 k=66 f=0
47 19 34 5 39 7 29 1 14 27 65 26 51 53 47 8 55 0 1 44 0 20 62 31 24 65 26 50 57 33 3 35 55 61 64 24 58 27 10 47 50 12 65 38 29 50 9 64 39 19 33 19 55 42 12 41 17 41 12 43 5 59 0 44 41 42 16 59 2 63
run=4 seed=3 k=66 f=0
48 1 18 0 33 32 25 2 37 22 11 64 21 49 57 33 57 1 0 27 13 17 64 41 51 31 46 25 28 58 36 18 64 53 0 17 3 29 36 30 50 40 62 24 52 63 33 55 38 46 55 40 43 8 62 47 60 41 14 19 13 60 7 15 27 51 9 56 10 5
run=5 seed=4 k=66 f=0
42 0 40 2 31 13 9 4 64 39 32 63 51 9 31 35 40 6 48 11 29 62 12 35 47 58 60 46 26 53 9 50 0 26 15 28 2 34 16 54 60 41 54 20 38 17 38 65 24 20 5 24 15 47 61 16 12 57 62 49 30 50 26 26 8 40 56 24 1 37
run=6 seed=5 k=66 f=0
7 65 35 20 38 19 12 59 28 24 36 26 36 64 52 14 22 65 13 43 8 19 45 0 33 6 24 9 44 8 42 52 45 51 30 62 50 3 39 57 50 65 57 27 32 0 42 34 27 43 53 1 3 62 16 1 61 60 65 1 35 41 3 10 24 42 54 14 45 18
run=7 seed=6 k=66 f=0
65 16 64 43 20 33 4 63 10 64 47 43 51 41 16 39 12 26 27 28 9 12 19 19 5 25 39 40 59 38 52 54 49 51 58 40 31 39 15 23 64 0 64 0 1 19 27 58 21 56 28 5 26 34 32 59 62 62 31 8 28 14 47 43 3 24 9 0 49 53
run=8 seed=7 k=66 f=0
58 51 44 34 23 26 50 31 6 53 52 1 37 44 9 42 46 34 33 59 2 58 0 0 65 58 14 18 25 20 27 40 41 2 12 7 46 60 23 30 60 39 35 18 60 65 12 65 4 18 53 65 8 26 36 43 15 24 18 16 31 5 54 12 15 25 50 21 2 64
run=9 seed=8 k=66 f=0
25 62 60 25 57 65 34 5 10 33 25 29 58 23 50 12 9 50 53 59 51 55 54 9 22 4 44 53 47 38 39 18 0 0 17 44 25 11 62 61 14 12 29 58 4 48 64 18 1 40 19 48 16 16 42 47 38 64 33 56 41 4 1 42 30 6 36 38 0 4
run=10 seed=9 k=66 f=0
49 56 65 55 65 22 32 49 14 56 34 25 64 1 7 1 65 62 28 39 27 40 38 56 57 38 54 16 65 13 4 0 0 3 10 65 20 31 19 21 52 57 64 35 46 22 61 42 13 19 43 41 33 46 25 23 55 26 51 6 1 8 17 30 7 1 13 29 32 37
run=11 seed=10 k=66 f=0
45 47 8 47 9 23 0 34 59 65 11 42 36 39 62 21 55 58 51 0 48 44 62 9 8 30 63 18 0 20 61 18 65 55 33 16 29 53 59 14 5 28 31 31 0 25 65 38 1 39 8 24 23 17 53 7 63 28 38 16 4 14 46 49 28 14 0 41 1 34
run=12 seed=11 k=66 f=0
8 62 20 5 9 15 65 34 27 40 63 11 8 0 46 21 44 30 60 58 47 56 59 37 50 33 6 38 2 21 26 42 0 15 14 44 0 43 18 28 11 43 46 65 3 49 0 24 28 59 55 60 33 41 20 9 17 36 2 28 53 42 11 58 31 61 52 12 50 36
run=13 seed=12 k=66 f=0
18 8 60 24 14 25 65 61 43 6 33 65 54 40 10 40 3 32 12 52 10 54 12 47 63 49 23 0 46 1 18 0 38 8 34 0 3 63 51 17 61 26 34 7 55 17 39 56 42 0 20 49 65 32 23 45 26 48 54 12 6 0 24 15 30 37 65 10 59 35
run=14 seed=13 k=66 f=0
53 33 18 0 55 65 13 5 26 21 37 55 10 30 48 1 9 40 59 12 23 44 37 23 63 58 30 18 11 64 0 65 0 22 64 16 43 62 27 52 5 28 8 9 47 51 31 46 20 29 2 41 25 38 13 57 30 26 20 42 15 58 47 14 39 54 33 43 1 65
run=15 seed=14 k=66 f=0
7 1 0 11 7 14 17 13 48 30 42 1 37 42 56 41 48 62 65 6 44 5 3 29 54 42 64 28 29 21 18 20 56 38 62 36 3 61 50 35 5 65 9 22 44 26 52 0 47 33 55 0 58 62 52 58 16 17 11 10 39 50 28 38 19 25 44 33 20 60
run=16 seed=15 k=66 f=0
9 0 3 53 38 52 16 0 12 54 56 64 44 20 19 47 62 59 29 61 63 29 19 16 4 64 22 29 34 41 59 49 65 60 10 45 22 2 20 35 10 16 32 24 13 36 8 37 59 29 24 1 23 45 65 20 12 39 54 46 53 32 29 6 58 33 0 28 44 2
run=17 seed=16 k=66 f=0
41 15 15 34 46 28 41 37 22 38 63 28 17 3 6 1 40 35 34 3 41 26 27 13 50 47 16 28 53 0 1 54 3 53 14 65 61 46 9 32 53 8 7 20 62 8 17 48 0 25 65 65 37 62 21 45 30 12 7 41 57 8 63 63 23 8 57 44 52 0
run=18 seed=17 k=66 f=0
54 7 65 35 25 0 0 13 54 62 58 65 65 6 18 1 13 8 6 38 43 64 39 30 25 48 64 64 7 50 18 3 46 19 52 23 35 23 34 21 41 41 24 38 47 43 28 14 45 27 54 31 36 10 15 36 1 47 57 22 31 19 64 57 59 9 65 22 40 0
run=19 seed=18 k=66 f=0
44 38 57 2 35 56 32 28 11 3 37 19 32 56 28 54 57 16 50 19 22 1 35 37 64 19 59 4 43 58 28 44 28 63 50 19 44 1 59 65 42 9 15 8 63 52 20 1 13 49 5 41 47 41 12 50 61 22 13 64 53 32 3 47 11 9 65 65 26 0
run=20 seed=19 k=66 f=0
26 29 64 52 23 39 37 41 32 45 1 38 43 14 13 3 52 32 33 46 59 62 23 19 46 1 20 8 24 33 49 58 9 5 0 46 20 2 15 19 24 10 13 65 63 14 48 0 11 44 65 29 41 24 35 18 52 34 40 52 57 49 61 60 61 29 54 7 59 3
