run=1 seed=0 k=64 f=0
18 59 15 3 31 31 9 13 41 47 58 0 50 59 35 63 60 24 25 8 27 39 19 0 0 26 46 35 34 5 9 33 10 50 13 63 61 31 4 24 16 23 0 39 44 21 30 46 4 44 20 40 15 60 20 17 14 9 53 62 15 5 28 61 36 41 55 53 1 47
run=2 seed=1 k=64 f=0
18 59 15 3 31 31 9 13 41 47 58 0 50 59 35 63 60 24 25 8 27 39 19 0 0 26 46 35 34 5 9 33 10 50 13 63 61 31 4 24 16 23 0 39 44 21 30 46 4 44 20 40 15 60 20 17 14 9 53 62 15 5 28 61 36 41 55 53 1 47
run=3 seed=2 k=64 f=0
63 63 21 12 21 34 27 9 31 11 22 0 20 61 61 15 62 27 28 39 30 16 0 56 56 46 58 14 63 31 45 49 20 50 3 49 36 60 5 17 62 46 6 42 33 62 1 0 28 0 44 53 55 38 40 57 5 8 28 27 34 6 37 47 39 48 11 4 32 15
run=4 seed=3 k=64 f=0
16 17 24 35 59 45 8 48 4 44 10 4 1 11 58 8 5 23 22 39 35 41 32 0 20 14 17 43 52 30 62 62 54 63 28 7 19 30 48 16 14 60 38 37 8 19 0 30 9 1 23 37 32 53 0 54 52 45 56 16 24 58 63 11 40 62 63 29 52 34
run=5 seed=4 k=64 f=0
7 41 2 50 35 57 56 52 10 57 0 49 58 12 42 1 9 24 63 21 37 63 32 14 15 20 45 58 32 7 14 61 30 14 29 21 48 11 54 18 8 40 0 50 6 43 24 0 2 63 15 48 27 31 22 32 30 23 42 23 17 34 62 45 46 21 39 35 2 1
run=6 seed=5 k=64 f=0
32 4 42 63 44 48 48 25 0 13 8 2 4 30 16 49 52 10 8 57 10 2 28 25 63 7 15 58 62 42 34 47 16 12 21 63 60 39 45 61 21 54 61 56 26 37 57 39 49 33 20 38 14 21 53 17 25 1 7 35 48 20 42 61 53 52 0 30 3 13
run=7 seed=6 k=64 f=0
30 40 59 47 44 0 54 3 13 18 59 0 52 53 2 2 29 24 6 21 63 15 22 53 50 19 30 52 44 34 23 50 63 63 11 46 36 26 57 47 34 24 31 11 13 28 43 18 61 34 37 62 0 7 29 6 6 37 6 63 52 59 60 44 25 18 38 40 0 14
run=8 seed=7 k=64 f=0
45 3 63 47 45 29 55 60 20 57 27 52 18 15 1 36 7 19 51 42 56 0 0 63 50 12 12 41 1 47 13 51 13 16 21 22 47 60 33 52 42 36 29 56 63 7 39 38 9 38 29 1 21 26 27 22 37 60 40 16 26 5 29 48 6 3 0 33 35 59
run=9 seed=8 k=64 f=0
44 26 35 0 62 26 30 36 57 42 0 52 62 52 63 0 20 57 38 41 17 62 41 0 63 17 52 5 63 46 17 16 63 51 13 7 52 43 56 58 47 16 47 33 37 22 10 51 11 8 1 30 55 42 20 34 25 28 5 41 0 8 51 41 21 7 15 6 0 30
run=10 seed=9 k=64 f=0
8 54 31 2 50 31 16 47 10 36 56 62 2 17 61 28 33 16 14 41 13 0 61 53 13 42 5 15 0 11 3 32 22 37 55 46 44 35 28 12 60 41 63 39 40 63 24 1 54 23 39 25 23 55 6 30 21 53 1 15 21 58 43 44 36 63 63 21 44 55
run=11 seed=10 k=64 f=0
49 25 42 53 2 24 5 23 28 47 41 49 52 13 62 12 0 56 55 47 20 56 43 15 53 12 56 7 1 13 61 7 63 36 27 8 45 63 19 52 47 32 16 32 45 63 47 39 8 31 28 36 36 20 21 1 33 62 7 58 15 5 19 46 29 5 0 17 61 42
run=12 seed=11 k=64 f=0
8 62 63 10 43 20 44 12 21 51 63 32 6 14 1 13 16 40 14 44 32 57 54 34 22 27 36 39 54 37 50 54 46 17 24 27 54 45 39 46 4 18 28 56 3 0 26 63 25 55 41 61 15 35 34 6 63 62 0 7 43 27 36 11 53 19 0 30 6 62
run=13 seed=12 k=64 f=0
0 18 50 9 48 63 45 25 20 0 6 61 37 30 62 12 27 47 49 33 31 0 63 16 34 39 59 2 16 38 28 42 41 15 42 24 21 47 12 7 36 49 5 55 63 61 53 7 58 1 51 62 37 31 12 60 8 47 17 1 30 37 2 26 58 55 32 0 22 44
run=14 seed=13 k=64 f=0
7 61 63 54 56 56 17 11 29 19 57 40 22 38 33 1 56 29 44 50 14 63 36 14 63 23 33 44 63 47 3 21 23 3 32 63 59 30 53 4 5 5 48 49 30 38 25 0 48 10 34 49 19 46 11 37 4 27 22 26 34 19 9 42 30 42 36 0 63 1
run=15 seed=14 k=64 f=0
10 4 46 19 1 49 25 45 7 9 11 62 14 24 36 17 8 56 55 39 48 32 1 17 33 1 0 42 33 19 27 61 63 40 15 24 54 39 46 51 11 51 19 42 60 54 2 0 28 10 55 62 37 62 47 12 63 47 24 24 37 6 60 26 38 7 32 29 34 1
run=16 seed=15 k=64 f=0
30 63 18 6 8 48 41 21 31 63 43 39 62 44 34 44 13 22 24 1 45 33 53 0 26 49 36 49 25 63 5 62 39 0 20 55 20 28 45 39 33 12 36 9 18 13 55 16 9 61 32 30 30 25 55 23 54 36 6 0 55 58 63 33 6 4 63 52 1 18
run=17 seed=16 k=64 f=0
24 61 39 0 3 40 55 31 49 11 40 48 0 48 52 1 4 47 46 4 47 62 18 31 55 61 26 8 19 4 51 16 63 45 42 8 39 20 37 62 27 56 1 15 32 9 21 0 54 18 42 33 21 28 56 27 63 36 27 10 42 8 45 21 18 12 54 58 19 59
run=18 seed=17 k=64 f=0
36 6 39 3 48 48 59 39 55 57 61 29 19 12 49 50 33 30 42 7 50 8 26 0 41 21 24 14 43 51 44 47 24 44 21 55 59 37 4 63 16 15 18 16 58 15 23 9 10 12 63 42 29 31 36 0 1 60 16 56 49 58 7 40 31 29 63 34 3 21
run=19 seed=18 k=64 f=0
35 30 22 31 4 22 6 60 0 62 4 63 63 26 42 24 40 48 29 26 0 23 7 7 62 55 10 61 25 32 14 53 54 37 20 0 18 28 48 1 37 13 57 14 51 15 46 42 53 12 15 46 39 63 34 0 7 49 29 36 55 58 16 31 17 47 63 39 11 10
run=20 seed=19 k=64 f=0
26 56 57 14 8 47 62 1 29 0 25 29 33 62 41 6 1 57 41 20 17 19 31 19 63 0 34 42 58 38 25 45 9 44 53 54 24 62 15 18 23 7 31 36 14 52 10 63 44 22 49 27 0 35 47 50 3 13 44 19 52 13 22 29 32 53 0 6 37 2
