run=1 seed=0 k=61 f=0
8 6 21 49 39 46 40 51 60 25 37 31 34 60 37 17 44 53 52 31 60 23 1 24 50 4 9 33 1 8 53 22 0 56 18 31 17 4 20 36 5 45 20 38 26 16 0 15 24 13 51 5 44 29 12 15 46 27 10 16 52 4 59 33 41 27 60 42 51 58
run=2 seed=1 k=61 f=0
8 6 21 49 39 46 40 51 60 25 37 31 34 60 37 17 44 53 52 31 60 23 1 24 50 4 9 33 1 8 53 22 0 56 18 31 17 4 20 36 5 45 20 38 26 16 0 15 24 13 51 5 44 29 12 15 46 27 10 16 52 4 59 33 41 27 60 42 51 58
run=3 seed=2 k=61 f=0
8 60 8 28 6 46 60 44 20 30 58 0 24 60 17 28 24 53 52 1 41 15 17 24 0 43 25 47 10 5 4 12 0 49 0 31 52 60 20 9 6 29 40 38 34 35 24 15 33 54 47 18 20 0 41 54 7 47 32 39 14 4 58 33 41 30 60 51 50 58
run=4 seed=3 k=61 f=0
52 18 48 60 46 14 54 36 4 2 45 9 36 37 0 44 52 7 8 50 19 29 35 36 0 17 60 0 30 60 59 18 60 21 31 29 11 0 40 43 54 21 50 22 29 12 0 45 24 28 57 13 5 41 56 43 45 60 26 50 15 56 10 27 19 28 0 30 22 2
run=5 seed=4 k=61 f=0
8 51 35 6 47 46 0 33 42 30 2 36 60 18 15 24 32 53 52 50 53 40 56 24 0 57 58 21 56 51 12 19 0 21 59 31 8 0 20 50 5 18 28 38 36 13 60 15 28 26 24 38 60 48 8 4 19 12 6 6 29 4 43 33 41 40 60 28 0 46
run=6 seed=5 k=61 f=0
52 60 9 60 56 14 46 0 31 35 38 7 12 44 18 37 34 7 8 57 51 59 53 36 0 0 23 31 45 50 0 10 60 27 51 29 3 37 40 60 49 25 50 22 13 19 7 45 54 52 27 17 42 37 23 42 21 16 11 16 31 56 44 27 19 32 0 48 7 57
run=7 seed=6 k=61 f=0
52 16 23 55 13 39 49 0 45 36 54 30 59 27 41 22 51 46 45 60 4 35 33 15 60 2 10 41 48 18 25 19 60 27 8 8 20 10 19 22 55 9 6 31 57 8 60 24 45 32 24 59 36 16 0 53 36 14 2 58 24 56 43 6 34 48 0 32 44 39
run=8 seed=7 k=61 f=0
52 22 32 14 10 39 37 17 41 18 57 11 10 54 23 14 11 46 45 3 2 45 3 15 59 57 11 6 49 0 36 31 60 53 44 8 33 24 19 60 53 24 12 31 52 25 10 24 60 45 56 1 0 3 26 60 46 23 18 40 56 56 40 6 34 18 0 51 33 28
run=9 seed=8 k=61 f=0
52 23 19 28 53 39 4 0 38 27 20 15 43 36 1 22 6 46 45 60 55 26 47 15 0 60 30 31 4 52 50 49 60 34 58 8 16 1 19 20 53 40 56 31 7 13 44 24 57 42 24 44 39 51 14 15 29 55 37 48 9 56 15 6 34 6 0 6 0 57
run=10 seed=9 k=61 f=0
52 10 32 44 60 14 54 39 23 38 1 17 3 8 6 37 33 7 8 6 27 47 46 36 3 60 44 43 8 23 25 31 60 28 15 29 42 56 40 2 55 33 59 22 0 15 7 45 35 18 31 27 34 0 21 37 18 13 20 58 26 56 55 27 19 49 0 50 54 2
run=11 seed=10 k=61 f=0
8 12 2 41 9 46 35 1 30 0 37 42 36 47 18 31 27 53 52 55 19 28 60 24 14 55 46 60 16 10 26 18 0 20 19 31 4 47 20 6 6 60 51 38 1 48 57 15 22 27 8 33 44 11 39 42 58 0 38 33 24 4 50 33 41 29 60 8 57 57
run=12 seed=11 k=61 f=0
8 44 29 60 36 21 35 43 8 60 31 22 0 11 18 22 33 14 15 0 42 1 57 45 39 41 12 14 2 17 3 50 0 12 51 52 15 27 41 25 5 37 18 29 57 22 56 36 39 1 11 1 27 49 19 25 52 2 15 55 13 4 48 54 26 6 60 37 42 31
run=13 seed=12 k=61 f=0
52 51 59 27 27 39 10 46 41 50 36 23 36 5 1 16 33 46 45 60 24 28 26 15 40 48 28 7 0 6 40 5 60 0 18 8 15 44 19 0 54 53 31 31 21 20 56 24 22 16 60 43 60 35 37 18 3 3 9 10 15 56 57 6 34 55 0 51 59 39
run=14 seed=13 k=61 f=0
52 43 56 3 3 39 27 54 33 57 29 41 58 30 37 10 58 46 45 60 49 6 51 15 40 12 13 16 15 46 25 0 60 60 45 8 1 20 19 35 53 60 53 31 9 41 15 24 43 21 25 21 34 49 39 35 11 22 16 2 11 56 1 6 34 38 0 21 12 57
run=15 seed=14 k=61 f=0
8 59 4 39 48 46 56 60 50 38 27 41 41 0 59 25 41 53 52 1 25 16 60 24 0 18 45 2 51 36 50 35 0 0 16 31 59 51 20 56 5 0 7 38 31 9 44 15 10 47 33 7 17 28 22 26 18 49 21 10 29 4 11 33 41 4 60 21 30 57
run=16 seed=15 k=61 f=0
52 46 60 40 25 39 47 29 24 5 1 50 12 16 19 4 7 46 45 59 4 22 26 15 16 10 11 3 7 43 19 36 60 6 49 8 56 48 19 22 53 60 25 31 58 15 55 24 32 0 44 60 32 32 41 12 22 59 54 37 0 56 46 6 34 35 0 50 31 29
run=17 seed=16 k=61 f=0
52 60 45 12 55 39 40 0 28 0 24 42 48 9 34 23 35 46 45 47 42 10 10 15 0 22 7 10 30 47 31 17 60 18 50 8 20 8 19 59 53 18 50 31 44 60 32 24 60 4 14 29 0 52 19 2 35 56 18 7 24 56 43 6 34 27 0 38 41 57
run=18 seed=17 k=61 f=0
8 2 35 16 40 46 40 5 0 8 17 9 58 57 44 31 60 53 52 31 44 33 53 24 44 25 51 11 40 56 36 60 0 10 49 31 13 37 20 36 7 28 45 38 21 49 24 15 46 3 23 23 54 59 29 18 27 21 14 0 54 4 1 33 41 5 60 42 0 46
run=19 seed=18 k=61 f=0
8 34 1 38 31 46 60 2 54 13 58 46 12 60 58 31 0 53 52 41 35 39 8 24 48 24 8 55 10 51 10 18 0 29 19 31 5 41 20 28 11 19 51 38 22 46 9 15 31 49 60 41 42 16 0 0 50 60 54 35 26 4 23 33 41 23 60 27 50 3
run=20 seed=19 k=61 f=0
8 51 13 32 57 46 38 52 6 28 41 45 60 48 40 24 41 53 52 47 35 18 34 24 59 0 58 5 59 9 60 28 0 47 20 31 15 39 20 54 7 28 15 38 23 60 1 15 51 52 16 0 41 24 13 33 25 49 10 36 55 4 2 33 41 0 60 18 36 3
