run=1 seed=0 k=69 f=0
34 46 6 25 29 42 37 28 57 1 40 16 29 40 32 40 37 27 28 45 62 11 48 0 68 66 53 4 34 53 23 12 51 19 17 60 22 55 45 8 38 6 66 7 35 1 68 20 5 43 10 67 13 51 55 60 39 26 59 49 55 63 2 12 11 2 68 33 48 3
run=2 seed=1 k=69 f=0
34 46 6 25 29 42 37 28 57 1 40 16 29 40 32 40 37 27 28 45 62 11 48 0 68 66 53 4 34 53 23 12 51 19 17 60 22 55 45 8 38 6 66 7 35 1 68 20 5 43 10 67 13 51 55 60 39 26 59 49 55 63 2 12 11 2 68 33 48 3
run=3 seed=2 k=69 f=0
37 46 44 65 15 58 19 62 52 6 12 20 18 62 22 1 51 51 31 20 4 6 38 44 28 10 56 20 66 48 66 30 23 57 26 8 58 33 61 68 39 0 24 15 58 39 27 0 66 31 53 35 7 0 51 35 44 10 19 41 58 8 64 33 53 25 68 7 44 48
run=4 seed=3 k=69 f=0
68 23 24 3 0 42 17 21 13 46 1 64 53 10 10 27 18 15 12 45 61 66 37 21 46 47 35 44 31 10 34 58 60 29 68 0 4 68 45 41 65 52 4 7 65 52 42 51 34 38 23 55 13 60 18 56 19 59 10 15 5 64 1 2 27 39 33 68 31 55
run=5 seed=4 k=69 f=0
61 3 31 68 42 12 38 33 19 26 14 66 0 52 40 66 43 38 36 59 68 66 0 44 33 55 25 27 54 21 45 6 0 27 19 27 37 61 15 57 62 4 54 19 35 0 52 68 27 22 20 2 21 10 66 11 14 11 50 36 31 6 24 29 7 47 53 41 36 48
run=6 seed=5 k=69 f=0
8 68 42 67 17 15 49 54 8 33 16 23 18 66 60 26 31 45 31 48 12 24 43 68 4 16 63 60 60 37 13 33 39 12 9 22 50 36 46 0 13 8 29 61 5 0 63 0 7 25 51 50 48 35 42 45 26 67 14 41 55 35 52 28 58 57 52 21 24 66
run=7 seed=6 k=69 f=0
15 50 12 53 17 50 30 59 40 9 50 0 1 38 24 51 36 3 9 7 12 37 7 22 62 68 27 41 32 68 10 18 68 45 0 0 18 44 26 54 55 44 17 39 63 0 9 32 26 3 53 64 30 19 46 23 59 28 22 21 52 27 44 11 44 32 59 65 28 65
run=8 seed=7 k=69 f=0
50 57 33 42 5 9 7 34 66 29 58 25 24 60 22 30 1 41 44 39 2 68 55 35 46 1 19 30 14 0 9 3 68 29 36 59 66 10 31 65 53 51 20 16 44 16 48 0 41 51 49 15 0 59 21 37 57 13 8 64 59 61 23 54 19 16 25 52 52 5
run=9 seed=8 k=69 f=0
53 0 0 33 26 61 8 53 12 17 22 67 42 38 68 44 48 36 37 41 24 1 28 0 66 24 2 20 49 30 9 68 45 18 31 68 49 61 4 57 51 15 41 22 63 61 38 29 1 58 31 6 31 49 47 60 14 17 36 0 26 5 1 16 17 5 10 27 66 58
run=10 seed=9 k=69 f=0
61 27 47 27 67 54 19 67 61 56 57 25 66 0 64 30 61 67 68 17 44 26 38 40 51 13 32 14 34 48 3 5 9 9 40 47 53 37 21 50 4 14 46 17 55 34 0 0 1 39 18 31 36 55 9 58 28 22 0 5 43 48 9 33 33 5 27 42 22 55
run=11 seed=10 k=69 f=0
24 61 23 67 15 63 29 4 9 68 68 23 24 30 53 67 51 17 18 20 7 22 7 41 28 2 28 10 0 56 26 55 0 38 22 56 63 52 36 35 6 35 33 48 39 48 13 31 33 12 11 44 5 58 51 49 0 42 59 62 10 4 16 53 68 37 9 35 4 45
run=12 seed=11 k=69 f=0
62 18 42 8 12 45 14 0 20 55 42 48 65 35 16 50 32 4 68 35 53 58 67 28 20 59 7 38 61 67 29 66 10 46 25 0 19 11 42 16 16 16 64 37 51 28 36 54 57 25 1 3 6 68 44 6 29 40 45 35 55 14 8 66 34 43 19 48 68 26
run=13 seed=12 k=69 f=0
32 44 41 8 37 52 64 60 0 0 34 3 61 23 66 0 17 62 46 22 22 6 26 14 55 57 53 24 51 68 33 11 1 30 55 59 51 9 18 41 34 13 1 41 8 51 43 68 27 24 37 30 56 16 65 17 42 68 48 24 58 7 7 35 8 33 24 68 9 66
run=14 seed=13 k=69 f=0
0 41 18 58 4 53 23 14 41 38 49 10 21 54 68 44 16 32 30 24 44 43 34 22 24 35 57 8 41 57 51 68 68 65 60 46 7 52 18 0 59 20 30 60 65 0 34 38 36 7 3 47 24 50 30 1 66 53 67 63 45 17 8 6 6 33 12 8 21 54
run=15 seed=14 k=69 f=0
59 68 19 33 44 0 14 0 64 10 60 4 5 30 59 17 37 10 53 36 35 7 55 25 30 42 6 31 31 49 0 16 35 68 17 7 44 31 21 59 29 67 46 68 24 24 39 16 66 4 48 3 55 53 63 21 13 46 67 14 19 39 1 56 65 56 45 48 50 39
run=16 seed=15 k=69 f=0
39 54 45 2 47 9 12 0 32 57 10 49 2 38 19 0 41 62 33 43 55 19 57 0 68 62 61 37 4 42 5 52 68 37 18 16 16 32 6 2 50 61 32 28 63 67 28 56 44 29 66 64 26 54 8 66 62 15 48 19 29 18 24 35 24 25 47 18 28 58
run=17 seed=16 k=69 f=0
58 66 12 0 42 51 64 26 68 1 49 38 8 33 60 34 42 44 0 3 28 37 51 27 68 21 11 14 68 0 34 42 38 17 20 20 65 19 32 59 64 18 28 5 48 56 8 12 53 30 0 68 22 46 9 60 45 2 13 59 48 22 23 62 45 14 68 32 50 11
run=18 seed=17 k=69 f=0
11 31 0 45 1 18 55 0 32 59 49 62 67 44 18 49 3 61 37 15 35 42 12 55 64 62 43 48 34 29 57 67 45 16 28 25 47 14 51 67 13 11 22 32 8 24 64 3 40 36 24 9 41 7 36 5 58 35 56 44 0 24 21 39 62 3 68 57 18 17
run=19 seed=18 k=69 f=0
0 38 34 67 59 68 25 5 21 24 53 28 28 34 16 32 28 18 62 32 1 60 62 34 3 43 67 8 18 38 48 43 53 0 52 15 11 65 38 67 29 65 66 42 19 13 47 7 3 6 41 42 30 54 3 29 49 47 9 0 6 57 19 47 46 36 25 60 15 68
run=20 seed=19 k=69 f=0
68 14 28 67 48 0 2 51 11 7 68 11 10 60 58 56 68 49 51 21 62 42 33 33 42 19 29 22 30 22 58 41 43 15 30 8 68 50 37 51 64 61 25 15 3 60 33 59 2 36 18 41 38 48 68 6 41 3 61 43 34 39 24 10 18 24 24 0 18 58
