run=1 seed=0 k=68 f=0
34 66 9 50 49 27 15 48 38 41 0 16 19 19 63 11 28 42 40 15 35 64 19 48 67 22 42 55 31 11 17 66 9 34 7 0 10 44 24 52 32 41 4 20 36 57 25 57 27 42 53 62 23 2 0 46 63 55 44 5 61 62 4 3 16 1 67 28 33 46
run=2 seed=1 k=68 f=0
34 66 9 50 49 27 15 48 38 41 0 16 19 19 63 11 28 42 40 15 35 64 19 48 67 22 42 55 31 11 17 66 9 34 7 0 10 44 24 52 32 41 4 20 36 57 25 57 27 42 53 62 23 2 0 46 63 55 44 5 61 62 4 3 16 1 67 28 33 46
run=3 seed=2 k=68 f=0
55 55 32 2 61 43 57 61 53 43 26 56 33 15 49 64 57 33 49 66 66 0 8 4 43 11 49 13 32 18 45 5 27 37 66 36 21 61 0 49 11 43 4 11 20 45 9 18 52 67 16 0 31 22 6 66 41 35 16 5 50 49 23 61 61 5 67 19 30 22
run=4 seed=3 k=68 f=0
21 8 65 27 18 43 56 32 52 52 12 17 57 0 16 49 52 27 15 66 67 66 0 1 40 7 57 56 63 22 21 5 67 17 42 50 6 30 6 67 38 40 52 10 65 43 1 34 46 46 25 25 44 35 32 46 18 29 34 48 59 63 63 52 27 37 58 20 8 32
run=5 seed=4 k=68 f=0
66 35 58 32 6 34 22 15 40 39 67 33 31 64 24 5 66 49 47 57 64 36 59 55 17 2 0 2 20 4 17 25 9 9 31 27 46 56 37 18 14 47 60 41 44 48 56 18 10 15 4 57 53 65 25 66 0 36 10 62 13 13 27 62 61 19 0 6 47 54
run=6 seed=5 k=68 f=0
49 57 14 62 0 60 28 34 24 20 63 30 24 58 31 54 0 34 33 6 66 17 8 0 19 45 39 22 4 43 2 15 41 9 11 67 16 37 11 49 20 52 39 7 32 0 57 16 49 4 13 28 46 37 66 65 5 27 67 67 14 67 40 52 54 54 25 49 39 59
run=7 seed=6 k=68 f=0
62 57 48 13 40 0 55 43 26 58 18 67 29 13 62 48 57 16 38 65 43 12 40 26 5 0 8 44 0 51 35 54 46 22 0 19 36 14 3 20 12 32 1 33 23 5 67 55 49 40 20 32 12 32 66 28 2 14 67 40 21 41 26 66 67 59 9 36 49 51
run=8 seed=7 k=68 f=0
53 55 19 30 45 25 14 43 48 53 52 46 11 36 65 19 22 36 59 65 5 27 56 42 65 6 31 6 25 10 40 20 67 67 14 32 47 28 22 66 12 33 1 9 66 1 36 16 57 45 1 1 30 58 20 19 37 2 48 63 56 62 37 50 48 65 0 9 27 6
run=9 seed=8 k=68 f=0
16 67 36 5 47 29 65 58 21 15 67 5 41 24 15 38 46 22 23 13 49 30 17 43 28 27 44 5 15 49 45 32 52 11 58 36 33 7 67 29 13 23 19 62 55 42 1 9 65 58 54 67 31 50 36 38 22 1 53 36 41 48 65 67 59 61 0 53 2 28
run=10 seed=9 k=68 f=0
14 14 1 67 23 40 24 8 28 40 32 4 62 4 47 25 1 50 8 0 45 64 55 56 35 10 40 43 41 55 67 56 22 42 51 47 30 19 37 60 17 20 55 63 2 50 16 0 37 35 14 14 49 58 64 30 1 44 19 65 53 18 10 11 67 55 31 13 32 26
run=11 seed=10 k=68 f=0
31 64 20 66 50 49 55 59 50 67 46 62 16 29 44 60 28 25 37 40 10 32 38 19 50 29 16 35 24 67 45 31 58 24 12 0 56 67 46 53 63 40 17 42 9 1 12 67 40 11 6 22 24 39 1 5 25 17 64 53 1 35 4 2 26 34 10 9 39 17
run=12 seed=11 k=68 f=0
59 4 31 0 10 7 6 10 65 18 36 26 37 62 21 9 61 45 21 30 31 60 48 52 67 58 0 49 67 1 66 46 67 42 5 0 46 65 12 52 35 49 24 16 17 53 28 39 18 49 51 43 39 15 26 14 3 34 0 58 15 0 22 23 46 14 30 19 34 41
run=13 seed=12 k=68 f=0
27 54 26 8 49 10 41 24 65 0 6 52 41 22 0 60 55 52 33 36 59 51 32 45 9 48 19 35 42 61 44 54 58 2 10 1 26 18 13 64 24 0 13 38 66 15 33 67 64 34 33 42 1 57 58 22 52 67 2 18 31 0 21 30 51 5 19 45 31 66
run=14 seed=13 k=68 f=0
44 17 51 29 56 32 56 3 21 11 62 67 26 66 41 66 29 16 38 46 37 45 0 51 13 13 29 46 46 15 28 55 67 9 5 58 11 61 29 61 47 37 40 3 8 38 25 10 41 66 6 21 51 0 32 65 2 56 51 56 6 59 41 41 0 46 23 67 39 19
run=15 seed=14 k=68 f=0
38 48 67 27 45 16 35 5 39 22 50 20 8 7 7 43 48 51 9 65 1 44 35 31 19 50 12 39 11 31 60 30 57 54 16 66 19 31 50 67 37 59 19 24 31 19 63 45 43 16 35 0 2 2 55 8 60 64 26 67 43 10 2 64 21 39 0 56 30 29
run=16 seed=15 k=68 f=0
38 20 45 36 52 58 30 15 10 24 0 40 28 62 54 52 9 2 0 67 45 37 1 67 61 1 40 66 65 26 41 55 8 5 45 17 20 7 55 31 63 53 1 24 10 62 48 31 58 67 49 3 30 18 37 57 67 20 67 20 47 14 35 43 43 54 49 28 16 29
run=17 seed=16 k=68 f=0
51 38 13 0 15 67 7 43 23 60 13 56 11 39 54 61 41 6 8 8 3 53 1 58 14 65 56 26 47 0 17 67 0 17 20 17 67 56 63 55 37 67 29 24 59 60 27 31 30 38 38 31 49 47 0 63 44 33 67 24 19 45 50 14 46 21 40 34 9 33
run=18 seed=17 k=68 f=0
18 47 1 46 50 29 34 59 38 2 9 14 21 40 14 45 4 36 12 64 30 15 13 0 22 56 44 15 23 29 24 1 67 52 56 50 50 13 26 45 4 50 2 7 38 24 42 42 61 28 8 31 58 66 20 64 37 53 62 0 62 52 37 14 35 65 58 14 11 41
run=19 seed=18 k=68 f=0
1 6 32 18 58 49 11 16 67 33 30 58 23 2 50 7 1 42 43 23 4 56 44 12 62 60 63 37 1 7 60 9 35 24 24 67 11 44 52 54 16 36 53 19 26 37 46 26 56 40 33 64 17 0 48 67 66 30 36 22 64 66 14 4 6 39 59 55 15 11
run=20 seed=19 k=68 f=0
60 64 60 1 27 6 49 21 26 42 11 15 25 1 21 54 41 47 0 48 2 56 15 67 5 35 30 38 57 66 19 61 15 30 32 44 10 65 9 57 33 37 34 37 6 41 5 53 44 12 7 67 45 67 53 44 54 23 48 0 49 0 65 22 22 33 28 16 15 65
