run=1 seed=0 k=32 f=0
7 21 9 18 17 31 14 12 4 13 26 10 18 27 3 8 13 1 20 2 27 19 0 13 19 0 25 0 1 31 4 26 25 27 13 21 17 24 11 26 5 29 5 8 24 9 30 20 11 0
run=2 seed=1 k=32 f=0
7 21 9 18 17 31 14 12 4 13 26 10 18 27 3 8 13 1 20 2 27 19 0 13 19 0 25 0 1 31 4 26 25 27 13 21 17 24 11 26 5 29 5 8 24 9 30 20 11 0
run=3 seed=2 k=32 f=0
0 16 2 17 0 31 5 4 9 29 22 0 0 5 29 9 9 24 31 26 18 10 29 27 15 31 10 31 24 10 13 18 22 18 1 12 0 22 25 13 31 31 24 20 20 13 21 2 2 3
run=4 seed=3 k=32 f=0
26 17 24 0 17 15 4 16 1 18 13 30 1 30 26 9 7 21 17 7 3 22 0 26 17 7 9 31 20 31 30 26 31 22 22 1 0 30 7 20 14 19 12 0 11 4 28 16 2 10
run=5 seed=4 k=32 f=0
29 23 11 30 19 6 25 20 29 0 0 22 26 12 28 0 22 12 9 21 5 17 0 13 5 30 0 30 0 29 17 29 24 16 16 11 23 20 7 14 13 7 0 0 20 11 22 10 24 31
run=6 seed=5 k=32 f=0
12 29 10 31 12 7 3 25 31 13 2 0 4 30 31 1 28 24 4 14 20 13 0 23 5 12 14 25 20 24 13 7 12 11 23 21 31 2 16 29 21 24 1 19 19 11 30 17 20 1
run=7 seed=6 k=32 f=0
29 7 24 20 12 6 23 18 10 19 15 12 5 2 22 31 0 0 17 24 31 30 13 30 8 11 28 20 11 31 23 18 24 11 4 30 1 26 7 15 27 12 3 18 3 28 11 4 1 2
run=8 seed=7 k=32 f=0
21 7 27 17 13 30 13 17 16 23 19 9 3 6 0 29 18 24 18 13 24 1 0 15 21 12 0 18 31 16 12 9 18 9 6 31 2 0 17 20 25 21 29 28 10 7 15 0 9 6
run=9 seed=8 k=32 f=0
24 31 0 29 3 6 17 21 25 0 23 0 4 9 31 23 20 12 1 29 17 14 9 30 3 31 22 1 30 16 17 31 12 15 13 17 8 11 25 26 12 31 28 19 23 14 27 30 5 8
run=10 seed=9 k=32 f=0
3 18 1 9 2 25 12 26 10 0 15 0 2 17 28 15 17 31 30 24 13 0 11 21 5 10 18 23 29 30 21 0 24 0 23 31 7 28 13 12 26 30 15 0 25 5 22 31 25 13
run=11 seed=10 k=32 f=0
15 24 5 31 2 9 3 8 11 0 3 0 13 13 13 21 0 15 2 24 20 24 30 21 2 21 24 31 24 18 29 7 15 4 28 17 13 31 25 24 20 0 13 31 13 11 26 10 12 8
run=12 seed=11 k=32 f=0
31 22 13 13 8 0 25 25 25 31 20 30 6 16 17 9 30 20 7 0 0 10 30 8 23 27 6 0 23 5 26 22 1 20 4 5 31 13 7 0 0 16 28 6 0 13 14 29 1 23
run=13 seed=12 k=32 f=0
31 18 2 0 7 23 3 25 1 23 26 29 5 30 24 24 27 8 11 20 30 13 30 18 6 22 17 0 12 23 28 13 31 15 10 31 6 15 20 7 1 14 5 13 12 2 14 8 0 5
run=14 seed=13 k=32 f=0
10 23 31 31 28 6 16 18 12 19 22 12 22 6 19 11 28 0 16 21 13 9 18 26 13 12 21 30 11 8 3 0 7 3 5 27 19 31 28 4 15 29 21 30 3 3 0 22 2 10
run=15 seed=14 k=32 f=0
27 4 11 22 1 8 17 8 23 31 18 14 0 30 27 0 28 2 25 5 16 29 27 6 14 6 31 20 12 19 31 7 24 8 16 23 27 7 13 19 18 19 2 20 1 23 3 30 7 12
run=16 seed=15 k=32 f=0
21 1 28 7 16 25 13 16 31 17 31 16 31 12 2 30 13 0 16 1 30 24 7 1 31 31 31 17 24 21 15 5 26 8 20 9 0 7 13 19 23 6 3 23 16 6 28 2 9 0
run=17 seed=16 k=32 f=0
15 31 9 11 30 25 5 31 3 31 13 19 15 9 4 0 13 0 29 0 15 2 18 6 30 3 31 8 0 25 4 29 7 27 28 2 14 20 22 28 4 24 15 19 0 9 21 16 28 12
run=18 seed=17 k=32 f=0
25 0 31 2 31 15 26 7 25 12 25 31 19 30 1 0 16 9 26 7 18 9 5 20 0 1 21 21 25 20 31 4 23 12 18 0 27 5 19 21 24 7 29 16 15 0 31 31 0 20
run=19 seed=18 k=32 f=0
22 30 15 31 30 17 5 8 4 29 2 1 0 30 10 15 4 10 13 7 4 23 24 11 19 9 24 31 30 0 20 21 31 7 20 9 0 22 11 22 31 29 1 2 7 13 0 22 13 19
run=20 seed=19 k=32 f=0
30 9 24 10 25 23 6 6 3 20 1 0 1 30 9 23 6 17 17 2 15 20 4 18 9 3 31 0 17 31 29 29 6 14 21 31 7 30 1 31 20 16 31 20 14 9 2 31 12 12
