run=1 seed=0 k=33 f=0
28 22 2 15 23 6 11 22 10 0 8 32 32 6 2 29 9 22 13 22 32 21 27 0 32 17 0 13 25 17 12 32 6 0 29 8 7 19 23 10 18 21 32 27 11 1 26 22 29 17
run=2 seed=1 k=33 f=0
28 22 2 15 23 6 11 22 10 0 8 32 32 6 2 29 9 22 13 22 32 21 27 0 32 17 0 13 25 17 12 32 6 0 29 8 7 19 23 10 18 21 32 27 11 1 26 22 29 17
run=3 seed=2 k=33 f=0
30 19 28 4 23 26 0 3 1 13 31 32 18 20 0 0 2 20 15 10 14 23 14 26 32 30 11 31 9 0 4 18 19 21 23 30 13 27 5 14 31 29 6 5 5 20 5 7 6 21
run=4 seed=3 k=33 f=0
0 8 18 19 3 6 24 7 8 22 26 32 21 16 29 17 15 12 6 32 13 18 32 12 6 29 0 2 5 25 30 30 25 32 2 32 25 31 1 30 6 4 8 1 0 28 0 10 5 13
run=5 seed=4 k=33 f=0
13 20 0 28 19 15 31 11 26 17 32 0 30 20 4 0 7 9 12 28 29 10 12 9 3 3 21 13 0 31 16 32 13 32 13 9 20 1 11 21 16 7 21 11 26 17 0 22 23 31
run=6 seed=5 k=33 f=0
22 32 0 7 5 32 21 0 27 20 31 26 25 32 19 8 22 0 22 11 27 19 18 27 3 1 16 0 14 25 1 0 22 23 6 28 16 3 28 24 9 32 10 21 8 3 0 29 1 10
run=7 seed=6 k=33 f=0
12 1 31 0 25 13 31 12 25 31 32 28 18 8 16 20 12 7 15 28 9 14 22 24 0 29 19 9 3 13 27 5 9 0 4 9 31 2 18 23 23 1 22 18 6 27 0 27 21 18
run=8 seed=7 k=33 f=0
15 5 32 9 23 25 6 31 6 0 29 1 4 31 4 3 13 32 8 0 11 21 0 2 19 25 16 18 25 25 31 20 21 32 12 8 25 27 10 1 2 16 2 9 11 0 29 10 10 18
run=9 seed=8 k=33 f=0
28 20 5 9 24 22 27 5 10 0 10 30 25 16 9 11 0 16 24 2 15 2 30 4 22 3 1 19 32 12 6 7 5 2 17 27 25 28 31 1 17 32 29 28 17 15 17 28 32 8
run=10 seed=9 k=33 f=0
3 23 1 22 19 6 28 13 14 23 1 31 31 1 7 8 12 12 26 10 27 8 31 17 24 10 0 29 25 18 4 3 3 0 29 1 21 31 12 32 25 15 24 19 13 1 14 18 16 32
run=11 seed=10 k=33 f=0
22 16 0 0 9 32 23 10 9 32 11 26 3 32 29 10 12 16 8 0 22 19 32 3 16 11 7 0 31 9 18 0 24 18 2 0 26 22 7 14 22 32 31 23 21 0 20 31 32 11
run=12 seed=11 k=33 f=0
11 32 24 0 9 16 4 13 2 17 32 10 8 26 30 10 6 22 28 8 24 7 15 25 32 2 31 29 25 1 29 16 19 19 22 27 0 24 7 28 25 17 13 16 6 16 0 3 15 9
run=13 seed=12 k=33 f=0
21 8 23 14 1 0 11 30 3 19 30 6 19 12 10 22 11 32 2 19 27 23 14 7 27 5 23 31 27 32 1 2 32 14 19 1 7 30 29 17 18 30 7 32 2 17 31 3 9 11
run=14 seed=13 k=33 f=0
30 16 32 1 16 26 5 5 2 32 30 20 10 30 32 1 27 11 11 16 0 10 4 8 24 24 32 32 0 11 29 4 6 16 8 14 9 13 24 19 16 17 24 1 19 8 23 23 20 4
run=15 seed=14 k=33 f=0
25 16 3 0 7 17 12 12 3 22 9 8 1 0 23 13 29 32 16 26 17 17 32 18 7 22 23 31 7 21 18 8 11 21 29 12 3 13 26 2 18 29 9 15 12 24 32 0 27 1
run=16 seed=15 k=33 f=0
17 0 32 0 15 13 27 27 13 0 22 31 11 20 4 14 28 7 13 28 31 29 12 18 4 4 22 0 1 19 26 16 19 31 31 20 22 26 1 2 7 2 21 11 24 17 10 25 8 29
run=17 seed=16 k=33 f=0
27 15 23 0 21 23 4 2 2 32 30 8 23 13 2 3 6 32 20 3 8 19 32 10 27 32 17 31 32 0 7 31 29 20 27 23 11 13 1 32 17 31 7 22 6 11 1 14 5 10
run=18 seed=17 k=33 f=0
13 7 32 16 25 7 11 24 13 3 4 0 0 2 13 14 30 23 30 12 2 13 0 8 25 14 32 31 21 17 27 19 25 22 19 30 1 23 32 21 9 7 2 32 12 7 20 6 31 11
run=19 seed=18 k=33 f=0
30 20 11 22 25 8 26 28 20 32 32 14 17 23 11 15 25 32 29 8 3 1 2 24 15 10 2 30 1 25 28 14 13 1 4 3 24 11 32 31 5 4 15 3 30 10 24 22 15 15
run=20 seed=19 k=33 f=0
2 17 31 32 25 6 28 12 8 1 1 24 3 30 13 30 19 13 14 4 4 29 22 27 13 1 0 9 29 0 26 30 6 0 27 32 20 23 11 21 4 10 17 19 5 15 22 22 14 11
