run=1 seed=0 k=37 f=0
27 35 3 26 19 35 29 15 22 31 35 1 28 0 4 16 0 19 10 15 29 15 19 3 36 6 10 24 18 11 12 30 10 33 13 11 8 10 0 30 19 35 0 31 29 8 20 5 4 1
run=2 seed=1 k=37 f=0
27 35 3 26 19 35 29 15 22 31 35 1 28 0 4 16 0 19 10 15 29 15 19 3 36 6 10 24 18 11 12 30 10 33 13 11 8 10 0 30 19 35 0 31 29 8 20 5 4 1
run=3 seed=2 k=37 f=0
21 12 36 36 27 6 21 16 7 33 20 13 4 27 6 30 0 26 36 20 12 8 1 3 33 18 0 3 10 27 26 31 28 16 1 25 9 20 23 34 18 17 25 6 15 31 0 22 35 14
run=4 seed=3 k=37 f=0
26 35 20 4 11 17 35 7 14 2 0 32 16 26 30 18 13 11 28 34 21 27 30 23 8 19 23 33 33 13 7 22 16 8 4 36 27 30 13 36 5 34 3 3 3 19 25 0 15 16
run=5 seed=4 k=37 f=0
16 25 11 34 3 11 3 21 28 34 23 0 14 36 20 0 29 18 11 16 30 16 0 31 25 29 27 34 1 32 31 36 17 18 1 25 27 16 12 1 7 7 1 1 20 36 3 25 5 14
run=6 seed=5 k=37 f=0
18 36 3 34 8 9 22 34 12 32 17 26 6 34 18 28 2 3 4 12 24 4 13 7 18 14 15 11 18 25 32 36 11 36 33 3 0 21 14 27 19 18 27 25 31 31 12 2 31 24
run=7 seed=6 k=37 f=0
18 1 10 24 6 2 35 10 1 10 34 32 28 36 34 23 0 8 3 16 21 20 36 9 3 0 17 0 8 22 2 12 6 15 29 1 7 32 1 33 21 36 6 27 27 24 27 35 13 36
run=8 seed=7 k=37 f=0
9 21 13 16 9 3 28 36 4 33 32 35 24 16 36 5 26 9 18 0 18 7 0 26 10 30 23 22 34 27 0 15 12 13 18 24 35 20 24 3 0 14 1 5 36 3 1 32 22 13
run=9 seed=8 k=37 f=0
17 35 28 2 1 17 31 10 8 19 9 35 0 0 11 0 27 23 17 30 17 16 18 20 10 6 9 8 7 5 22 36 19 28 27 36 14 30 24 22 2 32 35 18 0 35 27 35 25 5
run=10 seed=9 k=37 f=0
0 10 22 7 22 36 29 30 32 25 23 26 18 21 31 26 20 0 25 32 5 12 34 6 0 32 14 9 0 5 30 11 8 0 6 17 34 2 19 32 27 6 36 8 13 9 34 19 3 1
run=11 seed=10 k=37 f=0
25 16 5 11 5 29 20 11 21 1 11 23 15 10 33 10 3 35 4 22 24 4 35 15 30 35 4 18 27 25 36 15 28 32 4 22 1 9 7 0 26 23 24 0 20 35 31 3 34 13
run=12 seed=11 k=37 f=0
22 16 0 7 23 36 23 13 12 25 25 15 32 20 4 11 21 0 15 27 33 15 35 5 12 31 29 3 3 7 7 0 14 23 24 16 36 34 29 33 10 18 8 2 22 27 36 31 2 6
run=13 seed=12 k=37 f=0
19 31 13 29 7 0 26 13 1 9 7 21 34 4 23 0 10 8 0 29 16 25 26 32 10 36 36 18 26 36 9 20 32 27 27 18 34 30 7 35 31 18 36 15 5 5 27 7 17 36
run=14 seed=13 k=37 f=0
26 15 28 36 14 17 32 25 28 16 31 1 11 21 32 13 19 24 17 36 0 0 0 22 5 9 11 31 0 21 26 1 24 0 15 5 22 4 8 12 35 3 14 30 11 9 26 6 19 35
run=15 seed=14 k=37 f=0
16 29 4 1 30 16 30 13 36 3 5 35 26 5 18 10 28 10 17 12 10 34 14 12 27 35 24 19 20 22 16 0 15 34 30 22 25 19 8 9 16 36 4 22 32 0 32 1 25 12
run=16 seed=15 k=37 f=0
7 18 36 0 24 33 11 18 36 10 18 8 5 36 34 36 19 26 11 17 10 31 26 22 0 21 17 28 31 13 16 30 13 14 12 18 21 20 0 20 8 28 4 12 8 7 30 6 8 1
run=17 seed=16 k=37 f=0
0 11 18 2 14 19 8 32 36 23 35 25 11 26 28 16 36 13 9 3 2 13 27 31 14 1 35 24 25 0 22 22 9 34 6 31 4 10 28 3 1 31 1 36 7 7 6 2 0 15
run=18 seed=17 k=37 f=0
5 32 17 26 31 35 14 5 31 0 5 18 18 0 1 5 32 0 30 8 13 28 2 26 14 36 9 36 25 27 1 9 20 21 13 29 14 11 34 25 18 26 6 24 35 8 17 27 21 8
run=19 seed=18 k=37 f=0
23 17 10 22 35 6 15 21 13 4 0 12 5 34 1 21 20 35 27 10 24 18 30 28 16 17 0 4 11 1 28 27 34 13 32 36 33 34 17 9 10 14 31 5 21 32 14 29 9 24
run=20 seed=19 k=37 f=0
11 35 14 29 24 14 7 1 1 15 0 20 32 36 14 8 25 2 20 26 4 32 28 24 11 13 36 35 18 6 12 36 4 16 28 36 0 35 30 25 14 25 11 2 1 4 2 24 25 27
