run=1 seed=0 k=36 f=0
19 25 9 7 5 35 11 7 33 22 14 29 14 7 23 22 26 18 11 32 35 24 0 19 26 26 0 31 1 19 5 18 18 14 5 3 1 9 9 34 33 30 9 17 32 35 14 6 34 30
run=2 seed=1 k=36 f=0
19 25 9 7 5 35 11 7 33 22 14 29 14 7 23 22 26 18 11 32 35 24 0 19 26 26 0 31 1 19 5 18 18 14 5 3 1 9 9 34 33 30 9 17 32 35 14 6 34 30
run=3 seed=2 k=36 f=0
6 19 10 35 9 0 21 33 33 3 10 17 9 30 18 9 15 8 3 9 26 32 0 35 19 19 26 0 29 33 21 32 34 30 5 33 17 21 25 17 5 31 24 1 28 5 24 22 22 15
run=4 seed=3 k=36 f=0
30 13 35 23 33 0 10 28 11 4 1 6 9 19 22 9 24 16 13 3 7 18 8 23 13 2 30 26 15 22 34 13 16 35 26 13 19 28 28 0 33 0 4 31 27 7 22 1 26 34
run=5 seed=4 k=36 f=0
25 2 10 0 15 24 33 31 21 32 8 30 4 8 31 0 31 7 2 29 5 20 20 12 1 20 18 33 12 35 18 17 16 8 7 3 27 4 35 18 5 35 26 35 30 23 22 22 30 13
run=6 seed=5 k=36 f=0
20 5 12 0 32 28 24 33 33 13 17 21 0 14 10 11 12 12 4 26 3 25 26 21 3 20 35 1 35 19 15 3 4 28 3 1 21 0 34 33 29 29 17 32 35 27 34 19 1 25
run=7 seed=6 k=36 f=0
9 25 7 17 32 30 35 15 10 2 25 0 33 17 22 8 12 9 3 33 10 33 34 30 1 35 24 25 5 15 13 30 20 16 0 17 0 29 12 11 4 24 10 6 21 35 26 34 9 35
run=8 seed=7 k=36 f=0
9 15 23 31 29 15 4 26 24 12 7 0 31 30 1 24 18 9 26 0 8 35 0 11 19 0 21 0 1 9 9 10 30 32 6 20 15 0 1 16 25 0 17 14 35 35 1 13 17 30
run=9 seed=8 k=36 f=0
35 0 30 12 27 28 8 17 33 25 14 21 4 11 15 26 24 34 9 21 9 34 21 10 33 27 2 17 15 12 21 12 13 35 5 35 0 7 20 10 32 33 11 1 4 6 2 4 5 16
run=10 seed=9 k=36 f=0
6 26 13 15 2 6 32 34 2 14 34 35 10 13 13 18 17 23 10 31 21 20 31 17 0 5 0 10 2 6 34 6 15 33 19 34 26 31 12 8 34 1 4 25 22 13 0 0 13 23
run=11 seed=10 k=36 f=0
31 12 35 8 30 17 12 31 10 23 19 25 0 9 20 1 24 34 35 16 12 28 7 13 1 20 0 19 17 26 9 35 15 28 32 12 13 30 21 8 7 32 1 29 21 28 32 10 0 3
run=12 seed=11 k=36 f=0
23 14 33 17 4 1 13 25 5 19 20 25 3 14 17 1 1 7 19 6 34 4 1 13 23 35 35 23 19 9 14 22 26 11 27 9 29 33 16 28 10 35 16 28 17 5 0 33 33 35
run=13 seed=12 k=36 f=0
8 14 35 28 19 3 24 9 13 24 34 9 25 33 4 4 35 19 11 4 34 8 0 10 27 4 35 14 6 8 9 14 11 25 22 34 34 3 20 23 4 18 2 22 20 17 16 32 0 5
run=14 seed=13 k=36 f=0
6 29 13 28 16 0 4 2 17 35 34 19 12 18 35 33 9 35 20 27 29 11 34 15 9 28 10 25 23 1 26 33 30 11 8 27 19 6 6 16 22 5 0 2 23 35 13 17 20 0
run=15 seed=14 k=36 f=0
13 32 25 8 25 24 11 24 27 34 1 31 32 4 14 18 8 0 34 17 8 13 15 6 28 15 16 4 16 3 2 34 16 35 9 16 27 7 5 35 0 11 20 34 35 27 26 25 21 4
run=16 seed=15 k=36 f=0
29 6 21 35 22 10 22 12 34 14 18 16 20 32 10 33 17 27 8 1 1 11 31 33 7 13 4 22 35 12 29 25 21 10 24 22 0 2 35 35 7 11 32 23 2 6 4 4 29 31
run=17 seed=16 k=36 f=0
24 15 33 21 3 35 8 35 14 24 33 5 19 3 33 2 9 28 13 20 23 26 21 14 26 13 14 10 25 0 8 23 13 27 20 16 17 4 31 32 2 28 1 35 7 17 1 21 6 34
run=18 seed=17 k=36 f=0
25 18 35 9 31 35 6 27 17 11 13 0 23 33 9 19 0 17 6 0 2 29 2 32 19 17 28 10 7 26 3 13 4 0 31 34 29 29 6 33 22 35 19 8 11 16 2 27 1 24
run=19 seed=18 k=36 f=0
34 26 19 7 4 29 3 4 21 0 17 23 26 14 22 9 34 14 22 7 12 7 10 31 22 4 35 17 6 3 16 5 31 0 28 15 27 12 35 10 21 33 32 27 35 31 26 25 0 35
run=20 seed=19 k=36 f=0
5 32 0 22 26 6 17 21 15 4 25 14 1 22 13 35 22 32 19 4 35 8 23 18 35 1 0 2 15 8 21 6 18 11 9 14 26 26 15 27 31 12 31 12 14 25 25 23 15 35
