run=1 seed=0 k=29 f=0
3 22 7 8 17 22 12 24 18 28 12 16 18 2 28 10 1 28 15 21 7 5 16 20 11 17 1 1 8 0 27 16 12 28 4 20 21 9 8 14 25 3 23 28 27 16 2 19 27 11
run=2 seed=1 k=29 f=0
3 22 7 8 17 22 12 24 18 28 12 16 18 2 28 10 1 28 15 21 7 5 16 20 11 17 1 1 8 0 27 16 12 28 4 20 21 9 8 14 25 3 23 28 27 16 2 19 27 11
run=3 seed=2 k=29 f=0
13 0 16 0 10 22 13 28 15 28 4 16 7 19 24 28 14 28 23 3 18 13 25 22 13 0 7 3 22 8 19 0 8 20 6 11 9 1 15 4 21 0 26 28 3 11 2 14 24 20
run=4 seed=3 k=29 f=0
17 3 10 7 10 21 11 7 25 19 2 15 15 19 1 0 28 28 15 28 27 9 28 18 7 9 0 17 1 18 6 19 18 8 14 0 28 1 2 21 9 22 24 1 0 25 9 26 27 27
run=5 seed=4 k=29 f=0
21 3 27 0 4 13 24 8 28 0 0 28 28 28 17 8 23 7 0 12 23 7 11 14 6 1 19 0 11 19 1 0 23 16 6 19 26 18 20 25 10 17 21 19 0 20 28 28 23 8
run=6 seed=5 k=29 f=0
5 26 12 28 22 6 16 2 3 28 1 12 26 0 5 2 28 0 6 14 14 10 21 14 26 26 21 19 6 5 9 11 21 10 20 11 25 15 17 22 1 19 27 9 0 21 0 28 24 20
run=7 seed=6 k=29 f=0
28 7 0 20 26 7 3 25 24 2 13 0 7 0 2 0 2 13 14 28 13 22 12 21 7 26 28 28 21 20 17 28 12 13 7 19 21 14 3 23 18 27 6 16 25 12 28 7 2 10
run=8 seed=7 k=29 f=0
22 0 16 20 2 6 23 1 26 0 14 12 6 2 18 13 0 28 5 27 27 23 25 28 19 27 0 27 23 8 17 7 0 0 2 27 21 13 28 20 16 28 17 14 3 15 9 6 2 18
run=9 seed=8 k=29 f=0
7 13 28 8 1 21 4 2 10 20 16 0 24 19 18 25 2 15 26 10 10 3 18 11 25 27 27 8 15 0 7 27 27 17 22 28 2 0 21 1 15 16 24 3 5 5 10 0 26 1
run=10 seed=9 k=29 f=0
7 20 27 7 28 21 10 2 0 28 11 15 19 1 6 11 7 27 22 8 19 21 0 3 23 7 0 28 0 11 6 16 22 19 12 20 0 17 9 7 25 26 12 18 16 11 1 4 1 10
run=11 seed=10 k=29 f=0
6 25 10 8 4 21 5 8 22 28 23 27 3 23 18 0 17 0 8 15 24 13 19 15 7 13 15 8 10 2 26 1 2 24 7 20 16 12 7 9 26 10 19 1 28 0 1 18 2 11
run=12 seed=11 k=29 f=0
26 8 1 20 5 7 23 27 8 0 18 1 20 1 28 19 28 13 11 27 18 28 27 2 8 28 28 10 1 13 5 12 21 28 17 8 0 22 6 2 21 27 15 21 18 24 28 2 9 17
run=13 seed=12 k=29 f=0
12 23 15 19 13 6 22 21 25 19 18 0 4 2 25 8 27 28 23 12 4 2 28 10 18 12 12 28 14 8 26 10 4 0 4 11 21 7 27 10 0 15 8 23 2 1 28 17 28 0
run=14 seed=13 k=29 f=0
21 3 28 28 11 15 6 13 14 0 14 9 0 14 0 0 12 0 18 27 25 28 19 26 5 28 21 8 19 12 24 3 13 27 21 17 14 28 22 2 28 8 19 0 0 4 27 21 0 8
run=15 seed=14 k=29 f=0
19 28 13 0 0 22 12 2 21 27 16 16 17 8 22 10 2 28 5 18 8 23 23 9 28 14 7 28 10 6 4 18 18 18 28 18 0 12 12 14 27 28 8 23 0 22 0 2 3 9
run=16 seed=15 k=29 f=0
18 7 28 8 27 21 4 14 21 0 22 0 10 2 0 10 8 15 6 14 11 9 1 5 25 9 28 1 0 18 19 20 17 18 27 8 28 7 13 23 1 0 23 19 11 28 26 24 1 17
run=17 seed=16 k=29 f=0
18 8 15 8 28 22 11 14 20 27 22 16 27 1 14 14 24 28 26 11 6 14 0 3 18 15 1 22 0 23 18 17 26 0 26 9 28 8 11 7 6 5 8 25 28 20 19 7 4 0
run=18 seed=17 k=29 f=0
4 10 28 28 27 6 16 8 27 2 26 12 1 0 2 19 11 0 23 18 11 0 2 14 7 17 21 27 24 15 28 21 12 10 10 28 0 13 28 4 4 8 21 24 20 14 10 4 12 19
run=19 seed=18 k=29 f=0
5 18 1 9 1 22 5 10 15 1 14 0 0 28 27 25 4 28 20 12 13 1 28 3 22 14 16 10 23 9 20 26 7 1 9 18 16 26 7 2 13 10 16 5 14 14 27 18 27 9
run=20 seed=19 k=29 f=0
27 2 13 21 19 8 3 7 25 11 28 0 26 9 10 0 8 28 6 24 3 2 28 14 0 2 14 8 17 21 6 18 12 18 18 3 25 1 10 2 0 17 24 18 5 2 19 28 18 28
