run=1 seed=0 k=28 f=0
15 0 7 20 12 6 16 23 11 18 2 12 6 8 27 10 24 0 16 24 3 15 27 9 2 26 27 27 15 20 18 14 16 18 17 26 1 0 23 2 5 27 5 19 15 3 10 3 23 1
run=2 seed=1 k=28 f=0
15 0 7 20 12 6 16 23 11 18 2 12 6 8 27 10 24 0 16 24 3 15 27 9 2 26 27 27 15 20 18 14 16 18 17 26 1 0 23 2 5 27 5 19 15 3 10 3 23 1
run=3 seed=2 k=28 f=0
18 4 27 7 21 21 12 21 3 17 2 15 0 21 5 0 10 0 19 1 11 25 9 22 14 27 27 8 26 20 9 18 12 17 17 9 27 26 5 13 0 19 2 6 0 17 25 23 18 0
run=4 seed=3 k=28 f=0
18 7 0 8 2 21 4 17 1 9 14 0 27 23 18 25 25 27 9 0 11 6 20 27 15 15 15 17 11 27 6 18 20 8 7 0 0 19 27 24 6 16 0 7 10 3 17 2 26 26
run=5 seed=4 k=28 f=0
21 1 13 20 1 7 3 11 15 9 27 0 7 8 11 9 2 13 13 27 17 20 27 23 0 27 27 17 27 20 16 14 7 1 3 17 24 24 7 14 27 0 26 19 5 19 1 26 4 27
run=6 seed=5 k=28 f=0
15 7 0 20 16 6 16 23 12 26 26 12 8 23 6 16 17 27 4 10 26 13 12 8 17 8 0 0 2 27 26 1 4 27 19 9 7 1 13 25 25 0 5 1 22 11 0 9 5 18
run=7 seed=6 k=28 f=0
10 17 3 20 8 6 16 15 27 17 27 12 2 7 27 2 0 0 1 15 19 10 12 6 0 19 27 27 22 26 27 27 21 10 8 0 20 4 0 11 9 14 2 27 21 12 25 16 1 9
run=8 seed=7 k=28 f=0
5 20 13 8 1 21 4 15 4 19 19 0 27 6 13 4 2 27 14 26 20 11 25 27 16 13 15 27 10 0 0 26 10 13 22 11 21 26 1 16 9 12 22 21 5 23 27 19 0 2
run=9 seed=8 k=28 f=0
0 10 2 19 27 6 24 9 8 0 15 27 18 3 3 9 15 0 13 27 13 7 27 25 9 9 12 1 27 20 5 0 0 27 25 8 19 27 6 10 27 26 15 21 15 2 17 16 26 26
run=10 seed=9 k=28 f=0
23 12 19 19 10 6 24 13 26 18 12 27 26 4 22 27 13 0 21 15 1 4 7 1 22 10 12 1 20 0 12 0 11 11 2 26 19 7 7 8 27 3 19 27 27 5 1 17 21 10
run=11 seed=10 k=28 f=0
5 12 26 20 24 6 17 1 19 27 0 0 16 0 4 0 4 27 3 24 16 24 0 24 14 21 12 27 24 19 27 23 25 8 0 1 17 8 2 8 14 7 14 9 9 9 19 14 12 10
run=12 seed=11 k=28 f=0
15 21 3 20 23 7 3 19 25 10 12 0 10 13 14 10 5 13 11 6 7 5 26 21 0 1 27 18 16 16 26 14 19 27 8 27 0 3 8 20 23 17 12 26 11 1 18 3 27 0
run=13 seed=12 k=28 f=0
19 2 13 20 23 6 15 25 9 0 7 12 17 2 12 17 11 0 23 16 2 0 27 22 10 15 27 25 23 20 5 26 21 1 26 27 9 23 19 19 3 24 13 25 5 1 8 7 20 17
run=14 seed=13 k=28 f=0
6 24 9 7 13 21 10 15 17 0 26 15 10 18 23 16 12 0 20 25 5 14 0 21 12 27 27 27 2 17 21 0 21 0 9 17 8 7 26 12 20 1 20 6 27 19 8 6 4 26
run=15 seed=14 k=28 f=0
15 0 27 7 24 21 10 20 2 27 5 15 1 17 0 0 22 0 13 8 12 12 18 10 24 10 27 15 7 11 25 0 24 24 19 9 9 11 19 11 14 15 3 2 6 15 18 7 24 0
run=16 seed=15 k=28 f=0
17 27 9 8 4 21 5 16 23 17 19 0 2 6 26 0 0 27 16 27 12 0 0 27 12 14 15 25 20 22 27 21 6 8 4 0 15 7 27 7 7 9 16 21 17 9 27 17 10 9
run=17 seed=16 k=28 f=0
20 27 1 19 23 6 22 27 7 27 15 0 23 3 4 26 27 12 13 18 11 22 22 2 27 25 27 18 3 15 6 8 21 9 20 18 1 16 14 8 20 15 1 13 9 12 0 3 6 9
run=18 seed=17 k=28 f=0
21 4 18 19 15 6 22 27 27 17 3 0 22 27 26 27 16 27 21 7 2 25 9 20 14 17 12 10 1 27 4 23 8 19 0 9 0 5 12 1 5 15 2 1 0 20 0 2 18 25
run=19 seed=18 k=28 f=0
22 5 27 19 16 6 23 20 12 0 22 27 10 19 26 13 22 0 5 27 8 15 18 3 13 27 12 27 2 0 27 13 11 0 6 8 21 24 7 26 2 1 7 6 8 27 17 6 1 27
run=20 seed=19 k=28 f=0
17 0 27 20 3 6 17 25 0 17 1 12 15 25 21 9 19 0 12 17 15 20 18 14 0 15 27 26 9 11 4 27 13 17 25 9 0 27 11 3 3 27 6 8 6 1 0 2 27 25
