run=1 seed=0 k=30 f=0
13 0 7 21 1 7 16 12 9 0 2 13 20 8 23 21 0 0 22 16 16 9 27 9 2 20 28 29 7 20 29 26 12 6 29 27 13 23 1 22 9 3 21 29 15 27 8 0 17 17
run=2 seed=1 k=30 f=0
13 0 7 21 1 7 16 12 9 0 2 13 20 8 23 21 0 0 22 16 16 9 27 9 2 20 28 29 7 20 29 26 12 6 29 27 13 23 1 22 9 3 21 29 15 27 8 0 17 17
run=3 seed=2 k=30 f=0
0 19 8 28 27 15 6 27 2 17 22 9 9 13 17 9 14 0 29 20 2 8 29 12 5 1 21 0 24 0 28 6 22 29 11 9 22 27 16 17 25 1 18 26 16 5 0 16 0 25
run=4 seed=3 k=30 f=0
6 25 18 7 15 21 11 16 1 29 28 15 3 29 5 0 25 28 1 19 25 12 7 5 13 17 0 8 18 0 21 4 16 17 26 1 25 19 10 18 16 11 22 7 28 7 21 27 2 12
run=5 seed=4 k=30 f=0
1 23 4 29 3 6 25 13 8 29 23 21 7 14 28 16 22 0 21 29 17 0 18 9 23 28 12 24 0 11 20 14 4 0 19 9 7 21 23 12 29 29 6 5 28 29 18 9 12 0
run=6 seed=5 k=30 f=0
13 21 0 0 26 23 3 9 3 9 15 29 20 1 2 0 10 8 20 10 14 8 9 3 21 27 17 13 26 16 6 0 4 28 9 1 20 21 10 15 23 29 23 15 29 3 27 22 1 17
run=7 seed=6 k=30 f=0
19 25 0 21 8 7 16 10 22 28 0 13 0 23 27 20 7 29 3 10 21 20 9 12 29 11 0 0 17 16 25 0 2 9 6 0 29 1 16 29 26 12 28 0 22 26 9 27 9 19
run=8 seed=7 k=30 f=0
27 11 29 19 5 6 22 23 0 8 5 0 1 28 25 0 28 27 20 6 14 23 17 14 22 15 12 12 7 3 21 20 4 21 6 20 29 24 13 28 7 10 29 0 8 17 0 27 16 29
run=9 seed=8 k=30 f=0
16 24 12 29 28 6 25 11 27 3 7 21 15 17 6 29 0 0 0 24 15 14 29 16 9 27 12 19 25 3 3 29 20 6 11 20 13 17 1 10 20 22 1 4 20 7 11 0 29 29
run=10 seed=9 k=30 f=0
25 14 29 7 20 23 12 28 2 29 4 16 21 14 7 8 29 0 16 2 0 29 1 15 24 6 29 0 2 19 12 14 3 27 13 18 20 19 5 14 0 28 19 29 11 19 0 17 19 9
run=11 seed=10 k=30 f=0
25 1 8 1 5 14 24 1 13 1 23 20 18 3 14 1 0 29 11 18 22 4 17 1 12 10 8 10 24 24 27 23 27 28 20 9 18 25 7 2 13 8 22 23 29 10 18 21 13 27
run=12 seed=11 k=30 f=0
23 15 29 0 3 23 3 1 29 8 20 29 16 11 13 29 1 8 13 18 27 4 10 25 5 5 17 7 29 0 25 9 1 21 22 29 0 15 16 10 28 7 16 28 21 19 0 15 11 18
run=13 seed=12 k=30 f=0
20 14 29 28 13 15 6 3 0 29 28 9 7 28 28 29 11 0 22 10 22 8 1 24 16 22 21 21 0 21 18 20 23 4 10 9 11 15 0 17 29 0 16 3 11 17 0 13 19 19
run=14 seed=13 k=30 f=0
0 11 28 0 4 13 22 5 4 11 16 19 0 24 29 0 27 28 8 3 17 29 19 26 10 4 7 11 19 0 29 15 6 29 17 0 20 21 7 10 0 11 0 15 5 11 19 22 2 28
run=15 seed=14 k=30 f=0
13 4 21 29 8 16 7 16 9 19 26 10 0 0 26 8 15 22 25 11 20 19 9 18 24 22 1 0 8 29 12 28 2 28 2 11 20 26 11 5 6 29 9 29 0 27 0 18 0 28
run=16 seed=15 k=30 f=0
23 9 27 0 26 14 24 12 15 29 13 20 16 14 8 16 29 7 29 24 17 20 3 21 8 22 29 2 10 18 2 1 10 29 0 3 8 5 19 23 14 24 8 1 13 18 12 23 29 21
run=17 seed=16 k=30 f=0
24 8 29 20 9 7 23 23 3 18 9 0 17 17 27 2 20 13 12 24 17 1 20 27 5 5 28 29 11 0 6 28 6 15 20 10 23 28 0 14 8 29 9 29 11 29 1 21 26 26
run=18 seed=17 k=30 f=0
25 13 29 7 3 21 11 21 23 17 1 15 29 6 12 20 0 0 12 25 26 13 3 5 12 28 28 10 19 22 1 7 16 0 16 27 29 3 18 21 24 11 19 20 17 10 0 27 29 9
run=19 seed=18 k=30 f=0
28 6 25 7 16 21 26 20 2 27 0 29 2 8 4 21 0 0 11 1 24 25 0 25 19 1 14 29 24 14 29 23 1 13 22 9 2 12 17 4 9 9 0 28 9 10 19 6 12 0
run=20 seed=19 k=30 f=0
8 0 28 0 7 14 5 18 2 29 7 8 25 6 19 18 16 20 13 28 25 26 5 26 0 0 29 1 2 21 9 5 2 10 27 1 26 15 14 21 29 0 18 15 14 13 10 28 18 20
