run=1 seed=0 k=35 f=0
8 27 2 34 2 19 31 2 12 31 2 25 32 4 13 23 10 1 2 32 31 17 12 9 25 30 12 14 22 19 19 0 17 33 24 2 8 21 16 2 29 2 26 14 34 5 13 0 30 22
run=2 seed=1 k=35 f=0
8 27 2 34 2 19 31 2 12 31 2 25 32 4 13 23 10 1 2 32 31 17 12 9 25 30 12 14 22 19 19 0 17 33 24 2 8 21 16 2 29 2 26 14 34 5 13 0 30 22
run=3 seed=2 k=35 f=0
25 4 33 10 1 23 34 7 20 2 2 29 19 18 12 14 5 3 5 29 22 14 9 25 0 31 17 6 31 23 34 21 9 22 1 30 0 9 33 27 12 7 29 6 18 10 21 29 24 10
run=4 seed=3 k=35 f=0
11 5 28 19 20 34 22 26 29 21 0 3 8 9 32 14 14 28 16 27 4 27 11 13 33 22 12 6 28 20 19 7 6 24 16 2 0 3 28 3 34 30 11 0 2 17 31 32 12 12
run=5 seed=4 k=35 f=0
21 3 34 27 28 2 23 18 13 30 19 19 24 29 18 1 2 9 6 1 2 11 17 4 23 3 34 22 31 10 15 23 14 13 24 19 28 22 3 7 33 34 29 15 0 21 10 32 32 0
run=6 seed=5 k=35 f=0
15 31 10 31 30 6 27 29 23 11 21 12 15 13 10 34 34 0 33 3 19 5 0 8 31 34 21 25 2 25 26 17 4 11 16 30 0 0 24 25 6 7 33 25 20 18 1 17 31 20
run=7 seed=6 k=35 f=0
21 5 31 25 30 10 22 0 22 28 0 33 30 33 17 8 0 1 5 24 11 10 0 7 16 26 16 0 12 10 1 10 27 29 1 0 16 8 3 4 30 23 20 2 23 26 9 18 19 20
run=8 seed=7 k=35 f=0
12 19 34 1 15 10 31 17 25 33 27 34 28 6 5 25 9 25 15 31 34 18 3 1 14 32 16 34 22 27 13 34 32 2 1 25 17 9 23 23 2 3 7 20 22 2 10 12 5 0
run=9 seed=8 k=35 f=0
4 24 8 4 6 18 1 16 1 32 1 12 26 28 33 34 6 25 20 12 20 33 17 32 0 22 34 22 20 33 0 32 0 12 11 22 4 20 26 10 15 11 17 7 28 30 13 6 24 3
run=10 seed=9 k=35 f=0
30 9 34 2 7 15 25 33 12 27 1 21 26 33 22 20 34 30 31 20 15 25 21 15 27 24 9 0 9 1 15 4 18 29 18 1 11 0 34 29 27 3 19 4 6 19 10 8 14 19
run=11 seed=10 k=35 f=0
20 5 33 0 15 16 5 16 12 24 32 8 23 33 4 34 25 33 16 3 23 24 11 6 23 27 22 0 3 18 6 2 22 18 0 15 10 2 27 22 18 16 30 18 2 11 0 27 5 32
run=12 seed=11 k=35 f=0
8 14 22 0 23 25 15 16 11 17 32 18 34 4 14 34 26 9 18 13 3 19 2 5 25 15 31 8 1 33 25 9 19 21 22 6 14 0 1 20 18 7 26 33 11 29 34 27 3 25
run=13 seed=12 k=35 f=0
25 34 14 18 23 28 14 18 29 17 1 9 34 4 33 32 32 0 15 30 12 13 29 14 23 27 34 24 15 0 23 5 3 3 0 25 10 9 22 12 17 0 34 18 5 7 4 14 34 34
run=14 seed=13 k=35 f=0
20 6 14 16 19 0 12 15 24 8 26 8 7 9 33 11 32 34 13 1 27 33 34 8 18 23 25 21 23 24 28 20 30 34 2 0 3 15 26 5 0 18 10 34 1 11 19 1 12 33
run=15 seed=14 k=35 f=0
8 17 28 0 13 23 28 11 16 26 34 34 30 15 33 34 16 16 29 22 5 24 0 3 33 8 7 9 6 8 17 8 28 0 22 6 23 4 17 25 31 4 15 1 20 22 34 17 15 18
run=16 seed=15 k=35 f=0
17 32 1 25 11 0 13 2 15 23 33 33 11 24 34 15 14 18 27 8 25 0 18 20 30 11 8 24 29 25 25 0 20 33 25 14 5 0 11 28 26 34 17 0 9 8 31 2 12 3
run=17 seed=16 k=35 f=0
34 26 12 11 9 33 3 13 6 13 4 0 19 31 23 12 16 18 6 0 32 29 21 29 15 25 27 22 31 5 34 8 0 2 14 0 28 23 34 29 25 3 9 9 33 9 21 31 16 33
run=18 seed=17 k=35 f=0
0 18 34 2 29 18 5 6 28 16 32 34 29 6 4 15 33 24 2 34 11 11 23 13 28 0 12 23 11 13 1 7 1 0 21 7 30 2 13 1 26 22 31 20 7 20 33 7 2 24
run=19 seed=18 k=35 f=0
3 10 25 33 1 18 30 12 6 33 1 11 3 34 12 0 27 24 26 4 29 30 15 20 28 6 2 25 9 34 14 13 15 12 26 2 19 17 28 19 4 29 7 13 4 19 21 34 17 11
run=20 seed=19 k=35 f=0
29 11 23 34 7 20 6 34 19 34 17 0 0 1 29 3 13 14 13 8 22 7 5 7 27 23 27 34 30 16 33 20 9 23 10 22 11 3 31 31 3 21 13 15 34 3 0 17 29 10
