run=1 seed=0 k=34 f=0
12 32 9 17 15 3 29 14 6 20 1 33 19 0 29 22 12 24 6 14 1 8 19 5 33 8 10 14 31 26 28 32 13 33 23 33 3 27 10 14 0 9 23 23 0 23 3 6 27 12
run=2 seed=1 k=34 f=0
12 32 9 17 15 3 29 14 6 20 1 33 19 0 29 22 12 24 6 14 1 8 19 5 33 8 10 14 31 26 28 32 13 33 23 33 3 27 10 14 0 9 23 23 0 23 3 6 27 12
run=3 seed=2 k=34 f=0
12 23 4 33 27 24 29 31 18 9 33 0 8 19 9 6 32 18 17 32 18 24 31 24 1 26 9 14 21 15 33 10 2 32 31 1 25 27 1 15 21 17 4 10 20 13 21 23 4 33
run=4 seed=3 k=34 f=0
18 29 14 32 25 19 8 32 15 23 21 4 23 31 16 18 13 13 23 1 5 5 4 6 17 22 25 1 29 22 0 6 26 10 8 31 26 30 0 14 22 11 18 11 33 9 1 32 12 12
run=5 seed=4 k=34 f=0
31 14 24 0 13 24 3 15 6 24 30 8 27 30 29 20 32 17 5 23 3 7 33 21 15 14 32 0 20 4 10 25 6 12 25 33 32 17 2 18 15 1 26 5 10 5 0 28 20 15
run=6 seed=5 k=34 f=0
19 7 15 25 0 8 28 3 25 31 6 33 24 13 18 25 0 18 18 32 32 31 24 1 19 28 0 1 31 0 2 23 6 33 11 4 17 13 10 15 32 11 23 4 33 6 23 15 15 14
run=7 seed=6 k=34 f=0
17 23 31 13 0 27 6 17 0 20 19 33 10 13 28 14 0 0 5 20 9 27 10 29 5 7 21 33 29 0 21 20 18 23 16 0 2 30 12 3 33 32 10 27 19 4 9 7 7 28
run=8 seed=7 k=34 f=0
17 29 19 33 11 17 6 7 0 19 17 1 29 31 0 1 22 11 28 4 28 8 0 3 23 6 23 20 11 10 18 8 32 30 14 11 14 28 24 24 33 8 25 16 32 3 2 10 30 32
run=9 seed=8 k=34 f=0
16 2 33 25 32 11 29 33 21 33 17 33 0 1 15 4 24 18 21 14 8 30 12 31 7 8 4 27 16 26 11 6 18 17 0 16 33 7 0 20 16 20 1 27 21 8 5 11 5 25
run=10 seed=9 k=34 f=0
13 21 1 1 19 27 7 6 17 9 19 21 28 12 1 23 1 12 10 1 11 30 11 15 21 3 33 33 15 33 12 20 32 15 29 32 7 27 28 26 33 0 21 27 27 25 22 3 3 1
run=11 seed=10 k=34 f=0
7 30 4 24 16 10 21 27 21 33 22 33 16 29 30 15 10 4 27 6 8 32 23 13 0 22 16 2 24 13 27 23 23 24 12 24 31 4 5 18 0 6 17 11 33 1 12 33 6 0
run=12 seed=11 k=34 f=0
17 30 21 31 21 7 19 9 31 19 2 15 32 27 5 9 27 24 31 2 31 30 0 21 33 5 0 19 5 14 14 6 7 0 18 0 32 5 22 18 16 1 24 18 9 19 28 28 17 9
run=13 seed=12 k=34 f=0
12 20 8 1 15 18 30 29 31 0 6 33 19 22 33 19 21 8 29 14 4 32 32 16 5 5 24 7 1 25 30 13 21 33 10 24 0 17 6 23 29 12 13 33 0 13 33 27 18 12
run=14 seed=13 k=34 f=0
20 12 0 25 11 16 22 21 21 10 0 33 26 22 29 18 29 0 6 33 3 19 19 32 13 12 9 10 17 7 9 21 6 1 5 21 26 31 32 6 8 0 30 0 28 1 0 28 10 32
run=15 seed=14 k=34 f=0
11 26 33 12 7 26 15 24 5 24 22 20 17 24 26 33 14 4 21 31 16 33 1 30 11 16 33 12 7 21 26 30 20 25 21 32 18 31 2 33 7 9 19 6 16 19 2 4 5 16
run=16 seed=15 k=34 f=0
19 0 30 0 30 9 18 24 11 24 15 15 1 26 20 1 25 24 30 13 11 6 21 3 33 14 33 9 10 6 19 3 6 22 4 32 30 1 15 31 33 10 33 1 11 28 14 28 25 3
run=17 seed=16 k=34 f=0
6 25 13 0 26 13 17 9 23 33 20 33 15 5 10 25 7 7 13 21 3 10 32 16 27 16 22 3 21 0 29 28 31 17 1 12 33 14 22 2 14 8 29 33 22 13 25 11 30 2
run=18 seed=17 k=34 f=0
3 19 5 17 31 31 22 25 33 0 9 25 5 6 14 4 31 0 14 21 8 20 14 22 0 0 10 33 20 24 33 1 12 18 22 17 27 13 8 13 23 14 2 28 31 11 8 24 27 28
run=19 seed=18 k=34 f=0
12 6 23 7 0 21 33 28 12 33 30 27 8 12 16 21 14 0 19 5 32 6 13 5 28 29 15 3 30 1 26 33 9 32 24 22 12 21 5 20 23 1 21 0 33 3 12 14 14 3
run=20 seed=19 k=34 f=0
28 12 26 0 27 32 14 21 26 20 33 17 33 26 0 27 30 26 7 14 9 22 17 20 2 19 8 4 23 33 19 19 18 19 33 12 10 8 33 25 6 0 11 9 8 7 2 12 10 30
