run=1 seed=0 k=31 f=0
10 0 25 8 19 22 11 3 17 11 29 16 23 6 30 0 29 29 4 21 11 1 15 21 28 0 1 18 9 8 12 19 5 9 10 1 24 4 3 17 8 30 28 16 3 26 20 28 8 29
run=2 seed=1 k=31 f=0
10 0 25 8 19 22 11 3 17 11 29 16 23 6 30 0 29 29 4 21 11 1 15 21 28 0 1 18 9 8 12 19 5 9 10 1 24 4 3 17 8 30 28 16 3 26 20 28 8 29
run=3 seed=2 k=31 f=0
28 0 22 29 26 6 17 11 22 2 9 21 30 30 16 0 23 12 23 17 6 16 5 17 0 20 0 21 9 12 20 6 12 12 2 10 27 12 17 12 30 10 30 5 30 19 28 29 0 19
run=4 seed=3 k=31 f=0
1 27 20 9 13 23 12 23 21 29 20 17 12 4 4 30 14 29 16 29 27 12 1 5 13 10 2 0 28 8 25 3 12 9 30 12 17 7 26 5 21 5 23 23 30 6 21 23 1 0
run=5 seed=4 k=31 f=0
25 1 23 17 30 30 4 25 8 0 14 0 2 25 14 30 0 9 20 11 20 27 14 27 19 8 24 0 29 30 25 10 0 22 19 28 15 23 2 26 25 9 6 0 5 18 8 10 5 17
run=6 seed=5 k=31 f=0
21 13 29 30 12 15 24 30 30 0 2 21 0 29 3 9 23 0 26 20 23 27 20 17 0 3 9 1 7 5 25 12 1 17 23 28 29 17 23 26 2 16 6 13 10 18 19 25 12 10
run=7 seed=6 k=31 f=0
1 7 30 21 30 8 4 22 2 12 10 0 27 14 14 10 30 30 17 23 2 30 13 17 7 20 14 27 19 2 6 14 27 18 9 1 0 27 24 3 4 20 12 30 22 11 30 3 1 20
run=8 seed=7 k=31 f=0
23 0 15 23 26 7 20 20 2 12 7 13 6 15 16 20 21 0 13 29 7 16 28 11 21 24 30 28 13 8 26 5 10 10 30 29 0 26 18 21 30 13 3 5 3 25 20 2 30 4
run=9 seed=8 k=31 f=0
28 6 22 30 30 6 26 10 27 1 2 21 22 24 18 13 14 0 17 6 7 18 11 8 18 30 12 4 30 1 9 7 10 21 13 9 29 17 1 17 21 0 11 13 30 18 20 27 30 30
run=10 seed=9 k=31 f=0
10 20 6 23 21 0 4 19 27 21 3 7 0 27 2 0 12 16 18 10 29 13 15 26 20 14 30 8 21 25 24 19 24 22 9 12 29 11 13 23 1 9 28 1 30 29 1 16 30 29
run=11 seed=10 k=31 f=0
22 8 30 14 6 1 26 26 26 0 17 30 0 0 30 1 18 21 6 28 23 25 13 26 8 30 7 13 6 2 26 0 4 28 9 10 19 14 11 22 27 13 18 21 22 15 29 21 6 19
run=12 seed=11 k=31 f=0
7 19 30 23 12 6 20 0 28 0 0 0 19 26 0 5 0 30 0 19 24 20 3 29 9 19 15 13 11 14 1 10 9 30 9 18 19 16 3 25 22 28 4 1 22 21 29 22 11 9
run=13 seed=12 k=31 f=0
19 29 1 16 2 30 19 29 13 29 9 24 10 21 11 0 30 0 3 12 21 28 10 17 30 30 9 15 4 19 20 23 18 30 5 21 9 1 17 19 5 29 10 2 25 16 10 23 18 0
run=14 seed=13 k=31 f=0
18 8 0 17 16 30 6 2 6 30 1 9 23 0 6 22 0 24 26 18 30 9 16 20 10 12 0 30 29 30 6 21 17 9 29 1 2 18 29 16 10 15 21 23 25 20 10 0 16 22
run=15 seed=14 k=31 f=0
8 24 17 22 26 6 15 6 18 4 3 12 30 1 0 14 25 0 15 23 10 13 0 20 14 20 29 4 0 29 18 6 21 22 6 21 30 28 0 12 15 6 30 29 9 11 12 28 22 30
run=16 seed=15 k=31 f=0
17 24 9 22 28 6 25 12 4 10 29 0 16 7 6 9 23 30 10 22 20 7 0 21 13 1 12 1 7 18 3 6 2 25 20 18 17 25 0 30 30 23 19 29 28 20 29 19 19 2
run=17 seed=16 k=31 f=0
11 17 30 21 17 6 27 7 0 18 21 30 20 24 3 0 17 12 26 8 29 3 10 28 17 30 0 30 26 1 29 1 16 16 22 0 24 25 7 25 28 13 23 3 22 2 10 10 10 29
run=18 seed=17 k=31 f=0
27 20 8 30 1 15 24 5 19 1 26 21 27 24 23 11 0 0 14 3 12 14 25 20 30 6 9 3 20 15 6 13 25 20 13 30 27 29 5 14 23 19 8 13 0 29 9 30 5 21
run=19 seed=18 k=31 f=0
11 27 5 23 29 7 20 24 13 0 9 1 0 6 16 5 26 30 22 30 4 20 21 13 0 29 15 30 18 13 9 15 30 13 20 26 20 29 1 0 6 26 1 19 30 30 17 22 28 8
run=20 seed=19 k=31 f=0
11 21 0 30 21 6 27 27 10 0 16 0 12 3 7 21 1 13 6 16 0 6 9 12 23 10 22 13 23 28 30 12 16 30 3 8 7 20 0 16 22 0 19 29 18 10 17 2 26 29
