run=1 seed=0 k=34 f=0
27 33 1 17 15 1 13 14 11 19 22 33 20 32 29 30 7 24 6 14 1 8 19 5 26 1 8 21 31 11 11 32 10 12 23 33 3 2 23 14
run=2 seed=1 k=34 f=0
27 33 1 17 15 1 13 14 11 19 22 33 20 32 29 30 7 24 6 14 1 8 19 5 26 1 8 21 31 11 11 32 10 12 23 33 3 2 23 14
run=3 seed=2 k=34 f=0
12 21 7 33 27 24 30 31 19 9 9 0 19 19 9 4 32 18 17 32 19 24 31 21 1 11 9 14 2 15 33 10 2 32 31 20 25 0 1 15
run=4 seed=3 k=34 f=0
18 29 14 31 25 18 0 32 10 18 6 3 23 31 16 15 18 12 11 1 5 32 4 19 10 7 24 6 3 22 0 33 26 32 2 3 25 30 10 14
run=5 seed=4 k=34 f=0
31 21 13 0 13 23 27 15 6 27 30 8 1 30 33 20 32 17 15 23 3 6 26 8 17 2 32 2 20 4 29 25 6 29 25 12 12 20 1 18
run=6 seed=5 k=34 f=0
19 2 14 25 21 3 28 3 25 31 6 9 24 6 0 32 0 18 4 32 32 17 32 1 19 28 33 1 14 7 2 23 6 24 11 7 16 13 10 15
run=7 seed=6 k=34 f=0
17 23 33 24 6 1 28 17 0 7 19 32 29 13 28 14 0 7 5 20 20 10 6 0 27 7 17 33 11 17 20 20 32 23 12 21 2 14 12 3
run=8 seed=7 k=34 f=0
17 0 19 31 18 18 6 7 10 19 17 1 29 16 3 5 22 12 28 3 28 25 28 31 23 6 24 20 1 10 20 8 32 30 23 9 13 28 0 24
run=9 seed=8 k=34 f=0
16 5 26 25 0 12 30 33 21 14 12 33 26 1 28 2 16 18 21 13 15 30 17 8 22 27 4 22 0 33 11 2 18 11 4 5 33 7 15 20
run=10 seed=9 k=34 f=0
5 14 1 1 3 27 4 6 22 6 32 21 28 17 29 0 1 12 10 1 11 16 19 15 32 10 33 9 19 9 12 20 23 21 33 19 30 13 12 26
run=11 seed=10 k=34 f=0
7 30 4 24 16 10 21 25 21 33 1 33 0 16 27 2 16 4 27 6 8 32 23 13 30 22 16 15 32 14 11 23 23 24 12 5 31 4 5 18
run=12 seed=11 k=34 f=0
17 30 20 32 21 7 19 9 12 19 2 14 28 11 4 9 31 24 7 2 31 30 3 19 33 5 0 20 21 10 14 12 7 0 18 3 33 31 21 18
run=13 seed=12 k=34 f=0
12 20 7 2 15 18 7 29 31 0 6 33 24 22 0 14 28 12 29 11 25 32 32 16 4 14 24 5 1 25 10 20 21 33 19 11 26 17 6 23
run=14 seed=13 k=34 f=0
20 26 33 25 22 7 22 3 14 7 4 33 26 22 32 17 29 0 6 12 13 11 19 32 1 12 14 33 17 7 9 11 24 1 5 21 26 27 32 6
run=15 seed=14 k=34 f=0
21 14 33 12 0 26 15 24 5 14 22 20 8 23 26 4 14 3 21 31 16 11 1 30 10 16 33 14 31 25 26 30 20 32 21 23 20 31 7 33
run=16 seed=15 k=34 f=0
19 12 30 0 3 9 18 16 11 31 29 15 28 26 20 1 23 24 12 17 11 6 3 16 8 9 33 9 10 20 7 3 26 22 4 18 32 1 15 31
run=17 seed=16 k=34 f=0
6 23 13 0 15 27 16 9 5 26 1 33 2 5 33 26 7 8 13 21 3 10 33 16 28 31 21 4 14 0 30 28 31 17 21 12 10 14 1 2
run=18 seed=17 k=34 f=0
3 21 33 17 31 32 28 25 9 1 9 25 5 6 14 4 31 1 14 21 20 1 13 16 27 19 10 32 12 2 33 1 12 18 27 17 26 24 8 13
run=19 seed=18 k=34 f=0
12 6 23 7 5 20 33 2 12 33 30 27 8 12 16 14 14 0 19 5 32 15 13 18 28 29 14 3 30 33 26 22 9 24 24 1 33 3 5 20
run=20 seed=19 k=34 f=0
7 19 26 2 27 33 21 21 6 20 33 18 4 26 4 3 30 27 7 14 10 22 13 20 2 19 9 29 23 33 19 5 18 11 33 12 23 28 33 25
