run=1 seed=0 k=30 f=0
13 1 8 9 3 23 14 26 9 1 2 17 20 26 23 16 0 29 22 16 11 27 27 9 2 20 0 0 7 20 29 12 12 27 29 27 7 22 1 22
run=2 seed=1 k=30 f=0
13 1 8 9 3 23 14 26 9 1 2 17 20 26 23 16 0 29 22 16 11 27 27 9 2 20 0 0 7 20 29 12 12 27 29 27 7 22 1 22
run=3 seed=2 k=30 f=0
0 19 10 28 29 15 6 27 17 27 22 9 18 23 17 9 14 0 27 0 2 2 29 5 13 1 21 17 6 3 3 29 22 0 11 6 23 1 13 17
run=4 seed=3 k=30 f=0
24 11 18 21 15 7 17 16 1 18 28 13 20 27 4 21 16 29 1 15 25 12 0 18 8 17 1 2 28 28 4 4 16 13 26 1 29 10 19 18
run=5 seed=4 k=30 f=0
1 22 29 19 2 6 22 13 13 24 14 27 8 14 13 12 22 0 21 29 20 0 17 9 3 28 12 20 0 10 18 29 4 29 19 9 4 4 23 12
run=6 seed=5 k=30 f=0
25 0 29 0 26 22 26 9 3 11 6 29 15 9 0 1 10 7 28 0 14 25 9 14 21 20 16 13 2 16 6 27 4 28 9 1 20 21 10 15
run=7 seed=6 k=30 f=0
9 0 22 29 8 7 16 3 22 28 5 13 9 23 29 0 0 22 28 4 21 20 5 12 29 11 0 28 17 15 25 27 2 9 6 11 16 12 4 29
run=8 seed=7 k=30 f=0
27 9 29 19 5 6 22 20 0 13 5 0 1 29 25 21 28 29 20 6 14 23 0 14 23 4 12 12 7 14 17 4 0 2 9 5 29 24 13 28
run=9 seed=8 k=30 f=0
16 24 13 29 24 6 26 11 27 3 7 21 16 17 5 14 0 0 15 0 15 28 29 22 10 27 12 22 25 3 3 12 20 6 11 15 28 16 1 10
run=10 seed=9 k=30 f=0
25 14 27 7 26 23 18 28 2 8 0 15 0 19 7 5 29 0 16 3 15 20 1 15 9 29 29 13 19 19 10 14 3 27 13 16 20 25 7 14
run=11 seed=10 k=30 f=0
25 16 8 1 28 14 23 1 8 1 23 20 18 3 14 1 0 29 11 18 4 4 25 1 12 9 8 9 12 0 27 23 27 28 20 15 15 25 4 2
run=12 seed=11 k=30 f=0
23 14 27 0 3 23 3 1 29 7 20 29 8 11 15 16 1 8 13 18 22 4 7 1 24 5 17 8 21 0 26 16 19 28 22 19 0 15 9 10
run=13 seed=12 k=30 f=0
20 8 26 28 13 15 5 3 18 24 28 9 7 14 28 0 17 0 17 2 22 8 0 4 29 22 21 26 0 17 18 29 23 17 10 7 10 4 2 17
run=14 seed=13 k=30 f=0
0 24 9 0 4 22 13 5 29 11 16 16 10 16 28 14 27 29 8 24 17 26 19 26 3 4 7 6 17 29 21 15 0 23 17 27 0 19 9 10
run=15 seed=14 k=30 f=0
13 2 21 22 13 6 19 11 9 27 27 0 0 0 26 18 2 29 25 11 0 19 9 18 24 22 14 9 23 29 12 28 28 29 2 11 3 19 11 5
run=16 seed=15 k=30 f=0
23 11 27 0 26 13 24 12 16 28 13 20 27 18 16 15 3 7 14 26 3 20 3 21 10 1 29 7 10 18 5 25 10 24 26 0 0 5 11 23
run=17 seed=16 k=30 f=0
24 13 27 22 9 0 9 23 3 18 26 6 2 21 0 2 9 15 11 29 17 14 18 14 8 5 29 17 18 0 28 28 25 29 20 4 11 28 19 14
run=18 seed=17 k=30 f=0
25 13 29 21 1 7 18 21 23 17 1 13 29 6 12 28 0 0 12 24 26 11 3 27 13 23 28 16 19 18 6 7 16 7 16 27 0 2 18 21
run=19 seed=18 k=30 f=0
28 17 25 7 16 20 26 18 2 27 16 29 2 8 4 13 10 0 11 1 24 25 2 29 18 1 14 5 24 10 17 23 1 22 22 9 29 12 11 4
run=20 seed=19 k=30 f=0
5 26 19 0 7 14 3 15 2 28 7 29 25 7 19 19 16 20 13 28 26 26 5 12 0 1 8 2 5 12 13 3 24 11 27 2 29 17 17 21
