run=1 seed=0 k=28 f=0
15 26 9 20 15 6 15 26 1 7 2 12 6 11 27 14 24 0 16 25 3 11 0 25 5 26 27 6 15 19 26 14 10 26 17 23 0 25 20 2
run=2 seed=1 k=28 f=0
15 26 9 20 15 6 15 26 1 7 2 12 6 11 27 14 24 0 16 25 3 11 0 25 5 26 27 6 15 19 26 14 10 26 17 23 0 25 20 2
run=3 seed=2 k=28 f=0
18 11 0 19 21 6 24 21 5 23 2 27 5 21 3 14 10 0 19 11 13 16 16 11 4 3 12 6 24 23 18 22 6 22 17 12 0 15 8 13
run=4 seed=3 k=28 f=0
18 25 0 8 0 21 5 26 1 25 14 0 1 23 18 26 20 27 9 15 11 25 12 25 5 15 15 5 8 19 18 27 20 18 26 5 11 10 2 24
run=5 seed=4 k=28 f=0
21 13 6 20 20 6 17 11 20 9 12 12 2 23 11 1 24 0 13 1 5 0 20 2 9 10 27 21 13 27 22 9 17 12 3 19 27 1 3 14
run=6 seed=5 k=28 f=0
15 0 22 20 18 6 15 1 9 15 25 12 10 23 6 13 25 27 15 10 26 13 12 1 17 8 0 21 16 5 22 12 4 0 19 5 27 27 6 25
run=7 seed=6 k=28 f=0
21 7 0 19 3 6 23 7 22 14 2 27 17 5 18 8 0 12 1 15 11 10 12 14 21 19 0 0 11 27 3 10 20 16 8 1 27 5 20 11
run=8 seed=7 k=28 f=0
5 11 3 19 1 6 22 9 4 23 19 0 27 6 13 4 17 27 0 24 20 11 24 0 12 13 12 27 1 17 13 2 10 13 22 11 21 16 9 16
run=9 seed=8 k=28 f=0
0 24 2 19 27 6 22 9 14 25 9 27 15 21 3 27 20 0 13 5 13 18 11 18 27 15 12 1 27 19 5 0 0 10 25 11 17 3 6 10
run=10 seed=9 k=28 f=0
23 2 17 7 23 20 24 12 26 20 8 27 26 1 1 27 18 0 10 15 8 24 7 4 22 10 14 0 9 27 12 25 11 12 5 11 19 7 8 8
run=11 seed=10 k=28 f=0
18 0 26 20 14 6 17 8 19 25 11 0 16 5 4 27 4 27 19 24 27 24 8 22 14 21 12 11 24 19 1 23 15 0 0 1 17 7 9 8
run=12 seed=11 k=28 f=0
15 0 13 20 23 7 3 0 2 11 12 0 10 3 13 15 5 13 11 27 7 26 25 21 10 15 27 7 23 5 26 14 19 27 8 27 0 21 8 20
run=13 seed=12 k=28 f=0
23 2 14 19 23 6 22 25 9 0 6 0 15 4 12 18 11 27 23 14 0 20 26 14 21 20 12 26 22 7 2 26 3 3 26 27 10 23 20 19
run=14 seed=13 k=28 f=0
6 13 27 7 12 21 10 15 17 27 26 15 8 15 23 24 25 0 20 2 2 5 1 3 22 4 27 14 1 8 19 13 2 0 9 13 8 6 26 12
run=15 seed=14 k=28 f=0
15 0 27 8 13 21 5 20 3 26 6 0 16 16 0 8 27 27 13 0 24 25 6 10 24 10 15 16 7 15 3 6 5 0 27 13 23 17 17 11
run=16 seed=15 k=28 f=0
17 26 9 8 4 21 5 16 23 14 19 0 4 2 26 1 1 27 8 27 13 0 0 24 16 25 15 27 20 21 25 21 6 18 4 22 11 7 5 7
run=17 seed=16 k=28 f=0
20 26 4 20 23 6 17 27 7 0 14 0 9 3 1 26 21 12 13 22 11 22 21 26 16 25 27 18 3 11 20 8 21 9 20 13 1 16 14 8
run=18 seed=17 k=28 f=0
21 1 23 20 7 6 17 27 21 15 14 12 18 0 26 17 16 0 2 7 18 25 9 20 26 17 27 9 24 16 8 0 8 0 0 7 25 5 6 1
run=19 seed=18 k=28 f=0
10 25 7 8 16 21 5 20 12 1 22 27 25 8 26 19 22 0 5 27 8 1 19 3 14 27 15 27 2 0 7 13 11 11 21 27 1 24 7 26
run=20 seed=19 k=28 f=0
17 4 27 20 3 7 3 9 0 20 1 0 21 22 21 0 6 27 27 8 15 12 18 14 2 15 13 26 14 11 4 27 2 11 25 6 18 10 2 3
