run=1 seed=0 k=32 f=0
7 25 9 18 17 31 14 12 0 13 26 10 25 10 3 31 6 0 20 2 27 8 0 13 22 26 25 3 19 31 9 26 6 23 13 23 15 24 9 26
run=2 seed=1 k=32 f=0
7 25 9 18 17 31 14 12 0 13 26 10 25 10 3 31 6 0 20 2 27 8 0 13 22 26 25 3 19 31 9 26 6 23 13 23 15 24 9 26
run=3 seed=2 k=32 f=0
26 20 4 12 5 25 0 13 9 22 1 3 1 5 29 9 30 19 31 26 18 20 25 27 16 31 31 29 7 11 13 18 22 18 1 12 1 29 25 13
run=4 seed=3 k=32 f=0
26 17 24 8 17 31 3 16 1 16 10 0 1 0 26 9 8 15 17 7 3 22 5 26 17 7 24 31 20 31 30 29 16 22 22 1 0 30 18 20
run=5 seed=4 k=32 f=0
29 19 11 31 31 8 19 12 4 25 0 23 26 12 11 1 22 14 9 21 5 15 0 23 5 22 2 26 0 24 14 29 24 16 27 11 9 18 3 14
run=6 seed=5 k=32 f=0
21 29 10 8 0 31 4 25 1 13 2 0 4 30 26 4 28 25 4 14 14 13 24 21 3 12 15 25 20 17 13 10 12 12 7 25 31 20 18 29
run=7 seed=6 k=32 f=0
29 7 24 19 12 6 22 14 10 18 15 0 5 21 2 29 0 12 23 0 31 30 12 30 6 10 28 20 11 31 23 18 24 11 30 5 4 26 24 15
run=8 seed=7 k=32 f=0
21 5 27 17 13 30 5 17 16 25 19 9 3 27 0 24 18 24 18 0 24 3 0 8 19 12 0 16 26 14 13 11 18 7 6 15 0 0 17 20
run=9 seed=8 k=32 f=0
24 31 0 31 5 18 9 21 25 1 23 12 4 7 31 22 30 3 1 23 17 14 9 30 14 30 24 9 23 19 17 16 12 31 13 14 1 11 25 26
run=10 seed=9 k=32 f=0
3 18 1 11 5 25 8 6 26 19 14 3 2 17 21 31 17 19 30 1 13 0 12 21 7 10 31 15 29 29 14 0 15 5 1 2 22 3 13 12
run=11 seed=10 k=32 f=0
15 24 6 31 30 9 3 2 11 3 7 0 10 13 8 13 0 15 23 28 20 24 30 21 2 5 24 27 24 17 29 27 15 4 28 17 21 31 9 24
run=12 seed=11 k=32 f=0
31 22 14 13 6 0 25 30 9 19 20 29 6 14 17 31 25 20 7 30 27 11 30 5 23 27 6 2 13 5 26 7 27 15 1 7 22 28 0 0
run=13 seed=12 k=32 f=0
16 1 18 0 6 23 3 25 1 24 26 29 5 21 24 23 27 8 15 28 30 0 28 18 6 8 17 31 14 11 28 13 31 15 28 16 6 15 20 7
run=14 seed=13 k=32 f=0
10 22 31 31 28 6 16 2 9 0 22 12 22 7 19 17 31 0 10 18 13 9 13 26 1 24 21 31 11 6 3 19 30 3 2 27 25 21 11 4
run=15 seed=14 k=32 f=0
27 4 11 20 1 6 23 8 23 10 18 12 0 14 26 0 4 31 9 4 16 29 26 6 31 6 0 20 27 19 16 22 24 9 16 25 27 1 3 19
run=16 seed=15 k=32 f=0
21 6 29 7 24 22 18 16 31 16 11 15 31 12 2 29 6 0 31 1 13 24 12 1 26 27 28 14 24 20 5 13 26 2 20 31 20 7 27 19
run=17 seed=16 k=32 f=0
19 29 11 18 24 31 4 31 2 29 13 0 15 15 4 0 13 9 29 1 15 2 20 6 30 5 25 8 26 4 4 22 10 26 28 4 15 20 3 28
run=18 seed=17 k=32 f=0
25 13 31 2 31 15 28 7 25 18 25 31 14 8 6 10 16 9 26 21 18 9 5 20 0 21 22 18 23 24 3 6 8 2 10 7 27 5 14 21
run=19 seed=18 k=32 f=0
22 30 19 31 22 16 5 8 4 15 2 1 1 2 10 15 10 10 13 31 4 23 7 11 24 30 22 31 30 0 20 2 31 4 20 3 25 28 11 22
run=20 seed=19 k=32 f=0
27 1 24 10 25 23 3 23 28 20 1 0 1 30 9 23 6 17 13 21 15 20 15 18 4 3 31 10 17 31 29 30 6 31 21 1 2 12 15 31
