run=1 seed=0 k=33 f=0
28 22 0 14 23 0 10 23 9 1 8 6 5 30 9 18 9 21 13 22 32 22 27 0 15 17 30 10 25 10 32 18 21 1 29 9 28 19 9 10
run=2 seed=1 k=33 f=0
28 22 0 14 23 0 10 23 9 1 8 6 5 30 9 18 9 21 13 22 32 22 27 0 15 17 30 10 25 10 32 18 21 1 29 9 28 19 9 10
run=3 seed=2 k=33 f=0
30 19 28 2 12 26 6 3 1 20 31 32 18 20 31 0 2 20 15 8 21 5 14 26 32 10 11 31 12 0 4 18 19 21 23 30 13 27 2 14
run=4 seed=3 k=33 f=0
32 1 18 2 3 25 5 7 4 18 26 32 21 16 23 20 15 10 13 27 13 18 31 12 5 29 19 2 3 10 32 28 25 32 16 28 8 26 1 30
run=5 seed=4 k=33 f=0
13 20 32 30 16 15 26 1 26 17 1 0 32 17 2 30 7 9 12 28 29 29 12 9 3 25 21 13 14 25 21 32 13 22 13 9 2 1 11 21
run=6 seed=5 k=33 f=0
22 32 5 7 5 32 22 0 9 16 3 26 20 24 19 32 22 0 27 11 26 19 15 11 0 8 15 4 2 25 9 0 22 24 27 28 17 24 28 24
run=7 seed=6 k=33 f=0
12 28 1 31 28 17 28 12 25 31 14 23 31 20 16 0 12 0 15 28 9 2 22 24 5 29 11 8 3 10 22 21 20 18 4 8 30 15 10 23
run=8 seed=7 k=33 f=0
29 18 11 9 23 26 21 31 6 13 29 1 4 9 32 12 13 32 14 0 2 5 0 2 19 25 16 21 25 25 31 1 21 2 12 25 27 27 10 1
run=9 seed=8 k=33 f=0
28 19 2 0 27 22 26 5 9 0 2 30 25 11 11 11 20 16 24 3 18 19 30 7 22 3 7 32 10 12 6 6 5 2 17 27 25 24 31 1
run=10 seed=9 k=33 f=0
16 23 1 22 17 9 28 13 14 23 1 31 31 1 7 8 12 15 26 10 27 8 31 18 24 15 3 29 25 13 4 5 3 0 23 1 20 31 12 32
run=11 seed=10 k=33 f=0
22 16 0 0 2 32 23 10 2 32 11 26 3 27 29 12 1 16 8 0 15 19 26 31 16 11 7 4 31 9 18 20 24 25 16 0 32 22 9 14
run=12 seed=11 k=33 f=0
11 29 16 0 14 16 4 13 29 7 2 10 8 26 5 10 10 22 28 12 24 10 0 25 5 2 31 18 25 23 29 23 19 27 22 27 0 18 7 28
run=13 seed=12 k=33 f=0
8 32 23 16 1 0 11 30 10 18 1 8 19 6 10 22 11 32 2 19 22 23 12 7 27 19 23 31 27 2 31 2 32 0 32 1 7 30 29 17
run=14 seed=13 k=33 f=0
30 17 9 1 16 26 5 5 28 5 25 20 25 30 32 1 32 10 11 2 25 10 32 5 13 21 32 18 11 22 15 6 6 32 8 21 11 13 24 19
run=15 seed=14 k=33 f=0
25 14 3 0 7 17 11 12 0 22 9 8 27 13 23 12 29 32 16 26 31 25 31 18 7 22 23 30 2 21 18 19 1 21 29 8 3 13 29 2
run=16 seed=15 k=33 f=0
17 0 13 0 15 13 28 27 13 25 22 31 11 10 4 4 5 7 20 28 23 29 32 18 4 27 22 12 23 21 26 16 19 29 0 8 22 4 10 2
run=17 seed=16 k=33 f=0
27 15 22 0 21 23 11 2 21 12 30 8 23 20 6 3 6 30 9 3 31 5 3 8 27 27 17 30 15 10 7 25 13 20 14 1 11 3 1 32
run=18 seed=17 k=33 f=0
13 7 32 16 25 7 13 24 8 30 4 0 2 1 14 10 30 23 30 12 2 32 0 31 25 14 32 18 11 17 27 19 25 27 19 15 2 23 8 21
run=19 seed=18 k=33 f=0
14 20 32 23 19 9 19 28 20 14 13 15 16 26 28 1 25 3 29 8 5 1 2 4 15 19 32 16 2 25 28 4 13 25 4 3 10 1 29 31
run=20 seed=19 k=33 f=0
3 17 31 32 1 6 18 12 2 21 1 22 6 30 13 0 19 13 22 0 26 29 4 6 13 1 0 8 29 24 16 2 6 31 27 32 20 12 11 21
