run=1 seed=0 k=29 f=0
1 9 23 7 17 21 11 24 18 28 17 15 13 2 28 10 1 28 15 20 7 5 14 3 9 17 0 1 20 2 2 16 12 18 12 9 25 5 8 14
run=2 seed=1 k=29 f=0
1 9 23 7 17 21 11 24 18 28 17 15 13 2 28 10 1 28 15 20 7 5 14 3 9 17 0 1 20 2 2 16 12 18 12 9 25 5 8 14
run=3 seed=2 k=29 f=0
13 2 16 7 10 21 12 13 12 27 4 15 7 19 24 27 1 28 23 28 18 13 25 28 12 0 0 3 22 7 18 24 8 19 6 11 9 1 15 4
run=4 seed=3 k=29 f=0
12 3 10 7 17 21 10 7 18 27 6 15 17 24 8 0 28 28 15 0 27 22 28 0 7 13 0 17 10 18 6 19 21 8 3 2 28 1 2 21
run=5 seed=4 k=29 f=0
10 3 26 8 4 22 11 26 28 0 22 28 20 22 13 8 22 1 0 12 23 7 10 14 0 1 16 0 11 19 1 3 23 16 6 19 26 18 12 25
run=6 seed=5 k=29 f=0
5 26 14 28 22 15 5 2 3 25 18 9 24 11 5 2 27 0 19 0 11 26 0 3 26 27 21 19 6 21 14 11 21 10 20 2 27 15 17 22
run=7 seed=6 k=29 f=0
28 7 0 20 24 7 3 25 24 9 9 0 2 0 2 8 5 13 14 28 13 22 20 17 7 26 27 28 21 13 18 12 12 18 7 19 0 1 24 23
run=8 seed=7 k=29 f=0
13 20 27 20 2 6 17 1 26 3 1 12 6 8 18 14 14 27 5 23 25 23 11 9 17 18 0 28 23 1 18 7 0 6 2 17 22 13 1 20
run=9 seed=8 k=29 f=0
7 19 3 9 7 22 5 2 11 23 16 0 24 6 18 26 21 16 26 13 27 7 27 11 0 27 28 0 0 10 7 5 14 18 22 5 11 1 22 1
run=10 seed=9 k=29 f=0
13 27 16 7 27 22 10 2 0 26 11 28 23 18 6 12 11 16 22 11 19 3 0 20 28 4 0 0 0 7 8 4 27 21 12 6 28 17 14 7
run=11 seed=10 k=29 f=0
17 7 28 19 4 6 22 8 22 28 6 0 15 23 18 0 17 12 8 15 27 13 19 26 9 13 27 10 0 2 26 1 2 26 7 6 16 12 7 9
run=12 seed=11 k=29 f=0
3 18 11 21 4 7 3 27 8 14 18 0 7 2 24 19 28 14 11 17 18 2 26 28 8 22 28 10 20 3 26 10 21 28 17 6 1 28 22 2
run=13 seed=12 k=29 f=0
12 26 16 8 13 22 4 21 12 19 18 0 4 5 25 8 21 16 15 27 0 2 7 4 21 12 28 25 14 0 22 1 21 0 6 11 18 1 24 10
run=14 seed=13 k=29 f=0
21 1 28 28 11 15 6 13 13 4 14 9 5 21 0 0 28 0 18 28 25 28 19 23 5 28 21 9 19 12 23 3 13 27 21 17 16 28 22 2
run=15 seed=14 k=29 f=0
17 6 13 20 13 6 15 23 21 4 22 12 12 8 22 8 2 28 2 18 4 11 23 9 28 23 0 27 27 1 22 18 5 18 28 18 0 12 12 14
run=16 seed=15 k=29 f=0
18 7 28 20 27 7 3 14 1 26 7 0 3 2 3 27 8 27 27 14 11 18 1 3 25 9 13 0 25 18 19 27 17 18 27 7 6 11 13 23
run=17 seed=16 k=29 f=0
18 9 2 7 23 22 10 14 1 18 22 15 6 1 14 19 24 0 16 8 6 10 14 3 19 9 28 28 0 25 28 2 26 0 26 6 7 28 17 7
run=18 seed=17 k=29 f=0
4 28 0 28 27 15 3 8 27 16 3 0 2 1 2 26 12 9 23 15 11 20 21 19 7 17 21 7 24 12 17 21 12 18 10 2 0 7 10 4
run=19 seed=18 k=29 f=0
5 24 17 28 3 15 3 10 28 2 14 0 0 8 27 22 4 21 27 19 13 1 1 3 27 14 9 14 23 9 28 28 19 0 20 18 8 11 20 2
run=20 seed=19 k=29 f=0
27 2 9 20 19 7 23 7 27 12 26 0 2 12 10 8 8 28 6 21 2 19 25 14 0 2 13 0 25 18 20 24 12 28 18 3 16 5 10 2
