run=1 seed=0 k=31 f=0
10 21 3 7 19 21 11 7 17 11 29 15 23 30 4 5 29 29 4 14 11 1 13 21 0 2 0 22 15 30 12 22 14 13 27 22 28 4 1 17
run=2 seed=1 k=31 f=0
10 21 3 7 19 21 11 7 17 11 29 15 23 30 4 5 29 29 4 14 11 1 13 21 0 2 0 22 15 30 12 22 14 13 27 22 28 4 1 17
run=3 seed=2 k=31 f=0
28 0 20 29 26 15 25 11 29 4 22 21 29 26 17 0 24 9 22 17 6 5 30 17 1 20 0 20 9 12 20 6 12 10 2 14 30 12 17 12
run=4 seed=3 k=31 f=0
12 27 20 0 13 15 4 23 28 4 20 21 2 4 4 30 12 9 23 18 27 12 1 16 28 10 30 1 28 8 20 1 12 22 19 25 14 12 27 5
run=5 seed=4 k=31 f=0
25 1 21 10 30 24 4 25 10 4 6 0 2 24 14 9 24 18 26 4 20 27 7 27 18 8 30 1 13 29 23 5 0 25 19 28 18 23 30 26
run=6 seed=5 k=31 f=0
21 13 28 30 12 16 27 30 30 8 9 22 13 10 2 13 23 0 26 17 23 27 19 17 25 29 9 23 7 4 25 0 15 0 7 28 29 17 20 26
run=7 seed=6 k=31 f=0
1 19 27 21 30 8 4 22 2 12 10 0 27 14 14 16 30 30 17 27 2 30 13 17 8 20 14 6 19 2 6 6 1 25 9 1 0 26 21 3
run=8 seed=7 k=31 f=0
23 12 30 23 26 7 20 20 8 2 28 13 8 14 0 20 29 0 4 29 7 16 2 11 23 24 30 28 17 17 26 5 2 1 30 28 12 17 18 21
run=9 seed=8 k=31 f=0
28 16 24 20 29 7 24 24 30 6 2 30 19 24 18 11 14 1 17 8 7 18 11 8 16 30 13 3 30 2 0 21 30 19 13 22 26 17 1 17
run=10 seed=9 k=31 f=0
10 29 6 23 24 0 4 19 22 2 3 7 0 27 2 0 12 16 22 10 10 13 15 26 3 21 30 16 27 23 24 19 24 28 9 16 8 11 2 23
run=11 seed=10 k=31 f=0
22 3 30 19 6 6 27 2 26 16 17 30 15 0 22 6 24 0 21 16 28 3 15 26 9 30 12 14 5 22 26 3 4 23 9 5 30 2 11 22
run=12 seed=11 k=31 f=0
7 19 30 23 1 6 10 19 0 6 9 0 2 26 26 5 0 30 0 19 9 20 3 20 9 1 15 13 11 14 26 16 22 29 9 15 21 16 3 25
run=13 seed=12 k=31 f=0
19 28 1 16 2 30 19 9 22 30 21 24 28 7 15 0 30 0 3 15 29 12 22 2 27 30 9 8 4 12 9 23 18 22 5 21 30 1 17 19
run=14 seed=13 k=31 f=0
18 24 0 11 16 24 7 30 18 25 1 30 16 25 28 21 0 18 11 5 3 19 17 24 11 12 1 30 25 30 6 14 17 7 2 1 0 4 29 16
run=15 seed=14 k=31 f=0
8 24 16 20 26 6 15 6 18 4 15 12 29 1 14 14 12 0 15 25 1 28 0 20 12 26 29 4 19 29 4 4 21 23 6 16 30 29 12 12
run=16 seed=15 k=31 f=0
10 19 27 13 18 0 25 12 2 9 9 21 29 7 6 30 23 30 10 27 29 25 1 21 13 25 6 4 14 8 3 10 2 22 10 18 15 16 0 30
run=17 seed=16 k=31 f=0
11 17 30 20 17 6 15 7 0 18 25 12 3 24 2 5 17 29 26 8 29 3 8 0 18 30 0 30 25 1 21 1 16 21 7 2 13 25 7 25
run=18 seed=17 k=31 f=0
29 20 10 30 1 7 27 12 19 5 4 22 27 25 23 11 0 0 14 3 29 17 29 20 14 12 13 0 20 0 17 15 25 20 2 24 27 29 5 14
run=19 seed=18 k=31 f=0
11 29 5 23 29 7 20 24 13 7 2 0 28 5 16 30 3 30 13 18 4 28 24 7 29 29 15 22 18 15 9 30 9 13 20 26 1 29 17 0
run=20 seed=19 k=31 f=0
30 21 0 29 28 6 26 27 10 1 20 12 9 3 7 21 4 0 11 16 14 6 10 30 23 10 21 13 23 28 30 12 16 29 2 10 7 20 1 16
