run=1 seed=0 k=120 f=0
103 46 57 27 113 55 106 12 97 61 30 116 50 19 65 28 112 66 87 16 100 56 87 69 83 50 35 43 67 87 29 38 34 38 29 19 29 2 91 82 4 93 21 93 104 97 38 84 35 26 53 97 92 20 116 33 62 0 76 1 105 93 44 87 48 65 46 112 116 17 75 15 83 108 14 82 74 44 3 94 7 48 111 97 67 24 3 78 74 79 12 60 116 48 19 82 106 69 54 102 75 41 119 58 107 6 23 23 117 40
run=2 seed=1 k=120 f=0
103 46 57 27 113 55 106 12 97 61 30 116 50 19 65 28 112 66 87 16 100 56 87 69 83 50 35 43 67 87 29 38 34 38 29 19 29 2 91 82 4 93 21 93 104 97 38 84 35 26 53 97 92 20 116 33 62 0 76 1 105 93 44 87 48 65 46 112 116 17 75 15 83 108 14 82 74 44 3 94 7 48 111 97 67 24 3 78 74 79 12 60 116 48 19 82 106 69 54 102 75 41 119 58 107 6 23 23 117 40
run=3 seed=2 k=120 f=0
90 79 68 95 21 18 24 49 25 27 22 10 64 65 77 17 71 93 87 50 2 92 89 35 7 31 118 8 96 60 22 66 22 42 41 36 52 57 33 117 77 59 68 26 100 30 56 114 90 115 44 15 46 6 0 86 29 43 100 115 54 42 63 84 76 96 37 33 39 70 24 103 99 109 9 16 7 103 82 84 47 113 49 104 119 95 63 51 77 39 13 112 2 80 56 89 1 0 1 75 78 71 111 18 8 59 108 77 6 57
run=4 seed=3 k=120 f=0
41 75 48 0 105 100 23 50 1 102 56 91 12 42 82 81 22 55 13 15 62 102 47 18 73 47 9 17 28 109 94 94 73 119 86 1 78 38 68 109 78 71 1 7 21 23 81 112 105 82 119 109 60 117 93 17 37 5 44 64 37 112 48 74 7 82 13 2 5 72 67 52 118 98 10 99 42 91 35 36 53 26 26 104 79 53 97 60 4 33 117 26 26 28 38 85 69 70 36 66 66 18 112 29 113 58 73 64 41 2
run=5 seed=4 k=120 f=0
57 89 34 110 112 117 73 43 20 65 104 114 109 44 43 35 22 64 81 29 77 24 9 39 27 118 48 82 0 100 112 50 64 56 19 99 34 4 23 25 18 119 96 42 43 51 22 58 72 0 87 29 31 102 28 87 6 95 0 6 54 108 51 15 33 71 39 59 67 6 41 44 9 10 78 42 13 118 20 86 93 59 107 112 10 76 106 69 16 51 0 84 20 75 88 71 57 63 105 79 69 19 7 84 52 102 6 34 25 98
run=6 seed=5 k=120 f=0
115 68 82 16 116 96 80 9 57 61 66 75 24 78 10 20 72 119 105 22 38 118 39 93 78 58 103 73 92 7 65 87 1 28 39 1 15 111 92 45 53 77 53 105 35 63 22 2 117 22 36 15 105 13 41 33 25 83 107 109 82 53 76 87 73 70 69 93 97 28 10 24 47 32 96 62 118 43 1 119 57 45 14 103 52 106 31 69 53 0 52 84 59 6 119 17 114 39 101 59 69 99 10 90 33 89 36 44 61 43
run=7 seed=6 k=120 f=0
21 115 112 65 68 100 57 3 40 58 95 17 67 53 82 56 0 12 14 35 82 47 1 119 29 118 49 110 77 15 30 90 11 84 50 101 36 74 119 3 5 104 34 42 40 116 99 19 9 42 95 112 24 27 94 53 38 93 71 108 92 8 78 50 41 114 39 76 61 26 57 66 32 107 108 77 89 78 8 90 2 113 67 25 20 56 72 39 26 88 47 109 26 117 99 65 104 79 13 29 82 87 18 52 51 99 1 31 109 65
run=8 seed=7 k=120 f=0
117 55 69 31 5 3 26 97 49 60 27 1 91 30 25 119 57 27 59 88 20 83 108 104 109 4 1 72 97 95 74 39 34 34 33 95 99 58 73 16 23 100 8 44 98 45 60 37 119 37 40 41 66 16 77 13 92 7 0 64 74 13 23 98 118 67 66 25 9 82 45 53 103 70 113 81 106 119 56 51 28 70 84 86 47 111 21 60 11 14 81 15 11 80 44 65 90 84 3 116 47 40 106 29 107 0 103 93 18 46
run=9 seed=8 k=120 f=0
46 56 17 29 114 13 25 108 94 33 53 39 42 47 101 12 60 118 42 77 45 118 57 49 115 102 40 68 30 3 92 89 20 67 15 3 73 91 97 10 20 96 76 97 23 1 103 111 29 88 85 6 79 82 20 59 50 34 35 83 71 94 49 41 117 23 37 106 18 14 34 54 110 59 7 6 43 75 114 64 71 107 70 49 62 90 16 104 116 26 81 25 117 3 59 0 119 96 17 1 29 65 68 47 10 112 70 35 58 35
run=10 seed=9 k=120 f=0
54 116 85 7 24 53 20 47 29 92 16 58 58 49 37 95 0 60 46 0 58 76 91 45 13 74 57 23 109 109 40 67 68 34 72 22 29 115 96 44 68 91 79 38 34 0 16 84 49 31 15 94 106 106 4 22 61 96 45 42 85 63 18 18 87 1 118 117 28 95 41 75 66 113 92 35 102 85 118 31 17 5 117 107 103 9 8 119 67 118 78 70 117 103 82 24 81 38 52 69 119 5 24 16 37 109 2 61 74 99
run=11 seed=10 k=120 f=0
64 4 38 5 5 63 35 116 107 107 49 53 48 105 104 108 0 118 71 87 75 64 115 61 48 70 112 78 88 21 50 23 87 28 20 28 45 54 9 32 43 32 17 83 117 109 54 72 61 87 98 9 23 85 91 99 97 96 13 58 100 10 17 7 77 38 44 83 119 50 108 0 77 72 35 67 14 92 58 14 51 41 114 66 0 118 44 33 61 57 25 41 67 37 100 97 75 117 52 31 62 70 30 11 111 15 78 88 72 16
run=12 seed=11 k=120 f=0
26 14 65 5 3 32 1 7 89 88 119 99 68 14 48 78 0 18 20 24 3 86 56 61 95 34 34 98 70 106 85 46 19 37 52 41 76 87 16 40 76 111 77 118 38 110 48 45 117 25 55 91 93 92 98 54 119 56 103 30 54 58 77 47 70 1 54 2 38 70 65 6 107 12 9 31 95 45 76 80 68 11 21 115 94 117 73 94 40 111 87 59 35 14 106 29 42 47 12 104 103 68 103 82 48 63 113 65 25 61
run=13 seed=12 k=120 f=0
14 74 74 88 43 15 100 32 97 24 58 53 102 23 88 34 49 8 113 100 107 8 60 34 78 0 45 111 69 25 104 50 23 100 10 114 61 39 92 47 9 30 109 95 102 77 29 24 21 41 116 59 98 57 22 46 1 116 42 18 63 119 61 89 117 105 109 40 118 0 15 35 30 68 118 66 0 110 13 16 95 86 69 52 22 7 81 62 14 33 54 80 40 96 89 1 38 90 41 53 77 1 84 107 69 72 45 87 98 16
run=14 seed=13 k=120 f=0
90 101 39 31 4 64 32 35 111 18 65 19 22 54 119 43 117 88 54 114 92 73 49 60 119 23 45 6 65 105 72 108 70 72 77 26 40 109 54 100 112 101 19 14 35 11 49 24 92 12 18 41 48 87 98 3 12 52 35 96 34 14 13 53 13 90 75 61 82 9 42 72 110 33 78 26 103 80 50 37 20 61 50 61 9 110 69 95 86 5 0 0 84 30 110 119 85 3 50 32 116 84 101 57 27 59 94 42 67 31
run=15 seed=14 k=120 f=0
43 92 111 48 73 68 47 0 39 106 15 64 0 30 110 49 116 34 25 101 80 109 99 78 100 58 40 15 83 3 52 118 58 63 32 43 3 79 33 102 66 59 99 58 90 87 3 52 78 86 11 57 10 43 15 110 82 50 88 8 51 58 118 46 53 31 107 117 70 93 72 112 25 72 106 107 18 101 6 68 2 95 103 7 30 21 0 113 69 95 94 112 31 77 33 24 108 96 13 91 12 19 19 37 41 118 16 4 32 73
run=16 seed=15 k=120 f=0
53 26 117 118 1 0 34 72 103 88 43 37 104 44 61 105 29 67 71 73 97 80 93 21 42 0 88 81 94 1 12 114 41 109 60 58 67 99 11 13 55 51 24 31 90 78 59 112 19 9 27 103 119 82 56 45 12 24 6 64 72 119 30 16 30 82 74 79 16 60 45 104 86 113 79 94 63 36 86 81 39 28 52 90 34 91 106 70 9 38 6 65 74 28 21 119 111 95 81 10 99 6 74 52 112 98 22 17 47 100
run=17 seed=16 k=120 f=0
60 93 57 106 99 52 103 4 63 48 34 65 119 111 10 106 91 99 21 118 47 24 78 14 38 1 28 112 11 60 22 57 25 37 51 112 101 28 19 3 68 88 109 45 72 89 37 21 26 83 38 53 73 7 87 75 64 17 67 16 51 87 104 118 45 116 61 99 16 91 62 77 41 44 16 78 5 78 102 86 32 113 96 10 0 56 105 5 43 31 70 96 36 117 28 54 102 119 91 65 42 32 79 10 77 95 69 83 45 48
run=18 seed=17 k=120 f=0
25 15 8 58 79 2 25 111 9 47 1 45 59 11 102 75 48 117 66 63 26 50 93 68 31 30 88 70 79 98 61 98 16 33 12 93 35 14 78 2 0 35 67 26 45 96 50 104 75 84 30 55 8 115 92 40 49 84 110 0 64 60 97 77 55 69 45 82 82 115 103 10 23 50 0 88 82 43 73 111 7 18 47 6 119 30 39 20 7 20 75 47 39 110 20 86 40 57 82 55 27 118 95 111 12 90 97 19 10 70
run=19 seed=18 k=120 f=0
118 6 18 7 76 78 21 33 92 109 106 61 2 15 82 23 10 82 101 3 84 65 11 117 97 31 31 102 54 40 3 116 54 92 44 99 10 12 83 94 64 69 27 3 39 42 26 49 72 0 92 36 47 61 48 110 7 67 93 15 108 70 106 100 21 39 110 6 51 75 37 52 117 17 55 19 118 98 14 70 0 31 99 113 42 27 89 49 94 67 110 74 63 25 85 58 80 82 68 59 89 32 103 24 118 38 79 65 104 112
run=20 seed=19 k=120 f=0
89 56 88 82 7 119 106 105 92 4 97 40 117 6 45 85 48 41 103 28 47 116 95 42 119 89 98 18 65 71 30 23 54 12 117 17 99 93 47 111 109 16 30 60 68 73 37 52 80 34 119 98 11 61 53 66 94 23 68 76 25 93 111 76 114 1 118 13 106 50 5 51 66 35 107 41 100 18 5 64 36 78 75 85 88 1 98 9 16 115 84 38 27 61 109 22 77 117 34 25 47 30 17 0 58 68 51 38 26 58
