run=1 seed=0 k=112 f=0
107 102 9 19 1 30 10 21 57 45 58 74 111 72 81 108 59 71 100 72 83 0 64 93 27 23 110 26 99 4 89 42 39 83 45 57 4 56 76 56 81 6 111 1 48 65 62 100 107 50 40 54 0 76 37 65 56 18 31 17 66 8 71 103 102 89 110 81 17 49 11 99 30 32 94 23 74 26 107 70 63 92 14 45 98 48 80 61 69 15 102 4 12 63 91 91 52 90 46 45 11 36 8 42 40 89 49 6 101 35
run=2 seed=1 k=112 f=0
107 102 9 19 1 30 10 21 57 45 58 74 111 72 81 108 59 71 100 72 83 0 64 93 27 23 110 26 99 4 89 42 39 83 45 57 4 56 76 56 81 6 111 1 48 65 62 100 107 50 40 54 0 76 37 65 56 18 31 17 66 8 71 103 102 89 110 81 17 49 11 99 30 32 94 23 74 26 107 70 63 92 14 45 98 48 80 61 69 15 102 4 12 63 91 91 52 90 46 45 11 36 8 42 40 89 49 6 101 35
run=3 seed=2 k=112 f=0
52 94 68 4 21 2 48 77 108 107 0 100 61 21 86 105 48 16 81 74 50 28 9 43 56 25 68 70 5 22 93 37 111 50 31 12 65 84 106 13 29 87 99 90 68 38 84 50 18 3 12 72 107 54 64 21 110 75 60 45 67 89 15 73 57 32 98 32 15 78 42 82 77 93 57 66 10 53 32 12 1 97 65 9 103 2 87 108 61 35 25 91 40 18 99 25 41 54 9 110 44 0 62 32 83 99 108 93 97 81
run=4 seed=3 k=112 f=0
74 33 56 56 76 28 97 73 1 96 37 4 1 53 36 25 101 79 65 53 67 104 62 7 80 71 48 89 33 30 110 46 83 40 24 90 67 94 106 11 62 111 56 111 40 20 73 9 82 24 39 21 37 101 0 65 35 29 29 16 45 71 47 31 49 18 110 2 77 15 111 39 15 95 7 83 98 75 99 52 56 18 74 19 0 60 62 105 87 48 45 10 106 61 110 86 1 108 44 85 10 100 18 53 62 111 9 35 85 92
run=5 seed=4 k=112 f=0
77 3 34 78 27 81 105 11 32 10 96 82 67 91 27 84 85 58 41 69 37 28 48 18 37 94 29 34 32 52 0 99 56 19 111 90 107 110 64 15 72 51 98 93 54 91 82 57 101 111 63 13 27 68 40 48 78 0 87 110 42 46 75 5 89 23 63 16 61 6 79 23 62 48 69 32 13 111 5 102 21 11 99 32 107 8 12 95 23 104 39 55 84 2 96 46 9 35 1 69 2 70 46 53 22 97 54 2 37 17
run=6 seed=5 k=112 f=0
43 60 7 72 93 96 105 57 65 75 101 107 16 62 90 100 10 110 53 58 110 14 2 85 3 92 23 105 100 63 82 28 79 89 103 89 84 42 34 0 53 21 0 57 34 96 29 31 17 101 13 5 30 42 29 82 73 70 91 45 3 81 76 63 9 49 40 69 7 44 50 32 80 111 73 34 107 102 49 39 85 63 1 16 40 26 39 4 94 23 50 80 63 94 16 70 34 55 13 14 2 23 1 65 25 8 84 17 94 45
run=7 seed=6 k=112 f=0
86 111 25 83 92 101 102 35 60 33 63 43 90 41 57 104 65 81 39 104 95 18 12 14 77 19 108 20 5 35 29 66 104 48 69 83 25 23 83 97 93 56 94 2 1 80 107 46 89 37 22 23 0 20 70 77 3 50 81 28 98 56 28 58 55 18 15 44 47 100 28 106 51 69 108 87 65 60 7 26 11 29 8 15 36 40 74 75 75 8 0 75 82 69 86 2 57 59 53 85 50 4 79 12 21 75 89 87 51 101
run=8 seed=7 k=112 f=0
65 79 59 15 29 88 17 81 32 105 19 71 83 75 18 21 3 78 81 80 87 67 56 56 77 111 84 32 1 46 99 11 9 24 0 95 57 108 65 100 8 93 44 39 58 23 52 61 51 85 109 65 42 108 9 52 61 76 27 7 104 111 41 93 94 19 26 49 54 75 56 13 10 1 69 73 74 95 6 25 100 35 100 0 44 109 19 34 55 30 41 102 67 38 68 33 58 31 83 27 47 88 90 63 110 48 7 5 66 14
run=9 seed=8 k=112 f=0
56 34 96 109 55 15 82 69 62 66 29 40 22 13 39 78 46 70 97 6 99 46 73 28 72 94 101 1 55 19 23 0 91 60 71 67 17 30 49 72 91 36 108 49 16 33 39 44 102 28 67 70 55 106 99 55 12 106 69 105 111 86 105 12 89 87 61 60 55 38 81 95 0 4 37 49 35 79 17 8 63 90 78 4 83 65 19 56 44 86 49 41 58 27 35 22 2 88 17 4 22 6 111 76 106 83 26 29 10 62
run=10 seed=9 k=112 f=0
51 2 101 23 73 13 12 54 26 14 0 83 59 1 85 111 97 90 94 24 67 103 91 80 57 111 45 40 106 93 19 10 31 47 62 90 66 35 8 92 33 17 60 25 36 19 33 99 104 71 63 22 7 42 105 87 53 77 80 18 33 77 106 1 18 73 94 101 47 103 79 35 16 1 41 106 110 53 94 70 86 29 5 27 57 101 50 7 65 65 110 88 16 109 26 111 73 57 84 53 0 44 88 25 39 5 82 45 14 55
run=11 seed=10 k=112 f=0
111 56 54 21 98 30 19 23 75 19 71 85 40 61 88 31 0 73 58 18 64 23 59 69 12 29 4 76 24 85 77 86 15 4 28 5 45 47 100 8 16 7 92 67 2 55 16 14 12 39 106 0 111 37 57 84 67 66 108 90 48 49 97 20 62 108 36 107 97 31 99 28 77 80 84 80 22 49 57 110 75 51 62 107 0 1 66 94 101 104 99 41 51 69 41 78 37 96 76 0 14 61 97 22 31 34 6 37 56 45
run=12 seed=11 k=112 f=0
15 108 106 77 11 39 57 9 86 67 104 31 42 55 33 41 60 100 50 34 91 72 53 59 11 51 20 2 71 5 26 60 75 111 57 55 7 77 64 98 36 111 57 51 31 24 96 29 71 22 47 109 80 100 18 106 29 85 25 86 11 0 45 85 49 66 14 77 14 91 66 46 95 0 33 39 92 69 68 27 80 3 15 27 53 51 1 102 24 43 107 1 91 25 106 96 12 104 100 6 71 63 87 39 80 60 81 97 110 111
run=13 seed=12 k=112 f=0
32 2 69 74 107 100 37 24 65 56 90 97 67 73 43 72 11 18 79 44 63 85 56 98 20 102 63 84 106 45 1 26 20 31 88 14 39 79 73 2 93 52 51 109 60 73 53 56 48 111 84 18 78 18 1 91 8 12 33 9 57 44 21 62 57 39 100 29 103 8 71 111 22 28 93 66 26 34 10 58 39 94 82 42 78 90 35 111 86 84 105 16 78 102 89 99 30 65 9 13 0 81 20 87 109 96 29 7 18 40
run=14 seed=13 k=112 f=0
87 105 103 79 12 21 0 39 73 31 54 39 7 80 51 43 54 0 0 2 61 89 1 36 52 90 53 102 107 89 70 8 75 70 37 27 47 29 7 68 25 20 80 62 83 19 89 111 5 111 10 39 99 57 107 51 86 32 74 17 83 70 37 10 63 87 75 37 111 17 35 10 14 82 43 67 77 1 36 65 32 101 2 18 83 94 66 101 19 21 110 92 24 107 98 101 45 59 10 37 76 94 61 75 45 41 45 10 67 32
run=15 seed=14 k=112 f=0
43 106 55 74 97 95 87 104 87 31 55 11 16 1 111 65 71 103 72 64 96 45 11 38 58 36 110 100 71 99 80 0 0 23 64 73 107 39 33 22 66 21 111 84 50 71 19 62 101 17 19 25 110 30 63 18 52 95 74 16 83 26 6 78 48 71 63 90 35 85 52 2 64 83 2 43 43 5 89 91 81 108 110 12 9 31 92 47 45 44 63 0 55 69 107 69 31 47 101 11 7 38 51 29 41 75 36 25 59 10
run=16 seed=15 k=112 f=0
101 54 93 39 18 46 2 109 79 20 25 30 32 108 109 1 75 83 36 49 62 42 53 17 27 111 30 81 19 106 0 77 2 29 4 19 65 7 65 9 7 86 52 109 66 38 24 64 89 45 81 39 99 45 40 101 56 48 70 48 68 82 14 63 14 2 58 105 105 53 1 0 11 25 23 13 31 87 94 9 98 28 86 97 6 72 36 62 105 15 94 78 63 92 13 87 95 80 25 72 108 110 66 59 40 58 75 23 2 52
run=17 seed=16 k=112 f=0
76 5 14 12 51 71 81 111 63 48 45 57 64 31 100 75 61 45 2 16 99 50 21 0 62 109 96 40 0 86 19 64 15 9 76 106 26 100 83 92 39 7 30 51 96 9 21 45 32 12 105 17 85 111 0 35 102 83 35 43 40 111 11 92 93 105 61 10 80 33 67 17 97 108 24 42 5 46 109 23 25 89 24 18 0 35 76 69 35 36 53 75 4 85 28 54 81 1 91 80 18 71 7 48 61 0 69 85 61 100
run=18 seed=17 k=112 f=0
16 72 19 51 15 50 33 20 105 71 25 93 99 104 110 90 16 93 111 7 16 108 37 20 33 101 110 94 16 90 83 49 4 75 24 7 9 1 43 24 25 71 62 70 101 69 46 63 1 52 39 79 77 42 36 98 55 60 79 24 38 43 73 45 103 29 53 14 35 99 22 80 64 33 111 106 42 11 57 68 63 1 15 13 95 43 86 1 89 7 76 51 87 3 60 84 60 45 7 79 85 104 47 28 67 47 9 91 66 69
run=19 seed=18 k=112 f=0
38 94 95 39 85 56 2 25 68 29 56 109 74 84 26 15 1 90 61 86 36 23 20 59 56 54 75 109 30 91 17 69 95 76 19 4 101 42 91 56 25 29 33 83 39 2 18 76 88 100 4 60 37 50 104 13 7 67 77 85 68 65 90 11 5 47 38 103 45 17 60 48 45 32 27 92 110 106 97 1 0 106 1 50 12 14 80 49 14 110 86 66 47 17 3 18 96 11 28 27 98 75 63 20 107 7 80 105 66 73
run=20 seed=19 k=112 f=0
30 105 72 26 87 107 41 84 28 62 1 0 103 78 57 5 6 60 38 92 49 70 71 92 14 16 2 1 65 14 43 27 87 75 53 62 18 0 15 96 57 111 31 36 57 109 109 50 87 111 33 107 48 64 90 98 78 79 12 100 79 111 15 103 25 70 98 77 59 48 22 8 97 26 69 33 84 39 80 64 18 102 59 9 38 7 39 73 88 83 46 54 35 45 91 109 94 72 74 6 10 54 106 31 66 39 51 38 62 24
