run=1 seed=0 k=96 f=0
80 47 74 74 6 31 10 54 9 10 90 41 50 92 31 71 49 65 52 9 16 63 4 44 84 27 14 67 24 27 42 35 10 14 31 89 16 72 37 95 69 95 5 23 12 73 62 18 8 18 81 70 94 65 86 80 14 2 52 1 34 94 92 40 21 1 41 62 1 64 57 30 69 37 77 46 94 94 75 82 80 24 60 95 41 22 0 55 50 11 62 81 74 22 45 29 33 61 30 53 40 52 3 83 60 45 17 48 3 59
run=2 seed=1 k=96 f=0
80 47 74 74 6 31 10 54 9 10 90 41 50 92 31 71 49 65 52 9 16 63 4 44 84 27 14 67 24 27 42 35 10 14 31 89 16 72 37 95 69 95 5 23 12 73 62 18 8 18 81 70 94 65 86 80 14 2 52 1 34 94 92 40 21 1 41 62 1 64 57 30 69 37 77 46 94 94 75 82 80 24 60 95 41 22 0 55 50 11 62 81 74 22 45 29 33 61 30 53 40 52 3 83 60 45 17 48 3 59
run=3 seed=2 k=96 f=0
90 28 90 47 43 84 0 0 9 75 48 0 95 64 27 9 85 72 63 26 60 43 89 59 95 3 26 37 93 89 45 18 4 16 86 88 9 33 57 67 54 53 93 39 50 84 49 18 23 65 38 85 94 76 46 62 12 51 92 83 49 38 53 25 76 95 61 2 81 77 79 29 14 34 56 67 74 69 4 82 0 37 1 7 72 18 35 1 29 11 43 65 71 20 69 40 80 42 73 55 28 55 19 74 13 58 13 29 17 30
run=4 seed=3 k=96 f=0
76 95 24 30 81 27 90 94 1 92 57 35 51 43 3 9 21 0 70 34 67 54 76 58 49 67 77 41 52 1 95 42 12 47 6 19 17 63 82 84 36 92 88 79 93 26 36 16 2 10 23 37 90 21 14 41 61 62 25 74 43 85 31 55 70 85 61 2 77 47 74 8 60 44 82 52 71 85 85 36 31 0 94 24 48 71 29 15 25 38 93 2 23 28 62 39 62 78 12 7 47 66 6 51 16 56 73 51 69 75
run=5 seed=4 k=96 f=0
37 13 34 83 74 24 52 91 68 26 32 20 58 68 43 78 16 9 9 53 70 92 0 31 84 95 64 85 0 5 84 60 95 80 94 50 12 54 71 74 12 0 30 95 43 49 22 32 6 57 93 29 71 35 39 15 54 25 9 30 27 1 1 88 61 45 40 95 42 50 65 57 81 82 0 66 61 76 77 88 25 16 83 19 86 67 43 41 64 77 2 1 20 48 16 46 56 89 81 0 86 67 28 35 23 63 6 53 21 48
run=6 seed=5 k=96 f=0
17 61 42 12 44 95 38 13 33 32 67 31 51 85 32 73 26 33 32 14 38 5 15 21 3 51 79 58 21 61 4 19 76 73 87 24 6 40 61 93 54 62 5 57 83 82 93 79 18 0 93 63 39 12 18 50 25 24 85 12 79 41 44 65 82 3 88 21 29 46 45 48 95 13 86 50 70 70 1 92 55 95 12 55 76 42 10 3 10 76 64 23 5 78 95 92 43 57 77 87 2 87 14 71 43 0 74 20 29 60
run=7 seed=6 k=96 f=0
16 52 77 17 71 53 31 95 10 41 50 44 67 13 31 20 56 8 87 59 71 80 85 28 77 89 48 95 53 70 71 39 57 15 36 5 35 26 35 50 33 24 59 39 45 92 58 44 11 68 6 40 0 51 72 86 0 2 3 56 37 32 82 81 65 18 63 91 13 39 95 24 28 81 47 77 94 88 85 77 95 64 34 1 31 10 19 60 75 31 21 77 44 69 6 43 84 61 85 63 8 84 23 76 19 75 25 60 94 40
run=8 seed=7 k=96 f=0
95 8 59 23 85 24 26 17 48 35 13 53 65 94 40 90 2 95 50 0 55 29 15 71 12 75 87 48 1 14 21 81 30 5 37 72 3 72 89 59 78 45 30 1 36 84 84 10 92 59 61 65 44 23 85 56 69 74 74 77 82 21 93 39 36 65 42 1 65 95 50 28 35 23 11 58 88 46 33 54 15 5 36 64 92 91 26 33 55 67 9 44 0 85 58 79 9 66 6 79 95 41 30 18 24 18 7 1 6 52
run=9 seed=8 k=96 f=0
88 64 66 29 87 86 94 80 57 33 95 25 5 74 51 4 21 28 33 52 82 44 9 95 51 12 87 0 23 51 52 74 42 17 24 16 47 46 25 58 44 0 66 52 23 79 7 76 95 70 14 54 59 10 0 11 51 13 29 39 33 60 25 38 34 32 2 14 19 38 6 66 86 33 79 42 19 60 67 81 93 59 64 54 38 67 49 73 44 89 25 73 90 95 83 88 63 0 17 95 67 9 32 41 10 74 18 93 6 3
run=10 seed=9 k=96 f=0
26 67 5 55 50 34 44 0 74 54 81 73 56 80 85 57 92 20 94 33 87 29 43 21 39 70 84 78 64 44 23 0 16 11 81 94 0 85 71 66 37 62 95 74 80 94 24 3 26 53 93 16 83 10 57 25 36 49 70 18 7 48 18 29 18 45 94 28 15 71 76 11 16 32 0 90 54 0 95 37 44 23 87 41 6 7 36 63 33 47 73 26 95 95 2 63 4 60 4 15 73 87 57 44 55 37 50 64 12 12
run=11 seed=10 k=96 f=0
38 20 38 33 66 41 43 71 11 18 26 50 0 45 24 14 0 19 2 0 7 89 43 81 34 53 92 91 22 54 81 80 15 12 57 75 77 26 37 56 65 32 95 8 45 87 16 78 25 44 74 0 94 91 58 0 9 31 95 25 60 95 65 78 89 50 68 7 59 45 31 0 83 43 69 47 91 20 41 73 52 23 18 3 69 95 8 10 85 88 63 81 86 83 76 47 5 16 28 69 38 67 29 36 16 8 50 32 0 13
run=12 seed=11 k=96 f=0
56 86 89 28 76 0 73 74 41 19 95 80 8 92 17 92 0 53 30 28 52 14 85 58 63 62 5 45 55 37 10 23 91 88 4 65 12 45 65 64 71 35 28 70 3 2 48 93 32 24 80 6 15 68 6 13 95 39 8 54 73 34 27 80 36 50 28 72 62 46 39 26 7 84 95 56 24 21 18 67 44 83 79 17 75 49 47 94 88 35 76 0 27 85 12 57 42 90 36 60 15 43 28 55 44 33 17 58 12 85
run=13 seed=12 k=96 f=0
80 53 35 25 91 24 5 58 1 24 64 95 74 78 36 40 29 69 47 26 95 70 10 33 54 47 59 0 94 77 15 61 95 51 58 27 70 82 20 7 8 87 41 95 81 85 53 72 0 20 68 62 38 34 14 46 0 18 79 89 84 10 13 60 89 87 84 1 4 14 7 31 65 44 92 66 63 50 37 5 22 12 54 32 46 26 75 89 38 3 56 73 64 64 18 0 42 57 74 7 75 46 86 12 10 89 45 36 2 55
run=14 seed=13 k=96 f=0
42 2 21 79 28 71 94 28 41 83 57 84 95 50 83 91 0 82 81 26 11 78 1 31 29 95 18 30 2 1 11 21 74 35 93 49 92 59 6 0 70 52 47 95 1 65 51 24 25 8 42 64 54 71 13 52 38 49 84 63 33 54 61 27 86 33 27 16 34 10 89 20 62 9 69 2 45 89 73 45 45 62 2 75 93 21 17 58 43 38 37 65 60 71 41 21 84 73 74 86 12 11 29 41 45 55 13 90 65 76
run=15 seed=14 k=96 f=0
91 50 67 90 26 66 23 57 87 26 16 37 47 26 68 12 22 8 73 5 79 61 27 10 5 62 64 52 59 74 48 89 35 35 80 24 63 26 0 10 82 22 72 59 65 86 3 77 55 78 35 3 13 57 17 44 95 25 40 31 3 56 22 51 9 7 52 43 30 28 42 76 69 0 89 11 20 53 54 20 2 48 30 83 71 95 31 42 93 38 79 64 7 84 91 95 17 46 37 91 36 16 71 95 88 42 42 52 3 0
run=16 seed=15 k=96 f=0
73 54 93 71 78 83 82 48 44 16 52 82 59 44 34 33 10 67 5 16 88 45 21 95 64 51 12 83 88 84 64 24 16 95 31 68 55 74 59 9 54 72 0 55 83 68 68 1 44 36 33 55 95 54 42 24 86 0 80 0 3 75 54 17 88 34 0 40 63 4 79 36 24 28 87 46 63 21 29 9 13 95 91 31 0 88 61 46 72 27 78 9 50 28 55 22 79 16 13 8 39 92 19 74 40 64 22 71 60 0
run=17 seed=16 k=96 f=0
24 95 38 61 67 95 55 2 6 47 26 8 47 35 10 73 41 21 8 94 45 23 69 6 92 3 28 38 92 37 18 15 1 29 42 0 80 49 56 55 67 51 38 55 62 41 47 45 48 79 45 1 26 79 8 62 0 64 37 83 34 42 80 72 76 71 13 1 59 20 54 16 68 73 92 20 0 79 81 87 31 89 26 86 70 32 14 52 67 62 19 18 58 69 52 64 76 89 43 17 56 29 55 59 10 88 21 35 95 85
run=18 seed=17 k=96 f=0
36 22 54 35 67 50 31 38 33 93 24 48 80 73 61 72 24 60 87 39 55 91 69 0 80 33 92 45 26 26 50 63 31 10 52 37 6 72 80 88 19 95 19 78 53 67 26 2 0 95 6 79 72 43 0 64 20 54 16 0 8 13 73 85 91 93 69 34 0 66 78 75 64 43 45 10 11 49 73 11 31 79 23 28 85 95 54 74 0 13 21 66 39 62 44 49 60 82 48 31 5 28 40 16 6 15 37 16 56 80
run=19 seed=18 k=96 f=0
81 27 59 13 4 78 8 40 68 93 34 42 0 72 16 50 95 41 78 21 13 67 59 40 24 0 91 8 14 64 35 0 95 3 23 5 52 70 10 23 57 46 61 20 95 11 2 1 81 48 20 60 22 69 52 95 87 61 94 37 35 15 58 30 89 33 23 5 75 0 87 1 59 34 75 37 46 26 6 57 59 29 86 17 85 75 12 49 46 65 86 47 48 59 85 79 5 90 92 11 13 75 44 69 59 38 79 16 32 86
run=20 seed=19 k=96 f=0
89 56 43 10 7 87 1 72 3 29 0 62 0 67 52 40 25 90 31 28 47 3 95 18 93 16 2 62 12 64 49 23 82 12 47 87 3 1 47 17 29 36 30 25 69 94 13 30 32 43 79 59 68 16 67 17 56 45 92 49 95 13 63 51 95 53 82 61 10 34 74 72 9 58 60 74 95 73 54 39 83 64 75 21 70 25 0 88 40 82 67 61 13 38 1 85 95 51 10 61 95 25 39 79 16 9 51 38 46 6
