run=1 seed=0 k=117 f=0
37 61 63 4 73 32 64 3 105 21 41 93 104 76 77 40 84 36 60 0 98 8 42 42 116 44 80 94 10 33 113 89 54 48 5 30 10 70 22 62 105 34 59 92 68 31 5 65 56 76 92 2 67 17 10 112 50 84 58 17 114 54 23 26 92 17 44 102 76 114 90 70 0 97 103 95 74 23 25 14 106 116 51 81 14 3 14 67 35 53 114 33 68 78 1 109 0 107 84 101 27 45 29 24 69 48 20 8 60 19
run=2 seed=1 k=117 f=0
37 61 63 4 73 32 64 3 105 21 41 93 104 76 77 40 84 36 60 0 98 8 42 42 116 44 80 94 10 33 113 89 54 48 5 30 10 70 22 62 105 34 59 92 68 31 5 65 56 76 92 2 67 17 10 112 50 84 58 17 114 54 23 26 92 17 44 102 76 114 90 70 0 97 103 95 74 23 25 14 106 116 51 81 14 3 14 67 35 53 114 33 68 78 1 109 0 107 84 101 27 45 29 24 69 48 20 8 60 19
run=3 seed=2 k=117 f=0
109 107 71 26 23 39 113 96 85 39 105 113 27 31 116 35 116 105 93 23 98 5 44 53 73 56 61 81 15 87 3 86 88 26 82 53 48 78 57 63 10 0 51 14 1 95 78 47 102 46 44 69 37 60 90 110 104 7 65 22 94 11 25 0 16 66 2 98 14 5 62 0 29 41 9 30 27 77 41 68 49 74 103 35 80 17 18 110 95 83 104 72 75 57 116 113 73 76 31 59 112 84 22 67 90 32 54 14 98 97
run=4 seed=3 k=117 f=0
86 112 9 42 6 91 57 60 30 22 31 0 81 37 25 54 41 94 114 92 43 24 4 8 89 3 56 34 46 85 115 13 102 45 44 76 73 101 76 94 106 107 34 112 28 43 39 79 34 86 1 22 70 60 71 1 24 53 115 106 99 69 64 26 24 50 103 14 82 66 64 113 48 17 109 69 61 114 20 93 100 35 8 54 73 68 18 76 1 60 1 108 59 79 39 15 94 25 30 21 87 60 21 10 5 13 70 99 33 79
run=5 seed=4 k=117 f=0
7 23 10 53 12 103 42 40 113 74 53 52 69 77 42 33 25 86 24 67 95 57 33 63 108 9 72 28 90 90 18 17 14 96 70 12 35 11 28 87 48 6 21 35 99 78 74 58 116 100 115 107 91 55 1 82 115 104 112 84 70 1 90 48 107 47 60 11 38 102 31 66 44 22 110 86 70 3 25 83 76 46 13 116 103 94 80 38 82 63 116 74 53 44 61 61 0 4 72 92 107 96 105 60 84 57 27 20 24 41
run=6 seed=5 k=117 f=0
106 11 48 81 5 54 72 97 33 79 60 98 67 9 18 26 101 79 40 44 37 88 72 48 17 92 105 61 77 93 86 1 34 14 21 107 90 72 79 42 34 102 62 2 97 27 9 91 64 34 19 99 18 91 30 43 55 11 14 75 72 44 99 108 4 24 55 56 74 6 24 69 116 2 5 83 16 58 94 25 116 65 62 86 28 111 44 72 6 57 77 116 45 9 35 49 116 79 62 98 31 0 47 53 106 97 39 5 27 69
run=7 seed=6 k=117 f=0
18 60 115 113 95 92 64 105 73 38 30 28 30 9 41 114 37 111 21 39 72 14 79 45 107 68 33 51 41 6 103 48 67 42 45 35 104 63 12 83 74 6 97 105 56 36 36 25 18 92 17 88 46 108 73 50 14 95 22 97 101 77 87 30 2 15 54 1 103 66 84 69 76 56 57 54 68 99 61 75 31 89 37 20 80 110 10 89 18 4 11 51 21 116 66 116 59 112 76 0 63 43 26 0 88 1 81 58 53 82
run=8 seed=7 k=117 f=0
90 111 32 103 74 87 59 3 78 43 77 65 31 111 82 24 81 56 53 18 71 88 36 23 7 91 5 54 78 113 50 46 48 116 33 58 9 27 52 115 70 1 67 98 32 107 114 67 0 40 85 95 116 66 44 38 103 75 108 107 74 83 98 2 13 58 0 58 97 41 19 22 99 38 107 88 6 94 64 14 11 80 24 35 32 67 11 55 28 24 3 102 59 70 97 84 12 86 42 109 116 49 35 30 41 99 42 114 63 63
run=9 seed=8 k=117 f=0
116 54 23 94 39 116 11 98 45 108 94 32 112 56 87 35 63 71 72 80 63 85 48 75 64 35 20 98 25 108 11 12 35 42 83 109 40 61 85 14 99 105 30 37 44 105 61 85 84 16 37 84 25 22 81 16 59 52 39 24 3 103 31 53 51 72 43 94 48 28 91 90 100 3 116 33 55 56 1 13 96 116 97 21 18 25 46 44 53 103 63 105 78 50 14 12 71 58 104 2 0 8 1 73 70 69 89 62 1 79
run=10 seed=9 k=117 f=0
32 0 88 85 2 47 73 61 101 2 16 25 9 49 82 56 62 109 89 67 93 44 40 75 83 3 55 114 63 16 100 6 26 11 55 16 107 0 115 67 90 35 94 103 39 49 18 66 41 54 42 16 116 46 84 30 104 18 84 111 33 64 25 69 105 19 95 96 113 2 102 57 74 1 26 78 75 34 28 115 70 21 3 20 58 102 88 66 3 44 60 37 91 13 73 78 21 9 46 59 11 91 81 97 4 97 35 79 107 12
run=11 seed=10 k=117 f=0
22 111 11 2 20 44 108 58 104 5 74 18 72 63 38 71 15 79 58 57 101 33 7 85 26 101 97 64 103 66 85 24 114 28 113 9 108 13 83 89 50 14 37 52 0 80 58 82 0 51 11 82 92 5 88 115 48 4 1 44 72 79 36 67 107 26 3 88 84 111 59 57 83 62 114 64 17 56 29 10 93 40 72 96 116 29 42 18 49 32 47 7 82 13 97 46 39 35 19 98 29 116 74 26 20 99 90 63 27 5
run=12 seed=11 k=117 f=0
86 4 33 44 37 116 83 88 33 10 25 110 29 104 62 18 2 58 64 99 33 55 1 53 104 107 89 47 4 76 41 94 74 0 83 100 102 24 79 35 114 10 70 52 114 4 18 71 10 75 25 112 31 29 44 6 0 22 65 27 48 44 0 84 52 16 51 84 85 13 38 60 23 82 116 43 38 0 2 116 77 105 100 96 116 92 91 64 10 99 108 109 17 94 1 14 56 41 36 62 55 72 79 66 45 114 77 83 109 19
run=13 seed=12 k=117 f=0
44 41 59 46 82 6 80 0 102 102 25 110 79 111 66 76 107 55 68 40 10 106 72 1 114 10 107 2 11 71 22 59 101 18 90 53 37 80 58 59 53 31 112 49 91 5 11 90 100 83 86 71 74 47 103 71 6 23 92 21 92 4 49 69 11 36 18 49 83 23 62 67 27 92 1 115 20 14 2 58 98 20 112 36 67 31 116 38 2 44 116 98 49 13 37 49 63 46 98 29 107 80 96 17 77 87 105 63 60 34
run=14 seed=13 k=117 f=0
67 20 99 115 88 115 32 107 19 116 5 46 4 81 53 49 86 22 38 49 57 107 43 107 43 55 89 15 113 55 48 1 75 47 54 36 1 98 15 29 1 32 9 51 113 60 76 66 74 116 26 92 16 74 82 58 99 38 40 96 93 9 51 39 37 93 66 33 79 81 0 81 63 19 107 110 40 68 18 27 66 10 2 67 93 97 28 11 101 4 116 24 63 108 86 114 72 104 44 30 21 55 95 7 72 92 2 36 37 34
run=15 seed=14 k=117 f=0
31 59 103 81 78 42 12 60 21 109 45 35 75 93 21 74 98 114 49 5 83 19 114 15 22 31 60 80 32 0 67 11 97 36 5 68 54 83 1 44 51 56 51 22 33 63 63 3 9 90 110 0 79 107 94 101 68 110 115 41 43 115 58 64 23 76 79 4 98 90 25 100 0 27 17 41 91 102 33 56 0 26 12 7 64 85 108 35 21 39 7 89 66 65 96 72 12 21 100 32 93 87 2 116 104 13 43 67 25 58
run=16 seed=15 k=117 f=0
101 82 111 3 52 19 31 75 111 92 67 109 84 23 40 71 44 51 62 49 1 23 54 69 4 67 110 75 70 21 2 43 25 102 82 64 69 82 8 47 79 75 113 98 36 60 22 103 101 76 39 103 86 93 12 1 3 3 31 103 116 51 30 37 28 88 89 114 102 86 6 23 33 116 25 24 48 53 116 33 10 110 8 92 86 93 16 100 45 59 12 59 104 31 87 44 12 9 12 75 17 40 93 54 18 110 64 41 60 107
run=17 seed=16 k=117 f=0
17 67 96 22 33 26 64 116 51 33 57 50 110 84 54 43 0 66 15 111 77 116 84 2 20 34 58 97 54 72 40 61 40 44 83 4 58 1 85 5 108 28 55 35 102 102 46 102 26 73 96 108 61 52 81 69 104 74 101 90 18 74 62 10 97 17 28 113 37 114 107 82 41 93 115 116 5 45 90 31 95 3 88 29 18 23 98 82 97 90 66 7 15 0 58 71 17 112 4 59 72 12 7 87 47 47 75 9 39 49
run=18 seed=17 k=117 f=0
106 84 53 8 40 30 116 80 62 38 89 12 86 27 24 113 46 10 77 60 38 0 51 32 19 107 67 76 70 53 36 55 111 39 99 62 83 109 96 33 3 71 49 2 101 61 87 50 91 69 78 1 80 48 61 88 109 96 98 51 31 7 25 94 15 114 15 85 19 97 101 115 54 74 116 28 68 15 46 64 91 8 101 23 115 7 4 107 103 86 42 7 0 59 31 67 113 21 45 16 61 72 56 39 29 66 76 76 88 19
run=19 seed=18 k=117 f=0
11 77 91 64 3 107 102 2 115 108 27 16 89 113 0 18 28 64 98 61 39 116 14 103 30 19 52 62 33 4 95 69 98 75 116 24 26 21 35 79 12 78 87 29 63 36 8 0 100 110 41 21 89 55 114 12 25 46 96 52 51 94 49 37 45 96 87 71 0 94 95 1 41 113 0 107 46 83 87 13 47 11 24 57 52 21 10 31 2 104 55 15 70 41 10 105 68 73 59 68 39 85 58 62 70 32 73 37 110 82
run=20 seed=19 k=117 f=0
47 66 52 25 103 26 62 79 2 74 52 112 28 57 76 32 115 64 1 103 83 12 68 9 85 82 110 11 38 92 76 109 87 6 9 50 3 71 59 36 85 116 49 102 95 97 7 115 61 9 69 26 71 42 87 35 80 68 74 105 0 7 41 23 18 53 103 67 19 101 103 90 33 15 55 28 75 62 35 19 60 90 96 38 4 43 91 51 112 97 116 113 60 57 50 93 20 25 43 16 20 79 3 43 25 103 33 11 34 29
