run=1 seed=0 k=86 f=0
60 5 11 50 73 65 26 29 3 37 44 12 26 0 72 38 7 59 61 35 26 70 16 69 0 16 58 6 15 81 70 47 0 37 23 19 42 85 73 33 25 66 11 49 24 66 4 17 74 27 9 6 85 3 0 43 32 51 9 65 50 56 26 72 5 56 57 75 57 16 79 25 36 19 43 41 76 43 0 55 85 16 35 22 76 85 65 32 66 33 11 64 39 17 9 53 39 58 82 26 52 82 79 0 84 79 36 81 1 53
run=2 seed=1 k=86 f=0
60 5 11 50 73 65 26 29 3 37 44 12 26 0 72 38 7 59 61 35 26 70 16 69 0 16 58 6 15 81 70 47 0 37 23 19 42 85 73 33 25 66 11 49 24 66 4 17 74 27 9 6 85 3 0 43 32 51 9 65 50 56 26 72 5 56 57 75 57 16 79 25 36 19 43 41 76 43 0 55 85 16 35 22 76 85 65 32 66 33 11 64 39 17 9 53 39 58 82 26 52 82 79 0 84 79 36 81 1 53
run=3 seed=2 k=86 f=0
31 21 62 23 39 56 18 0 19 66 25 67 55 2 65 14 19 40 30 80 66 49 29 78 82 64 15 1 53 41 32 85 7 13 82 80 59 78 52 48 58 44 23 4 57 26 22 44 35 27 84 63 85 62 69 28 52 81 34 26 7 72 1 50 64 72 47 35 56 4 58 40 44 71 0 21 15 30 4 0 0 73 83 33 16 18 73 50 36 10 36 44 44 16 45 85 69 14 81 35 9 0 43 53 71 75 72 10 66 78
run=4 seed=3 k=86 f=0
19 13 55 26 78 22 18 55 51 51 60 50 15 30 50 48 0 83 41 8 73 29 63 0 5 9 52 43 48 76 21 65 71 29 2 3 11 72 66 1 5 36 3 47 14 31 7 12 18 26 14 76 44 58 60 39 12 79 52 83 35 56 31 16 12 0 2 73 0 60 67 62 59 57 52 70 67 44 43 64 22 84 58 45 17 24 77 85 62 38 38 37 4 28 35 79 70 70 40 32 31 40 80 85 26 85 42 73 37 62
run=5 seed=4 k=86 f=0
50 26 83 10 29 37 85 0 84 85 29 63 36 43 76 20 59 8 71 58 66 45 42 85 11 69 39 1 69 0 5 35 22 84 0 56 41 55 22 29 64 24 42 71 58 82 30 60 21 48 27 28 30 42 64 77 80 68 76 81 39 31 9 25 11 20 19 48 85 48 15 16 85 5 78 63 11 17 1 63 5 53 29 33 17 46 0 72 76 36 56 49 14 70 39 71 83 74 3 48 13 3 52 10 39 10 58 50 58 16
run=6 seed=5 k=86 f=0
10 35 32 41 59 39 16 15 11 54 20 19 14 54 32 85 61 45 21 33 14 44 1 79 33 16 8 19 0 56 26 28 85 8 72 59 37 76 26 78 47 0 85 0 9 5 53 25 43 52 85 73 31 37 56 48 11 60 58 1 77 75 54 36 0 60 85 63 74 0 25 28 9 23 70 45 16 29 7 4 51 66 79 64 83 52 0 70 60 80 43 41 74 83 45 50 75 66 29 70 80 49 39 85 68 66 44 1 21 6
run=7 seed=6 k=86 f=0
55 66 13 20 59 52 6 28 2 27 19 48 21 36 70 73 7 35 30 60 3 54 63 66 2 63 52 15 22 32 0 11 47 44 67 80 65 70 64 84 71 77 4 28 83 76 68 79 56 72 84 51 85 38 84 10 0 28 32 20 0 34 72 21 37 61 73 62 85 77 28 40 14 6 50 53 40 0 70 12 47 23 23 58 42 59 41 43 64 78 37 77 79 75 53 12 59 22 25 0 16 8 15 33 50 0 42 36 7 27
run=8 seed=7 k=86 f=0
85 31 7 14 27 43 82 19 2 77 0 79 29 30 64 21 34 12 14 64 53 11 85 61 28 69 51 13 70 70 4 83 38 37 39 66 70 1 60 49 23 32 54 72 36 57 56 25 26 59 78 21 85 0 64 10 68 18 24 73 18 44 37 24 70 79 1 9 72 5 75 33 50 0 43 56 34 43 15 21 61 46 66 84 39 76 0 34 45 79 8 46 46 60 85 8 63 40 9 17 77 4 14 10 80 24 75 53 85 53
run=9 seed=8 k=86 f=0
39 15 38 30 25 59 68 27 2 63 48 21 65 23 51 0 17 76 85 71 25 76 27 48 70 85 39 83 42 57 33 66 77 64 69 45 68 44 37 58 65 53 13 4 19 44 9 34 78 9 85 0 0 45 33 74 3 27 85 11 70 27 17 24 55 10 59 57 40 12 57 5 29 12 49 20 81 72 1 8 33 12 49 2 60 35 38 22 34 67 0 20 42 47 38 80 7 52 25 17 60 85 74 62 10 16 78 85 0 56
run=10 seed=9 k=86 f=0
33 11 36 76 53 66 75 57 22 25 40 48 85 20 39 1 34 69 20 14 22 70 11 0 66 7 84 46 33 66 61 37 5 21 0 32 12 76 6 70 10 45 30 5 29 78 9 0 56 25 27 44 16 68 12 41 27 26 83 53 76 41 36 59 85 50 24 81 53 20 42 85 65 61 50 77 27 44 30 72 60 9 13 0 3 17 85 35 1 79 51 48 30 3 12 64 52 39 60 83 85 20 72 0 73 57 50 80 57 43
run=11 seed=10 k=86 f=0
38 71 81 17 85 85 13 35 68 52 76 65 68 68 14 18 8 15 66 37 50 41 31 9 2 25 63 81 7 51 52 0 50 22 3 11 45 72 11 74 22 71 4 9 27 59 24 77 18 0 1 75 75 35 50 58 21 0 28 48 47 57 17 41 44 42 84 72 8 85 34 23 56 85 67 45 34 75 18 57 79 59 25 80 85 24 85 40 60 59 33 55 5 10 38 64 82 30 36 65 51 80 43 39 1 63 48 51 33 33
run=12 seed=11 k=86 f=0
14 15 69 83 84 59 13 85 48 54 11 69 9 28 74 49 85 14 68 68 25 64 17 56 43 66 66 28 85 47 18 39 45 25 36 83 78 68 5 3 35 17 79 42 20 63 50 83 30 75 2 21 1 59 0 11 27 53 85 58 50 0 17 55 18 74 62 29 0 74 7 22 59 85 36 50 29 27 45 0 76 8 2 44 54 20 22 14 79 47 33 61 60 85 10 33 77 10 2 19 44 36 58 42 77 67 5 36 21 8
run=13 seed=12 k=86 f=0
38 79 22 13 19 85 23 36 7 76 45 3 6 28 55 8 54 31 78 8 21 41 36 58 45 0 77 62 56 47 82 59 23 24 27 30 51 68 0 30 18 15 59 1 0 68 71 43 11 85 35 4 25 68 41 53 5 15 74 55 66 70 68 76 77 18 40 34 0 85 6 85 46 42 17 37 35 0 54 34 49 85 74 50 65 84 37 27 62 63 75 85 67 10 25 13 7 59 13 10 42 21 70 74 29 1 85 27 68 43
run=14 seed=13 k=86 f=0
85 4 37 18 15 49 36 23 74 31 58 23 54 85 67 11 20 44 4 49 70 45 59 84 47 76 50 49 19 59 70 54 11 33 50 79 37 72 10 60 13 25 2 28 85 17 76 36 46 29 26 45 0 74 57 81 83 78 7 0 59 61 29 83 43 0 82 37 16 4 51 71 68 30 11 0 65 37 85 24 34 63 23 17 39 1 38 69 58 63 44 78 34 16 75 65 43 8 13 10 42 53 34 85 29 5 13 56 77 52
run=15 seed=14 k=86 f=0
47 40 59 85 85 55 63 69 37 84 56 63 43 37 66 70 42 51 27 12 85 53 81 61 21 73 26 35 54 35 9 18 0 60 69 76 40 39 18 10 46 77 77 20 80 19 9 67 25 34 1 72 0 11 1 27 2 58 66 0 17 11 8 12 85 14 46 38 32 52 67 71 8 76 85 41 5 13 23 21 46 59 44 24 0 29 57 70 3 28 84 48 51 54 64 7 80 82 28 85 36 31 18 49 38 25 82 81 19 64
run=16 seed=15 k=86 f=0
50 39 52 26 0 27 59 7 20 78 17 79 46 24 78 14 35 42 56 65 31 22 14 82 45 58 17 0 42 52 11 48 35 32 11 61 64 55 39 85 31 75 22 84 76 26 2 12 0 85 0 6 18 41 64 78 21 5 0 85 8 0 43 13 48 50 48 65 9 42 50 16 69 71 76 60 71 9 43 0 68 84 59 1 55 56 27 62 35 4 19 72 63 8 27 81 84 53 15 37 31 32 49 44 26 41 19 1 70 66
run=17 seed=16 k=86 f=0
78 11 0 8 67 12 65 49 77 14 9 82 57 31 85 78 36 63 42 78 22 37 12 49 64 14 35 67 55 70 5 62 42 56 76 53 51 20 37 0 77 16 72 78 33 15 8 85 21 0 18 0 58 51 32 0 29 30 44 19 29 46 47 7 82 39 26 0 70 57 85 37 67 65 49 38 58 1 33 18 2 85 26 43 55 74 76 25 43 26 8 27 26 28 85 2 47 7 9 46 21 73 66 43 64 22 85 66 82 84
run=18 seed=17 k=86 f=0
33 26 56 68 1 43 13 70 55 52 32 67 6 41 72 9 35 47 42 72 65 46 56 50 72 59 58 61 21 33 28 19 45 54 84 37 80 0 47 0 0 26 63 36 53 38 6 30 10 1 85 3 22 69 29 22 59 53 12 85 52 1 39 8 14 85 75 24 53 14 16 20 76 63 69 46 75 76 85 84 33 78 7 40 2 28 85 22 61 79 17 23 36 44 37 79 72 30 82 15 14 58 51 44 59 11 33 66 43 15
run=19 seed=18 k=86 f=0
33 31 32 58 85 30 57 64 41 70 0 37 67 27 76 71 43 53 0 9 63 3 0 3 29 34 33 61 40 71 56 24 8 6 44 45 13 71 25 23 63 31 85 14 37 45 6 66 6 14 49 6 85 57 39 0 67 0 52 54 68 8 74 27 34 81 70 77 39 22 78 82 23 58 0 4 45 13 18 54 12 79 19 19 73 37 59 80 80 65 85 46 16 44 16 57 8 75 46 59 19 63 77 51 82 52 47 50 42 20
run=20 seed=19 k=86 f=0
48 80 70 9 15 48 3 19 85 15 48 39 14 81 57 30 53 29 83 73 41 69 10 52 36 67 69 67 72 19 4 11 3 43 7 24 11 1 28 23 59 64 56 9 59 64 61 4 18 9 39 25 85 74 84 74 34 80 85 7 46 45 35 16 79 63 56 72 56 77 36 0 60 43 77 22 81 85 31 26 49 1 19 71 18 35 0 0 43 40 72 63 46 85 20 11 48 73 33 37 42 53 13 31 0 31 17 26 31 23
