run=1 seed=0 k=115 f=0
28 46 102 25 23 0 32 92 34 89 60 62 13 109 88 86 48 55 54 78 16 103 63 49 47 85 7 73 62 98 14 67 41 21 106 55 83 101 46 102 41 49 63 79 14 2 68 49 10 106 73 21 36 75 72 27 61 57 41 26 28 36 94 12 11 68 11 79 7 34 78 15 19 33 94 97 57 64 88 105 112 31 84 38 24 24 0 80 79 114 112 110 1 108 61 3 53 114 109 109 6 95 29 73 32 6 44 17 87 68
run=2 seed=1 k=115 f=0
28 46 102 25 23 0 32 92 34 89 60 62 13 109 88 86 48 55 54 78 16 103 63 49 47 85 7 73 62 98 14 67 41 21 106 55 83 101 46 102 41 49 63 79 14 2 68 49 10 106 73 21 36 75 72 27 61 57 41 26 28 36 94 12 11 68 11 79 7 34 78 15 19 33 94 97 57 64 88 105 112 31 84 38 24 24 0 80 79 114 112 110 1 108 61 3 53 114 109 109 6 95 29 73 32 6 44 17 87 68
run=3 seed=2 k=115 f=0
10 40 113 65 72 63 59 77 103 52 72 50 64 108 105 27 44 66 7 54 11 92 84 114 97 56 10 20 66 48 77 76 73 14 26 81 42 102 0 95 59 42 93 42 35 110 83 79 73 9 99 50 91 86 5 30 114 33 3 110 114 19 88 75 58 16 0 63 21 20 23 26 0 80 107 59 92 2 105 14 65 98 4 51 34 24 33 91 77 27 51 43 0 0 46 110 34 101 101 55 53 88 4 63 87 59 18 47 84 17
run=4 seed=3 k=115 f=0
13 95 44 95 0 20 67 111 3 59 52 58 93 79 7 25 64 40 16 0 85 112 83 43 52 27 24 106 19 77 34 68 24 32 91 31 43 97 45 33 14 29 79 107 78 52 1 52 37 0 69 9 83 37 49 73 81 63 77 89 47 38 86 71 87 62 26 113 8 33 55 22 75 100 15 61 37 1 18 14 56 101 112 9 41 111 103 86 101 113 72 68 51 68 98 23 53 114 46 5 49 3 106 9 103 78 58 42 111 90
run=5 seed=4 k=115 f=0
69 82 5 22 3 102 65 58 43 20 14 89 73 104 63 109 112 65 16 59 52 97 23 47 77 85 82 32 15 113 70 43 94 26 93 22 14 14 83 2 6 114 74 40 88 111 52 110 63 15 63 94 0 102 90 2 50 80 34 36 30 7 96 105 49 79 86 64 4 71 6 104 72 55 51 20 68 103 80 16 73 64 12 35 91 25 41 32 44 96 38 67 5 50 98 114 37 48 5 20 26 57 24 99 101 87 76 54 93 58
run=6 seed=5 k=115 f=0
35 45 102 62 36 42 48 54 15 106 66 12 104 43 0 29 114 107 45 96 14 103 45 113 69 80 93 63 6 37 86 114 27 72 9 72 4 21 12 19 28 107 98 31 5 96 17 51 40 0 78 90 101 18 62 88 61 83 37 89 22 38 76 49 31 103 78 113 24 105 90 58 64 73 11 89 73 9 47 90 53 77 23 5 2 43 31 50 111 68 55 84 11 47 14 111 108 109 11 6 100 79 18 51 76 92 61 34 17 59
run=7 seed=6 k=115 f=0
61 45 82 50 25 114 96 38 72 111 52 74 3 94 96 51 107 92 92 98 21 87 10 67 39 71 0 28 32 101 10 110 114 109 46 13 41 30 2 103 40 77 61 72 17 31 9 8 20 39 113 16 98 57 17 23 85 53 61 63 30 97 43 7 89 81 109 30 2 16 0 91 114 11 48 17 59 57 42 36 32 68 37 100 11 76 57 24 85 27 87 68 106 47 74 80 54 65 2 105 8 3 81 86 31 80 41 91 89 62
run=8 seed=7 k=115 f=0
77 21 78 41 5 98 51 57 20 67 113 71 106 83 0 28 35 103 85 16 6 55 13 9 114 24 111 7 72 78 93 109 90 42 36 45 112 31 103 18 102 0 89 19 0 37 25 79 51 96 3 101 2 13 10 48 57 55 85 15 13 63 9 53 78 62 20 75 68 23 110 97 61 83 68 24 71 95 35 114 93 77 39 1 98 67 82 31 42 114 46 50 80 44 103 64 20 29 10 3 47 85 58 105 25 26 8 113 61 44
run=9 seed=8 k=115 f=0
86 19 54 55 104 107 27 76 114 58 22 101 26 107 60 64 22 48 77 102 73 108 12 40 105 62 79 112 95 0 69 97 102 59 12 58 3 15 31 15 90 1 82 2 53 95 88 96 44 0 32 6 53 112 70 44 60 34 13 15 76 39 39 96 3 28 42 6 43 64 39 51 10 114 31 81 73 11 62 89 86 27 60 104 34 50 87 105 112 7 81 50 74 23 89 90 46 69 97 21 37 81 15 109 114 70 73 18 98 114
run=10 seed=9 k=115 f=0
48 54 95 47 37 33 20 113 59 67 103 11 114 24 34 91 16 114 21 79 11 2 106 76 51 64 39 83 34 1 0 108 97 78 112 18 30 60 41 57 61 86 69 86 83 4 71 13 24 83 110 54 44 101 1 51 51 41 95 102 73 112 78 39 11 101 77 42 46 66 94 75 110 18 30 4 22 27 18 51 71 30 2 47 37 68 5 101 45 50 88 87 22 21 7 25 71 91 87 44 62 63 94 100 54 109 2 93 9 105
run=11 seed=10 k=115 f=0
113 33 23 65 65 38 106 96 87 22 89 39 93 33 59 21 102 34 111 22 78 114 65 28 12 63 97 48 63 86 42 58 22 10 25 104 54 65 59 12 72 12 50 93 71 66 16 48 77 7 54 23 28 35 106 113 73 103 103 83 46 50 55 82 18 0 44 40 50 114 72 96 17 34 113 97 103 11 32 51 91 3 74 25 70 82 94 43 56 54 1 1 37 32 100 42 15 110 32 57 52 4 90 86 112 75 68 17 2 0
run=12 seed=11 k=115 f=0
26 84 42 100 0 14 111 55 111 78 31 71 96 33 76 114 5 31 78 88 48 39 67 21 99 105 7 38 46 113 95 104 9 1 8 0 93 73 66 84 87 62 41 55 63 1 33 80 79 114 70 87 39 42 110 29 29 111 1 90 61 53 39 49 98 64 16 7 70 79 12 16 97 65 68 109 98 57 55 86 18 93 45 90 10 33 20 39 37 85 51 79 44 108 31 23 0 30 2 6 53 43 63 52 107 101 103 90 48 25
run=13 seed=12 k=115 f=0
11 44 54 73 98 72 84 83 47 69 103 33 85 69 1 38 21 92 47 3 52 13 20 4 53 49 108 36 10 82 103 80 114 53 55 66 18 8 112 52 96 17 25 2 73 27 37 58 106 73 36 43 39 2 65 40 88 93 94 7 58 99 76 108 96 29 1 25 63 27 84 41 0 63 31 71 21 56 45 42 29 110 86 16 24 71 98 13 29 80 105 35 60 84 110 76 60 87 106 112 12 76 88 12 69 99 100 107 46 114
run=14 seed=13 k=115 f=0
108 9 64 81 4 79 92 60 64 61 26 79 15 89 91 51 15 8 18 99 42 23 34 96 114 73 30 1 72 39 99 78 80 18 68 103 99 29 8 65 107 91 0 89 65 6 34 0 33 114 3 1 87 38 97 47 27 37 6 1 66 93 73 39 89 10 55 14 15 112 58 52 95 113 24 46 57 58 52 107 111 58 35 106 84 49 50 21 81 81 26 35 70 28 103 72 65 43 70 112 101 19 46 0 112 44 108 97 12 57
run=15 seed=14 k=115 f=0
70 95 56 7 103 0 37 40 33 101 82 83 98 30 64 40 88 71 93 42 60 28 29 28 5 12 63 53 98 83 106 108 8 85 45 8 114 54 71 105 93 33 108 77 70 1 108 51 20 102 49 72 55 8 94 63 82 37 70 14 0 58 93 37 20 111 62 87 50 36 48 93 75 88 114 113 97 71 10 58 0 21 16 5 91 79 64 105 9 23 18 32 113 22 114 100 18 29 88 42 62 50 79 42 111 43 86 79 114 3
run=16 seed=15 k=115 f=0
4 11 7 21 19 43 59 89 29 98 33 32 94 1 65 0 9 17 75 43 51 20 103 81 9 36 53 54 94 90 22 85 28 29 110 107 59 55 72 73 39 4 0 112 25 113 92 52 67 114 112 8 92 100 96 66 44 84 71 66 75 93 105 69 8 2 44 110 113 32 86 14 53 20 103 79 33 2 24 110 60 13 11 40 95 48 25 72 29 60 11 104 0 78 56 64 101 100 76 77 34 46 47 1 82 42 52 80 61 85
run=17 seed=16 k=115 f=0
76 83 36 32 54 93 67 24 63 3 34 16 8 4 83 32 13 114 111 3 57 69 51 14 20 40 68 22 41 0 98 17 66 17 20 8 111 83 9 59 108 64 74 67 43 27 96 21 76 66 24 21 22 92 32 42 74 1 110 59 0 87 29 5 105 102 11 101 97 99 100 47 30 36 56 83 0 114 12 76 0 48 111 46 25 46 108 89 48 91 96 64 109 67 77 90 58 97 91 57 7 38 49 88 77 105 74 78 45 81
run=18 seed=17 k=115 f=0
15 111 19 82 0 21 55 56 78 82 63 46 104 66 87 83 54 113 92 38 18 51 58 33 18 71 52 95 78 23 11 67 3 14 51 30 70 106 25 52 91 11 36 80 6 9 65 48 22 62 100 14 104 30 4 64 80 27 2 75 8 36 27 24 70 86 89 107 88 5 77 113 38 63 45 111 57 13 28 96 58 99 102 85 105 43 95 113 27 88 77 46 19 60 45 99 41 82 98 30 106 99 110 0 79 34 2 6 70 31
run=19 seed=18 k=115 f=0
4 16 106 67 66 109 47 27 52 49 79 51 87 20 62 78 13 85 56 26 39 66 16 79 104 65 109 100 71 40 59 100 9 47 41 7 78 19 38 44 49 89 94 38 88 95 1 13 72 42 86 111 104 5 9 75 106 112 48 60 80 22 85 0 86 62 85 1 0 98 24 12 89 22 54 18 98 29 62 55 29 114 43 60 9 72 114 14 9 77 35 69 1 114 70 105 3 1 68 25 95 38 93 31 17 28 29 0 7 36
run=20 seed=19 k=115 f=0
84 82 87 79 27 5 71 43 14 99 107 6 95 106 10 40 80 114 9 44 1 21 105 102 23 91 114 67 93 11 58 110 19 86 2 47 91 19 1 51 51 61 70 55 102 78 112 108 112 0 41 114 38 48 28 91 95 28 13 66 57 77 31 45 59 81 25 53 53 22 104 16 72 60 64 20 40 68 68 55 86 33 60 9 78 109 14 1 36 100 42 95 82 114 2 36 17 101 89 74 77 33 29 22 27 3 51 98 34 6
