run=1 seed=0 k=84 f=0
43 56 82 21 67 50 71 0 43 54 71 1 6 65 65 82 18 55 14 28 0 38 73 68 46 83 83 11 14 10 26 22 22 79 83 16 29 70 46 72 55 6 28 64 59 16 39 12 43 9 74 52 60 29 13 20 57 58 44 6 68 74 4 41 37 77 0 28 63 60 48 83 25 36 0 37 27 0 81 29 50 75 36 62 13 49 34 42 83 73 80 21 40 36 19 7 4 52 27 4 43 63 37 76 53 0 31 69 34 49
run=2 seed=1 k=84 f=0
43 56 82 21 67 50 71 0 43 54 71 1 6 65 65 82 18 55 14 28 0 38 73 68 46 83 83 11 14 10 26 22 22 79 83 16 29 70 46 72 55 6 28 64 59 16 39 12 43 9 74 52 60 29 13 20 57 58 44 6 68 74 4 41 37 77 0 28 63 60 48 83 25 36 0 37 27 0 81 29 50 75 36 62 13 49 34 42 83 73 80 21 40 36 19 7 4 52 27 4 43 63 37 76 53 0 31 69 34 49
run=3 seed=2 k=84 f=0
11 29 78 1 57 19 16 40 3 1 7 6 45 48 75 63 52 31 35 83 1 78 53 28 57 74 20 83 75 11 63 10 34 3 16 54 28 82 13 51 56 30 49 40 3 80 47 79 34 83 83 54 25 82 69 63 42 68 58 83 67 18 33 59 56 47 68 43 70 50 39 39 16 15 9 4 55 39 37 83 22 51 27 23 17 58 0 73 28 19 6 64 25 66 26 75 30 60 79 8 73 73 3 45 47 21 3 70 66 40
run=4 seed=3 k=84 f=0
24 61 57 74 40 59 40 31 80 78 27 30 67 82 77 25 74 15 49 59 52 0 51 50 67 27 24 5 61 14 51 69 11 22 66 76 73 81 49 44 44 4 42 29 58 17 80 19 67 48 67 2 57 81 53 0 56 55 44 83 20 36 29 62 63 37 13 45 18 83 33 62 11 83 0 24 76 61 74 40 11 32 47 71 83 29 83 5 75 37 0 12 22 14 1 3 31 3 52 7 19 51 18 40 36 34 46 69 35 7
run=5 seed=4 k=84 f=0
15 10 79 17 29 38 6 55 31 0 40 57 39 36 76 74 83 28 9 5 67 37 48 45 18 7 53 58 83 83 47 48 30 47 16 81 83 77 29 7 76 83 12 51 82 71 16 2 65 51 0 19 33 59 1 23 70 50 14 64 23 4 44 67 70 83 75 43 28 62 60 37 0 21 41 43 10 6 75 56 21 0 72 35 54 64 74 34 28 19 0 83 11 72 54 20 12 44 57 61 38 28 26 15 62 44 0 64 26 58
run=6 seed=5 k=84 f=0
17 15 83 0 51 57 42 38 46 1 20 46 13 15 61 75 49 36 4 29 82 36 4 48 83 67 36 28 69 16 26 56 76 27 25 64 81 70 83 68 7 9 18 49 30 52 18 17 0 83 83 77 20 43 79 8 34 33 49 41 74 11 69 60 47 33 51 21 0 26 43 59 56 24 12 77 75 64 40 30 19 66 0 1 72 2 30 73 62 4 42 9 51 51 64 55 43 9 17 24 82 26 58 38 63 8 8 79 55 77
run=7 seed=6 k=84 f=0
34 49 79 22 6 32 57 62 24 10 83 15 59 46 11 80 51 36 55 43 17 38 5 45 1 12 78 54 83 31 18 25 29 47 71 7 64 83 77 83 38 10 69 25 11 22 37 78 34 43 57 13 0 36 17 2 83 4 57 68 66 59 39 5 39 13 30 41 75 0 29 45 83 51 76 51 44 15 67 82 63 0 65 56 32 70 21 64 76 62 39 23 48 78 50 11 6 73 23 55 17 28 69 58 1 18 4 49 71 28
run=8 seed=7 k=84 f=0
58 59 12 51 1 24 28 60 36 22 83 30 78 70 48 8 57 45 41 50 43 79 68 8 35 33 59 6 0 22 41 25 63 80 48 14 81 13 0 70 82 18 54 59 19 53 70 16 64 0 32 11 9 83 4 73 63 14 35 53 50 74 63 66 46 82 54 62 0 0 26 46 41 36 18 75 44 42 65 32 70 55 0 37 11 1 83 68 63 77 25 19 18 12 83 71 16 21 3 34 31 4 50 74 27 40 82 50 75 25
run=9 seed=8 k=84 f=0
14 12 79 9 40 83 53 0 54 31 10 6 0 35 28 21 9 42 5 52 3 32 39 32 0 83 83 59 75 51 54 74 19 69 70 80 71 28 47 46 67 36 78 1 45 80 44 66 40 57 16 67 74 81 51 11 25 36 66 68 48 37 34 16 19 44 3 12 44 0 23 23 66 10 33 0 58 73 28 41 55 14 24 6 83 55 0 23 15 63 65 37 77 51 79 61 4 30 40 37 62 60 44 18 75 5 31 74 61 25
run=10 seed=9 k=84 f=0
57 42 0 53 11 51 55 38 32 79 0 68 12 80 38 24 40 21 53 20 31 64 48 43 60 74 9 31 41 23 31 15 21 3 20 78 44 72 16 1 48 68 56 61 41 62 68 2 19 49 0 1 83 78 44 10 60 73 39 83 28 33 42 33 64 78 13 70 83 83 14 14 58 28 65 28 39 66 9 1 2 46 21 82 56 52 0 34 71 6 82 49 60 22 5 25 69 35 36 29 35 52 15 9 73 66 47 67 74 55
run=11 seed=10 k=84 f=0
7 31 42 8 83 10 55 50 17 53 55 60 73 70 57 11 76 48 32 46 0 50 10 24 28 0 0 46 16 37 9 63 83 58 67 74 76 69 34 67 80 75 4 21 19 51 83 45 15 67 52 36 36 4 83 28 14 19 17 83 7 68 83 13 15 76 77 45 83 73 20 39 44 32 28 58 37 15 7 50 42 24 0 40 37 41 54 62 10 61 2 26 29 14 4 77 30 25 20 54 50 0 43 83 66 25 30 63 45 21
run=12 seed=11 k=84 f=0
69 42 5 83 48 21 48 44 57 17 26 26 48 68 0 1 40 49 79 45 82 71 83 11 7 8 60 57 42 41 0 23 39 80 17 11 4 28 70 13 78 53 37 43 15 33 68 76 47 32 30 83 65 40 2 65 29 83 15 33 0 50 37 15 17 10 75 24 34 69 22 41 56 55 73 75 33 20 0 28 60 8 48 62 65 63 83 2 35 59 74 53 17 78 68 8 13 76 18 55 70 62 51 17 77 24 14 1 51 24
run=13 seed=12 k=84 f=0
16 61 3 0 82 9 83 35 1 53 31 7 83 17 36 38 47 70 18 17 82 28 15 48 69 22 82 26 48 18 58 74 55 18 69 49 80 82 66 48 9 24 3 76 56 29 49 33 15 31 71 39 65 32 27 49 45 71 42 2 0 14 45 60 44 59 72 83 53 31 41 62 74 0 9 5 22 61 69 75 10 63 71 52 0 11 83 39 2 37 21 10 64 35 44 75 26 38 65 42 0 23 1 55 59 4 22 17 55 78
run=14 seed=13 k=84 f=0
9 69 17 0 53 7 36 52 79 74 56 25 52 72 76 35 39 54 20 33 83 15 64 59 45 65 48 30 43 39 13 7 16 61 1 41 83 83 38 58 22 49 12 0 68 43 74 54 74 82 65 25 0 29 44 69 40 2 0 0 9 78 1 72 28 17 64 27 24 27 31 50 58 68 23 13 62 79 42 5 59 74 34 2 65 35 48 12 10 6 25 77 44 16 56 20 83 34 52 24 83 64 56 17 9 39 54 41 73 30
run=15 seed=14 k=84 f=0
27 80 58 43 44 2 44 73 43 6 33 18 77 40 21 73 55 6 59 17 27 56 53 64 54 83 35 66 10 9 3 12 42 28 7 7 50 50 64 0 19 83 41 66 29 83 2 24 75 24 57 52 12 21 78 34 69 10 0 41 48 1 77 17 21 60 25 63 65 25 70 59 62 70 34 31 83 50 42 15 36 50 71 58 75 32 0 0 69 45 56 83 3 76 15 10 77 31 81 11 78 68 28 40 53 36 34 14 71 66
run=16 seed=15 k=84 f=0
55 13 42 82 68 18 37 67 76 80 26 49 35 35 0 6 76 27 36 14 43 59 45 5 42 18 53 7 74 16 83 83 20 82 3 74 31 0 32 41 0 63 73 78 77 14 61 29 8 42 24 15 59 12 37 60 45 83 51 64 0 28 66 11 43 41 3 53 1 34 65 2 83 74 51 74 68 68 35 27 20 29 83 57 70 59 33 42 58 3 50 6 71 72 14 19 10 68 67 49 55 19 46 25 78 64 31 3 60 66
run=17 seed=16 k=84 f=0
44 24 47 39 1 44 32 15 34 55 83 64 79 44 29 60 67 40 29 50 77 7 5 61 67 58 69 62 63 17 26 69 68 55 62 54 82 80 28 36 83 13 64 71 75 58 9 83 8 0 0 55 20 82 21 0 36 22 1 42 35 33 11 30 37 26 0 83 40 49 14 3 74 49 49 74 14 32 31 53 47 22 66 5 62 0 83 7 80 77 12 72 41 24 10 45 53 28 11 59 54 17 36 43 21 74 18 52 77 13
run=18 seed=17 k=84 f=0
19 13 32 28 0 12 60 64 70 45 36 41 83 82 30 5 27 20 50 11 70 45 55 36 22 44 78 37 42 0 15 20 14 49 24 25 79 1 7 50 51 41 31 62 41 25 55 4 59 0 60 50 74 82 70 55 68 1 52 82 51 54 79 79 82 34 7 11 0 45 64 32 83 70 10 6 76 9 63 49 59 30 20 40 78 57 35 20 30 55 42 18 75 3 73 57 33 7 22 42 14 67 4 18 27 61 73 46 71 67
run=19 seed=18 k=84 f=0
5 72 78 64 25 8 43 45 51 55 0 26 25 83 49 20 58 48 36 71 39 30 57 83 82 76 29 62 57 54 69 66 0 3 61 56 73 38 67 82 15 13 81 21 59 43 2 35 18 66 0 34 1 77 71 27 44 56 24 50 10 7 22 15 20 61 23 30 82 41 23 13 83 65 32 31 44 71 46 60 1 52 83 61 58 34 42 7 9 7 16 12 77 42 73 52 37 35 55 54 8 63 46 50 33 30 62 0 22 25
run=20 seed=19 k=84 f=0
61 57 77 70 12 25 58 56 42 40 52 38 39 52 1 64 59 70 73 32 71 83 8 62 30 41 13 51 42 2 35 26 67 44 0 46 16 1 73 81 22 8 16 40 1 73 28 77 30 10 82 12 83 81 81 10 58 46 61 12 75 78 3 28 37 34 82 49 18 41 35 3 0 8 50 67 17 33 42 16 35 49 49 62 0 24 21 51 1 4 56 25 75 68 58 8 64 53 25 66 21 24 74 66 80 30 48 63 27 16
