run=1 seed=0 k=109 f=0
66 14 15 98 24 47 9 41 88 52 104 74 78 96 108 52 12 4 100 55 78 97 30 0 69 34 52 39 3 83 41 86 98 69 55 107 57 78 1 0 62 48 18 31 92 30 101 103 51 92 26 21 67 5 108 23 15 87 0 20 59 82 0 53 60 13 65 0 20 10 46 95 0 70 25 92 3 34 39 55 35 108 76 100 66 44 81 18 89 73 11 87 3 9 46 34 78 22 81 92 65 35 87 100 8 20 50 30 71 105
run=2 seed=1 k=109 f=0
66 14 15 98 24 47 9 41 88 52 104 74 78 96 108 52 12 4 100 55 78 97 30 0 69 34 52 39 3 83 41 86 98 69 55 107 57 78 1 0 62 48 18 31 92 30 101 103 51 92 26 21 67 5 108 23 15 87 0 20 59 82 0 53 60 13 65 0 20 10 46 95 0 70 25 92 3 34 39 55 35 108 76 100 66 44 81 18 89 73 11 87 3 9 46 34 78 22 81 92 65 35 87 100 8 20 50 30 71 105
run=3 seed=2 k=109 f=0
1 27 8 79 100 40 52 62 104 32 77 33 39 5 86 94 69 106 31 49 87 17 25 89 60 30 1 16 100 108 86 104 55 5 60 64 62 74 94 79 39 70 34 81 0 7 64 57 108 1 17 73 12 44 51 87 91 27 11 82 53 8 36 17 103 69 81 45 1 44 97 98 42 70 60 27 28 32 98 48 53 80 12 84 61 96 79 58 25 93 105 22 9 108 18 43 64 88 39 97 20 72 76 21 30 47 95 3 67 46
run=4 seed=3 k=109 f=0
89 35 26 34 80 70 22 33 23 104 41 69 108 72 0 0 12 38 11 81 7 76 96 26 21 30 76 54 59 65 93 86 14 79 28 14 59 97 9 33 16 57 88 44 61 101 85 12 40 96 7 46 63 103 16 3 38 23 99 39 105 98 90 5 57 102 3 53 17 51 54 8 86 51 71 2 32 43 31 71 45 66 49 64 50 83 21 89 88 108 94 23 59 75 90 108 84 1 56 62 52 47 0 77 69 41 13 58 105 47
run=5 seed=4 k=109 f=0
75 53 14 56 27 81 100 54 69 87 59 35 89 5 7 46 48 55 73 8 69 89 18 10 6 32 108 48 67 93 74 97 40 8 42 4 25 47 87 83 29 53 66 34 59 2 7 40 69 78 81 59 60 86 21 104 10 102 80 77 23 30 94 0 26 10 49 68 106 45 42 56 98 17 87 66 24 23 29 81 34 21 62 108 39 57 11 73 73 105 66 96 30 40 105 74 98 90 33 97 103 15 40 108 18 96 23 49 34 19
run=6 seed=5 k=109 f=0
16 68 60 1 107 26 71 44 84 103 82 0 95 30 105 103 57 66 96 33 24 4 38 39 33 34 23 60 42 108 15 49 49 21 6 54 23 55 65 38 50 40 38 33 20 56 11 0 73 25 93 107 92 74 107 94 61 85 98 9 16 72 51 84 0 75 96 46 108 69 99 97 108 30 48 90 47 60 71 73 85 16 38 76 58 5 7 14 15 1 66 8 25 54 61 91 6 64 88 17 26 80 68 42 18 1 36 9 86 78
run=7 seed=6 k=109 f=0
102 34 55 25 66 46 95 7 65 58 28 77 9 72 55 103 106 32 94 17 96 82 81 72 28 69 103 72 100 16 25 61 65 97 87 55 50 17 79 33 0 35 73 26 15 93 16 56 28 48 53 32 60 43 61 91 3 23 88 72 0 4 107 5 55 2 4 88 52 82 12 41 90 108 79 99 77 47 5 31 22 75 35 85 69 40 20 60 64 94 85 105 19 20 47 38 44 8 105 105 108 63 34 99 45 4 82 16 8 11
run=8 seed=7 k=109 f=0
98 5 103 66 5 93 64 99 59 79 10 50 37 8 70 63 87 62 91 0 53 44 56 85 32 14 1 3 88 43 23 103 90 17 108 17 40 69 4 83 50 68 40 25 50 20 20 5 99 26 35 46 44 13 8 76 48 55 92 72 69 11 33 80 46 49 54 86 37 75 94 107 36 30 1 77 108 101 108 25 83 25 20 106 19 47 56 16 73 32 8 77 107 58 101 87 108 9 22 36 33 92 60 77 58 16 82 85 94 72
run=9 seed=8 k=109 f=0
52 13 36 45 77 72 25 46 8 1 59 7 81 47 67 46 15 101 36 19 53 93 11 15 84 37 96 23 74 105 67 2 107 2 66 101 16 94 100 100 0 106 53 47 9 61 43 21 22 60 58 92 80 57 11 107 28 43 77 57 0 26 79 75 79 55 3 95 40 86 86 72 69 28 28 95 90 70 7 24 71 86 34 65 31 3 46 34 108 5 91 108 54 105 65 24 25 108 11 62 100 39 103 95 88 32 81 65 77 89
run=10 seed=9 k=109 f=0
0 95 13 18 17 31 97 9 85 108 61 86 92 16 60 44 90 35 106 0 108 12 41 0 17 81 77 98 88 52 100 26 7 21 91 38 41 91 40 19 108 8 2 83 36 80 108 17 14 106 35 9 50 73 76 60 64 106 48 7 73 80 48 45 82 105 48 57 78 89 65 53 0 31 8 36 3 100 19 14 55 98 42 100 87 71 29 42 22 56 48 32 84 30 92 53 6 99 35 69 82 66 68 59 95 76 65 97 62 23
run=11 seed=10 k=109 f=0
48 44 31 76 63 21 32 106 55 68 27 86 30 82 79 106 29 3 40 108 0 11 104 12 99 20 24 10 12 85 72 91 70 10 10 24 15 53 39 36 38 32 98 91 30 93 11 102 99 38 4 43 9 72 63 30 98 106 40 2 79 60 1 45 2 12 85 21 82 32 70 28 108 59 88 49 70 97 7 42 56 23 40 33 61 20 57 49 18 105 1 87 56 108 45 19 92 50 4 82 86 74 63 0 95 87 75 77 59 52
run=12 seed=11 k=109 f=0
56 12 84 27 60 13 94 63 6 102 58 76 75 50 8 81 58 88 27 108 24 91 43 1 68 15 73 30 100 105 65 64 22 39 73 36 38 108 99 106 38 40 73 51 107 69 58 105 84 68 88 84 28 0 7 45 52 95 48 98 105 2 41 22 90 22 75 11 5 44 52 47 44 60 0 11 32 15 87 67 16 99 88 30 73 45 94 54 5 34 84 18 52 88 40 82 20 20 24 65 89 62 107 7 36 0 23 68 95 76
run=13 seed=12 k=109 f=0
18 105 89 13 98 105 99 72 46 29 34 36 60 64 46 60 81 64 48 94 28 0 39 69 53 72 22 105 39 57 27 89 83 85 58 75 25 94 7 70 88 4 0 47 77 53 39 79 62 89 79 53 98 82 29 38 70 91 52 6 54 68 2 13 19 9 86 37 65 1 23 44 9 13 108 103 69 39 73 96 40 18 97 49 11 2 43 107 71 35 33 101 75 95 14 60 102 1 107 58 9 82 4 18 43 9 29 20 48 50
run=14 seed=13 k=109 f=0
66 10 93 0 52 92 77 7 23 34 108 38 71 61 80 0 87 60 85 63 90 102 20 94 52 42 108 14 1 66 71 57 89 67 63 50 74 24 18 7 24 79 47 72 35 32 10 84 1 21 84 9 55 99 80 103 108 105 7 79 30 95 72 35 53 44 18 12 71 40 74 57 65 62 7 1 1 54 29 24 44 22 33 95 38 43 107 17 33 27 0 85 101 25 64 0 34 82 91 14 9 17 49 94 99 51 52 54 77 101
run=15 seed=14 k=109 f=0
47 31 73 81 0 68 90 42 96 62 78 108 69 65 59 44 44 98 36 59 17 6 35 15 93 79 0 1 10 49 17 74 96 49 97 82 66 77 23 75 40 66 17 84 81 12 26 37 0 13 74 78 61 22 0 104 9 84 96 27 51 1 19 33 92 58 1 107 51 98 90 100 72 22 107 42 10 88 27 41 88 106 48 65 36 32 23 63 34 7 107 102 10 10 56 9 93 93 60 22 52 17 102 36 1 26 43 83 34 54
run=16 seed=15 k=109 f=0
100 20 16 3 6 48 16 84 7 82 3 68 31 91 41 102 43 25 81 58 88 75 51 99 17 17 76 65 56 57 82 14 94 0 27 1 76 99 19 5 39 108 90 82 45 18 66 21 36 8 10 5 103 38 12 76 52 85 49 86 50 62 101 34 67 36 45 2 97 17 64 92 95 52 76 91 106 45 80 73 68 0 95 56 36 107 86 66 101 68 60 43 22 51 96 106 107 27 36 62 61 11 29 59 27 14 36 57 86 0
run=17 seed=16 k=109 f=0
15 15 12 85 71 55 25 36 95 99 29 29 75 3 2 41 108 20 9 5 23 68 68 103 2 65 27 47 80 63 55 0 97 97 30 60 53 79 1 23 18 75 88 1 29 108 42 108 0 51 94 100 11 54 29 12 89 64 59 106 81 94 26 58 21 73 16 73 47 10 5 7 100 33 74 19 89 49 14 57 82 107 38 46 94 85 40 0 74 84 41 73 12 82 54 64 46 70 43 101 97 45 101 91 81 90 62 62 55 31
run=18 seed=17 k=109 f=0
83 41 84 64 73 99 94 14 73 104 43 0 87 28 102 93 100 93 45 26 105 53 77 12 5 47 96 26 71 73 14 0 62 105 89 80 97 43 93 10 21 7 67 60 25 107 35 88 65 56 42 57 7 99 9 29 22 46 85 17 15 74 17 76 83 6 25 86 18 107 23 60 89 55 31 79 77 28 58 49 33 64 55 51 71 36 108 0 82 39 18 4 5 52 38 36 59 26 102 17 55 34 85 74 100 40 52 36 85 0
run=19 seed=18 k=109 f=0
76 48 5 24 7 103 0 52 67 15 14 27 17 19 48 105 107 53 49 31 77 95 22 1 44 65 78 99 28 99 9 37 70 31 77 70 52 95 40 41 46 54 85 80 2 33 76 92 100 34 58 82 2 99 15 0 19 94 22 21 58 11 49 74 78 11 11 72 4 51 21 62 10 107 43 107 39 86 61 30 28 84 58 5 43 61 89 12 102 25 7 68 90 34 99 108 92 18 60 65 67 82 72 76 97 0 40 27 40 82
run=20 seed=19 k=109 f=0
75 79 39 10 18 50 3 7 99 6 27 108 37 102 15 33 96 77 8 72 49 98 79 43 39 105 98 58 52 29 74 24 89 94 63 17 20 68 54 43 65 94 37 98 83 70 83 90 88 53 3 21 44 41 2 32 54 0 0 103 4 91 26 28 76 108 46 20 85 75 63 97 35 79 11 29 78 18 10 64 69 105 61 20 57 54 71 85 34 59 104 44 71 66 49 107 38 60 99 15 77 10 20 26 100 28 72 71 58 83
