run=1 seed=0 k=114 f=0
41 69 7 13 90 113 10 54 21 89 20 83 112 67 77 52 113 42 100 74 27 109 27 52 113 63 44 7 91 1 84 42 36 103 23 98 109 34 13 16 57 33 94 99 85 97 16 104 40 90 35 26 103 62 22 8 6 0 0 73 8 93 2 70 68 41 100 27 91 113 80 57 49 63 15 51 62 24 101 98 13 81 90 2 56 86 31 71 50 55 46 47 12 48 5 112 98 24 42 83 72 34 20 74 83 68 41 32 87 0
run=2 seed=1 k=114 f=0
41 69 7 13 90 113 10 54 21 89 20 83 112 67 77 52 113 42 100 74 27 109 27 52 113 63 44 7 91 1 84 42 36 103 23 98 109 34 13 16 57 33 94 99 85 97 16 104 40 90 35 26 103 62 22 8 6 0 0 73 8 93 2 70 68 41 100 27 91 113 80 57 49 63 15 51 62 24 101 98 13 81 90 2 56 86 31 71 50 55 46 47 12 48 5 112 98 24 42 83 72 34 20 74 83 68 41 32 87 0
run=3 seed=2 k=114 f=0
36 73 42 19 3 24 18 111 17 17 46 8 85 107 95 93 78 71 45 58 2 52 35 47 72 13 8 104 4 90 58 112 26 39 29 83 88 63 3 52 29 68 102 14 15 41 108 48 47 55 39 99 106 76 84 56 17 109 38 23 34 0 39 4 78 105 55 110 13 58 113 79 20 17 94 84 2 103 24 36 61 101 73 50 89 60 64 79 71 23 71 69 113 99 56 19 97 97 31 33 54 60 68 0 98 6 84 95 113 87
run=4 seed=3 k=114 f=0
72 55 24 18 77 4 60 76 14 21 106 46 51 78 33 93 103 18 31 60 79 102 16 106 13 51 91 59 94 3 111 45 42 57 86 67 103 68 12 6 70 38 35 61 22 79 57 34 20 28 29 1 85 99 113 23 54 89 71 81 0 51 103 77 49 91 31 38 20 77 43 27 111 113 94 108 73 37 89 86 113 12 47 87 6 98 12 60 109 3 24 26 68 96 104 98 43 37 42 99 0 60 16 73 42 83 73 81 51 64
run=5 seed=4 k=114 f=0
6 53 88 96 96 13 7 22 50 95 44 81 1 62 106 18 7 57 76 13 93 62 6 39 69 101 53 15 41 112 94 5 52 86 9 27 100 103 57 36 85 113 0 6 102 46 10 86 18 110 33 77 34 55 37 94 30 89 75 48 88 1 69 20 31 113 27 89 103 6 13 54 73 28 66 0 24 76 34 60 39 83 0 48 25 10 43 67 100 79 20 113 80 109 34 70 105 61 45 46 66 12 72 0 3 60 18 34 15 50
run=6 seed=5 k=114 f=0
80 5 96 66 33 54 80 35 13 103 18 84 24 40 112 20 87 47 113 56 100 91 105 99 77 8 17 91 92 31 1 37 52 113 45 43 47 95 10 9 83 29 28 9 47 58 45 1 113 73 57 65 96 2 63 87 73 104 65 107 31 59 46 80 70 108 10 9 47 40 14 71 52 76 38 92 78 3 109 89 80 13 32 0 75 42 105 109 24 57 66 42 15 24 35 51 102 0 107 18 98 15 50 65 87 34 60 62 78 19
run=7 seed=6 k=114 f=0
9 66 73 41 110 29 62 75 64 52 95 43 99 77 64 38 64 12 14 46 104 2 76 89 31 50 49 31 53 75 109 78 14 112 6 11 60 47 8 108 4 89 88 60 63 20 21 10 113 72 34 40 90 51 22 2 41 92 71 18 81 110 96 0 17 102 27 46 113 15 57 69 23 29 40 65 68 106 55 0 96 25 40 99 13 43 105 66 87 96 83 63 50 81 72 35 86 1 97 81 33 102 15 34 85 0 1 49 59 29
run=8 seed=7 k=114 f=0
1 39 107 103 86 81 86 71 66 56 17 61 15 66 61 78 58 98 14 0 68 57 54 22 101 25 43 35 40 75 19 91 6 86 66 29 69 19 49 22 109 82 29 13 50 47 60 50 113 90 1 17 10 55 43 37 35 80 102 113 18 9 27 68 112 109 0 42 45 65 108 107 51 91 77 10 24 52 75 87 25 111 6 55 33 40 0 34 31 33 99 96 107 28 64 7 93 35 75 89 2 85 82 100 59 113 97 99 12 45
run=9 seed=8 k=114 f=0
112 102 60 101 73 43 40 88 21 75 104 47 11 106 45 51 100 5 39 47 62 34 39 58 57 50 110 2 7 69 39 89 74 62 107 69 93 13 1 82 32 55 107 36 111 54 19 6 18 59 88 77 0 82 74 101 20 28 113 6 40 22 49 89 39 59 103 100 72 3 81 12 9 100 27 0 27 21 94 94 98 28 76 21 8 36 111 43 25 67 65 54 105 32 83 30 60 76 17 113 62 107 22 86 82 22 86 84 27 12
run=10 seed=9 k=114 f=0
37 95 22 16 80 101 80 112 50 50 10 55 101 96 19 74 113 53 49 100 51 60 91 40 88 2 108 83 63 61 75 2 8 86 100 43 98 67 96 70 11 107 7 0 40 43 94 81 63 29 51 112 48 62 77 16 31 88 81 12 105 101 30 42 0 39 6 68 67 5 18 3 10 113 92 54 72 24 22 49 18 89 63 34 38 33 71 94 21 101 78 45 57 30 56 57 27 21 58 111 9 110 84 79 73 106 50 9 30 37
run=11 seed=10 k=114 f=0
76 75 62 99 72 111 20 13 71 97 113 1 16 15 44 49 73 99 87 74 66 106 1 74 22 113 22 22 106 64 81 35 53 46 32 59 69 91 31 113 3 81 37 11 57 60 76 52 30 92 92 96 104 109 77 84 43 99 26 82 40 101 5 55 56 41 2 91 0 51 16 36 83 89 64 91 29 109 41 6 97 19 102 25 12 81 8 37 67 1 27 5 103 62 4 103 45 20 88 20 8 45 57 53 95 6 90 93 12 35
run=12 seed=11 k=114 f=0
23 2 3 53 43 73 1 31 65 31 86 8 104 110 95 56 85 49 93 108 99 70 49 73 11 106 88 5 73 25 32 15 43 0 52 20 108 112 103 51 100 25 82 88 24 2 42 9 37 77 79 93 15 68 11 42 4 70 59 84 113 75 83 35 55 26 20 66 50 112 28 98 55 12 97 81 53 6 0 32 113 37 97 91 77 113 66 64 52 60 58 65 77 43 106 18 41 90 84 104 103 61 1 46 42 84 11 35 13 22
run=13 seed=12 k=114 f=0
104 4 86 28 31 21 32 3 61 77 56 39 37 80 4 76 21 2 40 28 13 34 66 51 18 67 107 86 60 17 95 23 113 26 69 46 0 57 50 23 8 7 107 63 86 77 95 77 13 101 73 2 33 104 35 89 84 44 42 108 60 8 25 78 83 99 108 46 113 2 91 65 74 100 50 54 8 92 0 83 95 62 39 16 79 70 112 63 20 10 57 98 29 97 61 64 48 94 89 49 17 55 0 83 71 12 39 46 44 40
run=14 seed=13 k=114 f=0
108 107 33 1 30 52 44 113 70 83 100 6 94 23 17 67 113 64 50 90 57 96 43 55 60 16 65 24 95 79 87 17 72 23 107 48 42 37 0 52 45 9 12 113 113 113 85 60 68 55 36 77 39 61 97 7 96 62 47 78 28 13 85 73 59 78 27 1 1 93 89 33 80 87 104 71 105 14 26 46 36 79 25 45 111 37 0 27 110 48 7 80 84 97 42 68 73 21 98 91 0 90 59 97 16 0 102 16 105 7
run=15 seed=14 k=114 f=0
91 56 51 84 97 2 53 90 57 19 95 82 84 36 98 1 68 44 109 77 34 73 9 0 86 52 58 70 89 103 5 82 64 81 68 47 2 16 55 54 96 101 72 86 10 27 81 12 61 76 29 13 39 38 27 50 29 112 6 98 93 52 82 59 35 37 106 37 44 21 21 42 30 9 11 59 107 73 27 26 91 20 25 5 110 36 0 45 69 113 19 64 49 77 25 102 108 17 25 98 54 67 20 103 17 32 22 70 12 82
run=16 seed=15 k=114 f=0
107 77 21 77 8 22 89 113 1 10 8 96 8 86 66 98 107 61 81 67 109 2 3 51 0 81 36 21 106 0 57 23 34 86 102 60 81 68 18 41 7 13 50 7 90 102 70 100 88 36 69 61 45 72 14 81 0 1 84 65 11 111 37 25 34 52 98 30 48 111 93 71 21 27 0 112 33 20 98 99 55 40 62 102 30 76 67 61 39 73 112 74 45 46 15 42 99 113 27 111 32 6 17 54 57 56 52 88 92 30
run=17 seed=16 k=114 f=0
78 76 21 99 63 86 43 11 57 36 15 30 27 63 48 68 33 10 3 51 41 20 55 19 62 103 52 22 38 67 4 89 85 36 92 106 110 22 61 101 74 76 91 51 109 41 91 75 22 82 12 109 46 12 0 99 102 59 97 82 3 99 26 74 79 45 25 26 62 87 27 5 64 92 57 25 35 36 84 103 32 113 0 49 0 8 113 1 96 95 73 71 96 15 46 111 107 72 67 110 52 51 87 12 29 66 7 17 27 17
run=18 seed=17 k=114 f=0
97 63 7 23 107 22 19 111 57 17 100 26 4 38 36 71 61 19 1 21 8 93 75 32 40 0 64 64 103 92 90 103 106 50 68 19 0 70 76 87 81 29 4 92 23 59 14 99 43 53 6 65 32 96 28 44 79 74 110 84 86 50 73 81 13 1 31 64 51 101 38 34 77 17 10 88 34 112 73 79 43 60 108 104 83 49 97 41 43 110 25 59 14 104 113 90 49 111 78 61 17 12 26 68 35 9 55 85 52 74
run=19 seed=18 k=114 f=0
3 52 7 55 74 81 111 34 44 15 64 85 113 31 44 113 17 54 106 73 0 38 71 88 31 79 103 101 76 11 86 78 13 76 82 21 38 96 89 53 60 33 62 18 93 19 104 109 10 42 44 12 1 17 0 26 97 95 110 6 65 43 54 24 21 9 99 83 93 35 32 106 98 80 91 61 51 25 7 4 26 50 33 47 84 33 108 67 22 36 62 104 85 59 21 12 110 27 92 89 0 70 97 57 43 74 43 67 74 70
run=20 seed=19 k=114 f=0
98 8 16 112 92 75 29 81 3 106 104 28 47 78 22 96 10 82 103 9 53 24 71 102 39 93 26 56 36 42 103 43 66 5 111 86 80 15 65 15 70 88 59 39 7 7 49 28 63 55 57 59 38 30 47 108 17 89 80 16 77 56 39 23 90 86 88 76 35 89 106 70 19 54 70 1 94 78 95 93 62 71 45 98 113 109 1 3 100 31 36 30 81 1 89 39 15 111 112 0 53 48 86 100 48 113 3 56 64 45
