run=1 seed=0 k=82 f=0
23 6 5 0 53 9 64 35 31 81 81 12 80 67 36 0 72 36 71 9 51 60 68 43 66 9 81 12 26 72 57 29 58 43 37 70 1 20 66 44 16 76 4 29 79 52 69 1 20 0 50 42 63 62 61 81 4 68 36 18 46 54 74 51 13 57 16 27 67 10 15 60 55 27 81 48 38 33 0 51 43 15 66 75 21 8 29 63 78 23 17 56 1 39 6 27 4 78 8 74 24 32 34 38 46 74 34 22 22 43
run=2 seed=1 k=82 f=0
23 6 5 0 53 9 64 35 31 81 81 12 80 67 36 0 72 36 71 9 51 60 68 43 66 9 81 12 26 72 57 29 58 43 37 70 1 20 66 44 16 76 4 29 79 52 69 1 20 0 50 42 63 62 61 81 4 68 36 18 46 54 74 51 13 57 16 27 67 10 15 60 55 27 81 48 38 33 0 51 43 15 66 75 21 8 29 63 78 23 17 56 1 39 6 27 4 78 8 74 24 32 34 38 46 74 34 22 22 43
run=3 seed=2 k=82 f=0
73 4 0 8 2 38 12 74 0 26 64 63 80 77 47 12 81 42 45 54 47 59 54 51 39 60 81 12 59 34 68 27 33 0 74 77 19 13 19 1 13 40 56 61 75 39 19 8 45 18 1 25 0 55 23 67 21 54 0 22 53 51 73 73 48 81 34 61 17 63 66 81 27 26 8 7 51 19 32 59 68 81 20 31 75 8 36 72 52 50 67 40 21 7 0 81 40 11 3 30 34 33 22 71 8 61 42 46 25 31
run=4 seed=3 k=82 f=0
54 18 47 39 24 62 35 42 46 4 0 71 17 38 31 35 52 59 12 49 79 61 3 23 41 74 31 72 10 12 81 3 59 77 0 50 14 0 16 0 0 66 48 81 67 78 31 7 34 43 46 79 22 75 21 71 38 38 10 77 0 8 0 36 31 33 59 19 30 81 28 46 81 66 14 16 42 73 21 0 45 54 53 8 40 47 65 53 4 5 7 56 79 61 53 67 17 57 14 14 61 26 61 8 74 22 21 23 63 29
run=5 seed=4 k=82 f=0
50 20 13 16 33 0 33 66 7 8 61 75 35 22 14 81 34 4 59 22 55 64 49 0 24 16 36 41 42 27 62 27 55 37 80 32 29 80 55 0 79 15 12 31 11 19 71 15 49 58 51 16 25 50 23 73 1 81 35 3 9 46 54 65 18 48 61 68 6 44 72 60 0 8 43 65 40 72 48 21 42 73 24 49 79 46 81 59 51 52 66 0 3 36 54 29 11 39 8 59 21 14 1 67 71 72 1 32 7 73
run=6 seed=5 k=82 f=0
81 49 20 72 22 40 20 62 77 38 54 55 15 78 27 58 37 66 49 7 70 21 46 32 44 52 40 54 33 81 59 30 76 34 56 39 71 54 47 8 16 17 22 73 68 36 62 58 64 0 0 62 81 41 8 17 65 60 62 4 30 78 8 45 71 1 1 24 80 7 59 28 9 51 16 74 49 65 35 56 10 0 67 79 44 43 72 23 72 26 0 14 67 63 33 2 47 45 8 29 79 16 69 22 26 20 48 33 52 6
run=7 seed=6 k=82 f=0
52 75 19 40 19 1 42 31 26 10 80 8 37 69 81 60 73 35 72 55 8 50 74 29 18 11 64 3 80 77 0 41 24 49 35 15 77 80 40 31 7 65 15 27 32 43 61 47 37 81 53 60 20 2 67 56 57 13 34 1 65 45 6 4 6 72 9 76 19 12 42 68 0 1 55 11 9 47 46 5 81 27 18 24 0 57 29 20 30 46 71 72 49 37 54 60 35 58 51 40 48 24 26 49 13 61 52 63 1 62
run=8 seed=7 k=82 f=0
56 77 11 49 27 10 67 21 0 74 58 7 60 78 20 70 36 51 77 17 47 21 55 33 4 22 17 11 14 80 28 11 38 3 8 38 33 63 49 1 40 53 27 32 54 44 24 27 64 0 59 25 81 19 41 54 45 79 0 15 56 81 48 76 73 38 4 25 28 25 69 21 29 26 9 81 72 0 76 12 61 36 81 15 67 51 45 66 37 60 71 34 29 43 64 81 6 73 49 20 0 50 49 15 42 65 49 61 9 70
run=9 seed=8 k=82 f=0
26 76 17 25 64 78 80 30 65 41 0 32 30 48 67 29 8 22 54 75 11 50 26 70 78 35 52 7 74 34 29 41 21 40 30 67 63 1 7 74 65 17 56 71 14 11 24 10 24 0 9 25 72 0 12 19 47 37 33 37 59 58 52 65 62 43 61 23 63 81 29 18 42 46 49 8 58 1 55 10 71 81 27 81 24 55 16 17 44 78 81 17 42 69 46 70 39 52 0 34 22 6 20 81 44 51 4 2 43 56
run=10 seed=9 k=82 f=0
19 34 38 25 72 37 80 1 64 74 81 75 15 42 42 24 11 43 8 67 17 71 25 7 3 72 17 55 13 44 78 60 0 53 63 9 12 68 29 81 58 76 17 80 78 52 60 73 29 81 1 21 38 39 7 24 54 35 8 15 65 51 7 32 46 56 31 66 29 53 24 43 47 24 0 23 48 80 43 29 47 1 13 76 52 71 56 65 0 62 60 37 78 26 36 61 33 3 38 1 30 60 50 18 22 66 8 44 36 23
run=11 seed=10 k=82 f=0
19 21 11 0 23 16 24 10 25 80 48 75 55 64 0 38 23 64 72 5 12 67 75 61 32 41 39 60 9 28 30 0 13 71 43 44 52 24 30 39 19 18 36 81 81 64 67 42 34 81 81 58 69 8 46 61 79 81 75 56 0 9 49 5 1 3 0 21 57 49 29 2 60 24 14 64 54 7 39 78 50 31 72 56 25 32 51 70 47 75 46 81 65 65 46 17 46 17 78 31 58 26 0 8 63 71 40 79 13 56
run=12 seed=11 k=82 f=0
10 4 1 63 41 36 27 9 51 44 81 50 2 42 46 45 33 62 25 50 75 20 39 54 69 19 0 71 72 9 25 67 29 75 64 35 21 53 59 81 80 0 0 12 36 58 81 7 42 72 35 48 0 80 27 19 18 37 40 14 81 60 0 40 44 63 17 51 13 72 47 2 26 73 8 72 47 24 62 77 56 32 27 15 26 15 56 44 4 78 65 34 57 31 5 67 14 12 60 72 10 75 60 64 4 53 56 81 18 50
run=13 seed=12 k=82 f=0
54 39 46 48 17 50 22 58 64 62 72 68 5 39 66 50 71 56 28 16 61 0 42 71 71 0 79 33 2 0 29 21 47 19 38 75 0 2 46 74 7 67 29 15 36 14 1 22 54 25 56 74 43 2 42 80 47 25 43 58 16 12 3 78 35 32 58 81 34 39 49 41 7 59 35 58 70 21 4 54 79 11 41 67 52 38 62 31 49 10 81 81 19 28 4 10 65 32 35 61 72 21 49 81 25 10 79 14 15 19
run=14 seed=13 k=82 f=0
44 6 54 20 1 9 40 16 22 33 57 38 0 1 81 56 72 48 46 70 24 33 36 28 80 35 37 58 29 46 42 65 49 74 61 70 4 33 40 71 65 52 23 41 28 17 23 1 11 63 81 69 0 72 58 68 21 32 16 0 19 18 72 14 50 54 60 41 0 56 41 24 28 56 81 30 17 7 45 15 10 39 31 1 79 40 54 74 50 6 64 9 24 52 67 65 13 78 15 79 81 60 51 46 29 12 75 42 0 23
run=15 seed=14 k=82 f=0
14 77 71 19 45 31 53 59 43 68 63 71 34 79 58 30 17 58 16 0 18 59 14 40 42 36 61 2 38 70 67 9 9 67 31 39 37 13 27 28 33 24 81 51 73 65 17 0 45 9 46 26 81 53 1 76 1 50 81 51 29 20 66 43 46 22 63 11 48 1 50 79 0 0 73 61 61 27 31 64 66 37 10 21 72 74 64 80 7 26 21 7 81 60 0 37 10 22 78 39 81 6 1 56 54 44 44 52 54 51
run=16 seed=15 k=82 f=0
40 74 36 51 53 3 30 35 10 51 30 68 50 33 22 81 45 31 38 71 36 4 31 59 73 71 72 63 43 42 64 27 7 23 24 43 47 73 67 56 18 0 49 65 21 1 26 57 8 0 81 79 36 15 40 28 78 15 20 10 52 55 75 57 56 46 6 64 61 0 65 24 27 31 81 33 17 25 10 35 68 46 36 6 52 68 17 11 16 11 79 80 42 0 45 15 4 78 69 81 6 33 55 60 44 73 49 65 32 24
run=17 seed=16 k=82 f=0
37 14 15 26 63 74 74 12 44 72 62 42 57 9 14 40 2 68 13 52 68 58 48 47 22 45 3 62 0 60 64 26 42 58 44 0 77 81 27 24 52 19 49 42 71 0 22 35 70 61 18 27 81 34 32 64 73 50 43 63 27 80 53 22 70 25 36 4 4 11 75 57 52 64 11 58 56 37 12 21 49 81 16 5 32 72 36 78 48 55 31 19 1 13 53 38 41 8 57 8 0 32 75 19 77 7 61 2 69 30
run=18 seed=17 k=82 f=0
71 40 76 60 4 52 38 65 45 43 16 46 67 47 23 53 60 4 29 7 31 19 50 30 68 43 51 81 59 5 0 76 0 57 80 62 64 81 74 30 65 0 13 45 42 54 49 70 25 34 24 20 81 61 38 1 46 39 49 33 9 24 21 68 33 27 66 9 68 40 75 4 0 75 19 21 10 18 81 56 12 38 60 47 58 47 52 81 79 28 10 0 35 51 0 25 37 16 10 19 70 78 74 70 41 16 25 79 72 12
run=19 seed=18 k=82 f=0
61 50 23 56 10 59 18 43 38 0 39 44 9 8 22 64 29 14 54 48 9 35 48 42 49 47 3 14 27 13 41 22 56 78 36 27 29 25 31 78 61 15 52 43 15 17 79 50 64 81 34 36 9 76 35 10 61 1 68 80 72 4 80 67 71 0 4 58 57 69 41 70 0 48 58 5 18 28 28 73 0 42 31 6 80 35 20 80 58 3 66 18 81 20 34 61 52 54 72 73 28 12 16 36 1 40 50 67 21 75
run=20 seed=19 k=82 f=0
61 51 25 44 22 19 38 51 77 36 70 6 65 0 15 35 9 53 7 49 63 21 60 3 0 45 52 51 10 74 30 73 38 14 38 42 20 78 61 71 61 31 68 59 67 80 1 48 56 0 18 53 25 47 5 40 65 0 39 12 72 59 56 38 34 65 28 22 81 25 31 46 16 28 62 11 73 12 16 21 55 0 0 23 7 47 81 34 77 19 56 0 79 79 49 44 40 65 62 33 79 30 78 36 27 8 47 7 66 69
