run=1 seed=0 k=111 f=0
34 61 94 46 56 67 103 2 96 83 14 91 65 16 41 50 87 18 94 53 34 20 9 3 64 96 24 74 55 85 76 1 109 84 17 84 50 9 37 59 93 60 100 47 110 82 65 75 21 67 110 33 57 8 74 23 29 101 85 25 76 99 56 38 93 14 88 38 76 100 2 0 10 29 29 39 5 53 96 11 69 102 34 56 44 21 45 74 11 109 92 24 83 15 76 65 63 36 24 59 84 70 35 106 109 6 74 110 33 0
run=2 seed=1 k=111 f=0
34 61 94 46 56 67 103 2 96 83 14 91 65 16 41 50 87 18 94 53 34 20 9 3 64 96 24 74 55 85 76 1 109 84 17 84 50 9 37 59 93 60 100 47 110 82 65 75 21 67 110 33 57 8 74 23 29 101 85 25 76 99 56 38 93 14 88 38 76 100 2 0 10 29 29 39 5 53 96 11 69 102 34 56 44 21 45 74 11 109 92 24 83 15 76 65 63 36 24 59 84 70 35 106 109 6 74 110 33 0
run=3 seed=2 k=111 f=0
16 40 72 44 9 6 78 90 61 40 109 110 110 50 80 30 7 67 93 28 86 10 19 77 24 54 98 73 84 27 64 105 31 16 61 99 4 57 23 46 110 17 99 80 67 25 0 47 71 88 71 18 35 75 42 36 27 103 97 44 0 75 90 108 65 69 94 89 68 61 48 55 20 89 27 83 98 17 42 0 0 50 19 33 59 59 79 52 44 94 11 1 99 101 108 73 1 12 103 27 40 83 16 61 12 95 36 110 5 103
run=4 seed=3 k=111 f=0
105 93 56 45 14 55 6 7 31 76 37 4 90 34 67 108 88 49 30 108 58 34 100 23 82 70 53 25 73 13 7 43 16 110 109 48 72 28 102 39 0 101 40 35 0 49 99 94 99 15 65 97 43 54 0 14 72 83 15 10 107 25 85 101 85 75 17 38 2 89 7 18 81 109 61 9 105 101 77 39 21 83 0 75 27 3 31 78 49 78 30 51 47 95 56 21 19 57 60 21 96 88 95 23 94 59 82 66 33 110
run=5 seed=4 k=111 f=0
47 96 15 71 100 85 54 58 65 71 39 0 29 47 100 36 102 20 110 57 108 50 66 12 65 79 40 34 75 106 23 85 91 36 91 7 10 106 81 75 7 44 75 62 92 84 40 25 17 110 57 11 28 65 11 17 54 62 76 18 63 55 102 93 90 95 35 8 30 27 86 39 72 22 52 105 73 79 19 0 0 13 44 27 100 43 42 95 1 5 54 6 83 83 43 46 33 49 45 2 77 103 86 91 66 4 84 5 48 68
run=6 seed=5 k=111 f=0
55 94 64 108 25 59 35 95 35 68 52 13 1 87 110 80 16 42 4 92 27 8 78 81 18 30 96 85 46 25 69 36 64 65 33 53 74 9 37 27 41 109 50 32 47 105 57 25 89 61 2 75 80 57 20 73 76 18 101 110 23 32 68 87 28 84 16 101 18 56 72 96 108 9 97 47 41 48 61 13 89 68 107 103 43 93 0 71 4 6 37 2 101 0 58 80 60 46 53 95 41 64 106 37 73 46 105 17 15 52
run=7 seed=6 k=111 f=0
102 34 5 100 80 2 97 84 34 10 78 108 21 14 34 23 64 9 46 16 84 9 97 86 98 103 18 48 50 73 75 75 80 52 66 70 72 32 66 93 95 36 43 26 14 40 51 47 87 55 60 1 46 99 18 58 27 60 67 42 96 89 9 71 100 77 34 70 0 42 2 33 14 50 37 11 68 0 94 96 107 56 97 91 44 107 78 30 18 84 11 24 2 58 0 110 39 5 10 90 3 81 110 23 6 66 60 25 8 28
run=8 seed=7 k=111 f=0
64 58 86 36 1 3 65 73 78 13 41 109 68 90 52 42 103 110 95 0 92 7 0 26 85 66 109 96 34 1 42 15 12 18 18 101 72 27 61 103 70 34 38 12 65 32 54 55 94 86 55 56 22 55 80 106 9 4 109 2 41 75 62 59 85 88 99 106 65 95 1 44 77 19 50 72 40 43 23 99 27 83 21 95 77 88 31 63 85 74 78 53 35 56 22 10 17 53 6 95 104 17 81 10 101 26 40 30 78 2
run=9 seed=8 k=111 f=0
70 73 102 2 75 7 34 99 14 26 46 49 1 98 96 88 0 98 26 104 54 16 108 33 94 9 94 44 0 42 74 99 56 28 90 24 88 67 61 22 67 20 13 55 35 30 109 62 57 79 109 54 19 46 83 106 12 79 33 109 65 60 100 110 35 80 73 51 63 23 91 102 105 14 50 0 88 51 10 19 5 110 25 42 84 105 31 83 64 62 65 76 75 15 77 3 47 39 20 35 62 0 35 96 25 6 11 44 59 88
run=10 seed=9 k=111 f=0
88 20 38 37 59 89 65 52 42 48 97 94 55 0 64 51 48 106 25 106 74 86 34 72 3 64 18 7 85 96 109 11 102 72 106 67 71 61 27 22 27 80 4 82 79 46 108 108 40 75 45 25 101 91 32 9 67 33 29 31 0 16 84 19 81 66 95 66 44 57 56 106 110 2 86 54 0 85 0 22 101 36 54 92 58 92 28 105 15 11 15 16 45 40 109 39 69 83 46 45 2 57 57 8 88 78 5 25 8 93
run=11 seed=10 k=111 f=0
25 108 5 106 105 107 97 80 95 2 30 98 47 48 66 10 7 110 0 105 24 67 43 63 73 35 55 82 64 0 25 84 1 102 26 31 90 37 17 74 32 5 61 13 95 109 40 40 46 84 86 21 104 76 25 1 14 39 59 59 57 37 13 49 53 20 86 86 38 39 14 53 0 8 96 52 74 23 92 12 45 99 30 90 78 99 75 72 58 18 30 5 55 103 24 72 12 22 67 86 62 81 79 65 45 16 32 60 96 70
run=12 seed=11 k=111 f=0
59 53 90 110 60 0 97 12 33 12 62 5 32 41 41 10 46 86 20 27 34 44 19 6 86 1 31 77 70 94 25 70 88 22 35 90 45 67 103 68 103 55 31 76 96 81 30 49 19 79 64 88 70 102 51 96 76 25 18 24 61 66 9 39 46 61 22 54 97 42 13 94 28 0 108 46 41 51 86 80 110 2 109 5 8 16 97 73 76 64 97 80 63 35 0 92 82 105 108 17 88 76 92 37 39 105 12 80 16 10
run=13 seed=12 k=111 f=0
67 72 35 25 90 36 42 87 1 9 70 97 23 28 43 24 24 49 74 103 93 62 63 91 108 33 41 56 63 110 73 41 99 18 44 18 20 0 44 106 51 18 68 7 66 5 65 66 54 2 14 78 63 0 59 108 105 87 27 57 90 89 50 100 98 24 87 33 83 71 40 37 106 71 83 66 93 1 36 53 8 50 84 29 2 32 11 63 14 110 12 52 79 80 97 78 105 77 29 77 35 28 6 45 60 0 51 101 81 95
run=14 seed=13 k=111 f=0
63 77 6 73 30 91 13 29 38 91 25 1 37 54 88 24 70 31 72 36 8 41 109 30 82 46 99 13 90 58 63 0 24 65 41 49 43 4 45 31 109 77 51 37 11 83 58 46 55 7 19 71 16 56 19 58 102 107 60 61 63 108 6 78 72 15 0 52 86 47 95 18 110 73 103 23 66 0 50 68 93 110 26 39 99 8 87 90 29 0 97 81 48 72 39 108 28 25 101 100 84 96 82 37 15 53 40 81 37 96
run=15 seed=14 k=111 f=0
10 55 78 81 54 110 56 87 42 40 110 106 102 42 92 47 17 10 17 56 70 21 0 12 23 109 91 52 20 72 4 88 21 3 0 8 97 51 96 83 100 26 78 18 105 4 69 54 41 49 49 76 59 79 39 101 10 71 35 83 33 64 1 26 69 12 34 3 3 4 103 46 67 33 95 107 34 40 12 66 98 61 86 60 44 48 0 107 102 70 58 29 76 73 33 18 64 77 1 61 36 15 28 24 76 64 91 76 60 82
run=16 seed=15 k=111 f=0
36 18 41 38 98 33 48 91 73 10 95 70 26 2 49 110 56 98 11 109 74 98 63 76 64 85 67 102 34 54 110 59 13 70 54 6 4 14 47 20 15 102 1 49 45 81 88 43 12 41 45 22 1 70 110 65 3 110 36 34 92 78 51 24 103 82 79 102 49 27 63 89 109 95 76 43 20 5 20 106 90 26 92 53 82 40 31 85 108 8 60 8 83 52 93 29 97 50 72 75 81 26 26 100 61 67 97 8 110 65
run=17 seed=16 k=111 f=0
0 39 18 76 51 85 49 100 36 45 71 61 11 10 102 97 45 35 9 54 104 50 54 63 14 19 109 61 98 0 1 2 91 108 80 16 53 52 90 110 38 28 1 101 81 97 43 58 76 54 69 76 102 64 73 6 102 66 79 106 26 73 110 9 81 20 88 59 13 93 83 22 110 83 94 89 68 27 36 55 20 44 48 61 95 20 68 47 106 79 39 20 30 90 25 45 90 2 4 39 36 33 58 88 5 16 57 74 9 29
run=18 seed=17 k=111 f=0
108 26 90 86 44 3 88 42 110 74 102 75 42 64 75 89 70 0 68 69 50 80 59 109 38 61 43 28 25 65 103 40 84 22 24 58 90 57 13 99 6 17 66 74 9 36 45 48 110 97 57 73 30 82 32 82 52 59 59 18 88 105 64 80 109 18 39 28 9 22 105 67 39 23 51 109 106 79 25 18 1 98 92 7 91 3 19 32 100 43 51 76 103 56 95 85 75 12 54 25 32 46 92 2 35 12 10 37 100 14
run=19 seed=18 k=111 f=0
86 52 43 39 43 23 45 58 67 110 37 8 19 56 1 110 101 72 101 47 24 95 104 29 54 91 51 8 110 1 36 0 34 34 19 36 56 93 17 46 84 54 105 30 37 26 14 12 66 58 98 9 41 32 3 110 9 108 16 82 109 73 79 83 27 99 101 23 105 11 11 19 0 12 49 68 52 74 6 48 62 88 36 43 78 100 29 91 34 17 62 87 88 31 12 67 71 96 80 65 79 104 25 75 99 74 4 89 20 5
run=20 seed=19 k=111 f=0
11 21 47 82 61 99 44 75 38 52 91 108 100 1 88 9 25 73 94 100 37 48 65 63 3 13 15 35 95 6 56 105 54 53 102 30 26 0 104 61 76 25 85 18 71 83 62 107 97 59 27 17 0 33 41 27 53 2 62 82 89 57 78 95 66 11 109 16 16 44 102 76 69 42 34 79 34 110 7 31 0 87 49 110 74 19 79 95 29 65 69 26 46 91 107 12 102 8 67 90 43 38 41 49 43 109 72 2 70 85
