run=1 seed=0 k=78 f=0
46 73 1 28 0 27 33 69 12 57 9 6 56 74 32 55 9 31 69 57 2 30 2 50 74 52 68 23 55 59 37 12 66 22 16 49 53 55 31 73 13 50 75 66 18 27 16 61 33 0 44 12 77 61 13 0 37 17 68 0 59 63 68 45 40 50 68 42 42 19 38 38 16 0 69 5 8 35 34 24 77 24 75 5 18 9 25 77 2 19 41 48 76 11 29 62 2 66 21 36 45 22 28 43 77 5 60 38 6 62
run=2 seed=1 k=78 f=0
46 73 1 28 0 27 33 69 12 57 9 6 56 74 32 55 9 31 69 57 2 30 2 50 74 52 68 23 55 59 37 12 66 22 16 49 53 55 31 73 13 50 75 66 18 27 16 61 33 0 44 12 77 61 13 0 37 17 68 0 59 63 68 45 40 50 68 42 42 19 38 38 16 0 69 5 8 35 34 24 77 24 75 5 18 9 25 77 2 19 41 48 76 11 29 62 2 66 21 36 45 22 28 43 77 5 60 38 6 62
run=5 seed=4 k=78 f=0
29 33 20 26 73 25 75 66 33 10 35 21 33 40 77 77 35 71 5 63 3 49 2 18 16 18 34 17 29 75 0 19 8 40 64 14 36 49 57 45 55 11 31 36 66 14 60 63 50 27 12 3 9 51 13 7 39 0 43 43 42 26 3 4 0 42 47 0 71 65 64 75 0 25 56 0 77 43 53 69 59 31 54 22 25 61 77 5 22 45 52 8 41 52 34 75 22 59 63 0 24 6 73 69 16 65 69 73 50 63
run=6 seed=5 k=78 f=0
59 48 61 25 4 0 67 47 62 72 36 16 65 22 30 30 68 6 57 45 59 4 37 3 10 19 43 6 72 69 13 20 77 32 74 70 1 64 77 47 77 0 23 16 46 71 77 26 53 77 34 16 44 12 73 38 64 23 67 64 35 77 44 49 11 54 2 21 77 52 13 31 26 38 59 33 8 17 8 47 39 50 76 41 27 10 0 60 27 38 54 0 0 52 0 54 55 62 59 45 25 40 4 8 19 15 52 18 10 29
run=7 seed=6 k=78 f=0
19 4 19 52 5 69 9 20 13 69 44 35 23 41 33 38 61 23 45 18 50 22 62 29 30 38 68 8 64 0 32 13 55 74 76 59 27 43 37 48 57 0 1 11 0 61 70 38 21 77 77 74 0 54 33 54 19 70 77 17 45 65 61 51 11 29 58 8 63 37 16 2 68 39 8 39 47 45 8 77 71 28 0 64 34 4 29 18 0 71 13 56 43 42 55 27 23 12 45 61 64 74 49 53 69 77 27 77 9 15
run=8 seed=7 k=78 f=0
41 48 64 60 13 17 67 23 43 22 0 10 22 57 35 70 7 22 77 26 11 21 15 16 61 61 68 64 76 1 0 3 54 74 0 58 18 0 6 28 11 17 65 32 51 3 21 62 24 77 50 47 52 31 11 50 48 70 35 15 68 30 33 47 33 77 0 39 65 43 29 50 0 61 37 8 7 77 50 65 41 56 27 55 77 45 16 31 18 71 10 16 0 0 7 41 40 34 57 41 63 74 20 43 59 77 53 1 24 30
run=11 seed=10 k=78 f=0
27 4 0 20 14 61 5 54 38 62 59 20 73 3 54 46 61 30 25 11 39 15 47 51 11 17 40 37 77 77 23 75 0 14 2 59 76 76 21 67 66 19 0 19 0 59 68 69 53 77 12 37 0 57 40 26 66 45 1 66 45 29 6 50 6 46 26 76 51 60 23 3 68 34 8 45 34 6 68 65 8 32 0 64 26 22 36 28 14 71 12 46 29 54 20 34 55 11 52 7 39 39 32 28 77 18 52 16 0 42
run=12 seed=11 k=78 f=0
42 28 76 52 41 21 46 27 65 9 0 61 38 12 22 11 16 71 18 30 71 3 54 77 23 58 0 30 55 33 27 56 5 3 61 37 35 56 39 77 20 77 47 65 77 55 11 53 69 0 66 70 32 5 12 76 26 13 63 32 51 52 30 25 67 8 34 64 22 43 64 1 9 28 41 13 45 60 51 16 47 35 36 33 42 67 77 9 61 6 47 77 74 72 4 18 38 44 2 29 71 17 74 23 9 60 3 0 25 48
run=13 seed=12 k=78 f=0
52 45 2 57 27 9 2 32 16 16 77 58 30 66 76 66 23 6 77 18 6 74 51 11 28 61 47 62 26 27 55 23 6 74 63 36 1 39 45 36 77 0 65 28 58 14 12 1 8 77 19 15 41 52 18 50 35 45 30 41 16 9 77 48 57 59 43 0 59 72 55 77 68 70 32 73 67 64 68 41 14 43 33 26 49 21 0 1 76 71 57 0 67 69 49 12 35 29 65 77 6 21 4 50 38 25 58 26 38 13
run=15 seed=14 k=78 f=0
26 47 24 54 65 28 52 66 36 15 38 16 70 61 39 55 45 6 22 29 65 6 63 62 67 19 43 50 29 76 12 41 12 74 38 23 43 49 8 64 68 59 23 16 14 34 34 45 8 77 19 7 28 49 40 1 8 77 20 37 68 28 5 63 17 60 74 5 77 0 13 0 38 22 54 70 8 28 11 48 32 0 77 32 52 1 0 8 20 71 56 0 30 59 47 58 50 51 31 68 75 73 3 60 71 6 46 15 35 35
run=16 seed=15 k=78 f=0
14 4 37 38 65 57 3 31 9 35 14 44 0 11 20 59 68 54 26 35 28 19 5 55 17 41 1 62 40 71 32 40 50 38 56 70 3 76 49 27 45 9 0 11 77 58 50 49 52 77 63 48 0 47 64 23 33 36 64 31 25 8 19 30 69 40 66 69 53 9 47 75 34 67 15 22 2 17 45 42 0 71 30 9 77 77 60 30 18 6 9 22 32 53 44 58 76 18 38 70 16 63 56 9 3 43 28 74 23 22
