run=1 seed=0 k=93 f=0
11 69 74 70 52 70 7 11 48 92 28 16 27 46 63 75 59 52 41 1 22 44 75 33 57 19 3 0 19 61 69 8 40 78 60 55 32 25 39 79 53 71 87 82 65 92 20 56 49 75 26 64 35 0 6 18 14 56 52 87 9 24 39 67 66 90 55 33 63 17 0 44 26 20 43 26 9 78 88 86 92 34 31 33 79 6 91 45 89 29 72 58 13 73 48 47 87 64 81 38 81 1 10 83 17 50 35 3 90 1
run=2 seed=1 k=93 f=0
11 69 74 70 52 70 7 11 48 92 28 16 27 46 63 75 59 52 41 1 22 44 75 33 57 19 3 0 19 61 69 8 40 78 60 55 32 25 39 79 53 71 87 82 65 92 20 56 49 75 26 64 35 0 6 18 14 56 52 87 9 24 39 67 66 90 55 33 63 17 0 44 26 20 43 26 9 78 88 86 92 34 31 33 79 6 91 45 89 29 72 58 13 73 48 47 87 64 81 38 81 1 10 83 17 50 35 3 90 1
run=3 seed=2 k=93 f=0
29 86 36 38 57 27 12 40 36 66 35 80 24 90 66 92 26 43 46 9 68 30 86 71 1 83 62 81 58 0 51 4 44 12 31 60 39 78 86 73 79 62 32 0 63 86 6 6 45 36 27 44 0 15 69 92 86 4 43 73 18 42 79 58 49 15 64 86 22 19 51 12 9 17 92 50 84 49 55 81 37 77 67 23 90 33 74 91 0 6 57 0 9 58 32 63 42 54 52 51 70 23 70 66 75 51 21 54 8 15
run=4 seed=3 k=93 f=0
49 10 53 0 42 38 44 83 55 0 25 21 54 41 4 0 24 78 92 15 50 77 17 60 46 33 26 28 50 39 57 22 42 28 50 28 36 57 11 63 65 4 66 11 61 92 2 89 44 62 10 4 15 14 88 73 29 12 92 15 91 88 46 46 48 0 67 6 35 87 39 78 82 83 7 74 30 77 43 31 68 57 80 19 63 70 53 48 82 70 23 74 91 68 29 1 91 3 12 20 83 57 81 73 55 87 22 24 18 0
run=5 seed=4 k=93 f=0
25 32 20 14 61 62 66 84 21 35 70 44 64 83 79 80 63 14 43 54 20 88 45 26 74 54 54 8 51 67 72 6 92 57 79 57 14 22 49 58 20 14 67 72 92 50 48 10 92 38 45 17 78 51 3 37 0 2 45 51 0 17 51 31 11 0 27 27 62 78 48 85 70 73 86 92 81 6 79 51 71 34 44 76 28 33 21 89 37 44 42 36 17 0 8 92 0 28 7 52 22 64 12 8 3 69 58 76 38 26
run=6 seed=5 k=93 f=0
81 64 80 72 20 92 74 1 33 46 48 85 77 92 66 40 16 0 47 25 73 52 51 45 90 28 88 18 10 28 46 92 24 12 88 14 29 45 55 56 3 67 61 18 9 48 12 81 35 7 55 66 59 55 74 24 2 91 59 57 92 77 58 86 19 65 51 1 17 37 22 65 44 16 51 41 37 62 36 85 81 30 9 35 6 38 79 10 87 39 1 68 13 37 29 81 22 0 8 52 74 21 76 71 91 7 61 42 81 66
run=7 seed=6 k=93 f=0
8 1 6 86 92 5 74 31 15 47 43 78 28 10 81 41 63 26 55 78 31 82 13 52 22 15 78 54 30 33 44 17 72 92 38 11 0 68 74 64 25 0 37 14 33 47 90 52 92 41 58 86 5 26 59 81 11 21 68 90 50 59 75 0 1 23 3 1 59 42 75 39 22 12 83 86 32 5 9 17 74 48 88 8 23 38 32 67 57 53 91 16 45 72 80 53 1 57 19 45 66 29 88 70 89 33 37 43 20 76
run=8 seed=7 k=93 f=0
27 87 77 66 71 29 20 62 39 47 84 3 23 24 59 28 7 70 35 60 20 8 33 11 90 54 82 91 13 20 0 67 0 35 88 57 11 6 72 52 58 13 81 42 77 86 3 3 92 38 31 35 81 43 49 20 24 37 39 40 47 17 12 89 91 88 51 62 92 3 0 78 15 66 29 55 55 92 50 32 0 81 69 23 75 76 64 50 78 19 45 15 14 70 7 55 89 23 8 13 60 32 68 72 1 18 61 48 41 44
run=9 seed=8 k=93 f=0
26 59 24 34 44 31 37 12 39 37 17 18 22 52 60 39 57 0 71 34 69 22 42 66 7 33 44 67 19 57 79 90 0 75 11 50 88 38 46 79 2 62 52 13 56 48 42 7 74 65 27 87 24 81 61 82 36 12 44 85 92 65 73 87 68 19 49 28 8 78 15 58 83 30 46 50 55 8 76 51 1 28 46 28 54 38 7 88 26 71 72 83 82 45 17 4 62 0 56 92 20 33 92 40 92 6 3 60 15 13
run=10 seed=9 k=93 f=0
16 15 14 29 86 53 35 92 80 76 38 8 30 83 79 62 42 49 9 11 92 53 46 57 5 60 66 35 62 88 54 74 3 65 1 45 57 75 83 24 37 67 22 92 31 91 63 12 75 0 21 1 19 56 4 43 27 71 0 70 67 23 27 35 15 67 10 54 82 44 80 0 27 12 11 48 24 76 58 17 19 35 33 56 24 39 88 0 53 72 63 46 54 90 45 30 8 35 91 82 43 83 92 51 76 50 28 1 12 30
run=11 seed=10 k=93 f=0
85 31 33 80 6 35 32 65 26 47 14 7 0 69 91 49 44 18 83 69 90 65 64 72 79 35 88 16 39 63 57 11 34 28 70 42 29 50 8 53 10 60 41 24 57 45 91 16 86 61 1 86 0 31 83 57 52 78 46 2 23 15 86 69 92 71 18 26 2 15 10 38 77 22 92 40 80 41 35 27 75 20 92 1 26 12 52 51 73 6 60 56 50 64 41 74 19 69 4 64 92 92 28 15 85 6 55 6 24 80
run=12 seed=11 k=93 f=0
50 57 13 25 59 37 39 31 65 37 14 13 45 26 25 1 16 83 33 38 31 82 88 8 46 74 46 11 89 72 39 18 2 71 40 71 41 90 44 92 2 25 20 67 54 68 42 73 81 0 56 7 61 11 59 0 51 59 47 63 36 88 80 41 64 25 55 72 6 16 10 0 45 34 29 83 86 90 88 82 92 65 7 51 73 15 92 63 76 6 75 1 67 19 8 79 78 53 18 50 76 29 67 23 55 84 32 53 34 50
run=13 seed=12 k=93 f=0
48 70 23 46 64 22 36 34 83 36 40 59 28 89 37 48 85 60 32 50 90 36 72 73 27 7 83 86 66 92 57 23 80 90 11 12 10 46 54 19 10 60 11 31 87 43 11 54 34 77 24 14 65 0 81 3 45 67 15 18 42 66 40 37 72 13 84 8 5 4 28 74 92 88 17 36 89 59 69 10 74 83 75 0 30 1 53 17 74 71 53 21 91 0 58 64 38 2 44 68 53 83 48 23 85 60 45 63 35 29
run=14 seed=13 k=93 f=0
18 5 0 24 16 28 35 92 80 56 3 92 13 88 92 67 45 17 26 39 92 17 79 57 89 30 92 0 29 46 5 46 48 0 40 41 43 46 33 85 74 74 60 77 75 54 88 6 10 65 63 44 0 53 37 15 0 5 27 30 52 0 22 8 21 41 66 43 58 33 24 69 84 26 91 89 92 1 66 37 10 34 53 80 84 68 74 83 92 56 77 53 23 8 18 71 51 35 20 67 62 78 38 19 12 32 49 69 15 81
run=15 seed=14 k=93 f=0
70 86 75 80 86 8 77 37 29 55 33 92 36 21 15 78 16 41 46 76 42 15 71 51 87 89 91 86 0 16 72 25 92 57 76 68 39 73 92 51 60 69 31 91 69 30 12 0 57 75 43 30 0 11 82 20 1 8 61 50 25 2 73 5 46 49 17 12 52 36 50 62 9 21 63 20 64 71 85 84 34 92 84 13 6 64 35 4 57 54 77 67 46 33 23 0 84 82 10 35 63 19 7 45 23 26 64 58 26 29
run=16 seed=15 k=93 f=0
43 53 21 61 79 3 31 12 92 51 55 86 47 35 37 59 55 74 41 35 74 31 59 18 13 23 89 17 25 78 63 23 75 82 69 6 4 38 63 92 44 92 50 91 92 21 71 19 48 92 54 8 1 0 59 45 48 54 16 36 79 45 54 9 72 28 59 25 64 26 17 72 39 82 32 28 62 69 45 92 85 9 71 0 3 11 66 34 90 42 63 27 3 81 1 90 16 29 78 78 18 63 72 12 79 28 1 80 2 85
run=17 seed=16 k=93 f=0
46 37 89 3 48 70 91 62 0 25 90 89 20 71 62 66 39 10 0 39 29 9 78 59 73 92 67 4 45 33 57 21 85 41 26 0 58 22 82 72 9 14 88 59 15 41 34 78 6 47 18 30 62 38 76 52 92 11 2 42 74 54 88 67 32 30 55 5 47 47 55 18 15 51 30 55 5 90 63 43 85 73 18 3 79 0 83 80 6 19 29 71 36 64 31 14 87 33 19 44 60 80 0 24 54 91 15 38 25 78
run=18 seed=17 k=93 f=0
71 27 34 59 0 38 91 92 50 8 1 39 64 28 55 13 0 10 71 25 73 83 12 84 65 49 2 86 48 35 57 4 24 29 29 46 61 17 11 48 64 36 82 48 35 31 71 30 85 33 92 9 23 92 73 6 10 0 54 55 15 0 13 41 46 78 66 46 63 10 92 19 57 78 64 81 92 71 14 17 22 47 65 53 89 9 77 46 22 88 41 38 92 27 80 67 15 69 0 58 59 91 39 7 78 35 3 87 19 71
run=19 seed=18 k=93 f=0
86 22 51 84 18 70 72 1 88 30 40 1 82 81 92 41 55 18 53 55 48 82 44 0 6 92 76 2 18 46 35 92 59 11 73 57 77 60 20 34 89 0 51 32 26 42 77 51 83 38 11 57 74 9 42 26 46 68 74 15 8 72 16 85 33 6 44 81 16 63 30 61 65 21 0 82 82 32 26 17 68 32 62 76 7 7 47 55 28 68 49 92 27 39 58 67 2 27 89 91 87 92 44 16 84 11 3 43 23 25
run=20 seed=19 k=93 f=0
60 50 57 2 52 73 63 29 86 1 83 1 41 4 27 22 11 48 40 8 15 65 62 30 92 40 44 14 29 90 60 74 83 88 69 8 38 21 47 74 22 45 78 84 84 7 79 65 56 19 81 71 28 29 7 52 9 91 92 58 74 33 39 63 13 11 10 13 37 74 34 25 92 17 0 18 92 11 53 21 2 59 45 55 25 52 83 59 43 71 66 1 1 67 48 70 36 46 88 32 91 80 51 66 63 46 18 2 52 89
