run=1 seed=0 k=92 f=0
12 44 12 57 33 72 58 18 61 1 82 33 8 60 55 53 9 19 10 10 33 77 83 49 73 40 30 38 39 13 88 91 76 78 72 4 43 57 4 67 80 27 87 27 0 1 22 21 49 26 4 78 65 84 47 38 2 90 19 39 57 14 48 33 29 11 33 30 69 90 71 59 82 25 0 51 51 64 46 0 62 40 1 12 0 33 91 73 10 54 17 64 45 81 88 40 47 74 86 63 20 23 22 16 55 29 47 86 41 72
run=2 seed=1 k=92 f=0
12 44 12 57 33 72 58 18 61 1 82 33 8 60 55 53 9 19 10 10 33 77 83 49 73 40 30 38 39 13 88 91 76 78 72 4 43 57 4 67 80 27 87 27 0 1 22 21 49 26 4 78 65 84 47 38 2 90 19 39 57 14 48 33 29 11 33 30 69 90 71 59 82 25 0 51 51 64 46 0 62 40 1 12 0 33 91 73 10 54 17 64 45 81 88 40 47 74 86 63 20 23 22 16 55 29 47 86 41 72
run=3 seed=2 k=92 f=0
9 65 60 16 61 68 36 34 49 66 27 36 41 31 15 41 21 84 7 36 89 0 61 25 91 3 57 48 42 37 9 31 3 0 14 8 87 91 82 62 0 21 62 4 16 20 76 85 70 29 82 13 61 85 25 77 0 78 60 78 45 58 19 12 9 40 21 35 80 66 55 1 91 31 38 46 22 8 4 62 54 68 13 72 13 54 78 46 53 67 69 43 88 43 50 19 73 52 28 51 76 25 90 14 52 35 86 1 91 49
run=4 seed=3 k=92 f=0
5 16 24 31 69 29 44 91 81 79 50 44 10 0 57 60 18 0 53 40 82 68 43 65 72 41 73 50 37 6 10 2 91 21 5 37 34 54 12 64 60 64 45 63 80 79 1 89 72 91 22 24 50 41 85 40 14 17 91 22 61 49 63 74 73 0 57 38 10 90 8 55 25 27 32 85 8 53 18 20 32 75 69 66 27 46 81 39 88 58 0 2 74 14 5 35 46 11 0 17 90 86 85 2 59 23 81 19 14 67
run=5 seed=4 k=92 f=0
68 84 71 79 37 77 65 15 20 88 64 60 4 12 74 20 55 6 60 16 8 42 0 71 33 64 18 28 55 88 0 91 60 70 18 67 52 84 45 37 49 55 51 63 73 90 6 10 20 47 63 25 38 46 39 0 77 11 36 10 12 55 42 17 34 91 74 65 27 2 32 4 0 81 79 5 45 30 81 15 0 69 35 60 48 44 91 56 40 25 23 90 52 42 83 23 75 29 5 22 26 79 32 73 1 17 30 54 11 86
run=6 seed=5 k=92 f=0
60 48 42 64 37 90 56 0 29 77 68 81 64 2 2 54 39 25 11 2 9 34 59 21 43 77 47 20 44 32 66 26 45 53 55 74 71 44 9 28 57 62 35 63 1 7 17 7 53 0 9 76 12 19 71 22 45 86 40 91 20 62 17 7 61 39 32 30 87 82 84 0 66 38 59 32 50 72 21 11 80 71 78 15 52 55 31 0 14 49 78 76 25 8 83 91 18 44 5 0 90 15 28 91 30 51 84 55 40 86
run=7 seed=6 k=92 f=0
74 47 36 79 35 53 50 10 62 9 23 27 0 70 50 31 30 73 63 76 61 72 76 36 85 12 2 28 9 67 79 88 69 28 0 9 64 90 57 36 17 68 81 24 6 6 55 37 41 21 28 29 0 11 63 69 82 22 34 39 84 67 25 5 43 78 63 76 5 57 36 52 58 57 51 25 0 11 13 27 19 45 14 16 52 78 67 47 39 87 90 68 16 1 57 0 53 91 21 45 53 17 37 75 89 83 81 91 91 61
run=8 seed=7 k=92 f=0
37 11 76 87 5 73 75 57 63 21 91 30 28 89 47 79 65 10 40 18 57 43 36 34 57 25 67 81 70 76 0 88 90 17 82 20 52 50 34 66 28 0 88 64 48 22 48 33 39 73 7 9 15 63 39 83 54 13 32 66 91 15 9 80 78 44 55 29 72 22 33 76 48 3 56 44 55 43 81 18 25 13 91 68 49 59 4 53 19 45 73 25 0 86 7 0 59 60 27 3 74 0 78 82 7 7 31 21 0 34
run=9 seed=8 k=92 f=0
42 53 82 76 80 60 56 54 81 81 91 37 72 15 15 18 49 56 91 33 3 70 81 0 66 40 56 89 3 36 25 27 6 36 17 44 75 16 65 53 44 86 45 40 74 23 19 4 58 12 69 22 30 66 27 70 5 32 15 57 77 0 19 72 80 91 65 10 78 19 64 14 91 91 84 58 77 11 43 27 39 49 26 0 62 46 21 85 32 6 61 22 39 28 46 9 80 67 5 49 32 85 90 2 72 67 9 41 49 63
run=10 seed=9 k=92 f=0
26 82 78 47 71 35 72 90 26 44 67 10 54 91 9 6 84 0 91 81 57 72 62 91 51 13 16 83 80 1 71 25 0 29 5 17 35 83 77 91 39 36 17 89 78 21 34 55 29 38 55 54 54 14 71 47 82 65 90 38 91 87 78 45 1 12 14 65 0 79 7 75 66 81 23 50 22 61 18 23 43 64 72 61 9 73 75 32 45 32 42 41 30 1 30 50 27 45 64 64 55 57 6 2 32 17 2 4 68 61
run=11 seed=10 k=92 f=0
31 54 49 65 38 9 56 82 87 91 90 85 27 14 69 0 10 64 22 81 19 63 62 43 51 76 25 20 28 84 45 48 6 57 30 8 73 39 15 13 72 12 72 26 71 91 89 33 61 41 34 0 50 80 19 49 69 40 36 14 69 79 41 2 66 59 83 38 73 8 82 56 17 80 91 43 0 16 1 75 91 57 75 31 27 50 26 0 69 34 60 7 83 66 27 47 58 33 32 84 6 23 86 0 54 0 22 18 55 21
run=12 seed=11 k=92 f=0
6 39 65 80 19 23 65 45 34 55 64 0 42 7 0 29 60 46 55 73 5 16 21 24 73 91 91 26 75 71 23 78 56 57 42 88 69 72 19 19 41 11 13 0 40 50 56 57 82 33 51 1 73 0 37 6 71 89 43 21 10 9 77 26 28 89 38 48 23 35 67 33 53 76 3 51 42 5 84 86 63 36 13 82 55 31 19 60 28 79 11 91 73 82 1 0 32 26 48 31 90 60 67 44 35 63 91 49 17 14
run=13 seed=12 k=92 f=0
47 10 14 47 75 36 69 72 1 0 80 81 64 51 1 85 58 20 41 64 22 45 20 30 11 31 55 75 16 21 71 31 52 28 67 36 6 12 20 25 64 49 1 51 62 58 1 20 0 75 36 60 15 16 67 57 88 34 39 76 65 27 47 91 88 80 24 91 72 81 84 70 24 77 7 0 90 7 91 72 5 58 8 42 14 85 50 91 6 39 42 50 10 37 53 59 3 91 37 73 25 18 23 42 3 89 42 29 70 86
run=14 seed=13 k=92 f=0
40 31 2 3 4 66 78 37 23 15 29 19 44 65 91 54 83 7 62 52 16 6 57 50 37 28 42 3 33 63 51 25 34 86 29 85 8 30 18 83 88 10 77 20 13 75 51 33 44 0 26 1 64 83 52 1 18 56 78 0 74 70 73 69 70 10 44 21 39 73 22 49 55 1 38 47 79 12 2 27 91 71 58 44 64 19 13 81 58 58 68 10 10 90 80 58 8 35 70 89 40 61 74 91 89 23 85 87 35 20
run=15 seed=14 k=92 f=0
38 68 72 32 91 77 83 37 29 80 46 34 56 35 44 3 27 67 50 70 15 91 51 78 27 59 55 61 75 91 12 62 90 53 65 25 7 28 8 70 19 87 0 22 69 49 30 46 89 50 0 28 72 29 44 14 6 81 36 86 81 56 70 91 63 5 19 36 54 41 10 17 2 30 36 75 60 63 2 37 80 43 37 74 27 13 18 7 9 5 22 88 5 48 11 20 66 64 65 87 16 76 46 42 79 1 40 56 69 84
run=16 seed=15 k=92 f=0
72 51 50 70 24 20 82 26 70 39 78 67 51 47 35 74 63 70 13 88 10 20 57 29 4 15 17 7 13 87 4 83 91 8 75 60 15 33 72 28 55 52 48 61 50 1 28 52 22 84 36 31 46 91 80 42 5 82 2 88 30 26 82 25 0 2 43 64 43 44 40 53 75 41 54 18 90 61 69 9 36 61 28 91 27 68 0 78 63 36 21 17 77 79 18 58 27 91 53 12 44 43 89 8 36 62 70 61 7 78
run=17 seed=16 k=92 f=0
0 25 21 2 7 29 67 3 10 72 38 56 33 62 57 70 91 26 32 47 15 52 5 91 36 37 52 85 23 22 2 91 76 17 86 41 91 64 55 40 9 74 79 90 59 13 73 21 30 63 70 36 46 54 47 84 64 26 30 13 12 87 0 7 24 59 57 78 3 78 0 48 74 83 54 12 69 39 85 7 81 22 50 33 60 47 83 61 16 71 67 91 17 21 4 71 33 5 91 14 42 66 80 20 10 9 5 39 45 15
run=18 seed=17 k=92 f=0
59 87 25 91 47 20 4 14 4 79 36 81 0 73 18 11 84 62 84 16 60 39 81 11 90 50 20 37 83 81 36 21 54 54 24 47 49 39 89 10 47 51 0 77 76 24 42 55 3 32 1 60 41 5 28 68 14 66 71 54 57 0 73 91 73 46 89 42 80 42 9 32 66 75 74 42 33 59 27 25 32 91 89 81 0 41 23 32 27 17 84 65 72 17 24 21 64 91 52 12 65 72 27 14 45 90 55 38 70 8
run=19 seed=18 k=92 f=0
20 87 62 83 20 60 47 2 52 30 73 1 24 69 62 53 57 27 31 33 26 78 39 91 73 8 63 77 57 74 32 38 33 91 12 59 38 36 25 90 44 90 12 17 15 7 70 33 73 81 0 91 91 47 77 69 58 47 0 23 32 42 6 0 64 42 36 90 14 29 19 55 50 82 67 76 1 55 60 14 7 67 23 54 49 0 41 37 12 47 71 42 52 82 1 83 87 15 68 86 82 66 77 24 8 11 24 84 20 18
run=20 seed=19 k=92 f=0
61 46 71 49 83 67 25 0 80 87 43 73 57 0 85 13 69 88 1 52 32 4 52 16 64 49 6 71 54 73 34 87 41 53 91 25 21 44 74 51 21 38 12 79 21 12 89 59 38 0 42 82 82 46 22 29 75 0 10 82 56 91 41 61 83 16 12 53 79 26 76 43 9 77 29 24 2 91 71 3 55 64 87 35 19 29 18 35 36 41 66 27 19 5 37 66 63 64 66 50 31 32 76 91 91 35 48 6 84 12
