run=1 seed=0 k=91 f=0
50 44 19 89 1 42 61 57 1 16 3 38 14 0 90 18 41 7 30 32 60 83 68 20 67 85 58 9 16 29 53 6 59 64 72 71 21 73 10 66 7 14 28 35 75 44 83 65 50 0 39 88 76 81 90 16 63 32 69 48 23 0 88 48 47 78 48 89 24 0 55 79 63 84 16 48 9 50 79 39 38 90 26 81 52 5 32 67 22 60 73 39 47 28 35 20 80 90 32 56 53 56 27 10 89 39 72 34 74 69
run=2 seed=1 k=91 f=0
50 44 19 89 1 42 61 57 1 16 3 38 14 0 90 18 41 7 30 32 60 83 68 20 67 85 58 9 16 29 53 6 59 64 72 71 21 73 10 66 7 14 28 35 75 44 83 65 50 0 39 88 76 81 90 16 63 32 69 48 23 0 88 48 47 78 48 89 24 0 55 79 63 84 16 48 9 50 79 39 38 90 26 81 52 5 32 67 22 60 73 39 47 28 35 20 80 90 32 56 53 56 27 10 89 39 72 34 74 69
run=3 seed=2 k=91 f=0
4 57 35 0 7 19 90 70 33 38 80 75 39 3 11 63 59 15 55 90 18 84 34 27 90 39 35 90 31 9 86 27 66 33 68 35 42 42 14 59 78 11 53 26 39 19 0 10 13 81 56 60 30 34 65 90 80 32 41 7 46 49 45 88 2 0 10 77 0 84 8 84 67 0 0 60 73 71 32 59 73 48 58 76 67 86 21 45 72 73 77 60 52 66 18 25 24 53 44 82 89 24 66 90 50 48 80 79 20 49
run=4 seed=3 k=91 f=0
18 48 32 44 34 69 57 58 38 53 73 25 22 39 50 67 90 75 24 25 2 21 64 63 28 22 17 87 1 72 51 42 31 9 81 88 80 51 41 58 85 52 26 15 55 68 52 56 39 31 26 70 5 16 37 31 7 0 62 38 15 0 12 0 2 82 90 79 33 35 56 45 71 90 45 69 44 4 82 84 76 90 3 64 11 13 81 53 80 67 41 90 77 64 89 18 60 52 30 90 61 10 77 62 48 73 44 21 10 12
run=5 seed=4 k=91 f=0
77 76 26 1 23 66 18 15 3 9 31 7 73 60 7 49 81 19 14 90 10 66 69 10 90 3 32 49 0 88 90 36 24 55 31 0 63 82 75 0 43 80 46 1 61 14 90 21 71 41 17 30 24 72 29 90 5 84 1 81 32 18 12 74 24 49 47 72 23 76 87 38 58 56 65 48 10 50 70 81 87 56 33 7 44 35 13 63 56 52 44 63 61 56 0 38 69 90 85 40 43 27 10 49 52 30 71 81 25 35
run=6 seed=5 k=91 f=0
36 50 43 25 67 41 16 33 67 82 24 17 21 29 30 87 2 37 56 48 59 10 46 3 73 90 74 10 90 84 80 27 53 87 47 0 47 49 18 64 18 71 62 2 45 89 22 90 35 44 9 8 24 20 23 13 11 0 16 5 83 62 48 77 80 59 80 34 81 48 30 56 66 13 11 62 31 33 33 68 38 2 75 5 90 40 57 59 45 69 81 71 90 90 17 42 41 7 62 82 78 29 62 75 0 75 35 5 66 51
run=7 seed=6 k=91 f=0
84 21 49 67 43 44 82 87 78 19 23 48 0 11 54 34 52 63 4 65 41 72 40 7 42 78 59 62 54 47 90 51 33 27 16 82 6 9 40 24 82 58 49 79 23 76 23 53 0 8 18 64 17 82 18 35 73 43 1 0 90 77 40 85 69 67 15 66 14 90 34 56 59 67 43 8 14 27 33 71 90 27 89 0 84 17 69 36 26 24 89 77 82 31 87 58 41 37 35 0 63 14 65 28 47 71 40 23 0 33
run=8 seed=7 k=91 f=0
11 45 25 64 57 0 31 44 39 56 77 55 77 16 53 53 22 15 1 68 6 84 10 0 62 49 72 87 53 18 5 73 37 5 47 18 47 51 34 24 44 39 28 35 23 16 10 54 29 0 82 66 67 65 68 88 21 60 14 39 75 13 62 42 63 19 88 84 25 8 35 71 90 90 58 80 74 32 46 44 32 90 28 82 57 68 9 55 41 79 6 90 29 31 75 20 60 82 55 62 12 3 89 40 0 0 2 11 39 34
run=9 seed=8 k=91 f=0
44 15 20 32 10 13 67 48 44 1 73 59 48 44 25 43 90 47 63 35 27 67 41 42 26 64 21 55 62 81 16 76 15 88 45 88 29 69 81 77 5 20 28 61 17 68 74 1 49 0 89 84 40 36 4 76 0 90 83 6 31 51 70 79 9 54 36 78 10 0 54 20 72 0 11 70 25 55 2 87 55 90 88 39 47 35 22 72 2 34 61 21 3 64 88 62 28 8 52 41 83 37 76 82 55 8 89 20 12 55
run=10 seed=9 k=91 f=0
16 81 74 66 89 17 89 86 75 27 17 87 52 57 42 67 51 38 19 27 9 56 14 16 12 90 87 62 77 34 0 44 9 22 81 34 73 0 6 0 23 52 55 10 52 58 31 3 40 59 10 29 76 3 70 27 26 35 64 2 68 23 55 83 61 36 42 86 90 57 45 49 0 82 7 15 62 46 82 76 76 35 46 13 1 90 27 1 16 16 25 75 67 39 73 32 70 10 7 88 60 63 44 19 43 86 61 66 79 32
run=11 seed=10 k=91 f=0
22 50 72 5 85 58 33 30 65 5 74 80 77 89 16 90 66 24 16 57 66 6 59 20 26 36 72 48 67 81 27 24 34 90 8 39 41 71 82 60 62 0 40 31 36 11 58 87 0 74 35 14 45 70 49 20 30 70 12 1 29 46 50 3 9 0 47 56 45 90 83 31 19 26 57 62 43 41 89 63 54 79 73 63 36 0 10 54 75 16 89 0 7 13 82 17 49 54 6 7 42 66 6 90 25 82 83 13 27 82
run=12 seed=11 k=91 f=0
10 70 89 70 36 47 50 78 39 46 67 58 6 33 16 32 9 16 25 84 12 53 53 13 62 55 38 85 71 22 46 42 67 52 66 5 3 62 12 23 59 49 6 81 85 44 5 6 75 64 86 60 0 16 73 25 7 79 26 17 21 77 73 44 0 16 77 53 76 79 80 69 48 89 35 90 69 0 4 75 0 60 90 29 35 57 88 51 10 26 34 20 41 28 3 90 4 14 23 56 79 37 19 29 57 61 40 83 31 81
run=13 seed=12 k=91 f=0
48 79 71 71 88 40 34 68 9 68 26 43 62 68 41 68 82 67 0 62 89 39 72 35 19 25 63 1 90 45 0 23 18 30 72 28 89 89 0 30 8 15 76 12 10 12 64 63 64 11 80 58 73 37 49 82 63 69 71 84 51 50 50 4 56 73 44 75 3 16 59 56 0 3 40 29 53 24 35 8 46 81 2 18 52 52 90 90 24 55 82 83 26 36 61 43 32 20 72 21 55 6 47 34 10 76 5 29 54 17
run=14 seed=13 k=91 f=0
74 68 67 23 2 42 62 25 90 13 70 46 34 77 0 39 81 0 63 52 0 17 16 40 19 43 31 48 2 3 23 82 21 62 16 59 28 53 46 40 89 75 86 78 30 80 89 58 73 90 46 53 64 90 71 9 47 7 61 5 23 72 51 28 4 67 40 58 32 74 8 66 32 56 16 38 34 16 43 79 55 10 2 36 23 87 52 62 10 58 69 14 43 35 80 78 68 13 31 16 24 86 9 2 90 60 30 76 83 35
run=15 seed=14 k=91 f=0
76 70 48 81 7 45 3 51 31 65 46 48 23 27 50 64 68 27 83 23 78 4 88 12 90 51 51 37 82 26 45 12 82 18 90 17 69 58 83 17 34 0 74 33 20 55 89 55 10 60 60 39 22 35 88 2 73 30 60 34 90 74 6 8 28 23 66 0 88 90 43 85 31 90 81 18 83 0 71 59 43 52 12 35 32 41 1 68 54 38 6 0 72 8 58 65 73 39 87 70 26 25 89 75 10 0 77 87 44 15
run=16 seed=15 k=91 f=0
79 26 71 39 75 65 62 47 38 34 87 65 0 60 12 2 41 13 41 77 10 61 29 19 23 68 50 88 9 89 86 53 43 72 28 39 3 24 60 24 14 46 38 33 31 85 87 28 75 90 0 71 8 66 2 79 7 52 22 87 0 75 56 61 7 18 37 49 36 8 82 45 48 70 29 58 43 28 3 83 81 90 9 53 68 62 19 76 84 78 34 31 75 57 65 17 24 33 14 55 17 14 34 57 42 66 51 2 61 52
run=17 seed=16 k=91 f=0
11 15 22 21 59 90 15 55 36 20 61 84 80 17 4 77 52 59 69 30 42 65 45 0 63 80 78 57 73 48 87 22 17 34 89 54 67 0 24 34 6 81 18 9 5 42 1 14 61 44 57 3 20 13 48 63 3 25 0 37 0 27 25 70 41 72 54 87 72 90 27 2 35 90 12 64 28 33 17 71 50 35 45 85 90 61 90 13 84 4 52 10 31 75 14 76 66 9 35 81 27 47 37 73 48 86 62 2 69 28
run=18 seed=17 k=91 f=0
39 62 50 68 68 56 46 45 49 90 81 7 44 30 29 77 68 18 59 15 23 38 51 7 84 59 60 7 57 28 81 50 90 29 9 90 25 38 10 0 21 73 64 73 25 51 87 65 16 33 0 79 1 40 88 81 18 12 31 46 52 17 87 79 21 17 3 55 7 52 11 78 75 35 44 55 45 78 42 19 0 88 34 0 66 67 24 87 12 7 58 56 76 31 4 72 49 41 32 1 31 67 38 84 90 18 20 26 36 90
run=19 seed=18 k=91 f=0
64 3 44 28 1 88 76 63 73 43 12 60 19 7 70 37 46 83 12 40 83 73 40 89 77 57 43 12 51 61 37 46 58 43 36 25 0 70 36 26 0 6 8 14 85 75 21 19 68 90 21 17 30 71 52 31 81 45 20 55 11 16 62 35 25 5 59 68 29 5 63 88 39 7 0 51 66 52 68 0 63 90 40 17 55 82 76 14 42 24 37 90 29 6 24 78 83 51 7 78 26 33 72 19 1 52 34 49 74 14
run=20 seed=19 k=91 f=0
64 85 71 0 45 21 36 82 28 26 78 25 29 90 51 22 83 76 55 87 57 35 68 8 87 34 53 89 1 25 26 67 41 89 74 76 47 47 6 8 78 49 38 85 1 59 46 0 90 19 65 51 71 31 56 63 16 19 11 71 8 43 15 3 32 52 77 33 0 73 28 82 55 68 63 40 32 88 29 16 90 81 42 14 20 81 46 44 60 11 1 62 60 56 63 71 17 39 4 8 7 14 41 0 43 74 15 72 33 51
