run=1 seed=0 k=89 f=0
40 38 44 88 30 48 82 42 58 87 69 49 17 73 46 0 40 13 21 87 80 16 8 71 36 52 79 71 38 20 23 45 65 62 62 25 14 87 28 23 30 74 4 55 88 87 32 14 8 0 12 51 18 7 36 67 84 4 61 56 68 71 37 73 78 24 26 12 32 51 46 62 59 53 29 17 39 59 0 9 67 54 4 20 23 35 88 0 15 82 77 11 56 2 26 54 45 33 65 79 40 82 4 76 47 31 0 82 36 62
run=2 seed=1 k=89 f=0
40 38 44 88 30 48 82 42 58 87 69 49 17 73 46 0 40 13 21 87 80 16 8 71 36 52 79 71 38 20 23 45 65 62 62 25 14 87 28 23 30 74 4 55 88 87 32 14 8 0 12 51 18 7 36 67 84 4 61 56 68 71 37 73 78 24 26 12 32 51 46 62 59 53 29 17 39 59 0 9 67 54 4 20 23 35 88 0 15 82 77 11 56 2 26 54 45 33 65 79 40 82 4 76 47 31 0 82 36 62
run=3 seed=2 k=89 f=0
59 21 71 39 14 39 83 57 14 86 51 81 55 63 46 86 0 43 3 33 45 11 36 3 64 66 71 4 17 15 46 59 78 86 63 70 52 64 71 67 8 70 17 0 47 0 38 52 16 50 23 73 75 52 77 6 83 11 79 55 88 28 25 33 11 84 5 80 0 30 58 43 39 38 24 41 60 61 88 34 36 26 75 3 17 88 8 48 34 83 20 25 64 16 9 38 88 61 23 24 75 5 37 30 63 26 48 66 85 56
run=4 seed=3 k=89 f=0
42 85 27 40 68 25 34 31 62 76 14 73 5 1 60 57 24 32 30 26 33 8 10 84 47 88 63 84 88 52 58 21 78 76 38 26 31 49 66 13 20 62 10 3 80 88 50 17 64 79 78 22 0 85 19 71 7 68 43 67 17 14 31 62 88 81 57 88 52 30 69 21 36 38 43 16 40 11 69 34 0 75 8 1 81 48 53 0 76 73 25 58 18 55 25 38 47 46 65 56 46 3 34 9 5 0 41 51 70 14
run=5 seed=4 k=89 f=0
83 63 0 22 19 37 43 31 22 2 4 0 57 54 1 15 4 41 38 47 55 43 76 72 47 13 30 9 34 86 84 0 43 48 81 7 72 8 71 50 0 25 65 73 24 63 65 45 79 54 15 60 68 7 18 84 60 19 12 33 20 80 31 81 55 1 5 66 33 56 74 40 37 7 30 42 55 38 64 16 88 71 65 0 77 79 88 47 86 61 32 38 65 17 7 24 41 27 32 28 50 58 75 46 87 26 14 74 7 23
run=6 seed=5 k=89 f=0
19 84 30 88 33 61 76 4 69 0 0 0 56 84 31 52 26 13 83 9 38 72 10 37 32 60 0 80 58 10 72 29 1 29 23 24 27 38 13 38 31 88 56 77 65 74 39 41 44 76 43 24 88 60 70 85 43 86 22 17 8 42 48 83 45 9 51 73 47 62 49 62 67 49 1 79 0 25 55 80 1 14 18 20 65 14 34 70 8 41 65 77 42 50 6 88 21 55 60 49 72 79 8 17 33 7 70 31 51 50
run=7 seed=6 k=89 f=0
68 52 11 54 12 77 19 24 3 88 79 81 20 51 39 76 42 51 40 56 86 43 27 14 31 16 0 46 41 81 28 29 0 1 3 19 17 10 60 31 19 16 39 34 84 6 48 47 70 88 35 32 56 67 83 55 88 53 37 12 9 3 12 23 88 18 79 49 0 69 62 60 0 77 76 75 86 42 9 33 59 50 69 70 23 63 33 26 10 4 87 16 70 23 68 31 10 47 58 62 24 39 84 25 47 10 58 37 7 65
run=8 seed=7 k=89 f=0
28 26 62 11 30 64 61 0 46 56 9 0 7 34 79 65 28 67 2 39 52 88 15 68 32 42 22 47 88 77 17 78 63 88 55 7 11 76 43 87 62 46 7 28 40 72 88 56 65 14 1 53 88 85 37 83 38 55 0 50 57 18 4 21 56 22 3 9 70 30 81 42 35 35 1 6 1 50 59 25 11 21 10 49 30 43 73 87 74 53 18 65 32 71 87 16 47 22 24 43 73 79 8 49 77 2 11 30 41 80
run=9 seed=8 k=89 f=0
11 25 29 57 57 23 75 86 69 85 0 85 82 42 73 88 37 51 66 38 70 52 48 10 24 88 2 60 33 37 73 3 16 28 87 39 36 0 67 23 15 22 40 85 16 57 1 45 77 58 65 62 46 10 63 79 37 66 85 79 0 33 15 75 57 34 7 55 59 87 82 3 9 43 22 52 8 22 29 50 45 77 61 16 13 31 68 77 26 13 0 47 38 71 41 7 83 17 48 71 29 62 53 30 75 51 69 4 29 4
run=10 seed=9 k=89 f=0
40 19 44 29 15 41 51 55 17 70 61 58 46 31 73 50 17 37 31 14 71 28 65 88 37 88 59 80 88 78 49 41 24 84 3 85 87 0 20 17 39 21 47 52 83 30 83 87 70 52 1 9 0 77 13 79 86 65 34 65 10 74 50 28 30 27 0 21 1 45 76 3 33 53 61 46 6 69 88 36 9 64 70 67 52 9 43 20 72 6 0 40 85 53 0 7 12 79 26 61 55 46 66 24 79 59 14 1 8 77
run=11 seed=10 k=89 f=0
20 14 18 72 47 64 85 70 14 69 36 57 15 2 40 52 35 68 19 45 23 33 60 57 46 60 43 9 37 88 14 79 87 48 74 64 32 57 10 1 64 14 38 79 88 46 30 23 9 51 22 28 0 0 29 43 85 62 55 5 42 25 33 12 84 86 71 60 70 15 77 75 28 80 21 33 35 35 87 0 41 62 74 3 6 71 87 7 8 45 25 63 50 38 13 18 54 18 18 51 9 84 84 70 76 55 56 54 29 75
run=12 seed=11 k=89 f=0
75 81 25 18 85 43 62 19 32 44 25 15 50 55 40 32 39 73 39 5 59 1 4 28 69 24 77 11 40 67 12 72 88 66 1 52 54 26 10 31 3 79 84 11 8 82 7 23 76 9 48 0 57 55 35 52 11 68 14 57 31 24 61 2 0 88 46 78 87 57 18 5 67 19 48 29 59 37 52 81 20 46 68 56 35 1 88 10 20 63 60 77 16 88 49 45 32 45 28 79 67 37 71 0 69 23 35 13 84 83
run=13 seed=12 k=89 f=0
7 34 71 50 51 19 28 43 38 71 65 63 51 54 85 67 39 86 25 88 0 84 68 42 11 25 58 30 88 11 74 18 76 0 86 56 54 66 30 45 82 34 52 10 88 13 80 29 88 79 28 68 51 76 75 82 2 68 50 50 18 75 72 32 58 3 10 0 9 0 45 83 9 36 60 68 45 88 27 64 41 57 63 13 74 21 69 72 1 5 2 81 11 21 59 22 45 30 50 56 12 39 65 0 38 61 21 52 20 14
run=14 seed=13 k=89 f=0
68 4 82 57 4 0 33 14 86 84 83 64 64 2 35 82 88 32 44 57 31 53 57 27 18 41 76 6 73 36 18 12 20 65 52 44 11 56 50 27 64 0 85 15 29 56 72 21 34 58 87 12 8 88 7 30 79 42 47 70 81 8 14 48 24 78 56 51 75 3 14 78 72 83 0 38 52 50 18 9 60 24 40 76 66 73 26 17 79 68 0 1 88 59 39 40 29 19 1 62 71 88 54 50 9 50 42 48 44 78
run=15 seed=14 k=89 f=0
7 15 40 43 22 41 81 7 3 33 32 34 56 44 81 37 11 18 86 49 88 69 29 87 80 31 26 41 86 0 4 26 2 46 2 6 85 88 67 50 56 18 36 30 9 13 25 25 67 59 35 32 88 45 63 72 68 28 40 0 49 64 51 2 16 81 56 27 0 61 82 58 23 38 73 81 11 9 62 47 76 56 61 27 10 67 40 77 10 53 20 76 12 16 52 57 69 76 19 50 31 44 20 0 23 72 65 17 15 80
run=16 seed=15 k=89 f=0
32 13 83 86 10 56 62 36 45 81 46 88 77 88 38 83 61 41 52 86 73 25 15 27 22 84 2 62 55 18 14 0 53 49 59 45 24 0 10 70 35 79 66 72 31 47 18 88 8 19 79 80 28 68 27 16 33 0 55 75 0 66 70 12 60 79 27 48 8 58 34 14 68 60 75 24 23 43 64 5 17 43 64 88 37 13 52 66 6 3 86 78 23 39 3 21 23 79 43 36 88 55 70 39 29 8 75 8 10 47
run=17 seed=16 k=89 f=0
7 20 82 25 64 20 25 32 38 79 53 62 29 12 72 8 18 86 35 75 68 44 7 76 65 34 53 61 38 88 48 60 12 40 72 31 36 8 14 20 0 3 74 28 0 82 22 74 25 10 69 2 43 86 49 88 42 55 11 39 71 53 24 66 68 0 50 86 28 44 59 45 51 66 0 17 43 36 88 49 78 50 54 26 38 2 80 8 81 55 42 2 84 26 74 82 60 3 71 61 22 14 83 88 21 88 71 65 16 74
run=18 seed=17 k=89 f=0
38 29 74 74 0 54 51 33 46 52 86 88 88 47 9 15 23 49 50 37 67 81 54 19 46 9 65 83 19 6 3 6 24 69 81 48 56 42 48 46 13 26 59 9 23 71 24 24 80 0 27 32 43 40 18 88 69 16 75 73 72 64 77 30 3 0 67 83 45 83 37 26 16 0 87 12 36 40 0 59 88 57 69 79 19 79 55 49 82 66 33 26 42 18 37 12 56 34 24 81 31 9 73 63 61 64 6 11 34 36
run=19 seed=18 k=89 f=0
86 8 0 33 33 62 39 77 42 41 73 14 69 34 6 18 77 70 10 84 40 29 49 63 71 11 76 64 59 18 5 0 58 88 17 74 77 8 52 51 26 25 42 76 63 20 50 52 30 2 42 47 57 44 56 23 78 34 48 36 22 50 13 27 36 0 79 1 65 0 63 5 49 0 36 5 15 53 33 25 88 56 88 16 12 82 85 8 25 46 44 24 17 25 81 0 66 40 5 33 69 60 88 68 59 13 13 31 84 19
run=20 seed=19 k=89 f=0
88 44 60 13 54 80 76 23 68 36 40 80 9 47 82 35 65 14 8 70 56 87 74 86 12 40 5 29 83 51 76 78 45 69 16 14 40 38 1 1 60 63 88 73 59 15 80 34 49 0 69 59 9 71 57 16 88 54 10 0 33 22 85 47 62 60 34 85 0 23 22 61 58 33 82 36 49 39 83 17 48 28 5 7 19 63 73 77 44 30 72 32 24 46 75 77 36 25 23 23 41 70 16 88 49 19 88 44 32 54
