run=1 seed=0 k=105 f=0
76 46 55 55 70 53 47 46 89 31 9 82 20 12 57 91 24 36 23 27 101 66 64 104 2 4 47 13 22 64 31 38 87 12 96 0 104 90 104 35 99 18 0 25 104 51 19 44 62 16 38 61 91 50 71 82 32 95 1 74 31 13 27 45 76 5 9 39 73 77 54 22 72 0 79 65 74 14 93 35 7 81 96 98 52 44 103 28 29 65 67 60 100 63 49 22 71 9 39 15 60 56 85 40 40 4 77 62 87 51
run=2 seed=1 k=105 f=0
76 46 55 55 70 53 47 46 89 31 9 82 20 12 57 91 24 36 23 27 101 66 64 104 2 4 47 13 22 64 31 38 87 12 96 0 104 90 104 35 99 18 0 25 104 51 19 44 62 16 38 61 91 50 71 82 32 95 1 74 31 13 27 45 76 5 9 39 73 77 54 22 72 0 79 65 74 14 93 35 7 81 96 98 52 44 103 28 29 65 67 60 100 63 49 22 71 9 39 15 60 56 85 40 40 4 77 62 87 51
run=3 seed=2 k=105 f=0
94 41 68 80 21 93 69 20 40 72 37 99 6 14 47 31 43 3 12 95 59 2 77 28 63 52 5 0 85 16 92 104 88 55 71 66 22 85 0 12 23 43 26 41 40 52 21 25 0 10 51 25 72 4 15 61 93 104 51 80 90 92 68 63 104 51 92 52 69 67 33 86 81 64 97 34 6 97 17 54 86 77 79 74 28 72 20 40 47 78 35 10 61 5 17 46 34 37 16 103 58 47 65 28 82 29 3 2 104 104
run=4 seed=3 k=105 f=0
61 104 26 91 32 71 57 61 1 19 1 98 20 104 67 81 63 76 16 32 94 27 13 45 103 92 100 47 28 58 19 4 56 89 86 65 25 38 100 3 11 23 26 7 57 50 66 100 43 83 74 49 31 75 16 54 51 13 71 12 51 46 61 56 82 85 13 2 58 67 5 83 13 94 101 10 42 80 42 4 38 101 22 68 86 37 22 30 4 48 86 11 98 75 68 48 85 58 74 62 66 35 3 74 19 103 97 29 38 38
run=5 seed=4 k=105 f=0
91 41 34 71 54 37 0 75 64 51 94 76 79 29 68 47 37 89 6 104 2 91 7 86 20 73 20 30 60 103 15 23 49 26 68 69 64 58 9 42 1 84 97 5 29 55 69 0 102 10 42 104 28 16 16 102 34 5 10 96 19 0 17 80 33 23 40 74 55 6 53 14 84 25 0 46 13 61 28 1 63 74 92 66 37 95 61 31 80 22 17 85 35 84 104 46 98 93 15 74 101 32 82 48 61 100 96 79 93 54
run=6 seed=5 k=105 f=0
85 20 90 53 56 84 80 99 93 11 82 8 90 41 54 29 22 61 103 101 70 86 39 78 79 51 88 96 26 7 82 47 4 78 30 61 77 6 34 61 59 0 69 101 8 18 74 27 67 75 17 15 87 88 93 48 13 104 62 94 95 68 76 41 13 0 103 48 9 64 11 53 0 48 31 22 70 41 28 101 38 77 39 25 92 32 104 24 3 3 70 0 17 1 59 57 69 34 41 56 65 25 95 43 46 22 21 17 95 12
run=7 seed=6 k=105 f=0
89 39 93 70 8 48 46 17 22 28 35 28 84 90 98 31 32 16 19 25 8 83 40 35 14 62 20 13 28 55 10 45 61 104 36 65 104 59 85 78 65 14 37 72 87 16 9 88 55 100 99 7 84 81 25 98 93 69 89 23 11 98 3 51 70 39 99 77 76 0 90 36 20 41 3 2 5 12 67 75 56 103 57 78 51 4 72 89 75 43 49 44 26 44 51 0 37 93 88 81 63 2 76 46 101 55 61 31 44 23
run=8 seed=7 k=105 f=0
91 53 1 1 73 16 78 26 60 28 4 30 76 74 41 15 58 19 85 29 102 7 3 14 0 43 82 69 59 73 91 34 96 80 63 62 8 8 58 58 98 77 91 96 23 36 40 0 0 76 39 86 24 94 103 53 12 104 45 42 87 93 69 30 40 82 96 65 67 26 37 81 104 67 67 53 46 91 20 51 58 1 101 47 86 22 10 58 65 84 85 72 32 52 76 15 30 48 48 73 47 70 50 95 95 17 28 33 104 5
run=9 seed=8 k=105 f=0
55 49 38 74 70 93 98 71 76 91 22 21 61 17 45 104 45 31 90 47 1 27 7 85 97 54 23 98 55 33 99 42 36 78 62 67 73 48 1 13 50 81 100 7 63 30 88 16 83 74 41 6 1 22 65 57 99 88 71 32 9 79 49 86 33 38 82 23 11 59 93 39 35 102 22 5 28 0 101 96 56 33 85 40 62 78 104 14 31 12 21 55 71 48 14 15 78 96 17 74 0 4 90 61 85 1 68 8 92 67
run=10 seed=9 k=105 f=0
51 51 6 102 65 86 53 103 47 22 0 15 103 88 22 20 104 43 31 49 82 95 91 15 9 57 59 13 79 79 40 74 86 25 21 60 91 64 36 29 27 38 16 102 39 40 92 78 46 67 0 64 21 91 79 7 46 66 64 102 38 69 3 33 45 96 73 87 104 69 9 0 29 8 1 79 24 93 27 1 56 6 68 93 13 47 85 36 30 73 57 70 72 58 49 57 66 99 7 39 13 82 7 76 89 76 47 31 44 95
run=11 seed=10 k=105 f=0
55 2 68 35 52 62 5 92 22 47 20 10 96 33 74 36 60 94 86 90 104 94 10 70 3 7 22 67 99 51 42 23 61 85 35 18 20 23 7 103 83 72 57 104 11 46 16 0 39 102 8 83 69 100 12 52 6 33 80 62 53 100 88 0 78 98 29 26 10 94 45 75 79 89 32 17 29 1 50 81 45 58 39 71 30 25 88 102 61 19 8 38 37 92 42 99 65 95 97 77 77 85 53 26 66 0 48 72 61 76
run=12 seed=11 k=105 f=0
70 76 57 29 93 24 27 16 74 88 5 39 83 74 48 34 62 44 66 48 63 0 67 53 95 0 97 104 1 67 104 14 19 85 11 91 0 5 103 55 42 71 66 103 81 64 33 97 85 99 59 36 71 2 53 39 29 91 24 72 55 58 17 19 28 63 84 9 40 85 12 80 24 102 79 88 48 76 95 41 53 101 85 94 80 10 33 4 10 90 34 73 95 28 40 36 21 48 72 70 43 15 11 7 58 41 18 4 16 50
run=13 seed=12 k=105 f=0
32 54 88 88 58 71 70 79 54 84 13 9 53 74 4 63 25 39 2 100 30 88 30 1 103 97 104 71 101 17 46 16 80 0 20 101 0 9 92 47 8 49 85 18 74 37 74 84 70 80 56 23 3 104 49 35 78 18 57 93 46 49 76 104 29 62 51 40 5 78 65 76 17 98 57 66 26 45 23 72 38 95 5 22 82 63 33 33 0 12 90 72 40 65 19 43 93 60 86 98 31 27 84 90 36 12 15 42 97 64
run=14 seed=13 k=105 f=0
90 83 43 16 48 79 44 50 44 41 61 52 7 68 52 54 103 31 83 70 6 103 64 87 18 1 60 23 34 76 96 90 16 18 2 73 1 86 104 45 51 13 98 104 3 27 19 99 67 24 3 56 78 68 40 23 104 72 79 96 95 63 58 64 11 14 100 73 39 104 56 81 35 102 10 56 0 23 50 69 21 31 65 76 97 80 45 44 26 89 34 26 99 104 33 0 82 88 80 50 95 9 41 16 87 61 73 87 67 58
run=15 seed=14 k=105 f=0
43 77 49 102 13 32 17 53 24 35 49 34 30 15 90 65 72 14 1 87 57 94 39 3 8 52 55 98 37 78 44 46 19 93 38 41 55 103 26 3 66 74 60 73 90 104 33 48 98 64 29 102 81 23 44 65 52 64 39 23 9 103 13 4 71 1 52 53 5 47 27 73 0 84 37 92 58 38 15 98 81 32 96 82 101 10 90 22 28 23 49 0 76 62 76 34 0 47 73 20 102 14 94 20 78 25 91 85 10 103
run=16 seed=15 k=105 f=0
90 84 72 95 44 66 79 72 58 58 103 29 37 31 2 15 55 95 29 30 92 62 18 66 66 46 43 81 55 3 92 70 61 88 94 53 40 38 23 98 71 9 79 16 81 7 31 32 89 37 24 88 100 0 104 45 84 69 21 34 5 96 0 0 96 99 44 45 46 32 13 14 21 19 28 64 86 104 54 46 100 38 11 50 76 85 71 55 24 65 28 3 101 75 6 59 81 61 1 54 59 104 17 79 85 47 11 21 86 8
run=17 seed=16 k=105 f=0
104 17 12 0 35 68 37 77 36 48 41 51 89 66 53 47 104 83 57 3 104 8 21 29 83 94 8 37 101 75 15 23 99 48 20 79 72 60 21 29 91 13 39 44 12 44 91 52 9 45 57 73 21 0 100 0 79 2 82 61 59 27 104 7 30 90 61 101 31 96 0 16 36 60 29 53 80 50 96 66 92 68 11 90 60 13 68 20 28 74 79 68 6 7 73 13 40 99 91 34 102 91 49 85 52 64 2 23 43 1
run=18 seed=17 k=105 f=0
49 22 49 2 64 89 40 6 98 71 24 80 29 73 12 83 7 55 19 63 104 56 93 83 28 44 47 83 64 21 36 7 1 81 91 69 67 48 17 35 88 71 66 71 75 54 13 42 0 62 13 100 74 29 1 34 55 93 16 45 37 64 52 21 104 15 3 55 34 32 14 20 51 104 30 1 7 58 82 96 96 46 77 97 91 43 86 67 82 104 76 73 56 0 104 41 27 27 18 100 38 9 53 99 0 100 33 64 100 81
run=19 seed=18 k=105 f=0
73 80 25 86 1 11 27 71 46 103 1 104 32 68 83 8 85 92 26 12 71 100 26 94 63 76 14 94 9 70 46 49 46 82 71 23 88 34 98 11 39 95 43 48 55 19 56 19 94 9 56 88 0 35 5 63 58 99 63 16 31 93 76 56 51 54 80 47 20 2 64 52 40 77 101 6 103 104 104 8 88 78 87 16 42 55 49 49 49 37 65 90 15 37 80 27 96 67 98 75 14 4 28 58 79 23 34 35 29 18
run=20 seed=19 k=105 f=0
99 12 43 82 35 90 41 30 77 34 22 51 73 28 93 49 47 29 96 76 99 26 14 90 43 0 3 47 65 21 83 84 31 6 44 62 13 74 95 66 73 91 101 15 104 0 36 20 7 76 96 86 57 77 51 0 56 23 61 16 104 57 36 38 39 104 77 28 35 68 94 76 21 104 67 103 70 53 50 99 6 18 45 59 1 83 86 12 20 10 59 68 42 86 2 83 42 42 4 82 66 93 17 33 11 4 51 62 34 101
