run=1 seed=0 k=97 f=0
54 25 9 22 94 33 2 41 12 24 87 42 61 12 20 70 19 5 59 0 46 81 69 96 39 73 32 96 51 6 67 35 34 93 6 58 3 71 21 13 59 54 13 47 23 69 52 23 34 96 45 96 10 42 62 2 29 47 75 12 0 50 38 80 78 76 73 76 65 54 39 62 66 27 28 83 67 15 24 43 88 17 92 49 96 89 87 82 32 55 76 57 51 88 96 32 1 78 48 84 78 20 91 52 10 82 24 59 67 40
run=2 seed=1 k=97 f=0
54 25 9 22 94 33 2 41 12 24 87 42 61 12 20 70 19 5 59 0 46 81 69 96 39 73 32 96 51 6 67 35 34 93 6 58 3 71 21 13 59 54 13 47 23 69 52 23 34 96 45 96 10 42 62 2 29 47 75 12 0 50 38 80 78 76 73 76 65 54 39 62 66 27 28 83 67 15 24 43 88 17 92 49 96 89 87 82 32 55 76 57 51 88 96 32 1 78 48 84 78 20 91 52 10 82 24 59 67 40
run=3 seed=2 k=97 f=0
71 40 17 59 93 50 58 11 96 32 58 7 9 54 53 88 96 58 70 74 65 0 89 68 22 37 95 96 64 77 89 79 76 74 82 25 15 33 46 0 28 39 22 96 44 43 33 69 56 18 42 92 1 24 42 88 1 25 91 75 80 36 43 85 65 18 73 5 15 21 48 83 89 90 9 61 77 49 4 83 8 51 58 2 27 35 64 3 41 26 62 82 21 64 95 96 17 31 3 4 33 49 80 72 35 39 49 31 85 47
run=4 seed=3 k=97 f=0
48 6 86 39 90 62 80 68 43 31 94 35 53 91 93 59 69 21 81 56 20 51 38 23 1 10 31 0 14 86 4 36 6 3 49 67 70 93 11 25 48 8 56 9 43 84 1 72 1 87 67 53 96 0 73 86 18 40 86 23 28 10 54 33 45 34 21 51 44 74 42 56 17 16 50 96 17 0 67 44 71 27 4 82 77 65 60 95 8 79 77 36 30 78 86 25 21 46 62 46 64 93 57 76 0 12 71 26 9 38
run=5 seed=4 k=97 f=0
2 5 31 44 96 96 85 90 14 92 9 41 41 40 88 92 44 8 77 0 24 34 74 35 85 35 61 28 54 1 13 53 68 32 46 48 33 59 81 47 49 88 0 40 7 24 78 87 73 17 22 94 1 30 72 46 2 15 80 20 86 29 5 24 66 76 3 47 68 11 78 60 28 94 94 21 65 85 60 27 41 13 55 51 46 54 65 76 68 83 7 19 19 12 69 40 31 9 39 18 63 96 69 54 95 79 44 38 94 59
run=6 seed=5 k=97 f=0
15 17 76 21 25 57 2 5 9 93 49 60 59 32 80 74 19 39 1 77 38 82 43 86 42 28 60 36 56 43 8 96 91 32 53 0 52 93 40 73 15 31 80 46 19 39 54 36 68 53 1 11 44 64 0 27 78 0 23 55 76 6 50 71 64 75 86 64 69 30 8 82 35 29 62 89 4 7 61 36 46 12 96 22 3 19 85 95 66 96 46 14 26 31 86 56 49 11 54 86 36 24 89 93 88 6 18 89 72 80
run=7 seed=6 k=97 f=0
12 47 62 28 64 35 64 1 63 38 17 80 7 2 70 78 77 6 95 41 55 14 49 73 84 40 91 62 73 42 46 68 54 22 46 37 1 42 48 24 81 7 96 83 49 65 52 54 52 60 67 41 96 18 65 16 27 94 75 63 69 28 44 50 83 26 94 72 84 58 89 57 21 46 28 58 68 0 63 63 0 35 88 74 93 34 0 20 10 16 83 34 41 19 9 10 32 31 55 1 86 90 56 10 26 77 23 7 10 87
run=8 seed=7 k=97 f=0
83 28 39 57 40 84 63 9 31 57 66 47 60 69 4 79 50 87 95 8 54 13 70 26 10 75 18 28 22 83 82 45 78 94 86 71 8 52 58 70 9 60 70 16 60 41 96 0 57 3 0 55 66 71 30 23 51 52 94 20 96 52 79 61 45 39 47 68 20 93 43 91 83 32 20 0 8 48 75 40 5 34 54 79 84 87 35 73 75 11 96 0 21 37 85 16 40 23 8 74 17 0 30 14 38 14 85 66 36 93
run=9 seed=8 k=97 f=0
68 33 89 38 42 34 96 85 93 76 26 39 96 83 14 93 43 96 53 53 46 7 27 9 34 75 46 91 61 18 3 74 73 39 95 80 10 16 3 50 94 31 29 76 63 1 26 67 68 60 30 37 28 84 69 23 6 21 67 44 89 0 79 82 64 11 2 9 0 59 22 59 50 35 9 59 42 88 82 43 24 15 86 55 38 57 0 77 17 34 82 94 64 18 83 77 12 96 71 57 69 25 53 16 10 31 10 50 68 21
run=10 seed=9 k=97 f=0
63 41 27 29 62 19 7 70 88 71 53 72 90 61 39 57 32 68 89 3 21 67 80 42 4 44 65 30 96 95 12 48 0 12 54 90 93 2 60 18 0 10 94 62 34 78 34 56 64 9 87 86 96 70 54 41 18 55 61 23 56 80 37 82 84 96 17 50 86 78 75 10 25 33 18 79 81 6 38 50 0 30 70 36 96 25 0 15 73 90 70 44 61 42 95 26 73 49 33 8 42 31 23 84 16 85 48 26 57 52
run=11 seed=10 k=97 f=0
57 50 78 88 84 38 5 27 66 26 16 92 68 3 46 28 10 51 38 1 81 6 56 96 68 73 77 95 24 26 87 96 14 80 20 60 9 2 51 21 17 56 59 28 77 39 48 21 66 35 68 51 82 0 16 88 31 0 24 85 26 19 13 42 94 47 72 95 70 59 88 32 17 61 96 76 8 50 40 80 46 13 59 68 90 88 1 7 14 63 29 34 5 49 5 9 43 54 35 96 67 74 56 45 61 80 59 78 0 29
run=12 seed=11 k=97 f=0
18 94 44 68 92 0 81 62 79 50 96 9 52 37 38 87 23 96 9 23 57 41 32 76 3 6 59 57 17 7 65 65 68 11 38 25 62 55 28 75 27 30 88 79 31 46 20 30 68 60 82 71 41 17 39 71 59 84 72 79 49 46 64 30 19 21 30 20 12 91 0 37 81 0 74 81 8 41 4 95 0 48 92 68 85 29 15 16 55 84 11 78 20 94 68 45 2 90 39 62 75 54 93 32 37 4 11 46 49 54
run=13 seed=12 k=97 f=0
56 76 42 37 79 18 81 87 54 39 32 60 94 39 84 55 44 73 18 60 47 95 52 54 25 10 96 31 93 69 20 83 0 42 59 6 91 26 10 46 59 39 2 8 74 34 17 45 51 36 30 66 95 0 92 33 49 66 73 45 87 0 63 82 71 77 58 96 21 88 16 73 68 7 58 88 89 19 13 32 30 65 0 64 3 74 24 45 8 30 25 79 39 85 62 52 85 80 29 66 95 17 75 0 92 14 88 8 10 65
run=14 seed=13 k=97 f=0
10 80 49 80 93 85 35 24 42 84 16 67 96 17 37 69 64 1 1 50 9 46 52 44 28 10 22 66 73 34 81 60 83 78 78 2 21 15 54 90 88 42 34 57 86 5 69 94 57 74 53 4 46 53 68 49 28 72 77 13 37 94 29 96 90 10 45 43 91 93 52 35 17 30 87 5 38 10 65 76 35 19 0 60 26 60 28 0 94 22 50 4 12 76 63 43 42 84 23 26 10 50 3 94 36 0 78 20 70 34
run=15 seed=14 k=97 f=0
17 42 25 96 31 41 36 13 93 42 86 89 87 45 73 16 38 45 84 46 33 81 67 69 25 92 24 2 58 84 70 67 22 0 17 96 9 89 96 81 77 27 78 95 73 53 53 83 47 4 35 23 83 60 32 6 41 37 1 36 56 48 52 19 24 70 14 58 11 56 26 72 14 96 63 72 49 16 77 30 52 91 13 69 20 60 74 5 95 10 45 53 14 94 8 38 0 22 78 61 3 1 17 31 64 31 74 20 47 52
run=16 seed=15 k=97 f=0
51 46 21 50 93 73 13 47 30 39 94 88 16 4 71 11 0 28 59 81 72 55 62 4 92 20 58 6 36 91 48 22 92 78 77 17 13 91 33 64 14 89 16 37 41 22 42 44 80 96 75 69 70 68 6 59 34 0 64 65 9 81 78 54 23 2 24 49 30 67 85 72 32 47 43 10 14 26 5 84 1 48 93 66 15 33 61 41 89 12 56 58 42 24 32 0 29 40 5 81 16 4 64 52 40 79 63 20 82 86
run=17 seed=16 k=97 f=0
10 53 77 41 66 60 37 17 45 53 29 88 14 43 81 14 93 35 45 55 7 33 6 24 31 50 86 92 55 0 81 61 62 4 75 96 25 25 49 72 19 19 55 17 92 96 13 35 68 28 95 87 59 37 45 94 84 54 69 74 43 65 24 65 72 1 22 83 93 54 82 47 18 5 74 50 71 78 78 89 26 0 52 90 46 31 8 69 8 22 42 62 50 3 21 39 31 79 52 87 56 38 4 0 12 19 66 83 9 13
run=18 seed=17 k=97 f=0
32 91 77 14 96 18 80 41 64 77 18 23 0 51 26 19 74 58 74 73 26 4 32 96 70 88 1 90 73 24 34 66 37 51 63 72 85 78 11 53 43 42 24 39 28 75 88 52 37 17 80 96 52 53 96 31 1 62 10 61 81 39 14 10 2 92 8 11 58 88 42 45 62 17 1 88 4 67 49 81 82 33 81 69 96 46 29 53 30 46 9 84 72 95 86 34 10 8 55 66 9 0 22 96 64 68 68 0 35 65
run=19 seed=18 k=97 f=0
29 28 20 20 39 91 65 1 41 74 85 6 19 0 10 16 66 77 26 38 91 53 64 82 60 52 52 58 23 41 42 66 77 41 19 39 22 50 79 40 73 31 16 5 85 87 49 11 45 0 61 8 12 55 62 70 72 49 0 34 83 70 4 88 32 24 84 22 46 29 96 80 73 96 35 11 58 0 16 56 6 81 33 7 74 33 21 12 37 27 67 56 88 14 51 24 32 32 46 44 92 94 84 59 64 3 73 82 68 94
run=20 seed=19 k=97 f=0
88 14 9 49 25 30 71 52 68 39 23 53 20 61 62 87 56 34 10 8 46 61 2 57 93 83 75 7 79 96 93 20 39 5 3 69 44 80 17 77 86 30 96 49 77 33 68 9 8 20 18 29 47 51 24 0 65 0 96 2 39 33 23 13 41 93 13 56 0 37 89 26 29 69 74 14 19 4 87 85 38 73 41 59 54 11 0 25 1 66 93 31 31 18 66 71 43 63 85 61 96 83 3 96 64 51 40 48 67 26
