run=1 seed=0 k=122 f=0
36 54 75 95 7 49 42 120 7 23 80 111 102 97 9 16 52 80 119 50 117 106 29 69 5 114 108 109 121 119 25 30 52 89 25 66 17 8 61 1 37 67 33 17 102 44 60 76 5 41 58 0 71 110 70 101 54 26 38 78 121 48 86 0 22 113 16 39 5 48 26 119 96 94 62 95 35 2 102 112 89 77 64 46 14 62 18 30 88 103 86 112 38 90 67 97 84 84 102 121 41 59 45 31 29 77 35 16 81 11
run=2 seed=1 k=122 f=0
36 54 75 95 7 49 42 120 7 23 80 111 102 97 9 16 52 80 119 50 117 106 29 69 5 114 108 109 121 119 25 30 52 89 25 66 17 8 61 1 37 67 33 17 102 44 60 76 5 41 58 0 71 110 70 101 54 26 38 78 121 48 86 0 22 113 16 39 5 48 26 119 96 94 62 95 35 2 102 112 89 77 64 46 14 62 18 30 88 103 86 112 38 90 67 97 84 84 102 121 41 59 45 31 29 77 35 16 81 11
run=3 seed=2 k=122 f=0
61 27 56 10 85 47 54 110 35 105 30 1 70 39 8 4 89 113 100 112 50 70 76 105 65 79 18 84 102 119 30 119 24 102 77 112 16 85 53 49 71 14 33 66 92 89 10 90 105 54 80 13 121 108 0 26 67 99 22 47 14 23 11 41 72 120 21 114 86 60 6 119 35 113 69 45 98 1 99 82 39 59 57 120 76 56 97 93 75 19 41 16 117 97 10 61 53 43 29 109 26 76 109 62 41 33 34 1 27 3
run=4 seed=3 k=122 f=0
34 69 30 106 89 25 54 66 107 56 58 56 38 52 60 9 22 45 49 39 47 110 6 8 74 102 59 117 100 68 86 76 104 96 120 88 111 4 32 8 40 104 77 68 40 71 45 86 94 63 76 21 121 1 107 119 56 89 116 121 39 94 20 116 112 74 121 24 91 31 28 20 15 29 54 69 50 99 21 24 64 30 35 19 5 78 81 85 11 36 15 86 50 64 0 121 14 1 76 93 99 102 114 47 75 46 105 5 17 6
run=5 seed=4 k=122 f=0
109 14 42 32 117 73 49 3 101 73 66 31 0 117 65 86 56 69 55 85 57 69 32 111 49 108 52 48 56 64 90 97 80 12 62 111 100 24 119 56 9 73 100 112 28 45 92 121 71 25 99 71 121 39 87 50 26 117 104 78 63 62 55 78 107 63 9 17 121 89 3 9 40 90 47 112 15 17 34 8 19 9 81 33 49 24 95 77 20 7 35 93 102 90 104 42 21 18 59 32 0 0 66 84 19 16 81 34 44 32
run=6 seed=5 k=122 f=0
33 50 10 110 54 50 95 95 33 117 6 1 44 100 25 88 4 85 24 23 30 121 65 11 20 18 93 106 7 120 67 17 54 2 67 79 66 105 80 87 23 42 55 69 37 15 37 9 44 61 33 56 72 99 76 88 119 111 93 45 110 69 2 121 120 60 30 3 55 84 100 95 11 101 27 33 118 66 71 114 5 108 108 66 84 0 91 57 114 50 77 112 121 60 82 39 80 117 77 18 80 27 40 33 101 6 82 24 74 115
run=7 seed=6 k=122 f=0
27 81 36 93 88 39 23 101 64 14 67 23 95 41 20 38 58 86 121 89 45 118 51 121 111 19 19 45 14 49 93 22 10 9 10 53 50 66 34 115 83 62 53 58 67 38 101 76 3 104 100 52 119 79 96 28 98 104 103 94 66 9 116 0 85 16 77 57 14 111 26 62 93 88 34 49 89 71 114 79 3 31 2 121 55 61 44 31 61 71 1 76 34 121 29 109 6 76 3 109 43 86 113 12 2 83 119 107 58 49
run=8 seed=7 k=122 f=0
109 65 95 121 75 77 98 30 23 119 7 48 45 70 61 31 63 114 62 96 76 55 120 91 72 51 63 14 119 82 5 106 20 1 32 93 57 10 118 2 102 70 20 54 10 85 11 1 99 107 47 55 16 52 103 40 14 94 34 2 6 100 73 89 88 107 32 23 119 9 33 66 81 121 73 91 16 1 59 115 42 23 49 60 16 31 42 39 77 24 77 110 9 81 112 51 87 24 1 120 1 38 78 116 81 100 87 97 74 34
run=9 seed=8 k=122 f=0
19 78 40 73 66 121 8 30 51 3 73 34 121 117 71 30 8 68 118 119 59 44 81 4 16 57 84 33 76 41 49 100 90 91 87 121 26 55 1 83 32 35 23 13 4 96 65 4 45 97 63 104 74 22 109 103 8 10 4 111 0 68 89 47 39 70 113 43 90 22 37 117 18 58 29 52 33 14 18 78 72 81 60 117 106 48 86 116 60 103 105 83 39 98 60 12 2 65 17 94 106 52 91 110 47 63 2 23 98 22
run=10 seed=9 k=122 f=0
9 105 99 119 76 65 82 108 112 82 13 27 121 15 89 23 113 74 16 56 119 0 35 93 35 1 37 115 113 46 60 96 80 39 2 86 104 117 1 47 67 88 87 1 102 33 22 90 43 67 23 40 80 58 15 78 107 70 71 74 95 11 50 56 52 23 12 64 80 15 9 59 52 18 102 42 10 5 4 53 48 32 120 29 109 109 21 76 57 33 40 94 11 2 87 63 105 6 100 36 120 112 49 121 24 25 108 99 30 90
run=11 seed=10 k=122 f=0
47 67 4 30 24 83 119 89 67 94 57 27 42 11 68 31 24 93 100 78 14 41 35 1 108 107 74 76 82 92 1 93 25 14 90 113 110 104 49 55 41 106 31 69 81 99 81 118 61 51 51 68 73 52 55 40 61 7 48 73 100 52 31 117 66 0 60 41 23 20 85 66 121 32 8 32 10 118 88 54 121 7 108 74 0 16 38 61 93 79 85 111 114 119 18 97 114 82 44 22 70 0 89 15 39 104 102 51 102 33
run=12 seed=11 k=122 f=0
121 16 111 45 83 15 47 26 57 90 121 32 49 87 115 89 73 2 35 18 77 0 107 67 4 82 116 16 103 8 96 26 77 85 43 41 10 47 114 38 16 8 68 54 57 71 22 99 65 55 75 21 121 97 97 0 73 108 85 46 108 74 71 115 9 37 4 15 107 54 28 80 6 3 13 114 66 37 53 14 119 63 7 37 34 97 93 85 62 24 26 60 87 99 24 103 31 101 86 80 21 116 4 21 94 54 93 82 93 49
run=13 seed=12 k=122 f=0
58 92 118 111 87 61 49 93 71 31 108 37 99 30 117 14 67 0 29 98 2 52 54 120 48 25 80 20 86 70 19 112 14 53 121 21 121 121 80 46 47 8 87 11 38 68 27 86 86 57 99 110 5 46 111 32 68 108 72 118 103 101 57 79 1 3 6 72 87 88 31 81 45 28 96 37 19 0 63 59 59 79 95 64 120 84 115 11 72 50 75 38 3 89 7 19 58 15 91 105 103 1 106 76 29 38 93 39 38 38
run=14 seed=13 k=122 f=0
95 0 87 86 52 84 44 54 61 25 78 69 30 104 117 59 5 20 37 10 27 103 4 113 109 32 17 108 7 5 23 119 10 113 91 37 61 13 88 2 119 3 76 1 71 22 9 34 110 119 44 115 43 101 63 96 80 84 110 92 95 30 91 102 30 120 24 83 54 103 85 120 25 37 54 30 105 74 62 95 16 45 24 47 97 66 14 59 54 71 46 22 102 42 4 4 65 51 88 52 64 11 82 78 43 75 95 74 27 91
run=15 seed=14 k=122 f=0
11 106 81 6 24 52 39 44 89 54 110 0 96 68 56 12 16 94 105 55 78 95 100 82 24 84 98 86 17 61 36 68 6 59 76 61 113 115 34 38 48 100 76 24 62 90 17 108 74 40 107 82 110 113 105 12 3 78 26 100 23 40 48 31 98 3 92 112 118 21 121 46 49 19 65 19 39 40 7 120 86 34 120 3 43 65 8 29 65 52 105 90 73 73 1 68 89 30 29 71 48 85 118 97 17 30 118 26 73 3
run=16 seed=15 k=122 f=0
27 24 61 101 18 46 60 78 39 112 19 71 46 18 12 121 66 119 91 64 89 108 29 23 86 57 72 5 35 13 89 71 73 68 60 64 42 2 89 83 113 96 104 24 35 62 38 54 19 39 1 69 29 30 94 17 84 110 116 19 84 58 76 77 120 70 22 44 55 47 7 11 101 53 48 108 79 86 10 59 5 41 8 34 80 102 113 36 109 13 0 49 119 77 103 59 79 3 43 34 76 50 98 92 28 97 84 109 56 107
run=17 seed=16 k=122 f=0
43 35 73 2 39 5 97 55 121 54 81 47 48 36 57 0 40 111 19 91 22 61 20 102 12 31 58 68 5 44 49 52 81 43 57 120 105 33 18 116 86 14 98 81 79 65 85 73 80 104 68 61 11 71 121 114 102 9 121 110 93 87 40 53 9 96 53 61 6 112 85 95 3 39 22 25 61 26 41 119 94 111 50 72 30 94 66 75 19 89 1 1 30 121 44 107 17 19 45 26 86 30 121 56 64 23 119 23 13 98
run=18 seed=17 k=122 f=0
95 94 11 63 74 37 3 30 93 51 64 20 58 16 74 86 61 121 58 89 37 24 13 120 65 79 30 64 87 8 118 67 112 92 116 59 69 81 6 103 0 81 23 88 103 10 116 3 89 35 56 107 26 31 66 50 21 49 114 78 116 113 23 111 55 103 33 92 101 41 73 121 0 38 7 62 112 91 19 16 11 44 15 14 1 83 49 105 59 43 23 45 35 33 20 106 68 109 90 29 97 44 94 99 77 5 77 69 84 105
run=19 seed=18 k=122 f=0
33 53 83 36 114 90 15 22 108 85 38 83 116 95 48 103 86 76 2 91 84 31 35 85 91 50 45 63 72 26 79 13 27 121 68 21 104 65 71 76 1 119 7 45 49 67 26 15 12 68 106 116 59 33 36 79 87 5 23 120 119 37 94 18 51 5 34 61 5 115 111 56 0 91 103 41 54 75 56 66 76 96 63 28 66 58 94 15 106 3 38 14 79 11 27 98 54 28 0 106 58 112 117 43 114 96 91 43 64 25
run=20 seed=19 k=122 f=0
45 119 60 22 73 37 63 107 76 61 33 0 15 10 59 13 78 65 57 76 27 92 65 9 110 34 50 75 21 84 68 67 4 72 10 82 94 30 121 67 59 108 47 76 120 109 91 84 54 25 1 81 9 90 102 94 37 23 86 40 98 5 107 86 80 2 50 71 1 74 16 16 41 32 1 61 52 93 42 66 100 48 65 114 18 119 107 40 102 95 80 8 103 80 48 61 121 73 10 10 25 28 112 88 94 10 29 24 101 48
