run=1 seed=0 k=99 f=0
35 84 24 79 23 98 55 36 69 1 41 13 27 82 95 4 78 54 11 83 98 31 60 33 26 87 44 14 91 12 32 18 52 61 95 75 73 29 54 43 25 27 81 91 69 19 59 83 29 37 2 28 46 35 15 8 52 61 49 40 94 80 59 69 3 52 43 16 67 56 0 54 58 80 8 1 44 68 6 18 90 78 15 47 58 0 20 89 6 98 9 92 40 63 98 22 71 3 93 35 63 89 52 67 73 84 13 1 96 61
run=2 seed=1 k=99 f=0
35 84 24 79 23 98 55 36 69 1 41 13 27 82 95 4 78 54 11 83 98 31 60 33 26 87 44 14 91 12 32 18 52 61 95 75 73 29 54 43 25 27 81 91 69 19 59 83 29 37 2 28 46 35 15 8 52 61 49 40 94 80 59 69 3 52 43 16 67 56 0 54 58 80 8 1 44 68 6 18 90 78 15 47 58 0 20 89 6 98 9 92 40 63 98 22 71 3 93 35 63 89 52 67 73 84 13 1 96 61
run=3 seed=2 k=99 f=0
63 60 17 71 62 27 72 13 0 93 92 75 18 53 36 8 0 50 97 22 80 33 80 79 78 19 0 73 37 33 44 50 51 22 54 22 13 93 52 82 85 29 5 57 68 98 6 10 37 81 64 19 55 42 72 38 5 43 57 39 90 87 54 33 31 75 50 49 0 19 98 53 46 5 63 90 89 57 11 27 17 73 46 42 39 90 10 11 91 87 68 66 8 23 58 85 97 66 4 66 85 3 7 28 75 0 63 95 44 75
run=4 seed=3 k=99 f=0
66 75 18 42 69 90 57 29 37 22 73 31 54 61 73 0 39 12 12 93 53 18 31 70 49 98 26 0 21 58 2 98 44 95 33 60 51 0 67 88 93 47 20 67 28 61 48 27 70 24 35 49 54 20 53 78 60 6 24 88 46 36 82 74 8 18 67 7 9 18 5 42 91 80 64 2 42 0 64 12 40 80 62 36 33 23 82 86 94 30 96 45 84 79 72 87 11 0 12 6 87 97 47 15 1 35 77 1 78 87
run=5 seed=4 k=99 f=0
81 18 64 35 72 67 87 55 59 18 69 70 98 77 31 67 73 7 81 13 86 28 78 57 36 30 18 54 66 47 37 94 21 33 56 8 92 86 0 2 84 76 21 74 59 51 40 96 23 64 98 10 46 18 60 44 30 61 22 45 0 98 48 41 9 35 24 2 1 66 54 28 37 76 91 66 25 28 32 70 51 38 16 98 58 41 81 91 73 16 11 48 89 64 88 76 0 14 0 2 7 56 9 98 91 45 54 8 78 58
run=6 seed=5 k=99 f=0
60 33 12 36 5 64 98 1 42 49 36 43 43 35 0 85 57 5 76 23 71 52 81 3 66 38 26 7 1 93 9 63 94 26 39 9 53 36 88 21 86 98 82 21 34 37 0 28 1 98 71 72 29 55 71 97 69 77 90 4 86 57 53 91 44 9 19 42 45 78 65 90 21 10 14 83 74 49 10 74 26 17 89 54 0 29 49 63 42 78 85 98 18 14 98 17 45 62 34 48 90 81 19 71 61 70 54 82 18 66
run=7 seed=6 k=99 f=0
45 66 97 98 86 13 64 6 91 31 17 16 50 74 32 55 5 37 46 61 10 76 59 57 71 62 49 70 95 26 55 21 13 29 28 3 80 64 84 56 0 80 20 6 30 22 27 52 51 79 10 46 89 0 88 98 59 95 31 39 43 86 60 72 52 72 81 1 49 66 56 8 97 41 14 41 32 35 2 84 93 70 41 0 88 65 24 76 0 48 2 42 77 61 19 94 83 72 13 81 36 27 19 34 73 86 70 22 89 29
run=8 seed=7 k=99 f=0
65 51 96 4 11 0 50 63 10 39 98 0 86 78 32 98 45 62 86 0 35 12 50 41 33 73 82 74 32 68 24 70 98 31 78 42 27 80 44 43 98 91 16 74 16 78 78 58 36 82 58 68 57 31 40 50 52 52 27 90 19 24 81 52 22 36 20 49 83 26 3 96 91 17 98 6 66 11 65 21 60 20 87 69 47 60 28 91 10 88 0 56 68 79 67 90 39 11 78 23 44 60 13 66 74 11 43 97 49 4
run=9 seed=8 k=99 f=0
71 78 93 44 90 59 51 71 42 0 75 38 58 73 87 98 66 21 13 16 23 52 30 52 41 35 10 53 33 78 89 39 76 64 36 63 61 97 8 7 39 8 29 73 62 15 16 94 73 98 19 13 84 49 42 14 58 98 92 32 16 4 67 11 22 50 70 91 0 2 90 79 7 34 57 69 37 69 64 24 74 83 78 1 32 0 46 94 98 78 45 83 14 12 50 48 61 53 41 6 23 21 49 28 55 25 8 23 28 0
run=10 seed=9 k=99 f=0
44 4 34 8 65 91 95 77 47 70 34 77 97 67 73 72 88 81 98 75 93 53 35 39 80 73 63 83 49 79 37 61 23 68 37 85 53 31 12 91 54 45 98 52 10 67 27 12 10 27 87 7 0 19 45 59 91 4 84 48 66 19 63 8 87 39 17 89 13 47 38 25 95 32 59 56 3 0 66 89 27 2 21 19 22 12 49 26 30 16 60 1 47 34 1 56 21 41 73 74 83 61 6 19 49 16 80 30 95 98
run=11 seed=10 k=99 f=0
98 52 97 89 75 98 23 37 89 32 13 34 15 63 46 69 31 16 0 93 79 61 79 31 25 5 7 8 10 22 19 27 24 9 32 0 83 50 75 73 96 86 28 23 57 64 31 10 13 98 48 57 56 52 0 70 63 39 2 95 74 40 47 91 88 80 92 78 36 40 84 20 23 53 64 19 44 74 54 84 12 98 53 58 45 94 40 59 42 46 3 21 70 49 87 67 37 47 14 62 43 7 84 89 30 57 2 24 0 71
run=12 seed=11 k=99 f=0
77 94 48 20 42 49 4 34 95 68 15 43 11 23 71 59 8 16 28 80 24 38 28 66 86 37 28 50 10 98 92 49 85 80 5 10 6 24 73 28 75 63 96 84 69 37 0 78 72 23 50 94 98 82 55 14 73 62 1 33 50 0 19 44 87 1 69 10 89 80 31 91 61 53 87 19 65 5 34 35 14 98 28 65 70 45 0 89 46 77 95 47 3 19 46 6 41 16 18 40 91 55 67 81 56 41 32 38 37 57
run=13 seed=12 k=99 f=0
8 51 23 53 1 85 48 38 76 54 30 57 56 70 78 20 38 91 44 79 10 83 45 73 60 17 89 95 60 26 81 33 65 13 85 68 73 78 71 50 2 63 46 41 89 21 74 36 10 76 16 17 63 26 0 26 51 39 2 12 2 3 95 69 95 63 36 48 91 63 32 32 24 98 54 18 5 44 54 85 98 74 18 61 40 30 97 9 83 7 3 86 13 80 38 23 96 86 8 98 13 94 49 45 16 26 96 9 35 27
run=14 seed=13 k=99 f=0
19 42 68 37 0 64 83 71 35 71 67 55 15 40 98 18 60 75 25 45 58 74 70 71 47 91 45 62 77 55 30 4 39 58 74 86 94 33 41 1 82 91 10 92 98 9 40 54 79 68 2 8 0 83 45 4 63 74 11 29 98 0 46 84 50 98 94 56 31 10 28 41 14 59 38 17 14 30 98 63 38 50 73 19 22 86 49 96 43 6 24 91 6 84 9 79 66 32 35 25 12 64 53 23 0 50 52 87 19 17
run=15 seed=14 k=99 f=0
58 84 69 59 7 25 65 31 78 69 9 47 1 57 29 74 62 32 49 28 44 15 69 51 43 90 79 94 95 21 74 23 15 40 95 37 35 61 67 73 45 2 1 8 0 63 18 66 78 70 13 36 0 67 74 14 42 82 62 97 9 63 37 83 93 91 79 30 53 0 98 3 28 8 46 15 35 37 96 65 32 89 3 52 72 90 18 98 9 24 43 79 77 79 16 20 30 95 46 98 79 21 6 55 37 49 52 54 91 39
run=16 seed=15 k=99 f=0
83 69 3 1 71 69 5 39 46 25 98 91 11 14 37 60 20 48 53 67 81 95 54 33 66 4 98 6 34 62 92 17 76 93 62 22 19 84 17 59 7 75 33 16 24 67 76 79 74 29 21 67 98 98 59 10 83 0 89 13 57 78 26 76 73 54 22 92 43 53 41 51 12 26 66 49 89 44 4 69 0 28 35 0 34 52 83 82 54 37 93 50 21 33 46 25 69 37 84 26 44 5 78 46 58 44 46 95 73 54
run=17 seed=16 k=99 f=0
21 98 60 67 69 15 78 9 87 78 15 53 56 43 74 56 39 30 0 3 49 66 62 41 4 7 49 86 70 0 1 78 13 42 47 35 97 0 28 35 88 86 74 46 42 44 1 40 91 47 9 59 79 17 98 80 28 67 40 83 0 19 62 20 49 69 46 50 23 78 13 9 26 83 56 55 23 32 31 94 93 8 6 64 72 25 70 19 97 86 3 82 38 60 29 92 27 17 67 89 36 74 97 62 56 50 30 30 58 15
run=18 seed=17 k=99 f=0
0 39 98 35 58 81 37 42 53 13 15 23 68 70 39 73 41 71 98 56 2 95 33 86 91 80 64 47 15 17 27 87 58 28 79 56 35 17 6 82 77 8 57 44 47 5 20 27 14 49 46 64 98 41 37 69 0 18 36 6 30 61 91 87 88 97 6 22 27 26 9 68 0 49 22 64 62 1 70 77 20 51 2 97 81 28 65 55 93 3 97 64 10 52 34 75 8 88 72 11 32 44 90 73 47 91 85 19 95 56
run=19 seed=18 k=99 f=0
24 86 55 48 71 27 66 75 20 36 6 61 98 31 89 75 24 67 30 38 94 67 68 4 89 58 86 6 96 58 64 1 60 46 37 11 44 0 85 32 16 86 9 36 63 11 18 88 69 49 41 12 82 8 80 62 98 0 78 26 40 41 4 89 54 12 82 17 46 22 74 84 31 77 15 26 75 71 15 40 21 55 42 97 61 20 4 32 40 43 50 22 12 97 7 33 52 19 32 95 81 52 7 91 70 72 27 98 11 75
run=20 seed=19 k=99 f=0
18 38 97 11 98 6 8 75 82 67 34 29 32 30 12 79 84 46 89 76 26 71 23 72 13 35 20 2 63 29 49 18 42 53 27 11 37 38 44 50 40 83 13 61 5 23 88 72 70 98 0 95 3 68 68 18 53 89 92 63 51 53 36 77 97 48 69 40 8 56 90 97 19 6 26 37 31 98 57 1 42 0 96 0 47 64 62 48 49 56 78 63 96 81 72 83 93 79 25 84 11 0 75 43 21 59 78 56 88 16
