run=1 seed=0 k=106 f=0
65 2 92 0 89 47 60 24 59 29 42 101 69 67 51 14 95 12 98 23 64 105 95 83 4 61 8 101 21 73 87 48 78 74 75 87 83 94 102 36 55 82 65 55 72 25 102 32 15 79 97 31 6 60 30 87 41 58 56 25 33 37 25 1 0 100 72 105 73 45 46 49 54 3 104 17 4 16 89 24 31 6 76 38 99 105 23 63 90 50 90 10 40 90 62 84 40 42 50 17 23 75 75 68 33 11 11 12 34 28
run=2 seed=1 k=106 f=0
65 2 92 0 89 47 60 24 59 29 42 101 69 67 51 14 95 12 98 23 64 105 95 83 4 61 8 101 21 73 87 48 78 74 75 87 83 94 102 36 55 82 65 55 72 25 102 32 15 79 97 31 6 60 30 87 41 58 56 25 33 37 25 1 0 100 72 105 73 45 46 49 54 3 104 17 4 16 89 24 31 6 76 38 99 105 23 63 90 50 90 10 40 90 62 84 40 42 50 17 23 75 75 68 33 11 11 12 34 28
run=3 seed=2 k=106 f=0
32 105 78 44 105 1 56 89 31 77 8 80 63 13 26 85 9 35 27 87 47 22 39 9 67 77 28 68 42 57 23 76 16 74 79 94 22 53 100 89 81 3 24 8 58 1 94 72 70 86 100 87 101 66 104 62 49 104 56 16 50 1 91 66 44 82 0 50 32 66 58 9 39 53 18 16 36 37 103 100 11 40 15 12 69 44 0 88 69 45 77 0 5 99 34 82 3 61 9 90 96 45 91 30 17 57 30 103 21 59
run=4 seed=3 k=106 f=0
104 90 50 0 45 51 24 2 25 48 26 45 63 83 54 23 105 93 65 65 35 78 22 81 1 28 89 78 102 21 20 100 44 84 34 11 67 9 32 85 32 8 101 27 94 24 97 72 37 3 63 46 86 85 58 40 19 94 16 71 65 38 63 35 92 97 67 83 44 73 22 6 98 74 73 95 105 49 89 34 55 72 32 43 1 16 51 98 7 13 0 53 89 18 60 70 52 58 82 1 2 30 95 17 103 33 17 15 39 43
run=5 seed=4 k=106 f=0
52 15 4 51 71 60 95 39 8 41 6 5 70 30 58 1 36 16 83 38 103 44 40 89 47 103 14 4 17 77 67 75 96 46 55 32 30 68 99 12 97 65 8 50 96 63 40 0 43 71 59 43 11 91 32 90 20 21 25 79 62 23 33 88 77 23 81 33 57 67 0 71 95 104 25 0 103 30 48 44 11 33 76 55 81 82 80 5 68 59 36 91 16 61 7 20 87 87 53 83 40 102 1 54 70 86 102 50 41 49
run=6 seed=5 k=106 f=0
34 35 80 18 68 74 76 51 21 10 28 10 102 88 70 77 38 95 6 76 22 53 77 89 0 13 1 46 26 98 61 13 28 60 78 100 52 33 42 3 10 49 81 39 44 61 66 61 20 87 78 43 29 57 23 13 105 95 91 93 45 67 70 105 70 46 19 29 62 64 74 104 2 42 66 26 4 48 39 4 31 84 93 8 2 13 57 31 6 5 79 99 20 18 85 17 51 69 99 101 95 40 100 79 56 88 36 84 38 73
run=7 seed=6 k=106 f=0
95 45 30 56 104 17 38 4 98 51 31 103 57 65 48 88 42 50 13 101 67 3 22 42 5 32 0 62 91 93 81 22 7 59 91 27 2 84 50 80 35 74 24 2 73 88 95 49 94 0 104 54 66 58 96 71 0 22 82 18 9 65 24 14 105 40 11 105 53 73 89 72 81 99 74 27 58 63 91 103 98 38 82 38 10 71 56 11 23 102 30 17 92 85 28 77 52 49 97 105 83 36 8 17 43 39 46 89 29 22
run=8 seed=7 k=106 f=0
27 39 79 88 33 68 22 47 39 77 43 103 34 46 9 49 42 21 82 9 67 5 78 2 61 76 78 100 1 28 55 16 43 28 92 79 94 40 21 73 11 0 2 52 25 49 58 81 24 96 38 32 33 42 12 96 23 62 84 97 16 71 7 65 89 25 68 41 31 104 48 35 0 83 87 100 105 95 60 75 105 75 15 105 93 21 58 58 9 6 105 78 56 0 14 55 64 8 45 34 55 54 92 68 101 88 104 53 70 102
run=9 seed=8 k=106 f=0
28 4 98 84 97 35 27 89 24 12 60 37 40 3 10 103 88 21 45 7 89 24 51 76 96 51 13 81 89 45 80 12 20 30 87 69 75 67 21 2 54 0 97 79 61 101 83 49 95 103 70 72 0 75 46 104 65 86 68 17 60 0 5 5 0 13 51 74 80 32 13 62 29 32 39 20 2 4 32 27 37 57 88 55 100 56 77 92 14 71 67 38 95 88 34 74 97 9 43 58 25 46 33 18 46 105 38 61 23 11
run=10 seed=9 k=106 f=0
95 71 5 27 42 23 75 46 55 7 55 6 99 73 42 50 9 70 105 91 24 59 105 46 79 81 6 15 3 37 47 98 21 78 51 85 102 92 37 35 55 7 58 30 6 27 50 13 19 63 64 14 90 20 41 0 81 84 47 27 99 92 34 50 104 67 62 17 76 15 33 57 54 11 25 60 38 88 0 57 67 31 103 19 14 71 0 79 45 96 1 6 64 70 35 66 21 76 36 83 92 46 34 40 29 49 26 89 96 105
run=11 seed=10 k=106 f=0
83 21 46 94 68 74 56 3 35 61 57 0 48 37 38 37 18 2 97 97 90 70 83 5 103 64 31 16 92 40 57 79 0 85 34 61 65 25 47 74 83 104 15 31 47 19 24 10 91 73 48 6 27 57 43 52 87 105 28 56 82 5 80 55 78 88 100 71 43 77 96 30 51 55 35 49 0 61 74 21 9 18 60 68 0 97 105 14 29 88 88 37 59 39 20 103 71 41 14 104 26 97 0 11 10 7 76 97 24 97
run=12 seed=11 k=106 f=0
95 37 75 80 87 83 45 49 33 41 74 88 48 48 37 17 79 92 75 47 10 97 11 54 65 40 44 4 25 65 0 60 61 4 64 75 52 25 18 26 74 93 100 8 35 80 30 41 99 24 15 3 68 30 56 105 103 70 84 25 58 83 69 17 89 2 61 52 1 36 85 105 0 0 49 18 66 25 26 88 50 41 13 69 105 9 9 102 98 62 18 32 75 13 102 42 96 17 20 50 6 6 87 32 58 85 17 53 7 104
run=13 seed=12 k=106 f=0
23 75 50 89 37 0 55 76 43 86 92 67 75 28 62 0 35 93 49 61 14 32 98 65 45 70 73 55 88 33 105 83 45 31 76 42 36 68 102 10 51 4 53 7 22 82 105 90 57 49 98 102 9 90 43 59 12 102 44 100 105 62 99 77 19 13 14 36 53 42 62 50 87 2 24 31 72 24 74 54 105 66 51 10 25 17 0 9 76 16 89 2 34 5 79 85 4 19 35 35 58 28 42 97 34 69 65 31 16 82
run=14 seed=13 k=106 f=0
56 34 89 61 47 16 22 104 25 19 62 82 74 64 31 99 9 50 64 9 84 57 83 97 91 0 17 102 14 80 79 24 62 69 21 49 11 3 77 95 92 52 58 24 53 68 68 84 42 88 105 47 57 80 81 43 38 23 71 76 26 40 3 40 88 99 1 25 42 3 105 33 16 87 97 98 51 52 92 13 6 15 60 12 102 45 66 27 99 29 5 47 54 66 12 22 39 102 76 73 30 2 48 74 35 39 9 34 34 19
run=15 seed=14 k=106 f=0
69 32 19 16 29 48 25 86 26 15 38 94 61 72 93 40 98 0 93 0 100 17 19 96 46 48 25 0 81 38 39 76 45 53 2 51 35 105 73 9 8 33 92 57 1 55 79 97 61 70 63 35 16 69 66 39 54 19 62 62 105 22 64 31 98 9 49 31 47 49 40 85 5 105 79 97 74 2 21 22 85 8 18 15 92 83 88 73 103 10 29 7 53 54 102 26 103 43 89 87 20 75 91 25 81 100 90 1 89 56
run=16 seed=15 k=106 f=0
93 6 47 36 62 78 78 42 71 66 27 47 10 86 36 45 52 85 96 5 33 102 48 1 51 61 71 43 32 20 95 0 68 32 75 57 32 5 87 103 103 52 73 105 31 4 13 19 11 0 57 43 29 39 56 99 8 58 96 62 77 11 92 97 104 63 52 74 87 10 39 84 89 78 17 102 1 63 44 92 70 23 86 23 76 26 105 84 91 35 50 61 85 0 105 49 41 97 21 26 84 19 5 68 16 22 60 49 50 73
run=17 seed=16 k=106 f=0
46 54 73 37 71 91 71 61 71 86 23 9 51 51 60 66 12 0 85 60 45 29 34 103 72 101 28 22 97 46 5 20 9 105 24 105 99 43 52 67 84 80 71 61 12 19 21 28 49 86 62 31 28 57 25 19 14 31 71 92 20 34 96 79 30 4 39 0 1 7 94 79 73 92 65 65 37 15 105 23 100 36 80 15 90 77 37 69 91 56 39 82 70 61 42 5 18 0 22 102 4 25 75 59 40 3 1 49 91 42
run=18 seed=17 k=106 f=0
62 77 62 19 29 19 81 79 85 84 44 6 56 24 92 103 52 7 18 17 0 27 41 40 33 92 96 1 45 51 66 11 82 0 84 37 21 53 10 33 7 49 101 46 86 76 4 102 85 105 34 91 0 4 84 40 67 48 80 94 45 73 74 22 24 31 59 22 89 69 58 41 17 105 74 22 91 1 105 29 59 36 8 67 71 67 30 86 15 40 15 94 7 50 2 35 57 98 30 73 97 57 81 63 57 99 97 1 104 14
run=19 seed=18 k=106 f=0
28 50 9 55 57 40 55 61 2 57 66 3 32 104 104 65 75 31 13 97 10 32 87 79 43 100 2 14 83 105 68 91 56 54 42 59 61 24 47 49 61 21 105 49 52 75 82 100 24 42 22 34 54 4 95 68 73 9 39 8 82 76 45 64 7 29 24 25 56 71 0 38 68 91 11 83 16 16 28 64 104 48 55 72 2 41 91 47 0 20 23 16 5 67 87 89 13 105 104 77 34 18 29 33 80 83 45 91 86 4
run=20 seed=19 k=106 f=0
69 33 20 76 10 66 2 40 58 103 84 60 41 68 91 97 83 41 104 96 20 48 53 84 0 51 0 48 51 12 14 87 3 48 23 105 97 92 13 83 23 14 29 105 74 53 13 42 38 10 91 85 0 56 6 18 47 25 42 26 67 82 7 72 23 32 42 63 61 102 57 32 76 65 22 75 9 33 7 21 3 31 83 80 70 73 98 48 24 33 104 0 61 91 37 103 42 17 64 76 66 6 102 90 55 9 95 98 58 60
