run=1 seed=0 k=100 f=0
83 11 77 93 44 31 86 92 49 21 27 28 90 68 64 22 41 85 33 36 52 64 54 7 15 31 76 49 33 42 49 0 40 44 21 35 9 67 18 56 1 72 8 19 55 34 51 97 20 69 13 21 94 80 56 74 62 71 96 81 48 6 84 99 51 5 46 29 17 23 25 97 57 47 14 29 88 67 45 99 88 9 59 78 82 14 2 53 8 63 27 61 76 68 38 0 26 86 94 39 95 43 82 77 10 1 97 16 83 7
run=2 seed=1 k=100 f=0
83 11 77 93 44 31 86 92 49 21 27 28 90 68 64 22 41 85 33 36 52 64 54 7 15 31 76 49 33 42 49 0 40 44 21 35 9 67 18 56 1 72 8 19 55 34 51 97 20 69 13 21 94 80 56 74 62 71 96 81 48 6 84 99 51 5 46 29 17 23 25 97 57 47 14 29 88 67 45 99 88 9 59 78 82 14 2 53 8 63 27 61 76 68 38 0 26 86 94 39 95 43 82 77 10 1 97 16 83 7
run=3 seed=2 k=100 f=0
89 58 88 75 41 98 64 92 31 27 42 84 46 3 23 47 60 67 75 30 2 71 69 52 81 90 99 74 96 63 13 24 82 0 53 94 52 44 73 97 20 67 24 6 13 6 56 14 36 74 46 50 99 97 78 59 9 31 51 5 44 32 43 16 54 86 17 68 91 90 31 42 12 71 51 19 22 39 60 4 84 35 49 86 77 59 3 27 37 41 14 99 92 60 96 8 69 65 1 37 0 18 32 24 15 2 76 77 9 82
run=4 seed=3 k=100 f=0
11 5 57 8 60 40 72 12 1 64 58 60 93 39 61 27 64 71 1 95 15 42 0 58 73 42 89 21 99 98 54 79 36 2 99 67 41 29 90 68 15 21 61 85 85 51 81 52 73 81 1 4 0 37 48 97 90 85 86 18 35 48 71 99 67 77 33 9 32 23 54 2 17 29 90 11 16 71 72 16 53 66 31 21 0 6 26 40 13 12 77 37 50 31 98 79 77 9 56 5 74 90 31 96 46 98 93 22 51 21
run=5 seed=4 k=100 f=0
1 2 95 56 77 37 35 63 52 15 17 52 14 6 74 15 0 71 1 28 88 24 68 79 79 37 70 39 20 20 29 73 99 56 56 34 11 11 86 20 98 82 79 60 59 32 42 98 74 83 49 99 46 22 90 21 90 82 54 7 18 41 41 23 4 1 91 28 9 30 64 69 92 91 99 37 47 38 1 46 46 99 78 31 67 55 9 5 56 53 64 98 26 92 49 47 77 61 0 29 66 99 63 26 40 50 26 14 93 15
run=6 seed=5 k=100 f=0
0 62 10 72 13 32 20 99 73 81 30 17 59 45 10 20 20 48 46 85 13 4 79 20 31 78 82 18 28 29 65 94 84 1 99 28 40 71 8 65 57 0 14 65 0 94 26 7 0 68 92 79 33 55 84 53 87 23 68 89 42 73 37 27 22 43 88 11 38 50 98 56 52 73 59 74 78 98 99 77 79 27 94 36 52 34 90 42 58 39 50 92 43 46 53 78 14 83 1 21 66 99 5 9 44 30 36 24 62 99
run=7 seed=6 k=100 f=0
41 76 81 56 8 85 86 43 2 78 63 23 33 97 71 16 90 44 23 44 96 67 40 22 89 62 32 28 3 7 53 39 61 79 75 59 55 12 70 8 72 52 36 53 79 76 59 98 69 82 41 72 2 87 94 63 98 99 73 8 39 28 58 71 99 74 20 56 82 90 17 84 99 45 26 65 29 66 22 50 2 30 48 56 13 15 50 80 35 9 87 28 95 97 36 5 85 32 13 5 45 47 16 12 89 0 45 11 99 36
run=8 seed=7 k=100 f=0
77 8 39 71 25 43 10 62 0 1 15 16 71 76 0 21 72 46 70 24 41 63 35 5 49 87 61 46 92 29 36 31 30 93 6 51 6 19 84 54 97 99 54 80 57 24 0 99 0 22 13 1 41 78 6 33 37 99 69 75 80 93 29 65 39 87 86 65 83 91 35 86 94 81 13 61 11 19 92 53 12 48 67 27 56 12 58 46 27 99 41 75 87 27 6 0 3 67 63 60 87 38 26 30 47 92 63 53 39 53
run=9 seed=8 k=100 f=0
21 32 42 6 57 54 49 60 77 13 76 71 99 82 55 96 39 17 44 97 0 16 65 62 81 29 34 37 55 17 94 51 80 94 1 41 95 36 17 48 0 85 25 98 63 40 11 11 10 89 25 66 99 36 67 43 99 14 68 2 49 36 59 81 0 23 22 49 59 94 74 59 63 28 56 26 63 51 42 24 78 7 90 10 22 90 1 84 36 7 1 85 31 89 19 52 64 82 77 4 90 26 15 20 30 74 78 99 74 72
run=10 seed=9 k=100 f=0
44 75 58 24 11 1 20 79 42 52 33 14 58 40 37 20 9 39 46 99 83 38 31 0 66 97 64 63 49 86 23 60 83 57 23 91 76 92 50 0 16 53 16 8 94 8 3 72 83 20 55 3 52 87 25 63 77 19 25 86 29 56 98 81 40 21 98 77 15 95 46 95 1 48 72 31 35 41 90 11 69 5 82 66 44 27 61 76 65 89 69 9 93 7 33 0 81 68 12 49 36 24 2 37 73 89 82 11 34 32
run=11 seed=10 k=100 f=0
24 5 78 25 13 63 75 16 47 7 21 91 28 67 44 99 46 39 86 99 68 25 55 80 62 28 4 60 88 66 81 17 1 87 62 44 65 30 69 85 74 76 99 92 32 99 64 38 21 64 58 41 1 43 21 4 93 35 60 82 53 71 17 7 37 78 59 93 34 38 15 55 35 50 73 28 54 92 45 54 53 3 87 59 89 72 84 13 97 56 19 1 10 17 0 77 95 76 52 12 22 29 36 10 11 77 18 95 50 16
run=12 seed=11 k=100 f=0
23 93 38 45 3 58 81 23 89 44 0 28 27 88 60 70 0 91 39 27 45 4 17 21 59 31 82 98 42 73 72 22 0 69 72 53 14 98 54 67 28 57 3 47 78 92 68 25 20 99 95 97 78 12 15 36 99 76 96 99 12 18 77 24 87 0 5 33 65 54 84 84 68 50 57 90 93 5 17 95 85 32 15 41 80 85 46 37 20 65 42 10 35 73 6 32 60 60 38 84 51 0 51 38 72 8 53 65 65 9
run=13 seed=12 k=100 f=0
82 5 94 8 91 79 3 20 97 64 36 44 57 48 66 51 0 63 43 2 65 93 80 70 71 87 19 91 30 60 8 84 3 2 50 28 8 99 49 26 95 28 31 53 27 99 9 18 60 97 77 57 33 59 45 36 68 17 54 98 52 14 41 19 69 9 90 80 75 27 39 55 69 49 76 10 0 86 45 94 35 99 58 91 21 78 12 43 74 27 33 80 40 34 89 59 68 79 41 87 17 0 40 22 13 45 65 67 52 55
run=14 seed=13 k=100 f=0
89 50 69 91 58 64 32 58 29 51 67 83 61 22 51 7 54 47 41 12 96 73 6 46 1 68 2 35 43 65 11 85 79 40 77 28 58 9 94 0 99 21 72 15 18 32 29 4 45 36 52 81 89 31 28 82 92 12 35 78 1 98 73 80 33 50 95 61 56 81 60 69 10 93 21 50 23 28 79 9 66 0 90 88 45 70 98 19 62 4 40 3 24 10 28 17 85 18 6 35 12 39 61 75 25 19 53 39 39 30
run=15 seed=14 k=100 f=0
83 16 20 22 73 88 7 0 19 31 95 36 40 99 77 85 33 7 53 41 76 45 59 98 59 62 66 24 63 55 74 98 51 37 14 27 45 97 11 11 86 0 79 41 30 29 63 78 83 71 31 17 12 23 16 62 44 69 28 12 91 73 58 55 73 31 72 41 10 74 0 54 51 2 23 87 11 46 69 28 62 36 46 47 51 61 42 13 29 88 19 21 91 0 95 64 8 20 47 71 92 65 18 99 81 98 36 99 39 48
run=16 seed=15 k=100 f=0
93 50 97 4 50 28 74 92 43 28 3 86 45 85 30 90 89 31 22 53 24 80 93 60 98 54 68 81 60 88 39 7 0 84 29 17 48 0 11 7 29 14 47 80 30 57 61 72 70 1 77 25 45 70 59 99 79 18 86 40 36 3 34 15 21 62 34 50 34 97 99 65 61 36 76 94 48 12 99 21 56 43 16 69 66 72 25 50 49 65 99 29 65 15 61 39 8 95 41 90 0 76 98 11 78 40 2 86 40 20
run=17 seed=16 k=100 f=0
69 29 35 88 37 0 81 11 83 88 37 88 20 39 88 63 0 89 1 78 43 84 81 13 43 42 45 52 51 97 67 99 7 55 20 2 99 39 22 38 25 88 70 81 52 0 57 67 71 21 58 33 33 47 99 75 29 47 26 93 97 71 44 28 85 16 1 24 56 75 48 79 62 30 12 64 25 36 6 53 12 73 90 5 17 76 81 66 23 58 61 63 99 1 8 93 9 9 91 47 82 18 99 53 50 15 9 54 5 76
run=18 seed=17 k=100 f=0
88 59 39 19 79 28 85 11 53 27 95 69 92 70 82 41 43 14 51 23 8 79 5 0 83 32 8 50 99 78 55 18 36 36 12 28 95 46 78 1 39 60 66 99 24 54 50 67 78 51 88 35 63 95 5 91 29 44 32 33 20 74 97 58 59 38 25 94 72 55 99 18 91 25 72 46 82 31 83 11 87 0 4 25 53 73 1 99 9 81 61 0 19 10 60 88 28 37 48 20 70 48 18 9 45 67 77 18 64 94
run=19 seed=18 k=100 f=0
14 71 55 12 82 98 27 52 72 72 56 89 0 32 22 63 75 51 1 65 43 93 31 59 48 92 39 62 14 29 4 53 82 61 15 7 56 1 89 35 49 89 82 23 39 43 86 9 13 58 92 56 26 97 70 35 66 7 33 76 46 17 46 9 10 59 5 7 11 99 18 0 99 96 34 47 78 77 82 90 24 74 90 40 2 66 0 20 74 43 50 75 11 97 85 97 63 80 88 46 32 29 83 66 25 91 39 83 68 19
run=20 seed=19 k=100 f=0
49 73 48 0 88 15 21 45 98 57 99 81 77 91 30 40 71 99 3 88 49 8 55 47 78 0 37 68 4 85 44 93 86 66 57 56 73 36 22 93 77 80 91 61 54 54 17 2 97 35 27 51 49 33 75 84 71 63 68 99 88 66 31 55 54 50 70 13 0 70 43 33 14 15 21 41 93 59 57 24 62 20 75 4 26 1 63 9 61 9 40 14 96 21 91 81 62 6 94 29 47 44 16 27 40 11 31 58 94 83
