run=1 seed=0 k=88 f=0
39 28 56 35 49 32 66 67 71 22 7 1 0 37 55 45 51 25 61 26 0 87 37 24 56 33 14 5 51 66 21 21 69 57 15 37 62 14 76 79 29 56 87 64 36 50 70 87 75 17 44 87 87 69 72 51 78 17 64 78 8 67 23 40 0 42 8 3 74 6 80 31 58 7 0 3 21 75 49 11 8 32 78 48 40 43 67 57 57 11 34 33 27 47 27 21 3 24 38 7 86 13 81 43 83 87 81 62 87 62
run=2 seed=1 k=88 f=0
39 28 56 35 49 32 66 67 71 22 7 1 0 37 55 45 51 25 61 26 0 87 37 24 56 33 14 5 51 66 21 21 69 57 15 37 62 14 76 79 29 56 87 64 36 50 70 87 75 17 44 87 87 69 72 51 78 17 64 78 8 67 23 40 0 42 8 3 74 6 80 31 58 7 0 3 21 75 49 11 8 32 78 48 40 43 67 57 57 11 34 33 27 47 27 21 3 24 38 7 86 13 81 43 83 87 81 62 87 62
run=3 seed=2 k=88 f=0
52 38 35 30 26 87 72 16 42 29 52 27 33 32 68 32 7 14 41 3 71 84 25 22 47 60 76 76 64 64 23 22 47 0 11 10 8 46 25 21 46 58 82 66 60 73 28 6 16 77 16 18 33 86 73 60 66 61 29 17 48 69 55 28 65 33 10 87 14 87 21 35 67 40 41 36 77 52 78 14 0 49 49 56 43 0 87 7 37 51 81 35 55 0 9 8 2 55 81 22 74 80 83 0 87 87 86 20 40 71
run=4 seed=3 k=88 f=0
31 59 2 65 82 6 24 38 64 70 12 71 56 28 79 35 52 42 28 69 42 25 47 50 46 62 32 14 64 41 83 86 3 57 0 50 59 30 74 87 58 48 83 52 65 10 33 72 79 87 20 35 0 72 16 23 39 19 56 77 36 13 81 75 65 87 45 87 78 87 68 39 18 66 25 10 40 14 1 73 5 18 16 2 33 35 9 0 79 33 44 22 26 21 56 47 46 29 12 62 59 4 71 44 87 51 58 51 75 14
run=5 seed=4 k=88 f=0
80 30 55 10 57 1 65 87 8 55 33 69 57 28 32 36 72 29 0 79 59 83 64 28 6 0 18 9 0 81 13 12 85 45 39 3 0 36 54 49 5 53 81 87 70 63 62 50 25 87 38 22 34 65 58 27 76 40 19 62 12 50 43 7 75 78 79 25 71 0 52 31 44 11 19 87 40 44 42 6 46 26 59 68 0 76 62 70 40 40 22 10 14 42 81 25 86 55 3 69 19 19 59 79 64 71 9 66 63 49
run=6 seed=5 k=88 f=0
71 28 69 65 86 9 32 81 87 41 36 48 24 19 77 43 53 77 67 46 86 73 15 82 0 44 12 0 53 49 72 52 45 66 39 19 27 50 42 54 37 80 87 56 16 85 62 30 0 69 3 69 24 59 22 71 20 5 25 35 8 24 4 31 29 62 8 53 64 32 38 12 60 17 15 71 18 58 1 8 9 33 48 0 16 66 83 73 86 5 36 9 86 80 62 57 28 76 61 37 2 66 87 33 76 62 45 39 23 63
run=7 seed=6 k=88 f=0
35 60 3 86 20 1 63 77 70 54 43 48 55 24 7 26 62 25 86 61 15 36 44 48 82 45 67 25 58 76 0 46 65 48 63 86 58 57 37 0 53 2 83 69 0 87 57 30 69 54 42 76 81 11 15 42 32 43 87 41 30 66 38 35 9 62 15 13 78 59 75 76 1 18 8 41 11 36 52 14 56 69 20 65 30 29 19 1 27 87 79 0 86 5 49 21 33 12 42 78 76 22 14 38 71 14 81 52 29 74
run=8 seed=7 k=88 f=0
23 55 86 8 9 31 39 38 8 11 59 0 62 41 85 44 19 45 72 19 79 31 44 22 82 28 68 51 24 48 74 62 8 53 65 23 66 22 69 15 13 54 63 16 35 80 4 69 60 77 30 57 50 24 73 87 39 44 70 15 68 6 37 35 15 43 18 54 8 57 13 87 41 54 1 14 77 1 36 40 0 86 52 82 46 71 87 87 87 56 30 28 19 30 64 4 4 33 67 0 49 74 84 8 87 2 77 61 76 65
run=9 seed=8 k=88 f=0
72 48 57 17 1 62 78 80 6 8 84 29 87 3 25 24 50 41 70 44 0 80 41 62 14 13 27 34 87 73 20 39 57 73 51 16 20 55 49 50 37 65 0 33 50 8 73 75 43 23 10 32 0 31 19 25 20 39 73 35 71 75 86 84 13 16 22 66 11 0 7 62 57 68 64 79 49 47 22 36 58 87 38 28 53 15 35 82 56 76 0 63 74 45 86 37 58 78 41 4 12 3 69 87 5 81 10 45 54 29
run=10 seed=9 k=88 f=0
66 80 71 54 28 52 42 60 20 55 18 35 35 29 10 56 82 2 3 44 1 48 75 26 85 64 34 40 65 79 57 73 46 69 12 67 6 78 0 79 16 52 38 61 65 71 0 67 26 74 87 19 52 87 14 28 67 18 30 23 42 41 74 47 9 2 77 11 10 45 58 48 17 57 32 23 35 64 84 72 17 37 44 87 61 1 8 8 33 23 86 52 62 0 33 25 72 87 84 87 78 60 5 0 74 29 11 85 0 39
run=11 seed=10 k=88 f=0
53 12 29 12 36 0 67 44 67 40 78 65 8 14 37 52 68 53 5 69 3 87 82 53 82 44 40 18 47 82 0 31 47 37 84 41 11 61 53 79 7 22 28 68 15 58 64 54 75 34 74 24 16 58 14 76 12 0 38 35 0 60 25 87 86 10 4 24 47 22 80 29 25 22 7 0 22 32 14 18 66 75 31 72 56 71 59 62 77 22 86 8 59 5 71 20 28 85 36 42 45 19 56 51 30 64 84 38 0 81
run=12 seed=11 k=88 f=0
11 57 29 87 20 12 81 58 73 66 54 70 27 56 77 12 67 21 62 9 86 4 61 33 29 33 64 37 7 76 14 78 16 39 6 36 32 5 87 48 0 16 52 72 38 86 0 26 8 87 48 63 53 32 83 66 45 4 25 84 26 20 85 60 46 37 14 56 41 56 13 78 44 39 0 58 55 11 0 49 52 69 1 70 63 58 76 20 24 47 67 19 42 43 5 31 26 61 47 44 86 0 40 18 75 22 38 49 5 81
run=13 seed=12 k=88 f=0
3 83 0 87 48 51 77 6 17 49 10 10 42 75 74 73 35 42 11 37 44 5 32 18 32 7 67 24 39 45 22 52 56 33 22 37 18 71 55 36 3 68 12 85 24 28 71 0 54 27 29 49 87 3 21 61 40 82 76 15 72 0 84 56 46 42 22 41 18 59 49 69 63 49 79 82 25 35 1 26 87 32 69 0 58 8 16 76 6 66 65 65 1 57 66 87 13 43 41 7 61 78 58 0 25 12 13 31 10 48
run=14 seed=13 k=88 f=0
74 61 31 10 43 68 16 19 57 82 12 86 55 36 40 67 57 46 0 34 47 19 81 76 60 5 1 62 11 51 50 82 0 27 85 8 21 12 6 32 20 61 54 6 23 80 50 27 14 32 68 46 41 29 37 49 52 48 1 31 79 76 13 64 75 0 83 51 74 41 71 55 50 7 87 17 18 61 54 15 37 9 79 0 25 87 23 32 30 17 69 42 28 3 14 83 81 0 2 59 75 44 28 66 66 12 64 41 25 73
run=15 seed=14 k=88 f=0
7 36 87 58 72 77 87 44 55 41 49 30 23 7 13 67 58 82 16 40 2 45 3 7 34 33 20 28 60 67 78 23 68 6 40 56 17 21 87 36 53 32 62 56 50 62 17 25 50 10 0 25 87 61 71 1 0 46 73 0 19 10 68 43 13 39 68 81 87 77 27 85 66 80 0 53 48 29 16 37 79 9 12 53 63 55 75 86 53 16 0 33 83 58 25 78 39 3 13 32 86 72 69 41 25 75 34 85 46 25
run=16 seed=15 k=88 f=0
37 42 83 38 32 45 82 9 53 58 87 61 48 12 83 67 87 41 50 6 13 84 11 12 0 23 1 0 42 72 30 76 74 84 68 20 87 69 34 67 82 36 28 55 41 19 75 74 13 55 20 62 46 87 1 21 10 56 51 11 71 33 30 15 58 4 2 83 61 55 8 5 0 41 64 19 12 63 29 20 25 0 63 50 70 4 35 27 36 76 32 18 61 75 22 76 50 28 73 33 60 52 59 79 42 24 22 84 87 5
run=17 seed=16 k=88 f=0
36 75 86 11 85 20 31 77 87 56 85 81 16 9 25 32 62 12 49 76 59 45 35 22 42 78 79 0 0 47 23 81 52 59 5 4 21 41 0 75 16 66 25 47 24 30 56 32 10 87 35 57 47 74 83 54 29 5 51 16 55 87 40 71 67 11 13 3 12 87 35 49 27 86 0 20 64 1 33 73 0 39 78 49 24 43 18 57 83 31 66 17 80 69 76 8 72 38 67 0 58 61 54 69 42 11 64 3 64 40
run=18 seed=17 k=88 f=0
55 37 81 73 79 87 81 79 9 31 51 27 51 87 40 69 24 38 4 19 79 47 9 22 58 10 30 87 22 8 3 60 81 57 49 7 36 45 35 20 17 73 5 0 12 45 28 31 79 0 50 31 33 17 29 69 33 0 40 20 53 0 20 76 13 52 61 45 11 43 64 11 17 74 85 0 18 58 65 68 25 86 79 21 31 12 44 85 1 50 28 87 60 78 36 71 39 60 72 60 41 85 73 69 2 64 41 39 0 63
run=19 seed=18 k=88 f=0
27 5 58 47 46 43 55 68 14 77 1 35 71 52 52 40 0 64 69 19 63 26 85 56 32 84 7 63 4 16 26 14 80 87 86 87 44 32 49 87 73 51 56 12 51 60 42 87 21 29 86 20 9 59 4 21 20 17 43 18 59 65 32 48 39 54 66 87 72 34 15 71 68 31 75 37 28 65 87 87 0 80 71 24 32 39 41 25 46 35 0 9 24 56 4 79 40 78 76 80 7 0 62 50 58 11 33 1 0 16
run=20 seed=19 k=88 f=0
16 76 35 64 80 32 48 18 68 56 22 69 67 65 56 87 2 9 11 69 13 25 85 73 63 80 46 72 74 1 25 60 0 0 2 5 60 40 74 7 35 32 61 82 37 51 77 87 87 37 80 86 63 23 24 56 66 29 0 52 46 0 47 51 7 2 2 28 52 55 18 77 55 41 71 85 20 87 80 37 44 74 11 87 39 20 28 12 16 43 80 47 47 44 19 33 7 21 58 73 54 33 57 11 58 37 60 24 24 16
