run=1 seed=0 k=104 f=0
38 24 89 43 78 103 90 68 1 64 29 64 26 45 66 70 96 10 36 0 59 8 55 9 11 19 73 95 58 101 7 93 102 76 5 41 73 95 35 50 53 41 27 4 48 32 70 52 12 33 0 102 70 64 54 81 102 59 84 0 49 80 36 65 88 61 30 89 75 65 103 17 79 42 87 32 74 36 67 52 15 52 12 2 100 16 58 91 74 39 82 20 4 31 59 43 81 91 6 23 27 101 103 2 11 9 9 92 21 27
run=2 seed=1 k=104 f=0
38 24 89 43 78 103 90 68 1 64 29 64 26 45 66 70 96 10 36 0 59 8 55 9 11 19 73 95 58 101 7 93 102 76 5 41 73 95 35 50 53 41 27 4 48 32 70 52 12 33 0 102 70 64 54 81 102 59 84 0 49 80 36 65 88 61 30 89 75 65 103 17 79 42 87 32 74 36 67 52 15 52 12 2 100 16 58 91 74 39 82 20 4 31 59 43 81 91 6 23 27 101 103 2 11 9 9 92 21 27
run=3 seed=2 k=104 f=0
82 59 16 97 50 28 5 57 87 91 46 75 52 0 76 89 19 4 15 37 10 43 65 64 47 55 18 37 82 1 35 74 5 14 91 21 12 49 89 44 9 0 96 66 23 69 52 16 48 11 44 37 64 41 35 2 25 59 56 5 87 103 77 81 68 40 101 80 66 55 70 28 100 93 42 82 79 73 93 42 32 101 97 24 27 30 31 84 69 90 21 76 14 18 64 0 59 38 57 57 60 54 74 2 19 103 28 53 33 103
run=4 seed=3 k=104 f=0
58 76 88 16 37 76 96 2 17 32 98 6 103 83 0 41 61 72 57 23 48 27 30 6 1 91 97 9 31 52 50 64 51 22 7 94 99 62 50 66 70 71 96 12 80 43 65 58 28 18 39 41 0 87 32 90 28 14 80 53 103 19 84 5 69 47 77 66 4 32 53 74 68 23 81 43 21 83 89 28 99 13 34 87 34 36 45 63 15 25 93 10 74 92 102 41 20 56 4 103 48 83 8 37 57 86 57 99 75 99
run=5 seed=4 k=104 f=0
22 94 65 14 99 43 81 0 100 95 40 33 54 100 103 46 96 56 81 53 84 28 72 60 69 48 68 2 8 4 78 8 29 34 88 52 84 67 87 48 54 95 81 87 92 93 94 58 67 87 85 20 27 55 17 93 73 39 1 20 41 1 86 103 49 22 47 35 67 102 0 14 19 74 73 31 5 43 13 83 37 22 75 25 103 16 10 25 56 37 7 74 92 58 103 60 32 3 33 29 64 99 16 58 30 64 14 50 37 1
run=6 seed=5 k=104 f=0
91 65 10 93 73 79 88 38 33 76 80 103 20 69 82 6 8 76 92 70 22 77 7 103 99 88 25 62 94 71 102 30 0 84 47 85 8 7 66 29 53 2 103 33 51 58 61 3 24 16 5 47 70 13 22 54 81 67 46 69 57 14 100 62 17 13 16 32 60 58 42 39 34 97 50 98 94 33 90 63 103 39 62 30 10 41 97 85 6 38 50 96 71 22 87 0 18 79 101 46 25 48 80 1 54 14 100 44 14 29
run=7 seed=6 k=104 f=0
5 62 102 36 4 69 51 27 62 21 71 68 0 53 66 8 71 25 47 20 1 16 92 45 29 0 20 42 33 71 63 74 56 53 80 38 100 98 64 14 5 97 74 45 103 39 75 95 57 103 102 79 10 55 86 37 66 48 59 52 49 43 22 61 80 2 15 69 50 82 93 91 85 86 42 14 81 62 38 10 23 88 50 4 29 32 31 92 91 17 23 12 82 61 94 45 40 77 37 13 37 0 95 20 101 75 41 85 27 82
run=8 seed=7 k=104 f=0
77 16 94 103 61 14 91 33 0 17 43 26 83 46 58 24 62 29 0 96 103 61 36 0 32 93 33 0 73 57 5 46 67 96 8 96 103 41 2 36 16 77 66 2 10 20 36 93 11 70 85 52 42 17 55 84 29 50 53 55 50 75 10 77 89 59 26 97 35 67 5 69 34 6 102 41 47 77 6 11 68 91 76 22 84 27 84 42 15 14 97 73 75 5 41 12 99 57 3 103 103 88 26 0 27 44 82 101 49 53
run=9 seed=8 k=104 f=0
53 68 58 81 103 65 54 85 72 69 31 74 60 97 87 22 29 19 32 82 89 8 64 24 47 52 15 33 23 6 0 62 100 9 5 55 2 0 76 11 34 14 57 92 1 93 87 20 45 12 89 6 87 84 44 99 25 28 1 97 0 37 57 74 49 39 31 63 74 55 81 103 36 68 64 68 83 47 45 0 41 51 7 26 102 40 97 103 92 103 76 94 51 19 79 38 58 61 65 28 94 83 70 22 60 44 46 31 66 80
run=10 seed=9 k=104 f=0
17 65 101 7 2 77 66 5 10 102 16 51 2 49 36 53 94 4 46 68 93 8 27 93 23 39 38 47 26 29 87 74 55 70 79 42 40 92 48 28 98 61 20 14 82 83 32 88 0 16 71 94 103 89 83 37 37 96 45 98 25 69 42 58 59 97 54 5 84 79 33 75 87 62 48 26 62 20 54 101 17 101 29 11 1 13 78 48 81 67 70 102 77 87 34 40 58 9 20 45 67 60 10 70 30 7 74 53 61 31
run=11 seed=10 k=104 f=0
63 31 42 101 6 41 92 71 59 83 63 102 72 87 10 77 28 14 55 44 92 16 59 66 33 37 32 51 64 14 57 100 21 23 74 8 76 7 57 1 21 36 33 83 42 85 32 30 52 88 50 40 79 85 96 89 17 29 55 0 44 50 81 67 16 0 52 59 5 85 58 16 21 94 103 61 51 4 81 58 67 27 98 80 72 103 0 77 101 48 44 0 83 96 71 49 72 61 84 72 94 39 10 70 31 90 14 12 40 94
run=12 seed=11 k=104 f=0
47 78 13 5 83 7 65 102 67 71 74 13 0 80 101 16 87 103 103 18 53 24 53 66 39 0 29 88 71 85 34 94 25 16 15 43 93 37 23 6 52 36 46 62 75 42 96 40 27 72 15 51 96 70 76 94 47 73 0 90 35 2 89 29 65 81 7 30 83 75 59 103 51 18 10 23 31 46 44 94 7 60 15 84 103 34 19 103 88 54 60 92 43 21 66 5 92 82 36 22 0 58 23 64 32 38 25 57 57 45
run=13 seed=12 k=104 f=0
58 2 98 55 56 16 93 77 9 39 40 31 53 54 0 24 93 3 68 81 62 16 16 74 62 28 3 74 26 38 36 98 23 31 42 88 103 102 4 81 46 91 21 65 44 68 37 24 8 101 80 6 18 18 57 44 82 36 70 73 80 82 79 86 89 71 44 10 31 24 38 15 71 92 50 103 53 16 1 82 7 48 89 67 54 44 61 63 62 11 10 13 99 26 33 47 102 53 33 82 29 95 66 43 23 48 17 63 10 75
run=14 seed=13 k=104 f=0
0 46 47 65 80 61 48 43 89 64 62 62 76 94 33 86 29 2 13 71 29 57 17 43 7 42 4 52 35 81 78 5 58 99 29 36 38 69 1 89 70 18 49 38 35 97 89 18 73 54 49 1 91 44 25 82 89 47 49 96 8 21 77 16 76 103 27 45 80 33 78 15 22 10 63 58 29 16 94 92 66 101 2 90 40 23 103 101 62 85 67 20 4 79 72 11 21 83 18 96 53 29 58 0 103 101 19 10 90 11
run=15 seed=14 k=104 f=0
83 55 29 72 103 74 6 8 48 42 58 24 88 54 36 64 20 71 2 79 9 29 75 94 100 32 80 0 76 35 0 73 62 29 12 16 47 82 21 98 89 43 97 50 41 16 11 94 9 48 64 101 66 94 15 62 60 70 103 6 1 50 6 6 49 103 92 21 89 2 87 34 99 28 58 23 18 45 33 76 82 52 38 39 18 53 78 103 21 92 7 0 15 74 91 67 12 91 61 2 28 60 43 39 95 23 64 28 19 103
run=16 seed=15 k=104 f=0
61 1 25 39 46 95 89 88 7 80 97 80 56 20 103 78 103 92 36 21 44 58 46 17 40 41 7 29 43 60 89 69 74 50 21 13 36 68 12 45 79 62 100 7 18 87 77 103 49 74 68 103 19 54 80 61 83 96 86 64 34 51 30 0 3 74 50 10 9 87 26 72 96 25 56 41 87 50 0 33 26 103 51 18 31 0 86 101 0 65 9 75 65 0 91 39 54 7 25 40 4 28 33 62 56 16 38 83 27 5
run=17 seed=16 k=104 f=0
93 54 58 100 83 64 45 103 43 103 11 89 71 43 25 11 13 102 93 95 103 19 45 65 86 85 84 81 99 23 77 47 1 7 44 82 43 45 59 8 93 87 16 34 29 18 85 54 49 74 31 80 58 17 79 73 68 34 2 40 31 97 88 67 29 4 93 74 63 49 94 56 1 79 24 25 97 6 39 31 77 33 82 36 72 88 41 39 19 52 53 51 102 13 3 86 67 66 35 24 0 25 2 100 21 64 30 27 13 36
run=18 seed=17 k=104 f=0
41 102 33 99 45 93 6 103 49 103 76 54 90 56 102 67 77 17 93 43 19 28 6 84 97 29 43 54 27 25 36 49 71 10 20 81 93 25 19 21 4 71 74 47 23 48 74 31 14 43 78 79 96 103 0 41 31 0 99 87 22 33 100 89 68 78 93 50 59 57 61 64 2 9 53 2 58 35 34 4 39 83 22 33 11 59 69 68 103 6 28 85 47 14 4 94 20 36 32 102 11 74 64 87 0 79 19 11 10 103
run=19 seed=18 k=104 f=0
46 94 39 55 92 20 63 14 4 65 74 37 66 5 52 9 32 49 77 35 52 103 95 89 40 1 75 36 42 46 98 70 19 92 20 29 26 60 28 77 25 13 35 96 63 85 7 89 8 88 63 91 64 0 6 103 103 59 5 19 44 81 37 24 52 31 83 71 89 102 13 92 75 33 103 65 70 12 21 78 25 44 11 69 60 42 55 2 54 80 102 42 86 103 54 0 16 99 20 0 52 2 52 18 99 6 47 49 32 71
run=20 seed=19 k=104 f=0
77 36 0 66 103 38 17 74 28 28 65 6 91 103 16 2 68 51 79 18 45 93 55 74 98 3 58 50 25 100 11 69 67 11 72 53 94 91 47 0 0 84 33 76 30 103 85 94 21 60 89 51 91 16 21 64 27 55 100 20 13 87 15 103 98 53 90 45 8 10 74 34 99 40 42 1 12 50 77 32 60 38 83 82 30 81 29 25 8 85 7 0 99 61 11 58 80 47 82 46 7 70 48 82 90 86 59 102 34 35
