run=1 seed=0 k=90 f=0
68 6 84 73 21 89 6 30 70 1 4 64 63 15 17 75 50 42 46 47 25 89 87 0 86 89 27 57 57 55 72 37 30 52 71 48 89 21 77 49 62 54 71 2 16 22 68 25 82 23 80 66 1 83 10 63 29 3 78 29 57 55 14 80 39 35 27 41 13 19 34 77 73 72 65 42 16 35 32 49 61 0 50 0 69 84 14 11 44 29 42 62 8 21 67 85 45 31 84 75 7 11 36 40 19 36 36 2 87 8
run=2 seed=1 k=90 f=0
68 6 84 73 21 89 6 30 70 1 4 64 63 15 17 75 50 42 46 47 25 89 87 0 86 89 27 57 57 55 72 37 30 52 71 48 89 21 77 49 62 54 71 2 16 22 68 25 82 23 80 66 1 83 10 63 29 3 78 29 57 55 14 80 39 35 27 41 13 19 34 77 73 72 65 42 16 35 32 49 61 0 50 0 69 84 14 11 44 29 42 62 8 21 67 85 45 31 84 75 7 11 36 40 19 36 36 2 87 8
run=3 seed=2 k=90 f=0
64 15 39 56 89 45 54 89 56 15 26 86 14 12 33 51 19 5 58 53 68 32 46 65 22 83 80 1 36 0 1 0 51 13 39 61 29 53 3 20 70 46 79 86 10 57 68 37 36 27 42 46 10 72 23 29 6 42 38 66 0 42 68 64 70 6 7 84 10 10 89 49 45 4 73 30 62 36 75 27 25 81 19 36 87 73 54 20 77 33 82 60 62 74 34 46 25 77 31 72 18 6 59 67 17 89 18 77 89 48
run=4 seed=3 k=90 f=0
73 74 82 88 14 80 57 9 1 27 60 83 47 75 29 20 7 47 89 24 32 57 9 41 12 80 70 82 3 61 56 40 88 16 24 9 55 25 32 21 48 8 57 3 28 13 21 52 61 26 26 49 89 59 88 62 72 36 89 0 42 51 17 73 69 71 13 62 68 0 66 44 17 77 35 35 44 32 1 81 79 50 23 0 15 65 53 18 31 20 0 49 55 89 73 79 84 70 66 12 2 32 40 0 39 6 43 34 9 67
run=5 seed=4 k=90 f=0
22 60 52 64 43 49 15 89 0 9 46 80 6 59 15 66 83 61 85 29 76 43 87 81 0 7 73 82 30 9 0 53 36 25 78 10 3 4 10 89 47 60 43 36 14 42 22 58 16 73 87 89 56 9 77 30 69 75 88 74 0 37 65 14 63 71 56 24 0 55 89 31 38 59 31 48 8 0 67 89 33 19 17 52 13 49 47 19 80 22 27 82 67 61 45 35 14 65 45 89 26 50 37 25 56 53 5 79 36 67
run=6 seed=5 k=90 f=0
77 47 19 19 12 62 80 77 37 69 72 19 20 32 38 83 25 67 27 31 38 75 81 27 89 16 86 25 21 36 73 56 4 27 39 27 59 48 2 13 12 79 57 31 35 83 9 53 9 34 56 2 51 89 10 88 20 30 0 12 89 62 74 76 39 18 28 75 11 49 4 49 80 44 43 61 71 62 22 89 66 45 3 84 87 52 61 0 13 0 69 64 59 3 21 17 46 0 71 40 2 38 64 69 51 87 60 10 77 84
run=7 seed=6 k=90 f=0
47 58 72 62 73 4 1 56 68 58 64 51 77 39 21 7 16 76 50 31 76 47 44 45 87 35 35 10 17 18 48 17 3 29 11 32 74 39 89 83 1 2 48 33 61 42 9 89 9 0 10 68 63 24 65 18 59 33 53 78 71 69 78 87 71 50 88 43 86 77 22 0 80 14 55 79 58 69 22 27 36 67 41 12 9 61 44 89 23 6 52 81 86 35 25 2 84 25 13 82 84 16 71 89 42 65 61 28 53 27
run=8 seed=7 k=90 f=0
11 73 82 31 65 84 86 39 0 68 28 3 0 6 56 36 26 64 81 37 44 53 89 74 76 0 1 76 46 51 38 13 35 32 1 28 26 6 69 89 22 58 89 0 7 16 60 42 34 9 13 75 69 30 45 53 40 64 20 23 18 64 9 74 58 67 12 85 5 41 39 53 59 7 52 49 75 60 84 21 89 71 15 23 65 47 84 88 56 15 81 78 70 33 56 13 56 77 33 23 19 40 78 46 50 20 28 33 81 89
run=9 seed=8 k=90 f=0
76 56 65 89 81 5 52 43 87 63 69 4 72 11 44 77 60 87 42 19 1 88 57 22 0 34 74 24 40 65 0 14 63 13 73 31 40 36 24 10 84 7 76 18 54 57 89 13 25 72 56 66 51 22 56 62 50 19 37 9 42 25 49 27 1 27 7 89 46 11 20 84 12 0 5 89 53 50 78 4 67 58 70 65 28 30 81 41 26 45 81 85 14 17 71 50 29 65 77 81 33 48 68 89 57 52 77 38 2 19
run=10 seed=9 k=90 f=0
80 72 77 72 56 34 50 40 47 66 0 13 88 83 1 62 56 0 24 47 12 3 31 80 75 16 55 24 19 33 10 52 75 86 84 20 70 60 66 51 66 31 46 41 9 19 0 3 41 7 3 34 80 45 11 80 4 29 67 29 49 47 18 23 52 24 88 20 39 89 36 36 28 9 69 61 16 24 24 16 89 77 54 77 83 38 89 46 75 32 58 17 48 58 39 29 38 0 10 69 67 85 74 63 59 43 62 61 14 46
run=11 seed=10 k=90 f=0
84 61 38 82 27 17 5 58 37 18 83 89 18 57 74 1 63 89 69 50 89 39 25 31 52 41 52 31 68 22 21 55 89 22 50 47 49 82 89 62 88 32 36 10 32 28 76 28 0 55 38 48 83 85 51 75 62 4 70 24 8 9 47 70 8 4 29 88 23 12 77 37 34 80 15 42 44 0 60 47 77 13 54 0 4 55 25 63 61 31 40 43 65 67 42 65 75 18 82 62 6 78 4 72 17 11 18 68 72 49
run=12 seed=11 k=90 f=0
20 13 87 23 41 83 31 29 36 41 20 3 79 14 3 21 0 69 14 66 28 44 37 48 27 83 31 68 1 76 72 79 53 62 22 86 82 53 3 12 89 34 37 75 55 43 18 11 67 50 62 81 9 2 7 22 85 61 88 8 59 65 77 16 13 0 57 84 8 40 23 50 76 72 31 74 32 15 0 64 69 50 58 89 56 25 41 0 10 56 35 47 87 73 46 73 46 28 72 44 62 36 37 18 80 29 37 65 55 24
run=13 seed=12 k=90 f=0
84 26 41 26 73 75 89 1 66 54 22 44 7 79 58 89 72 31 6 40 53 9 0 47 80 23 88 65 50 17 16 45 89 19 40 70 14 39 64 76 33 28 9 23 28 68 29 57 53 80 9 8 8 62 68 29 86 0 79 50 16 1 89 55 47 16 36 37 67 0 62 23 0 39 46 10 46 78 88 70 35 19 3 89 2 31 37 63 22 86 20 33 80 71 19 74 43 30 71 89 51 59 1 89 13 47 65 40 38 61
run=14 seed=13 k=90 f=0
0 6 29 61 83 69 2 76 1 85 56 85 53 80 71 37 25 7 44 71 47 64 22 78 17 88 0 48 25 47 36 0 28 0 51 21 23 22 44 35 17 88 50 81 88 43 88 50 49 57 87 89 0 7 33 87 75 7 22 52 41 77 73 75 9 29 75 29 13 11 82 69 32 62 16 62 39 68 5 38 57 29 20 62 39 15 68 24 56 46 86 28 2 40 5 89 71 13 27 3 20 60 9 77 81 78 43 13 36 63
run=15 seed=14 k=90 f=0
5 67 51 86 43 38 52 72 83 68 18 33 33 81 21 16 21 87 82 69 77 48 69 78 39 30 70 78 23 0 65 89 88 64 33 23 17 79 10 39 11 52 43 59 60 27 63 48 89 61 29 10 71 66 17 28 19 48 60 8 14 74 58 8 88 12 84 88 35 48 1 84 41 63 49 74 75 56 84 43 2 27 66 34 7 9 80 18 39 38 72 52 1 50 25 25 44 54 73 1 11 0 55 6 41 58 16 4 39 0
run=16 seed=15 k=90 f=0
59 3 35 75 20 88 4 10 64 88 54 64 79 16 8 10 89 9 0 70 40 18 63 1 4 0 28 36 89 47 50 27 42 19 60 86 82 46 80 51 40 46 73 15 84 25 68 22 46 24 57 60 70 34 28 34 69 72 6 76 33 31 30 82 66 53 44 66 62 19 51 15 78 34 40 12 3 64 32 54 55 89 43 59 83 17 15 11 32 63 88 0 31 23 50 89 5 8 21 60 78 39 79 56 15 0 82 77 86 30
run=17 seed=16 k=90 f=0
64 19 16 23 39 76 73 0 33 78 50 4 30 85 39 0 21 82 53 1 9 57 77 15 12 66 89 55 64 3 41 89 85 42 85 69 71 58 67 10 48 22 14 2 22 24 66 21 37 45 32 13 88 14 27 8 4 50 72 49 29 74 44 73 35 63 1 36 40 54 0 43 77 78 8 46 48 42 29 73 33 79 85 89 63 59 54 65 88 34 0 22 66 28 58 78 75 61 31 39 72 85 57 14 85 19 48 53 79 1
run=18 seed=17 k=90 f=0
6 85 64 27 7 88 3 39 53 47 43 20 60 73 16 1 17 83 49 34 23 46 48 45 81 69 53 65 41 63 33 66 34 48 88 36 57 14 80 88 5 74 57 52 89 71 20 62 0 9 87 55 89 58 33 70 15 25 82 54 61 9 37 24 26 45 15 22 53 0 75 32 28 10 40 0 77 19 61 88 31 40 26 0 4 1 52 80 67 3 51 67 76 73 62 89 22 44 82 0 80 66 59 80 16 80 28 19 72 47
run=19 seed=18 k=90 f=0
74 69 34 16 59 80 57 55 2 31 20 53 3 89 83 55 81 2 43 71 14 84 41 65 22 38 54 16 76 0 60 24 31 46 82 35 6 14 67 66 41 89 85 63 30 19 42 47 74 17 9 66 65 35 31 39 67 43 31 2 8 65 31 70 76 89 47 86 60 35 25 82 45 89 55 47 7 23 42 40 74 0 57 61 51 12 89 81 4 11 51 0 61 40 48 37 69 28 35 21 12 14 27 0 8 57 19 65 74 48
run=20 seed=19 k=90 f=0
31 1 36 46 60 61 15 24 2 87 3 43 77 0 68 53 28 73 87 76 14 26 5 71 46 62 61 40 32 5 69 71 11 41 0 59 73 89 48 49 79 64 31 25 12 88 7 51 53 80 21 24 5 79 55 36 16 59 89 67 89 20 81 0 15 70 40 37 41 88 19 7 69 35 47 52 43 53 22 42 5 32 15 8 57 1 37 14 76 11 25 64 87 57 77 82 50 23 5 78 47 83 41 14 33 19 51 28 34 86
