run=1 seed=0 k=118 f=0
117 47 71 97 117 15 20 39 99 68 73 70 84 39 70 98 45 99 83 10 39 86 17 115 110 73 18 107 29 58 95 70 30 117 33 8 79 47 107 60 49 102 33 111 2 45 96 74 117 82 85 68 63 7 68 92 54 94 110 76 25 22 2 9 82 61 0 43 29 5 92 35 0 23 54 89 0 36 49 102 61 20 52 60 95 4 37 74 92 88 13 0 46 101 13 21 112 14 58 83 41 52 2 108 64 41 85 34 67 20
run=2 seed=1 k=118 f=0
117 47 71 97 117 15 20 39 99 68 73 70 84 39 70 98 45 99 83 10 39 86 17 115 110 73 18 107 29 58 95 70 30 117 33 8 79 47 107 60 49 102 33 111 2 45 96 74 117 82 85 68 63 7 68 92 54 94 110 76 25 22 2 9 82 61 0 43 29 5 92 35 0 23 54 89 0 36 49 102 61 20 52 60 95 4 37 74 92 88 13 0 46 101 13 21 112 14 58 83 41 52 2 108 64 41 85 34 67 20
run=3 seed=2 k=118 f=0
86 21 77 57 37 70 4 55 63 106 108 109 69 33 37 33 64 57 107 0 114 54 84 91 41 47 66 4 90 14 83 10 60 28 115 87 33 5 18 19 101 64 43 51 0 81 86 1 9 79 22 55 28 79 99 13 53 99 36 25 97 116 81 113 117 88 69 82 98 44 105 64 117 45 15 16 116 116 85 8 71 45 23 90 25 26 37 34 46 93 107 63 51 55 98 72 51 53 27 31 88 74 115 0 49 117 16 47 5 73
run=4 seed=3 k=118 f=0
76 60 116 108 103 44 91 94 61 103 32 0 13 113 96 14 83 51 1 105 39 90 102 58 109 63 11 27 59 26 22 78 84 0 82 49 45 102 8 110 52 98 116 65 58 90 3 110 26 18 101 69 117 33 14 73 68 55 6 70 9 29 35 93 64 10 25 94 114 41 70 19 109 67 32 13 57 117 71 72 25 47 24 23 18 4 100 80 79 106 37 80 22 39 6 55 73 35 16 83 90 85 4 76 48 8 41 85 3 42
run=5 seed=4 k=118 f=0
102 81 62 35 3 97 1 106 112 77 115 20 94 11 57 58 77 12 97 19 33 2 5 84 25 53 43 70 78 26 92 43 107 70 66 49 44 24 31 26 60 27 113 81 50 7 43 88 70 5 103 49 27 18 0 36 35 81 106 12 108 85 9 103 54 59 33 107 87 10 96 59 37 51 44 50 7 68 72 114 77 9 49 88 63 36 62 1 84 117 17 78 47 38 66 8 21 99 103 109 110 117 110 88 97 0 20 76 53 34
run=6 seed=5 k=118 f=0
111 7 22 22 56 60 26 102 23 45 110 97 26 6 10 99 1 41 116 62 92 26 105 0 77 110 94 57 90 32 62 83 50 34 79 107 30 17 10 65 46 3 116 93 9 89 79 87 24 85 84 37 36 69 72 109 103 19 11 38 76 63 44 9 85 36 116 52 53 12 66 2 15 101 99 28 2 60 74 70 19 37 14 52 101 117 47 77 52 55 38 23 93 86 29 2 115 54 61 50 44 71 71 117 40 75 96 76 110 29
run=7 seed=6 k=118 f=0
5 43 32 80 44 58 34 67 72 92 23 91 15 117 109 102 88 20 89 76 0 68 22 38 9 69 4 75 43 115 26 52 0 13 58 23 100 1 94 44 107 96 34 94 73 54 79 16 76 50 96 59 1 5 74 8 108 82 117 110 98 48 90 62 42 30 74 85 13 65 109 18 31 30 40 25 111 89 45 46 80 38 82 85 32 70 117 23 7 105 61 59 91 67 34 102 36 9 47 44 31 38 55 60 7 116 87 116 31 14
run=8 seed=7 k=118 f=0
27 107 49 45 109 23 49 99 66 40 65 46 16 62 110 61 43 95 21 104 79 93 52 66 55 111 18 62 81 28 3 14 7 68 60 25 2 82 75 70 51 26 31 64 101 105 110 47 97 88 117 39 64 37 56 89 3 38 0 6 72 75 30 104 14 105 16 93 56 95 49 117 9 85 19 99 39 78 9 56 48 86 74 116 113 94 0 1 107 76 48 24 33 106 16 39 90 79 27 13 69 34 12 54 47 98 57 5 58 32
run=9 seed=8 k=118 f=0
24 8 76 5 110 109 94 23 46 55 99 84 117 80 53 60 90 80 29 5 111 88 81 88 16 11 23 112 19 74 5 70 66 93 74 24 48 58 51 102 114 94 68 87 49 59 33 38 117 46 45 68 106 10 42 5 44 92 63 41 0 108 10 101 12 73 11 99 53 98 32 7 97 0 20 34 25 106 41 26 79 0 94 116 16 18 56 38 114 112 79 85 8 77 90 106 32 16 35 13 88 66 53 72 73 37 106 101 54 64
run=10 seed=9 k=118 f=0
104 54 81 15 84 19 50 56 34 24 14 75 0 55 13 114 100 63 96 66 3 26 47 77 108 78 42 75 39 53 110 104 66 34 67 82 6 107 42 41 82 19 8 99 1 23 46 3 89 29 1 25 58 48 51 90 5 54 81 48 0 16 100 85 77 44 59 69 38 105 113 116 17 99 40 89 28 8 114 117 60 74 62 97 50 33 69 62 1 3 110 88 82 35 86 23 31 108 96 73 36 96 10 46 101 87 11 11 92 20
run=11 seed=10 k=118 f=0
49 12 96 5 57 13 4 39 21 91 27 75 70 49 20 117 79 86 13 117 64 37 77 17 58 103 64 105 59 104 23 97 42 66 92 109 33 23 5 117 115 70 45 71 46 94 28 90 60 51 76 67 36 39 55 114 80 2 54 70 28 82 47 110 73 80 14 1 45 27 117 23 0 109 7 103 40 36 10 92 23 2 30 33 88 79 92 85 105 15 59 95 51 111 34 82 10 84 44 49 112 41 1 18 105 8 80 0 48 69
run=12 seed=11 k=118 f=0
85 113 89 115 53 19 53 2 11 8 110 42 44 108 13 91 63 6 106 96 73 50 61 92 117 78 45 72 79 105 54 81 117 25 113 5 52 81 103 34 12 19 117 60 9 8 64 77 21 103 26 114 30 32 107 54 11 64 27 33 56 62 101 35 91 113 42 22 64 68 95 0 87 98 49 101 96 57 86 20 40 1 1 69 7 1 13 33 70 113 108 38 87 95 74 60 94 117 82 40 71 80 3 70 48 22 27 47 83 40
run=13 seed=12 k=118 f=0
115 71 23 60 77 66 101 5 81 46 68 77 11 6 1 116 102 27 55 0 62 24 76 48 16 40 97 87 106 3 86 40 105 61 46 47 100 87 29 63 20 97 45 115 100 91 33 23 54 83 67 84 117 32 108 15 22 45 77 4 17 60 49 9 102 57 1 76 13 106 34 10 109 34 68 6 98 116 34 38 84 108 110 76 89 80 93 87 114 57 55 18 96 108 27 115 30 27 73 41 11 86 76 3 51 30 13 35 14 48
run=14 seed=13 k=118 f=0
14 113 17 109 82 14 50 78 64 111 17 82 79 11 1 28 116 2 51 112 58 48 87 41 17 18 68 24 59 14 41 77 105 58 69 21 74 70 4 88 50 9 111 97 63 113 93 30 4 51 24 3 33 114 87 44 25 38 1 71 70 42 23 39 101 53 77 7 39 81 11 29 90 21 80 55 109 30 66 117 106 95 2 24 89 10 61 101 36 67 59 45 46 50 88 33 85 44 98 76 15 98 109 105 53 67 27 86 5 97
run=15 seed=14 k=118 f=0
17 19 27 56 114 18 25 46 4 4 0 90 69 112 7 12 83 91 103 57 64 30 105 28 87 44 70 26 51 80 14 72 78 100 14 97 110 1 25 63 6 25 35 46 20 51 1 106 25 68 41 102 104 34 64 30 82 0 102 117 59 60 96 22 107 77 90 51 117 115 114 71 37 35 9 51 87 19 43 60 2 90 63 52 10 43 0 97 67 56 117 76 95 95 76 85 88 13 47 7 46 43 29 76 32 101 10 56 1 97
run=16 seed=15 k=118 f=0
95 86 69 31 80 85 90 44 14 67 82 0 0 20 24 93 81 101 42 117 35 6 69 13 46 6 52 49 36 22 59 17 112 12 96 115 117 109 76 83 85 74 27 17 1 56 10 75 25 33 69 7 106 30 50 1 6 32 50 33 53 23 60 88 66 23 114 80 25 5 72 74 97 103 43 38 45 97 12 89 103 112 100 58 61 72 64 78 99 117 40 20 55 104 57 93 11 46 59 62 59 61 29 14 2 8 78 51 106 94
run=17 seed=16 k=118 f=0
62 81 49 90 39 116 62 53 31 74 100 40 91 109 72 20 83 54 29 22 0 90 109 104 58 63 70 82 51 39 0 116 33 67 12 70 9 99 34 112 60 47 25 17 96 67 57 65 32 117 80 20 23 79 90 1 70 50 31 48 3 33 88 37 83 104 113 10 14 7 44 0 108 26 74 89 83 54 40 78 104 57 38 8 64 1 14 116 71 102 42 75 22 24 112 109 29 77 41 73 0 86 43 94 117 104 87 77 17 9
run=18 seed=17 k=118 f=0
117 70 61 39 108 12 75 49 89 73 45 94 59 20 50 102 75 51 0 101 88 31 28 76 114 101 30 92 37 64 48 41 17 27 84 51 55 0 106 0 1 25 72 114 12 23 35 54 116 5 99 109 37 33 18 38 17 71 12 58 21 85 99 108 7 69 57 96 111 49 43 106 59 42 66 96 94 117 1 3 75 54 31 117 62 103 87 92 1 30 33 83 113 18 48 36 69 80 14 85 67 40 83 13 74 65 15 3 16 92
run=19 seed=18 k=118 f=0
54 2 71 117 82 60 95 66 10 78 102 71 116 113 68 91 66 91 50 49 38 54 107 57 59 54 27 45 76 100 104 76 11 98 111 97 62 82 88 32 15 67 22 17 41 40 108 79 19 77 85 52 86 3 114 0 57 23 83 15 42 116 32 47 109 49 64 25 114 75 60 108 28 81 13 41 90 2 0 35 106 12 113 32 20 104 107 47 14 0 92 75 77 7 97 7 60 9 32 31 28 48 94 116 61 1 39 103 38 37
run=20 seed=19 k=118 f=0
45 103 69 56 28 93 26 115 63 62 66 24 69 76 35 16 21 105 111 14 79 29 27 48 94 84 72 98 21 28 117 62 0 45 43 7 107 66 97 91 108 22 88 55 76 79 3 78 71 114 93 103 32 6 79 6 87 55 106 47 91 84 87 96 54 103 92 27 117 86 15 36 42 41 2 97 46 5 57 101 52 36 29 35 46 113 51 15 54 39 22 24 81 113 7 73 64 99 34 18 67 0 8 62 86 11 45 14 40 56
