run=1 seed=0 k=121 f=0
104 54 84 2 52 117 0 28 80 34 92 46 118 3 66 80 97 65 72 55 6 89 49 22 41 50 67 87 36 76 60 116 54 56 40 66 62 41 2 21 106 98 90 34 11 84 26 2 73 105 16 62 17 2 109 62 83 40 38 102 81 26 14 76 48 21 12 68 47 111 0 93 25 13 116 10 12 46 28 86 62 107 70 20 14 108 40 98 113 11 31 79 97 53 119 103 43 33 82 99 21 113 89 7 115 7 48 40 84 30
run=2 seed=1 k=121 f=0
104 54 84 2 52 117 0 28 80 34 92 46 118 3 66 80 97 65 72 55 6 89 49 22 41 50 67 87 36 76 60 116 54 56 40 66 62 41 2 21 106 98 90 34 11 84 26 2 73 105 16 62 17 2 109 62 83 40 38 102 81 26 14 76 48 21 12 68 47 111 0 93 25 13 116 10 12 46 28 86 62 107 70 20 14 108 40 98 113 11 31 79 97 53 119 103 43 33 82 99 21 113 89 7 115 7 48 40 84 30
run=3 seed=2 k=121 f=0
63 54 105 27 23 82 17 74 67 71 52 71 40 53 13 0 120 15 81 110 36 94 91 92 106 98 45 25 120 101 80 62 85 65 89 17 43 93 0 3 64 98 105 113 70 53 39 18 105 24 7 8 9 108 56 26 73 100 24 115 62 89 7 77 117 46 96 53 13 74 87 11 1 78 49 30 34 119 80 49 50 118 57 7 71 68 40 18 81 69 111 41 60 19 28 30 94 93 114 11 41 80 37 32 61 120 63 95 57 111
run=4 seed=3 k=121 f=0
24 119 95 59 91 116 101 39 20 110 15 108 43 27 56 22 83 76 79 90 56 7 86 34 67 100 99 75 64 69 38 100 91 21 0 79 17 64 1 118 8 38 111 32 50 72 63 10 27 68 117 2 115 11 88 102 60 31 25 88 19 42 71 44 94 84 89 117 109 3 0 0 48 82 58 50 41 111 120 12 31 69 95 11 81 1 35 20 46 6 102 70 68 100 12 32 53 95 23 72 110 61 74 11 44 11 115 29 89 16
run=5 seed=4 k=121 f=0
46 10 52 38 95 67 71 34 46 34 19 0 50 6 119 118 120 18 1 88 62 107 78 72 66 3 101 14 77 81 108 99 2 25 28 55 28 89 11 97 17 9 54 0 81 86 29 108 101 32 58 42 70 19 73 79 67 77 70 23 81 93 32 110 47 98 90 112 34 11 45 106 22 10 60 77 12 113 0 105 41 52 57 100 113 39 92 90 117 85 20 80 88 55 11 119 26 42 33 35 113 15 51 112 28 67 65 17 23 39
run=6 seed=5 k=121 f=0
66 49 29 34 5 41 43 105 31 16 40 58 36 13 19 62 88 33 74 99 5 85 59 113 110 118 81 81 57 93 64 22 120 85 50 34 39 3 92 101 20 32 74 89 30 10 110 113 28 43 6 105 69 83 97 21 94 88 109 0 100 12 55 57 47 64 19 86 67 45 11 118 77 48 22 17 49 104 76 28 45 120 12 65 57 2 2 63 33 105 56 23 73 75 97 120 100 107 116 78 103 92 75 16 10 27 9 99 15 51
run=7 seed=6 k=121 f=0
1 18 75 58 110 33 97 50 2 119 69 10 106 8 93 119 111 51 99 105 97 3 99 13 27 14 96 55 22 27 36 46 8 72 74 32 89 81 14 100 106 22 20 0 91 113 30 52 48 39 67 61 76 8 60 103 88 33 53 83 56 60 16 97 3 90 48 8 82 0 86 72 101 20 120 115 43 83 120 51 36 66 112 29 10 65 0 40 5 26 76 92 116 49 68 113 50 26 13 11 58 107 59 65 33 40 15 77 111 92
run=8 seed=7 k=121 f=0
109 29 78 4 31 27 33 76 61 24 71 89 21 20 116 79 93 24 99 117 46 104 77 68 32 102 104 7 119 92 43 112 54 88 1 0 75 45 10 64 57 92 36 54 22 27 111 113 110 58 113 46 49 69 114 0 119 97 82 63 8 50 4 65 99 102 95 104 6 15 81 56 70 38 15 39 85 48 62 79 15 54 10 3 33 3 40 120 75 32 88 19 30 2 114 108 84 119 23 18 44 14 5 21 41 44 10 42 32 73
run=9 seed=8 k=121 f=0
50 115 57 44 90 28 70 38 3 66 120 102 119 89 21 37 113 16 13 37 84 74 89 95 99 0 66 29 109 111 36 0 45 66 3 49 91 4 106 110 102 28 77 106 117 26 115 17 120 9 120 46 54 107 119 51 42 64 47 108 87 26 100 44 88 94 4 58 99 2 105 4 30 10 97 58 37 18 91 71 53 66 60 57 109 55 69 33 32 24 1 10 81 12 72 27 13 76 107 84 78 42 75 18 63 99 76 111 83 61
run=10 seed=9 k=121 f=0
10 47 106 46 2 50 113 79 68 23 111 83 42 111 51 85 43 91 78 88 38 63 18 18 46 27 8 32 91 119 70 96 72 107 70 91 108 15 120 98 30 47 6 30 68 89 38 111 7 111 54 40 63 107 66 37 23 25 3 15 34 32 30 57 32 100 6 0 29 75 119 118 102 35 80 83 3 105 74 5 9 118 76 98 55 63 18 93 22 0 115 43 85 55 92 24 82 71 73 84 39 40 14 54 16 81 47 19 65 99
run=11 seed=10 k=121 f=0
28 26 18 69 23 120 12 10 100 76 3 120 80 72 111 65 114 36 74 102 38 8 2 94 11 77 1 11 119 119 29 0 57 69 98 74 68 3 53 95 18 17 28 104 48 47 31 109 32 105 52 86 0 85 97 34 41 4 30 40 94 91 69 56 39 47 103 107 49 23 86 20 64 87 13 69 11 41 64 7 56 116 62 111 93 16 42 31 22 48 102 77 70 58 118 19 8 10 36 83 12 82 92 54 85 38 6 6 110 61
run=12 seed=11 k=121 f=0
33 84 22 115 9 16 70 2 27 49 24 68 8 92 71 76 65 40 103 36 13 29 28 34 55 102 104 60 120 91 73 49 85 33 20 5 77 57 50 94 5 68 22 66 3 39 11 100 58 15 55 27 45 83 108 84 94 1 3 98 75 39 74 86 100 41 3 89 119 10 114 104 36 63 1 31 32 43 54 24 58 111 61 9 104 53 93 77 112 54 110 70 103 9 112 80 23 25 51 51 36 120 82 109 91 18 84 119 65 31
run=13 seed=12 k=121 f=0
1 8 87 38 14 44 55 101 51 20 1 25 41 67 32 0 18 47 79 30 120 34 89 96 91 96 46 73 104 59 51 68 116 54 96 46 95 84 18 83 90 19 12 98 23 6 2 69 0 87 9 83 41 113 38 118 45 18 98 73 103 59 35 3 110 3 91 103 107 77 78 39 112 106 60 73 59 1 11 22 54 87 106 92 59 52 31 112 6 118 65 43 7 113 11 71 34 57 41 16 31 120 25 69 51 12 23 20 68 74
run=14 seed=13 k=121 f=0
107 6 63 119 27 64 49 82 96 5 25 69 103 96 41 23 45 88 51 56 80 65 59 38 46 64 9 73 55 99 32 0 13 12 118 43 18 41 35 63 82 17 53 48 36 27 102 106 107 115 44 107 54 96 119 17 8 4 119 74 99 11 46 4 3 73 72 83 89 30 73 51 83 77 19 65 89 61 72 52 105 41 38 104 10 94 29 18 93 80 113 112 22 28 58 93 113 92 13 113 78 118 72 37 42 83 30 1 74 12
run=15 seed=14 k=121 f=0
47 113 47 34 92 17 91 64 44 77 108 68 104 64 1 106 73 66 23 59 66 78 32 7 51 44 119 17 40 43 84 96 92 90 40 33 40 29 118 8 106 7 40 120 72 75 20 55 51 0 77 25 18 62 107 76 16 29 84 88 105 1 94 82 7 2 68 100 49 53 24 58 9 113 57 105 68 84 74 15 117 30 36 51 39 68 120 24 9 100 54 99 61 27 120 15 95 84 112 86 82 15 10 93 23 109 107 105 66 34
run=16 seed=15 k=121 f=0
61 11 58 83 60 60 27 71 24 80 14 42 66 86 28 22 34 94 86 86 100 72 76 23 37 14 7 115 34 120 114 32 107 9 0 53 51 120 28 7 106 110 19 82 4 91 11 50 111 86 54 78 67 9 39 104 78 37 60 90 103 58 76 108 53 94 46 16 2 98 0 101 21 15 49 24 16 33 76 50 117 93 35 63 48 0 77 42 68 5 80 105 87 120 104 81 25 29 7 114 44 1 61 120 39 44 90 4 74 100
run=17 seed=16 k=121 f=0
104 59 92 56 12 11 52 57 109 1 118 52 0 75 80 80 38 1 119 14 49 93 41 8 30 119 64 17 20 22 51 35 112 16 103 1 87 25 104 43 87 86 94 55 89 24 26 81 78 26 104 85 69 71 113 89 29 57 106 106 110 67 95 102 0 48 71 55 25 41 9 8 17 14 85 95 67 119 4 50 18 62 116 75 41 70 46 97 6 60 36 32 96 75 98 65 30 33 34 34 3 120 111 97 80 28 63 3 80 14
run=18 seed=17 k=121 f=0
101 8 76 35 36 48 81 57 106 75 15 60 2 6 62 104 120 59 96 56 46 90 88 75 36 12 118 112 62 50 38 74 13 23 19 29 69 103 94 54 86 3 6 88 25 82 3 97 75 83 15 52 44 50 42 114 61 92 101 66 21 113 16 112 0 9 28 0 110 2 98 42 52 21 68 92 39 59 84 113 12 119 24 32 26 41 1 103 119 93 29 64 96 88 56 119 98 115 6 68 81 15 22 35 36 7 96 74 24 107
run=19 seed=18 k=121 f=0
82 35 88 113 25 83 77 17 25 1 101 120 70 75 6 83 91 50 35 115 71 24 90 27 70 63 18 39 85 5 42 63 57 27 70 113 50 58 40 64 119 88 120 102 8 14 64 4 103 4 52 108 25 52 9 46 116 30 56 17 45 59 37 39 51 108 4 43 45 44 98 93 56 98 76 103 30 76 81 12 0 12 97 109 5 45 16 91 18 115 118 91 24 115 106 65 106 86 65 71 95 76 33 70 33 107 51 67 66 11
run=20 seed=19 k=121 f=0
85 39 64 28 36 105 118 7 13 34 32 51 10 105 117 12 0 68 55 84 53 88 39 83 24 42 97 19 18 118 11 119 72 80 10 30 96 14 88 1 4 46 95 45 99 79 88 63 14 22 69 95 62 106 26 117 25 45 15 107 98 67 91 35 21 72 2 42 95 57 6 9 74 30 54 114 97 21 103 111 3 65 85 47 71 53 120 39 27 90 90 0 63 58 85 115 32 87 80 7 88 117 49 111 58 102 100 34 15 81
