run=1 seed=0 k=98 f=0
35 6 37 5 74 5 60 61 57 23 54 93 24 0 69 70 9 78 54 72 62 41 39 37 62 96 81 59 29 96 74 0 94 68 4 82 64 85 9 18 21 97 19 63 90 46 90 95 26 65 58 76 87 82 42 25 46 77 27 17 16 27 66 2 77 47 40 39 87 49 56 10 74 31 35 58 32 14 5 56 34 11 83 29 17 4 47 65 8 23 85 37 12 84 77 92 91 38 88 15 19 54 40 0 45 50 21 76 73 53
run=2 seed=1 k=98 f=0
35 6 37 5 74 5 60 61 57 23 54 93 24 0 69 70 9 78 54 72 62 41 39 37 62 96 81 59 29 96 74 0 94 68 4 82 64 85 9 18 21 97 19 63 90 46 90 95 26 65 58 76 87 82 42 25 46 77 27 17 16 27 66 2 77 47 40 39 87 49 56 10 74 31 35 58 32 14 5 56 34 11 83 29 17 4 47 65 8 23 85 37 12 84 77 92 91 38 88 15 19 54 40 0 45 50 21 76 73 53
run=3 seed=2 k=98 f=0
20 49 54 45 21 31 76 71 23 93 55 6 6 43 87 35 33 75 66 4 76 58 51 66 56 97 12 41 16 79 26 14 25 38 59 29 60 91 61 80 50 82 26 20 82 0 84 97 73 41 96 36 56 6 57 14 74 69 90 73 64 0 60 48 47 66 59 41 25 22 19 51 90 37 0 51 41 90 40 52 44 97 79 6 68 16 81 31 47 67 96 97 33 28 8 84 61 23 9 2 89 97 86 14 13 11 10 51 0 9
run=4 seed=3 k=98 f=0
67 81 81 0 97 42 22 52 57 77 70 33 71 5 96 37 83 49 65 22 8 49 62 48 0 30 17 33 45 27 52 74 20 36 33 62 81 24 62 54 34 2 89 30 26 62 17 18 10 39 95 35 74 53 58 10 44 28 93 70 1 56 47 8 5 94 69 44 30 88 97 5 54 39 66 79 0 7 57 35 87 17 79 75 39 0 20 79 55 93 87 15 44 19 82 45 70 46 2 71 10 96 61 90 83 12 9 34 59 15
run=5 seed=4 k=98 f=0
63 72 79 75 91 37 64 56 7 93 40 0 15 17 95 20 70 95 0 27 64 55 62 29 4 7 97 50 46 18 92 32 44 75 47 11 8 12 1 86 40 14 84 6 74 36 70 77 30 51 1 97 16 69 63 20 78 56 3 83 88 36 84 0 68 93 75 53 87 48 22 77 60 22 37 56 27 7 76 60 41 97 62 46 49 0 79 85 14 27 74 97 33 16 44 32 65 95 22 55 27 24 82 43 18 28 52 44 62 57
run=6 seed=5 k=98 f=0
62 68 55 0 14 86 14 43 96 45 4 46 48 76 0 30 6 97 93 38 12 97 11 71 23 65 25 95 2 91 94 46 18 50 33 39 4 69 76 39 52 63 60 10 38 68 17 3 75 14 41 64 34 53 19 33 73 85 91 51 83 87 14 77 93 52 26 97 23 58 0 31 24 97 44 97 78 33 71 79 3 83 26 36 55 57 53 10 52 86 27 84 35 10 73 27 61 60 83 42 25 17 18 91 17 73 70 68 82 27
run=7 seed=6 k=98 f=0
87 74 84 25 50 87 76 30 64 15 35 24 93 61 33 90 10 45 17 18 11 52 68 0 96 89 38 8 47 87 21 24 73 58 29 31 3 38 68 40 54 56 1 96 80 60 37 74 47 18 9 14 0 75 81 21 66 51 69 46 39 0 49 72 9 11 57 72 44 77 65 78 82 13 27 89 51 66 95 54 37 3 36 93 78 82 55 47 89 35 21 49 43 55 34 23 30 68 25 61 95 11 69 96 61 64 19 3 59 78
run=8 seed=7 k=98 f=0
16 97 17 85 78 81 10 67 18 39 80 43 63 35 47 74 19 56 92 66 48 12 38 0 86 80 11 32 61 59 5 59 10 0 50 22 67 15 93 54 23 8 75 62 16 37 38 72 73 89 75 41 10 39 24 49 70 88 91 63 2 34 27 96 38 91 96 7 0 47 68 80 52 97 45 97 32 32 41 17 30 84 41 84 18 25 36 68 69 30 74 59 81 26 48 8 54 29 83 7 2 92 93 61 29 4 48 61 38 67
run=9 seed=8 k=98 f=0
9 52 44 67 13 69 32 63 7 49 26 23 40 59 17 9 27 0 55 35 85 97 45 55 74 18 76 76 83 86 90 43 0 47 66 67 88 30 39 97 50 5 11 57 63 68 67 24 47 94 39 3 85 78 86 97 37 58 13 31 6 92 83 72 5 45 89 21 71 26 79 38 34 81 41 97 77 95 48 71 19 29 15 22 62 27 59 14 62 52 49 55 87 82 41 92 22 13 17 5 92 1 69 74 78 31 26 57 7 10
run=10 seed=9 k=98 f=0
8 29 96 9 72 13 26 26 59 62 57 15 37 85 85 64 0 78 26 24 83 44 21 31 31 38 62 78 45 93 54 18 64 33 0 8 54 71 78 0 16 31 42 54 79 45 38 43 65 47 37 61 94 42 6 83 81 24 75 50 57 1 6 62 92 96 51 11 5 21 88 88 74 71 13 61 3 53 66 0 55 94 33 52 38 97 22 78 82 30 13 17 51 72 40 0 25 33 42 25 10 97 8 83 46 32 2 22 69 70
run=11 seed=10 k=98 f=0
4 16 30 28 24 72 89 0 79 44 23 97 85 44 69 8 50 75 37 11 60 28 31 79 84 13 8 77 58 17 27 79 15 7 0 53 82 40 95 91 37 18 19 91 62 53 58 6 72 90 64 1 22 54 54 60 65 62 39 20 80 74 55 97 76 28 36 94 3 0 0 12 43 0 35 29 46 94 87 36 46 93 18 85 68 27 61 49 12 67 43 46 51 55 0 32 97 30 62 82 85 66 83 6 54 21 19 37 56 1
run=12 seed=11 k=98 f=0
15 75 15 21 65 39 57 65 20 53 12 53 10 30 33 20 24 44 2 26 0 85 39 67 39 58 34 78 97 97 40 69 0 91 92 27 24 13 0 97 61 7 54 26 95 43 51 0 69 88 5 49 79 77 74 48 57 63 54 58 97 11 31 4 33 79 84 72 40 78 64 34 40 75 33 19 87 53 63 44 48 31 57 82 95 19 16 88 10 94 83 47 91 0 29 21 14 9 30 65 38 91 73 0 72 69 67 97 41 50
run=13 seed=12 k=98 f=0
30 26 14 3 93 57 6 81 65 57 62 64 59 4 82 56 0 28 65 2 48 17 29 65 49 54 97 64 51 16 76 97 44 2 85 2 53 35 20 72 57 70 97 84 4 25 53 28 47 20 84 72 10 30 48 7 50 12 79 32 73 70 13 78 53 95 29 82 89 36 60 39 34 0 41 18 70 78 24 8 39 10 47 68 34 92 87 47 16 93 35 42 20 9 19 11 24 80 37 21 75 90 35 97 95 96 43 77 27 63
run=14 seed=13 k=98 f=0
46 75 64 8 7 88 28 19 51 20 3 65 42 86 63 2 69 76 48 74 51 91 15 16 35 42 27 90 37 39 22 69 3 64 37 37 39 55 78 10 76 11 93 29 96 19 5 22 80 58 62 63 28 20 1 41 94 30 39 26 9 82 35 35 46 97 0 72 60 87 19 97 0 57 87 0 77 70 22 51 32 83 58 27 97 94 97 0 82 52 85 86 75 5 12 12 95 90 94 14 62 55 13 49 31 79 73 10 53 4
run=15 seed=14 k=98 f=0
5 42 8 75 10 15 86 79 73 26 87 1 9 92 63 68 44 62 28 69 19 31 53 56 35 30 34 86 45 1 66 4 0 9 64 86 67 53 61 41 83 51 73 24 78 15 89 62 37 52 11 53 20 86 36 2 75 53 60 58 78 12 20 85 19 85 38 3 79 91 95 76 11 28 3 15 43 47 27 69 38 96 31 26 10 94 69 19 66 14 79 47 23 97 89 0 26 92 17 93 46 47 56 60 97 19 28 96 65 75
run=16 seed=15 k=98 f=0
44 31 76 85 37 44 2 28 23 30 47 96 55 47 82 15 33 53 50 14 61 76 67 76 72 62 8 7 65 66 56 41 0 21 7 53 51 92 10 72 27 31 78 30 80 61 24 75 79 25 94 81 48 22 67 16 66 91 69 58 13 4 83 8 72 60 44 24 95 39 42 84 88 14 97 78 86 20 24 94 0 87 35 0 5 30 71 48 30 17 39 55 47 12 97 35 1 38 67 2 94 66 74 3 82 97 90 0 58 84
run=17 seed=16 k=98 f=0
20 70 94 28 51 14 93 61 7 9 97 29 5 71 42 0 80 69 89 75 91 17 63 36 48 26 89 58 45 54 6 30 15 9 38 82 2 53 71 35 23 23 21 30 69 95 65 59 19 97 62 79 64 97 39 83 71 80 52 24 36 58 79 87 0 68 19 83 61 45 58 43 10 49 48 11 3 74 84 84 78 44 38 77 7 65 0 12 35 14 28 30 97 91 38 45 96 55 63 75 60 75 33 89 19 69 55 23 5 57
run=18 seed=17 k=98 f=0
35 35 79 37 1 9 60 97 21 43 83 11 31 29 41 57 1 42 79 7 0 67 16 14 63 82 87 10 54 53 11 95 71 79 70 22 65 61 25 97 61 14 52 29 7 49 66 48 89 97 45 23 17 35 70 40 25 20 61 72 61 47 59 23 3 85 11 96 29 71 7 56 75 5 32 50 0 25 21 47 43 86 71 15 73 90 48 97 78 58 80 45 59 2 32 90 76 28 88 93 62 83 93 40 37 26 37 32 2 67
run=19 seed=18 k=98 f=0
92 34 39 71 92 96 68 71 12 73 36 75 88 14 26 1 56 7 19 85 78 93 61 45 86 97 89 33 44 0 32 69 10 29 73 59 15 0 21 68 39 97 78 83 75 3 17 58 9 18 80 88 65 7 90 39 46 81 15 51 82 9 76 49 44 49 10 97 50 31 71 38 44 51 37 32 22 22 64 77 39 58 67 63 26 59 1 13 29 25 97 55 39 62 31 97 61 89 42 32 82 23 5 29 1 45 97 26 53 73
run=20 seed=19 k=98 f=0
35 5 56 54 79 55 41 2 70 76 29 39 20 52 29 53 47 8 60 20 65 44 89 42 64 0 72 10 81 17 33 13 68 32 67 75 91 44 61 45 87 75 85 64 73 58 81 94 30 64 97 9 80 32 17 24 91 78 37 18 88 27 43 94 97 35 19 7 83 80 25 0 13 13 38 51 1 26 57 50 23 2 85 69 93 96 55 0 32 72 5 78 38 97 47 51 65 21 60 76 45 83 10 97 10 54 93 9 34 19
