run=1 seed=0 k=116 f=0
95 38 27 83 17 59 39 70 43 80 46 49 29 72 52 113 90 54 88 112 7 92 43 49 10 46 34 59 1 8 113 79 70 22 72 22 25 92 39 14 25 1 104 67 48 100 54 20 31 98 57 98 66 96 32 77 9 36 20 1 2 105 28 115 3 101 114 29 69 93 72 87 110 77 16 43 10 17 55 40 59 106 84 10 32 108 80 65 50 5 2 62 80 64 39 84 42 58 106 38 27 74 83 10 99 113 77 110 73 104
run=2 seed=1 k=116 f=0
95 38 27 83 17 59 39 70 43 80 46 49 29 72 52 113 90 54 88 112 7 92 43 49 10 46 34 59 1 8 113 79 70 22 72 22 25 92 39 14 25 1 104 67 48 100 54 20 31 98 57 98 66 96 32 77 9 36 20 1 2 105 28 115 3 101 114 29 69 93 72 87 110 77 16 43 10 17 55 40 59 106 84 10 32 108 80 65 50 5 2 62 80 64 39 84 42 58 106 38 27 74 83 10 99 113 77 110 73 104
run=3 seed=2 k=116 f=0
42 53 83 87 97 66 32 33 53 27 92 59 65 77 53 108 31 40 23 102 18 76 97 31 99 87 44 90 14 68 52 59 6 110 53 29 96 1 73 33 21 11 27 100 88 25 56 21 67 0 8 49 47 78 80 115 41 78 112 9 114 34 3 57 20 88 97 54 36 54 94 110 105 105 73 30 6 14 25 101 69 2 38 11 83 86 22 0 113 8 113 50 37 0 44 65 61 15 57 47 114 82 96 38 42 13 5 79 97 111
run=4 seed=3 k=116 f=0
38 72 68 11 97 111 30 36 43 66 74 32 17 111 66 65 28 9 73 24 9 39 110 58 109 69 89 101 63 70 6 106 75 66 56 89 91 101 46 24 78 115 24 95 0 82 37 28 114 80 39 17 38 13 76 82 32 49 82 27 48 79 87 43 87 59 2 98 48 112 58 10 15 107 106 68 49 27 35 7 21 91 17 114 60 34 3 101 75 53 115 15 90 18 54 1 48 63 100 1 82 43 18 97 98 2 105 7 21 86
run=5 seed=4 k=116 f=0
43 46 14 90 91 97 30 113 38 29 65 60 86 0 95 1 20 61 28 31 103 36 80 22 17 29 14 58 40 48 65 61 52 44 35 23 25 7 75 14 97 111 16 83 96 107 70 10 52 99 115 17 10 7 71 28 21 77 86 78 69 109 77 36 37 0 55 68 16 6 77 100 2 6 112 78 105 66 0 42 73 43 51 90 51 114 85 81 5 47 35 24 28 6 52 57 106 115 113 65 106 91 74 40 97 70 98 86 33 90
run=6 seed=5 k=116 f=0
63 59 53 96 42 115 32 89 61 40 30 19 24 84 34 28 101 58 99 50 2 81 15 61 75 14 35 77 64 3 46 108 43 106 8 73 27 16 46 109 109 77 97 9 36 7 61 91 53 109 25 9 2 21 0 37 65 99 115 11 94 45 0 87 80 50 44 21 15 82 8 0 43 90 25 32 69 49 61 115 55 87 78 34 41 70 66 15 54 115 82 22 103 94 111 68 55 79 81 102 114 87 93 33 99 12 4 24 42 77
run=7 seed=6 k=116 f=0
89 60 0 72 55 49 2 76 82 99 94 107 85 5 2 8 91 80 43 28 101 22 68 46 65 55 112 108 21 3 33 91 12 115 36 115 56 17 36 23 52 3 6 74 111 43 83 2 83 10 88 36 22 105 40 89 22 114 109 36 48 0 106 29 107 26 28 48 49 19 71 15 39 69 106 65 109 79 59 108 82 73 98 98 40 36 0 63 99 63 99 84 58 81 93 53 100 31 89 33 14 72 71 98 68 75 113 59 30 43
run=8 seed=7 k=116 f=0
52 73 93 23 89 79 106 1 15 31 78 13 88 100 105 84 29 85 45 52 64 23 6 0 76 76 89 83 81 98 21 94 58 51 2 31 45 100 33 20 72 71 40 72 6 80 35 93 37 67 13 29 90 101 9 65 53 115 42 50 98 41 113 18 58 107 42 111 106 67 2 5 49 31 57 33 55 110 2 11 14 114 32 26 29 40 114 54 0 46 73 91 25 62 102 112 62 60 91 0 79 93 111 106 18 96 15 6 40 3
run=9 seed=8 k=116 f=0
36 108 11 101 15 53 94 97 25 81 103 24 70 55 42 38 60 47 113 13 73 94 105 84 19 27 33 13 102 115 16 8 56 39 33 63 6 79 46 63 108 49 111 61 50 18 91 0 0 88 77 21 113 0 92 11 78 77 114 101 53 76 109 101 57 68 41 30 58 70 17 95 78 48 69 94 83 7 66 36 87 23 94 3 42 110 36 60 12 82 90 85 1 111 63 26 90 104 57 32 103 85 4 12 34 27 30 35 26 41
run=10 seed=9 k=116 f=0
3 90 45 91 58 113 24 78 21 56 37 24 62 1 93 69 88 3 91 68 77 100 87 1 115 62 76 15 61 65 68 16 27 106 99 56 102 41 88 36 43 54 96 9 52 69 20 59 1 103 31 78 79 45 83 70 74 82 85 86 9 29 94 74 10 48 98 63 27 9 33 50 44 9 52 34 78 17 94 79 112 1 33 66 107 107 18 52 49 109 46 58 114 96 78 23 21 94 12 89 11 14 97 115 47 75 70 9 106 37
run=11 seed=10 k=116 f=0
23 36 97 112 62 25 63 95 51 55 71 103 66 55 76 68 24 31 95 100 80 12 19 86 4 100 72 11 68 2 113 88 112 20 84 27 45 3 65 1 39 51 77 111 57 29 32 77 57 0 22 24 48 33 49 102 4 89 28 42 92 18 93 40 38 86 92 83 0 33 62 115 17 16 71 67 46 104 113 39 107 19 6 87 44 50 109 61 36 12 97 9 27 65 112 107 95 80 16 60 114 72 81 8 56 36 74 62 51 63
run=12 seed=11 k=116 f=0
47 112 36 23 69 75 57 85 34 76 95 6 16 46 26 77 58 69 11 45 19 61 113 32 39 49 59 10 0 41 66 30 79 22 52 52 30 11 4 0 80 81 61 50 48 53 12 61 20 12 99 11 75 96 90 106 23 39 0 0 83 69 45 2 113 25 74 108 69 111 99 97 42 112 115 61 41 73 108 50 88 39 99 38 11 65 28 91 31 103 100 30 43 21 84 50 13 64 44 113 1 88 35 107 76 91 109 1 5 93
run=13 seed=12 k=116 f=0
12 110 102 104 71 27 1 21 53 43 101 6 33 18 112 64 43 23 86 63 34 72 0 115 18 9 78 25 89 37 106 26 85 41 6 41 108 103 73 39 48 42 15 84 10 0 21 16 26 51 26 58 101 15 113 3 112 96 50 0 87 50 67 65 9 44 76 112 2 92 95 89 17 64 32 57 107 54 86 45 95 79 61 80 18 72 75 7 30 1 17 29 52 69 37 58 66 58 49 93 33 79 56 115 112 76 113 115 14 84
run=14 seed=13 k=116 f=0
2 90 27 75 40 110 36 71 95 91 64 103 72 50 43 115 1 81 11 114 103 69 109 18 109 106 0 34 19 41 89 61 85 27 21 50 79 16 58 24 64 92 48 103 87 91 49 80 85 10 103 73 45 72 91 53 100 110 79 4 29 96 57 64 41 31 54 30 19 8 113 42 75 37 37 46 1 28 10 53 28 3 18 100 37 102 19 114 105 97 12 4 60 62 52 85 33 67 86 41 56 13 77 56 50 55 93 10 59 115
run=15 seed=14 k=116 f=0
103 80 15 18 13 89 71 24 63 94 74 52 12 66 68 37 60 53 65 105 92 69 111 100 100 108 48 20 39 35 21 18 92 46 28 105 87 99 33 43 78 115 64 7 29 2 3 2 97 72 94 97 15 102 37 114 88 75 50 4 41 84 14 79 81 43 82 53 26 109 23 10 115 107 89 43 26 57 37 1 76 58 74 1 6 115 6 87 53 31 30 115 51 72 111 16 8 65 61 59 48 21 101 28 61 59 109 96 27 0
run=16 seed=15 k=116 f=0
107 18 1 87 56 61 70 72 101 92 13 47 96 60 8 98 37 20 28 101 69 107 34 57 112 63 28 1 104 76 69 85 46 2 70 28 64 102 96 80 97 63 52 43 3 102 24 78 1 73 19 20 13 39 77 9 17 32 21 41 101 61 42 30 82 0 10 22 93 110 43 17 55 88 115 79 69 41 115 69 47 7 16 90 41 20 82 12 96 107 114 60 77 9 53 35 7 111 49 92 108 86 49 93 49 58 78 111 64 87
run=17 seed=16 k=116 f=0
84 9 9 86 67 63 39 19 73 30 109 110 27 59 73 114 50 93 97 99 35 106 85 77 103 115 96 104 79 112 28 43 113 29 84 97 93 8 55 36 19 92 111 34 28 6 73 81 61 2 42 97 77 3 71 99 75 66 69 50 69 87 4 18 1 90 85 4 80 11 56 21 37 101 104 31 110 62 22 3 56 14 24 41 49 88 25 53 114 84 17 63 48 13 59 85 1 45 11 50 106 74 71 87 10 59 64 31 25 13
run=18 seed=17 k=116 f=0
18 2 55 7 27 27 95 33 85 79 113 45 103 101 2 38 0 50 110 15 98 80 21 97 7 17 108 94 111 74 92 21 12 43 37 72 61 60 10 33 33 92 4 20 95 70 62 77 95 63 66 27 27 83 115 96 101 52 74 106 10 55 109 32 105 53 0 46 63 55 90 88 54 82 108 45 106 47 5 35 12 54 63 69 35 26 39 20 59 83 114 84 66 71 84 22 11 104 68 87 69 24 59 115 57 43 35 39 90 71
run=19 seed=18 k=116 f=0
34 68 78 19 36 22 7 113 44 110 34 109 81 46 114 114 106 82 85 19 100 59 95 73 76 43 53 63 110 96 91 31 19 60 17 47 74 40 8 0 34 74 103 30 43 101 114 105 60 98 8 22 11 95 94 0 60 55 65 17 36 1 35 51 53 58 94 65 3 85 5 8 78 39 71 9 86 62 114 30 22 107 67 25 81 90 115 1 60 0 47 74 11 57 90 88 78 91 52 8 52 26 64 20 43 86 27 13 42 25
run=20 seed=19 k=116 f=0
85 60 100 110 19 87 85 80 72 12 73 80 113 70 104 109 66 115 1 97 83 48 59 100 73 31 46 33 26 20 51 8 70 93 105 115 16 102 39 42 87 41 25 76 81 4 61 108 55 96 5 43 20 52 59 7 75 95 18 91 106 55 95 49 50 45 75 39 27 56 40 102 8 30 84 89 66 11 115 1 100 67 21 69 2 81 74 37 20 11 56 10 25 25 63 109 102 89 2 14 31 34 112 46 62 63 35 58 66 0
