run=1 seed=0 k=87 f=0
0 36 1 25 8 60 58 78 2 28 12 48 68 23 86 57 34 63 38 76 69 7 17 78 86 51 8 63 32 65 59 46 50 46 65 17 73 5 35 38 41 53 14 40 13 13 11 33 86 42 86 40 68 74 29 51 83 22 61 76 58 24 65 73 68 10 85 43 28 35 0 56 77 61 21 34 68 0 85 43 0 20 84 86 40 31 10 54 73 82 6 23 58 7 33 54 75 3 48 21 27 65 14 27 3 79 52 23 16 5
run=2 seed=1 k=87 f=0
0 36 1 25 8 60 58 78 2 28 12 48 68 23 86 57 34 63 38 76 69 7 17 78 86 51 8 63 32 65 59 46 50 46 65 17 73 5 35 38 41 53 14 40 13 13 11 33 86 42 86 40 68 74 29 51 83 22 61 76 58 24 65 73 68 10 85 43 28 35 0 56 77 61 21 34 68 0 85 43 0 20 84 86 40 31 10 54 73 82 6 23 58 7 33 54 75 3 48 21 27 65 14 27 3 79 52 23 16 5
run=3 seed=2 k=87 f=0
38 69 60 10 16 10 3 50 82 26 3 52 42 36 79 7 57 41 68 32 39 80 29 49 1 19 41 47 57 0 3 27 7 85 36 14 73 3 37 0 84 12 76 20 34 58 27 54 43 0 18 43 76 76 31 64 47 86 86 42 26 64 3 68 70 26 13 14 51 25 48 20 86 25 10 22 34 76 74 18 60 0 73 60 65 68 35 62 65 82 33 11 52 83 50 20 67 7 28 46 85 31 47 64 44 14 84 44 34 29
run=4 seed=3 k=87 f=0
51 75 1 10 36 28 33 41 65 42 55 69 73 69 0 67 47 25 45 64 85 49 52 48 0 72 0 25 52 37 6 20 82 77 63 6 4 48 85 17 15 71 0 73 81 29 52 85 80 63 76 0 0 2 59 19 83 64 40 26 14 35 40 8 6 54 46 11 29 67 41 86 54 55 86 51 11 22 78 30 56 11 0 68 0 41 31 86 60 17 10 34 60 76 53 21 27 38 76 41 25 60 39 23 13 35 76 75 55 57
run=5 seed=4 k=87 f=0
83 68 66 46 44 40 49 0 83 0 85 3 78 12 14 53 70 52 29 5 13 42 62 28 36 0 38 39 71 83 59 0 67 59 59 32 73 86 79 50 21 49 28 2 63 9 18 73 54 62 5 38 14 18 75 8 70 33 23 80 86 8 12 36 70 18 4 46 75 13 7 64 77 59 22 81 26 53 67 20 86 36 64 16 58 43 46 73 64 83 0 39 86 56 24 48 78 26 26 48 7 18 50 38 31 24 85 56 66 31
run=6 seed=5 k=87 f=0
67 75 70 31 83 80 84 64 41 59 31 62 25 14 50 10 59 74 20 52 45 58 56 86 40 0 50 37 45 59 67 68 72 57 12 86 54 16 86 86 76 76 38 61 1 41 3 29 80 42 23 63 25 50 47 71 3 32 6 27 33 80 7 83 9 0 73 69 15 15 65 21 16 16 9 42 37 1 62 40 37 28 20 27 83 8 51 69 54 19 62 72 83 13 54 1 5 5 23 7 59 46 85 70 21 78 25 57 42 36
run=7 seed=6 k=87 f=0
60 43 85 65 49 28 83 73 64 38 85 79 5 5 54 15 63 52 71 19 64 55 10 73 57 10 9 17 52 47 17 24 79 45 20 7 12 6 13 27 39 78 82 36 79 85 78 86 70 0 58 65 47 58 67 50 30 45 33 67 17 31 7 22 35 19 12 21 48 81 75 1 26 19 33 1 11 28 71 13 86 40 1 59 10 37 86 0 74 41 67 0 24 86 44 27 84 36 31 57 7 50 27 56 42 73 22 78 17 76
run=8 seed=7 k=87 f=0
48 5 29 34 47 79 77 5 62 80 59 11 66 2 80 75 36 43 26 12 47 62 72 83 54 62 7 16 11 49 73 18 10 68 13 40 63 59 27 40 40 54 33 86 34 53 69 71 69 86 64 52 1 39 0 12 78 73 25 45 55 84 31 25 41 25 42 63 86 75 75 3 29 19 9 31 51 58 74 38 0 68 1 50 35 0 18 25 19 80 30 19 45 71 11 82 85 79 0 38 61 23 22 47 0 57 59 47 0 52
run=9 seed=8 k=87 f=0
86 28 23 70 86 15 17 37 45 72 6 18 23 48 38 71 70 7 4 52 0 85 64 6 0 15 24 2 86 43 29 16 13 22 31 10 8 77 0 29 75 23 86 1 53 79 11 64 33 62 62 26 24 46 66 28 67 63 64 80 78 23 54 31 48 83 42 9 76 16 38 56 53 0 46 10 51 56 34 31 38 57 73 57 43 49 1 86 8 82 72 71 84 39 31 14 38 42 79 42 77 67 5 86 83 45 66 2 34 56
run=10 seed=9 k=87 f=0
10 56 68 67 76 26 6 45 51 61 68 6 6 71 68 8 58 49 22 36 47 16 58 31 0 74 23 20 86 10 30 72 26 17 3 79 83 71 0 0 79 63 62 34 64 74 30 1 17 33 60 58 86 30 4 85 14 59 23 28 65 44 36 81 80 13 22 17 1 0 10 67 42 39 23 82 42 45 77 79 39 54 76 38 86 16 0 86 78 14 51 53 42 75 86 28 49 26 70 58 47 36 3 51 13 33 46 67 52 39
run=11 seed=10 k=87 f=0
64 82 70 17 82 86 34 57 49 37 43 35 32 84 54 37 77 64 8 11 63 22 39 25 59 10 46 45 13 55 3 72 5 48 1 7 10 79 35 84 30 86 4 9 0 49 61 14 26 51 63 67 86 27 39 24 65 40 52 27 42 17 35 22 68 2 5 43 3 38 71 1 60 60 32 40 53 79 32 43 46 16 41 14 78 18 0 0 79 45 71 86 81 51 85 27 21 68 16 31 54 76 38 17 20 27 18 73 85 57
run=12 seed=11 k=87 f=0
77 73 75 12 10 0 28 86 8 57 45 51 63 41 50 19 21 82 0 72 10 29 59 0 8 34 37 43 5 68 63 42 18 18 57 37 35 70 25 0 17 50 6 64 55 83 23 34 6 67 76 66 77 33 29 48 71 70 23 69 14 46 42 41 53 23 45 37 86 85 48 20 86 56 0 17 55 45 3 76 78 63 85 62 57 7 57 24 79 10 29 36 86 86 28 77 30 27 15 15 85 61 85 43 15 11 60 64 60 52
run=13 seed=12 k=87 f=0
86 33 36 42 21 73 6 47 66 43 30 0 1 54 53 86 31 70 65 86 68 13 36 68 79 47 19 61 80 7 10 27 42 55 30 44 48 81 23 73 63 50 0 50 50 58 27 45 38 6 35 29 15 73 27 33 58 34 19 39 24 20 13 40 38 19 43 1 78 28 86 27 54 12 61 12 11 86 0 60 6 36 0 16 42 26 76 51 59 21 80 7 15 56 70 74 72 83 20 59 43 9 0 68 60 20 66 57 78 85
run=14 seed=13 k=87 f=0
45 74 80 76 63 65 34 71 8 20 37 26 22 84 12 23 29 73 47 27 84 41 62 59 67 55 6 5 9 43 41 0 69 58 86 52 38 40 46 85 51 78 3 8 14 56 49 54 18 9 24 44 78 9 85 15 40 0 47 34 0 4 28 48 20 77 15 84 16 31 23 10 86 31 64 22 22 86 5 3 57 32 1 32 69 49 37 17 53 15 78 79 41 75 42 12 61 69 24 32 73 61 71 46 55 27 64 38 66 3
run=15 seed=14 k=87 f=0
71 24 48 18 86 75 71 53 20 19 73 1 86 2 77 61 26 86 29 50 43 85 18 40 36 56 61 55 30 4 69 76 34 60 22 52 61 7 40 41 13 57 70 40 53 52 3 0 73 17 86 39 47 48 21 65 39 10 34 6 8 69 30 33 0 85 10 25 19 48 79 79 39 20 0 81 32 80 64 57 0 11 45 46 5 67 65 31 24 11 1 14 46 47 82 28 51 31 61 55 67 14 37 84 83 27 61 9 69 78
run=16 seed=15 k=87 f=0
27 54 69 0 54 58 0 7 68 37 0 36 74 32 61 39 52 61 80 23 65 83 0 58 12 3 28 48 5 16 72 28 42 49 42 0 66 0 78 14 47 59 40 29 69 22 82 85 28 68 82 13 86 20 73 35 0 54 35 61 77 21 26 23 18 47 61 30 44 36 11 83 19 0 34 86 77 7 52 23 7 73 20 85 14 86 44 68 42 80 33 59 10 75 2 30 62 8 78 8 34 49 21 59 70 6 51 11 75 12
run=17 seed=16 k=87 f=0
54 50 21 75 18 7 10 14 33 31 74 31 35 47 8 14 71 43 63 12 29 59 27 0 85 0 67 0 0 55 58 42 69 66 10 73 39 34 84 76 7 35 21 61 33 3 37 69 45 63 23 18 25 80 75 53 56 18 86 23 17 1 62 12 27 79 85 59 20 14 85 11 8 50 53 47 15 29 1 79 5 71 24 4 65 60 37 42 73 31 86 40 45 45 72 56 36 56 40 86 27 66 15 80 48 24 64 43 85 86
run=18 seed=17 k=87 f=0
7 22 4 27 82 66 28 23 11 40 56 1 79 9 66 40 50 29 54 19 8 81 26 5 19 19 38 20 45 70 59 0 0 6 33 52 70 36 62 31 0 86 53 59 76 50 21 84 27 85 86 15 67 70 81 43 15 86 74 60 35 30 21 72 76 29 72 85 65 79 61 79 76 15 0 58 51 46 40 32 26 47 0 15 31 24 10 56 1 39 40 86 48 48 4 45 23 58 39 13 7 13 32 43 1 54 83 57 16 79
run=19 seed=18 k=87 f=0
0 67 41 23 61 51 36 0 44 57 37 38 31 75 63 86 69 21 70 28 13 34 8 58 63 35 69 37 86 49 24 57 86 30 30 20 68 14 85 17 31 65 40 69 16 25 56 77 76 86 16 10 15 7 80 35 78 54 73 52 28 74 67 59 46 20 70 4 1 85 8 46 53 9 0 17 0 37 49 15 25 41 60 72 82 76 44 0 46 50 43 63 23 22 38 54 41 3 23 86 51 11 57 62 18 80 28 11 7 7
run=20 seed=19 k=87 f=0
27 29 85 85 35 27 56 34 14 5 86 35 54 35 11 23 60 70 61 36 80 70 74 60 56 38 0 38 22 19 5 54 68 62 50 62 59 43 1 75 75 74 82 16 75 46 61 38 53 77 66 12 24 84 8 57 20 4 17 11 45 46 66 30 15 77 67 34 1 29 18 83 7 31 0 30 68 8 59 76 42 9 86 53 47 23 86 39 86 49 86 26 0 69 86 74 44 15 31 0 2 0 83 68 8 18 46 5 50 17
