run=1 seed=0 k=110 f=0
83 73 17 35 101 15 66 72 51 1 52 7 60 97 69 85 21 76 2 69 21 96 27 99 92 35 22 40 47 54 109 62 32 58 29 109 76 0 101 22 61 43 39 89 106 47 48 103 95 1 86 5 104 91 106 83 70 108 12 51 60 18 4 47 8 43 76 79 103 67 83 65 42 13 67 54 34 42 86 25 35 78 69 18 2 92 13 77 14 7 4 30 80 100 9 92 2 86 104 53 14 36 74 28 109 51 37 62 7 52
run=2 seed=1 k=110 f=0
83 73 17 35 101 15 66 72 51 1 52 7 60 97 69 85 21 76 2 69 21 96 27 99 92 35 22 40 47 54 109 62 32 58 29 109 76 0 101 22 61 43 39 89 106 47 48 103 95 1 86 5 104 91 106 83 70 108 12 51 60 18 4 47 8 43 76 79 103 67 83 65 42 13 67 54 34 42 86 25 35 78 69 18 2 92 13 77 14 7 4 30 80 100 9 92 2 86 104 53 14 36 74 28 109 51 37 62 7 52
run=3 seed=2 k=110 f=0
12 9 28 5 1 38 94 48 29 27 94 37 109 53 20 95 61 45 13 0 56 22 6 15 41 21 70 80 76 33 3 106 37 76 56 0 2 27 33 92 105 7 57 64 49 75 99 106 109 69 84 26 99 86 100 0 39 102 28 5 28 32 43 11 106 86 107 108 46 59 90 21 78 65 35 18 12 93 70 1 74 63 74 3 14 85 53 46 37 81 57 64 45 100 89 41 41 86 81 93 23 58 29 14 84 69 8 7 99 92
run=4 seed=3 k=110 f=0
67 47 18 29 25 65 2 106 81 44 98 41 97 87 75 11 12 91 101 79 70 83 108 78 71 44 109 57 34 58 104 94 36 54 46 61 105 36 92 8 24 87 72 77 54 17 11 32 86 35 40 15 71 77 0 22 2 46 14 3 96 31 71 101 27 7 23 81 28 13 18 77 109 29 80 61 42 91 48 50 109 36 91 8 4 1 26 69 101 63 62 62 26 16 106 43 75 52 56 105 66 23 95 1 34 88 93 57 1 54
run=5 seed=4 k=110 f=0
65 48 84 46 98 67 65 23 12 105 108 18 94 20 53 42 99 50 1 99 6 95 78 16 5 73 88 2 0 109 10 31 84 105 79 70 46 7 33 32 28 13 77 22 18 60 62 92 5 63 97 36 37 107 59 82 56 108 81 56 26 27 21 92 53 101 101 79 67 66 0 91 88 10 16 26 3 78 20 6 74 88 57 42 58 41 109 35 26 31 23 14 70 40 88 86 58 80 55 35 36 101 106 54 46 15 76 44 23 44
run=6 seed=5 k=110 f=0
55 67 100 72 23 42 44 99 53 68 15 90 87 108 22 46 0 82 98 66 103 38 59 10 11 28 92 103 22 29 86 77 44 2 55 55 98 11 25 14 53 84 90 65 90 5 31 17 109 41 79 92 62 68 105 73 105 33 26 28 12 63 26 57 60 108 8 53 58 100 20 74 77 59 70 33 85 38 43 96 2 12 34 32 92 107 101 19 69 94 78 52 2 36 109 76 34 23 61 24 40 0 45 49 6 92 76 63 62 9
run=7 seed=6 k=110 f=0
1 94 42 85 108 44 91 79 102 68 25 69 95 18 82 88 100 15 33 91 31 79 0 2 75 23 101 18 40 72 9 10 11 29 96 60 77 4 106 89 45 63 63 98 20 36 49 66 109 45 34 72 54 77 74 92 18 105 53 28 0 108 38 107 69 24 59 56 71 55 36 98 9 23 91 27 109 17 109 40 102 43 2 52 2 48 82 63 5 67 57 44 66 37 1 98 94 17 13 55 3 48 0 30 11 29 81 11 108 76
run=8 seed=7 k=110 f=0
37 6 58 81 45 38 6 97 102 15 75 21 95 109 15 80 105 33 30 8 24 36 88 24 88 15 71 62 76 90 93 102 1 0 56 55 99 109 43 79 12 70 79 86 68 27 100 79 37 90 3 101 2 91 50 65 37 88 60 60 28 43 59 8 88 47 33 5 85 63 98 71 81 58 43 20 14 105 40 77 13 0 2 58 51 66 71 36 87 64 47 30 107 106 51 17 56 64 23 23 75 11 22 49 107 22 43 93 98 84
run=9 seed=8 k=110 f=0
6 104 82 99 101 83 12 8 97 33 80 39 46 15 59 44 24 38 27 109 24 8 107 62 0 47 44 75 65 23 35 65 24 97 61 93 85 45 38 100 53 74 109 28 73 69 55 6 109 16 85 26 88 82 20 69 93 15 99 14 54 109 75 9 25 40 37 89 88 8 69 58 31 32 79 36 103 91 42 104 54 17 60 87 32 80 2 73 76 101 1 51 37 23 38 62 106 9 107 51 1 49 94 63 13 52 98 23 109 72
run=10 seed=9 k=110 f=0
30 17 45 12 10 62 40 7 71 12 86 0 26 6 100 85 19 56 56 109 9 103 31 96 79 104 40 82 107 79 98 67 3 82 103 56 20 108 56 49 87 3 15 77 24 66 60 53 79 49 65 29 61 29 69 22 91 75 95 61 97 44 8 90 74 1 78 97 76 25 41 109 70 13 1 20 102 105 60 51 39 48 87 27 24 89 10 0 87 37 38 0 67 88 106 100 51 90 62 29 78 36 30 26 42 59 102 41 54 74
run=11 seed=10 k=110 f=0
78 38 8 75 99 87 45 21 67 69 70 62 58 83 84 21 40 47 41 88 48 75 35 15 108 90 62 17 108 86 1 106 6 1 10 55 35 55 9 102 33 54 74 23 8 0 86 98 13 4 8 68 22 72 31 37 63 93 30 98 69 80 47 17 93 109 36 63 13 39 97 26 30 68 80 93 44 98 21 106 1 83 10 64 100 27 109 53 11 103 47 81 71 1 30 107 47 76 102 62 27 89 72 49 41 41 28 17 22 58
run=12 seed=11 k=110 f=0
100 84 24 106 52 5 81 101 29 58 95 106 84 4 71 109 22 64 83 73 37 47 33 91 75 36 83 39 49 3 106 15 109 55 22 20 87 33 1 78 39 90 72 12 91 49 31 20 3 100 23 29 77 72 108 84 39 12 2 25 57 54 93 0 15 61 14 34 28 31 92 66 69 58 45 10 43 65 109 102 58 100 105 8 64 35 13 74 90 85 24 80 53 10 46 24 56 41 62 97 3 95 70 29 52 18 43 75 15 94
run=13 seed=12 k=110 f=0
30 1 34 8 9 105 6 1 87 94 85 92 34 39 77 25 26 108 57 44 32 109 100 84 38 52 93 106 60 37 13 90 45 55 30 67 81 19 66 52 49 3 29 45 3 17 19 14 73 9 109 28 84 76 70 36 20 66 54 78 103 53 76 79 93 63 105 67 15 28 95 101 59 8 36 106 26 56 96 22 48 39 51 42 70 96 18 102 94 0 0 106 11 14 104 11 78 32 41 93 97 6 68 45 26 39 85 97 68 96
run=14 seed=13 k=110 f=0
28 17 13 1 97 64 82 5 22 2 36 9 32 10 21 23 97 34 88 98 67 43 59 38 13 14 15 106 33 99 81 103 48 100 107 87 17 78 44 91 59 61 20 0 32 41 25 54 56 64 88 41 23 38 57 37 52 4 12 49 1 92 70 86 14 10 105 58 84 69 51 62 79 109 108 0 73 77 50 11 6 74 104 70 109 84 40 51 21 5 69 90 94 83 108 29 104 103 90 47 15 73 71 32 77 10 63 90 107 45
run=15 seed=14 k=110 f=0
3 104 42 12 73 21 87 101 76 66 12 48 60 5 9 25 102 75 92 77 35 69 69 73 35 22 89 94 73 43 80 8 78 94 62 13 71 39 31 35 106 29 109 101 50 26 60 107 109 34 59 47 68 101 65 10 38 17 63 88 60 98 28 55 73 60 2 77 20 33 2 58 95 53 46 87 51 0 45 28 109 56 36 18 95 101 86 21 35 10 87 52 41 14 5 83 30 7 13 71 82 21 52 77 1 108 96 94 98 92
run=16 seed=15 k=110 f=0
83 76 58 105 16 37 91 82 13 33 33 42 39 64 6 5 0 21 64 83 25 37 43 75 70 37 34 73 100 9 15 49 30 66 0 91 0 105 0 13 92 94 95 13 90 78 76 72 108 70 1 34 61 56 77 5 34 94 66 106 15 23 30 44 18 59 24 13 109 48 7 65 99 103 53 22 83 22 3 91 101 73 46 28 12 52 83 60 79 89 68 48 109 47 81 58 42 32 51 29 44 56 77 23 103 22 2 98 86 28
run=17 seed=16 k=110 f=0
44 66 79 12 13 23 27 13 69 78 34 109 48 31 79 49 38 94 31 46 80 23 53 74 4 25 38 62 64 0 103 0 35 101 5 34 67 68 108 0 80 108 29 61 72 101 1 1 45 72 58 13 62 21 85 77 52 57 7 16 99 39 84 7 55 96 101 84 99 86 52 22 13 14 108 83 45 97 16 61 62 38 34 42 90 26 81 108 83 16 91 75 5 30 98 2 93 89 1 12 102 53 9 4 67 105 19 104 25 50
run=18 seed=17 k=110 f=0
35 9 109 54 69 39 15 64 53 66 81 0 79 97 109 88 12 54 52 13 46 21 33 1 3 3 108 52 84 82 19 107 28 16 77 69 14 108 91 70 46 38 46 0 75 40 20 97 97 77 28 3 24 16 26 75 5 5 92 48 32 39 64 100 55 30 105 22 1 65 85 26 106 21 40 86 62 99 67 17 60 28 11 72 101 63 62 73 67 90 47 31 10 109 100 5 37 88 28 85 93 58 57 49 109 97 45 19 90 71
run=19 seed=18 k=110 f=0
36 20 106 9 1 63 60 72 0 17 76 41 32 78 72 83 104 52 51 64 102 45 36 59 57 23 83 105 6 24 96 59 16 28 92 109 22 100 11 64 38 9 109 32 19 109 86 80 92 70 52 86 47 43 77 89 17 0 23 91 79 7 26 1 21 54 70 43 1 33 10 97 58 78 86 82 41 104 87 42 74 34 9 43 52 87 32 69 12 40 50 94 4 77 101 59 19 14 98 19 108 50 59 5 37 8 29 45 44 11
run=20 seed=19 k=110 f=0
9 6 52 80 13 33 41 45 2 34 67 15 65 84 78 45 95 75 33 3 61 106 45 72 51 10 108 0 6 46 66 21 94 91 54 32 102 68 77 21 57 76 101 5 5 3 77 10 73 0 91 51 38 68 59 106 1 53 52 96 23 73 91 44 54 51 90 20 29 100 84 61 64 84 107 103 20 15 15 57 86 95 65 14 40 31 55 37 61 31 43 109 107 87 107 34 75 90 14 84 109 41 102 47 87 70 1 81 22 20
