run=1 seed=0 k=113 f=0
13 36 94 1 14 62 15 42 49 77 34 17 32 77 43 75 81 14 48 60 46 83 36 26 33 57 73 96 34 96 99 103 108 85 96 9 6 0 101 81 20 19 95 44 88 48 112 15 91 72 107 3 40 30 76 109 85 71 0 111 112 1 102 106 66 35 63 102 68 40 63 55 100 101 48 38 54 84 77 50 57 112 25 30 91 92 25 57 108 3 62 20 6 43 9 53 52 32 54 102 64 64 10 0 8 25 22 83 12 65
run=2 seed=1 k=113 f=0
13 36 94 1 14 62 15 42 49 77 34 17 32 77 43 75 81 14 48 60 46 83 36 26 33 57 73 96 34 96 99 103 108 85 96 9 6 0 101 81 20 19 95 44 88 48 112 15 91 72 107 3 40 30 76 109 85 71 0 111 112 1 102 106 66 35 63 102 68 40 63 55 100 101 48 38 54 84 77 50 57 112 25 30 91 92 25 57 108 3 62 20 6 43 9 53 52 32 54 102 64 64 10 0 8 25 22 83 12 65
run=3 seed=2 k=113 f=0
27 35 79 59 14 54 62 63 38 105 16 10 76 100 52 56 7 93 70 6 23 102 32 40 99 39 87 92 54 50 33 90 61 82 31 68 82 0 75 100 64 50 102 41 9 70 51 85 60 85 25 75 99 109 68 107 60 37 65 110 0 29 74 28 33 97 96 63 74 110 13 47 21 17 75 0 32 31 30 84 81 40 46 43 96 109 51 8 25 57 1 112 22 75 19 55 77 107 49 15 97 93 109 30 104 11 17 24 1 16
run=4 seed=3 k=113 f=0
8 83 30 87 86 103 61 24 30 76 53 94 32 105 107 77 72 107 57 82 0 61 4 68 90 21 27 64 41 109 49 49 41 98 104 14 35 52 90 57 36 112 77 39 5 13 109 4 7 53 78 112 102 12 68 16 95 87 98 23 28 53 65 2 112 72 83 34 20 48 91 108 112 48 35 62 88 19 37 60 68 29 23 42 73 0 64 99 94 87 75 8 12 100 63 31 93 79 46 60 44 71 59 42 64 21 74 40 4 13
run=5 seed=4 k=113 f=0
14 93 54 102 96 59 36 45 1 51 20 87 25 19 105 1 25 2 51 44 112 73 46 73 18 44 29 74 81 15 103 16 60 32 0 29 45 70 98 81 0 88 106 38 10 19 79 48 99 17 111 45 8 79 11 22 24 32 35 36 51 68 73 97 112 108 25 96 57 41 64 58 37 93 88 10 90 54 77 0 41 67 81 56 104 40 79 64 73 112 9 6 87 106 46 82 69 109 16 101 112 5 56 71 68 0 6 37 86 34
run=6 seed=5 k=113 f=0
10 51 36 112 29 75 101 13 40 88 17 37 91 103 29 72 33 72 104 29 111 33 40 36 7 95 12 111 27 87 84 1 105 63 69 19 25 35 92 97 75 88 99 94 39 68 6 110 9 112 95 61 43 9 108 86 49 58 103 109 1 82 56 88 24 50 47 49 42 45 27 45 102 0 15 20 60 24 77 4 96 60 19 46 68 43 58 64 89 51 80 84 12 31 58 6 20 90 77 27 77 62 5 81 54 73 17 1 57 65
run=7 seed=6 k=113 f=0
104 104 105 18 21 101 5 28 1 41 42 32 100 96 0 43 108 88 106 9 112 19 53 107 55 13 87 71 14 62 63 33 27 59 39 49 111 109 66 45 30 51 1 7 92 53 63 88 5 95 54 43 39 98 21 35 11 93 84 73 61 83 67 44 49 44 108 0 1 41 69 63 84 36 53 90 57 8 25 54 68 77 13 80 60 66 26 72 79 32 84 95 40 8 26 14 45 18 30 78 56 99 0 75 106 19 51 111 99 80
run=8 seed=7 k=113 f=0
71 103 41 106 1 15 111 79 93 29 57 23 34 58 97 90 0 64 43 77 51 0 30 0 68 49 44 57 30 31 105 30 14 53 61 9 101 3 63 6 96 8 44 87 58 62 5 59 108 40 80 84 86 73 28 107 36 51 43 98 70 35 4 77 100 42 72 21 65 68 20 89 31 83 94 87 23 89 25 64 81 108 76 85 94 23 58 10 42 112 108 36 86 13 112 11 23 77 33 49 99 47 71 15 109 42 94 83 18 9
run=9 seed=8 k=113 f=0
104 92 58 12 90 24 33 49 67 17 70 5 99 35 89 85 9 85 26 2 49 105 47 33 9 44 86 3 109 73 91 74 17 76 7 41 93 111 92 29 101 109 98 15 35 52 84 57 25 112 51 61 96 98 61 36 67 81 28 21 33 58 31 28 13 7 75 106 59 108 68 112 16 0 53 53 74 24 95 55 12 40 97 6 17 111 79 43 5 72 64 38 9 87 71 23 17 62 16 46 79 76 64 87 83 37 20 109 0 0
run=10 seed=9 k=113 f=0
89 56 63 26 90 57 29 22 111 1 68 3 58 86 79 44 29 17 19 28 37 8 112 49 66 80 93 66 24 81 4 0 96 64 58 73 43 9 32 106 43 100 112 74 75 52 5 103 111 49 16 11 68 68 45 85 81 24 60 91 22 101 10 91 106 68 75 111 77 108 104 61 87 85 38 7 40 36 44 104 109 51 17 0 88 70 11 3 103 55 12 15 2 14 25 81 74 35 1 30 30 80 62 96 5 33 43 95 69 105
run=11 seed=10 k=113 f=0
70 29 24 89 76 79 71 35 12 102 81 46 24 64 41 80 0 65 45 27 16 7 60 11 14 82 33 93 26 0 49 96 112 13 33 86 12 104 93 61 95 86 45 110 35 53 52 3 92 100 20 108 9 22 89 50 2 31 38 68 74 2 43 31 23 68 45 57 107 106 109 78 61 102 22 12 16 75 60 93 54 66 95 57 49 85 52 58 97 41 5 3 72 41 107 69 5 25 3 57 110 112 112 38 101 19 32 109 67 71
run=12 seed=11 k=113 f=0
98 80 91 8 34 103 28 36 18 51 47 17 94 25 76 30 1 95 48 24 17 0 59 0 12 67 111 66 3 102 46 93 23 71 102 43 72 9 2 1 60 53 112 62 87 81 67 94 51 34 18 92 76 23 50 26 79 105 33 102 90 22 63 41 89 44 77 72 85 51 61 28 101 45 14 62 54 38 105 61 109 70 70 29 8 53 24 87 42 108 32 55 11 111 1 100 35 8 59 79 4 59 99 112 67 41 106 77 69 84
run=13 seed=12 k=113 f=0
107 66 44 34 55 41 78 93 110 19 80 9 103 102 25 38 75 67 86 1 56 16 98 72 2 3 55 3 2 46 25 108 57 77 24 0 94 0 51 49 39 91 103 84 95 31 37 77 100 22 91 35 57 44 26 32 79 18 22 81 35 52 52 13 8 68 52 64 72 24 93 59 109 112 49 7 5 14 101 94 29 64 17 59 48 7 83 1 96 97 82 34 43 43 104 112 82 70 43 112 12 26 10 43 65 76 11 101 104 112
run=14 seed=13 k=113 f=0
26 49 25 42 55 2 22 28 59 8 21 68 85 110 60 112 36 102 26 57 88 31 26 4 72 56 53 111 100 89 21 5 16 39 41 61 35 13 86 100 13 50 71 33 62 92 62 79 107 86 30 78 45 82 82 20 105 7 13 101 77 22 98 112 61 104 48 34 39 19 23 53 98 48 3 19 67 66 111 98 96 66 11 93 77 107 15 77 0 66 72 1 43 43 83 106 61 0 66 93 73 12 93 29 97 1 91 46 109 80
run=15 seed=14 k=113 f=0
26 22 51 78 24 85 23 77 95 68 35 79 78 65 1 68 2 111 43 8 61 4 20 90 93 53 14 112 100 99 19 29 106 41 95 39 5 6 51 95 58 0 98 31 85 62 99 59 71 85 39 11 13 76 58 104 9 85 46 102 106 57 6 23 90 24 59 23 107 110 76 15 94 20 34 37 1 69 96 9 52 89 76 68 79 38 63 46 78 103 54 0 30 41 12 28 30 48 95 17 60 111 77 27 17 48 69 34 4 44
run=16 seed=15 k=113 f=0
61 94 75 100 43 45 75 65 33 12 22 9 81 54 50 112 35 92 34 112 53 31 61 13 29 5 38 43 85 84 16 19 19 58 27 1 76 3 49 107 92 71 27 66 81 34 39 60 84 66 69 10 100 94 14 94 2 98 37 71 18 45 105 82 103 11 65 58 6 47 42 91 57 66 50 85 19 24 96 104 64 105 76 110 80 90 75 59 22 106 2 87 73 37 2 72 0 47 90 109 52 23 45 112 13 27 90 23 76 26
run=17 seed=16 k=113 f=0
7 4 30 44 21 110 16 56 44 20 34 104 106 10 55 71 54 11 43 48 23 62 7 71 1 109 89 66 69 9 1 88 39 99 95 16 112 4 28 24 79 29 22 49 29 97 57 0 9 73 18 99 23 0 79 33 13 47 7 99 46 49 74 88 87 85 27 13 104 25 30 90 83 32 39 60 10 112 67 79 53 78 57 68 95 16 96 101 63 65 87 112 94 40 59 42 49 0 46 40 111 67 34 61 15 77 45 26 57 101
run=18 seed=17 k=113 f=0
36 105 47 60 111 64 73 82 29 96 10 42 47 15 83 10 96 89 73 104 21 64 24 68 90 81 108 58 52 81 74 92 74 23 51 84 87 8 45 109 47 35 75 95 47 29 105 109 61 52 30 33 35 101 102 36 60 65 75 59 25 29 101 59 96 51 11 109 43 3 15 50 71 56 43 15 18 92 28 32 1 82 90 32 58 6 112 12 89 20 22 67 97 2 19 0 101 18 2 2 21 100 65 5 88 16 64 6 23 0
run=19 seed=18 k=113 f=0
16 34 96 63 69 52 86 61 7 53 83 102 52 66 1 15 15 25 105 50 109 87 32 5 62 46 55 103 107 39 93 26 62 69 81 8 112 107 19 96 0 43 79 42 50 45 106 112 39 90 77 0 109 34 34 88 91 87 62 3 63 81 16 6 29 102 14 34 97 88 52 74 0 69 101 0 71 100 32 110 76 55 25 95 10 35 72 19 31 60 11 3 20 44 96 42 26 56 47 10 20 28 8 22 72 81 80 36 29 84
run=20 seed=19 k=113 f=0
61 23 78 92 68 77 64 9 107 76 96 95 27 13 90 43 26 82 100 68 103 81 54 100 30 58 9 15 69 23 0 92 76 29 37 32 7 101 82 107 108 0 91 20 75 21 47 2 66 75 63 84 103 109 71 64 46 34 59 2 88 111 20 13 51 45 37 51 28 71 45 86 112 0 37 86 33 84 77 14 53 19 98 0 7 66 6 53 75 95 48 17 110 102 18 109 76 40 99 9 9 56 87 15 37 40 5 37 38 50
