run=1 seed=0 k=101 f=0
47 32 54 40 52 56 49 30 98 30 9 86 65 20 6 48 0 7 89 34 87 57 20 51 38 53 31 13 69 10 11 18 42 50 97 3 26 100 42 71 46 0 75 13 61 93 87 87 60 68 98 58 100 8 62 37 38 56 44 69 46 95 43 86 81 5 30 82 77 1 94 8 77 0 35 83 27 19 53 35 28 65 76 16 99 86 23 76 11 43 100 68 75 0 22 1 81 38 94 47 76 52 91 14 24 82 4 16 88 28
run=2 seed=1 k=101 f=0
47 32 54 40 52 56 49 30 98 30 9 86 65 20 6 48 0 7 89 34 87 57 20 51 38 53 31 13 69 10 11 18 42 50 97 3 26 100 42 71 46 0 75 13 61 93 87 87 60 68 98 58 100 8 62 37 38 56 44 69 46 95 43 86 81 5 30 82 77 1 94 8 77 0 35 83 27 19 53 35 28 65 76 16 99 86 23 76 11 43 100 68 75 0 22 1 81 38 94 47 76 52 91 14 24 82 4 16 88 28
run=3 seed=2 k=101 f=0
81 39 0 54 89 51 58 100 74 40 26 17 30 99 54 33 25 40 66 1 99 69 68 7 27 64 37 91 33 80 70 21 43 69 100 80 34 2 8 61 0 93 78 58 95 11 16 96 56 33 46 47 75 81 95 13 38 100 14 75 9 85 87 86 44 32 4 15 76 71 49 69 97 22 16 56 24 95 84 17 45 7 64 22 63 85 0 62 81 53 1 90 78 7 54 56 19 89 17 72 0 50 88 44 37 16 66 6 88 6
run=4 seed=3 k=101 f=0
61 91 96 27 77 50 32 23 76 96 39 24 70 61 52 70 3 24 54 93 81 1 10 0 28 100 10 1 71 46 38 31 20 71 24 9 46 32 97 78 92 59 42 61 18 6 11 25 71 31 83 90 85 3 10 1 86 88 11 59 63 50 45 90 87 85 22 86 20 18 49 15 40 28 77 36 70 34 52 58 44 99 95 57 73 41 18 75 57 68 98 4 83 73 6 16 21 95 49 18 12 34 49 55 30 37 83 62 63 13
run=5 seed=4 k=101 f=0
78 32 7 22 28 16 85 57 1 26 53 82 74 74 21 52 58 65 62 18 59 100 83 82 0 79 90 67 2 39 47 38 89 82 78 43 56 100 29 13 54 45 45 23 22 95 42 31 27 4 15 42 100 98 0 76 16 32 94 75 71 66 87 30 92 65 13 12 27 98 22 47 90 1 39 56 92 68 0 27 85 8 48 9 68 48 50 8 66 14 62 37 41 34 92 74 64 64 29 57 1 7 32 17 85 99 97 39 59 93
run=6 seed=5 k=101 f=0
98 58 84 48 27 9 56 38 21 22 48 83 47 2 26 81 49 56 100 95 41 89 71 30 8 21 71 78 12 15 99 0 92 28 35 24 18 16 72 35 81 56 46 93 56 75 47 43 30 93 37 73 62 8 2 83 91 0 77 68 72 32 34 67 55 58 42 96 15 89 35 60 0 9 82 22 75 57 31 4 49 69 98 100 63 83 10 100 85 39 68 10 61 42 87 85 54 100 18 34 76 50 89 42 2 53 31 90 23 75
run=7 seed=6 k=101 f=0
84 80 41 7 98 93 34 28 53 13 33 52 7 44 29 56 15 82 39 76 63 15 13 40 78 49 18 39 26 99 61 7 98 11 3 94 34 45 86 58 79 69 72 51 19 15 3 37 75 58 34 9 40 81 62 16 13 45 85 100 32 44 4 27 4 84 53 4 100 27 1 0 23 70 100 43 8 49 0 23 27 92 26 37 54 88 67 58 0 6 78 95 51 27 89 20 1 7 91 68 62 64 71 85 46 20 94 72 90 90
run=8 seed=7 k=101 f=0
17 9 99 81 87 61 59 46 91 100 7 88 12 29 46 46 11 72 9 100 70 84 20 3 33 80 58 69 54 43 3 25 83 18 66 30 9 100 66 31 21 78 84 41 98 77 73 83 70 54 72 6 35 1 7 13 18 0 15 1 99 78 23 92 25 72 25 13 61 100 65 48 45 99 26 44 3 89 88 76 36 94 48 33 48 55 0 34 47 60 64 75 37 58 66 57 97 61 68 32 55 39 88 18 38 92 90 36 16 42
run=9 seed=8 k=101 f=0
22 55 65 85 26 48 63 29 87 88 96 31 81 89 97 21 76 30 0 16 89 11 41 100 28 58 65 46 26 76 5 32 1 9 54 74 77 38 90 63 34 75 63 89 38 88 56 63 22 92 12 44 67 93 72 96 14 37 52 6 83 81 55 51 2 76 11 55 3 0 100 100 47 27 0 37 19 57 27 8 61 45 35 21 66 72 37 46 94 43 51 78 20 71 95 45 54 3 80 6 82 41 100 12 36 8 35 24 28 17
run=10 seed=9 k=101 f=0
24 96 78 0 36 1 96 94 47 45 25 64 47 62 38 86 35 83 76 79 72 3 82 14 80 67 54 13 88 32 43 55 92 72 2 38 100 63 31 81 6 9 14 90 49 17 39 98 11 76 76 38 1 98 39 79 83 31 17 59 19 11 5 24 53 28 13 20 91 22 50 73 28 60 93 48 13 100 34 65 42 28 61 5 100 74 58 42 68 8 7 44 20 0 29 87 97 44 54 52 65 91 18 85 61 52 1 68 84 52
run=11 seed=10 k=101 f=0
6 8 70 35 60 66 12 99 95 28 87 100 55 89 31 56 28 82 43 15 93 33 9 27 86 44 66 97 61 97 77 65 65 73 50 41 82 5 25 24 55 72 92 58 95 11 28 1 35 68 9 47 94 14 35 42 97 91 42 21 77 73 71 100 80 31 36 34 26 2 0 61 86 75 11 84 15 49 100 19 79 3 50 19 54 42 58 86 80 52 0 64 81 43 50 48 40 51 20 78 31 1 16 20 1 71 2 83 78 3
run=12 seed=11 k=101 f=0
71 48 70 59 37 43 93 81 53 34 17 83 94 46 55 94 66 49 47 54 63 78 10 83 3 80 25 88 18 15 97 33 21 64 61 28 6 19 7 29 53 8 87 82 58 49 46 87 100 92 6 66 44 100 75 96 84 78 25 69 20 38 78 2 50 14 55 28 0 95 9 56 73 63 33 43 34 74 97 32 15 70 71 100 87 0 55 44 33 24 12 41 68 47 87 30 71 36 14 57 24 14 87 0 73 99 11 5 68 12
run=13 seed=12 k=101 f=0
93 46 50 85 38 56 52 50 91 75 75 54 19 86 40 17 48 86 2 57 7 97 79 72 38 58 22 63 26 63 14 89 57 14 92 61 46 63 22 33 4 25 33 9 26 10 0 82 91 1 78 0 100 82 44 3 13 68 33 66 11 9 16 77 39 99 72 48 66 47 69 3 29 82 21 100 26 92 42 28 74 51 36 99 15 100 39 36 99 94 0 0 8 100 80 82 53 18 35 72 67 85 68 74 90 24 21 70 15 34
run=14 seed=13 k=101 f=0
95 29 91 70 28 47 61 55 32 42 39 39 4 34 88 46 24 53 0 88 3 92 97 24 12 42 1 34 78 38 69 71 68 36 9 100 20 73 14 61 19 19 85 32 99 100 53 69 49 80 58 95 33 84 64 8 96 29 11 34 67 25 79 17 0 90 29 52 55 51 9 72 58 43 1 45 60 93 100 32 62 35 39 94 78 54 89 83 47 97 78 47 47 2 80 25 46 5 12 80 54 86 86 14 62 11 15 21 9 8
run=15 seed=14 k=101 f=0
32 69 48 40 53 85 70 19 43 66 91 0 2 76 66 18 85 37 26 40 47 88 14 76 82 100 26 97 99 96 13 97 51 80 45 59 62 61 99 83 45 68 45 3 64 73 34 58 92 77 88 15 65 1 91 50 79 19 76 37 32 73 100 70 35 9 28 12 23 5 10 53 41 100 18 59 72 14 5 29 9 35 34 26 14 38 50 55 55 29 92 52 80 91 2 0 35 13 7 25 87 98 59 24 64 44 82 1 62 3
run=16 seed=15 k=101 f=0
26 94 64 27 86 34 3 81 88 95 30 7 85 31 76 82 10 38 32 85 37 26 68 51 23 0 38 17 74 74 92 18 95 17 23 51 80 46 93 68 84 78 87 80 3 21 72 13 59 81 64 50 100 42 58 23 51 55 46 99 43 70 46 95 39 62 18 52 70 13 64 46 72 12 29 12 99 100 99 59 63 92 75 4 0 41 20 0 86 52 32 53 22 61 41 74 46 36 72 5 73 16 23 89 8 8 26 2 89 69
run=17 seed=16 k=101 f=0
67 74 29 86 52 38 98 93 47 82 16 80 52 22 83 89 36 76 78 75 53 63 16 38 27 0 0 44 91 16 7 99 99 100 86 40 38 8 71 19 57 47 18 46 44 62 61 75 69 48 46 52 98 36 66 0 0 2 84 58 7 2 82 92 81 57 32 18 31 30 83 52 20 11 27 60 14 94 94 5 70 22 93 33 7 72 58 66 74 14 31 25 61 74 67 42 72 30 82 82 13 94 84 88 61 90 1 24 7 63
run=18 seed=17 k=101 f=0
30 33 88 13 33 49 96 5 15 4 16 48 16 78 70 17 73 20 92 49 90 7 20 67 82 82 84 11 8 100 47 39 2 100 19 78 40 79 39 22 55 82 89 13 52 95 9 76 3 65 24 51 37 10 34 95 47 80 74 43 25 0 43 0 72 37 75 34 57 4 53 73 16 9 9 99 4 76 34 58 67 25 28 45 1 88 97 33 32 59 46 64 34 64 24 28 1 57 62 68 75 100 15 89 95 57 17 65 60 29
run=19 seed=18 k=101 f=0
99 19 69 7 26 33 54 16 51 48 71 35 81 83 0 86 32 52 79 95 61 74 6 99 61 44 21 86 65 90 8 100 47 59 47 48 72 99 7 14 0 32 68 40 53 41 57 81 54 13 39 16 23 17 83 73 72 60 82 15 92 40 99 0 78 0 74 6 52 67 38 1 4 6 74 58 10 52 10 63 1 41 62 29 25 27 64 76 29 89 93 88 56 92 73 45 48 85 89 24 94 26 96 100 36 66 48 21 29 59
run=20 seed=19 k=101 f=0
45 100 22 50 78 78 10 0 15 60 4 59 99 4 26 0 46 30 21 88 28 68 68 23 66 56 39 93 48 6 62 94 73 93 43 51 16 53 10 7 13 72 43 38 44 87 81 25 81 0 85 25 35 86 5 99 11 33 39 89 9 8 52 84 72 62 72 77 80 60 75 99 26 49 16 32 1 93 57 82 61 50 90 22 13 63 65 69 90 97 0 33 16 28 53 63 30 72 82 13 99 40 21 94 97 81 60 38 77 74
