run=1 seed=0 k=102 f=0
2 100 9 85 83 80 26 48 3 46 56 58 43 19 100 22 97 31 99 46 34 68 87 37 10 55 28 70 31 75 89 59 76 41 23 89 34 10 101 83 3 1 85 23 2 91 31 98 0 11 101 75 84 38 69 57 68 50 10 77 39 53 49 2 64 35 39 39 95 65 77 99 48 65 20 54 44 14 23 61 49 76 66 94 86 6 65 54 56 44 24 29 32 88 61 17 39 72 48 91 9 16 62 26 71 11 83 14 21 75
run=2 seed=1 k=102 f=0
2 100 9 85 83 80 26 48 3 46 56 58 43 19 100 22 97 31 99 46 34 68 87 37 10 55 28 70 31 75 89 59 76 41 23 89 34 10 101 83 3 1 85 23 2 91 31 98 0 11 101 75 84 38 69 57 68 50 10 77 39 53 49 2 64 35 39 39 95 65 77 99 48 65 20 54 44 14 23 61 49 76 66 94 86 6 65 54 56 44 24 29 32 88 61 17 39 72 48 91 9 16 62 26 71 11 83 14 21 75
run=3 seed=2 k=102 f=0
100 74 32 39 27 77 90 57 17 9 51 19 33 42 80 99 2 51 18 4 43 32 65 5 66 16 80 26 66 29 57 80 71 4 65 0 64 101 14 39 10 36 72 44 88 47 63 69 93 68 49 79 31 0 29 35 74 1 20 5 101 38 57 61 94 96 4 56 69 100 22 73 9 86 87 96 2 66 89 48 59 11 25 38 101 20 45 56 23 98 95 64 8 46 23 84 91 80 13 88 52 28 24 53 77 58 54 86 16 75
run=4 seed=3 k=102 f=0
20 58 48 96 23 71 28 22 57 52 16 0 70 31 101 15 18 30 80 61 22 67 81 6 69 38 82 65 22 22 54 40 0 44 8 35 75 98 52 48 1 47 14 79 96 39 69 17 81 47 41 45 9 101 88 39 34 91 30 84 25 47 97 56 32 3 55 38 77 74 3 98 90 29 75 69 26 35 93 87 89 56 50 64 0 56 101 63 85 95 15 72 44 10 26 81 100 54 36 63 63 63 88 69 41 34 6 87 51 64
run=5 seed=4 k=102 f=0
31 50 58 100 90 37 63 49 74 101 44 36 52 90 25 16 101 94 33 23 66 30 60 18 54 70 66 81 32 91 81 58 40 10 42 22 46 87 81 18 24 94 59 5 44 87 34 16 55 86 42 23 29 73 19 99 82 59 0 76 63 97 27 79 3 54 3 23 9 54 39 66 0 72 47 18 80 82 34 62 101 48 64 28 85 100 15 35 43 35 3 98 92 0 84 71 57 95 93 71 2 7 12 77 57 10 96 44 11 3
run=6 seed=5 k=102 f=0
21 18 40 90 68 33 33 3 77 42 10 5 63 24 75 26 30 19 100 31 49 94 57 69 87 63 101 1 38 21 7 57 40 58 45 32 47 79 16 84 0 15 27 73 41 57 57 49 23 54 56 81 14 34 89 99 91 94 101 53 77 0 40 47 94 60 12 15 39 42 8 36 88 28 0 1 16 50 22 82 8 77 86 36 88 6 101 34 0 95 16 44 90 65 75 70 46 68 59 2 21 98 74 41 62 10 90 20 6 85
run=7 seed=6 k=102 f=0
51 101 50 81 74 81 40 95 34 79 61 6 63 55 32 80 1 78 62 88 9 47 40 72 96 47 43 20 29 60 65 55 14 27 0 86 100 0 72 71 5 67 9 42 88 38 57 89 80 93 19 100 14 13 101 15 85 84 1 0 54 26 1 59 35 60 68 70 75 27 41 91 71 23 33 43 97 51 26 39 22 35 22 18 97 92 23 101 9 87 0 50 48 39 52 82 36 30 79 73 100 18 76 62 14 8 85 49 92 99
run=8 seed=7 k=102 f=0
45 21 53 83 11 41 74 7 78 19 17 1 0 35 37 70 17 78 62 53 10 33 61 56 91 38 91 76 25 25 45 84 50 98 21 78 24 0 85 58 13 76 58 32 20 73 13 55 62 71 1 59 29 91 13 19 0 101 41 28 54 100 37 24 64 88 1 43 96 99 5 36 45 7 87 58 101 34 2 75 47 27 6 49 68 19 101 46 97 65 65 76 83 52 76 36 78 84 9 71 100 10 54 93 26 92 43 69 66 6
run=9 seed=8 k=102 f=0
15 101 88 59 81 41 99 60 21 69 65 27 10 77 101 29 83 38 48 49 13 0 46 74 76 24 38 5 25 7 45 72 36 80 23 20 57 20 13 74 101 56 47 61 89 42 73 49 66 5 67 54 33 9 1 8 0 0 87 42 43 10 57 100 34 29 13 22 36 26 60 82 52 19 15 42 16 93 100 50 63 94 72 90 78 67 75 83 86 69 27 26 58 33 101 72 2 12 30 96 37 96 57 90 4 51 32 83 16 95
run=10 seed=9 k=102 f=0
88 57 1 1 46 15 92 92 56 62 100 63 0 76 94 3 101 12 36 1 41 97 79 72 69 45 24 33 7 43 66 21 41 21 97 78 98 43 54 26 33 50 0 89 93 69 84 3 38 70 93 82 83 58 97 82 27 78 63 84 19 48 78 77 72 66 64 101 32 11 29 1 4 18 60 69 48 54 16 85 74 83 39 86 90 9 93 100 52 35 60 10 21 10 28 36 57 12 40 30 8 32 0 52 79 49 38 25 80 22
run=11 seed=10 k=102 f=0
7 64 38 41 23 80 89 25 30 101 35 101 84 91 44 94 62 5 101 8 42 32 91 5 29 25 16 66 58 31 50 58 59 58 8 88 76 67 97 91 66 16 43 23 9 1 46 97 8 16 83 48 93 37 30 49 46 51 98 80 0 20 89 99 74 60 75 0 25 51 76 37 52 22 84 64 72 92 49 68 2 73 42 91 84 35 38 75 1 72 99 1 25 61 70 13 0 30 16 12 87 46 101 69 63 18 95 3 23 33
run=12 seed=11 k=102 f=0
73 38 52 5 21 53 51 59 3 19 2 58 46 31 91 55 61 73 31 86 12 64 31 24 35 89 66 101 90 85 13 46 8 5 52 0 43 15 28 52 101 59 65 0 1 20 96 78 7 80 55 7 34 92 84 33 40 0 100 24 51 70 71 29 49 97 62 48 25 75 101 84 25 30 42 15 89 95 52 55 80 5 13 93 71 81 16 40 22 97 64 41 19 6 94 78 78 98 42 44 73 13 1 71 18 36 77 41 15 22
run=13 seed=12 k=102 f=0
80 21 53 19 49 101 41 63 31 14 41 13 1 56 55 92 9 61 83 70 47 7 66 80 26 18 9 38 93 95 73 75 93 24 67 65 101 49 74 23 26 0 14 36 68 47 101 92 58 27 49 8 0 38 79 5 18 32 33 60 94 1 55 89 88 82 24 76 62 72 73 91 84 86 101 96 64 43 54 29 101 26 45 34 81 68 48 57 50 42 15 96 46 44 37 1 84 76 77 73 5 52 64 38 18 6 87 70 2 33
run=14 seed=13 k=102 f=0
63 18 51 83 19 47 1 71 21 85 1 88 49 29 6 85 1 34 74 31 71 5 19 32 101 24 63 101 17 7 9 45 27 96 5 31 76 0 23 18 88 59 10 81 59 98 25 96 70 100 39 89 14 37 19 29 97 56 101 36 62 0 52 67 89 12 77 14 90 93 54 48 80 42 89 78 57 75 40 0 12 25 74 41 51 68 46 21 98 59 85 61 60 93 69 81 97 6 56 38 65 24 52 37 15 35 61 84 49 76
run=15 seed=14 k=102 f=0
81 92 73 12 79 20 83 69 39 91 18 76 42 28 26 23 1 77 53 65 6 80 69 30 10 16 46 16 14 99 60 40 94 13 45 65 62 45 89 101 21 13 4 37 84 86 63 72 39 57 36 22 70 2 93 80 94 11 31 33 9 70 16 64 60 0 34 45 98 2 23 22 48 0 32 22 12 69 46 7 61 71 62 101 86 57 83 82 69 42 76 52 85 54 97 37 92 29 61 51 34 3 79 97 0 36 100 27 57 51
run=16 seed=15 k=102 f=0
19 12 56 35 86 99 64 30 79 99 42 44 62 51 88 93 10 45 47 13 85 74 3 21 41 1 56 9 2 6 41 37 101 90 64 54 0 37 83 35 101 78 5 21 68 95 93 28 60 20 15 37 84 18 14 57 96 54 66 4 37 16 42 27 70 88 80 30 27 72 68 65 92 78 76 54 70 44 92 0 59 5 14 60 101 28 101 90 19 64 14 22 50 88 53 49 69 72 8 1 31 80 24 29 0 71 28 66 83 95
run=17 seed=16 k=102 f=0
6 37 91 34 15 12 19 74 53 60 81 61 99 40 78 63 78 0 81 48 88 78 69 52 51 64 26 94 79 43 14 28 31 51 62 69 46 81 97 55 58 74 90 101 39 69 25 93 20 7 72 67 41 96 42 63 37 87 101 100 53 3 26 71 18 1 37 25 0 63 15 80 85 38 26 23 35 93 35 70 8 53 72 32 67 62 95 7 6 35 15 60 46 15 76 5 2 0 49 48 1 91 88 32 26 21 45 41 81 48
run=18 seed=17 k=102 f=0
37 12 21 47 31 11 11 93 77 23 31 57 24 6 97 18 71 3 48 21 98 26 89 36 53 53 10 68 91 100 64 1 44 16 22 50 27 47 25 18 57 59 59 54 101 91 74 40 44 92 30 31 83 93 88 64 39 62 89 44 64 32 1 26 83 99 57 0 45 73 77 76 31 52 38 101 28 85 76 67 81 10 86 101 67 78 19 19 0 98 3 40 15 10 68 8 78 99 48 79 71 86 23 1 53 82 43 55 64 13
run=19 seed=18 k=102 f=0
24 81 33 3 40 16 45 68 94 68 64 20 8 18 18 89 24 69 13 85 101 26 47 100 95 61 23 3 30 70 94 35 95 57 22 72 11 77 6 81 9 69 21 9 21 37 80 26 45 6 86 12 77 5 48 101 93 59 1 31 98 43 82 91 93 39 73 77 19 14 40 100 54 28 15 80 70 80 54 33 50 60 3 0 45 51 32 43 94 83 74 14 85 54 5 30 65 66 2 54 30 0 0 87 73 44 61 50 62 39
run=20 seed=19 k=102 f=0
74 101 65 35 61 33 77 0 19 3 67 86 80 60 57 3 56 97 87 92 22 37 47 54 70 18 98 38 15 44 28 52 12 11 33 77 61 68 101 31 81 41 24 2 20 101 73 10 94 0 1 101 9 10 52 78 0 45 14 28 63 46 93 82 18 99 9 37 83 8 31 52 49 5 73 25 88 17 5 0 97 72 63 90 58 91 40 63 88 46 69 76 27 98 59 46 70 70 59 42 47 17 37 25 35 85 39 50 76 87
