run=1 seed=0 k=107 f=0
59 64 46 4 37 28 47 38 102 13 0 17 76 24 96 79 68 83 94 11 53 100 64 82 102 20 60 21 2 14 12 44 28 23 17 85 88 96 7 104 97 105 73 18 14 11 30 36 27 9 50 65 36 5 51 45 63 40 21 39 0 23 50 61 81 1 79 0 35 25 42 33 75 0 103 83 77 91 91 105 28 71 11 14 77 67 94 34 105 30 53 58 5 94 52 31 40 57 19 89 54 69 89 48 45 46 54 63 69 55
run=2 seed=1 k=107 f=0
59 64 46 4 37 28 47 38 102 13 0 17 76 24 96 79 68 83 94 11 53 100 64 82 102 20 60 21 2 14 12 44 28 23 17 85 88 96 7 104 97 105 73 18 14 11 30 36 27 9 50 65 36 5 51 45 63 40 21 39 0 23 50 61 81 1 79 0 35 25 42 33 75 0 103 83 77 91 91 105 28 71 11 14 77 67 94 34 105 30 53 58 5 94 52 31 40 57 19 89 54 69 89 48 45 46 54 63 69 55
run=3 seed=2 k=107 f=0
12 27 97 3 14 32 86 74 62 66 106 0 74 77 49 105 53 14 98 97 0 11 28 13 79 74 45 80 95 68 65 51 40 24 82 68 33 100 36 21 101 58 68 60 23 58 72 105 10 61 23 8 44 31 46 54 91 5 35 39 19 59 38 91 15 10 60 5 85 96 38 72 87 92 30 19 84 30 25 22 76 42 22 3 71 103 98 79 40 82 65 58 87 103 88 81 88 79 23 1 2 50 36 106 46 97 17 89 60 1
run=4 seed=3 k=107 f=0
102 1 72 90 105 82 10 26 74 72 79 98 69 43 3 72 39 97 18 0 43 91 45 7 36 66 47 64 81 16 19 58 12 76 11 21 7 52 90 76 33 65 16 106 64 52 4 32 46 83 103 35 92 1 43 99 39 22 97 13 74 82 4 0 4 66 53 2 106 39 9 29 32 86 25 76 10 78 50 94 29 85 23 62 24 106 55 59 20 49 43 34 29 45 92 102 2 15 106 59 47 68 73 106 11 36 28 49 67 10
run=5 seed=4 k=107 f=0
99 12 37 61 84 22 67 16 59 18 94 38 91 105 24 80 35 51 25 2 39 65 57 97 5 64 24 77 74 33 58 102 1 97 106 30 47 84 52 32 69 14 68 59 43 16 51 7 53 44 47 30 0 63 1 47 36 106 24 58 20 106 104 106 42 37 41 86 55 106 58 90 100 63 89 75 70 7 85 18 90 47 87 25 71 72 73 78 96 16 53 78 83 27 69 8 86 8 85 100 8 76 95 83 106 68 12 78 13 26
run=6 seed=5 k=107 f=0
53 31 21 30 104 19 56 38 45 33 45 58 48 46 93 3 18 100 71 26 39 54 21 20 103 51 50 103 99 88 82 78 63 2 1 21 98 65 59 70 2 100 24 7 88 10 84 85 86 9 38 15 76 56 83 106 25 0 0 65 94 37 33 42 77 74 67 25 61 58 70 17 0 106 60 34 27 68 84 99 47 17 58 15 9 84 106 78 25 32 34 90 4 77 10 104 64 27 84 51 94 48 25 36 67 41 3 94 10 91
run=7 seed=6 k=107 f=0
5 46 47 101 96 5 1 56 25 45 89 56 71 7 35 37 42 11 4 42 77 1 87 77 88 52 1 14 41 60 100 85 0 44 54 99 82 63 79 99 70 22 0 26 49 46 64 44 105 83 18 20 1 43 96 89 104 28 100 106 17 79 70 73 14 16 52 18 31 41 25 70 64 64 33 0 53 51 63 10 69 13 79 104 51 19 92 32 34 60 90 70 106 33 9 36 90 10 92 103 30 41 79 75 6 55 96 61 86 23
run=8 seed=7 k=107 f=0
2 106 15 80 3 88 97 2 47 88 8 55 106 8 61 68 58 0 51 104 22 11 0 68 46 71 46 11 39 22 27 90 96 44 31 62 66 102 37 27 74 97 80 49 37 49 104 96 14 23 88 74 5 106 33 56 42 81 0 82 97 0 32 10 16 72 22 98 48 105 52 41 78 8 90 13 41 33 73 1 77 59 7 67 84 40 41 59 55 106 16 58 74 32 62 93 17 87 36 23 22 20 99 31 27 54 64 15 13 81
run=9 seed=8 k=107 f=0
100 9 42 23 54 98 53 71 35 70 89 16 48 27 70 49 11 22 13 100 23 104 59 64 20 90 91 54 58 77 47 75 19 104 106 83 81 86 47 61 39 6 7 12 34 9 0 89 34 76 4 45 105 95 31 42 46 0 66 65 97 1 21 52 37 0 70 105 40 45 0 39 47 96 40 26 78 55 13 11 60 84 27 65 53 106 59 32 19 70 87 78 35 47 84 18 16 25 31 56 0 90 99 67 29 27 91 63 13 82
run=10 seed=9 k=107 f=0
91 9 71 41 91 61 67 12 17 106 20 70 95 10 72 99 89 42 69 91 51 23 45 89 6 55 59 57 49 13 97 76 15 1 55 87 23 73 41 102 0 103 31 9 45 37 21 82 106 77 106 105 26 21 22 52 9 82 69 81 47 65 89 102 97 37 81 15 2 79 95 51 0 8 12 47 45 23 11 33 32 61 3 65 37 63 35 69 18 4 47 80 1 39 25 56 33 15 45 106 82 32 81 62 29 29 41 74 52 67
run=11 seed=10 k=107 f=0
86 87 48 11 3 22 25 42 62 30 46 58 24 55 44 47 51 80 17 77 29 38 60 30 61 62 20 65 66 67 9 70 73 73 95 76 9 13 95 52 44 85 1 65 83 33 36 6 82 23 96 35 2 106 28 100 43 0 94 3 32 22 43 105 82 31 74 94 20 58 8 104 101 62 90 65 57 4 104 51 9 57 86 54 2 15 42 105 86 70 91 65 103 38 73 35 80 93 58 40 30 68 27 15 14 19 0 53 83 36
run=12 seed=11 k=107 f=0
82 75 103 0 20 50 83 0 85 35 86 69 7 86 90 91 65 11 40 69 30 64 105 80 77 43 11 44 1 45 24 82 32 57 86 7 0 105 30 18 103 106 84 68 100 97 53 34 81 52 66 64 90 70 38 98 96 106 39 20 36 44 12 76 74 24 72 56 3 19 23 50 15 41 1 61 89 27 22 101 51 12 3 95 99 73 102 55 94 32 64 8 49 8 30 44 77 60 23 80 2 87 58 28 60 26 19 60 91 97
run=13 seed=12 k=107 f=0
4 27 105 2 6 83 102 15 63 31 104 0 42 27 28 93 62 86 83 26 1 67 84 36 40 100 68 74 81 13 74 54 54 97 92 86 11 73 33 36 43 99 23 18 101 106 43 96 70 19 54 6 81 31 38 106 42 86 81 6 55 15 16 0 87 52 52 70 46 93 106 22 37 76 30 70 68 25 90 89 75 13 43 48 37 18 10 102 32 52 96 60 103 49 60 7 90 45 92 29 22 78 35 92 71 62 61 6 78 5
run=14 seed=13 k=107 f=0
13 5 55 93 8 20 72 56 61 35 102 77 90 26 63 48 53 26 69 80 16 35 49 103 106 74 51 54 78 20 66 60 0 98 55 69 22 76 0 70 88 25 89 84 39 36 64 5 0 11 1 49 31 95 36 104 104 106 8 25 20 95 15 2 24 43 40 2 90 71 59 85 96 7 106 37 92 59 71 13 83 1 31 50 54 43 85 80 16 93 29 42 82 45 15 66 99 62 63 70 19 52 38 43 33 98 30 84 33 17
run=15 seed=14 k=107 f=0
14 54 80 90 66 63 42 92 17 80 63 24 1 74 41 62 49 0 76 52 69 81 64 38 27 90 56 94 50 69 83 40 56 56 98 106 51 12 70 84 7 105 46 104 100 74 54 26 32 78 98 97 58 6 27 85 27 65 87 36 40 87 89 71 19 36 84 46 0 18 21 42 67 19 99 72 50 47 30 14 93 19 5 35 13 101 11 80 67 17 31 102 73 72 18 5 24 95 6 93 52 8 39 2 77 105 4 78 106 106
run=16 seed=15 k=107 f=0
98 13 53 67 101 0 106 94 50 59 98 90 70 100 104 56 105 22 0 52 86 47 10 6 8 96 104 85 3 38 41 105 79 42 88 99 54 13 4 3 93 79 68 63 38 23 1 39 82 37 25 55 17 43 101 24 15 39 38 18 72 30 17 87 57 88 47 49 61 16 0 75 27 13 8 32 104 85 24 50 70 94 10 77 9 30 58 75 86 31 91 106 62 67 92 30 63 65 32 78 26 106 52 45 70 47 73 70 55 76
run=17 seed=16 k=107 f=0
25 83 88 0 79 15 87 74 99 47 87 30 75 54 86 43 27 36 61 61 4 35 13 92 2 9 104 40 70 10 84 27 105 81 3 12 80 63 34 67 43 68 54 49 99 47 29 69 104 89 63 10 56 87 105 27 97 35 79 51 48 89 21 2 0 2 38 72 19 20 73 97 20 59 98 32 37 83 45 27 106 53 83 43 100 1 65 52 48 77 16 25 56 17 32 94 96 0 98 96 17 61 34 40 12 7 2 50 74 17
run=18 seed=17 k=107 f=0
67 60 96 2 97 17 26 52 26 28 93 20 79 93 56 74 26 91 47 102 36 98 10 10 89 2 60 90 82 34 69 13 31 24 17 28 7 10 32 49 15 58 62 32 29 72 87 2 34 66 24 58 98 105 100 40 78 39 50 51 9 65 68 44 106 90 106 99 67 45 17 57 106 101 75 90 103 68 82 96 22 0 77 81 6 0 53 84 90 13 22 41 105 36 1 72 105 80 49 54 66 43 49 89 14 16 63 98 101 39
run=19 seed=18 k=107 f=0
76 52 86 41 34 106 80 51 8 36 29 13 80 38 50 45 23 41 52 43 63 33 32 74 59 88 14 0 89 61 65 83 12 81 5 20 5 18 68 41 54 57 27 67 67 21 73 96 37 97 26 18 78 104 0 75 76 62 71 2 106 104 18 50 5 24 28 78 7 96 10 28 1 89 59 48 59 33 106 24 25 94 84 92 17 106 68 0 101 32 97 58 71 92 18 101 100 56 66 11 16 71 3 47 87 85 2 39 105 12
run=20 seed=19 k=107 f=0
87 20 6 83 19 48 72 20 29 0 93 39 65 57 79 41 92 27 76 84 72 55 91 32 91 17 52 54 101 5 84 96 1 2 51 1 10 93 55 46 65 23 41 33 12 57 13 2 25 46 91 38 7 86 70 102 63 29 44 100 85 50 60 54 31 14 3 81 15 40 98 19 60 94 78 8 22 105 65 87 105 33 66 106 4 21 33 15 25 63 39 77 102 31 65 10 45 68 91 85 1 76 36 104 102 106 44 75 99 0
