run=1 seed=0 k=83 f=0
0 61 35 67 52 4 4 75 69 38 45 67 4 1 53 34 64 80 43 19 51 77 37 35 11 29 9 45 82 0 57 68 30 51 65 26 57 32 39 75 25 38 69 12 25 48 59 55 0 73 49 12 20 80 60 19 27 39 10 48 45 2 48 40 8 82 21 73 1 18 14 32 36 15 6 47 46 58 73 47 16 58 27 0 31 82 54 76 50 48 65 82 72 81 56 24 71 9 80 75 7 17 37 82 56 10 43 34 42 13
run=2 seed=1 k=83 f=0
0 61 35 67 52 4 4 75 69 38 45 67 4 1 53 34 64 80 43 19 51 77 37 35 11 29 9 45 82 0 57 68 30 51 65 26 57 32 39 75 25 38 69 12 25 48 59 55 0 73 49 12 20 80 60 19 27 39 10 48 45 2 48 40 8 82 21 73 1 18 14 32 36 15 6 47 46 58 73 47 16 58 27 0 31 82 54 76 50 48 65 82 72 81 56 24 71 9 80 75 7 17 37 82 56 10 43 34 42 13
run=3 seed=2 k=83 f=0
82 35 38 74 6 29 33 8 70 26 63 22 51 82 69 27 19 34 18 82 16 67 17 36 33 67 0 59 41 9 6 59 24 17 54 44 54 49 34 35 48 23 71 9 41 64 58 37 82 10 20 23 39 69 62 0 35 44 73 79 74 1 45 79 78 82 77 65 40 53 25 71 60 76 0 12 65 82 7 59 49 0 51 41 30 4 51 27 10 45 14 1 80 46 54 56 33 3 48 75 81 13 74 30 48 0 68 21 63 57
run=4 seed=3 k=83 f=0
43 23 73 65 63 35 30 6 11 25 21 30 54 2 24 12 18 41 52 77 65 41 31 38 34 27 74 67 15 29 68 82 11 50 79 5 20 24 69 2 22 59 0 5 20 48 21 81 39 72 53 59 0 44 76 44 15 35 33 67 56 47 20 62 31 62 9 1 49 46 34 58 81 82 9 6 53 16 12 0 27 72 26 15 0 63 47 7 76 53 72 59 45 9 79 82 34 12 40 14 0 75 43 64 43 78 37 1 82 78
run=5 seed=4 k=83 f=0
48 40 15 46 10 44 19 73 60 65 20 65 52 21 2 14 17 75 82 11 50 61 24 17 58 62 56 36 0 27 69 5 30 82 0 20 16 1 7 58 12 56 58 65 36 7 41 71 45 0 81 76 82 65 22 28 75 41 72 46 9 71 24 47 52 9 62 8 35 74 68 0 55 23 37 16 54 64 0 37 26 43 18 14 81 71 27 0 52 6 82 44 62 27 20 31 42 34 3 35 51 79 30 73 64 75 28 0 7 52
run=6 seed=5 k=83 f=0
74 68 24 23 37 82 25 10 20 63 16 60 82 27 36 79 66 36 20 7 59 3 69 0 70 22 31 29 69 68 39 46 18 43 60 25 44 18 35 0 61 53 63 54 61 25 36 38 73 0 46 35 31 69 5 71 82 67 24 51 41 13 29 75 0 61 10 26 74 77 13 82 50 51 57 0 46 39 66 27 31 12 0 28 39 59 82 14 62 46 7 81 47 5 40 54 81 17 52 31 5 34 4 8 47 55 74 52 56 14
run=7 seed=6 k=83 f=0
7 50 34 72 44 20 65 56 4 17 65 3 79 51 63 31 25 40 8 30 2 68 52 35 0 0 1 70 23 82 6 59 0 47 0 40 37 67 73 21 63 37 4 58 39 13 20 51 82 9 29 3 45 52 29 42 28 50 75 63 74 13 70 80 82 33 30 82 13 45 61 77 18 72 53 67 74 18 54 7 20 82 11 14 44 42 33 55 80 71 29 23 15 44 53 36 76 57 14 0 72 27 38 66 7 56 9 80 11 15
run=8 seed=7 k=83 f=0
47 15 5 25 44 53 38 11 64 23 82 6 43 61 34 0 18 29 35 56 69 60 48 0 10 9 34 66 82 56 41 25 25 20 28 39 71 81 49 0 71 9 4 62 67 19 76 18 45 0 16 21 34 62 44 72 71 60 18 19 73 75 80 68 27 0 1 40 46 8 50 81 25 10 59 39 10 65 0 14 53 79 27 36 32 76 82 82 12 76 52 74 4 58 49 63 3 54 30 35 20 31 26 65 40 15 67 38 45 52
run=9 seed=8 k=83 f=0
54 39 67 74 53 41 34 9 48 18 42 16 9 38 39 63 19 6 35 51 82 55 52 23 57 43 34 4 22 5 74 45 18 28 66 75 24 18 82 65 50 59 47 82 71 1 23 29 34 52 59 64 69 27 64 55 75 74 11 9 26 31 37 36 35 75 9 44 71 15 13 40 61 45 79 39 2 82 21 49 17 3 64 72 30 58 0 66 75 58 30 2 70 76 23 58 12 82 45 11 10 49 3 8 65 82 1 21 43 29
run=10 seed=9 k=83 f=0
0 24 33 64 50 31 33 64 24 60 58 31 46 41 75 58 26 2 71 12 76 1 57 12 35 35 48 25 24 23 5 44 34 38 63 38 40 55 73 82 32 82 11 67 82 6 0 51 73 18 57 0 44 16 22 81 0 54 21 67 53 13 40 75 17 9 56 2 66 82 68 20 9 27 60 55 17 40 49 58 8 29 0 47 35 19 82 72 82 50 66 82 2 77 23 28 17 63 19 44 37 48 79 0 3 13 16 70 0 67
run=11 seed=10 k=83 f=0
82 39 3 43 70 37 35 54 21 25 46 6 40 0 21 46 9 58 23 32 7 26 14 18 34 18 55 35 44 1 82 64 59 4 7 14 67 44 28 0 73 40 22 15 11 15 80 0 34 0 12 25 43 31 69 9 16 29 20 1 73 60 82 78 75 65 55 70 56 63 49 41 82 48 28 49 57 34 69 52 77 0 75 34 82 7 64 81 8 37 76 12 69 17 80 62 30 23 17 26 54 50 61 56 1 11 64 30 27 51
run=12 seed=11 k=83 f=0
25 4 74 35 12 59 56 47 75 80 73 82 21 71 9 22 67 82 37 49 34 44 36 12 42 36 20 71 42 69 27 76 82 54 28 69 34 72 79 47 61 18 41 66 50 74 43 26 43 51 52 7 0 1 31 2 44 2 26 31 29 11 63 6 8 39 24 59 10 0 14 63 60 56 22 70 79 28 61 75 65 54 50 64 82 39 76 45 35 57 66 20 53 0 70 0 5 19 45 13 82 54 79 9 39 16 82 18 79 15
run=13 seed=12 k=83 f=0
7 31 23 21 33 24 20 30 57 17 57 16 74 28 46 11 64 6 0 44 51 75 0 39 71 19 10 53 66 67 82 61 34 60 58 66 41 82 51 81 44 28 69 14 55 64 55 49 26 56 75 46 35 72 47 41 41 0 6 44 82 80 2 29 10 65 0 24 36 0 13 32 45 20 75 12 0 82 17 5 21 82 32 38 69 57 0 29 82 41 12 0 24 63 5 23 59 72 30 76 49 52 3 8 78 69 72 81 51 50
run=14 seed=13 k=83 f=0
28 42 76 61 82 55 41 73 38 4 38 7 34 43 16 51 82 25 15 29 63 25 46 28 11 10 49 53 82 39 4 0 76 60 31 80 82 37 44 0 67 56 79 19 30 21 57 11 74 0 11 67 38 7 5 29 44 42 47 70 66 20 50 71 24 67 18 79 18 18 32 63 57 57 46 67 81 1 82 45 37 75 0 14 9 65 19 79 1 63 7 0 25 44 58 52 22 49 50 47 62 34 32 27 68 69 26 19 72 53
run=15 seed=14 k=83 f=0
51 37 26 45 78 60 0 73 1 43 78 43 30 33 57 15 77 55 59 15 67 56 35 37 80 7 6 6 75 62 0 82 45 13 33 75 26 48 55 36 24 73 3 79 38 2 4 70 68 23 15 59 32 5 33 25 18 76 34 29 0 49 81 70 64 15 38 0 0 29 62 63 14 19 40 54 42 52 60 1 45 26 51 82 50 66 49 72 24 17 11 42 82 18 70 21 55 82 51 8 68 7 46 57 6 70 51 34 79 63
run=16 seed=15 k=83 f=0
51 14 76 17 26 1 40 53 47 6 1 56 70 44 6 35 39 46 51 82 48 25 33 46 65 59 60 76 11 28 53 75 82 37 5 41 2 61 13 64 3 30 7 22 20 42 47 13 48 1 37 56 10 43 71 31 14 13 18 46 32 10 58 82 44 68 68 81 9 68 53 25 66 32 25 70 51 9 56 38 0 62 82 19 39 23 75 76 80 16 57 28 49 33 56 77 21 82 22 41 82 72 30 19 65 19 34 24 53 69
run=17 seed=16 k=83 f=0
67 60 15 74 75 0 38 50 55 3 73 79 47 78 8 3 73 43 13 63 17 41 55 21 76 82 82 26 17 2 33 81 82 79 62 71 52 18 12 17 26 45 69 53 57 30 35 74 45 28 41 2 56 34 33 40 6 0 9 46 0 65 46 61 59 26 48 30 53 65 50 38 19 72 11 20 63 11 32 29 25 68 15 5 0 37 37 53 62 22 60 38 69 12 19 26 60 7 25 8 51 25 50 65 82 76 69 82 33 3
run=18 seed=17 k=83 f=0
35 41 1 73 62 11 62 37 82 5 31 58 30 81 4 70 43 33 23 40 25 14 38 0 31 0 45 48 41 17 16 58 74 26 73 4 0 65 73 82 63 66 6 57 0 52 44 73 36 82 6 3 9 82 77 51 3 42 8 9 28 79 61 14 15 42 29 53 77 82 71 26 19 13 60 28 20 57 18 48 35 45 1 46 51 65 51 36 72 23 21 82 55 68 41 57 31 75 16 29 12 46 55 66 0 60 10 25 28 72
run=19 seed=18 k=83 f=0
33 17 25 40 47 46 2 7 39 4 82 72 26 52 57 69 46 18 4 30 0 34 2 82 62 75 23 21 42 51 33 59 66 58 72 48 0 33 74 82 6 52 0 39 82 48 17 30 64 38 75 69 13 26 80 15 14 16 20 11 82 22 64 8 50 76 32 46 9 0 69 55 4 38 28 36 66 32 45 45 41 78 8 43 71 8 55 60 48 61 75 14 35 77 31 25 66 31 57 54 64 41 82 22 62 44 81 1 14 0
run=20 seed=19 k=83 f=0
26 19 30 43 30 39 25 70 56 82 17 81 3 19 73 49 66 42 82 73 0 35 59 76 13 0 15 8 65 34 35 11 32 54 64 64 0 31 81 18 57 25 63 15 40 49 48 48 40 32 82 79 15 4 5 23 46 60 82 28 48 76 80 21 47 0 37 2 42 0 74 34 7 10 82 35 60 67 50 56 70 56 10 13 62 41 57 25 5 51 82 25 23 45 66 38 6 71 63 73 20 54 44 24 5 66 59 66 52 75
