run=1 seed=0 k=95 f=0
79 70 12 15 45 46 50 70 20 26 57 11 8 32 58 76 26 71 88 66 84 52 27 67 14 94 47 3 94 29 2 40 17 63 4 91 33 88 23 92 20 94 41 36 59 0 44 9 53 35 77 15 44 70 0 56 55 42 25 0 2 36 64 51 50 76 81 84 0 5 78 68 62 25 9 78 24 38 35 50 31 13 86 30 46 74 18 94 69 82 84 94 35 45 94 15 11 75 4 67 20 21 69 85 7 51 22 32 87 59
run=2 seed=1 k=95 f=0
79 70 12 15 45 46 50 70 20 26 57 11 8 32 58 76 26 71 88 66 84 52 27 67 14 94 47 3 94 29 2 40 17 63 4 91 33 88 23 92 20 94 41 36 59 0 44 9 53 35 77 15 44 70 0 56 55 42 25 0 2 36 64 51 50 76 81 84 0 5 78 68 62 25 9 78 24 38 35 50 31 13 86 30 46 74 18 94 69 82 84 94 35 45 94 15 11 75 4 67 20 21 69 85 7 51 22 32 87 59
run=3 seed=2 k=95 f=0
59 54 42 15 70 41 94 62 5 77 24 79 4 22 78 93 52 38 3 8 18 32 54 85 62 25 0 85 55 49 33 45 15 20 16 9 7 93 36 94 41 52 84 32 51 45 51 90 61 16 69 75 86 26 5 50 35 31 38 85 94 72 58 59 12 15 17 12 0 36 66 17 0 22 78 75 80 75 69 42 80 63 64 29 91 65 44 58 46 70 52 45 91 46 39 74 81 70 31 23 88 26 92 36 57 69 8 74 94 7
run=4 seed=3 k=95 f=0
23 24 32 75 43 94 2 75 1 90 21 1 13 59 63 39 69 55 67 53 60 7 87 2 13 85 10 1 18 19 36 18 28 38 90 67 70 11 58 56 28 35 47 3 86 48 76 72 76 41 67 39 60 27 22 28 12 6 79 74 50 94 46 78 87 40 88 57 92 87 16 32 93 86 0 63 54 44 70 53 50 1 21 64 44 37 32 60 71 8 94 29 76 43 28 3 80 20 61 65 76 83 92 11 12 80 55 62 51 47
run=5 seed=4 k=95 f=0
40 49 83 76 88 25 10 94 84 0 0 59 4 24 29 94 2 31 0 82 75 9 73 39 6 93 17 20 75 55 38 19 14 87 24 0 25 15 58 48 66 5 76 9 29 35 67 73 76 24 45 92 53 50 54 45 77 72 91 86 36 77 31 41 68 64 46 42 27 6 62 93 15 88 70 37 88 25 14 48 58 68 52 7 53 59 84 94 81 18 80 33 92 14 53 22 83 7 39 0 11 68 10 44 41 63 56 5 32 60
run=6 seed=5 k=95 f=0
19 66 55 47 49 6 70 28 58 45 58 42 1 31 55 44 39 1 58 80 25 36 7 19 86 93 94 94 91 10 17 17 14 76 22 76 74 57 1 27 85 63 43 87 70 8 7 77 82 58 38 0 71 85 12 69 35 37 0 62 14 23 87 65 85 41 13 38 9 56 87 51 5 61 24 54 18 28 32 89 94 74 94 34 42 46 48 74 79 79 82 50 22 6 13 19 64 21 31 29 0 92 51 31 68 65 41 24 2 8
run=7 seed=6 k=95 f=0
65 47 10 48 53 66 10 16 11 33 2 31 16 16 7 1 66 92 64 42 31 61 52 94 94 5 65 21 68 75 89 23 43 61 81 9 11 9 79 57 41 69 0 54 84 1 59 48 94 58 7 48 14 91 72 25 43 26 82 18 24 68 39 19 88 92 84 46 54 57 78 89 39 36 32 60 84 22 18 0 76 8 2 52 94 79 86 85 30 43 70 26 31 5 58 36 29 51 1 32 15 80 50 73 65 83 1 56 34 79
run=8 seed=7 k=95 f=0
55 54 0 46 13 38 86 44 85 77 52 89 36 69 79 41 56 34 26 65 78 31 73 67 58 66 56 67 53 33 24 19 25 27 93 7 12 53 12 3 79 72 70 20 91 42 60 67 48 83 14 36 29 35 5 75 84 94 44 72 39 81 60 45 86 0 76 10 10 24 94 35 74 73 12 55 90 2 24 11 61 0 49 18 90 51 0 86 8 77 60 36 44 47 1 60 38 61 18 30 47 26 5 20 2 18 46 23 74 89
run=9 seed=8 k=95 f=0
0 14 22 41 28 27 42 12 2 86 71 35 28 38 45 32 28 62 59 48 2 63 77 62 5 88 33 94 66 85 56 80 57 55 50 85 75 70 77 66 94 11 84 14 13 51 67 87 60 52 12 1 42 89 2 44 20 89 24 51 77 94 49 37 63 75 27 39 56 2 94 44 0 39 11 63 58 21 37 94 70 43 37 23 92 4 68 76 89 80 13 31 69 18 65 42 47 8 17 94 2 26 73 19 7 34 48 17 53 4
run=10 seed=9 k=95 f=0
38 44 15 85 80 72 93 93 57 12 56 93 43 36 32 34 11 42 50 29 79 89 67 28 64 57 94 51 68 4 18 61 23 30 41 54 58 10 1 71 75 85 62 36 74 10 70 43 4 33 61 56 48 17 79 17 31 0 47 24 75 82 68 0 23 27 3 42 9 17 17 30 84 80 92 54 5 55 94 11 1 70 90 50 19 64 66 37 40 72 88 86 57 2 55 38 52 40 77 54 93 16 85 22 74 94 47 81 49 27
run=11 seed=10 k=95 f=0
16 5 43 90 51 45 40 55 75 44 25 61 53 53 44 11 57 9 42 45 31 50 20 40 25 41 59 81 3 23 64 78 93 32 75 38 40 88 9 3 45 55 72 17 57 21 76 23 32 16 73 24 1 89 0 67 28 76 93 1 85 90 62 50 18 11 59 65 70 51 94 53 76 86 26 37 59 14 62 6 21 0 2 61 14 62 67 80 86 81 33 82 69 34 80 40 29 9 12 36 63 70 20 48 1 26 33 33 1 90
run=12 seed=11 k=95 f=0
28 74 55 92 18 17 1 31 84 69 55 49 48 34 94 82 0 72 62 15 26 59 87 82 76 17 25 82 16 63 75 36 23 65 70 2 16 52 10 0 44 77 4 88 30 78 23 69 41 80 1 87 32 89 26 42 28 37 65 19 91 94 7 37 93 1 59 2 94 35 11 57 24 88 47 41 79 11 85 3 52 0 27 86 6 59 56 73 43 62 68 78 15 43 11 20 84 8 27 9 8 86 9 66 42 10 68 35 55 94
run=13 seed=12 k=95 f=0
85 35 53 28 63 43 94 3 50 9 20 2 89 88 26 21 58 86 43 5 14 69 85 54 92 32 71 60 0 17 43 89 15 54 36 47 70 14 47 45 35 26 27 63 29 21 79 32 83 16 81 78 92 71 37 79 7 7 49 39 75 83 8 46 64 22 67 67 40 4 8 32 25 63 0 17 10 44 94 0 0 80 1 93 59 37 66 94 39 78 76 72 68 23 4 81 52 53 51 93 52 61 22 40 32 0 20 72 63 9
run=14 seed=13 k=95 f=0
33 82 79 1 66 52 82 81 59 70 77 54 37 85 65 50 94 85 88 63 70 59 24 9 38 40 65 81 68 83 12 30 15 34 33 43 40 0 19 94 23 94 44 59 75 6 9 79 87 71 93 1 62 19 76 7 77 25 85 21 0 93 69 16 68 40 55 56 13 74 51 64 20 58 27 51 89 29 45 94 0 39 18 61 22 75 9 46 91 3 87 6 5 0 7 94 36 78 12 30 57 12 77 33 54 51 27 27 58 48
run=15 seed=14 k=95 f=0
71 24 14 29 79 76 72 20 41 31 89 50 64 84 43 72 53 19 19 58 14 94 34 38 79 62 65 89 52 47 72 63 5 41 1 85 0 12 80 36 1 51 91 64 47 57 43 88 69 44 94 27 92 38 0 53 87 84 43 57 2 38 63 81 48 6 87 2 80 57 74 94 35 28 28 74 25 73 21 53 30 7 16 56 1 93 13 8 3 6 14 27 23 15 25 67 14 20 63 38 58 8 23 79 35 52 61 32 79 38
run=16 seed=15 k=95 f=0
67 52 67 66 15 70 94 64 40 54 28 62 71 92 90 68 47 26 24 10 94 14 3 55 28 8 39 46 54 88 2 82 15 12 45 22 74 0 35 83 71 19 50 6 56 9 89 62 28 68 13 23 56 62 85 30 31 24 48 77 1 47 10 61 93 90 79 18 0 2 33 94 84 49 77 74 78 77 57 43 7 39 18 41 66 62 93 20 69 18 1 75 31 7 91 20 61 42 46 42 89 34 82 15 84 37 40 82 30 36
run=17 seed=16 k=95 f=0
6 7 53 53 44 48 62 77 17 26 94 21 27 1 84 29 17 78 85 12 72 46 61 19 43 55 33 17 16 79 25 63 1 91 54 58 35 11 4 44 94 35 69 17 9 77 91 56 29 94 44 33 65 77 60 25 5 92 26 0 83 52 64 31 20 0 6 91 1 89 24 62 74 55 0 69 35 70 42 40 93 17 70 43 84 63 38 5 48 88 11 35 75 83 75 54 60 3 86 85 24 12 81 48 67 71 38 8 63 8
run=18 seed=17 k=95 f=0
46 33 56 32 11 51 0 14 73 17 63 17 50 39 20 58 0 28 51 0 48 78 30 56 32 36 83 84 86 73 71 27 11 41 66 2 35 65 31 1 49 85 20 37 72 61 90 42 8 51 25 65 23 40 7 26 77 89 12 41 69 84 92 74 78 60 31 7 93 0 13 71 90 28 83 57 94 43 73 94 18 5 16 94 38 68 60 8 55 44 78 86 38 94 23 55 59 43 78 82 91 54 14 77 23 57 17 9 90 94
run=19 seed=18 k=95 f=0
46 9 53 17 25 8 4 74 82 72 14 61 59 2 0 43 39 48 16 68 20 0 71 9 49 64 86 81 94 0 27 84 14 67 78 68 53 0 44 7 34 9 16 61 60 26 38 43 14 3 44 31 73 55 93 27 0 68 47 80 31 27 66 78 22 54 80 93 37 75 86 19 94 77 22 63 70 94 78 23 73 94 16 36 28 42 54 64 52 11 33 6 89 2 9 57 53 83 73 86 35 39 80 46 90 94 24 35 28 89
run=20 seed=19 k=95 f=0
84 45 73 17 57 0 1 63 85 94 9 52 47 38 1 94 94 84 8 93 73 5 90 7 59 62 86 53 29 41 3 85 37 42 48 65 43 93 21 64 48 31 15 55 49 26 87 35 71 0 68 60 9 65 6 47 77 11 23 16 29 26 55 69 54 11 50 73 59 53 56 0 17 56 48 2 63 78 80 24 38 15 73 77 50 71 38 32 81 32 93 86 82 8 87 33 13 89 38 22 24 35 75 80 68 19 8 26 93 22
