run=1 seed=0 k=119 f=0
78 32 29 68 40 57 3 13 113 106 107 101 48 53 97 97 34 64 23 65 114 42 19 55 48 90 77 55 37 96 68 1 10 40 82 16 92 112 72 65 60 10 19 77 88 108 38 30 44 118 87 96 77 118 85 66 102 18 78 73 109 27 4 54 98 103 61 39 87 14 96 117 69 27 0 51 95 36 95 21 68 30 84 7 18 74 23 2 22 103 84 58 117 3 112 27 11 55 116 14 60 84 26 7 34 40 49 48 45 112
run=2 seed=1 k=119 f=0
78 32 29 68 40 57 3 13 113 106 107 101 48 53 97 97 34 64 23 65 114 42 19 55 48 90 77 55 37 96 68 1 10 40 82 16 92 112 72 65 60 10 19 77 88 108 38 30 44 118 87 96 77 118 85 66 102 18 78 73 109 27 4 54 98 103 61 39 87 14 96 117 69 27 0 51 95 36 95 21 68 30 84 7 18 74 23 2 22 103 84 58 117 3 112 27 11 55 116 14 60 84 26 7 34 40 49 48 45 112
run=3 seed=2 k=119 f=0
46 69 117 65 59 58 90 14 19 9 116 15 0 70 26 36 66 38 68 29 15 0 50 88 18 118 78 18 61 100 16 112 9 77 31 89 70 112 103 83 45 103 95 27 54 21 61 1 4 101 3 11 54 77 19 67 7 103 88 73 22 105 54 10 62 79 55 116 64 15 60 58 110 51 85 45 87 118 38 60 94 22 116 52 49 37 45 31 40 1 95 5 110 33 81 43 110 29 30 49 86 41 92 77 71 64 3 100 55 32
run=4 seed=3 k=119 f=0
18 98 14 28 62 55 26 93 15 103 33 4 57 116 39 32 69 102 21 85 39 10 81 0 110 78 75 88 56 40 3 74 12 73 86 55 53 115 44 31 90 16 35 62 0 94 52 32 12 118 109 42 60 45 19 86 2 82 109 65 31 41 3 0 81 105 85 55 93 99 84 115 106 46 93 69 42 117 49 24 103 116 67 64 0 107 47 9 17 110 66 25 97 78 26 13 64 22 2 96 94 87 16 39 58 1 100 114 85 27
run=5 seed=4 k=119 f=0
63 52 41 85 98 32 118 117 6 44 47 45 86 64 46 3 100 93 30 6 26 70 111 63 51 118 117 36 88 75 112 93 69 67 59 98 21 86 94 0 94 13 26 5 117 56 0 94 91 83 11 109 34 39 44 76 69 110 57 88 23 40 61 107 54 112 54 74 115 20 0 118 111 38 56 50 55 31 34 52 105 81 84 35 87 15 14 1 18 72 102 19 59 30 12 78 23 66 8 20 20 105 46 75 108 77 96 44 100 2
run=6 seed=5 k=119 f=0
108 6 31 64 0 26 45 71 111 11 91 12 41 105 5 58 36 75 29 66 117 83 74 1 73 113 39 35 72 77 45 108 80 41 96 75 85 13 20 47 54 53 118 57 7 74 1 66 67 18 13 64 80 86 65 48 69 95 99 17 44 103 6 97 60 83 85 83 24 93 106 4 93 27 52 6 92 48 11 31 45 77 103 85 37 17 27 101 17 9 116 29 105 115 52 2 90 118 76 38 15 30 62 58 81 67 95 75 108 0
run=7 seed=6 k=119 f=0
0 72 14 81 57 73 74 0 85 84 70 80 114 118 45 118 0 101 100 20 55 10 71 0 56 75 59 27 12 17 52 66 83 110 85 106 16 31 97 63 107 49 81 93 78 89 23 16 24 62 25 49 96 12 67 24 76 99 32 91 116 30 94 22 118 54 110 2 83 112 90 71 33 39 45 2 45 68 42 102 24 111 5 39 93 54 15 33 26 113 8 7 19 38 14 48 41 53 0 106 42 45 87 7 105 106 68 66 44 30
run=8 seed=7 k=119 f=0
102 89 42 22 86 60 108 38 32 70 19 52 97 118 50 49 107 14 2 4 13 25 73 117 22 0 52 88 8 105 17 81 66 65 99 104 81 78 54 58 30 40 110 118 100 20 87 89 115 77 1 33 98 74 30 70 54 4 31 63 19 39 20 86 9 5 19 77 61 11 7 30 43 109 50 24 18 86 94 58 114 105 48 96 51 13 34 75 43 58 41 117 32 2 111 45 44 12 97 105 19 95 69 62 85 24 77 103 66 91
run=9 seed=8 k=119 f=0
84 101 9 25 13 104 95 7 73 18 50 23 80 52 66 57 103 26 33 62 93 81 17 86 110 78 42 74 14 61 96 116 11 96 98 47 104 70 118 3 111 87 58 112 21 93 39 1 31 92 33 105 0 50 2 90 67 46 15 96 110 72 14 16 40 60 0 4 2 12 8 53 71 18 117 76 23 71 71 50 42 104 36 87 34 38 54 3 86 38 112 78 101 118 84 22 83 12 45 81 0 62 6 41 106 34 117 50 101 60
run=10 seed=9 k=119 f=0
30 71 71 86 93 111 75 40 118 6 92 3 96 43 86 59 69 114 117 35 113 81 28 15 86 8 23 17 58 40 16 24 74 53 77 36 47 101 4 38 118 87 76 95 2 110 101 71 30 103 98 37 53 7 0 14 18 10 74 43 16 12 27 84 83 80 115 52 2 68 95 56 118 64 23 29 35 49 101 34 105 67 5 33 50 1 43 78 2 37 25 21 58 103 96 62 108 92 105 46 42 24 1 79 11 117 89 59 7 90
run=11 seed=10 k=119 f=0
41 101 89 7 84 41 89 97 89 61 32 50 45 85 117 77 67 9 44 71 93 0 108 74 109 56 40 51 24 94 108 65 57 116 114 59 113 32 107 1 101 6 51 74 9 18 114 111 42 112 57 14 76 98 18 66 18 68 115 118 20 86 55 102 6 0 43 37 24 85 37 94 91 80 27 76 99 24 50 11 54 107 25 63 13 34 3 109 30 45 99 78 4 27 67 87 16 105 118 56 26 73 6 12 41 88 104 79 49 118
run=12 seed=11 k=119 f=0
89 30 8 43 72 33 22 6 116 53 55 49 45 11 95 111 43 1 12 104 14 39 88 103 18 22 33 19 30 54 82 76 68 80 1 0 80 14 29 26 98 49 69 103 67 36 96 80 94 77 89 109 108 58 60 22 36 60 68 58 11 34 3 50 112 52 82 93 117 8 114 110 57 0 100 109 0 20 33 83 97 87 64 36 3 115 86 74 73 118 13 47 35 7 43 97 112 117 93 112 22 101 52 68 84 104 60 41 115 62
run=13 seed=12 k=119 f=0
86 36 77 67 100 100 45 92 65 0 97 70 90 71 68 9 1 13 114 2 89 111 100 84 38 31 76 57 8 10 44 54 106 3 11 81 94 51 57 17 62 63 105 27 66 81 67 0 41 63 91 93 76 72 74 18 1 117 105 76 8 21 55 38 115 39 58 110 78 106 22 6 50 35 99 24 117 98 34 2 29 41 92 85 47 27 118 42 16 109 49 16 12 46 95 29 16 103 69 7 90 58 83 88 67 40 36 25 53 56
run=14 seed=13 k=119 f=0
20 34 45 15 5 4 56 71 38 41 25 67 93 62 114 85 102 0 37 113 54 97 11 100 103 46 46 107 51 24 26 9 58 80 107 79 118 44 117 2 76 18 108 34 76 103 110 113 95 117 108 21 84 26 10 54 72 39 104 58 25 0 58 89 95 76 40 30 90 118 70 48 7 71 37 84 67 65 78 2 63 46 23 20 39 16 61 86 116 17 31 2 43 93 14 59 11 17 73 93 55 109 91 53 66 86 10 101 32 69
run=15 seed=14 k=119 f=0
113 80 118 46 62 35 66 59 73 26 90 20 93 104 77 23 75 114 78 51 33 45 18 115 110 101 97 39 113 6 90 13 105 93 50 5 2 10 69 48 24 41 78 24 118 36 12 91 118 67 74 38 10 2 42 83 94 15 60 89 108 98 41 32 110 48 17 45 104 106 59 62 39 84 51 29 57 54 75 70 70 85 117 1 118 61 87 32 79 16 27 17 34 13 34 26 63 55 10 102 109 71 45 29 9 88 49 12 66 2
run=16 seed=15 k=119 f=0
87 75 58 70 92 14 21 117 79 60 0 44 11 36 54 64 77 4 51 98 115 91 88 3 93 18 98 105 27 108 105 105 111 39 4 1 100 50 32 118 84 46 59 74 10 0 31 4 110 52 49 53 9 18 82 108 28 20 33 55 118 21 53 112 70 37 114 115 58 18 66 28 35 60 27 87 45 31 24 47 39 73 116 94 83 79 99 118 91 43 38 107 26 2 76 17 64 71 74 27 80 81 2 87 9 68 79 69 79 94
run=17 seed=16 k=119 f=0
6 20 118 68 100 0 2 111 91 111 81 110 105 15 44 26 75 58 40 26 0 78 35 57 48 116 90 72 115 114 96 113 14 51 118 62 64 23 97 79 48 59 90 16 5 30 42 80 13 1 106 101 91 51 32 63 10 116 16 117 53 70 111 68 72 28 29 17 101 1 44 22 83 2 107 88 52 81 40 73 94 71 38 14 49 23 27 34 82 10 87 64 97 101 59 118 4 41 49 99 18 94 56 100 5 56 62 13 16 22
run=18 seed=17 k=119 f=0
101 106 44 78 99 3 43 9 35 1 60 0 22 6 82 55 21 56 65 88 39 18 30 90 112 87 2 92 57 44 93 117 35 18 56 69 118 47 76 15 109 8 110 62 14 41 108 77 112 100 100 65 63 0 37 69 108 5 102 91 45 78 52 74 96 99 74 46 50 67 118 59 31 96 2 36 28 117 111 12 28 93 87 83 73 106 13 53 92 106 71 27 55 35 102 67 15 52 116 114 45 9 47 79 2 47 24 21 30 34
run=19 seed=18 k=119 f=0
71 57 74 92 64 95 17 116 80 50 110 99 28 90 37 106 55 104 19 74 15 93 47 10 28 96 47 88 34 37 80 85 60 75 75 80 42 10 56 80 60 1 20 58 4 118 37 103 20 71 18 46 85 56 48 67 35 109 23 65 44 37 48 113 103 5 59 94 51 28 0 6 108 93 26 104 19 78 65 50 70 113 36 63 42 17 12 102 112 40 3 31 68 17 81 86 69 63 70 83 47 89 109 35 7 97 27 24 113 3
run=20 seed=19 k=119 f=0
1 5 90 19 116 118 56 72 91 20 42 112 42 43 13 87 51 106 21 99 58 73 47 5 116 36 30 89 23 89 87 48 83 96 67 97 95 59 52 59 56 91 45 74 6 8 39 53 27 90 110 8 1 29 2 24 56 23 82 79 64 41 8 29 110 67 0 105 117 39 22 69 14 51 71 12 105 102 67 64 109 38 80 85 24 74 118 118 88 79 32 33 112 49 56 11 98 44 116 16 98 33 64 104 1 102 107 101 76 10
