run=1 seed=0 k=85 f=0
71 17 10 28 41 8 16 62 41 12 58 27 84 27 10 83 72 16 16 3 37 7 75 6 32 58 70 34 55 61 65 55 0 45 58 75 6 69 84 17 50 45 54 36 46 55 44 76 12 33 0 5 21 30 78 30 9 45 71 22 84 60 4 26 19 57 61 76 24 83 64 80 51 75 6 77 22 21 16 53 0 64 66 0 81 65 42 41 39 48 29 31 39 52 6 11 16 67 49 0 72 39 38 0 49 61 75 15 13 81
run=2 seed=1 k=85 f=0
71 17 10 28 41 8 16 62 41 12 58 27 84 27 10 83 72 16 16 3 37 7 75 6 32 58 70 34 55 61 65 55 0 45 58 75 6 69 84 17 50 45 54 36 46 55 44 76 12 33 0 5 21 30 78 30 9 45 71 22 84 60 4 26 19 57 61 76 24 83 64 80 51 75 6 77 22 21 16 53 0 64 66 0 81 65 42 41 39 48 29 31 39 52 6 11 16 67 49 0 72 39 38 0 49 61 75 15 13 81
run=3 seed=2 k=85 f=0
65 28 2 45 13 79 74 0 43 37 4 1 69 62 84 78 26 82 48 43 51 39 44 79 44 58 54 10 0 63 73 20 25 37 41 62 32 28 57 77 14 58 7 61 64 60 81 56 51 34 37 40 67 72 53 18 81 16 12 13 10 53 0 15 48 68 59 27 66 0 45 23 19 5 0 0 8 20 25 10 6 33 36 65 84 51 76 29 15 40 38 19 61 84 0 74 82 41 30 45 26 71 47 84 34 55 24 29 71 7
run=4 seed=3 k=85 f=0
31 70 1 0 25 30 22 65 70 12 22 35 17 30 76 81 68 24 16 37 8 25 38 8 56 77 38 53 73 75 4 0 2 39 80 46 44 3 78 23 21 29 72 66 73 11 27 39 53 0 63 13 41 66 83 57 6 83 48 20 19 6 46 47 46 21 38 47 75 46 60 0 84 69 33 20 49 57 63 65 40 57 10 14 84 49 9 28 51 56 36 54 26 68 36 29 84 63 68 76 48 76 49 27 1 62 83 2 15 15
run=5 seed=4 k=85 f=0
5 39 59 16 50 64 80 49 55 68 32 65 84 44 43 59 68 40 66 16 24 69 2 3 47 0 39 30 75 30 29 11 64 81 7 4 81 56 68 72 9 38 30 23 37 0 2 32 57 84 53 59 35 20 72 3 74 51 63 74 12 84 78 7 10 17 50 22 47 67 62 38 75 25 50 57 75 59 6 20 0 83 48 19 76 34 26 75 16 78 12 42 76 57 5 0 83 19 25 84 31 29 61 44 55 18 38 41 46 16
run=6 seed=5 k=85 f=0
64 71 78 34 25 75 4 69 82 15 84 4 38 61 75 40 22 70 50 28 53 0 54 7 26 46 44 28 21 76 81 61 13 43 38 20 42 83 50 20 26 21 25 3 68 32 42 30 66 58 0 36 75 2 54 9 72 57 68 11 39 56 0 15 17 41 54 76 13 54 8 72 29 84 0 56 57 19 4 30 31 80 66 63 44 0 84 62 68 33 48 35 23 34 2 76 71 51 76 19 14 81 53 13 59 6 14 21 84 7
run=7 seed=6 k=85 f=0
43 40 4 13 13 84 6 63 54 52 36 53 50 40 18 46 0 65 4 64 57 13 42 57 79 75 36 32 70 24 12 84 81 72 42 2 4 33 52 59 4 9 3 48 18 13 74 39 68 18 64 82 36 62 56 15 51 27 0 70 60 61 64 41 43 6 49 0 72 71 50 20 27 74 84 79 62 44 46 9 34 25 71 23 19 66 9 84 60 30 38 10 0 11 38 80 79 81 28 25 74 33 22 45 27 70 36 28 50 52
run=8 seed=7 k=85 f=0
31 12 25 68 63 14 13 37 52 52 4 4 76 33 37 34 40 33 84 56 22 78 9 48 80 9 58 2 47 0 81 51 54 83 55 42 22 5 60 82 14 15 44 52 15 65 3 82 48 18 41 39 76 41 22 68 29 44 37 26 67 57 74 62 50 32 69 66 64 19 54 13 84 8 0 80 60 34 46 61 3 72 1 74 84 27 27 83 53 70 16 29 68 40 0 16 5 35 24 40 21 72 23 59 70 60 61 43 28 53
run=9 seed=8 k=85 f=0
4 21 65 62 28 0 27 40 54 20 10 0 65 60 14 7 72 24 19 72 50 78 7 18 54 63 3 55 84 83 51 33 34 77 36 70 68 8 23 83 68 84 50 55 84 59 36 63 37 84 12 35 17 55 68 31 12 21 18 28 45 41 73 39 84 81 47 74 41 40 31 49 8 8 1 47 46 29 57 56 65 0 13 16 27 0 54 48 14 11 43 2 79 62 0 62 77 77 62 74 76 14 41 26 35 75 78 20 73 32
run=10 seed=9 k=85 f=0
48 50 80 82 65 50 78 18 69 29 11 43 52 68 7 41 7 14 52 54 29 80 64 4 84 46 73 36 25 56 33 59 24 3 0 11 13 41 71 72 19 47 78 29 21 1 50 3 55 74 47 3 28 34 67 84 25 60 21 74 0 65 78 53 58 60 13 56 73 65 60 22 19 31 84 80 75 13 65 70 5 14 23 25 0 84 37 38 45 22 43 47 16 5 12 34 0 81 37 10 75 33 79 66 84 80 72 13 28 61
run=11 seed=10 k=85 f=0
22 72 12 74 84 0 55 11 73 31 18 18 64 42 36 33 59 33 26 9 40 22 18 19 11 21 47 84 71 38 15 14 52 65 76 62 57 40 31 44 24 46 25 69 71 0 46 8 10 43 65 36 68 56 54 47 38 29 29 42 52 53 25 8 84 34 2 2 83 84 15 66 28 71 83 20 23 5 75 44 0 67 54 77 53 12 1 58 11 74 79 46 1 76 20 3 81 36 67 80 7 83 6 77 61 5 62 62 11 49
run=12 seed=11 k=85 f=0
44 31 19 45 40 1 84 66 84 23 52 37 10 55 71 12 75 24 31 76 42 21 45 32 64 59 15 55 65 4 3 58 84 55 11 77 13 82 21 31 37 36 14 40 84 62 28 22 26 84 73 29 43 0 71 31 79 22 15 27 52 48 9 5 8 75 71 39 84 23 65 82 9 50 35 64 13 79 5 59 70 49 64 45 27 0 18 66 5 49 39 36 27 72 4 0 82 70 42 52 19 57 22 0 61 5 36 57 54 13
run=13 seed=12 k=85 f=0
35 54 4 31 84 33 0 45 82 9 29 83 13 80 41 48 8 18 41 7 71 32 1 84 28 32 10 66 7 56 53 2 50 4 53 10 55 77 54 21 36 78 61 44 75 30 84 0 49 67 0 15 58 67 27 20 10 0 40 37 76 18 65 51 68 72 41 1 16 76 44 74 25 69 84 34 56 24 64 3 59 25 10 36 50 61 0 44 58 73 77 21 26 45 55 12 64 39 26 65 18 64 21 16 82 84 31 50 18 42
run=14 seed=13 k=85 f=0
36 60 13 23 56 22 36 32 3 7 0 7 80 78 22 27 22 63 65 19 83 3 12 73 33 55 84 46 0 45 36 36 31 3 33 20 18 51 67 71 52 43 16 70 42 43 65 41 65 84 7 84 13 6 38 10 23 0 68 69 48 78 53 77 84 82 18 58 51 0 70 84 39 59 31 61 33 15 31 64 16 75 63 25 9 8 0 34 72 6 51 57 39 24 12 44 61 27 46 0 84 53 70 75 77 63 53 73 66 45
run=15 seed=14 k=85 f=0
24 20 59 48 21 10 39 72 60 6 84 7 29 56 7 62 50 19 10 42 0 74 0 36 0 11 3 14 6 57 43 26 68 5 46 53 84 57 51 45 72 17 66 81 70 62 11 76 35 1 20 14 24 56 46 33 65 0 33 79 43 46 84 37 38 42 64 16 50 28 30 72 69 53 84 4 18 84 68 44 39 81 67 78 8 20 60 12 74 75 78 24 58 57 35 15 81 16 27 0 32 29 31 78 59 35 19 23 65 66
run=16 seed=15 k=85 f=0
48 32 11 11 1 24 15 79 31 35 36 26 79 70 38 11 30 80 84 16 42 80 3 0 29 66 39 84 84 21 22 24 63 63 60 70 68 53 20 56 52 31 44 67 37 33 35 2 8 38 77 52 75 46 34 14 17 3 61 63 0 19 62 5 1 41 29 72 0 47 22 78 59 44 14 7 59 70 75 32 55 68 73 73 50 13 50 84 74 56 24 28 52 1 47 11 61 17 6 84 75 41 1 84 84 18 2 52 64 45
run=17 seed=16 k=85 f=0
16 51 41 58 33 51 0 14 9 84 48 12 57 2 31 7 84 59 72 9 70 24 78 50 48 9 84 39 81 34 62 45 22 42 9 62 1 71 0 51 25 77 81 30 63 36 6 83 56 0 42 48 68 57 4 62 23 81 30 18 77 37 69 24 56 22 64 1 1 20 15 25 29 65 48 65 0 0 59 71 84 15 38 33 39 43 38 12 22 74 7 21 14 58 28 64 52 45 56 15 0 72 16 20 84 75 55 30 67 32
run=18 seed=17 k=85 f=0
16 51 20 74 65 17 25 49 42 6 17 45 69 72 82 79 66 14 23 84 31 20 13 37 42 48 66 32 51 56 9 59 24 32 51 68 66 83 59 1 43 74 70 63 53 76 32 79 30 75 31 82 0 35 54 26 82 40 40 2 38 13 61 5 0 2 3 62 1 4 60 84 9 49 24 27 37 17 53 0 46 10 55 43 66 60 84 84 35 35 11 77 45 73 33 10 20 55 48 46 3 24 80 18 26 56 68 70 23 57
run=19 seed=18 k=85 f=0
40 50 19 5 15 64 62 56 12 2 23 2 0 50 54 42 75 51 68 57 6 29 23 51 33 30 60 82 72 69 22 19 68 15 44 73 49 25 43 61 0 0 6 31 0 74 74 75 55 84 31 16 46 26 71 49 61 7 37 59 9 8 31 41 0 40 25 23 77 15 60 14 37 84 0 9 0 42 14 80 84 52 84 79 46 18 18 24 78 64 35 66 45 69 76 32 82 25 2 56 35 81 38 67 83 29 11 21 78 13
run=20 seed=19 k=85 f=0
14 37 0 20 58 46 24 66 73 63 77 44 84 4 65 73 68 11 35 46 83 4 20 32 39 28 81 52 71 11 60 63 40 73 82 25 23 83 42 1 25 11 34 69 21 72 83 64 53 84 53 51 0 0 21 9 50 58 55 59 61 9 83 56 53 55 34 30 19 44 48 84 75 48 40 74 78 68 68 54 43 27 37 1 33 18 17 0 60 78 8 26 29 76 1 15 34 33 41 27 68 67 14 9 7 34 43 1 62 47
