run=1 seed=0 k=79 f=0
48 74 57 62 59 76 1 46 22 39 50 10 52 11 8 7 24 39 0 41 14 37 62 33 63 7 78 70 29 1 0 53 78 29 71 26 59 60 5 35 56 20 20 45 73 3 12 63 69 16 18 59 78 46 1 14 37 15 0 31 61 45 9 73 37 32 44 13 30 25 46 76 0 26 54 6 5 11 72 21 66 78 50 11 59 66 33 47 16 64 42 66 30 1 23 78 71 51 76 25 15 19 36 41 24 22 34 0 40 47
run=2 seed=1 k=79 f=0
48 74 57 62 59 76 1 46 22 39 50 10 52 11 8 7 24 39 0 41 14 37 62 33 63 7 78 70 29 1 0 53 78 29 71 26 59 60 5 35 56 20 20 45 73 3 12 63 69 16 18 59 78 46 1 14 37 15 0 31 61 45 9 73 37 32 44 13 30 25 46 76 0 26 54 6 5 11 72 21 66 78 50 11 59 66 33 47 16 64 42 66 30 1 23 78 71 51 76 25 15 19 36 41 24 22 34 0 40 47
run=3 seed=2 k=79 f=0
27 72 19 0 6 50 70 56 78 49 11 19 41 77 78 12 44 29 21 41 5 30 12 75 33 16 60 6 1 38 22 59 22 3 63 42 44 13 19 35 70 16 62 74 0 57 64 42 27 0 13 47 78 72 39 24 28 11 52 64 59 54 58 53 69 33 31 42 78 20 22 75 9 1 69 1 0 7 26 15 46 36 9 77 65 67 35 29 59 6 50 34 31 14 72 47 53 66 21 58 54 3 32 51 0 62 41 67 50 62
run=4 seed=3 k=79 f=0
8 34 53 78 54 55 13 10 0 42 53 72 29 63 38 19 69 6 33 7 46 67 5 3 52 46 11 73 41 56 3 58 59 67 15 25 33 77 34 23 73 78 50 17 77 65 30 12 8 78 47 30 30 41 29 45 24 0 37 38 53 5 62 58 60 72 47 68 28 67 13 57 62 78 21 49 4 35 63 73 10 0 31 40 16 47 0 21 57 36 13 23 20 15 28 2 26 17 67 64 67 46 54 39 74 51 70 23 29 14
run=5 seed=4 k=79 f=0
46 65 64 0 32 1 35 53 76 56 18 40 73 59 64 4 16 30 78 50 31 46 0 25 10 43 17 36 21 36 37 22 18 76 7 56 76 46 34 25 8 0 11 39 59 12 28 15 70 0 70 65 61 65 20 62 55 2 69 29 78 72 56 68 67 24 2 50 60 78 37 63 9 56 52 27 70 47 8 10 13 38 33 59 78 32 24 62 75 6 41 26 51 0 38 2 50 49 47 54 45 17 28 32 41 8 46 47 55 75
run=6 seed=5 k=79 f=0
5 74 8 39 72 78 28 71 28 36 52 26 0 47 16 67 54 16 57 70 34 1 7 63 17 29 5 63 78 77 22 26 78 7 43 52 12 31 14 32 32 78 49 37 39 60 41 43 18 45 69 16 78 3 58 20 64 51 42 31 61 7 2 73 0 54 65 47 60 54 23 75 36 40 0 21 70 46 6 35 11 49 10 40 17 25 10 18 4 65 69 78 56 55 78 64 59 3 75 1 32 42 13 69 29 45 57 64 27 39
run=7 seed=6 k=79 f=0
41 13 2 9 6 36 35 0 78 49 78 50 77 21 67 0 53 39 50 27 38 74 14 32 57 62 53 56 69 63 46 21 50 31 25 59 74 77 49 10 14 45 66 46 78 36 21 61 18 78 38 48 9 14 5 18 74 0 4 25 34 35 42 14 40 52 26 69 53 0 47 65 69 59 24 35 69 45 16 5 30 62 3 56 68 17 0 72 10 72 26 10 38 16 9 21 77 27 1 25 40 4 3 42 60 32 78 29 23 31
run=8 seed=7 k=79 f=0
27 6 74 7 4 31 57 55 78 72 61 57 70 44 50 0 8 47 36 0 27 16 12 78 78 60 40 39 64 66 54 58 6 3 53 73 1 64 70 77 2 21 36 58 70 43 47 51 15 0 14 13 78 75 13 22 29 34 51 29 23 49 44 28 27 10 36 62 69 21 54 10 32 23 69 40 42 53 78 37 45 10 68 77 35 61 41 30 71 19 15 45 29 19 6 19 74 66 49 0 64 38 26 49 9 65 8 61 47 36
run=9 seed=8 k=79 f=0
69 5 14 7 37 12 4 6 42 29 43 59 73 2 25 25 17 27 51 8 35 48 34 28 10 62 36 14 23 78 55 13 40 75 76 19 76 20 59 2 47 29 66 59 43 19 1 3 51 78 14 35 0 60 1 33 19 32 54 0 69 66 18 47 50 69 67 78 78 69 56 46 42 63 8 46 51 0 22 17 71 1 26 38 63 9 33 56 77 72 50 30 60 20 56 13 66 11 17 40 8 36 30 25 71 56 44 57 21 39
run=10 seed=9 k=79 f=0
51 6 55 57 74 78 54 70 21 68 0 12 15 1 2 25 60 22 9 63 72 50 63 65 15 9 31 10 16 12 78 34 45 39 31 62 64 30 24 78 40 78 4 15 65 34 74 38 20 0 71 34 69 48 65 53 58 25 10 57 37 45 46 74 13 1 68 36 43 1 15 3 78 8 51 69 25 77 54 38 1 17 68 57 28 57 28 48 10 42 71 78 30 23 77 47 53 55 26 46 39 72 24 45 36 38 27 10 20 33
run=11 seed=10 k=79 f=0
40 54 19 20 6 17 6 53 73 18 58 17 36 13 75 61 41 72 54 14 7 71 9 78 25 31 70 2 60 11 75 31 59 10 27 44 53 1 41 66 34 78 47 37 78 27 58 56 70 0 3 23 50 69 26 64 47 10 50 49 24 38 34 57 70 44 49 10 41 29 64 76 9 0 16 60 9 52 67 67 19 0 27 35 25 19 78 41 40 6 46 78 26 59 68 19 46 36 68 78 38 3 22 59 2 31 71 3 62 65
run=12 seed=11 k=79 f=0
39 29 42 13 9 58 31 72 78 18 0 19 43 0 55 37 16 49 18 39 51 15 78 26 24 71 70 7 14 37 78 3 66 3 0 68 71 38 62 26 47 32 12 18 54 11 51 12 62 0 20 55 25 67 77 47 56 0 71 46 9 62 19 64 53 0 8 11 23 53 56 56 78 78 33 14 71 5 59 73 78 44 36 22 9 33 43 61 78 6 19 32 12 32 73 45 30 36 40 29 27 4 39 51 17 48 23 67 77 57
run=13 seed=12 k=79 f=0
58 49 3 73 37 24 10 37 75 41 51 10 72 57 33 17 61 20 10 15 8 72 0 36 35 7 0 7 40 58 13 32 20 30 18 63 2 76 70 78 78 25 3 45 26 63 27 40 69 78 66 2 44 69 66 15 3 40 0 77 0 5 6 39 9 51 34 65 59 8 13 47 35 27 52 49 8 45 67 3 44 78 67 58 38 11 26 17 52 72 53 22 62 15 55 44 48 55 26 33 57 29 22 18 77 67 78 59 27 31
run=14 seed=13 k=79 f=0
5 47 8 0 64 77 10 71 62 26 1 22 51 51 42 59 45 54 26 63 31 4 12 16 0 19 30 18 78 77 25 68 78 32 73 15 46 17 24 35 39 9 4 27 9 59 47 21 30 0 58 43 78 0 41 9 17 13 20 42 38 33 4 73 58 44 29 70 54 68 25 66 69 0 10 34 58 7 73 33 78 45 33 65 39 67 60 46 1 35 26 11 3 57 21 78 14 7 63 0 53 75 4 52 47 72 17 53 23 66
run=15 seed=14 k=79 f=0
56 48 76 78 59 68 28 26 21 26 78 25 60 32 72 55 8 49 25 23 30 75 5 69 67 28 2 35 5 24 21 64 22 56 2 11 63 77 0 48 64 51 33 61 0 32 6 54 17 0 40 43 44 78 4 46 18 10 1 32 61 18 74 15 17 10 63 48 14 33 22 40 35 78 68 33 38 15 69 7 7 41 1 42 58 41 78 54 12 38 0 9 51 78 10 64 49 71 20 27 69 3 75 53 35 16 50 33 9 58
run=16 seed=15 k=79 f=0
32 30 11 63 54 46 5 59 2 6 43 6 53 2 38 72 42 63 9 76 7 64 0 33 61 9 25 74 32 1 56 18 62 15 46 45 68 6 31 16 38 68 75 57 33 77 44 28 61 0 9 21 25 78 26 36 28 0 33 13 78 1 56 49 50 64 50 49 51 54 56 56 16 44 33 13 73 17 59 78 40 0 9 39 24 9 69 71 62 19 27 0 19 39 78 67 47 36 71 0 63 22 65 51 12 48 78 77 44 75
run=17 seed=16 k=79 f=0
55 30 32 60 78 43 11 29 2 12 0 59 12 15 78 0 9 28 11 27 63 49 32 32 78 62 11 64 6 78 56 22 27 65 18 7 74 1 78 20 0 5 36 7 34 5 16 60 51 78 38 43 34 29 74 16 49 46 14 18 43 65 12 49 58 69 29 6 78 69 56 29 69 67 18 58 52 19 53 2 41 70 78 12 36 59 0 52 77 40 38 45 50 48 57 22 28 14 56 23 63 38 47 24 69 0 58 34 45 72
run=18 seed=17 k=79 f=0
74 5 68 57 31 46 26 6 65 56 75 68 24 1 45 26 34 56 13 66 16 72 37 7 64 71 72 19 33 48 78 61 69 14 58 37 60 78 51 38 40 36 67 35 55 30 42 20 54 18 27 49 0 69 1 28 21 2 53 0 78 77 76 41 40 11 75 9 0 34 49 49 27 78 8 8 73 64 43 39 47 78 54 31 28 54 62 19 63 24 14 59 61 29 43 22 10 11 7 61 3 21 59 43 11 8 8 1 0 48
run=19 seed=18 k=79 f=0
67 4 78 38 13 14 15 70 32 21 26 61 71 1 51 59 24 46 41 17 72 13 16 9 29 58 70 76 20 18 75 33 21 54 1 26 3 38 44 13 33 78 1 60 0 27 69 66 69 78 61 78 0 52 29 77 69 44 0 46 51 8 73 71 61 5 62 65 47 78 64 37 42 78 15 60 24 55 65 28 20 7 42 21 56 36 33 0 32 6 62 78 4 54 16 10 11 19 24 50 28 75 48 9 35 31 9 58 49 39
run=20 seed=19 k=79 f=0
41 29 77 45 52 20 42 65 37 52 61 68 27 20 0 0 9 38 20 0 38 15 39 8 34 71 25 59 8 73 54 73 65 3 76 7 30 78 53 20 38 44 12 64 45 5 34 59 24 51 2 61 33 12 47 30 3 54 52 57 78 24 69 58 42 0 17 10 23 33 65 76 42 45 18 58 41 17 78 50 64 31 50 24 9 77 0 58 70 27 36 72 15 2 68 33 78 14 33 7 39 48 64 60 17 9 49 12 65 45
