run=1 seed=0 k=80 f=0
78 24 71 21 11 54 52 48 16 18 77 47 36 29 27 18 9 23 48 36 55 74 67 30 71 44 59 41 5 68 52 31 16 67 34 7 22 30 0 61 37 61 79 46 1 9 27 1 79 0 12 35 28 78 4 39 21 0 46 53 63 62 26 57 60 76 18 26 13 43 50 34 37 43 73 52 22 79 26 62 40 5 32 12 68 54 17 4 77 34 72 20 46 6 37 41 76 70 0 11 68 14 20 55 7 50 41 68 52 66
run=2 seed=1 k=80 f=0
78 24 71 21 11 54 52 48 16 18 77 47 36 29 27 18 9 23 48 36 55 74 67 30 71 44 59 41 5 68 52 31 16 67 34 7 22 30 0 61 37 61 79 46 1 9 27 1 79 0 12 35 28 78 4 39 21 0 46 53 63 62 26 57 60 76 18 26 13 43 50 34 37 43 73 52 22 79 26 62 40 5 32 12 68 54 17 4 77 34 72 20 46 6 37 41 76 70 0 11 68 14 20 55 7 50 41 68 52 66
run=3 seed=2 k=80 f=0
23 5 12 20 32 5 33 19 13 11 23 64 37 56 3 11 7 21 53 64 34 19 52 0 17 61 36 67 0 55 67 72 79 56 69 57 7 79 29 55 79 28 10 28 37 72 78 43 23 70 6 48 52 17 66 35 40 16 53 27 79 1 25 47 49 60 9 57 44 45 28 39 43 44 36 9 17 12 14 49 61 0 69 0 79 28 15 68 60 76 62 72 21 79 66 39 16 32 71 53 78 49 42 0 5 32 41 51 29 29
run=4 seed=3 k=80 f=0
55 4 29 26 59 37 70 8 60 73 1 35 74 4 0 14 52 7 45 36 61 40 68 55 7 38 18 7 53 2 44 73 60 76 77 54 77 0 47 68 34 28 56 50 79 50 0 3 20 29 72 79 0 37 43 27 8 15 46 49 70 66 10 22 17 78 32 31 19 39 14 2 45 41 63 64 15 66 79 9 0 53 69 34 10 32 79 79 18 73 23 25 46 18 57 66 60 60 5 62 22 26 25 9 54 37 11 19 11 15
run=5 seed=4 k=80 f=0
28 4 5 0 34 9 2 41 79 51 36 64 0 57 63 74 17 24 63 67 60 48 30 26 0 61 37 8 11 61 42 29 79 74 0 20 3 48 20 20 68 54 14 67 54 58 18 21 26 45 20 63 0 20 1 58 70 70 79 25 79 34 14 38 29 36 52 13 14 45 31 77 54 49 8 45 75 7 0 55 40 6 51 65 23 34 70 76 72 51 13 7 46 59 68 55 4 11 40 29 79 42 30 36 46 38 35 69 13 75
run=6 seed=5 k=80 f=0
62 43 76 51 30 39 14 45 71 0 40 73 14 50 72 0 56 28 19 2 78 25 26 8 40 70 76 19 79 60 64 36 51 76 2 53 7 12 6 79 42 69 51 68 50 57 33 63 30 79 14 35 47 43 60 23 53 25 15 68 13 10 19 42 33 0 1 58 48 0 35 49 63 66 6 24 8 20 30 79 62 8 79 0 57 1 22 31 26 16 41 21 59 27 77 66 3 39 57 47 79 18 26 0 73 33 60 52 69 36
run=7 seed=6 k=80 f=0
5 21 1 79 54 3 33 25 14 14 29 9 53 78 24 14 23 57 35 65 78 2 48 6 67 46 27 71 48 49 11 70 11 49 66 43 18 78 60 59 40 10 19 10 48 68 39 47 37 15 0 72 62 43 67 37 76 43 37 30 70 56 27 39 42 72 59 20 48 14 31 50 53 79 6 0 61 72 56 18 60 23 21 0 17 35 79 58 5 73 0 72 76 39 8 11 67 28 13 28 5 75 55 0 4 31 67 56 35 32
run=8 seed=7 k=80 f=0
49 74 10 79 79 46 0 12 36 17 36 16 69 24 16 4 62 6 43 45 21 40 58 0 69 19 41 30 68 30 13 30 43 22 8 60 1 65 74 76 73 0 41 35 56 60 20 8 8 37 61 57 79 61 78 28 36 25 79 24 46 47 1 52 50 56 34 79 53 68 13 41 26 36 71 18 16 21 64 61 13 70 71 32 8 53 0 12 79 29 7 0 79 7 38 58 51 68 16 0 23 32 3 54 26 64 48 20 54 43
run=9 seed=8 k=80 f=0
35 31 71 12 63 9 51 2 28 53 17 54 0 37 12 56 33 64 28 0 40 4 46 74 0 51 50 72 0 39 59 12 40 76 47 47 3 49 30 47 6 34 36 55 48 20 9 0 62 79 19 11 0 2 15 62 79 78 48 24 18 37 41 5 42 71 76 79 63 1 57 13 9 31 42 55 38 25 27 47 71 21 17 24 77 56 70 62 25 21 67 9 21 61 9 68 28 39 33 26 39 73 73 26 56 26 62 79 31 12
run=10 seed=9 k=80 f=0
20 45 49 79 75 58 8 38 33 43 33 7 16 46 47 38 72 30 53 0 27 70 0 62 49 58 19 30 57 0 64 19 57 77 0 55 52 23 70 0 29 79 53 0 66 25 77 18 32 0 71 18 49 32 66 10 46 78 41 24 79 15 42 44 47 79 67 0 50 35 37 61 65 68 9 24 70 52 66 31 5 60 48 15 11 7 24 43 27 18 38 60 71 35 79 5 12 41 59 38 12 74 79 15 20 11 34 1 9 39
run=11 seed=10 k=80 f=0
39 13 79 55 68 46 49 35 67 9 19 73 43 13 6 37 70 24 9 34 26 4 76 28 46 47 17 29 73 37 53 49 23 16 55 44 48 1 26 79 44 41 51 31 56 64 58 26 38 0 79 29 18 1 66 57 77 15 10 29 63 78 16 40 8 6 38 65 70 64 32 57 54 0 10 23 72 9 54 79 18 62 36 74 79 53 79 72 3 60 34 43 63 0 15 59 24 7 12 19 30 21 4 27 0 68 68 78 0 33
run=12 seed=11 k=80 f=0
60 66 46 53 53 48 2 38 2 20 8 23 8 0 21 17 8 39 7 78 1 39 13 0 0 26 10 0 48 71 20 72 39 31 67 10 5 79 53 46 79 13 4 55 64 14 10 60 42 17 28 70 70 79 13 68 31 68 52 56 79 30 38 64 62 28 78 42 24 62 56 37 33 32 48 41 75 18 65 28 46 59 9 22 33 56 0 45 60 76 78 71 63 12 78 45 66 52 36 21 23 74 37 61 17 28 36 18 38 55
run=13 seed=12 k=80 f=0
34 6 26 60 20 22 78 45 29 58 64 69 7 47 56 16 8 49 5 30 57 48 26 49 27 72 2 15 73 23 66 35 67 79 74 29 10 60 0 0 54 12 27 75 53 61 2 0 46 0 79 60 24 46 4 10 28 42 42 74 54 1 78 19 35 53 22 64 0 33 41 52 15 28 33 54 33 13 75 39 79 68 70 68 21 79 63 72 36 57 20 52 46 44 10 14 30 36 3 43 59 21 16 79 7 75 68 41 42 40
run=14 seed=13 k=80 f=0
0 61 46 78 1 6 49 49 27 9 71 8 21 54 6 5 63 73 12 51 43 76 75 0 70 47 60 37 41 26 0 68 59 1 28 50 64 28 59 14 7 35 43 63 48 42 14 15 56 31 69 60 15 79 14 38 46 51 16 27 40 17 78 54 19 55 68 40 0 16 21 76 0 30 7 8 23 47 62 12 22 56 69 66 28 70 79 38 0 37 79 79 43 54 79 35 32 24 35 79 63 35 76 71 7 26 32 45 53 22
run=15 seed=14 k=80 f=0
9 4 18 45 52 79 37 72 45 20 52 17 72 11 58 23 51 66 65 71 63 34 22 79 2 21 70 67 46 9 29 48 33 0 2 53 75 9 63 1 18 57 25 72 57 53 76 21 9 79 52 4 0 30 56 30 20 23 0 11 28 79 36 33 17 65 15 69 16 36 14 30 70 65 42 38 2 28 43 51 75 8 12 48 26 43 60 0 63 6 14 79 5 48 36 38 39 45 73 37 43 63 63 36 10 39 26 54 60 73
run=16 seed=15 k=80 f=0
13 5 0 36 39 74 13 44 23 25 39 48 17 38 27 69 17 60 25 48 56 16 50 0 39 31 44 35 68 27 25 43 8 68 67 34 20 52 21 1 77 20 2 17 60 32 24 47 40 79 18 79 0 51 25 34 79 79 8 9 70 29 40 38 59 57 3 19 74 63 45 57 24 52 8 59 65 71 27 47 1 33 0 14 64 39 54 11 56 73 62 79 73 67 49 32 5 11 44 8 11 75 58 62 0 45 48 10 53 49
run=17 seed=16 k=80 f=0
32 54 32 66 47 58 11 24 48 47 76 25 36 35 3 8 28 61 27 58 46 36 77 11 77 51 39 22 0 24 45 79 56 70 9 74 51 1 54 42 71 40 79 24 52 8 0 4 17 0 56 54 79 0 46 17 55 77 68 43 9 17 12 15 63 39 23 66 24 79 22 70 44 65 37 74 75 50 32 74 62 15 30 31 3 18 67 0 63 73 27 10 46 57 35 40 19 34 3 66 69 3 63 59 18 13 76 71 32 6
run=18 seed=17 k=80 f=0
61 47 51 78 75 67 27 59 28 33 54 76 55 57 40 60 27 64 13 8 15 35 51 70 66 79 29 6 22 58 73 79 17 21 62 25 68 50 13 48 65 31 30 25 31 24 77 7 62 18 49 51 51 52 74 38 6 0 63 3 9 42 62 4 1 16 71 78 0 2 57 15 0 10 36 19 46 43 73 6 69 41 79 42 23 78 70 20 1 45 31 79 63 23 50 68 38 33 10 58 25 56 1 42 38 74 41 53 11 12
run=19 seed=18 k=80 f=0
14 41 59 54 74 45 9 22 29 45 37 10 48 56 7 1 43 66 38 70 31 75 66 37 71 7 46 58 38 74 23 11 29 30 55 56 64 73 66 22 30 79 39 11 79 1 73 37 36 27 0 29 61 19 2 54 5 41 23 17 0 61 11 20 8 64 48 51 53 8 13 76 70 55 52 34 78 62 61 0 67 45 19 59 3 70 79 18 60 33 79 79 19 4 25 49 65 48 21 26 29 30 14 18 15 35 17 2 25 73
run=20 seed=19 k=80 f=0
54 5 4 39 29 20 36 44 61 79 79 29 17 58 79 34 26 41 51 0 55 42 49 62 73 17 31 42 21 51 47 25 34 14 71 20 75 67 6 1 14 46 0 79 9 59 33 1 43 70 68 76 0 2 31 52 15 47 69 57 61 0 79 56 24 37 27 42 11 19 48 37 79 24 8 35 9 0 19 44 78 62 28 75 31 8 35 75 54 64 69 60 57 14 21 37 4 11 19 45 40 66 38 53 50 28 66 70 7 76
