run=1 seed=0 k=81 f=0
8 76 68 24 51 43 65 71 31 30 5 58 46 23 60 26 16 47 41 62 36 46 11 35 19 61 59 51 75 49 54 11 2 31 23 65 77 2 49 34 30 0 65 58 71 65 43 51 49 0 15 5 80 32 11 78 67 15 52 34 9 80 70 74 58 17 28 47 21 69 54 42 32 54 25 46 35 9 29 18 59 79 64 19 72 72 41 79 56 35 27 41 38 66 56 80 66 22 37 26 6 3 45 71 14 21 13 9 0 6
run=2 seed=1 k=81 f=0
8 76 68 24 51 43 65 71 31 30 5 58 46 23 60 26 16 47 41 62 36 46 11 35 19 61 59 51 75 49 54 11 2 31 23 65 77 2 49 34 30 0 65 58 71 65 43 51 49 0 15 5 80 32 11 78 67 15 52 34 9 80 70 74 58 17 28 47 21 69 54 42 32 54 25 46 35 9 29 18 59 79 64 19 72 72 41 79 56 35 27 41 38 66 56 80 66 22 37 26 6 3 45 71 14 21 13 9 0 6
run=3 seed=2 k=81 f=0
71 78 52 26 5 38 20 65 12 59 28 52 4 0 78 47 80 42 38 80 22 69 10 14 3 55 53 22 57 62 48 1 33 3 49 59 1 79 18 40 21 33 31 68 28 58 60 48 65 0 79 44 9 67 22 58 20 17 50 20 18 64 64 62 44 74 78 74 41 0 49 31 27 26 71 75 29 38 9 22 13 57 0 12 63 47 36 72 7 15 66 73 56 45 54 56 67 74 33 9 80 12 39 44 0 51 27 22 46 30
run=4 seed=3 k=81 f=0
71 76 45 52 13 31 73 0 78 53 10 63 49 1 17 68 9 16 75 73 19 40 42 43 38 60 22 30 25 61 39 7 65 23 0 12 46 58 16 10 31 80 49 80 47 56 58 54 71 44 79 8 80 23 39 10 41 37 27 57 26 80 2 73 69 67 64 15 61 1 66 23 53 76 0 67 0 70 45 80 33 51 42 6 1 26 35 9 49 29 0 33 73 0 27 80 14 4 22 20 60 32 67 18 55 80 35 24 36 50
run=5 seed=4 k=81 f=0
66 4 3 0 46 53 17 33 70 13 80 34 62 12 26 25 17 24 56 36 49 67 79 23 48 37 61 53 80 79 30 41 72 58 6 19 58 80 23 19 5 72 41 33 34 40 10 16 70 79 37 56 0 64 67 1 31 80 57 61 44 9 33 49 48 27 30 70 15 53 31 3 53 51 8 22 74 44 6 34 79 0 42 14 27 0 62 14 0 73 9 0 16 28 0 73 68 11 9 61 17 76 45 26 65 36 38 8 30 56
run=6 seed=5 k=81 f=0
28 32 32 1 54 9 20 67 18 40 56 52 9 29 38 16 47 78 72 45 5 78 70 42 47 56 68 16 0 25 20 50 64 60 19 45 5 2 21 74 8 11 29 64 8 58 45 80 17 0 48 66 28 0 43 55 33 45 68 0 9 36 0 15 35 46 38 62 37 34 22 66 63 32 36 80 37 54 29 80 25 60 69 51 18 0 72 16 57 6 22 10 50 80 28 74 38 39 10 24 45 23 75 80 0 54 80 32 78 66
run=7 seed=6 k=81 f=0
61 21 20 37 59 19 60 67 5 49 32 79 66 69 27 32 23 46 8 6 57 43 41 55 70 7 24 35 27 46 52 77 48 1 74 10 54 59 12 73 60 37 35 53 51 32 63 65 16 56 9 5 72 45 73 29 29 20 24 16 31 59 25 14 42 46 35 43 14 16 66 4 0 41 80 54 37 1 47 33 66 1 79 26 71 80 40 73 15 62 8 79 58 24 79 52 78 63 78 8 20 37 43 48 62 14 80 54 65 34
run=8 seed=7 k=81 f=0
31 39 7 64 35 60 27 53 44 1 45 15 67 22 20 73 37 16 10 35 5 21 52 73 57 63 42 13 32 51 50 30 42 4 26 60 62 31 39 49 58 15 73 50 2 36 54 71 54 0 80 67 21 61 43 10 0 0 68 46 70 34 15 56 79 21 76 17 80 0 49 23 30 9 80 74 39 17 25 5 51 42 0 23 56 80 9 32 38 27 56 12 29 80 66 62 3 77 13 78 79 5 13 44 0 72 16 29 11 73
run=9 seed=8 k=81 f=0
38 49 66 80 22 15 24 60 36 72 27 74 32 51 74 78 9 47 34 18 61 23 0 38 27 71 71 63 0 62 77 1 44 23 7 7 51 78 0 1 15 67 67 29 8 66 0 65 44 0 6 66 54 43 4 45 75 12 9 40 64 67 9 59 34 55 46 0 37 30 30 19 16 80 38 29 73 0 47 9 15 53 1 12 80 23 80 47 77 19 58 53 16 80 50 42 40 35 12 38 61 59 64 25 71 27 9 25 54 31
run=10 seed=9 k=81 f=0
66 12 29 53 72 31 34 72 19 79 0 74 6 38 80 68 32 64 14 31 56 42 27 22 38 42 80 57 22 9 0 3 43 55 0 29 3 79 63 25 27 38 46 73 48 60 7 52 17 80 45 75 8 60 2 10 51 13 64 23 0 7 80 13 27 67 1 60 73 38 71 45 49 51 23 8 23 0 13 57 80 21 1 36 48 32 58 66 13 52 71 19 18 15 74 8 14 37 54 59 28 55 61 66 80 37 44 42 73 73
run=11 seed=10 k=81 f=0
9 22 51 50 4 24 61 35 4 64 80 33 80 22 70 53 64 57 13 58 46 4 41 74 0 48 8 51 79 62 3 77 58 77 74 61 77 6 17 41 69 0 44 13 44 64 73 42 55 0 31 14 26 22 68 50 49 0 70 17 41 70 31 19 62 73 33 80 16 0 11 24 71 49 34 9 0 43 26 4 30 63 62 27 37 13 80 24 49 74 34 0 22 56 27 53 57 7 6 35 37 47 41 17 10 18 42 14 17 12
run=12 seed=11 k=81 f=0
61 62 6 48 74 54 4 61 69 23 51 40 46 60 25 19 64 41 61 60 44 10 77 40 12 7 64 5 11 24 38 31 11 77 47 51 49 13 19 18 53 38 49 21 38 31 46 78 14 80 80 42 46 6 2 43 16 70 24 27 0 46 49 27 29 6 78 0 1 0 20 77 71 2 55 66 29 74 14 18 80 54 15 67 72 56 34 8 29 74 80 7 63 68 56 37 29 58 14 62 26 6 0 25 80 38 67 36 16 19
run=13 seed=12 k=81 f=0
67 30 36 53 22 38 58 59 28 44 9 73 18 66 39 77 28 50 0 80 2 69 31 0 63 18 22 78 19 31 0 44 72 32 39 15 12 78 0 0 38 73 12 27 35 47 14 46 64 36 13 39 9 30 64 19 65 32 52 4 45 48 72 4 49 8 71 21 36 78 58 58 0 80 71 7 74 60 28 46 58 16 64 23 63 7 80 69 9 42 54 72 63 29 12 41 48 23 80 57 49 39 76 53 19 23 79 54 44 59
run=14 seed=13 k=81 f=0
41 55 13 54 73 27 49 56 40 26 71 6 45 37 7 61 9 74 21 46 18 74 0 4 0 52 29 59 10 39 77 7 27 49 56 39 22 1 65 66 48 66 12 37 40 78 28 53 60 0 70 29 34 33 61 17 42 0 0 79 25 69 1 20 41 78 0 48 28 12 67 53 16 14 43 12 45 20 56 71 50 80 7 31 37 55 80 62 74 28 36 23 17 16 9 78 2 46 15 69 1 30 17 72 8 74 42 62 80 65
run=15 seed=14 k=81 f=0
11 74 79 49 33 33 60 61 56 48 9 68 15 28 49 20 2 58 49 0 46 33 20 80 31 71 17 41 13 31 65 68 72 77 0 0 53 16 44 80 40 54 38 0 12 44 26 80 17 80 0 68 35 41 48 8 14 0 17 80 43 63 65 30 70 23 37 54 80 58 65 22 26 27 11 74 44 67 39 43 5 27 71 5 62 35 52 8 78 21 60 53 7 4 71 23 78 7 18 63 79 38 55 60 30 31 49 1 73 46
run=16 seed=15 k=81 f=0
71 55 19 0 46 65 41 29 58 0 18 12 0 54 62 33 43 74 72 73 44 21 25 80 18 9 50 42 69 41 15 13 16 40 32 5 21 57 9 80 34 50 3 80 41 39 36 74 72 18 61 8 0 23 14 48 7 7 27 50 36 76 14 31 69 20 0 6 65 27 67 32 27 55 52 40 41 67 57 35 0 80 30 23 36 46 80 19 80 63 28 49 77 58 27 78 4 48 52 7 63 66 77 60 0 51 61 5 9 24
run=17 seed=16 k=81 f=0
34 31 55 27 0 70 54 52 21 6 77 15 80 23 13 6 73 51 56 29 51 41 36 36 0 18 18 25 43 45 12 80 57 60 20 22 42 78 17 0 80 72 2 20 46 8 27 59 48 9 63 15 27 64 13 38 44 20 59 72 80 36 48 33 8 0 79 12 12 9 67 78 0 30 42 5 45 1 20 23 26 35 28 25 0 66 57 72 6 63 48 36 3 61 22 45 32 64 24 7 11 54 53 36 68 72 37 11 54 3
run=18 seed=17 k=81 f=0
19 18 56 59 0 52 13 39 28 37 20 70 15 33 71 79 16 49 10 80 61 0 9 79 16 27 27 47 0 18 80 35 24 59 30 30 12 79 8 32 51 4 23 42 71 76 2 11 36 64 68 55 0 43 12 64 75 64 28 44 9 63 59 34 30 2 47 28 71 8 41 55 80 41 73 17 75 35 40 48 22 52 21 2 11 56 55 0 36 6 6 47 38 77 52 67 11 22 68 30 65 4 59 47 56 0 70 45 46 42
run=19 seed=18 k=81 f=0
57 41 44 0 16 50 18 73 77 69 26 65 4 40 16 12 62 21 5 16 32 50 22 10 54 0 75 76 56 58 13 80 62 45 65 3 0 80 20 43 5 0 32 0 72 26 24 65 9 28 33 79 46 47 58 38 37 71 63 30 80 45 16 7 11 8 50 1 72 49 14 14 55 53 38 11 73 19 42 28 57 22 24 66 7 80 71 41 33 52 36 53 47 22 63 0 68 35 5 16 29 75 23 19 78 30 66 0 25 77
run=20 seed=19 k=81 f=0
72 15 5 35 0 7 22 42 58 48 77 61 49 13 6 43 0 49 50 65 53 34 71 73 37 64 45 36 0 54 52 80 80 2 77 2 53 79 54 14 61 18 12 56 17 67 16 74 47 80 79 56 10 36 25 65 8 31 1 9 28 56 46 34 33 29 36 0 27 0 42 42 71 0 18 46 48 19 38 28 61 71 16 60 11 40 55 9 47 74 59 20 17 29 68 70 22 21 67 39 26 77 31 36 47 22 78 37 66 41
