run=1 seed=0 k=94 f=0
40 32 23 23 87 0 2 14 66 8 1 12 6 40 51 26 16 68 78 11 55 75 65 0 88 45 77 86 72 53 82 17 60 41 9 41 30 76 51 79 12 93 20 49 7 45 60 88 71 79 93 90 36 62 85 27 35 92 38 36 52 60 44 31 33 55 48 15 85 37 8 54 62 23 0 71 40 86 64 43 0 46 12 58 23 15 24 63 22 91 69 70 35 72 49 91 3 3 66 64 53 21 27 87 79 0 9 34 70 58
run=2 seed=1 k=94 f=0
40 32 23 23 87 0 2 14 66 8 1 12 6 40 51 26 16 68 78 11 55 75 65 0 88 45 77 86 72 53 82 17 60 41 9 41 30 76 51 79 12 93 20 49 7 45 60 88 71 79 93 90 36 62 85 27 35 92 38 36 52 60 44 31 33 55 48 15 85 37 8 54 62 23 0 71 40 86 64 43 0 46 12 58 23 15 24 63 22 91 69 70 35 72 49 91 3 3 66 64 53 21 27 87 79 0 9 34 70 58
run=3 seed=2 k=94 f=0
61 29 63 41 55 1 74 81 59 71 64 69 1 18 55 15 27 17 83 90 8 86 90 13 5 41 0 43 80 25 55 70 84 46 47 44 48 72 55 15 46 0 36 87 46 7 42 12 34 51 34 31 60 38 59 31 25 74 42 23 3 64 43 8 10 22 93 54 51 76 66 0 12 29 84 76 38 52 33 61 93 61 92 92 17 93 75 68 21 0 38 24 69 92 36 0 9 21 3 50 6 79 89 93 74 25 12 85 87 69
run=4 seed=3 k=94 f=0
36 89 72 42 17 70 16 44 91 48 40 24 1 0 58 82 74 61 7 87 46 0 92 25 90 93 71 23 31 6 82 37 85 11 40 57 92 21 32 16 90 21 0 15 43 30 11 42 63 18 61 41 1 53 87 57 86 77 30 12 81 32 25 40 65 9 78 60 10 33 68 70 34 52 27 3 82 15 71 74 93 65 0 54 59 44 49 81 91 7 67 78 28 79 22 93 23 42 60 27 76 4 44 10 17 8 49 50 52 54
run=5 seed=4 k=94 f=0
69 68 17 35 19 0 12 25 86 47 1 51 63 60 24 3 55 48 69 28 53 77 75 71 73 64 80 58 20 92 10 13 44 41 61 27 29 18 34 1 27 38 70 65 81 12 8 29 93 13 53 33 73 47 30 76 0 76 64 39 1 64 51 6 53 13 71 28 93 10 88 88 43 36 23 74 47 0 19 31 31 85 93 60 45 86 34 20 82 80 53 12 15 17 53 81 87 20 49 36 92 7 1 83 72 82 90 60 45 39
run=6 seed=5 k=94 f=0
93 78 70 19 80 0 26 23 9 73 4 25 49 43 14 58 35 44 16 77 88 20 37 11 7 81 54 44 93 45 10 49 58 87 65 32 53 8 51 35 84 10 57 81 28 19 9 33 42 51 36 73 60 92 31 93 23 75 26 91 93 45 61 65 64 42 15 80 69 67 0 12 69 66 23 54 63 26 43 39 1 33 18 73 60 4 14 93 60 90 88 37 69 20 68 16 70 86 37 53 42 63 28 6 93 26 36 72 76 1
run=7 seed=6 k=94 f=0
67 19 30 15 72 24 29 79 54 43 8 71 5 24 14 64 32 8 25 20 27 76 72 66 58 74 93 23 40 2 56 92 90 30 49 34 48 50 2 39 9 68 41 92 45 84 11 82 14 93 34 16 41 39 84 62 59 30 55 86 51 9 32 58 89 4 5 34 83 76 0 92 81 20 23 31 35 50 46 24 2 11 46 70 37 74 65 41 85 47 59 61 34 0 75 15 79 58 77 69 85 26 0 5 74 80 59 15 56 87
run=8 seed=7 k=94 f=0
31 35 4 76 71 46 73 59 67 46 52 27 27 18 15 13 9 64 4 72 24 48 92 56 82 32 0 58 30 10 71 56 64 72 30 6 11 86 92 2 63 9 37 13 38 21 36 38 66 41 45 2 0 45 1 7 93 93 0 0 74 93 53 51 12 21 58 23 40 38 93 40 16 35 81 20 30 69 62 3 86 77 74 21 16 77 58 89 39 24 43 29 51 74 67 45 83 87 21 60 61 55 55 49 81 82 93 81 20 92
run=9 seed=8 k=94 f=0
70 92 15 35 67 50 46 14 30 11 10 22 76 89 7 75 52 93 89 27 63 7 17 0 40 43 10 22 56 19 3 33 39 25 38 38 34 57 32 46 48 2 66 29 27 58 51 22 67 0 73 9 87 59 6 39 24 15 53 67 59 84 7 36 79 72 93 17 84 80 81 90 30 26 73 72 0 54 93 31 47 15 82 47 40 87 16 93 36 22 65 0 49 3 57 88 39 78 17 89 7 53 63 8 71 83 68 61 62 80
run=10 seed=9 k=94 f=0
84 45 10 76 37 74 20 1 16 16 14 39 73 37 53 64 18 79 16 0 8 80 83 45 50 42 53 5 14 19 48 55 22 38 45 16 76 66 21 46 3 84 10 18 75 66 52 48 10 51 92 56 93 93 47 27 61 91 48 3 30 91 4 25 84 36 66 41 24 62 87 55 72 15 4 11 56 29 37 9 31 71 93 58 91 1 63 85 31 69 38 29 64 68 11 75 80 0 9 0 6 23 28 82 63 29 84 83 36 57
run=11 seed=10 k=94 f=0
0 86 17 35 2 62 55 47 14 42 14 14 37 67 46 44 84 50 88 85 71 10 13 57 52 11 12 80 15 70 43 80 62 57 48 64 23 9 38 8 0 6 18 69 33 68 60 92 4 72 22 86 20 64 78 2 74 54 39 93 45 3 67 0 24 22 74 17 57 93 26 87 55 93 38 93 44 43 30 15 26 17 75 67 48 28 93 85 46 62 75 3 89 66 74 91 90 79 10 84 39 38 77 32 63 32 28 34 78 27
run=12 seed=11 k=94 f=0
45 28 70 55 91 10 7 17 23 33 39 64 30 16 10 34 26 52 54 85 92 70 35 71 67 67 43 70 27 7 48 0 64 72 68 50 75 30 51 84 0 20 63 84 86 92 0 41 56 76 91 88 9 12 4 57 28 17 31 58 85 78 50 15 91 77 48 48 47 34 36 24 19 38 92 58 65 24 74 46 63 80 93 45 7 54 0 80 74 40 1 24 91 93 27 80 73 32 32 20 42 4 60 44 60 58 59 33 64 82
run=13 seed=12 k=94 f=0
21 23 21 85 71 83 81 35 39 54 25 83 25 71 38 52 25 80 21 0 62 79 86 0 37 7 77 7 24 43 42 6 55 3 85 32 64 73 66 48 51 48 20 90 89 4 84 1 18 92 93 14 75 29 61 11 12 73 16 74 0 60 69 45 90 52 44 16 71 56 13 91 49 32 36 58 66 66 86 80 41 93 25 29 34 93 66 20 2 55 15 42 63 0 46 52 2 40 67 33 1 9 62 58 77 80 36 93 28 86
run=14 seed=13 k=94 f=0
68 65 21 63 93 93 11 65 48 53 69 0 83 42 74 58 10 90 84 5 77 13 4 0 64 77 51 42 55 72 86 41 32 19 11 93 47 9 26 11 5 64 56 61 9 89 33 19 17 25 93 25 60 50 47 84 32 56 55 88 52 75 61 36 0 72 83 47 28 86 4 82 85 39 68 80 1 13 17 43 21 0 55 81 85 64 43 25 47 0 19 92 91 17 36 41 19 71 38 40 75 28 29 34 34 1 65 34 38 49
run=15 seed=14 k=94 f=0
62 29 74 4 89 1 69 31 9 2 36 50 51 49 92 64 31 4 23 8 85 4 61 87 47 46 78 20 11 62 85 13 76 59 0 75 71 50 93 85 40 93 78 27 78 44 23 68 0 82 93 21 9 58 89 21 40 29 44 87 57 38 30 70 84 56 0 29 53 47 39 93 66 58 17 27 35 13 18 22 33 72 86 11 62 66 93 33 35 54 7 24 0 55 10 0 26 36 13 12 48 17 72 23 70 35 82 44 20 63
run=16 seed=15 k=94 f=0
79 47 79 87 50 28 84 3 17 26 49 83 84 82 29 15 44 25 93 11 71 25 75 59 76 58 48 59 10 3 21 59 10 13 77 91 44 42 36 70 93 29 78 18 35 62 28 50 27 18 39 31 77 66 93 84 12 91 79 54 67 64 4 51 71 60 16 44 38 18 32 3 0 18 85 44 69 78 0 35 5 86 92 62 93 51 9 69 93 71 0 86 65 13 85 21 64 52 43 6 21 21 32 37 58 37 47 73 30 3
run=17 seed=16 k=94 f=0
36 1 46 50 1 50 31 72 67 50 80 32 51 0 0 11 38 90 62 16 56 20 83 75 43 29 18 25 25 35 55 48 42 56 15 40 54 81 87 83 80 71 66 30 54 71 20 10 92 59 9 49 5 86 21 36 24 8 4 26 14 85 58 0 1 93 71 66 93 65 76 16 68 61 49 53 72 26 38 84 78 32 0 43 64 93 84 2 81 11 20 29 12 1 93 9 44 46 89 61 41 77 88 22 47 67 9 25 91 73
run=18 seed=17 k=94 f=0
18 52 18 34 39 49 9 89 29 66 50 46 40 12 70 85 24 53 66 86 23 93 81 65 73 42 55 33 31 25 73 58 23 26 27 39 81 60 8 93 45 75 36 74 18 52 27 5 87 32 80 53 78 0 1 13 90 1 65 1 17 10 77 11 69 39 77 40 10 93 67 26 0 31 93 19 82 74 2 51 32 47 69 46 41 14 59 7 63 84 59 16 90 51 92 81 89 70 18 93 9 62 2 9 31 45 90 61 0 64
run=19 seed=18 k=94 f=0
45 22 24 31 29 60 11 42 33 59 48 93 58 43 35 33 17 66 51 12 4 54 11 84 73 26 21 68 28 72 73 75 25 20 58 41 54 0 27 87 59 41 82 50 21 64 84 45 70 87 50 75 35 0 91 14 9 16 25 1 0 82 8 44 7 78 0 91 93 4 10 37 60 78 53 80 70 12 34 66 64 17 24 33 84 49 78 93 66 3 6 73 91 9 41 58 82 7 34 35 86 27 10 47 65 0 39 92 42 93
run=20 seed=19 k=94 f=0
32 5 71 20 13 77 63 6 44 67 90 55 0 2 85 70 73 34 81 52 84 48 56 88 59 18 44 48 13 10 66 34 9 67 64 15 40 45 57 62 93 9 93 19 18 80 29 14 32 41 78 49 9 46 0 62 55 71 18 10 90 43 55 25 20 27 80 93 0 34 58 87 66 51 50 77 6 58 29 40 25 93 37 12 62 18 81 67 20 87 27 39 75 0 32 79 24 23 4 55 4 75 37 0 70 93 39 0 0 57
