run=1 seed=0 k=108 f=0
7 65 95 79 89 20 46 88 103 96 50 56 86 53 59 58 0 54 67 64 36 92 52 68 29 62 26 103 91 91 107 44 28 67 103 3 37 106 31 70 84 96 3 34 104 1 50 56 9 103 40 82 94 80 12 81 50 51 76 49 33 81 68 89 59 1 0 9 0 56 74 87 18 78 40 15 74 104 87 2 7 24 96 23 104 12 82 47 62 26 96 96 44 0 91 43 70 26 102 63 31 107 33 46 17 21 77 38 33 15
run=2 seed=1 k=108 f=0
7 65 95 79 89 20 46 88 103 96 50 56 86 53 59 58 0 54 67 64 36 92 52 68 29 62 26 103 91 91 107 44 28 67 103 3 37 106 31 70 84 96 3 34 104 1 50 56 9 103 40 82 94 80 12 81 50 51 76 49 33 81 68 89 59 1 0 9 0 56 74 87 18 78 40 15 74 104 87 2 7 24 96 23 104 12 82 47 62 26 96 96 44 0 91 43 70 26 102 63 31 107 33 46 17 21 77 38 33 15
run=3 seed=2 k=108 f=0
10 16 62 64 94 102 107 73 49 2 46 1 45 17 104 50 83 45 75 36 95 104 17 107 19 55 25 38 31 15 48 41 68 66 49 25 77 95 57 59 38 28 20 86 28 99 24 66 31 7 80 1 20 20 0 38 82 27 1 83 62 6 94 34 87 27 97 56 86 46 89 90 73 84 107 102 15 73 18 95 12 65 56 80 71 19 97 56 77 26 5 27 33 104 39 10 4 50 85 75 34 67 94 41 107 51 36 5 100 66
run=4 seed=3 k=108 f=0
81 9 36 96 37 0 86 88 73 4 22 0 45 2 59 75 24 91 87 3 107 53 94 66 96 78 44 101 100 22 31 94 88 50 98 85 53 22 58 34 58 81 40 103 64 7 57 55 95 106 11 76 49 51 8 29 61 17 38 24 31 37 91 64 103 81 13 50 65 85 72 72 58 77 1 15 42 31 100 81 0 26 98 82 47 97 16 0 31 55 106 30 2 88 14 95 74 40 48 69 9 103 88 67 77 23 71 16 105 42
run=5 seed=4 k=108 f=0
25 91 10 79 43 49 10 30 13 101 21 31 13 102 103 78 53 44 33 104 41 25 96 27 21 107 0 46 84 64 93 17 52 78 77 61 10 4 87 90 13 59 56 107 68 82 94 22 46 19 54 24 0 51 24 94 90 39 32 96 38 37 99 33 45 35 42 11 0 88 101 107 76 60 84 99 86 46 48 36 107 8 71 14 82 4 9 101 64 63 75 95 84 81 88 70 30 67 81 60 1 54 42 96 6 64 54 82 8 72
run=6 seed=5 k=108 f=0
7 5 102 0 63 25 106 54 64 81 14 78 0 34 46 80 73 31 97 66 23 46 63 21 3 97 66 102 96 91 86 71 86 64 75 66 22 99 73 71 41 92 19 57 18 63 45 52 0 49 9 27 106 40 77 86 31 33 84 88 58 41 16 4 7 0 64 52 56 49 83 48 27 99 13 20 70 58 1 71 107 11 79 91 100 11 37 81 6 43 107 107 27 60 31 40 54 10 53 36 50 101 18 89 31 16 72 104 32 62
run=7 seed=6 k=108 f=0
16 101 25 41 34 33 12 51 10 94 83 32 33 17 22 60 86 48 3 22 77 0 52 0 37 11 24 85 5 15 65 30 75 72 72 53 68 62 106 41 78 90 81 6 91 104 32 106 45 26 98 88 96 42 91 22 24 50 69 48 70 72 78 102 27 97 63 28 107 107 39 59 79 83 2 101 41 59 35 102 14 51 55 18 44 92 60 71 51 75 11 96 4 105 18 5 56 5 3 69 81 88 39 18 58 0 72 67 87 107
run=8 seed=7 k=108 f=0
45 100 92 67 25 75 104 37 105 97 54 3 103 70 0 74 82 40 104 0 45 36 72 92 61 0 106 36 2 14 10 10 66 104 78 23 106 47 61 88 21 99 85 30 2 97 24 67 17 107 85 77 45 49 69 91 69 26 107 82 60 93 45 15 13 3 40 13 18 55 8 54 31 59 53 33 58 31 27 20 88 58 18 26 64 40 91 46 55 23 81 75 48 72 34 96 94 77 15 99 40 40 58 68 83 20 7 33 6 34
run=9 seed=8 k=108 f=0
61 64 30 0 31 1 106 51 69 45 69 84 4 83 54 99 25 34 2 89 44 20 21 60 56 87 74 89 14 99 43 11 80 23 95 52 49 79 85 73 32 24 107 19 107 20 39 40 107 17 107 30 69 58 68 95 105 34 77 73 41 91 85 47 33 59 53 82 32 16 0 101 98 11 8 6 50 51 0 40 68 84 76 91 54 95 78 25 44 103 66 10 105 0 23 60 5 4 5 10 47 30 63 59 103 27 98 106 43 52
run=10 seed=9 k=108 f=0
36 24 61 103 2 65 68 53 38 68 13 86 106 85 1 83 89 0 71 103 75 92 39 57 75 98 78 12 3 37 10 8 52 60 101 37 24 103 79 80 63 62 19 8 22 100 36 3 16 63 93 91 29 27 93 74 92 69 21 100 72 61 18 43 6 84 106 33 32 11 9 107 54 32 80 78 30 25 2 7 107 43 93 31 55 93 107 48 57 35 42 46 23 92 46 87 21 43 28 53 56 10 72 4 67 61 98 58 86 50
run=11 seed=10 k=108 f=0
67 62 2 62 66 17 2 100 71 95 87 90 0 45 32 1 65 58 20 96 16 82 7 49 70 93 88 55 104 102 36 90 99 28 32 101 50 89 57 8 79 107 2 95 57 37 14 8 72 39 70 84 84 97 107 52 83 60 8 25 6 34 101 76 10 26 20 107 25 30 21 0 30 24 13 55 62 18 65 66 75 42 36 68 36 75 51 9 97 101 90 79 107 85 8 49 3 16 64 44 11 78 56 107 0 18 54 81 0 27
run=12 seed=11 k=108 f=0
106 8 69 61 51 67 49 42 77 39 100 49 38 41 53 77 11 91 91 78 87 40 73 84 23 104 52 32 19 73 97 58 67 107 40 26 78 74 88 60 89 33 16 0 9 100 36 105 67 2 0 67 21 83 26 6 7 5 20 35 75 102 41 35 1 52 78 57 2 94 98 18 57 45 82 95 18 9 11 26 68 107 91 51 46 92 43 106 28 62 15 31 101 71 46 60 78 32 36 80 19 86 33 93 69 96 5 29 37 48
run=13 seed=12 k=108 f=0
89 89 9 28 44 91 17 10 49 36 34 46 97 45 76 40 107 20 11 76 26 8 0 82 17 72 107 48 78 17 12 50 12 50 94 103 82 3 20 2 62 58 85 45 92 53 101 0 37 5 92 98 28 73 101 37 24 104 66 55 14 64 98 63 106 63 41 4 84 72 43 10 56 70 93 38 74 4 14 64 107 2 9 30 94 33 81 47 2 53 21 60 40 98 73 71 1 96 89 29 32 25 22 65 45 60 33 27 38 86
run=14 seed=13 k=108 f=0
30 43 27 31 65 11 56 35 53 49 16 49 15 52 24 51 45 38 20 42 2 101 61 62 75 63 21 102 1 53 14 69 36 47 101 59 12 107 6 88 100 25 0 96 95 71 85 73 20 106 73 65 3 44 19 85 0 56 107 24 95 9 1 70 65 102 101 85 89 44 9 107 86 45 54 74 45 106 97 81 32 13 33 90 57 0 32 6 38 82 97 24 72 67 41 75 40 39 26 61 84 0 29 77 83 80 47 18 91 91
run=15 seed=14 k=108 f=0
37 104 84 93 58 51 11 16 58 12 32 57 53 102 68 17 41 60 95 89 47 82 15 4 0 97 52 75 59 61 21 29 93 27 68 5 27 79 107 2 78 53 2 32 78 63 99 11 90 24 11 81 0 11 45 39 80 11 6 44 15 34 22 10 72 91 40 105 62 70 68 18 33 100 107 23 19 28 77 20 38 106 102 87 15 81 49 107 21 76 43 52 35 87 23 96 87 72 1 65 48 98 67 81 41 58 1 76 39 54
run=16 seed=15 k=108 f=0
100 107 21 53 35 88 94 48 19 88 103 57 2 91 86 99 51 28 8 37 0 32 99 101 16 13 40 57 52 10 32 85 22 66 24 19 107 98 0 35 58 16 20 50 61 43 40 66 25 101 21 34 63 107 76 56 96 12 8 40 44 51 6 58 32 34 8 26 61 0 93 68 71 74 37 55 3 80 26 33 73 47 80 6 91 52 83 89 68 107 63 55 40 76 105 85 3 90 21 12 80 6 69 0 76 48 82 95 68 78
run=17 seed=16 k=108 f=0
96 32 30 76 43 99 19 107 71 60 0 53 11 72 2 91 9 83 105 57 44 62 93 86 99 29 51 52 28 0 103 52 78 46 20 11 85 37 31 32 81 28 75 4 22 17 37 21 98 38 65 49 0 79 24 87 0 47 75 67 88 48 8 106 53 44 1 14 100 33 68 3 77 92 52 89 77 22 18 38 36 68 61 60 84 68 20 101 10 64 57 9 27 79 40 95 18 107 67 14 9 26 43 61 67 105 57 35 93 93
run=18 seed=17 k=108 f=0
5 34 63 71 103 100 1 74 89 47 68 106 23 12 12 43 32 57 78 51 2 65 33 32 55 87 100 92 43 50 72 85 40 37 64 51 20 93 6 33 57 107 28 80 28 46 38 63 1 24 1 19 64 55 0 52 37 60 26 96 14 7 1 9 21 9 28 69 94 19 71 76 79 83 45 46 27 89 35 63 19 71 18 105 79 0 100 8 103 18 105 59 48 39 105 86 27 93 72 43 5 85 106 39 101 70 85 39 82 95
run=19 seed=18 k=108 f=0
66 30 91 79 73 42 3 76 92 94 20 92 13 14 105 57 34 105 85 83 106 42 23 67 72 67 105 18 42 35 88 77 31 88 8 50 101 49 35 79 57 25 15 27 99 71 62 14 107 85 0 84 20 39 61 83 103 55 33 37 99 13 22 78 9 3 52 107 63 13 3 29 74 6 54 89 58 26 6 94 2 15 32 25 54 40 11 49 94 46 86 98 70 2 25 67 97 0 32 68 48 61 75 41 45 44 19 101 92 6
run=20 seed=19 k=108 f=0
91 28 52 106 28 15 17 38 24 40 26 4 37 66 74 21 24 41 55 0 81 40 95 18 94 11 5 104 29 42 0 89 11 48 81 14 98 98 107 65 53 107 68 79 47 27 25 104 60 97 93 95 36 96 4 54 11 46 50 9 107 103 63 31 78 71 58 85 59 74 76 34 47 107 54 35 40 87 16 100 4 73 87 20 100 1 88 65 76 72 54 86 84 25 74 11 78 79 106 62 40 54 44 69 70 19 9 2 34 103
