run=1 seed=0 k=103 f=0
1 99 35 35 102 22 34 46 80 73 102 68 27 25 17 26 0 14 65 50 12 72 100 5 8 33 21 41 64 90 42 55 48 58 7 85 32 83 68 9 50 30 97 77 97 54 93 61 16 47 11 96 80 18 28 4 72 102 38 60 56 37 13 40 9 40 77 46 81 99 21 89 7 64 64 94 69 72 5 58 89 45 91 75 64 37 92 43 2 53 94 90 81 24 81 0 85 40 49 102 38 77 99 26 19 58 46 52 56 71
run=2 seed=1 k=103 f=0
1 99 35 35 102 22 34 46 80 73 102 68 27 25 17 26 0 14 65 50 12 72 100 5 8 33 21 41 64 90 42 55 48 58 7 85 32 83 68 9 50 30 97 77 97 54 93 61 16 47 11 96 80 18 28 4 72 102 38 60 56 37 13 40 9 40 77 46 81 99 21 89 7 64 64 94 69 72 5 58 89 45 91 75 64 37 92 43 2 53 94 90 81 24 81 0 85 40 49 102 38 77 99 26 19 58 46 52 56 71
run=3 seed=2 k=103 f=0
19 5 4 89 48 93 5 52 61 28 18 13 82 22 72 35 0 69 21 61 81 56 66 63 10 31 101 2 42 25 63 14 54 62 95 68 78 2 39 36 55 26 27 12 96 67 41 41 84 102 9 75 74 76 82 74 56 90 38 74 38 85 48 43 89 25 64 64 47 48 50 99 93 6 16 68 66 75 9 33 89 101 5 10 0 98 59 0 25 88 43 97 17 48 55 76 94 46 87 57 5 0 80 24 30 63 33 83 37 49
run=4 seed=3 k=103 f=0
1 102 71 60 74 51 28 62 17 80 100 75 96 53 34 0 78 65 97 26 53 80 6 102 6 0 21 21 65 12 88 34 15 46 28 8 10 9 77 58 73 15 56 18 69 82 23 43 21 43 96 12 60 7 87 98 41 26 44 18 29 30 81 101 93 75 1 42 92 78 72 98 85 45 15 79 4 37 84 49 23 60 59 22 68 65 94 2 90 35 74 35 85 90 55 2 40 36 74 31 51 66 27 51 10 50 58 33 87 8
run=5 seed=4 k=103 f=0
34 84 101 75 91 44 62 84 34 97 45 0 30 1 100 44 58 83 74 54 13 98 58 54 51 27 9 1 53 19 17 0 21 24 99 56 54 102 8 14 62 40 15 9 20 73 79 26 102 10 29 14 88 52 54 75 18 82 75 30 76 11 53 0 36 17 39 62 91 89 48 66 40 47 96 7 96 36 32 62 66 82 85 90 22 91 66 0 71 35 6 69 38 78 87 60 94 32 5 62 32 92 42 20 101 43 24 92 100 71
run=6 seed=5 k=103 f=0
71 99 54 86 30 12 40 31 82 95 8 8 98 20 48 69 43 20 11 89 2 19 59 22 86 102 68 27 94 95 59 37 77 74 40 58 101 83 93 41 50 102 40 62 96 83 4 42 23 51 78 26 14 88 97 56 22 19 77 33 36 77 95 1 0 3 9 16 27 12 89 0 72 29 29 68 26 56 42 42 46 55 68 64 61 63 81 0 67 68 5 54 33 62 55 16 34 64 2 77 2 47 87 94 69 87 84 20 37 6
run=7 seed=6 k=103 f=0
1 96 90 19 21 91 87 65 79 50 60 12 5 32 99 70 94 64 53 11 35 44 50 96 100 16 49 77 92 2 42 17 32 98 37 53 26 80 87 85 11 26 53 14 78 53 36 35 78 102 66 17 59 62 23 58 73 41 50 88 69 3 2 35 17 8 6 25 0 73 9 94 87 73 47 88 75 83 94 69 8 100 48 1 82 61 28 35 44 83 20 74 13 17 43 30 101 35 75 102 93 62 23 0 41 57 58 18 58 72
run=8 seed=7 k=103 f=0
66 92 67 88 19 66 88 96 18 80 76 6 100 86 9 23 64 22 100 101 35 12 55 74 72 95 29 27 59 1 44 4 85 80 90 68 16 56 62 0 79 27 13 6 31 92 10 26 24 49 99 24 12 45 101 75 64 77 18 0 78 62 1 88 35 42 75 51 84 66 30 99 102 62 2 11 83 39 59 58 53 72 101 71 43 46 40 15 1 75 22 24 34 43 8 5 70 33 41 33 81 84 18 57 90 52 54 50 55 31
run=9 seed=8 k=103 f=0
97 57 51 102 31 30 87 2 38 21 90 30 91 20 67 87 96 33 55 6 96 19 97 0 64 25 48 49 99 60 66 35 13 86 68 11 71 95 60 36 11 102 53 102 46 102 11 56 62 70 87 74 6 81 64 80 15 55 69 6 49 74 22 0 26 8 62 93 27 69 102 0 80 84 16 40 16 18 56 51 0 62 45 76 79 25 39 32 37 83 43 46 79 85 102 37 55 20 28 70 95 43 76 89 15 6 30 93 40 45
run=10 seed=9 k=103 f=0
27 39 68 22 60 100 30 8 15 68 16 7 62 64 83 15 23 95 38 1 8 85 45 4 57 87 14 14 86 79 3 67 101 81 71 21 41 16 55 50 91 21 26 88 92 1 5 40 15 102 101 40 66 4 35 67 49 76 60 44 30 77 48 44 90 2 100 29 76 42 1 84 48 23 9 89 24 29 51 18 100 30 78 63 94 36 78 67 10 54 92 101 54 97 6 72 47 94 90 50 84 63 31 57 33 5 58 57 58 73
run=11 seed=10 k=103 f=0
28 26 36 62 72 11 64 37 44 97 16 0 45 18 78 44 12 75 99 7 54 95 16 28 52 37 13 3 57 53 2 78 33 84 57 9 101 100 60 15 92 48 29 4 6 68 11 93 19 102 44 84 80 85 42 66 17 52 40 14 57 62 76 21 47 31 23 23 68 98 49 85 71 6 64 93 74 81 87 18 34 0 102 2 101 60 89 0 73 54 91 73 98 70 90 92 101 30 2 51 26 38 69 44 32 64 102 58 37 28
run=12 seed=11 k=103 f=0
14 59 1 50 12 75 2 60 56 87 43 87 3 41 90 48 56 98 75 75 0 33 59 30 68 0 77 49 56 0 93 85 99 91 33 94 61 27 80 33 102 68 69 58 93 74 73 94 16 65 86 18 30 42 50 7 55 44 92 80 75 39 11 35 34 65 80 58 9 93 84 0 102 23 22 80 42 13 17 82 23 99 17 16 52 54 42 39 49 80 67 102 17 98 6 5 26 51 36 86 0 27 12 7 26 80 34 26 63 71
run=13 seed=12 k=103 f=0
81 29 35 31 69 54 59 45 38 97 39 21 56 0 42 23 17 100 30 30 99 48 51 12 46 26 23 67 94 52 69 75 17 22 88 13 91 86 7 27 99 19 68 45 38 50 62 80 73 93 60 44 36 50 77 1 41 0 91 102 65 69 7 10 97 66 6 6 67 1 42 39 83 63 1 102 25 93 11 26 4 59 15 34 81 86 54 40 15 60 74 61 33 15 87 52 83 7 30 92 11 60 8 102 0 9 26 99 79 49
run=14 seed=13 k=103 f=0
85 99 52 86 71 78 24 30 56 16 26 62 12 88 3 66 101 15 26 84 47 88 86 96 43 59 24 68 29 33 46 79 30 7 63 9 101 87 99 77 79 53 53 95 6 92 69 100 26 77 53 96 1 102 72 48 86 47 94 21 39 53 2 24 65 18 7 34 2 3 31 5 51 37 92 11 26 62 69 71 16 34 64 44 60 55 68 43 85 83 21 18 40 94 83 79 16 17 75 39 48 71 36 86 35 59 17 85 68 8
run=15 seed=14 k=103 f=0
102 14 87 23 4 18 0 101 0 51 8 54 46 90 85 52 8 56 93 48 97 79 91 69 99 102 13 15 28 84 72 61 22 92 19 26 42 1 75 0 98 84 11 32 75 29 25 62 86 0 43 100 47 31 66 52 69 10 18 36 94 18 14 25 23 8 47 66 0 60 41 80 65 92 77 56 97 4 71 100 41 11 74 83 28 61 33 52 71 17 76 35 37 90 26 60 1 73 10 41 102 6 36 20 88 69 95 81 36 62
run=16 seed=15 k=103 f=0
7 49 90 5 93 44 42 33 37 67 44 23 43 1 1 100 29 38 80 54 38 83 35 61 87 20 14 60 26 26 75 16 22 94 31 31 38 0 18 90 82 9 68 29 22 54 69 67 95 55 67 11 68 1 50 11 43 66 77 73 13 4 6 80 75 98 63 39 24 48 102 82 76 30 6 102 20 95 64 83 58 70 52 26 93 102 87 36 86 98 12 7 71 48 13 59 42 0 19 59 51 59 51 44 85 75 49 28 101 61
run=17 seed=16 k=103 f=0
48 85 76 77 35 97 84 62 58 26 70 7 95 102 66 18 0 60 96 84 11 101 60 3 56 81 85 90 64 17 90 30 18 3 26 58 98 26 80 56 71 5 73 32 72 0 49 44 15 40 9 28 101 87 47 85 13 34 22 37 49 46 3 88 91 21 15 89 93 39 95 83 28 25 9 100 12 62 60 29 64 77 77 35 43 80 66 101 75 22 43 16 51 64 2 55 43 90 61 54 47 22 33 74 99 74 93 29 51 52
run=18 seed=17 k=103 f=0
57 95 64 10 92 40 24 8 15 30 18 43 73 22 19 65 40 2 54 45 24 39 88 65 89 67 28 79 40 40 33 15 29 24 45 54 70 70 62 87 96 59 33 18 81 102 72 81 60 19 2 100 91 100 90 96 70 37 33 34 74 99 44 58 50 56 50 17 75 56 46 13 83 49 100 21 30 90 66 101 6 86 5 14 102 10 8 79 78 80 1 0 61 2 59 84 71 0 14 48 27 23 54 29 92 97 10 68 21 13
run=19 seed=18 k=103 f=0
95 64 35 101 3 24 12 94 78 86 32 102 13 81 4 13 25 90 87 20 90 74 88 0 7 44 69 54 41 60 54 35 100 17 20 49 41 63 54 82 19 27 101 13 24 23 50 4 0 58 93 50 34 63 1 39 44 32 81 82 95 68 34 51 77 88 63 49 2 8 7 59 18 51 75 71 97 44 10 22 53 100 49 36 46 91 84 85 23 66 65 69 47 15 40 25 2 10 78 73 76 28 100 69 99 73 89 66 34 13
run=20 seed=19 k=103 f=0
84 82 24 45 6 55 84 90 72 15 27 0 80 49 70 2 55 87 60 85 9 50 64 25 64 79 9 7 77 59 99 72 36 21 14 58 74 12 100 61 82 54 61 80 20 30 61 63 8 102 18 96 25 34 96 0 79 14 99 78 93 11 93 2 45 37 39 30 64 100 31 96 17 43 43 0 7 1 16 17 43 90 21 52 38 51 65 68 18 71 93 78 100 39 101 69 31 86 48 102 99 46 62 36 4 22 5 11 88 13
