run=1 seed=0 k=14 f=0
0 10 2 5 4 3 4 9 13 12 13 4 4 11 13 0 0 8 13 2
run=2 seed=1 k=14 f=0
0 10 2 5 4 3 4 9 13 12 13 4 4 11 13 0 0 8 13 2
run=3 seed=2 k=14 f=0
4 13 12 3 13 13 6 7 3 12 2 0 0 4 13 7 10 3 0 12
run=4 seed=3 k=14 f=0
4 3 4 0 13 0 4 12 7 12 0 13 0 9 13 9 0 9 1 9
run=5 seed=4 k=14 f=0
0 3 6 8 13 0 7 11 7 9 1 12 4 9 13 9 1 10 0 13
run=6 seed=5 k=14 f=0
0 13 3 2 0 12 10 4 0 11 0 7 4 6 13 5 0 8 12 10
run=7 seed=6 k=14 f=0
8 0 13 11 0 0 12 7 13 0 13 13 12 8 0 6 2 9 13 3
run=8 seed=7 k=14 f=0
4 0 13 1 0 12 10 6 2 12 2 10 0 6 12 6 2 9 13 12
run=9 seed=8 k=14 f=0
4 13 12 11 0 13 7 7 2 12 1 0 0 3 13 4 10 0 13 12
run=10 seed=9 k=14 f=0
8 0 10 9 0 11 12 4 0 0 12 12 12 1 1 6 8 1 13 1
run=11 seed=10 k=14 f=0
13 13 12 7 0 13 8 7 1 5 1 1 9 5 0 5 10 0 13 10
run=12 seed=11 k=14 f=0
0 0 1 7 9 0 1 6 11 11 12 6 4 4 13 13 12 5 0 3
run=13 seed=12 k=14 f=0
4 2 0 4 9 1 9 12 8 13 4 8 0 6 12 13 11 4 0 13
run=14 seed=13 k=14 f=0
5 7 7 9 9 13 0 1 6 13 12 0 0 2 12 13 11 0 0 2
run=15 seed=14 k=14 f=0
0 0 13 4 13 12 3 6 0 12 2 6 4 8 13 9 2 9 2 13
run=16 seed=15 k=14 f=0
4 12 5 11 0 6 2 0 13 12 4 0 0 0 13 6 10 1 13 13
run=17 seed=16 k=14 f=0
13 11 8 12 0 0 9 13 7 1 9 1 9 11 0 4 5 12 13 0
run=18 seed=17 k=14 f=0
5 0 9 9 0 0 5 9 13 13 13 10 1 3 13 6 13 3 13 1
run=19 seed=18 k=14 f=0
13 10 11 1 4 3 13 9 13 1 2 2 9 0 0 0 8 0 13 13
run=20 seed=19 k=14 f=0
13 11 2 12 0 13 13 5 0 1 1 0 9 8 0 5 13 6 13 10
