run=1 seed=0 k=17 f=0
10 15 9 0 16 3 3 16 11 2 5 3 3 14 16 0 6 13 7 14
run=2 seed=1 k=17 f=0
10 15 9 0 16 3 3 16 11 2 5 3 3 14 16 0 6 13 7 14
run=3 seed=2 k=17 f=0
0 4 15 4 10 7 5 14 0 9 6 16 16 2 7 14 9 0 0 15
run=4 seed=3 k=17 f=0
10 9 6 11 11 2 5 11 15 1 6 3 6 14 16 15 0 10 2 16
run=5 seed=4 k=17 f=0
16 16 7 0 0 3 3 16 10 5 12 8 0 13 9 6 3 15 15 0
run=6 seed=5 k=17 f=0
2 2 14 5 0 16 11 0 8 11 6 13 7 7 16 9 0 8 16 15
run=7 seed=6 k=17 f=0
7 6 14 13 16 6 6 0 14 16 16 16 3 8 14 12 0 10 5 3
run=8 seed=7 k=17 f=0
16 13 2 5 0 0 6 7 14 2 0 1 12 16 3 4 5 12 11 14
run=9 seed=8 k=17 f=0
16 16 9 8 15 15 10 8 4 1 3 8 10 1 0 10 14 5 1 13
run=10 seed=9 k=17 f=0
16 14 16 1 1 15 7 6 2 6 11 4 11 9 0 6 1 12 13 1
run=11 seed=10 k=17 f=0
7 13 4 7 0 16 4 8 4 16 16 0 16 12 1 4 16 9 13 6
run=12 seed=11 k=17 f=0
16 16 8 5 4 3 5 9 14 2 2 6 11 3 1 9 10 0 16 11
run=13 seed=12 k=17 f=0
8 3 9 16 15 5 7 12 16 0 6 15 16 5 0 9 11 0 1 15
run=14 seed=13 k=17 f=0
4 8 10 10 5 16 12 9 4 12 4 16 0 5 12 0 12 0 14 13
run=15 seed=14 k=17 f=0
11 15 16 12 11 3 15 16 12 0 5 3 16 6 0 7 0 12 0 14
run=16 seed=15 k=17 f=0
16 12 1 1 1 3 13 16 11 7 0 2 12 9 3 5 14 6 12 13
run=17 seed=16 k=17 f=0
6 16 13 0 15 14 2 1 6 16 13 10 11 5 0 7 0 8 0 3
run=18 seed=17 k=17 f=0
10 12 10 13 0 16 8 2 9 1 14 6 5 6 16 4 14 3 14 4
run=19 seed=18 k=17 f=0
4 1 6 7 12 10 11 4 0 16 13 10 0 2 16 16 14 2 2 0
run=20 seed=19 k=17 f=0
16 12 9 2 16 16 9 4 8 3 16 3 12 0 1 0 7 0 7 1
