run=1 seed=0 k=15 f=0
10 14 12 10 13 0 1 13 9 1 2 3 14 4 4 8 0 8 0 11
run=2 seed=1 k=15 f=0
10 14 12 10 13 0 1 13 9 1 2 3 14 4 4 8 0 8 0 11
run=3 seed=2 k=15 f=0
0 6 8 5 4 0 9 12 7 12 2 13 4 3 13 0 10 3 14 14
run=4 seed=3 k=15 f=0
8 12 12 0 0 10 12 4 0 0 14 4 2 4 14 6 9 0 14 0
run=5 seed=4 k=15 f=0
0 0 4 11 13 7 0 13 0 11 3 12 4 14 13 9 7 14 1 14
run=6 seed=5 k=15 f=0
10 14 0 12 0 14 5 7 3 1 1 0 14 3 3 5 12 4 13 11
run=7 seed=6 k=15 f=0
6 3 7 5 14 14 1 3 7 14 14 13 0 4 13 10 0 11 3 4
run=8 seed=7 k=15 f=0
6 9 11 1 5 13 11 7 0 14 14 2 1 6 13 0 13 0 14 5
run=9 seed=8 k=15 f=0
13 8 8 14 9 0 7 10 14 3 14 2 9 13 0 14 5 13 0 2
run=10 seed=9 k=15 f=0
10 14 10 7 13 8 5 14 1 2 1 1 14 3 0 8 12 0 1 11
run=11 seed=10 k=15 f=0
8 14 8 5 5 7 5 1 14 0 12 3 3 11 14 1 0 13 14 3
run=12 seed=11 k=15 f=0
4 14 8 5 0 7 1 1 14 13 12 8 0 14 11 4 1 13 13 3
run=13 seed=12 k=15 f=0
0 14 3 13 13 14 14 3 7 9 11 5 4 10 13 7 0 7 0 1
run=14 seed=13 k=15 f=0
0 11 9 1 4 4 2 10 14 11 1 4 5 6 14 0 1 13 13 12
run=15 seed=14 k=15 f=0
8 14 6 12 13 7 2 0 14 0 4 4 1 0 14 8 11 1 0 13
run=16 seed=15 k=15 f=0
9 12 12 5 4 0 4 9 13 1 2 5 14 9 3 0 14 7 14 13
run=17 seed=16 k=15 f=0
9 12 12 7 0 8 7 14 0 0 9 1 14 0 3 4 14 4 13 0
run=18 seed=17 k=15 f=0
10 7 0 2 4 14 10 6 0 2 1 14 14 6 0 0 2 11 14 10
run=19 seed=18 k=15 f=0
8 14 10 7 1 14 12 7 2 0 1 1 2 0 14 5 12 0 14 13
run=20 seed=19 k=15 f=0
14 11 13 7 4 14 11 0 5 4 4 4 10 6 0 0 1 8 13 13
