run=1 seed=0 k=13 f=0
4 12 11 10 0 12 12 6 1 12 2 0 0 4 12 4 9 1 12 11
run=2 seed=1 k=13 f=0
4 12 11 10 0 12 12 6 1 12 2 0 0 4 12 4 9 1 12 11
run=3 seed=2 k=13 f=0
4 2 12 0 12 0 12 11 7 12 0 12 0 8 12 8 0 7 1 10
run=4 seed=3 k=13 f=0
4 10 9 3 0 12 5 6 0 12 1 0 0 2 12 4 12 5 11 12
run=5 seed=4 k=13 f=0
4 0 10 1 12 12 3 1 5 12 12 9 0 0 10 7 12 5 0 3
run=6 seed=5 k=13 f=0
8 12 8 3 0 0 10 6 10 0 10 0 12 1 2 4 10 3 11 0
run=7 seed=6 k=13 f=0
8 10 9 9 0 0 12 12 8 0 0 2 12 1 0 4 12 5 11 9
run=8 seed=7 k=13 f=0
8 0 0 12 12 1 5 8 12 0 12 12 12 9 0 8 3 11 0 2
run=9 seed=8 k=13 f=0
8 2 12 6 12 0 2 7 11 0 11 12 12 4 1 8 0 8 0 1
run=10 seed=9 k=13 f=0
4 10 10 7 0 1 11 8 12 12 3 0 0 0 10 4 12 4 12 12
run=11 seed=10 k=13 f=0
8 1 5 10 12 0 7 6 11 0 11 12 12 11 1 7 3 10 0 0
run=12 seed=11 k=13 f=0
4 12 12 5 0 0 6 12 8 12 2 0 0 0 12 4 10 3 11 11
run=13 seed=12 k=13 f=0
4 0 7 7 11 0 9 7 11 12 12 9 0 2 12 7 12 3 0 1
run=14 seed=13 k=13 f=0
8 0 8 10 12 1 9 8 12 0 3 12 12 12 1 8 3 12 0 12
run=15 seed=14 k=13 f=0
8 10 9 3 0 12 0 1 5 0 12 2 12 2 1 4 12 0 12 3
run=16 seed=15 k=13 f=0
4 10 7 0 0 0 5 8 12 12 2 0 0 1 12 4 12 3 11 12
run=17 seed=16 k=13 f=0
8 2 12 9 12 11 12 5 0 0 9 12 12 8 0 8 0 8 0 0
run=18 seed=17 k=13 f=0
4 10 0 8 0 2 7 8 12 12 12 0 0 10 11 4 4 11 11 2
run=19 seed=18 k=13 f=0
8 11 0 3 0 2 11 8 12 0 0 0 12 9 1 5 3 12 12 12
run=20 seed=19 k=13 f=0
4 2 5 1 12 12 10 5 1 12 0 12 0 12 12 8 0 9 0 11
