run=1 seed=0 k=16 f=0
7 3 9 3 15 15 10 4 0 15 0 15 2 4 14 11 12 2 4 12
run=2 seed=1 k=16 f=0
7 3 9 3 15 15 10 4 0 15 0 15 2 4 14 11 12 2 4 12
run=3 seed=2 k=16 f=0
10 15 0 15 5 2 0 13 9 2 0 3 14 5 2 0 12 5 15 10
run=4 seed=3 k=16 f=0
8 1 8 8 15 12 8 0 5 0 14 15 1 11 15 9 3 15 1 2
run=5 seed=4 k=16 f=0
15 3 2 14 11 9 9 15 0 3 0 9 10 12 1 15 6 13 1 14
run=6 seed=5 k=16 f=0
0 15 10 8 12 15 0 9 1 13 2 4 4 2 13 7 12 4 0 14
run=7 seed=6 k=16 f=0
14 9 8 1 11 15 6 3 8 2 15 3 10 14 0 15 0 12 1 2
run=8 seed=7 k=16 f=0
0 1 10 15 13 11 10 5 0 9 15 10 4 6 15 8 13 2 1 0
run=9 seed=8 k=16 f=0
8 8 2 13 10 13 14 5 1 0 14 1 4 7 15 14 15 6 1 3
run=10 seed=9 k=16 f=0
15 2 9 7 2 13 12 6 2 4 0 10 0 1 9 8 15 4 15 11
run=11 seed=10 k=16 f=0
15 14 6 5 1 1 3 7 11 3 0 5 0 13 9 7 0 15 15 12
run=12 seed=11 k=16 f=0
15 6 5 13 11 7 9 0 14 3 14 0 11 14 1 15 9 1 1 2
run=13 seed=12 k=16 f=0
0 2 8 0 3 15 5 9 1 8 0 13 5 14 14 8 10 3 15 12
run=14 seed=13 k=16 f=0
10 13 15 15 12 3 0 11 15 0 6 1 15 6 3 7 10 0 0 15
run=15 seed=14 k=16 f=0
11 10 7 10 0 4 7 10 15 1 2 0 15 2 4 4 12 0 13 14
run=16 seed=15 k=16 f=0
5 5 10 7 15 7 2 0 15 13 11 15 0 6 11 11 12 3 3 1
run=17 seed=16 k=16 f=0
10 15 12 12 4 1 7 15 10 0 4 5 15 15 4 0 0 8 13 13
run=18 seed=17 k=16 f=0
8 4 2 3 15 15 1 1 6 0 9 13 3 8 14 10 0 10 3 0
run=19 seed=18 k=16 f=0
6 7 15 15 4 14 7 8 4 14 12 13 10 10 0 0 1 10 13 3
run=20 seed=19 k=16 f=0
15 8 8 10 6 7 9 15 0 4 1 0 0 14 9 2 6 14 15 12
