run=1 seed=0 k=41 f=0
5 39 0 38 39 13 3 32 37 17 27 6 40 6 8 25 14 31 3 27 26 10 21 1 39 13 22 33 0 14 31 22 28 17 24 40 40 2 30 19 5 18 27 22 9 38 0 5 18 9 18 5 24 9 2 1 40 10 34 30 0 0 4 29 11 23 0 13 37 19
run=2 seed=1 k=41 f=0
5 39 0 38 39 13 3 32 37 17 27 6 40 6 8 25 14 31 3 27 26 10 21 1 39 13 22 33 0 14 31 22 28 17 24 40 40 2 30 19 5 18 27 22 9 38 0 5 18 9 18 5 24 9 2 1 40 10 34 30 0 0 4 29 11 23 0 13 37 19
run=3 seed=2 k=41 f=0
36 15 31 21 15 38 26 6 8 40 40 13 10 31 40 14 18 31 1 14 23 23 21 1 37 19 4 0 30 1 19 25 16 23 30 0 31 19 16 10 1 0 17 9 12 15 11 38 0 20 1 28 38 7 31 33 9 28 3 28 32 40 29 40 39 34 38 0 10 6
run=4 seed=3 k=41 f=0
30 8 0 31 0 9 13 0 38 15 37 20 25 24 20 10 36 3 36 31 26 0 23 30 7 40 39 24 12 40 16 22 40 33 16 23 1 5 29 3 7 34 40 0 13 29 0 3 12 40 39 39 7 18 29 19 22 2 5 32 35 40 9 32 28 9 8 15 29 9
run=5 seed=4 k=41 f=0
9 22 15 23 19 14 26 13 13 26 14 4 40 15 40 3 12 40 24 38 27 21 27 20 1 34 31 36 5 34 15 34 17 19 22 40 27 3 1 40 24 33 0 26 40 27 9 10 0 0 34 7 24 11 16 7 15 9 37 17 0 40 25 0 11 32 5 35 32 10
run=6 seed=5 k=41 f=0
27 19 29 26 0 0 14 11 19 6 14 36 39 36 23 15 11 19 27 15 29 2 14 27 21 28 7 30 1 5 19 3 20 0 40 31 40 29 34 21 25 1 16 5 0 32 14 38 29 40 5 6 31 22 32 40 33 0 9 22 38 9 6 39 25 0 12 18 22 9
run=7 seed=6 k=41 f=0
17 40 0 8 21 35 21 28 21 0 39 24 21 38 8 0 23 1 17 1 33 22 35 25 12 3 15 19 11 27 30 12 30 30 35 22 40 38 34 11 2 13 37 29 18 1 40 37 0 31 28 37 3 8 22 8 2 31 27 13 0 23 14 10 40 7 22 13 31 40
run=8 seed=7 k=41 f=0
11 17 3 10 40 25 38 15 40 8 20 35 0 17 16 40 4 0 8 27 0 40 12 26 6 8 17 6 23 33 28 17 36 32 1 40 12 19 37 36 31 19 17 1 38 12 16 25 31 0 37 35 8 0 20 10 8 37 2 31 31 23 26 25 23 25 27 22 0 7
run=9 seed=8 k=41 f=0
0 21 12 10 38 38 13 36 0 9 2 19 0 30 24 0 14 28 21 4 7 9 26 12 19 18 1 17 7 35 37 4 13 33 33 40 10 39 16 12 33 26 22 39 40 33 1 8 21 31 38 21 10 24 33 29 1 26 37 22 16 40 12 3 6 15 5 29 40 0
run=10 seed=9 k=41 f=0
32 40 3 3 15 32 7 17 20 0 0 26 0 13 0 37 17 15 29 3 6 18 21 9 28 23 40 5 36 13 32 40 35 19 37 14 26 10 34 5 7 18 0 33 36 8 23 29 39 39 8 10 39 11 18 31 23 20 12 31 31 1 40 29 35 6 6 23 9 40
run=11 seed=10 k=41 f=0
17 6 15 4 31 25 10 38 3 25 0 31 0 19 21 2 38 19 25 36 7 15 0 35 9 4 40 34 22 40 32 0 34 21 25 40 28 13 17 27 23 18 39 31 23 31 8 14 39 17 26 25 9 40 15 31 18 14 5 0 40 9 1 31 26 32 40 16 24 0
run=12 seed=11 k=41 f=0
33 23 2 40 40 18 37 24 32 40 13 0 39 3 31 14 32 9 19 33 1 20 31 35 23 20 26 1 20 9 0 14 3 40 14 32 33 0 0 15 39 24 27 12 18 35 23 23 30 14 6 29 7 22 26 39 0 13 10 6 22 8 16 40 19 0 36 14 5 8
run=13 seed=12 k=41 f=0
24 40 21 36 40 0 16 12 27 1 38 19 28 0 0 17 1 29 18 40 7 3 35 23 6 20 7 33 34 28 9 17 10 9 8 30 25 39 32 21 37 37 39 29 13 22 40 0 10 21 7 2 20 40 4 17 9 13 25 13 24 2 22 0 37 7 35 32 29 15
run=14 seed=13 k=41 f=0
7 0 19 9 0 26 31 18 26 0 12 39 11 6 34 40 21 2 24 39 40 20 6 37 16 37 16 17 37 26 20 5 21 32 15 26 11 13 38 39 33 30 38 21 32 24 8 26 40 17 16 36 3 1 12 29 13 30 0 40 9 21 24 39 9 34 27 28 3 22
run=15 seed=14 k=41 f=0
21 0 29 4 22 37 0 34 37 0 36 31 3 31 0 17 26 11 22 40 6 0 12 27 0 40 22 40 37 5 33 38 4 0 18 14 25 11 19 21 0 10 11 6 21 14 40 32 9 31 10 16 25 34 2 23 19 27 5 23 32 7 27 39 38 6 0 40 16 13
run=16 seed=15 k=41 f=0
33 40 28 29 40 7 34 10 40 32 29 13 24 15 0 0 11 22 36 0 6 22 12 23 31 1 40 33 2 20 15 0 7 24 28 2 8 1 28 31 22 38 16 26 36 20 40 17 3 24 23 33 4 40 18 36 9 12 27 16 27 17 1 2 5 10 36 19 12 13
run=17 seed=16 k=41 f=0
36 20 40 38 9 9 14 10 38 8 40 30 40 2 28 33 10 20 4 29 19 33 3 7 37 40 3 17 0 12 29 19 21 8 16 40 25 22 12 39 32 13 3 11 23 16 16 2 8 0 11 4 21 0 11 15 37 16 26 31 0 40 22 31 8 25 24 33 22 39
run=18 seed=17 k=41 f=0
19 9 23 39 0 8 36 4 1 32 11 24 0 6 24 32 7 2 37 13 17 18 40 23 29 33 14 21 24 0 28 40 30 40 28 0 4 10 34 10 16 39 27 20 15 10 24 11 26 40 37 21 12 13 19 34 15 23 9 16 40 25 1 32 21 8 12 31 0 9
run=19 seed=18 k=41 f=0
30 22 0 9 16 18 14 19 20 34 1 35 0 4 0 28 37 1 25 19 7 39 16 19 36 21 24 6 17 8 39 7 11 36 32 26 12 6 40 5 29 19 11 31 25 27 0 21 32 9 40 29 9 21 39 18 39 40 4 17 25 0 27 33 29 40 10 40 25 34
run=20 seed=19 k=41 f=0
27 1 13 1 40 14 19 7 33 0 28 22 2 12 31 40 24 8 16 22 1 10 22 4 36 0 36 27 11 6 19 7 21 7 40 30 15 9 24 13 40 9 32 27 31 28 40 13 2 8 9 35 26 33 38 22 4 40 38 16 22 0 13 39 28 22 20 14 40 8
