run=1 seed=0 k=44 f=0
30 10 17 35 23 15 38 28 25 1 25 7 43 3 9 0 10 43 18 29 43 8 27 33 12 41 22 43 3 43 21 18 40 14 35 31 31 8 38 10 43 12 25 23 0 21 22 20 43 43 41 3 35 22 40 17 15 38 0 14 32 7 4 35 28 7 10 14 33 0
run=2 seed=1 k=44 f=0
30 10 17 35 23 15 38 28 25 1 25 7 43 3 9 0 10 43 18 29 43 8 27 33 12 41 22 43 3 43 21 18 40 14 35 31 31 8 38 10 43 12 25 23 0 21 22 20 43 43 41 3 35 22 40 17 15 38 0 14 32 7 4 35 28 7 10 14 33 0
run=3 seed=2 k=44 f=0
30 19 4 29 0 38 32 2 39 27 42 13 29 9 23 35 2 22 15 22 29 11 25 20 0 31 4 14 40 11 20 18 30 1 1 8 24 5 33 25 27 5 28 38 16 9 35 42 26 19 40 42 11 42 12 36 17 40 0 43 38 10 7 33 40 0 21 18 2 9
run=4 seed=3 k=44 f=0
22 1 8 12 27 0 24 0 37 0 42 20 13 38 10 33 36 43 13 27 43 16 42 34 5 7 29 13 28 35 38 27 36 2 2 17 42 26 36 8 2 0 41 16 19 3 34 24 1 8 35 5 22 22 40 25 16 1 7 42 18 9 29 27 36 25 32 35 32 0
run=5 seed=4 k=44 f=0
13 31 22 2 43 11 24 22 39 0 32 41 6 5 29 30 18 29 1 33 13 40 12 17 25 14 18 17 0 36 34 33 24 7 24 28 0 12 11 10 5 43 32 42 42 39 9 42 6 19 43 27 15 23 23 16 14 11 0 42 4 40 43 4 9 36 35 35 23 20
run=6 seed=5 k=44 f=0
11 27 34 29 15 20 32 33 17 2 14 4 13 42 32 2 0 40 32 0 7 42 10 25 31 8 14 37 21 3 42 11 0 10 39 11 28 31 4 13 24 21 30 21 19 3 29 16 30 20 38 3 27 19 22 5 17 11 37 37 24 41 0 43 25 43 32 43 23 0
run=7 seed=6 k=44 f=0
1 21 9 4 20 18 33 23 14 42 43 43 40 41 38 24 12 28 15 28 29 14 0 2 22 27 12 40 28 33 15 26 20 1 8 34 32 26 43 23 1 0 8 6 17 36 25 13 21 9 34 5 32 9 4 37 18 3 25 17 0 18 28 42 3 0 15 43 4 11
run=8 seed=7 k=44 f=0
37 7 19 17 0 27 34 20 28 42 0 1 15 42 30 18 2 10 30 0 23 27 0 24 12 36 39 8 9 36 43 38 10 43 20 8 32 6 21 12 29 4 13 20 41 27 25 25 13 34 23 27 36 0 37 43 27 16 1 17 43 12 37 28 22 0 0 8 36 15
run=9 seed=8 k=44 f=0
28 16 0 33 37 14 28 41 0 33 43 41 36 17 12 22 0 4 20 37 29 30 41 18 3 3 22 9 43 23 17 26 16 31 17 24 2 40 8 34 36 43 16 29 9 26 0 42 10 43 41 24 0 41 20 3 42 28 35 15 20 16 0 33 14 9 37 7 21 1
run=10 seed=9 k=44 f=0
3 35 1 43 10 17 36 12 0 7 40 33 42 1 30 16 16 23 34 20 36 4 30 0 7 21 0 7 25 13 4 28 3 25 15 33 42 31 12 32 5 27 39 41 40 1 15 37 13 42 43 17 34 33 3 22 25 29 31 24 1 0 17 22 10 1 34 25 29 43
run=11 seed=10 k=44 f=0
0 16 30 25 42 3 14 43 23 43 43 17 36 32 13 22 40 32 19 0 26 27 0 4 38 0 41 30 16 22 26 31 35 7 30 35 14 11 20 36 9 43 12 23 13 25 3 40 19 26 27 0 9 41 9 37 41 42 22 18 4 0 25 39 6 12 39 18 1 33
run=12 seed=11 k=44 f=0
11 0 43 5 31 27 0 24 29 8 24 43 30 43 0 27 23 20 39 13 39 40 17 10 30 35 33 6 7 25 19 0 19 19 22 25 12 19 23 28 16 0 24 22 35 16 0 42 33 16 31 43 12 34 42 17 39 3 30 39 20 43 1 9 13 33 14 5 1 11
run=13 seed=12 k=44 f=0
8 0 34 41 23 30 17 41 31 25 34 13 8 30 32 0 11 3 35 15 15 1 43 18 38 8 23 18 38 24 41 2 43 43 0 0 10 9 17 39 42 28 29 21 4 17 43 36 20 10 20 34 20 35 1 43 40 0 10 34 43 26 13 13 33 19 36 0 12 8
run=14 seed=13 k=44 f=0
18 0 31 2 12 30 16 4 13 26 14 11 24 42 43 10 9 24 29 34 1 2 43 38 13 36 37 18 35 8 1 28 6 0 4 43 41 2 4 8 16 17 8 26 3 19 1 32 30 34 9 41 32 32 35 37 35 4 21 17 35 22 43 20 1 10 14 20 23 26
run=15 seed=14 k=44 f=0
3 36 18 3 33 28 0 34 11 25 33 40 17 42 9 14 39 10 20 15 0 25 3 18 31 22 20 28 7 11 40 28 12 43 40 41 3 37 10 35 18 30 33 10 39 19 8 6 0 17 15 25 2 22 43 10 16 39 39 0 42 35 6 27 29 32 32 14 42 20
run=16 seed=15 k=44 f=0
31 41 25 39 16 9 42 16 7 0 11 20 0 43 26 15 41 29 20 1 0 40 36 29 7 37 0 6 12 18 40 31 36 35 16 22 0 39 12 37 7 29 30 27 2 22 32 28 31 42 21 23 10 43 28 5 12 28 24 13 34 23 20 10 35 6 2 43 21 7
run=17 seed=16 k=44 f=0
16 35 43 9 43 34 0 35 43 8 41 41 26 40 0 25 17 28 9 25 32 0 25 30 17 25 16 17 6 0 40 24 13 8 36 31 33 24 18 32 36 18 30 2 6 14 0 1 32 41 26 13 2 0 43 23 8 35 15 17 8 43 40 13 35 23 13 23 12 17
run=18 seed=17 k=44 f=0
0 29 43 34 34 19 37 35 21 34 37 25 42 38 25 9 23 13 30 23 1 21 34 20 8 25 0 43 7 19 16 0 36 0 8 11 37 1 6 21 11 1 35 0 13 40 42 31 28 2 10 6 29 19 8 4 1 4 42 25 10 28 25 2 28 19 16 20 11 43
run=19 seed=18 k=44 f=0
24 42 11 0 34 31 27 28 20 9 2 41 39 34 6 36 14 7 24 43 0 32 0 15 24 15 16 12 31 36 28 0 21 3 40 0 21 36 7 42 40 9 17 3 19 21 42 28 40 17 8 20 3 43 12 9 39 19 1 25 14 30 26 26 21 31 26 43 23 23
run=20 seed=19 k=44 f=0
9 28 5 10 0 28 41 1 30 12 1 19 40 30 13 1 30 35 11 3 20 27 23 6 18 23 3 30 5 43 23 0 6 16 17 43 42 2 32 43 15 32 35 12 38 25 32 38 36 0 39 7 16 24 13 18 23 33 0 24 43 7 3 15 10 18 2 28 43 34
