run=1 seed=0 k=40 f=0
23 1 39 0 37 15 31 31 6 16 2 27 36 19 5 39 39 8 28 1 12 9 7 12 35 10 39 30 27 15 1 14 22 16 29 30 9 35 34 2 29 28 21 28 22 17 39 4 17 8 13 8 22 24 36 28 12 10 36 0 28 0 4 30 16 22 1 0 39 19
run=2 seed=1 k=40 f=0
23 1 39 0 37 15 31 31 6 16 2 27 36 19 5 39 39 8 28 1 12 9 7 12 35 10 39 30 27 15 1 14 22 16 29 30 9 35 34 2 29 28 21 28 22 17 39 4 17 8 13 8 22 24 36 28 12 10 36 0 28 0 4 30 16 22 1 0 39 19
run=3 seed=2 k=40 f=0
10 39 28 35 22 18 24 20 36 30 16 27 29 13 39 20 14 0 7 31 1 37 8 35 3 7 10 33 23 15 16 35 22 2 1 22 12 17 18 37 7 0 8 26 20 5 0 8 7 38 20 5 39 39 0 0 15 20 29 8 31 29 23 0 39 14 37 14 24 8
run=4 seed=3 k=40 f=0
16 25 0 0 39 9 32 16 1 26 11 26 5 19 6 0 24 15 23 39 30 39 38 18 33 36 37 24 11 20 14 14 16 15 28 0 8 11 2 28 33 39 1 7 28 27 9 32 2 18 39 34 24 37 8 17 11 5 26 38 14 28 31 11 7 32 13 0 28 23
run=5 seed=4 k=40 f=0
21 0 38 39 8 17 25 3 4 31 22 30 39 4 28 15 22 11 1 29 0 5 27 39 10 38 2 1 0 20 3 13 11 28 19 17 37 13 0 22 31 23 20 17 4 11 8 39 32 39 34 13 31 8 10 39 6 15 0 0 36 21 34 12 33 25 29 23 14 17
run=6 seed=5 k=40 f=0
35 3 10 16 36 32 0 9 21 15 32 8 3 38 8 21 20 26 28 6 14 5 39 13 30 32 39 0 12 17 26 10 33 29 39 1 39 0 23 5 30 10 13 25 0 23 39 11 12 23 13 18 39 14 28 39 22 21 31 31 0 4 35 28 18 9 8 27 19 21
run=7 seed=6 k=40 f=0
39 23 30 27 26 36 31 4 2 39 39 1 38 18 39 21 5 11 23 38 18 30 0 22 8 11 20 13 32 17 0 23 32 0 26 10 37 21 17 39 32 30 36 2 38 15 19 39 3 0 14 14 23 28 14 12 18 3 25 27 1 9 6 9 39 33 39 34 21 11
run=8 seed=7 k=40 f=0
37 24 9 33 1 8 12 20 0 22 32 1 0 6 23 8 25 26 39 15 17 39 0 24 36 36 17 35 17 30 35 7 10 19 6 39 27 36 13 28 33 20 29 20 18 7 14 25 22 30 13 13 26 1 16 15 20 26 0 6 31 39 7 39 38 0 26 39 3 10
run=9 seed=8 k=40 f=0
16 10 2 29 39 13 8 13 4 33 6 21 0 7 24 8 7 38 20 0 18 38 15 38 30 0 3 18 15 39 25 30 20 28 18 0 35 26 24 10 19 16 23 17 24 30 25 1 29 9 25 8 36 0 20 0 39 34 16 17 2 14 9 31 31 39 37 29 14 11
run=10 seed=9 k=40 f=0
27 39 1 28 1 14 10 38 2 8 27 38 23 9 39 15 15 20 6 19 33 0 13 5 39 1 4 23 34 29 0 24 23 0 23 22 7 19 17 4 2 37 39 25 34 3 0 31 9 39 15 7 31 29 19 21 31 35 5 31 24 39 13 21 26 14 38 16 35 10
run=11 seed=10 k=40 f=0
36 13 0 39 17 19 25 33 26 17 17 13 19 20 31 23 36 0 1 28 25 25 35 21 3 28 32 13 8 8 39 23 0 31 19 0 0 5 9 32 3 6 0 39 17 21 25 38 38 9 23 11 27 39 21 11 33 13 19 33 39 17 22 27 38 39 4 0 4 6
run=12 seed=11 k=40 f=0
23 30 37 5 10 18 1 34 33 39 31 36 38 6 19 13 1 25 24 18 1 24 0 21 31 35 12 0 19 22 26 22 7 23 27 9 39 5 16 0 10 1 7 23 17 29 0 34 7 18 0 16 7 6 18 14 24 35 32 26 39 30 37 8 19 32 14 24 39 30
run=13 seed=12 k=40 f=0
0 27 39 10 14 0 33 28 21 0 0 29 37 1 5 8 27 38 12 20 23 8 20 34 26 27 19 38 3 32 28 10 23 0 10 30 24 37 4 7 39 1 29 13 4 20 8 28 24 39 36 8 18 15 19 36 8 36 14 16 39 34 20 11 0 22 36 0 17 30
run=14 seed=13 k=40 f=0
10 25 39 1 0 25 29 35 18 39 3 19 39 5 9 8 37 8 11 34 39 28 2 26 19 24 38 16 25 9 13 5 30 31 0 25 24 29 12 20 21 32 3 14 31 11 0 0 12 16 34 5 22 0 0 19 12 24 35 8 30 38 22 17 1 33 35 14 39 20
run=15 seed=14 k=40 f=0
3 12 30 38 22 18 5 24 3 18 18 24 39 30 0 23 36 12 2 20 6 10 19 38 13 22 0 0 19 3 29 9 32 10 32 0 39 38 1 35 26 12 19 0 8 7 39 37 39 9 27 17 3 30 15 1 12 7 34 30 39 17 37 39 21 24 12 30 30 13
run=16 seed=15 k=40 f=0
4 30 37 16 27 25 39 26 35 10 28 32 22 18 0 14 29 0 9 33 6 0 22 24 0 1 9 6 0 15 10 39 10 39 20 39 22 1 11 3 17 29 28 28 10 38 30 32 17 0 17 2 39 31 30 35 0 24 6 22 36 2 15 2 18 16 34 19 10 13
run=17 seed=16 k=40 f=0
4 24 17 12 17 22 33 23 38 9 29 1 39 31 26 1 29 39 7 13 7 0 7 14 38 5 28 28 11 0 28 16 4 39 20 38 21 28 3 33 37 8 6 19 32 37 29 9 10 1 34 3 14 12 7 35 14 27 27 21 39 32 23 39 18 15 37 31 19 0
run=18 seed=17 k=40 f=0
25 31 39 28 39 0 25 32 33 12 19 18 3 16 23 39 8 37 32 23 29 11 25 28 1 29 8 17 39 18 34 17 16 31 17 30 0 21 37 21 32 25 39 36 7 0 20 7 37 39 8 20 11 9 4 0 11 37 30 0 15 23 3 0 15 6 5 0 27 6
run=19 seed=18 k=40 f=0
38 29 15 29 14 38 33 16 33 39 28 21 2 18 0 22 32 10 5 38 6 20 24 19 8 39 0 38 14 34 18 25 31 9 18 9 2 4 39 38 9 29 27 3 39 29 18 0 38 0 12 36 10 31 8 3 19 27 13 26 30 16 0 6 25 32 30 22 11 39
run=20 seed=19 k=40 f=0
10 17 5 2 39 15 23 29 26 8 20 39 25 6 14 31 10 9 2 28 8 36 23 2 36 13 29 6 18 31 0 34 33 15 20 0 39 38 10 31 3 16 1 20 14 33 39 21 4 23 1 34 10 0 13 26 39 12 7 31 27 25 29 39 34 14 29 19 11 1
