run=1 seed=0 k=43 f=0
13 5 15 9 16 34 23 16 9 42 17 42 32 16 0 34 28 16 9 4 35 36 0 8 27 22 1 25 14 39 0 1 2 2 40 11 42 0 26 7 35 13 19 42 33 24 1 14 7 33 32 21 40 18 37 26 32 23 10 25 26 9 40 26 39 19 33 8 0 42
run=2 seed=1 k=43 f=0
13 5 15 9 16 34 23 16 9 42 17 42 32 16 0 34 28 16 9 4 35 36 0 8 27 22 1 25 14 39 0 1 2 2 40 11 42 0 26 7 35 13 19 42 33 24 1 14 7 33 32 21 40 18 37 26 32 23 10 25 26 9 40 26 39 19 33 8 0 42
run=3 seed=2 k=43 f=0
17 40 19 1 39 42 18 1 17 0 0 35 41 28 23 1 37 25 0 40 29 7 28 18 6 37 8 12 17 35 11 18 6 32 27 42 42 39 36 24 0 28 1 1 0 25 24 39 42 33 2 33 20 24 38 30 10 18 38 9 15 7 19 9 3 15 15 7 23 0
run=4 seed=3 k=43 f=0
38 28 13 41 0 0 16 5 9 17 23 11 0 15 34 10 41 33 32 39 28 30 33 40 9 32 24 33 34 23 37 31 1 42 0 0 0 37 7 37 21 19 5 4 3 2 9 23 3 39 5 14 26 25 8 42 30 19 11 29 18 16 19 41 0 23 41 40 15 9
run=5 seed=4 k=43 f=0
5 32 9 36 2 10 42 15 27 20 39 3 19 4 37 24 23 17 10 15 20 0 0 10 37 29 26 3 7 21 40 0 14 32 1 9 16 13 27 36 37 5 40 21 28 28 28 42 25 0 15 10 33 41 18 32 28 28 21 36 29 7 18 42 9 42 39 42 16 13
run=6 seed=5 k=43 f=0
32 39 15 42 2 27 22 4 11 18 30 14 32 4 37 34 24 5 0 38 20 21 1 38 29 35 33 11 1 34 41 37 25 24 4 32 17 25 28 0 14 1 0 21 42 19 10 3 1 41 8 10 23 41 25 12 9 7 31 2 29 6 35 25 41 24 15 42 38 13
run=7 seed=6 k=43 f=0
25 3 32 40 0 1 18 41 33 42 1 11 32 5 17 7 30 32 3 41 37 11 8 30 17 20 23 18 38 24 23 20 31 34 10 17 27 20 41 0 6 39 29 36 40 27 26 42 29 8 35 5 16 0 33 21 42 8 2 0 9 13 8 16 38 35 30 24 36 30
run=8 seed=7 k=43 f=0
10 42 19 19 29 0 39 36 13 19 5 36 31 30 20 12 34 26 8 40 0 36 10 27 15 20 10 2 25 27 20 0 16 33 7 0 25 29 14 25 19 1 42 3 33 3 11 23 20 27 34 42 8 41 10 13 19 2 25 42 38 6 10 2 2 36 42 15 27 9
run=9 seed=8 k=43 f=0
40 5 33 9 29 18 24 11 38 23 19 1 32 27 42 19 34 31 15 35 21 11 42 23 6 40 40 41 23 14 10 6 26 32 26 0 0 1 39 9 18 41 2 1 1 14 31 5 3 41 29 17 0 10 33 39 42 0 29 14 3 25 22 23 12 8 16 37 31 12
run=10 seed=9 k=43 f=0
35 11 32 0 1 16 4 13 31 42 2 32 17 9 40 1 36 23 23 2 9 28 16 22 29 2 41 16 10 24 5 18 5 42 9 28 10 14 3 29 27 25 21 39 42 24 0 32 21 19 26 42 33 23 2 14 39 36 33 9 30 33 7 2 10 36 24 22 41 16
run=11 seed=10 k=43 f=0
32 16 9 18 15 2 13 14 29 20 21 8 18 5 37 19 9 37 15 20 31 28 22 42 14 27 25 36 40 42 7 17 14 27 1 28 2 6 32 31 26 29 22 34 0 2 2 5 40 11 2 0 35 12 9 3 40 0 34 42 6 42 7 30 20 36 41 42 10 24
run=12 seed=11 k=43 f=0
15 31 9 40 42 8 13 41 10 0 42 16 10 3 32 0 17 0 1 36 18 21 26 10 19 31 25 27 35 39 23 42 23 42 40 8 35 28 29 5 3 41 4 12 1 20 34 11 32 25 39 34 2 12 39 12 25 13 39 42 9 21 17 18 6 16 19 26 0 0
run=13 seed=12 k=43 f=0
40 10 22 42 5 1 23 31 21 1 39 7 26 34 36 17 35 29 7 41 42 23 40 20 8 16 17 33 14 15 11 5 39 3 11 42 42 34 35 35 18 34 39 23 2 28 33 10 14 10 1 0 40 27 10 32 0 21 8 25 28 11 18 31 37 19 2 20 5 14
run=14 seed=13 k=43 f=0
42 24 38 14 15 34 27 11 24 42 16 5 22 24 32 7 1 21 40 16 38 23 19 21 7 14 40 18 38 12 11 42 36 41 39 0 34 33 0 7 28 0 13 38 29 15 32 29 34 22 9 42 32 24 31 41 34 0 0 14 24 13 4 0 9 8 1 0 4 6
run=15 seed=14 k=43 f=0
21 4 32 12 21 3 41 9 34 0 15 37 13 8 41 1 36 28 27 1 1 30 41 27 15 16 19 15 28 22 39 1 19 24 8 17 31 18 20 0 26 22 37 23 1 19 8 40 39 42 39 27 3 40 20 9 15 32 24 27 11 8 3 14 2 33 35 36 0 30
run=16 seed=15 k=43 f=0
38 13 24 35 15 21 12 40 16 31 10 27 10 5 41 31 31 4 16 40 35 18 42 34 13 12 42 0 23 3 40 0 8 42 2 10 15 39 38 30 18 0 7 20 8 5 1 17 1 42 28 20 31 6 15 41 39 31 33 19 26 24 30 33 24 25 34 0 31 6
run=17 seed=16 k=43 f=0
19 30 12 42 42 21 36 39 38 29 39 33 21 40 27 0 8 0 27 6 33 1 3 0 26 33 13 27 28 42 4 27 21 8 23 12 33 6 4 34 17 39 38 16 33 42 21 37 30 3 0 29 13 21 22 12 28 35 21 42 18 42 15 21 7 35 6 0 23 7
run=18 seed=17 k=43 f=0
34 15 7 40 25 31 0 39 12 18 20 3 12 1 34 13 6 22 5 15 17 1 39 41 27 14 13 5 27 0 0 14 18 29 3 33 42 32 33 21 27 27 34 38 19 36 42 36 10 1 25 32 21 20 5 41 27 41 21 9 42 0 15 31 36 24 25 1 30 7
run=19 seed=18 k=43 f=0
31 3 17 25 42 12 7 42 38 0 35 38 6 9 33 42 8 2 34 29 17 42 26 42 2 31 18 8 38 33 18 27 40 25 1 31 0 26 7 26 38 31 14 39 7 4 8 33 13 41 22 36 25 33 34 5 22 13 28 17 8 16 40 42 41 23 20 0 21 24
run=20 seed=19 k=43 f=0
7 39 26 15 20 42 5 0 27 8 9 2 26 12 40 5 15 32 37 20 12 26 13 3 29 23 22 15 41 34 1 2 20 42 8 0 31 15 37 28 24 37 20 0 42 9 42 28 19 16 16 8 17 21 14 3 36 2 11 34 2 11 0 5 41 28 42 35 35 29
