run=1 seed=0 k=42 f=0
1 28 9 19 31 33 10 30 15 0 2 4 20 8 16 21 24 40 27 16 22 41 33 9 2 26 26 32 1 19 5 6 24 41 5 14 1 36 37 16 15 30 2 35 24 14 23 3 16 39 17 38 12 10 8 9 32 32 22 31 8 27 18 41 0 6 17 0 27 41
run=2 seed=1 k=42 f=0
1 28 9 19 31 33 10 30 15 0 2 4 20 8 16 21 24 40 27 16 22 41 33 9 2 26 26 32 1 19 5 6 24 41 5 14 1 36 37 16 15 30 2 35 24 14 23 3 16 39 17 38 12 10 8 9 32 32 22 31 8 27 18 41 0 6 17 0 27 41
run=3 seed=2 k=42 f=0
35 5 32 17 38 30 10 20 2 8 33 38 33 41 6 12 38 3 26 6 0 2 0 11 25 31 24 20 24 11 17 0 34 33 17 23 26 22 18 17 29 0 12 20 40 10 0 1 18 33 26 25 41 5 36 40 38 19 22 41 29 41 0 19 34 15 3 14 25 20
run=4 seed=3 k=42 f=0
29 19 0 0 39 28 36 40 1 30 29 8 19 37 10 35 11 41 34 9 23 6 24 6 19 29 17 12 28 13 40 0 33 27 40 9 20 38 14 24 34 2 39 0 41 17 0 4 38 40 11 7 33 4 14 23 9 29 1 18 1 41 18 34 28 24 13 15 16 30
run=5 seed=4 k=42 f=0
7 20 34 8 41 37 21 11 37 24 9 0 16 21 32 1 19 26 36 41 1 1 25 39 31 10 15 41 7 13 27 41 28 14 4 32 35 10 18 0 31 9 24 1 8 35 0 22 18 9 41 36 3 26 37 40 5 5 14 41 18 7 33 0 33 18 38 26 31 9
run=6 seed=5 k=42 f=0
1 9 30 0 8 40 17 15 35 0 0 8 3 28 25 0 34 34 4 38 31 13 39 37 22 8 25 10 26 4 12 41 4 40 21 41 16 18 34 39 11 34 5 15 12 39 17 31 20 8 27 41 21 25 30 27 31 11 37 32 17 6 19 21 0 26 40 0 39 38
run=7 seed=6 k=42 f=0
0 19 11 32 41 17 4 32 4 24 24 7 3 41 1 17 0 39 39 21 14 40 40 0 35 5 24 31 40 3 32 39 13 40 36 41 25 38 33 11 20 41 18 30 23 26 9 4 33 32 36 25 16 0 28 0 38 8 25 0 30 11 5 30 11 18 15 6 13 21
run=8 seed=7 k=42 f=0
33 41 17 6 29 41 3 25 18 8 18 35 13 31 14 19 16 26 8 24 20 11 26 14 7 0 15 33 33 34 27 34 24 2 36 16 39 30 17 16 4 6 17 41 0 19 25 10 3 0 1 34 0 27 37 38 33 38 24 35 38 9 41 8 10 41 12 7 27 1
run=9 seed=8 k=42 f=0
28 38 12 37 27 13 4 23 3 31 1 0 40 17 1 9 24 30 37 0 18 9 3 12 28 40 20 1 10 33 27 39 29 41 11 39 34 13 0 10 11 18 18 7 41 30 23 16 17 0 19 3 12 25 2 41 38 22 27 8 9 16 7 23 12 14 25 35 30 41
run=10 seed=9 k=42 f=0
37 2 31 37 41 19 8 40 38 0 22 13 10 1 5 41 0 1 11 41 11 0 7 15 28 38 30 11 37 38 1 32 39 33 25 41 26 7 39 8 8 17 16 20 23 19 24 22 7 8 21 24 34 0 37 28 25 24 39 16 20 15 6 15 18 33 10 0 35 29
run=11 seed=10 k=42 f=0
41 28 1 35 0 22 5 37 34 8 39 0 30 34 32 31 18 28 23 1 8 10 23 13 28 1 10 7 10 16 21 34 15 23 12 30 1 25 8 8 25 40 1 11 9 25 0 41 2 39 8 12 3 38 24 24 29 38 38 20 41 16 13 37 20 14 21 23 31 15
run=12 seed=11 k=42 f=0
29 2 15 41 5 25 1 24 11 17 25 6 38 18 27 33 19 19 31 11 21 32 24 7 31 29 34 8 1 8 26 28 19 41 22 31 22 26 35 24 4 7 3 40 39 11 9 0 3 40 19 0 17 0 32 41 34 22 26 1 41 13 17 32 12 23 0 32 14 14
run=13 seed=12 k=42 f=0
32 25 10 28 14 16 23 39 22 0 34 9 19 32 27 22 1 37 23 40 33 20 30 5 24 23 0 8 36 17 30 34 17 36 14 26 14 9 40 5 8 39 27 11 0 11 17 0 13 8 14 0 11 2 29 40 36 5 2 35 5 28 17 41 29 41 5 22 4 40
run=14 seed=13 k=42 f=0
6 41 21 32 41 16 6 26 17 0 40 10 41 30 10 19 13 1 37 14 4 19 0 2 41 4 39 0 23 31 30 21 30 11 23 31 41 37 15 40 34 8 28 20 36 5 20 36 27 40 24 0 15 26 4 1 17 2 11 12 18 4 37 8 22 6 39 33 9 27
run=15 seed=14 k=42 f=0
19 35 28 18 3 2 39 6 3 41 6 34 29 36 12 26 2 11 13 28 41 31 40 24 10 10 25 18 40 15 20 10 33 9 39 15 41 25 17 11 24 11 1 20 20 15 33 39 15 24 5 37 0 0 21 41 10 0 18 6 25 32 23 0 5 0 29 17 22 34
run=16 seed=15 k=42 f=0
32 16 9 11 28 30 16 30 40 18 26 3 39 38 41 2 35 39 15 29 19 14 39 3 16 25 22 34 17 24 11 27 34 25 18 26 40 6 33 35 14 30 39 10 30 3 10 16 41 1 41 23 4 17 26 32 23 6 8 35 1 8 0 0 28 41 2 36 0 11
run=17 seed=16 k=42 f=0
14 22 32 40 9 11 37 41 21 6 39 29 37 3 31 35 33 19 27 33 18 8 0 8 40 11 0 11 17 17 23 22 15 20 4 15 27 32 13 8 1 8 39 23 12 5 24 3 0 33 36 14 1 5 39 21 24 6 30 41 39 41 0 41 9 0 32 26 28 0
run=18 seed=17 k=42 f=0
7 1 27 23 1 40 36 27 22 33 29 33 6 6 14 41 20 15 30 38 32 11 9 20 14 17 4 7 0 41 15 6 22 16 28 25 23 5 12 8 41 29 0 33 35 34 41 34 2 8 40 22 35 34 16 40 15 18 6 0 41 0 27 18 28 17 39 9 21 25
run=19 seed=18 k=42 f=0
10 0 25 1 23 18 27 34 0 8 3 24 26 7 5 29 22 9 5 15 39 37 5 31 0 13 38 8 40 32 2 41 25 40 26 0 14 24 35 40 29 39 21 27 39 19 16 0 24 25 32 18 9 0 6 9 7 25 0 41 14 23 31 15 33 34 38 0 16 32
run=20 seed=19 k=42 f=0
17 24 39 37 32 19 41 26 14 33 17 28 11 36 1 40 34 11 31 7 41 41 5 0 27 1 0 27 23 32 28 41 30 3 39 2 19 1 25 3 1 0 34 16 20 31 25 12 32 41 33 37 19 33 23 0 2 23 9 17 22 10 14 13 18 11 28 7 7 13
