run=1 seed=0 k=45 f=0
28 16 24 5 44 25 1 44 25 1 32 44 10 44 34 25 15 32 7 1 26 7 42 24 17 35 17 4 37 10 40 27 27 15 14 12 44 16 19 7 8 18 37 7 32 22 21 38 0 44 38 31 0 35 26 18 25 21 31 29 15 0 9 2 11 35 21 7 42 1
run=2 seed=1 k=45 f=0
28 16 24 5 44 25 1 44 25 1 32 44 10 44 34 25 15 32 7 1 26 7 42 24 17 35 17 4 37 10 40 27 27 15 14 12 44 16 19 7 8 18 37 7 32 22 21 38 0 44 38 31 0 35 26 18 25 21 31 29 15 0 9 2 11 35 21 7 42 1
run=3 seed=2 k=45 f=0
3 19 26 35 0 3 23 13 40 12 17 9 9 24 23 28 29 43 12 5 17 0 44 35 16 1 28 3 36 33 42 6 7 12 17 30 20 25 0 17 38 2 28 41 10 5 1 39 30 21 44 29 19 35 0 11 0 43 38 44 35 44 18 1 16 38 33 44 44 10
run=4 seed=3 k=45 f=0
21 40 18 12 15 40 36 10 1 17 44 4 18 19 36 36 24 29 14 3 23 37 8 3 13 32 20 44 31 0 28 32 16 17 26 43 24 39 40 18 16 11 22 44 43 7 0 7 17 9 32 3 41 9 8 2 4 35 11 34 44 0 31 28 44 27 13 31 28 0
run=5 seed=4 k=45 f=0
16 23 44 3 44 33 15 13 40 20 44 39 4 44 12 22 18 10 41 29 35 29 33 9 22 26 27 44 27 10 32 10 34 30 34 34 4 28 25 27 31 14 21 35 17 41 10 13 12 44 39 39 20 38 16 38 36 5 4 0 3 16 1 0 44 26 6 27 1 21
run=6 seed=5 k=45 f=0
32 4 44 29 41 4 0 4 0 35 36 38 0 43 10 36 40 21 12 2 16 25 9 3 21 20 12 28 32 16 44 12 4 8 39 1 20 20 32 15 23 7 40 30 35 18 27 14 17 44 18 12 21 0 3 0 10 39 32 12 25 42 22 27 43 18 8 33 9 1
run=7 seed=6 k=45 f=0
13 0 7 40 44 5 1 33 26 18 20 30 16 8 20 11 5 12 3 34 36 3 25 12 2 26 21 0 28 15 31 30 2 24 36 32 35 44 13 29 20 42 19 42 36 41 9 43 10 41 39 8 24 44 19 44 8 24 28 1 12 5 33 43 40 24 15 0 31 29
run=8 seed=7 k=45 f=0
27 35 14 44 16 33 41 12 15 44 1 23 31 21 7 42 28 11 35 43 44 25 0 19 34 15 1 14 37 7 0 36 30 34 21 8 27 0 44 43 7 10 44 0 40 17 17 22 17 26 8 40 23 0 25 10 26 26 0 35 34 18 6 23 34 0 36 1 38 25
run=9 seed=8 k=45 f=0
31 1 29 12 36 28 7 26 42 18 22 21 30 2 6 44 40 43 0 17 44 43 12 3 26 27 0 17 7 20 3 28 35 26 11 33 11 25 22 19 5 37 31 37 37 15 43 7 32 9 10 21 10 35 5 14 21 34 1 1 14 0 4 44 33 24 18 1 3 27
run=10 seed=9 k=45 f=0
32 44 34 22 4 10 19 8 2 37 34 43 0 4 37 20 35 0 25 11 30 23 12 30 39 44 29 29 42 5 10 44 33 42 28 19 35 18 22 44 27 29 4 25 0 14 0 3 4 10 15 34 18 1 19 11 44 20 30 28 13 10 18 20 6 44 15 42 44 23
run=11 seed=10 k=45 f=0
40 9 38 35 44 17 0 31 28 44 38 26 18 13 10 8 15 43 26 40 36 16 25 31 7 38 7 42 34 18 27 8 42 18 5 0 0 10 14 17 43 44 29 23 12 1 22 32 0 12 25 3 38 34 41 7 18 3 35 32 25 25 2 0 12 38 29 15 25 0
run=12 seed=11 k=45 f=0
23 2 42 35 3 44 31 16 14 28 1 6 30 14 25 29 1 25 28 33 31 10 33 31 1 35 16 21 14 26 41 31 4 37 42 36 11 40 25 10 15 0 16 43 6 4 18 44 33 8 10 22 7 2 37 24 8 22 2 0 12 44 30 17 43 44 5 44 40 38
run=13 seed=12 k=45 f=0
35 23 14 28 31 19 44 18 22 9 43 9 14 16 44 0 17 37 2 40 21 8 0 19 34 22 0 43 43 7 34 44 38 18 16 23 10 39 2 3 7 43 0 4 29 5 43 31 27 32 11 4 25 36 35 35 33 13 13 0 11 27 24 40 29 15 36 39 20 0
run=14 seed=13 k=45 f=0
30 11 25 5 36 19 2 35 13 24 16 43 30 9 26 15 27 13 38 24 2 43 34 26 18 19 33 7 11 0 21 15 30 37 2 16 30 4 24 25 37 41 12 36 5 1 7 24 2 44 20 12 0 0 37 22 20 14 35 36 18 44 28 42 26 30 30 44 30 9
run=15 seed=14 k=45 f=0
13 32 44 27 27 38 2 15 44 25 18 44 37 30 0 20 26 7 40 17 35 4 24 33 8 7 17 40 19 37 12 34 43 31 32 42 0 34 24 35 6 29 25 43 0 5 16 3 27 33 0 2 21 9 15 43 41 27 10 8 8 44 15 11 23 1 21 44 35 18
run=16 seed=15 k=45 f=0
38 23 44 35 23 44 4 23 34 44 13 1 29 5 10 16 44 22 44 28 43 43 18 41 34 31 13 8 2 3 20 11 36 44 15 16 25 20 18 8 28 43 0 16 9 33 27 23 2 36 12 37 5 2 26 19 40 39 11 7 2 34 30 35 28 0 44 15 34 32
run=17 seed=16 k=45 f=0
0 33 42 22 26 33 37 16 33 20 24 2 29 21 17 1 19 44 33 39 34 44 21 0 7 36 13 9 35 28 13 30 40 18 11 34 25 13 4 14 12 36 35 44 12 44 44 35 34 11 24 21 1 34 27 15 27 2 4 1 9 43 0 5 31 26 1 42 1 0
run=18 seed=17 k=45 f=0
25 37 44 17 4 44 10 36 8 2 31 1 14 21 42 19 18 37 42 12 12 2 32 22 41 27 28 38 42 8 36 39 5 0 1 42 44 22 25 6 1 26 27 35 2 25 33 27 19 24 4 44 1 12 34 44 19 24 33 15 34 33 6 18 4 9 15 25 12 19
run=19 seed=18 k=45 f=0
43 35 10 7 32 40 12 35 43 22 17 16 2 23 23 8 13 0 27 5 40 10 41 4 16 31 30 26 24 0 34 23 31 0 37 40 17 12 4 19 39 24 42 38 32 5 14 41 27 30 16 44 17 35 33 1 22 37 33 6 0 44 13 25 44 0 5 8 36 14
run=20 seed=19 k=45 f=0
29 35 43 30 28 15 26 30 6 43 7 40 10 2 7 17 27 9 18 13 0 25 30 27 36 16 0 0 20 19 1 5 9 9 27 18 25 15 15 36 37 31 31 30 14 43 8 29 33 35 15 41 23 34 23 15 11 23 38 0 37 44 22 1 19 26 40 13 41 19
