run=1 seed=0 k=38 f=0
21 34 18 1 28 27 6 2 2 29 19 9 15 29 14 15 26 36 14 19 20 36 27 31 11 12 20 7 5 1 2 6 36 30 32 0 37 12 12 29 19 29 25 1 37 21 37 23 28 9 3 34 23 22 20 13 37 5 31 17 0 0 16 9 0 23 23 8 1 37
run=2 seed=1 k=38 f=0
21 34 18 1 28 27 6 2 2 29 19 9 15 29 14 15 26 36 14 19 20 36 27 31 11 12 20 7 5 1 2 6 36 30 32 0 37 12 12 29 19 29 25 1 37 21 37 23 28 9 3 34 23 22 20 13 37 5 31 17 0 0 16 9 0 23 23 8 1 37
run=3 seed=2 k=38 f=0
22 5 12 16 28 25 37 35 15 8 2 0 17 31 8 15 3 32 4 19 1 19 35 9 25 2 9 0 30 0 33 29 36 30 29 37 37 36 13 17 18 0 25 14 20 7 28 24 30 0 35 5 25 22 8 37 18 36 0 20 37 5 9 27 22 14 37 13 10 19
run=4 seed=3 k=38 f=0
34 25 10 37 25 2 34 13 34 17 30 8 9 37 11 14 0 17 33 0 17 9 30 2 13 15 29 22 21 37 37 15 2 1 23 9 28 3 21 23 32 0 16 23 18 3 0 34 20 37 6 30 19 37 4 36 6 27 28 29 36 8 32 1 11 23 31 6 0 0
run=5 seed=4 k=38 f=0
8 14 28 0 27 10 4 26 25 8 13 27 1 24 12 35 28 17 1 17 19 36 19 1 31 12 36 21 18 36 23 20 14 7 5 0 27 1 37 24 9 9 0 4 10 9 37 0 4 28 33 15 33 15 37 20 22 8 29 20 36 0 32 3 11 14 36 7 27 0
run=6 seed=5 k=38 f=0
15 37 21 1 1 26 14 28 1 17 17 32 1 20 29 8 31 19 17 36 23 2 31 24 4 0 9 16 16 14 12 17 14 30 7 0 37 34 11 35 6 28 21 9 9 8 37 1 33 9 28 19 34 1 24 11 35 0 27 29 37 23 7 2 4 23 26 9 25 16
run=7 seed=6 k=38 f=0
9 22 7 3 37 29 17 37 26 17 11 20 24 1 8 0 35 10 16 28 14 1 16 20 11 11 36 29 5 0 33 0 14 15 3 9 37 1 30 11 14 10 8 22 37 20 37 8 33 0 34 5 16 7 22 17 0 5 37 29 0 22 34 30 23 23 34 28 25 21
run=8 seed=7 k=38 f=0
37 11 25 30 37 5 10 37 26 17 17 13 32 28 24 0 20 22 6 1 18 36 16 26 37 36 37 13 1 5 23 11 6 37 19 9 27 4 33 22 0 9 8 19 0 9 0 22 8 37 1 3 15 7 5 0 36 33 30 29 9 17 22 35 4 23 0 29 27 0
run=9 seed=8 k=38 f=0
33 25 37 25 18 0 28 5 36 20 8 9 1 2 32 4 20 18 33 9 26 0 1 18 24 13 34 24 30 30 35 7 35 37 0 28 30 2 1 6 36 18 31 37 10 16 37 11 21 0 5 12 28 11 36 14 20 19 37 8 0 20 5 17 1 14 27 37 35 9
run=10 seed=9 k=38 f=0
37 6 13 0 9 25 4 2 24 17 10 9 20 37 23 0 29 18 1 29 17 3 37 21 7 2 32 10 14 21 4 0 35 37 31 0 16 1 33 12 20 31 24 15 2 5 37 25 28 9 24 37 12 25 3 37 31 14 13 29 0 6 1 29 26 23 22 28 18 34
run=11 seed=10 k=38 f=0
29 36 10 30 37 5 1 11 23 29 21 11 7 27 5 10 5 37 0 34 29 14 1 3 18 18 22 0 34 28 37 15 28 18 32 0 28 8 22 26 33 0 35 11 33 21 37 36 37 9 16 18 27 37 1 2 20 23 26 17 13 4 11 20 7 23 2 0 29 22
run=12 seed=11 k=38 f=0
23 17 37 12 37 21 1 37 0 17 10 4 5 34 5 11 0 36 9 3 11 37 11 31 16 23 27 0 21 26 37 36 29 37 28 9 19 36 13 0 24 27 19 11 21 3 0 21 19 37 32 22 13 29 9 4 30 30 12 29 28 4 7 3 21 23 2 0 26 18
run=13 seed=12 k=38 f=0
28 8 37 26 28 17 37 18 1 8 32 34 37 4 6 22 33 11 21 14 12 0 28 16 34 32 1 9 9 17 18 1 37 0 24 37 37 26 7 23 23 2 35 25 12 1 0 31 8 28 19 8 25 15 35 15 11 26 5 20 37 28 25 0 30 14 12 0 22 19
run=14 seed=13 k=38 f=0
9 22 29 1 21 14 32 37 37 8 25 35 20 37 8 26 7 26 32 14 29 18 17 14 5 26 8 36 34 10 11 0 34 0 31 37 17 27 24 14 14 37 30 0 37 0 28 6 34 0 36 4 31 8 22 8 3 24 37 20 0 32 13 2 16 14 17 13 1 36
run=15 seed=14 k=38 f=0
15 37 0 13 37 0 16 37 3 20 20 30 0 36 24 34 36 6 27 17 0 37 9 0 23 14 21 6 18 29 30 4 29 17 19 28 25 34 37 7 18 14 23 6 34 27 37 23 30 0 29 21 8 0 27 13 8 0 2 8 16 10 33 21 35 14 30 29 0 7
run=16 seed=15 k=38 f=0
17 6 19 0 9 13 17 4 34 8 0 37 34 37 32 16 31 23 21 29 25 35 0 26 5 17 7 24 16 12 5 22 20 8 9 0 1 25 12 4 7 26 0 24 35 26 28 33 28 37 37 21 12 37 14 21 30 0 6 20 0 28 18 28 34 14 0 37 11 18
run=17 seed=16 k=38 f=0
2 27 20 23 28 6 10 26 17 8 1 35 8 37 0 29 33 0 20 13 6 8 11 34 24 11 16 17 18 4 24 17 9 8 35 37 37 33 31 18 5 15 1 1 30 3 0 1 30 28 12 33 0 0 9 37 34 34 18 20 37 23 26 37 27 14 25 19 23 13
run=18 seed=17 k=38 f=0
21 29 9 20 0 11 7 19 1 17 33 28 23 32 31 20 19 1 0 21 37 25 37 0 6 7 37 30 32 16 14 12 13 8 14 0 36 35 18 11 3 2 1 16 23 16 9 0 1 37 6 7 35 0 28 8 26 11 34 29 11 26 14 0 13 23 23 26 15 20
run=19 seed=18 k=38 f=0
30 18 7 21 37 8 35 37 16 8 30 1 1 37 17 0 7 14 21 11 0 23 37 9 20 3 28 32 30 0 21 18 27 18 30 0 25 34 2 30 30 8 37 25 15 19 37 11 15 28 0 31 14 10 0 7 3 27 30 20 9 37 27 26 21 14 14 22 0 28
run=20 seed=19 k=38 f=0
0 10 17 36 9 9 31 12 2 8 4 17 37 20 24 37 19 3 23 0 17 21 37 26 32 28 26 24 3 5 8 26 28 8 18 0 1 25 12 33 37 26 15 6 0 25 37 15 14 28 37 21 1 30 9 30 24 13 4 20 37 20 35 27 20 14 37 29 37 0
