run=1 seed=0 k=39 f=0
0 7 25 8 9 30 25 3 13 21 2 16 26 4 36 1 0 36 7 37 17 9 2 38 29 21 1 34 10 12 6 12 21 9 5 38 28 1 5 37 32 19 3 14 17 31 29 26 16 0 32 38 13 17 2 27 11 16 19 8 0 38 23 37 7 15 30 30 38 24
run=2 seed=1 k=39 f=0
0 7 25 8 9 30 25 3 13 21 2 16 26 4 36 1 0 36 7 37 17 9 2 38 29 21 1 34 10 12 6 12 21 9 5 38 28 1 5 37 32 19 3 14 17 31 29 26 16 0 32 38 13 17 2 27 11 16 19 8 0 38 23 37 7 15 30 30 38 24
run=3 seed=2 k=39 f=0
27 38 31 26 24 0 12 29 2 17 38 35 25 8 38 12 1 18 15 23 32 5 22 14 36 16 6 25 33 6 4 35 10 38 22 38 0 36 7 32 24 32 18 29 1 17 0 2 24 9 5 11 38 19 12 32 26 32 0 29 15 29 3 14 38 23 1 0 14 6
run=4 seed=3 k=39 f=0
6 33 0 24 1 38 27 26 4 20 35 4 0 8 14 24 20 32 31 0 20 7 38 1 19 15 13 37 35 7 38 10 31 9 32 37 16 36 22 1 27 8 0 34 28 5 0 1 0 28 24 31 16 31 32 16 12 38 35 8 38 2 26 18 21 14 25 9 23 27
run=5 seed=4 k=39 f=0
7 23 10 0 36 37 25 23 24 30 20 21 38 0 14 30 16 31 3 14 20 38 0 4 31 7 7 4 28 17 3 6 28 38 32 22 11 1 33 23 28 22 15 36 26 20 38 19 11 0 33 30 16 20 4 1 38 26 32 8 0 0 29 38 18 14 21 9 28 27
run=6 seed=5 k=39 f=0
3 23 9 31 8 1 26 20 10 26 36 20 29 27 26 28 36 11 24 5 0 13 0 9 21 14 38 0 13 16 20 0 19 13 30 9 6 33 30 3 10 36 23 37 38 25 18 35 20 0 38 13 2 21 30 1 16 36 31 38 18 38 34 31 5 32 1 32 27 38
run=7 seed=6 k=39 f=0
13 19 38 35 29 17 29 15 34 24 38 26 38 2 2 10 30 9 21 10 21 0 0 29 22 17 0 25 2 7 14 38 17 38 6 38 19 1 12 5 6 31 33 27 15 23 0 1 18 16 0 0 23 3 34 11 8 26 22 8 38 29 16 29 35 30 33 8 29 14
run=8 seed=7 k=39 f=0
27 20 31 25 38 9 5 1 7 17 38 2 38 33 24 16 35 17 4 18 30 29 0 29 7 1 34 2 11 38 20 15 9 31 33 9 24 24 0 24 28 1 37 12 23 29 37 38 22 0 37 7 27 9 4 14 28 29 0 29 11 38 18 12 23 23 21 19 6 2
run=9 seed=8 k=39 f=0
16 5 30 38 0 13 27 38 13 24 33 30 34 17 9 8 24 4 20 2 27 16 10 19 25 27 20 21 10 37 13 35 35 37 33 38 0 2 6 10 12 27 0 37 1 27 0 29 0 16 37 5 21 15 32 7 20 13 38 8 36 25 31 18 12 30 4 14 25 20
run=10 seed=9 k=39 f=0
21 38 10 7 0 19 11 22 35 18 16 25 38 10 9 13 33 0 18 28 16 8 1 11 36 36 36 0 25 17 22 23 3 21 16 10 29 3 17 2 12 0 16 1 22 10 38 27 1 0 6 5 14 6 31 23 4 2 38 30 37 38 31 29 28 24 25 29 35 23
run=11 seed=10 k=39 f=0
37 19 11 23 10 32 18 10 20 29 11 9 36 38 19 38 15 0 29 18 38 18 1 7 32 16 38 14 6 27 26 38 36 23 35 38 30 37 18 11 5 12 38 5 22 26 0 4 38 9 7 5 18 0 23 4 29 3 23 17 1 10 7 35 12 23 26 25 31 31
run=12 seed=11 k=39 f=0
8 23 16 21 16 5 1 15 1 17 38 12 11 36 25 4 8 37 33 18 31 7 1 19 26 29 28 18 19 9 0 15 22 29 19 0 38 35 1 19 34 30 35 4 38 4 38 35 0 9 38 35 21 11 35 17 15 2 25 29 0 22 5 31 9 23 12 8 27 38
run=13 seed=12 k=39 f=0
35 2 20 7 0 30 2 18 33 24 38 24 1 2 38 38 31 14 37 14 32 29 38 22 32 37 36 4 15 11 20 38 13 22 9 38 29 13 18 20 23 8 13 24 5 5 16 31 21 0 14 28 37 10 30 1 23 23 37 8 16 0 31 29 28 30 18 8 8 25
run=14 seed=13 k=39 f=0
33 20 27 14 9 31 27 33 11 30 16 38 38 3 23 1 3 22 31 12 29 24 8 29 22 16 6 17 10 15 15 16 36 31 34 9 11 1 4 1 32 30 9 37 35 23 0 25 31 38 12 3 24 23 9 38 19 38 3 18 38 38 0 0 15 24 27 17 0 0
run=15 seed=14 k=39 f=0
31 22 0 0 0 11 16 33 15 8 28 19 38 28 16 0 20 38 23 2 10 16 36 15 22 16 28 34 9 17 29 32 38 15 32 0 8 37 19 5 2 20 6 37 27 24 29 25 9 38 5 5 14 28 15 36 34 32 0 21 29 38 23 9 23 15 1 21 2 38
run=16 seed=15 k=39 f=0
23 15 33 2 38 22 31 3 36 12 28 28 37 28 25 0 13 13 17 38 0 0 9 13 1 38 37 8 31 23 4 29 22 31 1 20 23 21 6 17 1 29 37 7 18 21 29 37 38 38 4 22 11 14 5 9 11 10 21 0 17 38 2 0 5 6 14 30 17 8
run=17 seed=16 k=39 f=0
24 38 18 3 8 38 25 38 17 0 21 11 3 6 25 7 0 32 15 26 31 0 9 2 15 13 20 22 9 33 37 24 1 38 5 38 31 34 9 5 35 20 16 35 26 20 20 14 7 29 6 13 26 0 27 30 3 38 10 12 17 18 27 0 38 6 28 0 37 38
run=18 seed=17 k=39 f=0
28 19 31 7 0 35 20 34 23 14 25 27 11 35 21 38 6 0 19 1 38 0 1 32 15 29 14 30 31 38 34 30 16 16 7 0 24 2 36 21 21 18 38 6 23 22 22 5 16 38 0 25 3 0 34 9 31 30 25 30 29 9 22 9 35 8 15 16 34 10
run=19 seed=18 k=39 f=0
21 29 11 17 0 36 32 20 0 30 11 1 1 35 32 15 34 24 33 22 25 23 0 33 5 19 10 26 17 19 38 2 34 0 7 22 32 21 38 4 12 24 9 12 24 7 0 6 31 38 2 15 30 8 36 38 25 9 18 8 9 21 34 37 5 14 29 37 1 18
run=20 seed=19 k=39 f=0
8 14 1 1 12 31 17 2 3 20 13 38 23 32 32 17 27 25 5 25 38 38 29 36 7 16 10 27 34 22 0 16 24 9 36 38 38 32 31 36 7 30 32 0 17 19 0 1 31 28 24 7 36 0 8 24 8 35 2 8 0 23 18 38 34 14 25 27 5 21
