run=1 seed=0 k=43 f=0
7 8 32 1 19 31 26 15 9 31 20 0 31 16 42 42 3 14 9 7 35 17 8 21 23 22 29 22 0 12 35 0 2 6 40 25 37 24 42 15 42 25 36 42 33 25 4 18 31 42
run=2 seed=1 k=43 f=0
7 8 32 1 19 31 26 15 9 31 20 0 31 16 42 42 3 14 9 7 35 17 8 21 23 22 29 22 0 12 35 0 2 6 40 25 37 24 42 15 42 25 36 42 33 25 4 18 31 42
run=3 seed=2 k=43 f=0
42 14 23 9 28 40 18 0 11 0 39 1 26 26 9 21 42 28 10 16 28 5 42 18 27 20 30 17 42 39 13 42 0 35 0 36 23 7 23 34 3 34 16 1 35 14 34 29 30 8
run=4 seed=3 k=43 f=0
20 29 23 20 18 22 37 16 2 41 34 16 15 15 0 14 42 18 34 14 7 38 35 34 27 33 0 9 42 11 5 23 25 0 0 0 4 37 7 32 28 42 27 4 4 42 34 34 24 10
run=5 seed=4 k=43 f=0
16 33 9 23 38 10 42 16 27 26 6 24 39 31 26 42 0 19 3 40 21 0 16 33 20 27 0 2 22 13 12 13 11 42 16 8 42 3 25 33 38 28 31 36 28 5 30 0 16 39
run=6 seed=5 k=43 f=0
30 1 35 41 5 37 7 31 11 7 24 34 35 25 10 36 31 0 14 36 10 19 1 5 24 17 33 19 1 21 40 27 25 13 32 42 3 24 4 42 10 1 42 17 0 15 10 3 24 8
run=7 seed=6 k=43 f=0
20 3 18 40 37 0 18 27 15 40 22 37 6 4 41 33 32 41 26 33 42 19 21 30 5 0 20 32 38 1 25 9 15 34 12 27 10 20 41 0 11 0 5 10 15 27 25 31 17 9
run=8 seed=7 k=43 f=0
12 28 16 0 21 0 39 29 20 24 5 7 35 26 26 13 33 26 4 35 20 0 10 42 40 42 10 3 14 27 2 42 17 36 34 37 30 19 13 41 19 26 7 42 32 0 2 34 22 13
run=9 seed=8 k=43 f=0
30 36 20 19 0 18 24 3 9 20 17 21 34 27 6 42 17 24 17 30 23 13 13 1 26 40 38 39 41 28 0 5 24 32 26 0 2 42 23 15 11 37 13 1 34 42 36 33 29 8
run=10 seed=9 k=43 f=0
1 12 32 15 25 21 28 13 8 9 5 6 24 18 37 3 37 11 16 16 42 21 30 1 24 3 41 16 2 32 29 29 6 0 9 34 41 42 35 30 7 36 26 4 39 12 42 32 26 18
run=11 seed=10 k=43 f=0
22 19 20 35 15 42 13 0 29 1 4 7 26 6 7 25 1 37 34 20 40 0 22 20 14 29 12 36 40 3 17 11 42 7 1 33 29 16 36 14 25 29 25 30 42 0 2 21 40 13
run=12 seed=11 k=43 f=0
35 11 32 42 8 27 13 21 37 1 1 0 39 1 29 2 39 24 24 37 30 21 17 33 19 4 23 22 35 3 28 42 0 33 35 37 42 2 8 7 10 17 42 16 34 16 7 11 31 17
run=13 seed=12 k=43 f=0
42 27 37 0 5 42 23 15 22 34 19 9 26 34 36 34 1 14 18 5 41 1 21 14 4 42 28 0 1 39 11 11 9 6 41 16 29 35 29 18 19 26 22 1 26 3 28 10 22 33
run=14 seed=13 k=43 f=0
42 24 6 1 7 0 27 21 25 0 34 18 26 25 5 16 2 23 38 16 41 8 42 41 33 11 30 20 8 11 39 31 36 41 26 0 30 30 6 12 18 2 15 37 2 0 33 14 42 32
run=15 seed=14 k=43 f=0
22 6 28 12 13 15 20 31 4 0 15 0 1 15 28 33 19 9 42 29 40 25 41 31 15 33 20 11 31 41 39 0 17 24 5 17 32 0 7 42 0 20 37 42 7 8 9 23 26 42
run=16 seed=15 k=43 f=0
36 6 11 26 17 1 12 34 16 14 21 42 15 5 42 0 13 4 26 4 28 18 35 34 22 39 42 6 38 3 26 41 0 42 2 35 18 15 9 27 18 11 28 38 8 9 2 32 1 21
run=17 seed=16 k=43 f=0
8 9 15 9 36 21 0 34 11 16 39 15 32 22 14 42 33 0 22 6 20 0 3 39 2 42 26 37 33 0 7 31 23 16 5 36 28 7 0 0 15 13 27 32 10 42 28 37 4 23
run=18 seed=17 k=43 f=0
31 14 5 40 27 29 0 42 12 18 20 4 1 20 16 21 0 34 5 9 29 0 36 22 27 9 14 6 33 5 42 42 42 12 12 37 12 3 33 23 27 35 24 17 36 36 21 40 30 20
run=19 seed=18 k=43 f=0
34 2 17 9 42 11 32 27 38 10 0 38 10 11 19 23 4 24 30 29 16 42 33 32 16 42 22 1 38 42 27 8 40 36 1 31 14 0 7 26 0 38 16 42 0 4 6 19 20 12
run=20 seed=19 k=43 f=0
32 40 3 15 27 16 7 38 5 16 42 8 26 12 38 6 5 42 15 0 13 30 14 3 25 25 39 3 0 29 31 22 9 0 2 0 42 9 27 20 20 37 21 33 41 0 40 28 16 34
