run=1 seed=0 k=36 f=0
34 0 19 25 13 22 6 9 3 18 5 6 6 0 20 19 15 35 30 19 26 35 2 0 10 3 33 11 13 16 26 8 29 17 22 13 24 0 35 0 7 0 27 10 2 14 29 31 31 23
run=2 seed=1 k=36 f=0
34 0 19 25 13 22 6 9 3 18 5 6 6 0 20 19 15 35 30 19 26 35 2 0 10 3 33 11 13 16 26 8 29 17 22 13 24 0 35 0 7 0 27 10 2 14 29 31 31 23
run=3 seed=2 k=36 f=0
10 9 4 35 22 9 6 35 30 31 3 29 29 19 4 26 26 12 3 22 33 0 33 8 18 35 27 24 31 18 9 15 15 20 31 20 0 0 13 35 1 8 29 35 35 21 14 20 14 3
run=4 seed=3 k=36 f=0
7 26 14 9 2 11 12 27 2 21 32 3 11 7 20 7 0 28 32 9 0 35 5 30 0 10 0 28 30 19 23 18 0 16 15 13 16 35 0 35 35 27 6 0 24 25 21 21 31 20
run=5 seed=4 k=36 f=0
0 10 6 35 22 14 33 27 35 16 32 4 32 15 19 16 24 11 0 17 2 35 11 12 33 0 27 27 2 0 35 27 5 35 35 22 35 4 10 12 7 8 19 30 8 24 15 0 16 32
run=6 seed=5 k=36 f=0
4 20 5 24 18 13 28 0 30 21 27 29 0 18 18 26 14 1 35 4 33 0 35 15 12 24 35 28 2 3 30 14 9 8 9 9 14 28 34 35 10 22 18 34 4 23 12 21 3 35
run=7 seed=6 k=36 f=0
30 17 35 1 17 30 23 9 15 4 28 35 6 26 20 11 31 8 0 14 35 3 30 30 19 21 22 11 11 13 4 23 35 35 35 28 16 1 18 0 35 7 25 14 30 25 0 5 10 0
run=8 seed=7 k=36 f=0
35 14 32 12 14 21 14 10 6 18 31 6 6 35 19 21 1 28 30 17 0 35 0 24 12 10 0 11 9 34 25 8 29 35 4 27 23 0 25 0 18 25 16 7 2 14 24 34 34 20
run=9 seed=8 k=36 f=0
13 6 15 9 13 23 19 35 3 0 3 19 9 28 0 21 34 8 29 26 14 35 35 23 33 23 35 24 10 0 3 0 18 18 22 27 4 1 10 35 17 8 29 34 7 27 1 13 11 0
run=10 seed=9 k=36 f=0
11 28 8 27 0 35 32 1 15 29 5 20 6 15 31 35 11 2 23 35 20 0 0 35 5 25 0 22 4 9 31 8 16 9 13 13 35 18 24 0 22 28 30 25 15 26 0 3 4 34
run=11 seed=10 k=36 f=0
1 8 31 9 8 21 12 10 29 31 32 26 29 34 15 0 10 2 32 19 26 35 35 35 16 23 27 24 24 18 17 14 6 26 19 19 11 35 0 35 4 4 16 8 24 20 22 0 0 32
run=12 seed=11 k=36 f=0
15 9 2 34 0 30 35 11 2 0 3 28 29 15 0 15 33 10 33 15 35 0 17 3 23 24 11 24 24 22 6 26 10 35 18 21 4 0 26 35 29 8 18 23 5 20 29 16 14 3
run=13 seed=12 k=36 f=0
15 21 6 26 35 14 24 8 32 29 16 0 19 10 28 27 23 11 2 7 0 35 35 35 9 3 3 6 0 12 35 13 0 19 23 7 24 1 28 35 19 31 35 27 19 9 18 6 15 31
run=14 seed=13 k=36 f=0
35 9 2 34 28 5 17 25 33 19 35 29 31 22 17 35 17 10 4 21 28 0 35 12 10 26 1 26 35 21 7 16 7 32 20 21 13 18 12 0 29 9 0 28 23 23 11 23 4 35
run=15 seed=14 k=36 f=0
5 9 17 9 34 16 11 2 24 25 14 28 9 29 27 15 23 0 4 35 22 0 5 35 32 32 17 18 20 26 9 30 0 35 25 35 12 26 20 35 0 9 11 6 24 21 1 34 3 15
run=16 seed=15 k=36 f=0
28 9 17 27 9 14 22 26 33 1 14 23 32 31 22 15 35 0 27 30 22 0 8 12 33 26 35 14 3 3 11 35 0 19 17 30 35 7 0 7 21 5 32 25 4 17 4 1 2 16
run=17 seed=16 k=36 f=0
29 26 16 30 35 18 19 35 11 4 0 7 25 1 7 0 10 34 12 15 8 35 29 19 17 19 9 16 14 0 28 20 34 13 1 15 22 0 6 0 35 31 23 8 29 13 1 27 31 1
run=18 seed=17 k=36 f=0
25 26 31 30 16 22 24 1 5 4 15 8 29 0 19 1 12 25 32 0 8 35 25 11 28 3 19 11 10 1 28 20 5 8 7 15 0 35 28 35 35 27 17 12 11 14 1 30 21 32
run=19 seed=18 k=36 f=0
35 29 1 21 0 30 0 7 21 20 17 10 6 35 21 35 26 33 9 31 11 0 0 13 5 13 31 11 12 0 19 23 30 24 31 18 25 15 35 0 7 4 0 9 17 16 26 0 35 4
run=20 seed=19 k=36 f=0
0 6 1 30 16 5 17 22 32 16 28 29 29 4 15 0 26 19 29 0 34 25 35 18 35 9 10 24 26 0 16 12 6 12 3 17 11 29 35 35 35 20 0 35 21 21 25 16 1 35
