run=1 seed=0 k=53 f=0
7 21 21 2 42 50 7 17 6 29 42 48 17 14 35 15 5 44 29 24 36 0 42 30 52 52 49 22 52 20 31 48 52 36 22 9 0 24 2 42 38 8 10 2 6 25 49 40 16 27
run=2 seed=1 k=53 f=0
7 21 21 2 42 50 7 17 6 29 42 48 17 14 35 15 5 44 29 24 36 0 42 30 52 52 49 22 52 20 31 48 52 36 22 9 0 24 2 42 38 8 10 2 6 25 49 40 16 27
run=3 seed=2 k=53 f=0
34 12 49 42 50 42 34 36 31 46 41 45 51 13 26 32 51 35 19 28 48 22 39 10 52 2 52 8 43 20 24 1 16 15 12 38 22 50 1 0 5 36 24 8 9 39 41 19 31 18
run=4 seed=3 k=53 f=0
26 52 32 50 52 33 24 21 25 48 43 1 30 1 1 4 45 38 18 12 35 25 22 7 30 29 42 36 49 25 20 46 44 49 34 17 9 5 37 18 32 0 15 24 39 52 11 13 36 8
run=5 seed=4 k=53 f=0
50 11 2 3 18 3 24 19 33 41 6 4 0 30 34 0 16 26 52 21 50 39 51 38 47 0 47 23 5 27 39 29 43 46 2 24 30 34 28 10 11 12 13 50 10 20 40 17 46 33
run=6 seed=5 k=53 f=0
10 47 22 18 23 21 45 51 46 30 29 6 44 35 17 35 45 52 6 4 22 0 34 36 21 14 48 49 26 2 1 13 28 0 31 29 34 33 42 0 11 49 9 39 43 52 32 30 21 36
run=7 seed=6 k=53 f=0
42 46 30 9 51 17 1 40 45 6 35 52 4 12 34 40 42 52 0 26 15 32 17 52 29 16 0 22 38 40 27 7 47 6 16 24 1 33 50 13 19 47 24 2 20 25 42 28 8 0
run=8 seed=7 k=53 f=0
15 17 26 22 11 14 22 49 26 24 1 50 9 38 36 42 47 35 29 13 35 5 25 2 8 23 51 52 1 42 29 52 46 28 39 26 32 42 21 2 11 23 3 52 0 23 5 2 38 11
run=9 seed=8 k=53 f=0
28 48 15 34 37 0 42 36 13 6 15 38 38 8 11 21 13 44 52 46 39 29 51 0 43 2 12 44 36 45 24 12 20 27 23 7 15 9 51 2 52 0 18 52 4 47 30 25 21 32
run=10 seed=9 k=53 f=0
42 4 5 41 24 21 14 46 32 11 1 20 37 20 0 14 0 17 33 38 52 24 52 49 26 50 6 31 3 19 42 44 21 26 51 33 49 36 15 7 33 7 6 43 6 27 50 13 39 10
run=11 seed=10 k=53 f=0
31 9 20 15 15 28 40 3 35 8 22 52 12 37 25 46 48 40 6 6 37 18 31 5 14 12 52 44 25 43 4 26 50 33 34 0 39 21 46 0 30 51 52 4 33 19 29 10 33 23
run=12 seed=11 k=53 f=0
42 52 31 20 34 14 45 49 33 20 21 35 16 48 36 15 26 17 22 51 5 30 22 4 48 39 35 4 25 51 0 46 47 2 1 22 52 25 35 25 13 39 43 50 3 0 24 41 46 9
run=13 seed=12 k=53 f=0
0 10 32 25 50 26 2 1 9 23 39 25 22 47 31 2 18 40 40 29 52 35 40 12 48 28 52 11 27 3 8 19 45 31 23 43 36 17 49 52 38 6 7 46 13 16 52 37 3 50
run=14 seed=13 k=53 f=0
0 0 36 46 36 21 22 13 37 19 20 19 21 39 7 22 33 43 1 47 30 40 30 34 38 13 17 49 13 3 0 13 39 28 21 49 11 52 41 27 52 6 2 9 48 46 27 49 5 25
run=15 seed=14 k=53 f=0
17 32 19 20 37 31 30 42 0 39 48 40 36 23 52 8 2 34 46 1 41 17 41 43 21 46 52 0 45 32 37 25 22 0 3 51 29 52 20 9 8 32 13 7 0 46 26 13 15 23
run=16 seed=15 k=53 f=0
25 13 30 34 17 33 25 42 18 48 46 44 10 4 36 25 33 26 43 12 40 49 26 1 17 10 19 0 32 43 42 1 47 51 32 31 52 5 25 17 50 21 17 46 8 4 12 52 22 1
run=17 seed=16 k=53 f=0
31 2 20 4 8 38 18 14 47 9 18 9 47 24 24 13 13 28 47 7 51 38 42 41 51 44 12 52 44 23 6 22 9 5 19 27 44 46 34 2 31 34 20 1 32 19 49 25 52 35
run=18 seed=17 k=53 f=0
8 16 39 19 29 19 28 26 32 23 39 31 2 24 20 0 52 22 18 17 45 27 8 40 50 13 30 40 45 51 36 10 31 3 1 38 15 42 10 49 9 51 32 48 41 25 4 1 45 0
run=19 seed=18 k=53 f=0
28 30 9 14 1 43 2 36 2 7 27 4 32 45 17 24 14 32 31 42 52 0 11 52 13 51 35 47 32 24 22 8 2 11 42 18 52 24 47 40 6 15 1 17 39 12 29 33 25 40
run=20 seed=19 k=53 f=0
20 28 4 42 8 52 1 1 5 36 20 52 41 15 8 43 45 17 50 43 52 5 36 31 0 1 3 1 51 12 34 34 52 47 37 19 44 25 13 30 23 27 35 43 21 14 13 13 38 10
