run=1 seed=0 k=44 f=0
36 22 0 34 12 32 22 21 25 1 30 16 32 3 0 28 20 29 41 0 43 4 6 4 11 7 18 23 14 43 36 16 17 0 29 35 29 9 43 10 29 36 37 23 0 41 39 41 0 42
run=2 seed=1 k=44 f=0
36 22 0 34 12 32 22 21 25 1 30 16 32 3 0 28 20 29 41 0 43 4 6 4 11 7 18 23 14 43 36 16 17 0 29 35 29 9 43 10 29 36 37 23 0 41 39 41 0 42
run=3 seed=2 k=44 f=0
43 18 28 27 1 38 28 20 1 27 40 39 16 9 2 34 2 19 15 17 27 0 25 43 5 43 0 11 43 11 22 43 38 12 22 9 19 0 34 31 37 7 28 7 25 7 21 18 25 33
run=4 seed=3 k=44 f=0
23 1 0 20 23 3 24 43 24 5 14 8 19 27 34 43 23 42 14 27 35 18 42 31 37 5 43 14 16 10 38 7 8 8 36 27 41 17 34 1 2 0 28 23 28 28 33 32 34 15
run=5 seed=4 k=44 f=0
43 16 41 10 26 32 21 24 4 19 43 22 9 28 34 32 35 28 43 33 25 40 15 31 25 19 18 4 0 42 12 10 24 4 35 1 30 17 11 15 5 19 39 11 4 0 18 42 9 43
run=6 seed=5 k=44 f=0
23 31 34 43 13 20 32 33 9 5 13 4 19 27 29 0 0 28 32 30 7 41 15 25 11 10 15 39 0 3 42 25 0 43 39 17 33 3 24 13 35 18 15 10 19 42 0 39 26 37
run=7 seed=6 k=44 f=0
0 0 20 41 20 0 42 23 14 42 13 30 29 8 43 25 12 28 42 22 35 17 0 5 5 3 30 34 33 21 25 8 13 7 32 43 7 16 34 23 0 0 42 35 33 37 27 30 19 36
run=8 seed=7 k=44 f=0
21 6 19 12 1 43 6 9 4 12 32 25 17 42 27 37 28 8 26 0 20 29 0 24 5 38 38 40 13 2 5 12 8 25 19 43 34 16 39 0 19 41 0 30 18 43 12 25 11 19
run=9 seed=8 k=44 f=0
21 16 38 42 35 17 34 0 9 30 43 10 4 7 43 22 30 23 13 17 8 37 26 10 7 3 1 9 43 23 17 0 16 32 21 28 1 42 21 36 36 28 7 1 42 27 27 28 21 40
run=10 seed=9 k=44 f=0
24 33 1 37 10 7 40 0 14 14 6 4 38 35 14 18 19 10 40 43 0 10 31 29 35 38 9 7 25 0 4 27 1 22 1 43 41 31 12 32 43 34 43 38 2 19 16 23 12 27
run=11 seed=10 k=44 f=0
8 15 30 25 42 31 23 43 23 43 33 43 19 17 43 21 40 19 0 0 42 5 35 9 32 0 0 28 43 42 7 30 0 36 27 35 16 2 26 36 35 17 11 42 13 25 20 10 10 26
run=12 seed=11 k=44 f=0
11 17 33 5 31 20 37 3 29 2 22 0 28 26 0 23 21 0 40 34 0 43 35 37 31 38 16 43 13 25 5 10 17 34 0 34 22 13 41 34 43 17 25 43 3 6 0 1 28 11
run=13 seed=12 k=44 f=0
8 6 34 8 23 43 33 4 21 28 22 12 4 4 34 0 9 0 38 8 33 43 12 18 21 43 0 17 38 37 31 18 23 38 11 26 1 19 13 43 24 27 29 12 9 29 41 31 20 34
run=14 seed=13 k=44 f=0
30 15 39 22 16 19 16 34 9 7 12 6 34 30 43 23 9 0 34 43 1 31 26 40 13 37 4 18 10 31 43 9 7 24 41 43 37 12 2 0 17 27 41 6 3 13 25 32 20 28
run=15 seed=14 k=44 f=0
3 37 29 34 29 3 43 25 11 26 15 24 23 19 39 43 40 0 19 33 0 28 3 3 35 27 25 14 7 43 33 12 8 43 40 17 43 16 9 32 12 24 31 10 6 17 2 22 2 10
run=16 seed=15 k=44 f=0
18 2 25 39 28 5 38 16 43 31 11 22 3 28 26 32 5 43 18 0 25 40 34 29 10 17 0 8 19 16 37 8 43 0 43 13 0 23 39 35 9 36 33 14 0 13 32 28 41 29
run=17 seed=16 k=44 f=0
16 43 37 40 43 23 29 35 43 8 41 22 20 31 38 37 16 2 8 6 19 28 0 30 30 25 22 28 4 0 40 1 10 9 35 12 43 42 2 0 12 13 29 15 21 33 1 1 4 34
run=18 seed=17 k=44 f=0
12 28 24 35 4 19 37 35 9 31 31 34 33 28 18 22 40 7 30 22 39 8 1 26 3 25 43 43 7 11 16 0 7 14 38 16 1 27 6 26 0 15 43 0 14 40 42 31 9 0
run=19 seed=18 k=44 f=0
0 43 11 27 6 43 11 29 20 25 39 14 26 34 6 12 39 6 35 19 33 23 42 15 4 19 7 17 4 36 25 1 35 14 16 6 30 36 7 42 43 27 23 0 27 20 42 33 0 31
run=20 seed=19 k=44 f=0
0 28 20 10 22 40 41 28 24 23 0 18 37 7 17 1 11 43 11 21 14 43 23 31 37 23 43 30 29 1 38 35 5 3 2 7 10 21 11 43 15 28 35 12 29 25 33 0 35 0
