run=1 seed=0 k=47 f=0
39 4 18 23 17 44 16 1 10 24 8 17 45 26 0 21 22 38 31 19 29 38 25 39 14 1 31 17 6 6 43 12 11 18 39 46 4 9 36 31 16 46 27 2 6 23 44 28 40 31
run=2 seed=1 k=47 f=0
39 4 18 23 17 44 16 1 10 24 8 17 45 26 0 21 22 38 31 19 29 38 25 39 14 1 31 17 6 6 43 12 11 18 39 46 4 9 36 31 16 46 27 2 6 23 44 28 40 31
run=3 seed=2 k=47 f=0
29 28 33 41 10 41 0 5 12 19 24 34 46 26 5 21 0 15 46 7 14 0 21 13 4 43 0 41 37 25 12 37 34 46 0 46 1 26 14 13 46 29 36 0 29 23 42 32 8 22
run=4 seed=3 k=47 f=0
46 17 4 43 21 14 16 46 1 1 15 24 38 13 11 46 27 10 39 40 0 33 45 15 28 46 29 28 25 6 35 25 1 19 2 8 6 3 32 18 20 9 40 30 15 32 11 42 38 1
run=5 seed=4 k=47 f=0
6 25 7 19 26 3 6 9 39 40 2 1 2 40 12 32 36 0 43 27 10 46 26 9 26 19 0 33 20 45 12 18 46 44 14 38 28 16 33 19 27 38 27 38 2 37 28 28 45 8
run=6 seed=5 k=47 f=0
8 7 17 1 33 0 26 36 9 26 40 1 3 41 38 43 46 3 19 29 15 25 28 33 37 31 46 46 7 12 0 0 13 43 42 35 22 25 4 31 28 7 12 34 8 43 9 19 13 21
run=7 seed=6 k=47 f=0
46 2 9 29 2 24 12 30 7 35 11 26 5 36 30 17 29 19 33 40 27 36 1 19 41 6 40 18 22 2 0 45 41 37 14 11 2 2 18 11 9 6 46 41 25 35 18 35 17 41
run=8 seed=7 k=47 f=0
46 42 3 32 11 22 22 16 12 13 23 0 36 41 16 20 5 12 28 7 33 11 45 5 7 46 46 25 8 18 24 2 0 27 36 26 39 37 43 7 0 15 1 31 37 29 36 43 20 34
run=9 seed=8 k=47 f=0
19 42 43 0 20 38 46 4 11 6 11 2 0 3 9 14 40 1 42 41 21 6 17 33 22 31 10 28 17 19 25 34 38 45 11 28 33 12 34 46 44 2 22 27 1 14 18 22 22 9
run=10 seed=9 k=47 f=0
26 45 11 36 15 32 20 42 6 16 29 33 30 22 6 2 18 43 42 20 35 10 36 45 46 0 17 46 37 26 46 26 21 16 35 20 1 25 0 39 3 6 7 0 33 14 30 20 7 27
run=11 seed=10 k=47 f=0
0 46 25 35 41 14 8 0 21 46 6 32 4 20 27 1 44 2 13 22 38 10 13 10 39 14 46 35 29 23 36 30 46 9 2 18 21 22 45 12 3 46 39 33 23 40 13 45 0 26
run=12 seed=11 k=47 f=0
45 17 23 4 44 10 7 17 23 21 12 9 39 28 20 11 15 7 18 22 45 1 35 24 39 42 43 12 18 33 3 37 2 24 4 26 36 0 33 27 11 30 46 35 31 15 0 41 0 33
run=13 seed=12 k=47 f=0
29 46 24 12 24 34 34 21 0 16 25 40 24 46 38 6 32 39 44 7 15 36 29 30 33 7 22 8 17 43 0 28 14 3 14 0 20 46 40 46 36 0 27 16 19 1 0 26 14 22
run=14 seed=13 k=47 f=0
31 37 1 12 46 24 9 6 0 6 16 7 35 42 25 0 13 41 37 4 29 13 1 46 17 4 4 15 29 22 21 21 7 19 30 46 21 31 37 0 35 42 0 9 9 42 33 46 32 24
run=15 seed=14 k=47 f=0
30 12 6 12 42 29 22 11 7 2 7 4 19 10 2 18 32 25 30 25 35 44 14 41 26 7 33 41 29 24 45 0 35 4 23 28 23 45 34 11 3 14 17 39 10 45 30 21 17 40
run=16 seed=15 k=47 f=0
31 46 1 36 3 10 37 24 17 46 20 3 37 39 46 23 10 25 12 11 0 15 28 1 17 43 23 12 11 13 28 32 6 32 24 37 42 41 6 23 46 41 0 18 45 15 28 31 31 18
run=17 seed=16 k=47 f=0
46 24 26 10 1 45 31 22 11 3 30 38 16 0 3 16 32 41 36 15 2 33 33 0 29 20 18 21 23 34 9 46 39 15 15 10 7 6 40 32 42 23 28 0 6 24 14 33 46 3
run=18 seed=17 k=47 f=0
37 30 44 43 23 41 33 21 29 46 43 1 13 36 0 36 23 4 43 13 22 46 17 3 26 33 18 7 3 34 13 8 22 12 1 15 17 31 37 29 27 28 46 19 17 46 6 5 9 42
run=19 seed=18 k=47 f=0
30 37 21 31 9 28 29 14 21 12 1 14 34 1 46 46 45 15 35 33 19 10 39 40 6 29 21 19 18 2 35 28 25 22 22 0 39 0 40 0 12 41 34 6 21 8 37 45 22 7
run=20 seed=19 k=47 f=0
32 9 21 41 44 1 21 29 37 20 42 28 22 37 38 1 11 36 34 1 30 39 46 33 7 25 18 0 13 0 46 16 9 22 21 21 46 8 14 16 28 9 44 30 26 3 5 19 40 0
