run=1 seed=0 k=55 f=0
27 0 17 35 53 54 11 17 31 1 52 7 5 14 14 26 33 21 15 28 19 34 27 44 20 11 19 43 47 10 54 7 32 3 29 42 18 40 46 53 29 43 29 34 44 38 48 9 24 50
run=2 seed=1 k=55 f=0
27 0 17 35 53 54 11 17 31 1 52 7 5 14 14 26 33 21 15 28 19 34 27 44 20 11 19 43 47 10 54 7 32 3 29 42 18 40 46 53 29 43 29 34 44 38 48 9 24 50
run=3 seed=2 k=55 f=0
47 2 28 5 20 38 39 47 0 13 42 12 29 53 8 14 9 43 37 0 34 24 14 15 33 21 24 23 21 33 2 51 52 7 47 41 2 23 33 38 42 7 54 16 5 20 6 29 50 30
run=4 seed=3 k=55 f=0
23 45 18 29 23 22 2 2 15 44 19 35 27 12 46 14 4 25 46 5 54 22 53 49 38 41 40 1 36 3 49 0 36 54 10 6 50 36 45 8 24 33 17 4 28 17 11 32 27 13
run=5 seed=4 k=55 f=0
11 53 29 46 53 12 10 27 45 50 36 44 39 39 53 19 24 51 10 24 7 29 15 9 3 3 54 2 0 25 10 47 24 44 24 0 19 34 4 32 32 15 21 0 39 6 7 53 13 37
run=6 seed=5 k=55 f=0
0 16 45 17 16 46 10 0 53 54 37 29 25 53 16 0 0 20 43 11 49 40 4 3 11 12 48 9 22 36 31 22 44 8 4 6 21 37 50 35 9 32 28 0 30 53 22 17 39 54
run=7 seed=6 k=55 f=0
1 48 42 30 53 25 31 15 47 11 7 13 11 8 27 33 45 17 3 39 1 25 0 22 49 36 45 18 22 5 29 10 42 43 41 39 23 0 51 49 17 19 9 33 17 36 49 8 53 5
run=8 seed=7 k=55 f=0
37 29 19 26 45 38 6 9 50 52 54 1 26 31 15 7 21 32 23 25 0 38 33 48 19 47 16 7 47 35 40 51 0 2 1 16 22 49 43 45 7 15 24 9 33 54 45 21 35 7
run=9 seed=8 k=55 f=0
54 50 48 54 49 28 41 16 44 33 32 24 36 12 10 44 0 38 35 46 26 8 52 7 0 47 44 19 2 23 28 17 25 53 6 38 3 5 42 45 35 53 22 12 23 15 38 36 9 18
run=10 seed=9 k=55 f=0
28 33 45 49 25 7 40 13 47 12 29 40 53 34 16 8 54 4 1 54 47 17 31 40 24 44 19 39 14 10 7 39 3 47 48 1 20 20 1 46 0 21 38 30 53 34 5 23 26 11
run=11 seed=10 k=55 f=0
0 38 8 25 53 32 45 21 12 32 33 28 4 28 29 11 40 47 37 2 48 19 35 40 25 31 7 54 53 49 2 30 17 54 10 0 7 0 9 47 16 42 15 23 2 36 31 43 20 10
run=12 seed=11 k=55 f=0
13 32 13 5 11 5 26 11 29 3 35 17 8 4 39 54 21 9 28 23 13 44 46 36 20 35 27 28 43 53 51 0 18 28 39 6 33 37 51 50 17 7 17 53 36 24 33 45 0 48
run=13 seed=12 k=55 f=0
30 19 34 8 54 0 44 8 32 12 23 26 23 29 36 44 22 5 2 44 0 54 45 51 38 52 0 51 5 37 14 35 3 48 30 9 40 19 35 17 46 16 29 43 13 54 19 14 0 35
run=14 seed=13 k=55 f=0
27 6 54 1 17 34 27 5 24 0 53 54 32 19 21 23 38 28 33 34 16 41 4 16 13 14 54 44 33 44 4 50 50 40 43 32 17 50 28 5 27 6 20 4 2 41 14 54 1 48
run=15 seed=14 k=55 f=0
3 47 36 52 18 6 32 17 44 11 53 29 9 20 46 27 44 16 37 26 0 19 14 18 0 34 29 54 43 43 7 8 23 0 1 38 18 39 31 35 0 46 49 26 50 51 18 33 12 23
run=16 seed=15 k=55 f=0
48 0 47 1 16 2 50 27 13 38 33 42 44 9 54 54 36 7 27 13 25 46 38 51 15 26 27 16 45 16 0 7 30 20 0 33 0 50 6 9 40 39 41 16 35 36 21 41 52 16
run=17 seed=16 k=55 f=0
39 48 37 12 54 23 42 54 43 30 19 27 34 31 24 40 39 53 33 39 27 4 47 48 8 24 38 17 6 0 46 13 6 42 25 34 1 13 0 54 54 47 29 46 20 44 1 1 16 0
run=18 seed=17 k=55 f=0
53 10 54 2 14 21 15 9 53 42 2 25 24 6 7 33 30 37 26 33 44 21 33 16 3 3 53 17 29 28 16 53 46 16 41 0 11 1 28 0 36 8 46 9 47 32 20 42 45 53
run=19 seed=18 k=55 f=0
38 44 0 47 14 8 41 17 42 2 46 30 32 46 17 28 25 50 51 8 36 54 2 4 41 41 14 50 19 25 4 3 44 27 37 8 22 1 53 9 35 22 37 19 19 54 31 29 0 15
run=20 seed=19 k=55 f=0
17 6 53 32 47 31 41 45 2 7 12 22 10 19 24 43 41 24 33 47 36 51 45 17 13 50 0 53 33 46 10 0 39 36 14 29 31 13 22 46 27 21 54 45 25 3 22 22 14 0
