run=1 seed=0 k=40 f=0
13 6 17 37 33 23 17 35 39 21 3 25 9 38 39 12 22 9 20 16 26 35 4 29 39 32 21 30 27 12 14 0 24 18 4 18 35 1 11 2 1 39 28 39 28 18 34 4 11 0
run=2 seed=1 k=40 f=0
13 6 17 37 33 23 17 35 39 21 3 25 9 38 39 12 22 9 20 16 26 35 4 29 39 32 21 30 27 12 14 0 24 18 4 18 35 1 11 2 1 39 28 39 28 18 34 4 11 0
run=3 seed=2 k=40 f=0
15 25 3 2 16 5 24 37 25 24 9 19 10 27 1 7 22 39 25 24 0 15 37 32 1 31 11 31 16 23 6 39 22 0 1 34 5 21 28 38 39 32 11 28 33 28 36 34 11 3
run=4 seed=3 k=40 f=0
7 31 22 29 22 17 6 23 1 25 18 2 36 38 0 0 26 14 37 0 39 22 26 18 33 6 2 18 28 39 19 14 12 0 6 9 39 39 10 30 12 28 29 7 8 22 1 32 16 38
run=5 seed=4 k=40 f=0
21 35 34 15 33 37 25 0 28 37 11 27 39 1 10 29 12 2 4 29 22 1 17 0 11 38 38 0 16 29 28 14 26 18 11 9 6 9 25 33 8 39 32 26 38 15 22 18 0 21
run=6 seed=5 k=40 f=0
15 39 22 16 11 20 0 9 33 0 26 7 19 38 9 22 31 38 0 2 15 30 39 39 11 4 24 27 12 7 19 7 0 0 21 0 22 30 38 39 0 37 15 7 36 31 37 12 15 23
run=7 seed=6 k=40 f=0
7 14 32 0 3 17 6 11 25 35 16 33 11 12 0 20 0 13 27 25 38 0 18 23 12 29 34 23 37 14 21 8 32 4 39 26 17 31 38 39 5 32 22 0 36 26 19 38 8 39
run=8 seed=7 k=40 f=0
39 37 4 39 25 3 26 15 20 13 1 2 35 9 25 0 39 0 11 12 23 8 18 22 28 12 1 6 34 11 18 31 0 35 1 16 32 22 28 17 27 39 8 16 19 9 20 37 22 30
run=9 seed=8 k=40 f=0
15 16 2 34 37 0 30 28 17 34 7 3 36 7 21 10 18 27 3 35 0 39 31 24 28 0 12 6 17 2 38 30 0 20 27 25 39 35 13 29 29 16 5 16 20 9 23 32 33 10
run=10 seed=9 k=40 f=0
5 31 24 0 39 15 20 38 26 17 4 21 19 12 33 23 7 18 4 19 39 1 11 8 11 28 16 24 29 25 21 14 0 10 20 9 37 31 23 13 38 33 0 39 32 27 34 3 0 38
run=11 seed=10 k=40 f=0
19 15 30 39 0 22 35 37 5 27 19 39 8 13 25 21 0 39 28 4 39 0 12 21 2 27 31 0 27 12 36 9 39 30 13 32 5 15 9 32 5 33 3 9 37 14 16 34 20 8
run=12 seed=11 k=40 f=0
30 0 37 2 29 15 1 7 23 7 20 6 34 14 7 33 2 9 20 11 26 17 30 26 25 17 36 15 39 16 28 6 21 23 2 39 37 0 30 0 7 39 39 27 12 12 8 38 24 32
run=13 seed=12 k=40 f=0
0 31 34 8 34 0 29 32 10 22 36 7 8 9 32 25 4 30 17 20 9 0 38 29 35 13 20 13 38 39 27 39 23 23 10 16 28 39 15 39 0 30 7 13 7 16 18 24 22 37
run=14 seed=13 k=40 f=0
24 21 24 14 22 23 32 38 9 39 2 39 14 39 0 0 34 8 7 19 39 30 19 25 11 25 0 9 3 38 12 14 39 18 34 7 17 30 11 32 30 26 0 14 35 6 9 33 0 15
run=15 seed=14 k=40 f=0
28 16 35 30 3 28 35 0 12 20 10 22 0 39 34 7 30 2 23 22 0 26 15 39 1 19 1 5 29 17 13 39 23 23 32 34 39 39 33 16 24 15 14 19 33 8 3 4 0 10
run=16 seed=15 k=40 f=0
27 32 37 17 33 39 34 26 1 6 3 7 23 12 33 26 39 25 4 33 9 0 27 0 35 1 8 13 0 27 22 38 7 34 23 20 18 18 11 0 34 15 5 0 13 38 16 31 27 13
run=17 seed=16 k=40 f=0
22 12 39 37 13 12 16 6 23 31 32 27 38 35 16 6 30 17 30 2 26 35 23 8 14 6 29 8 11 19 22 18 28 35 3 0 35 25 19 0 3 39 0 5 39 11 25 32 19 38
run=18 seed=17 k=40 f=0
11 39 20 0 13 14 25 0 33 0 33 17 35 16 5 33 12 38 3 10 26 0 24 28 8 0 8 30 39 18 26 18 16 7 22 10 38 21 39 23 34 38 30 0 24 0 10 5 31 23
run=19 seed=18 k=40 f=0
39 29 38 11 36 21 7 32 1 26 22 21 8 17 22 23 10 18 4 8 1 38 12 19 10 32 34 0 31 0 3 13 34 39 21 8 5 11 3 14 24 29 26 3 31 28 26 30 39 0
run=20 seed=19 k=40 f=0
16 6 8 29 4 15 1 23 29 30 39 0 30 15 0 39 27 18 22 27 16 31 37 3 4 9 21 7 25 12 3 0 21 0 37 23 26 39 7 37 37 10 30 25 14 10 37 0 16 38
