run=1 seed=0 k=35 f=0
20 25 8 26 6 22 12 16 3 34 0 7 6 16 34 0 11 18 31 14 7 34 17 18 23 34 34 11 0 0 28 19 25 9 16 14 30 0 34 0 7 26 28 34 13 14 24 11 20 1
run=2 seed=1 k=35 f=0
20 25 8 26 6 22 12 16 3 34 0 7 6 16 34 0 11 18 31 14 7 34 17 18 23 34 34 11 0 0 28 19 25 9 16 14 30 0 34 0 7 26 28 34 13 14 24 11 20 1
run=3 seed=2 k=35 f=0
0 19 19 21 0 12 25 25 32 15 21 28 28 16 15 34 23 0 20 34 27 0 34 34 25 12 12 23 34 3 6 13 5 7 32 8 11 33 0 34 29 6 17 27 5 20 10 0 2 34
run=4 seed=3 k=35 f=0
7 6 3 34 7 13 13 25 33 28 15 25 3 6 13 0 21 9 22 1 24 34 34 21 10 0 11 21 18 0 34 12 27 34 15 17 0 2 9 34 27 30 18 29 30 18 20 22 11 31
run=5 seed=4 k=35 f=0
0 19 25 10 0 22 34 1 13 29 9 27 28 4 14 25 11 0 32 25 34 0 34 22 16 23 34 22 20 1 29 13 5 17 18 8 10 8 33 34 15 4 27 34 6 19 0 4 2 33
run=6 seed=5 k=35 f=0
20 28 34 20 1 21 14 9 31 4 33 6 6 6 34 34 0 25 15 13 20 0 0 0 10 10 34 11 30 9 18 8 25 2 33 13 30 32 26 0 25 26 16 10 23 15 0 4 22 34
run=7 seed=6 k=35 f=0
20 14 31 25 13 21 17 27 2 4 31 8 6 0 34 20 33 25 31 19 0 34 0 0 13 11 33 11 27 16 17 8 25 16 0 26 30 34 0 0 8 26 6 1 2 14 11 13 20 1
run=8 seed=7 k=35 f=0
20 27 1 22 25 21 21 10 31 4 34 6 6 4 34 34 12 25 3 16 9 0 0 12 28 0 0 11 34 34 19 21 25 3 10 16 30 34 27 0 27 29 16 9 13 15 27 2 22 33
run=9 seed=8 k=35 f=0
7 6 14 8 4 29 25 23 3 30 31 25 3 6 13 12 0 9 21 17 25 34 34 34 4 22 0 21 17 20 34 0 27 34 34 18 0 1 11 34 27 8 17 22 29 18 0 12 12 31
run=10 seed=9 k=35 f=0
0 9 17 8 11 13 28 26 3 30 21 27 28 0 14 34 24 0 25 34 27 0 32 0 18 15 16 22 20 25 9 15 5 7 32 20 10 34 0 34 33 7 19 25 6 19 5 30 2 33
run=11 seed=10 k=35 f=0
20 28 15 21 25 11 5 0 31 34 34 7 6 34 34 34 11 25 14 16 9 0 0 0 23 0 8 11 0 33 18 21 25 18 2 16 30 32 25 0 26 29 6 0 6 15 28 21 23 34
run=12 seed=11 k=35 f=0
20 28 34 14 0 12 15 0 20 34 34 6 6 30 34 34 9 26 24 13 20 0 0 0 2 0 24 11 0 33 19 8 25 18 14 13 30 33 27 0 5 29 6 0 15 14 10 29 22 34
run=13 seed=12 k=35 f=0
24 28 32 0 26 13 31 0 4 10 4 6 28 28 18 34 0 26 15 17 10 1 33 21 19 12 32 3 11 12 18 22 9 8 1 17 14 33 25 34 5 30 18 2 5 0 19 29 23 34
run=14 seed=13 k=35 f=0
14 25 13 20 14 11 23 26 19 30 0 7 18 2 27 0 20 27 31 14 7 34 14 33 17 11 12 3 18 3 34 19 9 34 1 14 23 0 7 34 26 26 16 21 9 0 5 32 30 1
run=15 seed=14 k=35 f=0
12 14 8 29 0 29 17 17 1 34 28 34 16 5 34 8 0 12 32 12 34 0 2 0 25 31 21 25 24 11 16 22 7 34 13 27 19 2 8 0 34 4 24 18 16 28 33 13 8 20
run=16 seed=15 k=35 f=0
0 6 14 9 8 20 32 0 34 16 31 25 28 6 14 12 21 2 31 10 25 34 33 34 4 12 1 23 20 25 28 0 5 34 24 18 10 9 16 34 15 17 25 30 21 19 1 3 0 31
run=17 seed=16 k=35 f=0
24 15 34 25 17 14 32 8 33 4 0 6 20 14 7 0 10 18 30 28 7 34 24 1 19 29 33 15 0 15 23 21 29 25 3 26 34 1 18 0 6 13 34 7 11 12 20 24 20 0
run=18 seed=17 k=35 f=0
5 20 10 15 19 23 14 1 15 29 5 27 9 18 27 14 23 0 4 18 34 0 34 34 22 12 25 18 3 1 30 26 0 18 30 8 12 9 34 34 8 10 28 34 32 21 1 4 2 33
run=19 seed=18 k=35 f=0
14 7 26 10 9 14 28 21 29 30 0 27 28 31 0 0 24 17 29 18 25 34 33 22 9 34 1 23 22 34 6 13 9 9 20 18 4 0 33 34 15 5 27 34 19 19 7 4 12 1
run=20 seed=19 k=35 f=0
20 28 8 0 3 12 21 0 4 34 34 6 6 13 34 34 0 25 22 13 20 0 16 12 27 10 33 11 1 22 28 8 25 18 15 13 30 33 25 0 6 27 6 0 14 15 27 25 23 34
