run=1 seed=0 k=38 f=0
32 26 20 17 1 30 10 23 8 3 28 14 28 30 0 18 34 27 25 18 11 1 37 9 35 10 34 20 5 0 16 32 14 36 13 37 25 16 10 7 23 5 1 9 6 37 28 0 0 20
run=2 seed=1 k=38 f=0
32 26 20 17 1 30 10 23 8 3 28 14 28 30 0 18 34 27 25 18 11 1 37 9 35 10 34 20 5 0 16 32 14 36 13 37 25 16 10 7 23 5 1 9 6 37 28 0 0 20
run=3 seed=2 k=38 f=0
15 20 23 29 28 28 18 34 5 35 6 0 19 0 0 37 28 35 2 23 0 29 32 12 11 4 37 27 9 1 17 13 37 10 19 7 22 0 17 7 24 33 23 14 21 31 32 37 37 14
run=4 seed=3 k=38 f=0
37 0 12 13 20 18 8 0 27 8 37 32 33 31 7 37 16 3 0 16 30 20 37 1 18 35 25 28 21 36 0 7 18 23 12 12 23 37 30 0 8 24 13 29 26 12 19 3 5 26
run=5 seed=4 k=38 f=0
4 13 30 28 13 20 7 8 12 33 22 0 0 23 16 7 17 24 29 7 0 33 6 7 15 37 36 24 33 19 0 19 30 15 1 24 12 35 28 37 12 37 0 5 37 21 20 0 30 7
run=6 seed=5 k=38 f=0
0 6 18 26 37 23 32 0 14 15 35 27 4 25 14 0 12 3 21 4 24 15 23 11 30 31 0 34 3 35 37 32 28 28 4 37 8 16 9 21 18 11 37 9 11 37 2 33 0 21
run=7 seed=6 k=38 f=0
16 15 4 0 1 34 6 15 20 34 4 9 12 1 31 22 12 37 15 18 29 0 1 26 2 28 9 7 27 35 34 8 21 22 29 36 27 0 29 0 18 37 9 16 33 37 30 10 21 3
run=8 seed=7 k=38 f=0
11 19 36 18 13 12 10 18 4 1 28 6 15 27 37 9 0 21 34 5 37 0 29 27 28 34 37 23 1 2 16 25 6 37 1 30 18 28 1 30 9 18 7 0 18 0 20 33 24 13
run=9 seed=8 k=38 f=0
9 7 17 25 18 23 4 29 37 37 22 37 13 37 23 24 33 26 33 6 37 16 8 0 3 0 33 0 13 10 6 1 37 17 6 30 16 8 1 30 18 28 37 32 12 4 9 14 22 13
run=10 seed=9 k=38 f=0
11 20 10 19 4 13 37 0 34 36 4 0 15 31 28 14 37 18 24 21 28 37 5 0 3 4 37 0 3 28 21 0 37 34 36 7 32 25 17 21 12 10 8 0 32 6 32 5 15 29
run=11 seed=10 k=38 f=0
0 27 20 35 36 22 21 7 33 33 25 20 33 0 19 0 8 26 27 0 19 36 29 0 9 17 18 11 36 9 23 11 5 0 3 6 37 14 31 27 30 32 37 8 17 14 0 0 0 33
run=12 seed=11 k=38 f=0
21 6 11 20 4 24 1 0 32 36 23 37 17 16 4 0 34 27 24 2 36 20 32 32 14 0 12 12 35 3 7 12 37 18 37 28 0 37 29 29 25 30 9 0 34 9 4 11 21 13
run=13 seed=12 k=38 f=0
37 7 35 20 37 0 37 28 23 19 1 32 33 4 4 0 37 12 21 23 16 36 28 1 25 28 37 12 31 11 18 28 18 5 13 23 0 20 12 25 25 6 34 26 10 9 3 34 15 1
run=14 seed=13 k=38 f=0
17 29 20 37 0 22 6 29 13 8 25 6 21 23 7 8 3 28 34 11 37 0 14 15 2 12 27 26 0 0 33 20 32 17 27 15 37 37 6 0 8 4 0 8 26 12 27 31 22 36
run=15 seed=14 k=38 f=0
10 14 12 11 15 32 15 24 20 22 11 6 14 17 23 22 2 29 34 21 0 37 2 0 13 11 36 31 0 25 26 8 37 37 0 28 17 16 0 0 6 28 7 23 2 28 5 8 34 20
run=16 seed=15 k=38 f=0
14 29 1 37 36 14 20 37 32 29 11 9 18 22 8 23 27 17 0 26 37 15 27 26 4 3 0 0 36 14 10 7 32 0 26 0 37 29 18 24 31 19 9 37 31 3 32 3 19 36
run=17 seed=16 k=38 f=0
37 31 36 37 20 25 31 31 6 9 5 21 33 23 0 37 28 21 11 36 17 8 27 26 15 4 18 19 1 0 10 25 9 1 36 0 4 12 18 27 32 0 37 5 1 15 15 37 37 13
run=18 seed=17 k=38 f=0
21 15 23 27 8 17 19 37 31 36 29 6 6 32 27 0 28 14 33 0 7 36 1 0 28 37 36 11 0 18 17 21 37 22 25 26 32 1 10 0 7 13 31 37 14 14 14 5 20 0
run=19 seed=18 k=38 f=0
30 8 7 27 21 8 35 37 0 0 19 0 34 10 0 2 4 22 34 3 37 22 6 11 17 37 19 11 0 0 27 14 25 0 6 30 37 15 25 18 34 29 31 36 26 8 28 27 24 14
run=20 seed=19 k=38 f=0
20 0 9 36 37 33 29 17 12 33 4 10 16 0 30 29 26 37 17 33 15 37 23 22 13 4 10 11 37 1 19 7 5 10 4 23 0 1 37 37 30 22 23 17 1 25 37 22 33 16
