run=1 seed=0 k=54 f=0
28 52 45 25 41 25 46 12 33 37 50 32 32 27 10 9 23 0 52 10 35 26 28 14 44 8 2 49 37 37 16 18 1 41 5 3 41 52 31 17 44 45 19 12 30 53 0 2 47 38
run=2 seed=1 k=54 f=0
28 52 45 25 41 25 46 12 33 37 50 32 32 27 10 9 23 0 52 10 35 26 28 14 44 8 2 49 37 37 16 18 1 41 5 3 41 52 31 17 44 45 19 12 30 53 0 2 47 38
run=3 seed=2 k=54 f=0
25 36 44 35 9 48 0 27 23 39 46 30 47 4 35 13 38 0 53 14 2 50 17 53 19 17 26 53 18 15 52 42 10 12 23 21 5 39 3 17 45 31 21 32 28 41 24 12 48 7
run=4 seed=3 k=54 f=0
48 49 27 42 4 4 48 10 19 4 31 4 19 37 4 22 24 1 49 48 12 0 40 12 33 34 32 27 11 22 52 40 34 17 17 31 22 38 53 13 4 26 27 49 10 53 3 34 44 11
run=5 seed=4 k=54 f=0
25 29 14 39 0 46 15 40 32 47 26 12 40 8 0 46 27 43 33 11 53 38 22 27 28 52 48 16 51 10 36 17 52 9 22 1 4 0 17 34 1 4 31 53 11 20 40 22 45 19
run=6 seed=5 k=54 f=0
7 5 16 0 50 53 8 37 8 49 18 29 0 32 46 44 13 30 4 44 26 52 9 21 19 38 49 23 14 37 44 11 31 10 21 16 38 45 3 15 8 35 20 3 35 53 45 19 0 49
run=7 seed=6 k=54 f=0
29 5 16 41 32 23 28 45 10 40 35 19 33 20 43 37 24 48 3 18 27 14 52 1 7 2 24 4 5 52 37 48 20 15 18 53 36 37 3 11 11 9 28 4 21 50 9 52 44 11
run=8 seed=7 k=54 f=0
26 3 23 52 34 12 50 37 42 9 23 37 49 48 19 42 32 2 51 0 53 33 2 38 16 10 0 36 19 14 39 10 7 50 24 23 45 27 7 0 25 46 17 36 2 31 45 31 17 44
run=9 seed=8 k=54 f=0
21 18 30 53 7 1 52 17 9 45 9 3 53 8 42 44 24 34 27 35 1 30 21 4 10 0 20 32 25 43 39 12 26 45 36 51 49 25 31 10 32 48 7 14 53 36 43 40 42 12
run=10 seed=9 k=54 f=0
1 1 7 49 2 31 14 5 38 14 11 7 52 2 7 29 13 0 41 49 21 38 29 3 21 44 18 21 31 37 24 8 36 15 19 52 26 39 26 43 9 34 49 21 49 13 36 3 20 28
run=11 seed=10 k=54 f=0
13 4 2 35 48 17 5 49 25 41 40 25 39 45 20 53 6 20 21 20 12 29 7 12 16 38 2 28 12 48 32 37 51 28 32 42 45 42 8 5 25 5 1 53 3 32 21 47 17 53
run=12 seed=11 k=54 f=0
47 50 15 35 8 13 49 43 23 19 53 4 37 32 53 19 1 21 37 24 32 41 44 2 11 53 52 3 19 19 44 4 20 6 0 25 40 51 18 10 7 13 29 45 51 31 36 0 15 35
run=13 seed=12 k=54 f=0
48 33 14 41 20 39 17 11 49 36 30 44 43 46 22 41 53 20 11 45 17 8 0 28 6 40 50 14 24 17 10 50 33 27 40 24 28 3 20 4 2 0 50 31 26 53 47 0 16 5
run=14 seed=13 k=54 f=0
23 31 19 53 34 10 2 38 30 45 34 19 53 35 17 53 23 40 8 50 23 45 36 8 27 13 21 6 17 37 3 15 44 47 47 9 49 20 6 34 46 3 0 27 41 0 31 48 38 52
run=15 seed=14 k=54 f=0
4 50 36 36 34 38 11 6 18 52 0 0 48 48 24 13 44 14 49 35 42 31 15 6 40 53 52 40 5 21 27 22 34 48 14 7 28 23 16 17 0 5 33 4 3 9 45 30 34 22
run=16 seed=15 k=54 f=0
48 9 21 17 26 51 12 29 19 12 49 0 19 32 28 15 53 25 44 37 1 32 45 33 28 13 25 3 52 51 0 52 53 0 2 22 16 11 17 35 7 9 41 33 6 43 40 41 29 37
run=17 seed=16 k=54 f=0
42 49 33 22 5 5 19 13 51 21 51 25 11 21 0 0 2 10 51 3 36 8 39 32 47 53 44 52 47 0 38 23 23 0 20 16 8 40 31 32 8 12 19 47 12 17 43 21 44 34
run=18 seed=17 k=54 f=0
8 31 17 17 34 0 1 19 35 47 41 17 23 12 14 50 46 3 24 51 2 11 33 32 1 35 46 28 43 8 53 38 40 38 46 43 35 47 6 0 26 19 12 26 16 52 38 9 6 24
run=19 seed=18 k=54 f=0
37 17 37 25 4 48 3 22 38 27 34 26 8 14 53 35 53 45 53 50 8 43 23 14 18 20 49 17 42 40 34 23 31 1 40 51 44 30 43 2 3 15 15 20 10 20 8 25 6 38
run=20 seed=19 k=54 f=0
30 0 52 4 49 15 17 39 2 40 25 35 37 12 49 33 38 19 1 3 53 44 41 13 22 7 51 2 25 42 46 8 18 29 27 17 44 46 53 9 31 40 3 8 14 25 25 52 51 26
