run=1 seed=0 k=49 f=0
26 39 37 5 29 42 24 23 18 40 36 47 11 18 20 13 34 25 1 25 3 21 5 37 5 43 26 48 29 17 5 47 42 47 10 30 14 35 9 34 47 17 1 14 41 0 9 9 23 15
run=2 seed=1 k=49 f=0
26 39 37 5 29 42 24 23 18 40 36 47 11 18 20 13 34 25 1 25 3 21 5 37 5 43 26 48 29 17 5 47 42 47 10 30 14 35 9 34 47 17 1 14 41 0 9 9 23 15
run=3 seed=2 k=49 f=0
0 8 5 5 21 34 27 0 12 44 39 38 5 0 18 40 10 1 0 4 27 48 10 48 4 35 40 27 45 30 23 14 34 29 10 20 22 42 48 11 14 33 20 48 31 45 35 25 28 44
run=4 seed=3 k=49 f=0
47 0 35 25 48 42 37 5 32 15 21 32 37 23 21 11 48 2 37 11 32 48 47 48 29 29 17 32 44 8 5 24 11 14 30 19 40 24 46 3 34 2 35 10 3 26 24 18 12 39
run=5 seed=4 k=49 f=0
16 3 36 29 42 12 42 25 34 44 40 44 6 1 46 9 23 46 28 6 19 48 13 0 23 7 47 1 32 20 42 35 31 17 21 26 9 38 46 24 13 13 0 5 0 37 21 43 16 34
run=6 seed=5 k=49 f=0
29 19 32 3 46 37 31 0 30 11 35 9 48 27 6 26 6 28 19 23 47 0 43 22 3 15 32 20 2 42 47 8 34 48 33 33 0 21 27 41 12 40 10 15 41 17 43 3 24 43
run=7 seed=6 k=49 f=0
10 30 14 25 1 38 46 44 15 0 35 21 40 4 25 37 28 48 14 20 11 2 19 0 7 40 11 35 24 35 17 48 5 11 36 43 30 1 29 46 44 29 23 31 24 15 37 25 6 14
run=8 seed=7 k=49 f=0
33 20 3 36 21 2 10 8 18 7 26 45 28 34 47 26 16 48 43 17 48 11 38 0 0 0 47 23 0 11 9 35 10 30 0 3 18 20 46 1 23 7 40 26 16 39 38 33 26 35
run=9 seed=8 k=49 f=0
47 3 44 18 32 20 32 9 2 39 17 36 40 10 17 27 33 7 17 26 11 46 45 5 21 15 27 8 24 37 40 38 0 0 44 18 13 28 34 30 48 4 40 35 9 22 18 44 45 25
run=10 seed=9 k=49 f=0
22 25 10 9 23 34 26 45 0 13 1 13 40 35 8 31 0 37 1 24 48 39 25 33 45 16 0 34 44 44 7 18 17 22 32 2 29 13 29 1 27 11 4 26 9 47 38 43 35 46
run=11 seed=10 k=49 f=0
20 42 42 48 21 28 40 16 47 12 25 11 42 47 26 1 2 31 46 44 9 19 20 32 35 14 8 1 3 22 28 28 15 4 0 33 45 40 34 36 37 37 23 18 11 4 9 0 25 48
run=12 seed=11 k=49 f=0
40 10 15 21 16 0 8 16 25 4 12 48 10 39 19 0 30 44 33 28 48 37 39 0 19 0 35 29 1 47 22 21 48 23 43 27 23 33 43 0 11 7 5 27 46 32 34 36 38 17
run=13 seed=12 k=49 f=0
40 30 42 30 23 47 9 11 16 26 26 13 6 12 33 37 18 33 12 2 9 48 22 21 45 48 45 13 29 10 37 19 45 3 34 0 3 25 36 20 1 44 42 11 4 28 4 28 41 7
run=14 seed=13 k=49 f=0
35 10 28 0 21 37 28 3 45 19 16 0 39 11 24 32 19 40 48 37 46 19 15 16 11 7 46 44 40 34 33 2 2 47 37 39 28 16 26 9 26 11 32 9 40 19 5 22 47 27
run=15 seed=14 k=49 f=0
1 12 3 45 25 16 38 27 3 26 41 21 48 43 35 18 9 48 41 20 48 26 4 20 8 38 34 19 0 1 17 6 25 34 15 34 30 4 12 42 25 30 21 26 0 15 11 31 46 1
run=16 seed=15 k=49 f=0
17 42 2 27 11 0 2 30 23 47 47 48 10 47 48 16 35 48 1 14 23 8 18 45 23 7 8 4 13 17 23 36 23 13 39 0 29 41 4 41 39 29 22 31 48 0 24 44 19 27
run=17 seed=16 k=49 f=0
39 4 47 5 42 23 16 13 30 27 0 33 5 19 33 20 27 18 13 32 39 28 14 17 6 37 25 48 45 47 6 47 22 34 6 14 2 2 27 15 34 24 44 30 33 44 35 10 20 48
run=18 seed=17 k=49 f=0
21 48 30 37 1 40 48 6 21 43 21 9 29 45 40 42 5 44 33 7 35 18 4 2 24 17 21 10 1 46 33 26 16 25 21 0 36 13 48 2 12 14 0 21 7 48 10 8 42 28
run=19 seed=18 k=49 f=0
0 10 21 22 43 48 14 6 12 10 36 25 26 12 48 1 34 7 33 0 29 44 3 45 38 48 8 31 44 31 3 20 11 41 26 36 43 14 21 19 39 8 28 34 9 34 42 3 0 18
run=20 seed=19 k=49 f=0
0 31 43 5 38 6 41 0 21 27 8 23 20 8 29 0 48 9 48 48 22 40 12 42 15 1 24 36 46 33 29 13 47 33 18 7 42 24 15 14 15 28 44 15 33 6 32 45 36 16
