run=1 seed=0 k=45 f=0
37 16 27 44 23 42 1 9 18 1 32 3 15 34 31 31 42 23 13 1 24 7 42 34 17 7 19 22 43 10 14 42 0 2 33 37 27 16 26 9 3 18 36 7 0 43 38 29 21 30
run=2 seed=1 k=45 f=0
37 16 27 44 23 42 1 9 18 1 32 3 15 34 31 31 42 23 13 1 24 7 42 34 17 7 19 22 43 10 14 42 0 2 33 37 27 16 26 9 3 18 36 7 0 43 38 29 21 30
run=3 seed=2 k=45 f=0
44 0 4 2 36 5 9 42 19 12 37 16 8 23 17 43 37 17 12 10 17 33 44 42 37 3 14 3 36 24 9 25 29 10 22 9 24 24 1 36 31 2 33 41 4 0 36 29 44 25
run=4 seed=3 k=45 f=0
21 44 42 33 15 27 12 1 19 36 16 1 25 19 38 36 24 31 44 36 22 13 9 41 4 41 24 2 28 13 35 1 16 10 26 30 10 38 44 31 4 8 19 0 25 44 21 7 17 7
run=5 seed=4 k=45 f=0
21 18 12 38 43 30 15 13 23 44 44 35 3 44 15 24 39 16 3 24 32 0 25 27 30 6 19 8 7 10 0 10 36 25 34 42 0 4 36 29 32 17 42 37 16 42 22 7 13 28
run=6 seed=5 k=45 f=0
27 5 2 27 41 18 35 24 33 9 36 38 0 18 20 35 8 21 28 2 42 25 9 6 21 30 14 38 7 37 36 12 44 0 6 17 4 36 43 13 44 19 13 30 4 32 12 5 23 44
run=7 seed=6 k=45 f=0
5 14 25 5 15 5 1 13 37 13 22 35 13 8 22 20 30 11 0 9 37 5 37 37 38 39 15 44 32 28 22 29 0 28 36 44 18 44 0 29 0 44 19 34 10 41 9 25 9 0
run=8 seed=7 k=45 f=0
5 23 26 1 20 39 11 0 15 22 5 0 31 21 11 15 28 21 41 36 44 32 18 42 34 4 25 36 37 15 44 0 0 32 3 7 27 9 24 43 7 10 44 0 26 17 15 26 35 14
run=9 seed=8 k=45 f=0
26 11 12 38 36 16 7 38 42 18 34 21 41 44 18 17 15 43 0 17 2 44 12 22 40 27 30 3 25 13 35 26 32 22 14 31 44 2 10 10 5 40 32 37 8 0 43 31 38 3
run=10 seed=9 k=45 f=0
14 37 42 22 20 33 14 43 2 22 13 44 43 4 20 11 0 36 1 4 29 20 31 0 39 24 9 0 38 34 14 44 9 28 28 2 36 13 21 27 27 36 4 24 26 3 0 18 17 9
run=11 seed=10 k=45 f=0
39 14 38 39 3 36 5 42 6 26 38 44 15 2 33 36 17 44 26 3 44 23 25 30 3 36 7 5 13 21 26 8 44 28 19 0 10 10 21 22 44 32 1 23 15 1 31 28 29 7
run=12 seed=11 k=45 f=0
44 14 42 0 33 32 31 24 4 28 20 23 38 14 27 21 0 29 0 9 28 4 14 18 10 20 8 20 1 28 34 44 6 37 22 37 33 5 44 13 41 37 16 23 38 0 18 15 44 8
run=13 seed=12 k=45 f=0
21 14 43 28 25 30 44 18 22 9 43 40 25 29 10 44 19 12 8 20 37 5 0 19 33 44 44 44 17 4 3 29 38 25 40 24 0 41 34 31 12 0 4 18 20 16 29 9 9 32
run=14 seed=13 k=45 f=0
30 9 40 8 40 19 36 11 29 39 18 34 37 9 24 31 29 10 22 30 0 39 42 0 17 19 30 6 23 19 0 15 15 34 2 25 20 44 24 43 41 44 0 29 5 9 4 39 3 43
run=15 seed=14 k=45 f=0
13 44 6 17 13 38 2 44 9 31 0 1 29 30 44 21 26 41 0 26 14 5 24 37 40 7 25 4 19 3 1 37 18 4 32 28 26 31 11 35 42 44 22 14 29 8 18 24 39 16
run=16 seed=15 k=45 f=0
38 13 42 35 26 30 4 12 39 3 8 42 14 34 44 34 39 7 44 28 41 4 18 21 25 30 13 24 9 3 0 22 0 41 15 27 17 0 34 8 26 0 23 16 0 33 31 22 3 19
run=17 seed=16 k=45 f=0
24 13 14 22 28 8 37 43 29 40 11 0 29 1 0 2 44 35 9 1 31 22 21 14 20 20 35 7 18 0 30 44 38 17 20 38 33 0 34 14 8 37 26 44 33 44 1 21 27 7
run=18 seed=17 k=45 f=0
17 1 44 17 32 43 10 37 8 2 43 13 12 13 44 37 18 0 44 34 10 29 0 36 24 9 28 34 34 8 3 18 28 30 1 43 40 11 2 6 43 25 21 35 4 22 20 27 34 26
run=19 seed=18 k=45 f=0
43 35 10 7 31 3 12 22 17 27 16 17 6 2 22 8 20 0 41 4 43 0 41 19 34 32 28 15 24 40 38 19 31 29 3 24 9 12 36 0 14 26 42 18 26 38 26 34 44 10
run=20 seed=19 k=45 f=0
26 42 43 31 22 37 26 30 2 41 14 1 30 21 20 17 30 19 44 39 0 25 41 23 4 39 41 2 34 6 5 8 9 11 2 33 16 0 20 36 13 31 44 30 36 44 7 23 22 8
