run=1 seed=0 k=48 f=0
47 23 37 6 17 31 10 11 1 6 26 43 18 29 35 29 10 18 42 7 15 37 41 45 21 26 14 28 19 31 41 0 5 4 5 8 0 38 20 12 1 47 47 10 11 25 14 20 33 1
run=2 seed=1 k=48 f=0
47 23 37 6 17 31 10 11 1 6 26 43 18 29 35 29 10 18 42 7 15 37 41 45 21 26 14 28 19 31 41 0 5 4 5 8 0 38 20 12 1 47 47 10 11 25 14 20 33 1
run=3 seed=2 k=48 f=0
42 22 15 1 23 5 0 45 25 23 35 46 46 5 0 31 34 11 42 26 2 39 41 11 37 25 20 14 24 39 45 16 22 18 11 11 7 33 9 29 29 47 0 26 4 37 36 37 17 4
run=4 seed=3 k=48 f=0
43 40 24 24 33 28 24 21 1 16 10 47 39 43 11 9 38 31 22 38 19 0 46 1 2 22 34 2 4 46 28 46 22 5 0 30 7 14 34 33 11 27 42 0 39 16 9 19 1 10
run=5 seed=4 k=48 f=0
13 25 34 26 19 37 9 43 20 41 47 17 9 39 43 15 23 16 5 16 7 44 24 39 21 46 47 4 0 4 30 31 19 32 43 0 47 9 23 30 13 0 0 23 38 0 2 29 6 37
run=6 seed=5 k=48 f=0
0 46 26 10 16 16 32 9 40 13 18 39 4 30 15 20 34 21 27 28 38 12 0 21 3 43 43 36 20 31 13 0 28 28 39 27 19 39 46 47 5 46 3 9 35 10 45 31 1 9
run=7 seed=6 k=48 f=0
13 25 40 20 12 33 22 3 10 34 47 32 21 18 34 8 0 47 1 8 15 39 28 30 22 35 12 2 5 43 44 31 8 40 36 2 24 26 19 47 25 24 10 18 45 39 27 46 9 18
run=8 seed=7 k=48 f=0
39 3 11 31 34 27 26 1 46 25 35 25 43 16 27 39 9 2 2 0 13 31 12 8 13 28 0 0 35 47 45 22 18 12 15 45 47 42 22 11 25 46 32 20 47 33 36 13 39 17
run=9 seed=8 k=48 f=0
40 22 18 29 43 13 46 5 39 29 11 16 4 23 34 38 0 26 9 42 31 46 9 19 44 13 11 22 7 0 33 16 47 19 29 3 1 43 28 10 44 0 34 1 23 27 7 28 47 38
run=10 seed=9 k=48 f=0
29 2 37 3 2 42 44 7 26 20 40 18 34 1 6 47 15 46 25 1 23 12 30 26 39 6 36 47 13 13 31 32 21 0 35 41 2 17 24 40 45 17 30 11 8 11 24 3 26 34
run=11 seed=10 k=48 f=0
31 19 38 47 7 41 35 0 11 19 23 0 0 25 24 13 3 24 23 12 47 38 6 39 36 44 29 40 40 6 10 3 15 7 44 28 45 31 45 7 17 32 16 0 45 36 16 21 13 35
run=12 seed=11 k=48 f=0
36 1 21 29 27 7 25 36 41 19 6 17 32 38 17 12 42 16 44 43 30 47 37 21 27 5 4 1 7 46 26 22 47 47 4 39 6 0 16 24 16 36 28 35 3 41 0 21 33 23
run=13 seed=12 k=48 f=0
32 7 2 16 31 32 5 9 1 41 39 45 6 14 26 0 10 19 47 28 45 33 12 34 6 41 45 1 42 25 26 23 47 27 3 18 22 0 20 12 3 16 37 45 17 37 15 24 0 30
run=14 seed=13 k=48 f=0
42 37 34 31 28 40 32 11 16 15 47 47 22 30 10 43 26 16 16 9 2 13 1 13 6 44 21 30 11 1 3 23 47 35 5 28 25 47 27 2 40 38 0 6 35 35 25 24 19 6
run=15 seed=14 k=48 f=0
42 3 39 42 1 20 23 14 39 12 18 17 0 30 20 47 44 7 10 5 32 13 27 6 28 22 34 5 11 25 0 22 11 38 32 41 25 27 0 34 18 41 47 13 39 47 3 30 9 31
run=16 seed=15 k=48 f=0
5 6 24 0 47 33 34 0 41 16 43 16 1 44 42 0 12 19 20 33 26 46 21 15 8 1 40 28 21 31 32 13 10 47 36 35 47 26 11 35 7 6 38 7 41 25 40 16 41 28
run=17 seed=16 k=48 f=0
12 47 9 28 3 35 7 47 15 0 26 41 47 15 33 25 45 38 45 45 32 2 21 38 8 26 11 40 35 0 4 16 1 29 38 10 29 4 19 20 22 8 13 23 34 7 37 45 0 17
run=18 seed=17 k=48 f=0
2 7 2 35 31 47 1 39 6 38 47 45 7 24 29 25 0 43 12 6 32 41 21 14 19 19 2 46 38 26 12 1 40 12 4 16 11 3 30 21 45 20 23 32 47 34 26 15 27 36
run=19 seed=18 k=48 f=0
22 14 31 31 18 30 39 38 20 45 0 45 26 26 6 47 17 40 29 19 36 26 14 1 11 32 43 32 46 16 2 8 47 4 4 0 2 47 11 39 9 43 25 19 39 13 2 1 24 7
run=20 seed=19 k=48 f=0
47 7 40 10 7 39 41 24 16 4 1 38 43 30 34 1 34 19 27 28 47 20 47 18 34 0 2 26 17 32 8 39 6 11 44 31 0 2 47 16 42 16 31 25 14 29 13 47 12 44
