run=1 seed=0 k=50 f=0
33 37 27 15 43 35 36 42 49 21 47 0 0 9 13 26 40 47 12 36 9 18 30 7 45 4 44 42 49 35 33 1 22 30 33 49 47 6 14 6 1 22 20 15 34 38 48 24 15 24
run=2 seed=1 k=50 f=0
33 37 27 15 43 35 36 42 49 21 47 0 0 9 13 26 40 47 12 36 9 18 30 7 45 4 44 42 49 35 33 1 22 30 33 49 47 6 14 6 1 22 20 15 34 38 48 24 15 24
run=3 seed=2 k=50 f=0
39 10 38 25 29 48 14 27 38 27 42 29 43 33 25 49 4 23 0 30 2 22 19 1 18 49 37 7 46 13 11 36 34 2 39 43 2 37 18 49 20 17 12 6 8 15 45 14 37 16
run=4 seed=3 k=50 f=0
46 35 18 19 25 10 22 26 42 14 8 0 42 39 2 29 13 24 1 29 22 44 10 8 23 32 35 37 16 48 4 14 25 3 35 7 9 49 40 18 26 48 16 37 38 31 31 2 22 41
run=5 seed=4 k=50 f=0
1 33 24 49 13 37 25 13 28 35 44 11 14 42 49 39 2 34 1 10 17 4 18 5 29 18 37 28 20 20 30 25 38 6 49 49 44 26 33 21 11 32 49 15 48 31 42 48 25 42
run=6 seed=5 k=50 f=0
4 37 49 0 26 42 20 49 23 31 26 49 8 25 49 21 19 27 11 36 14 5 29 45 7 10 33 23 2 17 39 44 34 3 49 28 40 20 10 15 7 0 35 12 35 27 37 7 1 43
run=7 seed=6 k=50 f=0
41 38 12 15 8 35 36 43 2 28 35 14 34 43 21 32 0 42 23 44 9 20 40 47 4 11 1 0 7 25 26 0 12 19 16 48 6 4 10 49 35 28 28 23 47 28 43 48 22 32
run=8 seed=7 k=50 f=0
27 49 36 21 25 41 36 47 0 3 37 18 33 26 15 21 0 46 41 27 4 13 9 44 30 34 11 42 7 30 17 34 0 12 6 28 36 21 3 8 39 48 30 8 8 49 0 27 42 8
run=9 seed=8 k=50 f=0
0 43 17 49 11 43 32 21 27 13 29 28 46 47 6 49 34 27 28 47 10 34 25 15 40 16 34 37 5 24 23 2 30 48 39 20 43 35 10 20 0 16 3 9 16 12 43 16 49 7
run=10 seed=9 k=50 f=0
26 21 15 7 32 13 20 28 42 35 11 13 8 39 37 0 9 40 46 49 42 30 31 25 23 0 15 13 6 37 30 14 49 7 23 6 42 49 39 2 46 36 19 31 38 21 46 3 49 33
run=11 seed=10 k=50 f=0
38 9 28 25 18 27 25 21 47 7 30 23 0 23 44 25 14 23 49 49 18 0 5 35 17 49 12 20 38 3 7 34 26 11 10 45 49 35 45 12 43 42 0 44 4 32 6 38 1 33
run=12 seed=11 k=50 f=0
23 15 47 32 3 37 31 31 8 31 0 45 18 17 5 49 42 34 13 18 38 3 40 2 5 10 12 48 1 23 26 26 28 23 22 31 1 5 41 12 49 7 49 14 41 39 18 25 23 0
run=13 seed=12 k=50 f=0
26 34 44 8 23 35 29 23 47 14 37 0 49 24 18 4 7 17 34 10 19 49 30 28 38 37 19 35 15 37 0 41 3 10 0 12 10 45 2 42 46 29 29 3 16 32 9 14 20 46
run=14 seed=13 k=50 f=0
8 6 16 36 48 36 32 1 29 34 26 27 12 44 1 0 23 48 8 14 48 23 42 46 43 12 25 26 19 1 35 35 35 18 27 15 19 9 44 49 9 42 30 24 28 41 29 4 0 38
run=15 seed=14 k=50 f=0
33 42 1 11 23 6 7 0 19 23 4 15 40 26 49 36 46 39 5 41 10 19 9 32 10 12 0 14 13 23 5 48 21 15 40 1 43 47 22 1 39 29 29 19 28 27 13 28 35 25
run=16 seed=15 k=50 f=0
48 0 47 5 46 3 24 34 38 28 3 42 1 43 40 38 39 7 20 35 25 46 32 44 10 30 18 10 10 34 24 6 16 26 33 12 32 48 11 23 0 14 17 30 30 7 36 22 18 49
run=17 seed=16 k=50 f=0
29 42 49 22 34 26 27 13 33 38 8 24 22 13 39 10 8 0 1 27 17 33 31 14 46 45 48 17 1 37 22 48 5 37 20 4 10 48 2 46 29 38 19 9 29 34 21 41 16 30
run=18 seed=17 k=50 f=0
15 48 39 47 2 46 41 11 3 27 7 36 46 26 9 28 8 49 40 23 38 3 3 18 19 33 8 41 49 28 1 17 32 36 20 22 49 1 28 23 41 45 19 25 7 0 0 17 16 42
run=19 seed=18 k=50 f=0
48 22 45 47 26 48 26 2 22 25 17 1 0 48 22 13 20 0 1 1 48 5 31 39 7 41 9 5 14 26 4 30 11 12 12 35 18 27 43 34 33 39 37 20 39 42 36 9 12 28
run=20 seed=19 k=50 f=0
49 20 30 2 37 15 21 35 2 25 27 30 16 17 25 26 26 49 49 38 47 34 5 22 38 14 11 32 5 36 34 14 41 4 7 2 21 28 47 10 43 0 41 22 4 0 37 32 46 37
