run=1 seed=0 k=51 f=0
38 49 9 50 7 37 37 48 13 19 5 31 20 41 29 26 45 30 40 27 35 8 36 38 34 5 12 4 31 28 17 16 43 0 23 0 23 10 21 50 2 0 42 23 2 7 27 1 13 21
run=2 seed=1 k=51 f=0
38 49 9 50 7 37 37 48 13 19 5 31 20 41 29 26 45 30 40 27 35 8 36 38 34 5 12 4 31 28 17 16 43 0 23 0 23 10 21 50 2 0 42 23 2 7 27 1 13 21
run=3 seed=2 k=51 f=0
50 4 32 38 27 7 39 48 0 9 44 45 9 2 28 49 50 0 0 26 12 41 14 50 29 28 29 0 21 18 42 21 19 15 14 31 13 26 2 35 11 35 36 44 37 3 22 18 21 11
run=4 seed=3 k=51 f=0
38 46 48 45 45 19 39 38 34 1 44 4 34 44 16 15 18 37 28 15 22 0 30 5 47 49 14 8 22 25 34 40 43 24 8 35 20 47 10 50 0 50 1 28 7 11 18 9 29 10
run=5 seed=4 k=51 f=0
34 35 7 43 4 5 12 49 42 44 13 42 1 47 50 50 38 30 15 39 20 0 32 24 3 19 15 6 3 4 27 8 40 0 25 13 27 37 26 18 34 46 10 44 26 10 34 16 3 49
run=6 seed=5 k=51 f=0
39 22 48 39 2 14 11 21 42 28 0 30 24 24 33 28 36 18 49 32 47 36 6 18 0 27 28 1 38 49 1 6 44 49 37 13 50 30 10 15 12 17 40 6 41 6 14 0 44 4
run=7 seed=6 k=51 f=0
0 29 31 13 24 6 40 0 29 16 27 50 12 47 28 20 0 27 50 37 10 46 40 0 5 41 42 35 29 30 20 2 46 48 34 38 7 14 21 20 5 16 36 42 36 38 6 37 24 8
run=8 seed=7 k=51 f=0
50 19 2 22 11 19 23 7 27 19 17 1 46 33 37 3 22 29 20 2 11 46 31 5 40 39 40 0 7 31 45 38 15 47 48 33 30 0 34 7 15 25 14 40 32 21 36 4 11 50
run=9 seed=8 k=51 f=0
29 33 9 8 30 13 10 50 21 18 12 49 10 1 50 46 30 17 0 47 24 8 0 18 25 6 37 43 22 27 12 16 34 28 42 0 22 41 35 0 50 35 2 32 38 40 22 46 15 43
run=10 seed=9 k=51 f=0
11 10 18 1 27 26 41 40 13 1 50 4 32 48 46 0 0 32 10 38 30 47 28 13 18 44 22 39 7 43 15 20 6 21 46 38 50 49 10 26 33 5 4 10 34 17 33 3 30 18
run=11 seed=10 k=51 f=0
7 11 38 1 33 0 38 25 30 50 32 47 29 12 44 49 30 4 1 6 42 28 35 50 39 20 28 18 24 18 45 17 12 46 8 0 25 16 10 35 37 24 34 23 9 0 46 43 6 39
run=12 seed=11 k=51 f=0
31 50 28 5 21 24 22 38 14 19 2 20 27 24 16 43 10 41 10 36 22 13 37 19 35 0 34 50 4 50 47 30 7 5 1 3 12 48 16 0 14 49 31 1 0 47 45 45 36 26
run=13 seed=12 k=51 f=0
11 15 26 16 49 8 10 35 31 0 40 41 7 3 31 43 38 22 17 19 4 32 15 0 21 0 8 50 42 44 19 24 41 3 40 50 4 50 23 23 26 12 13 36 6 47 50 23 30 9
run=14 seed=13 k=51 f=0
3 8 0 40 38 1 5 20 32 41 38 14 43 39 34 16 19 34 25 12 0 31 19 30 0 1 49 12 17 15 9 43 24 42 5 22 29 27 49 50 25 20 6 17 50 8 25 45 41 49
run=15 seed=14 k=51 f=0
0 4 33 12 28 48 32 19 39 43 39 37 12 6 24 20 2 24 4 14 50 28 18 30 10 16 46 31 43 0 36 42 37 42 50 13 16 31 3 50 24 34 9 3 33 6 12 21 27 47
run=16 seed=15 k=51 f=0
2 12 24 35 10 45 13 2 20 43 46 29 8 32 21 49 26 50 29 13 0 23 3 26 25 1 46 30 6 4 41 37 42 39 21 43 37 18 32 14 16 6 8 1 3 49 31 28 19 35
run=17 seed=16 k=51 f=0
15 44 42 34 15 29 19 10 2 31 30 31 11 39 27 50 48 25 30 9 17 35 18 50 7 14 22 42 26 0 1 0 36 17 47 24 22 37 46 2 10 39 0 50 39 47 25 12 39 4
run=18 seed=17 k=51 f=0
1 6 44 20 31 0 49 11 26 35 43 14 5 6 18 16 21 3 48 21 50 35 30 28 10 30 10 10 40 41 49 0 46 18 22 27 40 47 30 31 33 8 36 11 25 23 23 41 0 45
run=19 seed=18 k=51 f=0
48 23 40 7 46 49 45 19 29 33 13 0 0 21 13 38 28 36 2 34 0 50 26 48 45 16 33 20 30 19 43 29 43 10 37 13 8 27 2 29 0 18 44 15 21 37 29 1 48 6
run=20 seed=19 k=51 f=0
23 47 0 38 10 33 40 21 47 3 1 16 50 9 0 0 13 46 48 31 24 8 23 3 19 38 27 38 23 15 32 16 18 11 33 33 44 2 50 31 46 40 28 18 37 7 22 10 27 0
