run=1 seed=0 k=46 f=0
13 0 29 45 29 4 14 15 11 1 40 21 42 7 19 7 38 1 38 12 24 34 25 3 24 16 36 36 22 13 45 45 8 22 17 13 45 32 0 29 27 0 43 38 16 0 22 20 6 30
run=2 seed=1 k=46 f=0
13 0 29 45 29 4 14 15 11 1 40 21 42 7 19 7 38 1 38 12 24 34 25 3 24 16 36 36 22 13 45 45 8 22 17 13 45 32 0 29 27 0 43 38 16 0 22 20 6 30
run=3 seed=2 k=46 f=0
10 36 42 34 15 19 36 7 3 29 26 5 39 39 30 21 44 0 40 37 44 1 15 16 44 8 1 20 20 45 27 30 2 14 3 12 36 33 45 45 11 10 24 6 8 25 30 45 19 30
run=4 seed=3 k=46 f=0
45 2 24 43 23 26 44 42 35 0 24 11 10 33 29 45 8 17 38 38 11 20 14 20 23 27 28 20 8 7 44 29 40 10 14 34 25 33 17 4 14 0 0 45 3 34 1 6 19 41
run=5 seed=4 k=46 f=0
41 15 36 4 36 33 19 2 20 22 19 30 37 12 17 41 20 0 3 0 7 24 0 25 34 35 16 32 43 42 3 32 7 26 19 0 13 43 37 0 30 45 8 17 12 22 6 6 7 45
run=6 seed=5 k=46 f=0
35 44 42 22 40 43 10 1 29 24 20 0 18 29 0 7 7 0 0 2 14 35 13 12 17 32 45 8 39 32 20 27 30 38 9 22 13 16 10 43 1 45 26 34 45 24 17 7 39 15
run=7 seed=6 k=46 f=0
0 12 36 26 40 7 4 0 16 24 42 29 15 45 42 27 9 1 17 20 35 0 30 45 39 25 4 10 9 35 33 45 24 17 0 21 18 44 26 35 17 8 32 26 6 7 9 35 45 36
run=8 seed=7 k=46 f=0
5 12 19 41 44 29 28 37 20 21 45 25 9 14 45 30 0 9 18 28 20 2 36 3 0 17 19 30 3 28 44 40 24 20 36 45 39 1 11 15 35 12 43 38 8 0 2 6 7 32
run=9 seed=8 k=46 f=0
29 36 39 35 0 45 23 7 35 45 45 18 33 15 17 14 2 29 39 18 1 22 25 20 32 21 11 10 3 2 34 30 0 0 17 45 5 15 29 39 44 10 38 9 6 24 19 4 31 12
run=10 seed=9 k=46 f=0
17 24 3 1 12 5 20 44 26 44 18 45 21 42 7 18 27 10 44 45 4 41 28 39 6 18 16 37 11 25 0 30 44 0 23 11 30 37 10 0 32 37 22 43 36 12 36 13 5 35
run=11 seed=10 k=46 f=0
41 10 0 19 38 21 27 0 41 25 45 0 24 31 1 45 5 16 19 5 31 22 7 10 4 34 27 32 40 40 19 0 15 7 3 38 20 29 15 8 1 12 38 45 29 36 16 2 27 45
run=12 seed=11 k=46 f=0
24 39 19 31 27 23 19 39 43 9 45 0 45 12 30 45 44 8 9 27 3 13 21 21 29 24 0 37 45 10 30 32 0 0 18 21 42 31 12 16 40 39 18 45 0 6 10 11 12 33
run=13 seed=12 k=46 f=0
6 9 15 4 31 39 23 30 1 14 34 27 10 0 26 45 17 24 22 43 27 0 20 36 30 32 22 36 28 13 10 15 1 45 41 35 18 10 20 45 45 8 1 30 8 33 1 20 4 42
run=14 seed=13 k=46 f=0
24 7 41 35 4 11 0 37 41 15 33 20 19 20 45 0 35 8 18 3 15 24 11 4 45 24 15 4 32 24 5 38 31 45 29 33 9 0 18 38 41 45 30 20 31 0 11 30 45 1
run=15 seed=14 k=46 f=0
43 24 33 30 23 13 37 40 21 8 14 7 19 7 36 17 28 1 10 38 7 33 29 44 26 12 3 24 29 12 40 45 6 8 40 0 29 31 25 13 22 27 18 23 37 0 10 0 44 36
run=16 seed=15 k=46 f=0
18 45 7 3 29 44 36 0 11 6 33 3 2 16 37 22 0 29 12 22 9 30 11 17 36 13 30 45 26 45 41 39 23 39 44 16 11 9 15 30 9 1 21 15 2 42 28 32 23 36
run=17 seed=16 k=46 f=0
9 36 35 32 25 25 21 32 17 26 25 45 30 27 15 21 19 28 42 0 44 4 5 10 0 9 22 0 45 0 3 30 45 17 9 12 19 42 10 36 40 16 4 12 13 3 27 34 30 0
run=18 seed=17 k=46 f=0
13 18 19 28 42 18 5 33 26 34 1 9 43 24 19 12 15 43 0 16 40 4 4 10 41 2 20 27 11 0 33 24 34 13 28 29 39 0 42 3 42 8 27 34 31 24 42 9 45 36
run=19 seed=18 k=46 f=0
20 36 39 21 20 28 1 34 6 1 30 7 25 24 10 9 10 31 33 5 16 27 39 35 29 20 45 31 10 11 36 0 0 23 6 45 36 2 13 45 3 43 43 13 42 15 24 40 29 0
run=20 seed=19 k=46 f=0
16 6 3 23 27 11 7 40 34 30 8 40 20 14 38 23 22 45 3 24 31 44 13 14 7 9 6 45 25 34 35 12 29 16 19 17 23 4 31 1 44 38 25 32 34 11 43 43 30 0
