run=1 seed=0 k=41 f=0
13 0 0 0 29 13 6 35 23 5 39 8 17 38 7 20 25 40 0 18 27 12 23 11 33 3 24 40 29 40 13 35 30 18 16 40 35 27 1 23 6 6 8 33 8 0 39 38 16 33
run=2 seed=1 k=41 f=0
13 0 0 0 29 13 6 35 23 5 39 8 17 38 7 20 25 40 0 18 27 12 23 11 33 3 24 40 29 40 13 35 30 18 16 40 35 27 1 23 6 6 8 33 8 0 39 38 16 33
run=3 seed=2 k=41 f=0
29 16 25 21 13 8 17 38 29 4 27 25 25 40 35 8 0 11 34 17 40 31 21 0 40 30 35 11 0 10 16 22 5 3 26 2 0 28 12 19 26 4 19 40 0 40 9 18 9 39
run=4 seed=3 k=41 f=0
12 9 30 40 36 8 12 2 38 37 39 16 8 24 18 40 12 1 7 4 17 0 2 1 2 40 18 26 0 29 33 25 40 36 16 34 32 27 12 0 7 32 18 40 15 23 1 17 4 25
run=5 seed=4 k=41 f=0
8 19 38 0 18 8 12 27 23 31 5 4 12 15 27 25 0 20 3 24 11 0 33 18 18 9 10 20 5 37 34 40 2 13 10 33 15 34 40 40 23 31 3 28 34 32 0 40 26 40
run=6 seed=5 k=41 f=0
15 12 36 19 0 39 3 9 23 30 27 4 19 40 33 18 0 32 11 13 39 0 14 27 7 9 36 6 28 5 21 31 0 2 40 24 37 25 34 26 14 22 16 7 37 10 13 1 17 40
run=7 seed=6 k=41 f=0
13 23 32 31 13 31 19 23 16 5 3 17 17 27 28 8 14 26 38 40 15 0 35 39 26 0 20 40 11 10 36 31 8 36 1 40 32 3 9 1 3 21 17 10 18 23 40 40 7 33
run=8 seed=7 k=41 f=0
23 0 31 35 0 40 38 0 25 0 20 14 34 36 1 17 40 19 10 1 8 25 24 24 28 11 16 12 10 7 27 33 18 7 21 38 6 26 14 40 0 40 35 11 39 28 5 2 22 30
run=9 seed=8 k=41 f=0
40 28 33 31 12 0 34 20 24 31 2 34 1 4 10 0 10 18 32 27 36 14 28 40 12 0 0 20 19 12 37 22 35 5 39 6 4 39 33 27 26 8 26 10 40 15 1 32 21 40
run=10 seed=9 k=41 f=0
31 32 22 32 0 28 7 1 20 2 23 26 0 14 13 40 20 0 13 33 9 0 21 21 20 11 40 40 1 12 33 26 26 8 37 16 18 17 40 6 26 18 34 40 5 37 11 9 2 39
run=11 seed=10 k=41 f=0
23 13 38 2 31 0 3 6 25 8 37 19 37 35 8 24 16 5 12 10 31 40 22 31 16 27 40 32 18 11 2 5 17 40 40 0 40 14 21 0 24 18 31 24 36 28 8 39 7 36
run=12 seed=11 k=41 f=0
34 18 38 0 36 36 4 22 27 11 3 40 23 30 40 11 35 17 4 12 40 0 16 34 37 2 26 0 20 11 9 28 9 10 14 33 26 0 40 16 39 21 31 6 22 3 24 17 12 24
run=13 seed=12 k=41 f=0
20 40 28 40 11 5 16 12 17 12 35 15 1 10 26 17 26 2 25 21 8 31 19 23 6 35 31 36 34 13 19 0 14 38 3 23 31 29 0 7 3 40 20 15 37 40 38 25 0 9
run=14 seed=13 k=41 f=0
8 34 5 6 34 24 31 13 4 40 23 12 12 12 40 40 32 20 23 39 1 17 6 37 28 9 16 31 37 26 25 9 25 29 15 25 1 6 0 18 0 30 38 14 3 34 22 35 40 0
run=15 seed=14 k=41 f=0
5 39 28 13 18 40 34 7 15 29 36 30 19 2 28 24 26 35 40 25 17 1 8 40 35 7 32 14 11 1 40 33 0 28 0 10 22 0 20 40 18 7 14 6 13 10 17 32 0 18
run=16 seed=15 k=41 f=0
40 12 38 10 35 14 34 20 24 24 5 18 22 21 7 6 2 33 26 17 32 22 1 2 37 15 38 17 0 19 9 40 35 40 7 0 3 0 32 28 29 0 9 26 14 12 30 38 38 26
run=17 seed=16 k=41 f=0
16 8 38 38 30 18 14 24 34 38 20 40 12 21 40 25 34 12 7 9 40 17 3 2 12 25 14 30 0 23 9 0 21 31 16 31 9 0 14 0 30 34 40 26 37 34 20 8 15 1
run=18 seed=17 k=41 f=0
40 7 36 34 34 7 36 16 38 1 2 29 0 6 9 1 2 10 13 22 15 35 40 23 17 19 2 23 24 11 32 27 29 25 21 22 5 0 40 16 40 40 34 19 39 35 25 24 12 40
run=19 seed=18 k=41 f=0
22 23 3 31 2 0 38 19 36 37 9 36 3 27 40 32 39 14 25 30 0 40 34 22 18 30 39 8 17 8 7 13 17 6 37 8 0 40 34 30 0 20 26 33 7 11 20 21 17 1
run=20 seed=19 k=41 f=0
40 17 13 34 1 12 38 40 5 11 11 35 36 20 11 8 38 26 40 31 38 0 3 5 21 12 15 31 11 24 30 23 20 7 31 28 15 19 27 4 0 16 34 39 29 28 30 27 22 3
