run=1 seed=0 k=52 f=0
39 23 37 40 27 27 38 7 49 31 13 11 35 43 51 14 48 33 36 24 7 33 3 29 21 18 2 8 23 20 7 51 14 21 5 43 47 44 35 21 34 44 0 51 4 5 18 0 37 4
run=2 seed=1 k=52 f=0
39 23 37 40 27 27 38 7 49 31 13 11 35 43 51 14 48 33 36 24 7 33 3 29 21 18 2 8 23 20 7 51 14 21 5 43 47 44 35 21 34 44 0 51 4 5 18 0 37 4
run=3 seed=2 k=52 f=0
5 30 32 39 33 26 12 2 50 39 25 23 1 20 25 37 41 23 15 37 10 45 13 18 47 3 49 18 44 5 29 22 51 10 8 0 12 49 19 44 13 51 36 14 6 35 0 34 50 13
run=4 seed=3 k=52 f=0
0 0 42 16 45 27 44 36 17 32 18 6 33 30 22 51 9 30 5 32 43 10 51 26 45 40 35 46 20 46 50 26 5 22 18 36 51 10 50 39 3 0 44 1 16 13 13 40 28 18
run=5 seed=4 k=52 f=0
33 23 10 14 13 25 29 36 48 9 40 0 42 50 14 44 6 21 22 1 15 32 20 22 17 46 46 2 8 4 18 7 28 4 31 51 47 50 20 21 33 51 13 35 36 7 25 6 15 35
run=6 seed=5 k=52 f=0
43 37 43 19 44 0 36 41 33 29 27 18 20 46 0 0 12 22 24 18 10 49 7 9 47 40 1 13 12 47 28 31 32 32 7 25 6 7 14 51 37 39 49 28 38 26 9 11 32 2
run=7 seed=6 k=52 f=0
5 47 24 2 4 17 38 28 34 36 19 36 33 1 12 40 51 31 47 36 6 15 40 46 0 41 28 20 50 19 34 23 0 3 32 28 48 46 12 27 12 0 22 10 9 17 3 42 5 18
run=8 seed=7 k=52 f=0
7 51 25 51 3 50 18 33 0 17 0 27 31 46 13 24 21 31 17 21 32 3 36 7 33 40 33 43 27 24 5 42 22 24 28 17 35 43 13 50 12 7 5 12 8 2 36 30 9 0
run=9 seed=8 k=52 f=0
41 28 20 33 51 51 2 36 9 17 31 36 7 43 35 22 13 30 33 1 51 42 42 1 46 51 17 28 23 42 5 12 48 11 5 5 1 44 19 21 28 38 2 37 1 13 8 20 44 22
run=10 seed=9 k=52 f=0
6 34 49 7 37 35 24 22 10 48 16 51 2 0 17 0 29 39 46 32 42 8 27 41 14 48 19 35 42 29 10 20 48 12 16 25 42 50 40 28 51 4 3 16 30 11 0 27 1 15
run=11 seed=10 k=52 f=0
7 32 50 49 38 46 7 19 7 41 35 51 20 37 0 25 30 14 3 44 1 17 7 4 34 5 32 51 12 14 20 51 44 28 48 9 17 3 51 27 44 10 37 24 45 37 32 30 23 45
run=12 seed=11 k=52 f=0
7 25 5 48 31 7 13 49 44 23 8 11 11 26 22 17 37 48 10 18 0 34 1 1 39 4 22 45 35 33 45 42 51 35 22 47 0 16 23 34 8 49 0 26 2 17 44 21 30 19
run=13 seed=12 k=52 f=0
43 2 46 31 18 43 41 13 9 34 40 37 47 49 36 24 44 3 4 0 51 14 7 22 10 27 3 22 29 44 12 36 14 49 42 30 50 31 4 3 36 10 21 13 44 29 37 24 9 17
run=14 seed=13 k=52 f=0
18 33 47 16 41 4 48 13 37 39 8 7 50 50 36 23 29 0 12 38 51 15 17 42 45 16 0 2 35 29 22 5 10 35 29 0 32 25 0 43 10 45 48 31 35 23 37 18 48 40
run=15 seed=14 k=52 f=0
51 20 35 42 49 24 3 8 31 42 3 0 46 38 37 13 18 30 36 32 51 39 23 2 48 42 28 5 19 13 11 26 16 0 29 31 21 47 37 30 48 43 14 5 0 10 11 42 51 8
run=16 seed=15 k=52 f=0
6 2 40 39 48 37 18 31 3 33 15 28 2 32 51 26 17 30 33 25 48 36 30 17 40 41 28 25 44 8 1 11 12 50 4 20 17 23 42 44 51 42 0 7 1 36 48 12 48 9
run=17 seed=16 k=52 f=0
51 6 5 48 31 22 29 51 47 20 21 0 19 19 28 15 9 16 41 33 51 38 45 11 34 50 30 38 47 0 2 0 1 0 7 30 44 44 7 11 40 26 29 50 24 33 33 37 24 41
run=18 seed=17 k=52 f=0
41 1 10 47 27 35 33 51 5 51 25 51 2 4 50 13 47 17 6 0 41 30 25 32 44 29 0 10 13 14 36 49 16 10 45 19 5 1 18 25 23 19 43 51 34 35 22 16 13 39
run=19 seed=18 k=52 f=0
5 42 14 31 40 18 11 48 4 17 30 29 1 9 51 35 44 51 25 46 0 51 10 47 2 19 23 29 46 4 0 18 41 40 0 12 46 8 1 13 40 7 25 1 11 35 34 45 5 36
run=20 seed=19 k=52 f=0
15 40 0 14 51 7 49 49 28 0 1 8 10 40 37 12 34 51 27 12 29 20 31 22 51 3 6 50 25 34 11 47 0 16 9 0 32 40 23 23 51 36 31 24 36 45 33 47 17 26
