run=1 seed=0 k=37 f=0
21 28 5 22 26 31 17 17 22 35 0 36 25 1 36 0 11 24 13 14 36 8 1 4 25 32 14 7 33 36 19 22 16 9 5 16 28 0 27 0 27 30 36 14 34 10 28 5 22 1
run=2 seed=1 k=37 f=0
21 28 5 22 26 31 17 17 22 35 0 36 25 1 36 0 11 24 13 14 36 8 1 4 25 32 14 7 33 36 19 22 16 9 5 16 28 0 27 0 27 30 36 14 34 10 28 5 22 1
run=3 seed=2 k=37 f=0
0 10 36 6 13 30 4 0 23 35 4 4 18 32 36 17 8 1 3 19 36 0 12 27 11 28 14 27 10 36 21 28 5 19 23 23 21 9 26 12 0 9 36 23 34 30 0 2 36 16
run=4 seed=3 k=37 f=0
0 6 0 25 4 13 26 36 31 31 32 30 19 22 6 0 15 8 33 1 26 36 34 36 7 36 17 14 36 5 3 12 28 20 26 17 22 29 7 36 30 19 0 36 19 11 21 2 0 24
run=5 seed=4 k=37 f=0
11 30 35 16 9 8 12 26 30 36 36 7 7 29 17 36 3 12 18 0 22 13 0 0 2 25 35 26 1 25 19 5 36 19 0 0 21 33 12 0 11 31 0 25 28 30 3 18 15 36
run=6 seed=5 k=37 f=0
31 6 29 20 8 22 0 16 4 21 21 36 6 4 21 0 8 15 19 11 36 15 30 12 7 32 0 14 16 29 25 28 36 27 31 23 9 1 7 0 36 4 36 8 34 26 14 14 17 0
run=7 seed=6 k=37 f=0
7 0 21 17 11 9 25 29 1 36 11 36 3 7 13 23 3 12 0 1 36 15 31 9 10 33 1 21 32 35 16 7 36 36 28 29 0 2 17 28 25 19 23 31 32 18 14 26 10 19
run=8 seed=7 k=37 f=0
5 16 32 15 4 29 11 35 4 13 3 10 11 26 32 23 14 25 15 15 36 0 7 5 2 36 34 24 17 25 0 8 0 9 36 29 36 18 25 17 10 29 0 5 33 27 17 14 21 4
run=9 seed=8 k=37 f=0
20 6 1 18 19 8 12 36 20 5 20 36 16 20 7 0 24 11 9 29 36 15 0 3 25 33 36 29 30 27 6 23 35 3 32 29 11 18 12 0 13 4 29 24 34 25 35 32 17 0
run=10 seed=9 k=37 f=0
15 8 21 28 31 31 29 16 21 0 21 0 11 14 0 36 34 12 12 36 0 17 36 36 20 3 18 29 36 0 27 25 20 36 19 30 8 0 6 36 7 7 26 6 3 26 34 12 14 22
run=11 seed=10 k=37 f=0
31 28 6 26 0 24 18 0 17 15 11 36 16 9 25 22 13 1 15 21 36 0 1 5 4 33 14 7 35 35 27 8 36 19 23 15 20 35 28 0 0 30 9 15 34 10 24 3 4 22
run=12 seed=11 k=37 f=0
11 23 15 8 11 12 23 29 23 32 14 29 30 1 5 17 33 9 2 36 0 9 36 0 25 20 36 25 11 24 26 29 16 17 34 36 1 1 8 36 16 21 36 29 35 22 34 36 12 2
run=13 seed=12 k=37 f=0
32 29 35 22 32 20 16 13 35 9 6 36 36 26 0 23 32 14 4 26 0 9 17 14 0 23 30 23 0 0 17 36 9 26 11 17 4 6 0 16 7 18 36 0 15 26 28 10 10 2
run=14 seed=13 k=37 f=0
5 27 10 8 36 20 0 28 35 23 23 21 9 7 22 0 18 25 12 14 7 36 16 16 17 0 0 30 16 29 36 19 0 36 2 14 36 2 8 15 22 29 15 32 31 27 21 10 8 33
run=15 seed=14 k=37 f=0
23 0 16 9 36 36 19 2 27 7 6 30 27 32 17 9 25 1 20 23 16 36 1 0 26 36 25 32 1 34 9 28 7 31 10 23 12 21 15 0 16 0 9 27 1 36 32 11 5 13
run=16 seed=15 k=37 f=0
14 0 34 8 27 14 2 1 33 4 18 19 33 6 8 7 2 28 0 2 36 15 0 0 25 16 36 28 21 22 31 23 19 21 35 28 36 36 29 0 13 11 9 0 33 25 24 6 9 35
run=17 seed=16 k=37 f=0
13 6 20 12 15 15 11 0 6 1 25 18 9 29 0 0 35 2 30 1 14 35 36 3 24 24 36 28 0 27 7 22 18 9 1 27 6 29 36 36 17 8 20 36 9 25 29 25 0 12
run=18 seed=17 k=37 f=0
0 6 6 10 7 23 14 1 16 14 8 18 30 0 14 21 25 2 30 32 14 36 34 21 34 36 34 21 25 1 9 0 5 18 18 27 10 9 36 36 16 25 30 36 12 24 17 3 0 12
run=19 seed=18 k=37 f=0
26 17 6 8 36 20 8 26 36 18 0 8 6 3 19 11 36 24 0 12 36 3 0 0 5 11 36 11 13 25 28 23 31 34 15 28 36 1 7 0 18 30 15 30 31 14 14 4 22 0
run=20 seed=19 k=37 f=0
28 13 5 11 1 25 7 1 17 0 6 0 14 0 0 7 36 28 28 18 0 22 30 3 34 16 35 9 27 26 10 36 23 20 18 31 18 35 29 36 19 11 11 16 15 6 25 9 25 7
