run=1 seed=0 k=42 f=0
0 41 9 1 35 41 10 19 15 31 13 23 4 34 35 26 11 18 9 23 33 17 29 10 4 26 25 9 20 41 3 0 24 9 17 9 40 28 37 17 15 39 0 34 40 30 20 2 0 35
run=2 seed=1 k=42 f=0
0 41 9 1 35 41 10 19 15 31 13 23 4 34 35 26 11 18 9 23 33 17 29 10 4 26 25 9 20 41 3 0 24 9 17 9 40 28 37 17 15 39 0 34 40 30 20 2 0 35
run=3 seed=2 k=42 f=0
13 25 26 21 9 6 6 0 19 4 16 6 19 0 5 19 39 3 31 7 34 11 23 12 26 22 4 28 24 37 9 0 34 36 17 41 23 20 26 41 29 25 11 41 40 0 0 36 14 31
run=4 seed=3 k=42 f=0
18 33 33 25 25 28 36 8 1 40 35 0 14 13 41 16 7 14 37 9 41 24 34 6 30 29 17 6 27 40 0 1 0 1 8 9 11 38 17 28 32 30 23 7 7 36 3 18 17 40
run=5 seed=4 k=42 f=0
9 15 35 2 14 40 38 6 11 21 26 33 13 7 22 9 21 28 28 10 2 37 6 37 41 12 14 37 18 24 38 21 31 35 41 26 17 14 20 0 31 33 0 5 0 40 28 22 5 41
run=6 seed=5 k=42 f=0
1 40 24 33 0 0 38 12 17 34 7 9 27 29 36 34 33 41 41 38 26 4 13 17 6 14 25 22 2 0 20 12 6 19 33 17 30 28 34 15 11 20 5 15 21 41 5 31 1 25
run=7 seed=6 k=42 f=0
20 2 28 11 8 32 14 21 15 39 36 15 39 5 14 18 0 7 26 19 11 41 31 0 31 31 41 6 38 28 25 33 25 14 19 28 0 39 6 33 17 0 27 0 3 9 9 7 39 21
run=8 seed=7 k=42 f=0
37 27 17 1 29 40 38 25 18 7 5 33 41 6 4 21 0 26 7 20 35 13 24 10 15 10 18 18 15 32 23 0 29 2 16 5 0 33 11 11 39 41 18 6 40 23 24 1 17 41
run=9 seed=8 k=42 f=0
21 11 30 41 27 0 4 33 21 39 37 17 40 1 0 19 24 5 41 6 26 2 23 3 28 14 20 30 13 31 40 34 16 40 1 39 35 12 19 9 8 15 27 19 8 26 23 30 0 32
run=10 seed=9 k=42 f=0
37 0 12 4 33 41 26 0 26 25 25 41 41 1 1 39 36 1 8 2 10 20 7 15 1 24 26 16 37 37 18 28 25 29 25 33 30 8 36 9 10 16 20 25 16 19 38 3 5 15
run=11 seed=10 k=42 f=0
15 2 2 41 34 41 5 26 5 34 5 33 19 27 33 8 21 28 25 20 33 16 12 8 20 5 16 24 10 32 37 41 0 0 14 25 41 19 11 7 0 0 36 11 0 27 16 28 14 40
run=12 seed=11 k=42 f=0
28 38 15 30 0 34 1 40 4 0 35 1 32 36 0 7 7 0 25 26 0 15 25 10 18 41 40 10 13 21 26 32 16 29 18 24 21 20 2 38 1 41 11 41 39 7 28 15 14 32
run=13 seed=12 k=42 f=0
32 0 14 4 37 8 23 39 29 15 6 41 26 1 40 17 9 1 10 16 41 25 30 33 35 20 41 7 18 14 30 33 16 32 18 11 21 23 0 0 23 0 13 39 2 10 5 0 27 35
run=14 seed=13 k=42 f=0
3 41 40 20 40 16 14 30 6 33 39 7 9 7 24 0 21 32 9 24 7 19 1 3 39 4 39 15 35 29 28 34 34 10 23 27 29 39 0 41 14 15 24 2 25 18 9 25 35 13
run=15 seed=14 k=42 f=0
0 13 27 2 0 2 17 17 39 15 4 34 30 36 14 19 0 18 41 41 26 1 26 24 30 10 32 35 0 15 24 34 5 7 28 41 10 25 31 24 7 11 37 12 6 41 35 19 20 28
run=16 seed=15 k=42 f=0
14 31 18 11 32 24 16 30 37 3 22 3 18 0 0 40 8 0 4 41 0 9 13 3 11 25 19 41 34 37 41 17 31 18 14 22 36 7 1 24 29 28 41 31 24 9 10 16 16 37
run=17 seed=16 k=42 f=0
36 41 35 0 38 5 37 41 21 6 19 30 5 3 30 34 33 40 3 33 0 9 12 24 26 13 32 18 14 12 21 22 41 27 28 17 0 16 10 11 41 13 0 23 13 21 7 38 6 24
run=18 seed=17 k=42 f=0
10 41 23 32 0 4 19 30 35 29 7 28 14 26 4 26 0 7 17 21 33 12 21 40 7 17 4 41 1 20 39 4 27 14 28 20 0 37 0 20 13 40 24 31 38 37 38 21 9 34
run=19 seed=18 k=42 f=0
31 41 25 1 32 11 2 34 26 22 39 24 35 4 17 26 21 29 15 13 33 18 41 11 0 0 20 7 30 31 14 8 26 6 40 3 13 41 22 41 39 0 16 35 39 0 14 3 33 11
run=20 seed=19 k=42 f=0
14 31 16 40 31 27 41 11 0 6 1 6 6 37 41 0 41 30 13 17 7 40 19 14 22 0 2 32 23 23 8 24 25 4 4 19 37 38 32 0 30 35 19 0 36 19 25 41 26 12
