run=1 seed=0 k=39 f=0
28 16 24 27 26 1 25 38 16 38 23 24 10 4 38 22 18 37 38 37 29 0 32 0 2 27 12 5 16 36 34 8 23 6 1 37 0 30 13 16 22 16 21 10 14 33 5 26 11 3
run=2 seed=1 k=39 f=0
28 16 24 27 26 1 25 38 16 38 23 24 10 4 38 22 18 37 38 37 29 0 32 0 2 27 12 5 16 36 34 8 23 6 1 37 0 30 13 16 22 16 21 10 14 33 5 26 11 3
run=3 seed=2 k=39 f=0
10 0 24 22 28 0 12 23 7 2 2 14 29 8 0 23 2 31 14 24 16 37 11 10 34 11 0 37 18 37 34 7 16 5 4 29 32 38 32 23 27 32 17 11 1 5 0 21 38 21
run=4 seed=3 k=39 f=0
0 38 24 25 0 30 18 8 4 33 34 18 4 37 17 32 14 7 9 11 25 0 38 38 13 23 17 9 7 1 0 16 32 0 29 10 38 19 26 24 30 4 36 13 22 12 0 22 4 32
run=5 seed=4 k=39 f=0
26 24 33 10 38 23 3 0 35 34 13 15 10 29 0 30 21 28 0 1 37 8 37 26 10 9 38 17 8 0 1 16 31 35 10 0 4 7 27 38 17 26 16 0 22 21 19 14 30 38
run=6 seed=5 k=39 f=0
38 12 2 30 5 5 23 13 33 27 22 34 6 33 21 29 37 9 36 31 38 3 0 12 21 26 38 14 0 21 12 18 32 29 23 23 9 38 0 0 5 11 20 15 10 26 9 22 17 0
run=7 seed=6 k=39 f=0
18 22 17 37 33 9 25 30 34 34 26 30 32 11 2 28 27 12 16 9 36 13 21 26 10 0 15 27 2 2 20 0 12 4 8 5 7 37 13 38 32 21 20 29 38 23 5 1 16 38
run=8 seed=7 k=39 f=0
13 17 32 25 29 38 5 24 0 34 4 31 32 9 5 10 36 10 3 16 31 0 36 0 26 27 13 27 37 38 20 23 18 0 18 38 0 17 11 38 31 37 31 24 37 24 16 13 12 3
run=9 seed=8 k=39 f=0
38 17 30 37 17 13 28 20 31 6 14 30 4 38 18 24 0 10 33 23 31 0 9 11 15 33 19 27 11 28 26 11 33 36 25 38 0 1 7 11 4 4 27 20 4 24 15 4 7 23
run=10 seed=9 k=39 f=0
32 18 10 8 0 0 11 22 38 6 10 6 6 15 38 9 20 27 32 19 36 0 1 16 36 0 38 16 25 25 33 24 27 5 13 29 22 14 31 0 3 4 38 33 17 13 18 27 37 12
run=11 seed=10 k=39 f=0
31 20 11 36 9 32 5 0 20 0 35 27 35 37 14 0 14 1 30 19 28 38 7 8 11 23 16 22 25 25 7 14 0 27 23 9 38 16 10 7 0 5 37 23 21 19 19 4 3 33
run=12 seed=11 k=39 f=0
4 29 33 38 38 6 34 18 36 38 13 0 0 10 38 2 15 3 14 4 37 10 25 28 21 24 16 19 22 7 0 23 9 35 0 18 14 26 0 31 33 30 11 19 33 23 13 14 8 38
run=13 seed=12 k=39 f=0
0 0 18 26 0 13 2 0 22 22 21 20 35 5 6 7 23 1 17 3 15 24 25 11 13 38 1 30 14 38 32 38 20 8 24 33 38 20 38 13 19 31 31 26 31 26 11 38 6 14
run=14 seed=13 k=39 f=0
33 25 17 38 1 4 35 10 26 9 35 6 37 12 27 31 23 8 38 7 0 11 33 0 15 0 8 17 1 29 38 19 7 38 13 38 23 20 0 0 19 26 29 34 7 14 9 16 30 15
run=15 seed=14 k=39 f=0
30 29 9 0 38 13 11 20 35 12 24 23 34 21 11 21 27 0 0 33 2 38 1 8 6 18 28 19 32 19 6 10 25 38 29 15 38 28 0 3 37 17 8 20 32 16 24 3 9 35
run=16 seed=15 k=39 f=0
21 0 33 30 2 16 31 38 33 29 28 25 17 25 37 29 20 13 38 1 36 21 31 11 1 29 38 9 15 20 8 6 26 22 30 11 14 31 8 0 1 14 2 7 15 32 22 25 5 38
run=17 seed=16 k=39 f=0
24 26 18 22 19 4 25 16 12 15 6 13 28 21 14 11 7 0 34 33 18 37 6 9 3 29 1 38 8 33 35 0 0 23 5 5 31 32 0 7 14 26 10 38 25 19 7 24 38 20
run=18 seed=17 k=39 f=0
24 32 23 2 19 38 7 32 5 35 37 7 28 17 37 38 2 28 0 1 24 15 21 34 21 14 24 7 27 15 34 7 13 0 37 0 31 21 15 0 8 30 9 4 30 19 35 18 25 38
run=19 seed=18 k=39 f=0
13 24 14 13 8 12 5 23 28 35 38 18 17 26 32 31 31 38 38 13 0 9 38 24 23 21 33 22 12 4 1 18 8 1 0 38 28 30 8 0 18 26 17 5 2 37 35 37 4 12
run=20 seed=19 k=39 f=0
0 37 11 1 25 10 23 36 2 20 30 28 4 15 31 31 31 38 0 15 2 23 0 12 4 18 31 13 2 21 24 10 22 15 16 15 7 28 22 38 7 37 0 20 18 16 1 34 0 8
