run=1 seed=0 k=21 f=0
1 19 9 20 8 7 3 9 15 9 2 0 20 4 20 7 3 13 2 16
run=2 seed=1 k=21 f=0
1 19 9 20 8 7 3 9 15 9 2 0 20 4 20 7 3 13 2 16
run=3 seed=2 k=21 f=0
18 4 16 20 0 6 17 0 19 9 16 12 12 14 9 0 17 0 12 2
run=4 seed=3 k=21 f=0
5 19 0 0 18 14 3 19 1 19 7 8 15 16 4 18 6 20 20 9
run=5 seed=4 k=21 f=0
7 17 0 0 7 14 3 4 20 2 5 20 10 8 18 3 16 8 6 20
run=6 seed=5 k=21 f=0
1 20 3 20 3 6 17 15 9 16 0 0 6 6 13 2 13 12 19 14
run=7 seed=6 k=21 f=0
0 19 7 0 8 14 4 0 1 7 14 8 9 5 18 20 0 20 18 13
run=8 seed=7 k=21 f=0
12 6 17 0 8 14 4 4 18 7 5 8 13 6 19 18 16 20 8 17
run=9 seed=8 k=21 f=0
7 20 9 20 6 6 17 2 0 18 1 0 19 17 15 20 3 12 15 5
run=10 seed=9 k=21 f=0
16 2 10 0 20 14 4 19 5 20 1 8 0 1 1 20 20 20 10 19
run=11 seed=10 k=21 f=0
13 7 0 20 0 6 17 16 12 5 11 0 9 12 11 7 18 12 18 3
run=12 seed=11 k=21 f=0
8 2 15 20 19 7 3 16 11 4 5 0 0 11 5 13 19 13 4 19
run=13 seed=12 k=21 f=0
11 2 14 0 16 14 5 18 16 0 13 8 4 0 2 16 11 20 2 16
run=14 seed=13 k=21 f=0
6 20 0 0 19 13 17 17 17 6 19 20 7 16 2 1 18 7 20 9
run=15 seed=14 k=21 f=0
1 14 6 20 13 6 17 5 3 19 6 12 9 15 1 2 2 0 13 7
run=16 seed=15 k=21 f=0
17 1 9 20 10 7 3 9 16 3 19 0 20 17 19 15 14 13 8 0
run=17 seed=16 k=21 f=0
6 18 3 20 9 6 16 20 0 6 18 12 5 3 18 5 12 0 6 12
run=18 seed=17 k=21 f=0
7 1 16 20 1 7 3 6 14 8 4 0 13 13 12 20 9 13 9 0
run=19 seed=18 k=21 f=0
10 17 4 0 1 14 3 3 5 15 1 8 11 5 19 8 1 20 20 13
run=20 seed=19 k=21 f=0
17 11 20 20 10 6 17 9 2 13 1 0 18 15 1 12 13 12 13 1
