run=1 seed=0 k=25 f=0
17 11 2 15 1 6 11 17 24 12 12 0 4 19 13 1 15 23 22 11
run=2 seed=1 k=25 f=0
17 11 2 15 1 6 11 17 24 12 12 0 4 19 13 1 15 23 22 11
run=3 seed=2 k=25 f=0
15 23 13 17 11 8 14 2 20 2 17 0 24 13 2 24 4 24 17 5
run=4 seed=3 k=25 f=0
21 10 18 15 22 6 10 1 1 14 8 24 18 7 2 16 14 0 1 20
run=5 seed=4 k=25 f=0
1 8 24 24 13 10 0 6 3 10 19 4 14 14 3 14 2 16 1 24
run=6 seed=5 k=25 f=0
0 23 10 22 1 7 18 24 23 6 1 13 10 23 10 20 20 1 3 11
run=7 seed=6 k=25 f=0
16 10 3 1 8 18 6 18 2 14 10 24 5 18 17 16 0 12 23 9
run=8 seed=7 k=25 f=0
2 24 4 0 0 18 11 22 18 3 15 8 6 1 15 20 3 24 20 11
run=9 seed=8 k=25 f=0
21 5 17 0 17 18 7 21 2 13 22 12 8 22 5 19 0 24 15 1
run=10 seed=9 k=25 f=0
15 24 10 11 5 24 0 3 17 2 6 3 8 14 23 15 0 18 5 24
run=11 seed=10 k=25 f=0
20 8 16 0 18 18 6 21 22 7 23 24 3 23 0 6 20 12 21 15
run=12 seed=11 k=25 f=0
17 4 22 1 3 24 4 6 14 23 0 18 18 9 23 19 6 9 13 18
run=13 seed=12 k=25 f=0
10 0 19 7 23 17 10 23 22 14 3 23 13 24 13 4 7 0 12 17
run=14 seed=13 k=25 f=0
15 22 4 16 14 0 13 0 4 20 1 6 12 5 1 3 6 23 8 14
run=15 seed=14 k=25 f=0
8 18 1 22 23 8 19 0 19 6 3 14 15 0 6 10 21 2 5 16
run=16 seed=15 k=25 f=0
18 0 22 0 1 15 24 13 18 3 3 21 19 14 15 0 14 7 24 3
run=17 seed=16 k=25 f=0
19 13 21 22 24 6 19 13 4 13 19 0 19 11 13 12 14 14 1 23
run=18 seed=17 k=25 f=0
15 7 19 24 20 9 20 11 10 2 1 15 4 1 7 3 8 2 7 23
run=19 seed=18 k=25 f=0
12 20 5 23 1 7 12 2 22 13 21 15 22 23 22 13 20 0 1 8
run=20 seed=19 k=25 f=0
14 1 23 0 12 15 6 20 2 14 2 9 15 1 2 0 1 24 3 13
