run=1 seed=0 k=22 f=0
4 10 17 0 17 14 5 6 3 18 8 8 16 3 7 4 20 20 0 14
run=2 seed=1 k=22 f=0
4 10 17 0 17 14 5 6 3 18 8 8 16 3 7 4 20 20 0 14
run=3 seed=2 k=22 f=0
8 19 6 7 1 21 11 3 15 5 20 15 7 9 14 11 2 0 15 0
run=4 seed=3 k=22 f=0
0 11 18 20 3 6 17 7 15 0 10 12 21 16 12 11 4 0 13 5
run=5 seed=4 k=22 f=0
13 1 18 13 9 0 16 1 4 17 10 21 6 21 21 8 18 6 1 11
run=6 seed=5 k=22 f=0
7 21 12 7 19 21 10 10 9 3 14 15 14 20 8 14 0 0 10 0
run=7 seed=6 k=22 f=0
1 9 20 13 20 0 18 1 14 20 3 21 7 19 9 20 12 6 15 6
run=8 seed=7 k=22 f=0
15 7 19 21 1 6 17 9 6 13 7 0 15 20 15 14 2 12 8 0
run=9 seed=8 k=22 f=0
6 16 1 13 4 0 18 5 9 19 21 21 14 1 21 0 0 6 13 21
run=10 seed=9 k=22 f=0
3 12 1 1 17 15 4 2 20 12 12 21 17 1 7 19 21 9 12 21
run=11 seed=10 k=22 f=0
11 1 8 7 7 21 11 21 1 21 11 15 14 17 18 21 18 0 19 0
run=12 seed=11 k=22 f=0
11 3 21 7 9 21 10 13 21 3 2 15 8 4 21 21 21 0 17 12
run=13 seed=12 k=22 f=0
8 0 12 7 1 21 11 7 21 6 12 15 19 18 10 0 11 0 13 8
run=14 seed=13 k=22 f=0
8 17 3 7 0 21 11 5 13 5 14 15 16 5 21 1 9 0 0 12
run=15 seed=14 k=22 f=0
3 14 7 21 7 7 17 12 11 0 20 13 16 20 17 19 18 1 5 11
run=16 seed=15 k=22 f=0
17 0 9 13 16 0 16 16 13 2 11 21 0 2 4 5 5 6 20 9
run=17 seed=16 k=22 f=0
17 0 15 13 21 0 16 13 21 12 19 21 1 12 6 12 17 6 9 3
run=18 seed=17 k=22 f=0
13 7 21 0 3 14 3 13 9 2 15 8 18 6 18 0 8 21 8 16
run=19 seed=18 k=22 f=0
16 2 11 0 14 13 18 6 20 3 2 21 10 12 3 17 14 7 7 19
run=20 seed=19 k=22 f=0
9 2 20 8 3 21 3 1 2 12 1 0 21 9 13 1 8 15 11 2
