run=1 seed=0 k=23 f=0
11 0 14 0 6 22 13 1 11 1 17 16 6 17 17 17 15 7 8 2
run=2 seed=1 k=23 f=0
11 0 14 0 6 22 13 1 11 1 17 16 6 17 17 17 15 7 8 2
run=3 seed=2 k=23 f=0
10 0 21 21 15 8 3 10 19 6 3 0 18 13 5 0 21 14 7 20
run=4 seed=3 k=23 f=0
17 3 22 3 0 16 0 19 12 0 1 22 1 10 10 14 18 10 16 0
run=5 seed=4 k=23 f=0
3 17 8 22 16 6 19 12 10 20 14 14 8 12 3 17 20 0 16 2
run=6 seed=5 k=23 f=0
12 0 19 22 17 7 18 8 6 14 20 1 18 20 0 6 8 13 8 2
run=7 seed=6 k=23 f=0
15 7 22 20 2 6 16 15 16 1 4 12 9 15 19 5 13 0 17 7
run=8 seed=7 k=23 f=0
14 3 19 14 5 0 17 11 12 21 18 22 16 6 22 7 1 6 9 16
run=9 seed=8 k=23 f=0
1 19 10 0 5 15 4 7 5 12 22 9 13 21 14 0 2 21 16 10
run=10 seed=9 k=23 f=0
17 11 3 1 18 16 5 21 3 21 18 9 8 1 9 3 4 22 21 10
run=11 seed=10 k=23 f=0
18 10 0 21 5 7 16 4 18 1 22 13 15 10 22 21 8 1 19 2
run=12 seed=11 k=23 f=0
0 15 22 8 19 21 5 20 20 9 18 0 8 12 2 2 11 15 9 19
run=13 seed=12 k=23 f=0
6 21 13 2 6 16 5 5 7 0 11 10 15 0 17 11 17 22 8 22
run=14 seed=13 k=23 f=0
3 18 0 2 4 15 19 14 21 15 3 22 5 20 22 20 12 9 18 1
run=15 seed=14 k=23 f=0
16 22 10 7 0 16 12 17 20 9 14 22 10 7 13 17 5 0 11 22
run=16 seed=15 k=23 f=0
19 8 0 0 1 13 22 0 17 6 10 19 20 4 19 0 9 7 12 20
run=17 seed=16 k=23 f=0
17 3 12 7 4 22 10 3 17 3 11 15 8 10 14 9 19 0 17 3
run=18 seed=17 k=23 f=0
15 8 19 0 1 16 12 10 9 2 3 8 3 20 18 14 7 22 0 11
run=19 seed=18 k=23 f=0
18 9 16 22 20 8 19 4 15 1 7 2 18 1 10 9 12 14 19 14
run=20 seed=19 k=23 f=0
15 21 5 8 4 21 3 7 11 5 15 0 3 14 20 17 17 15 11 6
