run=1 seed=0 k=24 f=0
7 22 9 23 21 7 3 12 9 15 2 0 2 19 11 22 12 16 4 11
run=2 seed=1 k=24 f=0
7 22 9 23 21 7 3 12 9 15 2 0 2 19 11 22 12 16 4 11
run=3 seed=2 k=24 f=0
18 7 20 23 21 6 17 17 1 22 22 0 21 11 5 9 14 12 15 2
run=4 seed=3 k=24 f=0
18 9 0 0 9 13 23 16 1 16 10 19 9 7 20 9 0 7 1 15
run=5 seed=4 k=24 f=0
13 0 10 14 19 0 17 19 20 7 8 22 10 20 6 6 22 6 11 5
run=6 seed=5 k=24 f=0
19 5 12 0 20 16 3 9 2 13 18 8 13 6 10 20 4 22 4 14
run=7 seed=6 k=24 f=0
21 1 16 19 20 6 22 3 10 0 23 0 21 5 10 8 0 12 2 16
run=8 seed=7 k=24 f=0
21 3 11 10 5 23 6 1 0 11 11 1 19 6 14 0 10 17 2 18
run=9 seed=8 k=24 f=0
16 0 18 8 2 17 11 5 16 9 7 23 17 23 15 14 12 1 9 2
run=10 seed=9 k=24 f=0
19 2 13 0 2 16 20 22 2 20 16 23 10 1 13 23 17 9 3 19
run=11 seed=10 k=24 f=0
7 21 14 0 18 17 11 7 11 1 23 8 0 21 8 13 6 23 23 12
run=12 seed=11 k=24 f=0
23 14 21 3 3 17 0 1 17 11 20 11 14 14 17 1 1 23 7 1
run=13 seed=12 k=24 f=0
8 2 22 1 19 15 4 9 18 0 10 21 13 14 7 16 11 9 23 4
run=14 seed=13 k=24 f=0
18 5 15 7 4 16 11 11 17 11 22 23 0 6 19 19 21 0 8 18
run=15 seed=14 k=24 f=0
19 8 15 9 1 23 13 22 3 10 18 17 0 6 20 17 20 2 1 18
run=16 seed=15 k=24 f=0
19 6 21 23 1 9 19 0 7 16 19 15 8 18 10 9 5 3 20 1
run=17 seed=16 k=24 f=0
12 21 9 9 3 23 14 23 15 0 21 17 12 15 12 2 21 0 21 0
run=18 seed=17 k=24 f=0
1 13 23 10 7 23 7 15 17 23 1 0 11 0 16 2 0 17 18 8
run=19 seed=18 k=24 f=0
22 14 7 23 4 6 16 16 20 4 10 13 2 2 15 23 10 0 5 19
run=20 seed=19 k=24 f=0
17 8 23 10 21 23 7 9 20 4 1 2 1 3 1 9 22 17 7 19
