run=1 seed=0 k=12 f=0
6 10 3 7 5 5 3 0 5 1 10 8 2 8 11 7 9 6 4 2 11
run=2 seed=1 k=12 f=0
6 10 3 7 5 5 3 0 5 1 10 8 2 8 11 7 9 6 4 2 11
run=3 seed=2 k=12 f=0
7 4 8 11 5 6 0 9 1 3 0 2 9 2 5 11 6 9 3 0 2
run=4 seed=3 k=12 f=0
6 1 8 3 7 2 0 3 11 6 10 4 9 7 10 5 0 2 1 9 7
run=5 seed=4 k=12 f=0
1 11 0 2 11 0 4 8 3 5 9 6 10 7 2 6 10 1 9 0 8
run=6 seed=5 k=12 f=0
8 5 11 7 4 4 2 0 3 1 10 8 0 6 10 7 9 6 5 2 11
run=7 seed=6 k=12 f=0
9 1 7 5 0 7 0 3 10 2 11 7 9 5 11 8 0 9 6 4 7
run=8 seed=7 k=12 f=0
9 2 6 3 5 3 11 7 0 8 11 1 10 6 1 3 10 2 9 6 4
run=9 seed=8 k=12 f=0
4 2 6 1 5 1 6 9 11 3 7 9 4 11 3 7 0 10 1 5 8
run=10 seed=9 k=12 f=0
0 4 6 11 2 5 3 9 2 8 4 7 10 1 6 11 5 0 4 7 9
run=11 seed=10 k=12 f=0
0 4 2 5 7 5 2 6 11 8 1 4 0 11 8 1 3 10 4 9 0
run=12 seed=11 k=12 f=0
10 2 9 5 11 7 1 8 4 7 2 0 2 9 5 11 1 10 0 6 3
run=13 seed=12 k=12 f=0
11 6 8 4 6 3 5 9 2 0 10 8 1 7 0 4 11 7 8 1 5
run=14 seed=13 k=12 f=0
6 10 3 7 5 4 8 1 5 0 10 1 10 2 11 7 2 4 3 10 6
run=15 seed=14 k=12 f=0
7 9 0 8 1 3 11 1 3 10 6 4 0 6 8 5 7 2 0 11 9
run=16 seed=15 k=12 f=0
5 3 9 11 8 3 10 1 7 0 2 5 8 6 4 11 5 10 8 3 1
run=17 seed=16 k=12 f=0
1 9 7 11 3 9 7 11 3 0 9 5 11 3 0 8 6 4 5 2 11
run=18 seed=17 k=12 f=0
1 8 2 4 7 2 9 3 5 11 1 10 8 0 11 7 0 9 4 10 3
run=19 seed=18 k=12 f=0
10 2 0 7 4 6 0 4 8 5 11 1 11 3 9 11 3 9 5 7 0
run=20 seed=19 k=12 f=0
5 8 4 11 7 4 11 3 6 2 9 4 8 6 1 9 0 5 7 4 11
