run=1 seed=0 k=11 f=0
2 10 6 9 5 10 0 7 1 3 7 0 5 3 9 4 8 10 2 0 6
run=2 seed=1 k=11 f=0
2 10 6 9 5 10 0 7 1 3 7 0 5 3 9 4 8 10 2 0 6
run=3 seed=2 k=11 f=0
10 6 0 3 1 2 5 3 9 5 7 4 7 9 1 7 2 10 4 0 8
run=4 seed=3 k=11 f=0
10 2 6 9 3 6 0 7 4 0 5 8 10 4 9 1 8 10 3 5 2
run=5 seed=4 k=11 f=0
2 9 0 2 8 1 10 5 3 6 4 0 9 6 0 8 10 1 2 4 7
run=6 seed=5 k=11 f=0
10 2 0 8 6 9 4 6 9 5 2 4 3 1 8 3 7 10 10 1 4
run=7 seed=6 k=11 f=0
1 6 0 5 1 3 5 8 4 9 3 10 7 0 2 10 1 6 7 5 8
run=8 seed=7 k=11 f=0
4 7 2 4 1 2 6 9 0 8 6 9 4 8 1 3 5 10 10 7 2
run=9 seed=8 k=11 f=0
8 2 7 0 2 6 3 0 9 3 10 8 9 1 10 6 1 5 2 4 7
run=10 seed=9 k=11 f=0
0 9 5 0 6 3 10 6 3 7 4 9 9 1 4 8 10 1 0 2 5
run=11 seed=10 k=11 f=0
7 4 8 3 9 10 0 9 1 10 0 6 3 6 2 5 7 2 8 0 4
run=12 seed=11 k=11 f=0
0 4 9 5 10 1 9 2 7 0 2 7 8 4 6 10 3 8 8 1 6
run=13 seed=12 k=11 f=0
1 7 2 8 4 2 6 3 9 6 1 10 5 8 10 5 0 3 2 8 10
run=14 seed=13 k=11 f=0
8 6 9 1 10 9 5 10 2 5 3 0 3 7 1 4 0 7 8 6 10
run=15 seed=14 k=11 f=0
2 5 3 1 4 0 10 7 0 8 10 7 5 3 1 9 2 5 6 4 7
run=16 seed=15 k=11 f=0
6 9 4 6 2 5 1 3 7 10 0 9 0 7 10 0 5 8 4 9 3
run=17 seed=16 k=11 f=0
5 0 4 7 10 1 9 2 10 1 3 8 8 4 6 8 5 9 1 3 7
run=18 seed=17 k=11 f=0
9 7 10 1 8 8 4 2 0 6 4 10 2 6 10 5 8 2 3 1 10
run=19 seed=18 k=11 f=0
1 8 0 4 10 0 9 4 10 7 2 8 10 3 6 2 5 9 0 8 1
run=20 seed=19 k=11 f=0
9 6 0 10 3 6 4 1 3 5 7 0 10 2 7 10 8 2 0 6 4
