run=1 seed=0 k=84 f=0
70 47 42 19 29 31 13 52 58 40 1 49 39 65 11 12 24 50 18 16 7 83 83 10 3 28 26 55 37 8 5 42 62 38 17 0 16 83 39 58 6 58 33 23 23 73 62 44 23 78 17 82 79 0 8 75 74 73 68 73 64 0 42 73 76 29 83 81 73 81 45 68 77 63 22 53 0 56 51 38 11 66 14 21 33 3 46 80 51 44 26 33 51 0 68 63 66 6 29 35
run=2 seed=1 k=84 f=0
70 47 42 19 29 31 13 52 58 40 1 49 39 65 11 12 24 50 18 16 7 83 83 10 3 28 26 55 37 8 5 42 62 38 17 0 16 83 39 58 6 58 33 23 23 73 62 44 23 78 17 82 79 0 8 75 74 73 68 73 64 0 42 73 76 29 83 81 73 81 45 68 77 63 22 53 0 56 51 38 11 66 14 21 33 3 46 80 51 44 26 33 51 0 68 63 66 6 29 35
run=3 seed=2 k=84 f=0
14 2 70 60 19 32 48 10 52 59 58 15 0 77 0 36 73 44 43 74 50 41 0 21 67 23 20 62 6 83 23 42 51 78 83 68 64 8 35 41 17 47 12 61 40 18 0 0 53 32 68 25 31 7 8 55 76 46 32 76 70 70 15 8 27 15 83 3 50 22 83 65 26 7 70 49 68 5 55 12 1 39 50 60 74 30 3 82 83 29 57 32 33 42 10 23 76 12 36 77
run=4 seed=3 k=84 f=0
51 52 0 14 69 29 43 39 65 48 83 3 58 78 46 81 51 45 35 51 43 6 34 63 61 71 61 13 29 15 82 9 74 20 2 83 7 38 58 83 5 50 28 22 40 31 77 0 70 60 9 31 4 52 56 65 83 11 67 62 78 55 20 37 18 21 10 74 16 69 51 26 69 11 57 77 62 39 74 24 13 38 74 36 64 40 42 72 25 26 45 0 50 29 26 16 0 83 73 4
run=5 seed=4 k=84 f=0
51 59 40 50 7 38 21 77 58 65 48 53 9 24 67 70 58 45 66 41 62 56 48 11 32 15 54 22 34 14 43 67 29 7 31 4 22 69 58 42 15 83 15 83 1 35 70 20 60 0 17 51 27 83 37 79 78 2 8 44 30 59 77 0 80 50 74 12 0 11 0 21 7 22 27 72 13 63 23 67 21 76 71 4 51 65 81 29 28 38 40 0 1 34 31 44 9 4 61 16
run=6 seed=5 k=84 f=0
69 41 64 73 61 50 52 16 11 25 55 10 47 6 34 64 27 78 75 35 6 9 39 17 3 4 67 18 25 48 54 3 1 0 0 10 54 0 83 81 46 65 33 57 83 40 61 28 33 15 69 13 66 25 71 80 73 11 59 76 58 8 76 63 64 24 38 22 51 31 26 48 23 48 71 58 42 46 52 34 50 83 26 42 6 2 66 36 46 21 20 80 63 83 39 16 69 56 33 32
run=7 seed=6 k=84 f=0
6 61 30 53 58 70 47 60 23 47 34 50 12 5 16 21 0 48 0 76 39 40 40 42 12 63 66 16 24 0 31 44 23 19 38 80 72 63 54 11 66 16 24 31 9 69 28 61 34 74 78 28 0 10 21 76 83 50 58 4 43 0 66 78 35 18 14 14 83 11 74 55 83 63 82 19 65 74 32 54 70 39 82 83 6 37 74 47 83 53 45 7 26 0 28 53 44 1 72 57
run=8 seed=7 k=84 f=0
33 52 78 10 71 40 71 64 58 57 15 73 48 14 40 61 55 26 25 2 66 35 24 82 0 52 22 60 82 55 69 32 64 46 78 0 39 72 58 33 51 40 23 54 2 83 21 73 3 20 8 65 42 29 37 11 28 13 8 1 24 12 69 2 9 0 17 49 0 47 19 41 45 73 6 77 46 7 39 6 14 66 15 61 42 24 22 34 0 0 69 75 12 81 31 61 30 24 29 77
run=9 seed=8 k=84 f=0
76 48 30 61 6 83 0 82 70 81 43 26 37 59 3 62 83 69 70 48 8 7 45 34 1 15 62 77 0 74 12 0 56 19 53 41 73 64 62 10 12 60 71 48 35 35 66 17 17 52 13 42 82 76 15 56 1 73 66 47 53 22 31 8 28 59 2 22 30 33 76 30 12 77 52 5 73 26 22 64 83 83 22 39 46 66 0 22 44 31 21 13 45 27 54 83 2 8 17 37
run=10 seed=9 k=84 f=0
57 2 71 83 52 39 32 80 0 16 67 0 83 28 47 83 30 76 71 73 56 3 69 0 51 38 4 11 19 50 82 33 49 75 73 83 66 32 35 47 42 74 57 66 24 60 24 28 49 63 61 37 63 52 79 37 8 20 79 54 61 23 0 61 20 75 9 45 61 46 56 56 15 63 41 77 6 43 10 55 26 27 33 40 65 70 22 36 9 17 4 13 41 22 13 0 45 17 28 33
run=11 seed=10 k=84 f=0
53 28 25 77 73 19 83 79 48 62 9 37 38 33 1 48 60 3 37 56 72 52 20 10 71 54 64 40 49 30 66 23 29 4 46 0 45 19 23 9 6 20 37 66 9 70 16 73 10 17 6 0 47 32 52 73 29 5 77 68 12 25 41 83 63 14 45 1 83 58 71 32 34 60 60 45 25 80 29 18 75 10 58 82 31 27 68 57 64 43 14 41 79 62 83 52 81 37 2 15
run=12 seed=11 k=84 f=0
2 2 27 83 59 69 58 37 54 67 72 0 11 83 5 34 83 52 9 6 63 30 25 34 5 72 59 50 9 62 26 28 18 68 35 27 81 24 66 54 0 51 79 83 39 1 12 58 48 35 20 23 69 44 75 18 72 49 68 30 68 8 58 25 49 29 43 77 14 15 34 18 74 19 22 83 44 12 40 62 54 63 12 41 59 70 1 50 18 5 75 47 37 56 42 2 72 39 79 64
run=13 seed=12 k=84 f=0
30 2 14 29 79 18 65 82 37 37 61 10 14 10 40 14 11 74 24 15 82 27 72 68 36 71 73 50 21 15 72 26 9 0 65 58 7 59 74 83 4 44 13 83 63 20 73 0 0 53 55 2 27 45 18 35 33 47 42 78 1 55 58 35 40 66 46 67 46 35 47 56 23 66 7 65 26 64 20 32 51 60 39 58 30 2 55 47 83 53 16 49 42 74 83 23 82 5 68 4
run=14 seed=13 k=84 f=0
7 41 60 83 47 57 54 71 17 11 82 67 27 30 10 71 16 24 15 66 5 61 2 0 80 41 58 52 29 8 68 9 47 13 65 27 81 13 54 40 40 53 49 64 83 46 32 35 35 0 56 77 15 67 71 18 72 33 59 78 59 83 24 69 67 18 75 37 55 44 77 76 14 57 0 21 21 40 47 9 1 74 2 14 60 37 0 45 26 77 83 24 61 51 9 0 27 4 42 52
run=15 seed=14 k=84 f=0
48 44 28 18 20 21 64 49 0 54 4 61 11 74 56 70 44 3 13 41 64 74 60 69 51 6 76 15 21 83 26 64 31 24 9 0 51 32 25 0 60 11 79 39 6 11 42 78 2 73 79 81 34 35 63 36 83 6 18 43 81 83 77 11 42 27 56 54 26 54 49 21 26 9 58 67 39 63 33 56 35 80 71 2 19 29 68 48 45 18 83 30 74 41 6 58 0 69 69 16
run=16 seed=15 k=84 f=0
61 3 38 16 32 54 23 72 79 16 19 5 83 80 82 56 77 69 83 24 26 13 31 45 83 29 64 81 59 27 53 49 34 83 60 25 40 49 9 35 49 49 72 78 66 43 52 14 11 46 44 24 47 65 41 45 0 48 42 75 29 29 64 21 74 56 1 5 49 53 58 14 39 1 1 19 3 19 1 9 38 55 20 14 32 28 70 8 0 65 67 35 19 64 0 74 34 70 83 7
run=17 seed=16 k=84 f=0
54 81 16 46 60 79 38 83 61 14 68 31 70 3 74 4 0 70 72 0 81 1 27 47 62 55 77 5 61 11 71 13 0 27 20 13 29 16 42 8 20 53 31 20 12 75 50 27 83 32 10 73 50 67 39 64 4 71 79 74 22 13 12 6 34 22 62 40 52 67 2 54 42 32 19 27 83 33 54 44 6 82 24 0 60 20 29 41 7 34 83 32 48 57 52 36 56 24 43 83
run=18 seed=17 k=84 f=0
49 1 32 23 43 39 61 31 57 71 21 8 71 52 54 15 21 56 29 26 55 54 83 0 40 13 2 10 82 3 50 49 11 17 28 73 36 15 4 13 44 73 66 24 35 75 38 62 49 78 45 79 77 48 18 78 25 60 50 25 30 45 73 18 20 10 81 83 63 40 35 37 33 77 67 78 4 67 0 69 15 41 25 47 10 0 37 32 0 26 57 11 82 3 66 61 60 69 60 6
run=19 seed=18 k=84 f=0
7 38 20 42 35 21 25 73 7 73 23 70 72 26 82 14 74 0 1 55 27 82 47 81 23 0 11 53 32 45 29 46 72 56 40 41 55 63 55 31 77 7 63 33 76 64 17 60 30 11 59 60 11 34 48 11 0 59 67 18 49 43 37 12 30 79 49 82 15 83 21 68 55 31 1 36 82 66 7 22 25 51 1 39 48 3 2 49 74 34 13 37 19 42 65 9 68 28 56 78
run=20 seed=19 k=84 f=0
17 74 10 68 30 27 62 9 57 76 0 5 46 39 53 62 41 11 58 65 28 16 48 50 24 44 14 26 56 35 14 23 80 50 83 8 74 38 74 3 31 76 31 34 54 78 26 41 21 81 33 21 20 36 68 80 13 79 68 16 22 21 15 60 22 53 68 48 47 83 52 34 75 83 70 66 12 55 32 64 48 29 3 63 15 24 56 72 1 58 0 41 63 1 40 81 42 18 46 0
