run=1 seed=0 k=86 f=0
10 48 72 44 12 85 27 31 9 67 60 34 66 40 29 78 39 26 52 0 29 85 2 62 51 3 44 27 43 16 8 83 2 50 83 30 45 24 40 47 81 25 77 45 57 77 4 20 75 56 20 18 85 18 76 69 84 30 10 65 18 6 21 50 68 15 75 54 31 73 8 21 58 85 40 60 58 36 64 72 85 63 17 10 46 53 0 73 84 55 16 69 56 4 0 38 38 34 79 69
run=2 seed=1 k=86 f=0
10 48 72 44 12 85 27 31 9 67 60 34 66 40 29 78 39 26 52 0 29 85 2 62 51 3 44 27 43 16 8 83 2 50 83 30 45 24 40 47 81 25 77 45 57 77 4 20 75 56 20 18 85 18 76 69 84 30 10 65 18 6 21 50 68 15 75 54 31 73 8 21 58 85 40 60 58 36 64 72 85 63 17 10 46 53 0 73 84 55 16 69 56 4 0 38 38 34 79 69
run=3 seed=2 k=86 f=0
85 56 85 59 85 37 69 43 11 23 0 63 51 5 16 71 7 62 29 67 28 50 29 56 44 37 36 48 39 21 16 20 5 80 42 20 34 59 41 75 0 55 1 13 25 28 36 68 26 25 2 32 67 5 60 30 7 60 37 73 23 78 19 18 76 71 47 52 14 8 35 77 24 49 61 67 66 33 81 0 50 75 77 32 13 22 55 84 47 7 59 85 17 78 83 42 39 0 81 53
run=4 seed=3 k=86 f=0
0 71 56 20 85 51 75 14 0 16 58 54 57 70 4 54 84 61 75 84 41 27 45 29 4 33 9 30 2 66 80 74 67 42 0 58 64 36 48 62 14 21 53 41 40 51 85 7 20 48 74 53 2 64 8 10 11 67 10 42 60 34 32 83 85 23 19 26 25 80 42 42 25 75 5 65 34 12 20 46 8 11 14 33 1 14 77 31 81 47 25 34 2 48 34 85 61 69 77 79
run=5 seed=4 k=86 f=0
19 75 48 59 19 51 22 16 70 75 85 0 60 31 67 24 69 62 69 42 77 0 50 78 37 0 24 2 64 55 40 1 11 74 57 85 52 11 27 36 54 23 18 42 28 7 30 0 23 33 30 48 8 41 65 9 0 78 1 74 84 5 61 27 45 19 33 53 85 50 3 33 82 14 47 39 10 72 8 16 7 15 52 32 77 82 25 50 82 79 61 62 85 36 16 70 61 28 40 55
run=6 seed=5 k=86 f=0
78 41 84 41 49 39 33 82 11 13 54 12 31 1 14 40 37 1 0 44 69 26 1 85 16 62 17 28 78 72 18 75 70 67 55 31 85 23 63 21 37 3 50 22 5 19 7 12 53 0 39 74 61 77 68 55 9 28 49 49 41 30 85 59 55 50 49 59 83 24 70 26 65 47 39 7 32 7 69 64 84 50 78 66 79 57 44 83 25 46 44 0 76 0 16 63 85 70 32 55
run=7 seed=6 k=86 f=0
23 62 31 83 57 0 16 40 56 35 20 55 78 6 73 76 58 50 29 15 84 58 49 57 26 62 26 32 81 29 53 4 44 35 12 64 10 28 83 22 76 0 72 36 83 72 8 9 17 52 32 46 16 0 26 21 0 15 84 43 35 29 68 16 17 66 73 65 79 71 8 35 61 1 85 59 63 4 41 72 12 11 42 18 40 22 0 15 22 45 50 49 58 37 0 49 10 45 64 85
run=8 seed=7 k=86 f=0
60 16 10 72 21 44 83 31 20 0 5 25 26 30 85 66 31 24 6 56 8 11 42 53 84 26 70 2 16 69 63 85 15 36 49 37 72 0 21 6 59 52 31 78 76 64 56 85 64 57 71 15 8 3 55 24 16 19 24 41 82 1 0 35 29 47 69 0 78 1 13 36 49 37 77 85 61 31 55 84 66 50 47 8 41 33 40 62 41 45 75 43 56 38 49 79 38 80 61 9
run=9 seed=8 k=86 f=0
79 5 30 67 0 34 25 46 21 63 30 2 32 84 43 7 0 73 17 75 23 53 85 9 76 79 38 83 51 8 74 6 25 73 69 69 74 85 42 52 81 77 68 0 21 13 82 47 3 16 81 18 55 37 29 15 54 48 29 35 66 52 14 84 3 0 58 85 43 10 48 66 64 32 0 23 9 38 58 25 85 2 44 58 64 68 34 60 57 63 31 59 65 41 56 14 32 48 22 20
run=10 seed=9 k=86 f=0
49 30 77 43 68 62 72 36 23 84 27 43 84 9 50 0 85 69 24 70 9 65 65 0 75 2 84 10 4 15 50 2 16 31 37 40 3 57 82 72 65 82 21 7 82 54 7 76 37 19 24 0 61 84 45 41 48 28 6 33 17 42 40 52 55 70 32 61 52 61 45 50 24 59 45 0 28 58 13 63 10 11 1 70 31 51 19 63 66 0 72 77 28 16 18 75 75 34 55 84
run=11 seed=10 k=86 f=0
66 16 18 34 58 85 13 55 26 11 22 52 14 20 53 24 59 31 54 37 83 28 66 10 81 70 50 8 63 47 33 12 19 74 26 28 45 57 79 2 69 0 4 75 81 42 65 0 38 0 33 67 48 58 37 40 6 43 38 83 70 62 12 70 36 62 44 62 85 42 0 76 53 44 85 23 43 37 31 76 4 8 63 11 85 74 52 41 83 79 13 3 76 28 60 67 53 48 36 5
run=12 seed=11 k=86 f=0
15 45 34 83 51 52 0 21 26 9 10 25 10 18 73 1 24 70 69 36 37 28 35 77 10 64 68 55 69 55 26 1 42 38 39 0 2 45 30 48 12 42 84 34 34 70 47 8 70 23 19 30 1 56 82 76 23 56 82 34 50 19 74 85 21 53 61 53 0 7 79 15 47 80 81 39 60 81 65 6 75 5 63 83 55 51 71 74 14 67 85 61 81 61 63 32 16 44 2 25
run=13 seed=12 k=86 f=0
37 9 52 29 75 83 23 62 8 85 71 65 67 44 36 82 79 29 45 32 84 84 36 57 8 16 12 24 78 7 0 54 12 57 58 64 25 78 53 49 81 44 46 2 84 0 48 23 14 3 47 4 67 70 13 75 55 22 71 12 32 62 61 41 31 18 74 21 67 26 73 76 18 42 16 39 28 49 0 34 85 84 39 56 59 0 18 27 62 35 5 40 4 42 18 33 64 44 24 68
run=14 seed=13 k=86 f=0
21 67 85 6 60 14 70 9 66 37 39 5 85 82 45 3 59 27 42 16 41 16 49 50 68 15 71 20 54 25 50 85 33 43 3 0 52 73 56 43 20 45 56 73 79 78 33 80 43 63 13 71 13 52 47 82 0 80 9 77 63 56 23 6 9 78 63 0 13 70 63 30 85 79 60 48 24 10 32 85 84 36 0 15 79 22 52 59 24 0 27 49 9 18 36 30 39 57 68 43
run=15 seed=14 k=86 f=0
20 4 28 11 10 43 63 36 0 37 58 73 44 72 76 33 85 71 26 31 50 85 16 4 42 37 11 59 17 46 29 44 34 41 52 56 31 85 8 43 0 65 21 63 38 19 7 13 24 3 10 79 80 50 64 53 58 75 24 51 10 26 7 54 48 78 78 79 20 85 60 53 50 3 27 35 29 0 59 69 43 58 48 30 14 26 4 63 84 77 68 72 15 69 77 2 12 68 1 84
run=16 seed=15 k=86 f=0
0 21 68 5 12 55 12 35 61 39 1 85 47 48 84 84 48 14 68 47 1 59 61 76 19 44 55 44 57 50 69 76 85 28 2 9 7 38 52 66 39 75 50 62 6 85 42 32 24 21 72 75 31 77 58 33 55 77 41 8 27 4 32 23 23 85 45 30 31 43 13 6 27 35 69 62 22 71 8 15 18 53 82 65 30 36 84 28 35 82 80 23 65 16 3 79 0 17 16 39
run=17 seed=16 k=86 f=0
85 32 55 18 39 21 61 78 10 16 65 14 13 83 73 80 51 0 79 49 82 30 62 10 23 35 4 85 27 8 4 32 65 51 59 56 76 5 40 78 14 84 24 73 72 40 71 35 44 26 0 45 57 81 52 44 27 40 17 54 61 60 0 81 0 40 46 85 7 7 52 72 30 42 0 71 33 14 10 25 21 2 15 71 85 46 69 21 46 20 31 22 53 65 62 35 63 67 39 52
run=18 seed=17 k=86 f=0
30 31 5 83 27 85 43 26 57 12 63 2 1 60 60 16 64 64 48 15 53 0 36 4 27 49 48 6 30 48 60 2 70 53 34 39 59 49 76 21 0 20 70 56 19 34 17 13 17 18 42 0 40 65 48 24 35 8 83 59 67 34 72 42 60 69 22 68 69 16 67 82 47 41 8 54 78 0 53 85 85 27 80 78 33 71 43 85 73 73 7 75 9 25 24 80 44 40 38 79
run=19 seed=18 k=86 f=0
71 6 14 23 39 61 75 0 37 85 27 39 0 54 46 45 57 31 51 20 60 85 79 4 7 58 65 51 5 34 60 83 79 64 44 34 74 82 85 26 23 59 81 12 18 45 7 19 65 69 48 67 75 31 10 25 8 16 49 20 52 84 36 49 66 31 42 73 76 27 6 6 0 63 16 14 16 24 71 84 0 80 33 83 41 67 3 85 2 48 59 55 39 53 76 26 40 51 74 56
run=20 seed=19 k=86 f=0
57 18 47 58 67 74 52 35 72 44 49 32 70 12 8 49 38 33 30 17 52 43 13 64 60 18 82 8 18 76 70 42 21 85 51 48 7 57 15 61 72 84 26 41 84 12 3 0 0 28 46 0 3 66 57 32 78 1 45 53 9 15 75 83 84 33 9 26 33 77 52 8 69 1 21 60 85 27 21 26 68 80 37 42 6 2 72 11 38 58 38 61 17 26 24 39 49 1 65 81
