run=1 seed=0 k=70 f=0
31 59 37 59 15 18 53 35 30 44 45 52 35 53 1 0 59 46 25 40 20 7 50 52 40 69 2 23 0 69 3 54 1 41 0 61 42 60 48 18 33 29 27 9 68 0 24 69 51 27 46 65 51 13 33 16 2 69 5 63 44 27 28 59 13 54 39 66 9 37 0 23 64 16 61 56 27 22 12 46 18 20 41 9 42 24 38 8 46 49 6 16 27 69 68 13 32 6 20 55
run=2 seed=1 k=70 f=0
31 59 37 59 15 18 53 35 30 44 45 52 35 53 1 0 59 46 25 40 20 7 50 52 40 69 2 23 0 69 3 54 1 41 0 61 42 60 48 18 33 29 27 9 68 0 24 69 51 27 46 65 51 13 33 16 2 69 5 63 44 27 28 59 13 54 39 66 9 37 0 23 64 16 61 56 27 22 12 46 18 20 41 9 42 24 38 8 46 49 6 16 27 69 68 13 32 6 20 55
run=3 seed=2 k=70 f=0
15 35 36 18 7 64 53 59 7 52 50 56 54 41 45 36 59 53 8 65 24 9 66 37 0 1 41 43 44 38 66 15 47 64 2 56 62 18 41 47 16 69 23 29 14 43 0 22 69 10 36 34 50 29 60 49 9 21 7 28 36 43 51 12 69 48 0 25 68 20 60 0 8 21 21 0 16 69 30 10 64 69 0 2 25 7 25 65 59 27 32 32 0 31 49 43 57 50 14 60
run=4 seed=3 k=70 f=0
45 16 7 23 24 58 49 35 54 38 45 64 1 69 51 7 13 15 52 19 22 69 68 29 20 60 10 68 9 17 57 65 9 40 45 22 46 18 33 21 0 0 65 0 48 12 58 38 39 15 35 30 31 0 12 32 55 29 58 28 23 24 41 50 63 69 69 30 1 57 8 40 33 45 25 69 54 62 0 37 4 69 2 39 26 20 63 49 35 7 14 3 9 29 43 63 24 45 53 53
run=5 seed=4 k=70 f=0
59 0 33 11 39 8 17 9 62 59 19 42 43 26 54 66 11 45 43 46 50 38 43 24 52 1 26 50 0 47 41 35 51 58 68 0 9 54 29 54 60 33 47 17 31 28 0 34 17 24 13 45 21 49 12 6 65 32 26 25 16 55 19 62 13 20 69 4 4 64 4 14 28 34 68 37 18 39 60 24 8 42 58 53 69 57 34 5 69 23 20 53 34 0 49 26 65 20 61 4
run=6 seed=5 k=70 f=0
0 20 30 69 16 13 11 7 23 69 19 65 50 0 8 29 45 36 6 31 44 0 38 46 54 17 0 12 30 59 45 51 30 52 6 39 19 37 16 20 52 13 6 21 62 36 27 69 60 40 21 59 33 61 25 38 68 16 11 39 34 60 69 4 62 56 55 13 39 57 43 41 8 0 44 34 50 64 1 66 47 47 53 1 0 5 30 63 0 69 25 66 3 28 69 11 29 56 51 43
run=7 seed=6 k=70 f=0
45 58 26 69 54 57 41 46 19 27 15 21 10 14 7 68 27 39 51 29 3 22 38 29 17 35 52 6 8 59 25 61 69 31 20 36 17 47 0 57 9 29 0 22 16 54 4 15 1 51 61 35 35 13 63 37 34 0 64 49 69 0 47 48 62 42 6 9 44 56 17 1 52 59 67 68 1 61 9 50 13 0 46 41 32 36 69 19 60 11 25 36 69 56 43 24 68 44 0 32
run=8 seed=7 k=70 f=0
12 25 41 21 64 0 5 44 0 48 54 33 68 21 3 57 41 18 6 16 4 69 48 69 21 66 63 33 24 0 61 36 59 35 27 33 10 0 19 5 65 12 53 49 15 61 16 41 43 57 17 14 69 48 0 40 34 0 63 50 6 31 10 9 52 46 25 69 36 69 12 25 5 67 28 58 58 65 32 52 0 12 44 42 37 6 69 29 30 49 45 9 60 22 27 52 9 53 63 37
run=9 seed=8 k=70 f=0
52 0 41 16 41 12 10 14 26 26 41 37 29 6 23 68 40 46 58 46 13 69 47 36 0 32 22 29 18 0 61 2 69 45 66 43 46 63 31 1 15 8 34 19 22 61 22 26 54 58 43 48 49 1 14 39 37 25 30 27 2 56 56 63 6 57 0 35 57 11 69 66 7 21 31 0 34 61 14 9 65 69 69 47 39 59 20 69 50 55 22 53 0 20 50 8 16 7 63 39
run=10 seed=9 k=70 f=0
25 5 9 61 51 32 26 30 35 22 62 48 63 60 68 30 62 3 38 56 4 1 0 56 69 43 21 58 0 21 24 3 46 39 4 0 56 0 52 54 61 69 49 16 43 69 56 9 39 32 24 13 18 17 35 64 20 47 41 17 54 64 11 22 20 43 69 14 69 33 69 42 52 23 9 5 45 60 21 39 65 0 68 7 28 56 29 36 52 44 13 49 11 31 44 49 14 23 37 40
run=11 seed=10 k=70 f=0
17 42 33 68 39 25 58 43 9 9 53 69 0 48 61 22 26 43 69 22 6 69 67 49 37 3 13 8 47 32 64 35 9 37 33 56 12 30 44 42 16 59 32 64 56 27 4 0 69 12 17 2 14 49 26 25 52 59 7 28 40 13 46 58 30 35 36 0 60 12 7 48 53 32 16 36 19 29 15 52 3 42 0 19 50 55 69 67 20 49 23 63 21 61 62 43 17 55 8 4
run=12 seed=11 k=70 f=0
7 60 21 58 41 47 52 11 35 30 59 14 25 50 50 1 43 14 13 54 7 0 9 62 36 0 30 51 41 31 69 20 21 17 36 69 69 50 58 0 51 5 3 54 23 26 39 0 41 31 54 67 32 8 4 9 0 60 24 24 33 39 51 28 42 45 34 3 20 1 6 66 66 48 69 36 58 43 17 27 47 67 14 62 65 69 11 18 42 22 28 47 33 60 19 13 42 13 51 26
run=13 seed=12 k=70 f=0
33 49 0 49 55 54 5 60 17 69 7 0 47 7 68 38 9 13 61 55 34 38 55 7 19 31 13 6 16 21 18 0 19 55 42 0 40 66 13 51 51 52 10 47 40 69 13 40 31 14 61 0 68 23 21 0 0 30 25 40 63 63 45 30 28 16 69 35 33 55 19 65 26 50 46 5 61 58 69 27 23 61 31 9 37 29 16 69 40 30 44 28 56 23 68 11 60 8 68 4
run=14 seed=13 k=70 f=0
69 11 69 9 54 7 40 44 62 15 21 0 49 27 16 8 56 24 22 39 7 60 47 40 62 34 55 28 57 11 1 13 30 17 9 0 42 33 36 32 68 27 31 15 69 53 3 49 12 56 38 65 21 26 37 22 66 19 14 48 7 0 0 65 12 26 59 30 0 17 59 2 35 67 34 5 43 44 39 49 63 0 45 40 43 69 21 15 47 50 53 69 57 0 28 21 37 21 65 53
run=15 seed=14 k=70 f=0
14 66 68 39 69 39 63 25 14 17 60 64 59 55 17 19 22 62 33 42 42 16 7 56 69 48 20 16 2 7 1 6 6 53 37 49 48 38 0 1 15 41 11 28 39 0 44 21 29 31 47 28 50 22 6 58 67 61 55 14 9 10 34 47 63 33 69 51 63 38 53 66 0 48 69 69 46 43 48 53 57 58 25 22 43 31 11 8 7 32 25 34 21 0 8 13 46 27 50 53
run=16 seed=15 k=70 f=0
41 55 60 39 59 48 55 59 15 24 30 42 28 69 1 49 7 69 54 35 42 36 36 25 0 21 3 47 64 69 3 51 63 64 41 8 11 38 69 62 21 0 23 32 14 0 19 16 4 12 54 32 68 29 7 28 59 68 55 8 35 6 27 37 36 0 0 25 15 49 43 69 21 63 10 0 51 57 18 23 17 48 37 56 12 35 0 14 69 50 29 42 20 49 60 69 63 6 23 12
run=17 seed=16 k=70 f=0
26 13 28 10 25 55 33 48 37 60 30 26 21 37 69 32 52 40 0 54 45 9 8 19 69 19 41 35 11 18 22 13 34 24 67 12 69 41 52 32 23 54 55 5 42 68 41 46 62 40 50 9 2 51 52 29 31 0 61 1 34 64 23 10 60 5 69 22 0 19 69 63 15 57 60 30 45 60 38 59 65 0 69 42 46 59 20 66 61 0 39 3 54 12 6 0 49 46 67 50
run=18 seed=17 k=70 f=0
34 22 31 0 50 60 6 2 42 29 59 37 68 12 69 14 8 42 40 7 60 40 59 69 48 48 26 0 27 10 47 17 48 55 44 0 12 0 11 54 65 19 14 7 38 68 25 27 58 39 13 19 7 18 61 61 30 0 24 5 13 52 31 2 55 5 17 52 3 69 17 64 65 29 48 31 67 56 69 27 60 11 55 49 5 54 35 44 61 32 23 34 21 49 46 39 69 23 66 23
run=19 seed=18 k=70 f=0
36 68 56 69 37 59 40 12 7 61 69 0 9 22 10 57 9 30 53 17 32 2 22 20 33 0 28 60 24 35 49 54 44 60 16 27 16 69 6 34 39 48 23 67 0 30 51 11 60 33 64 69 13 15 8 16 25 0 50 39 30 40 43 51 64 57 0 63 46 69 22 0 6 47 21 32 1 50 65 24 59 23 31 9 0 53 55 19 47 65 16 44 1 50 46 41 40 37 57 16
run=20 seed=19 k=70 f=0
31 40 69 11 37 46 20 24 38 49 10 5 48 68 18 44 65 37 39 67 32 69 57 15 1 0 59 69 39 34 20 50 57 5 9 8 1 28 63 0 50 50 63 22 0 62 53 69 57 59 61 58 31 32 25 27 10 28 48 14 69 5 19 28 26 54 0 18 18 54 12 30 64 30 43 1 31 51 37 51 45 25 56 22 69 26 42 3 46 15 18 0 67 39 33 19 7 55 64 12
