run=1 seed=0 k=89 f=0
36 33 41 27 19 66 35 68 73 48 59 22 35 74 65 4 18 82 2 10 87 10 58 45 28 88 81 73 36 29 48 42 88 63 56 52 51 43 17 26 38 76 22 59 83 83 45 11 12 76 69 41 54 3 62 1 20 66 48 0 9 40 39 32 71 28 26 33 4 43 88 51 49 70 20 8 87 72 80 11 84 50 7 49 48 57 68 15 12 54 62 0 64 78 30 0 64 60 87 20
run=2 seed=1 k=89 f=0
36 33 41 27 19 66 35 68 73 48 59 22 35 74 65 4 18 82 2 10 87 10 58 45 28 88 81 73 36 29 48 42 88 63 56 52 51 43 17 26 38 76 22 59 83 83 45 11 12 76 69 41 54 3 62 1 20 66 48 0 9 40 39 32 71 28 26 33 4 43 88 51 49 70 20 8 87 72 80 11 84 50 7 49 48 57 68 15 12 54 62 0 64 78 30 0 64 60 87 20
run=3 seed=2 k=89 f=0
43 63 56 80 5 61 61 57 8 44 84 25 32 26 2 48 45 73 53 39 83 74 36 25 67 67 2 88 16 34 35 75 34 51 20 18 41 79 72 85 12 7 16 10 22 0 13 88 9 40 74 52 47 88 69 27 1 16 58 67 32 19 5 47 80 49 0 27 36 60 23 51 82 41 23 38 63 56 79 2 3 20 75 77 66 88 74 11 32 43 29 66 69 19 47 59 50 46 50 29
run=4 seed=3 k=89 f=0
81 34 21 66 70 26 26 17 4 9 0 83 3 88 74 0 61 7 32 26 68 70 10 1 26 37 52 87 56 51 54 38 17 8 38 65 88 63 88 15 72 26 73 72 79 45 61 48 75 1 35 29 1 88 19 20 15 18 44 7 47 62 82 38 41 81 57 72 78 76 49 61 88 18 32 19 1 35 70 8 0 81 63 39 81 44 50 23 54 79 11 84 40 53 59 28 45 13 65 44
run=5 seed=4 k=89 f=0
30 77 37 3 4 10 43 38 22 31 17 0 20 63 26 88 85 37 36 43 49 67 76 0 25 16 33 35 55 5 7 72 45 33 78 88 77 32 77 10 17 45 23 53 48 10 80 21 8 59 64 56 66 73 85 88 68 59 49 82 19 79 0 86 56 12 62 63 44 13 83 54 15 2 59 42 19 5 34 26 50 50 16 62 2 34 69 2 86 53 68 88 42 86 27 55 61 78 73 70
run=6 seed=5 k=89 f=0
46 7 30 88 33 69 76 19 0 54 53 22 1 80 67 54 66 31 52 9 44 11 10 60 74 40 86 79 0 27 26 28 1 59 73 37 77 85 17 15 88 88 54 79 44 46 68 11 10 49 73 24 87 23 63 48 29 82 37 37 76 40 27 86 74 7 23 71 3 68 42 63 64 2 82 80 41 88 2 59 58 16 18 45 63 13 86 60 7 36 29 38 18 66 6 53 70 55 60 15
run=7 seed=6 k=89 f=0
0 63 65 85 56 60 0 31 26 48 41 46 47 15 31 58 50 36 49 55 83 65 10 78 32 20 79 47 71 83 37 88 30 36 61 11 54 39 63 26 2 15 19 44 28 77 51 20 63 73 35 79 73 58 68 75 12 80 40 1 37 6 67 51 40 20 69 5 3 54 31 66 25 85 21 17 88 88 2 72 76 48 82 27 71 10 35 56 10 5 25 12 76 28 88 4 12 39 58 15
run=8 seed=7 k=89 f=0
48 67 54 11 17 35 1 42 47 25 82 58 88 82 4 74 10 62 2 1 65 71 25 68 0 87 22 42 34 53 58 75 12 23 0 75 43 23 62 87 47 76 18 26 50 34 88 56 67 39 71 56 8 79 33 9 57 55 80 5 66 16 46 79 22 15 88 59 74 86 81 88 7 34 63 54 46 81 35 24 16 69 86 47 9 43 65 29 28 37 38 14 6 78 29 34 79 19 24 40
run=9 seed=8 k=89 f=0
45 61 31 22 4 33 64 70 14 32 7 56 72 77 68 88 30 26 81 47 63 37 52 9 16 57 1 88 78 20 19 84 19 50 50 0 39 25 13 82 43 28 13 76 27 78 1 69 61 81 45 11 53 8 67 73 85 72 65 88 11 64 43 87 59 31 53 38 59 64 88 21 3 10 58 52 24 60 7 0 73 88 39 38 20 4 40 17 45 83 27 31 1 50 36 10 47 3 48 37
run=10 seed=9 k=89 f=0
41 26 11 36 18 67 67 71 18 28 22 37 87 80 73 50 88 59 61 66 70 8 37 52 12 24 76 34 85 44 52 39 24 88 1 15 79 4 87 52 37 29 40 32 69 49 32 0 67 54 0 61 7 78 88 0 33 64 18 68 19 76 79 44 46 58 81 27 42 78 11 9 19 86 57 30 11 72 27 21 54 62 60 2 73 60 73 15 0 79 4 2 24 44 21 53 12 84 13 4
run=11 seed=10 k=89 f=0
77 14 1 69 35 52 63 82 26 14 7 12 15 51 84 82 50 60 58 87 38 13 70 12 29 10 0 55 77 49 65 74 85 87 78 35 32 24 8 58 73 59 52 3 82 54 30 43 43 29 31 28 22 77 62 1 7 42 23 3 22 25 5 33 19 84 68 61 0 64 88 33 38 15 21 52 68 48 14 8 44 36 73 84 1 22 88 47 45 74 27 43 71 54 80 63 35 17 34 19
run=12 seed=11 k=89 f=0
68 80 26 17 36 48 31 61 66 69 24 39 73 52 1 26 0 4 62 0 0 8 12 13 84 75 40 48 74 69 63 74 85 0 10 41 50 58 9 45 35 17 23 55 0 80 49 22 81 47 6 76 29 57 23 55 20 62 35 86 27 62 72 73 73 86 31 52 85 57 50 31 77 50 88 28 60 17 52 19 0 40 13 51 87 66 30 53 87 35 80 14 30 11 19 40 88 8 3 37
run=13 seed=12 k=89 f=0
53 85 45 66 0 81 40 88 28 20 65 21 61 54 34 79 40 88 47 36 41 57 1 34 56 21 77 9 59 75 21 9 22 49 83 73 84 37 16 6 79 29 15 42 31 15 32 61 76 77 32 74 50 7 39 3 6 88 50 84 78 72 72 16 8 54 2 83 63 0 22 54 29 39 23 55 45 67 18 52 37 57 60 69 88 10 28 71 88 12 28 44 16 26 66 49 37 2 50 11
run=14 seed=13 k=89 f=0
16 67 24 39 45 9 32 22 86 84 81 17 2 21 11 39 22 50 78 29 40 88 57 27 28 70 74 79 60 37 19 1 37 66 63 47 9 50 31 75 17 68 46 60 28 57 75 0 35 61 29 12 0 0 71 6 19 46 83 8 39 21 14 67 66 71 88 64 38 86 25 17 72 85 10 72 54 81 69 88 54 50 38 26 59 48 3 14 79 51 4 47 63 88 39 79 58 6 0 5
run=15 seed=14 k=89 f=0
8 15 36 45 28 43 82 7 18 88 48 78 71 58 84 38 16 88 37 54 87 24 0 55 84 8 12 87 67 38 30 39 16 32 2 81 24 83 0 63 7 59 37 74 6 68 14 64 2 23 15 22 47 53 73 72 62 31 42 4 24 1 53 35 23 78 29 27 48 88 77 64 22 45 76 61 11 47 69 38 52 61 61 32 44 38 81 45 75 52 70 86 40 10 30 51 0 0 19 59
run=16 seed=15 k=89 f=0
11 13 11 74 17 1 16 12 29 0 63 58 61 41 85 79 84 39 54 69 51 88 47 84 4 48 22 44 30 73 86 0 45 43 77 35 45 88 88 5 28 83 67 26 55 81 56 66 53 25 78 24 31 3 83 23 33 32 55 67 24 17 66 31 19 82 75 88 62 48 4 58 88 71 34 40 50 51 19 69 0 61 4 16 82 12 35 2 38 7 62 49 7 71 72 24 62 20 43 60
run=17 seed=16 k=89 f=0
13 18 35 87 9 86 81 77 17 79 39 23 30 47 78 40 8 1 0 84 20 88 22 57 68 58 5 85 14 67 62 70 48 31 71 65 65 86 28 38 16 32 6 73 39 1 22 38 46 23 81 2 74 72 65 36 75 57 79 1 51 52 0 78 81 43 22 54 88 44 54 27 61 7 10 36 55 33 46 30 76 47 54 85 70 60 20 50 9 55 88 61 56 13 9 4 0 65 46 82
run=18 seed=17 k=89 f=0
35 35 13 75 18 9 0 27 40 76 88 6 32 67 4 67 64 0 29 21 84 34 54 85 44 61 45 78 33 61 3 6 43 20 23 78 53 88 13 88 52 16 53 51 26 68 9 21 72 25 59 1 12 46 84 87 16 17 71 24 29 15 5 56 61 2 70 81 46 48 82 32 81 74 77 67 56 60 78 14 86 88 61 41 20 78 34 51 33 71 1 55 64 44 37 7 47 51 51 25
run=19 seed=18 k=89 f=0
65 36 64 74 55 28 32 0 28 10 75 17 45 28 40 12 15 71 37 69 66 88 62 86 75 14 37 51 67 25 6 87 18 47 22 0 30 62 45 58 82 33 19 52 83 59 67 77 8 0 36 68 64 22 1 13 73 32 83 6 53 34 49 43 60 2 8 18 36 24 67 53 23 87 40 75 79 41 1 87 88 52 27 43 29 82 45 22 88 79 13 11 53 17 53 88 71 7 58 83
run=20 seed=19 k=89 f=0
68 67 1 33 82 4 41 45 50 22 24 34 13 66 79 61 85 74 21 18 80 30 2 84 71 88 59 88 69 54 57 1 43 18 29 59 0 23 88 48 53 88 48 51 42 8 80 13 48 12 5 38 30 67 12 1 87 44 24 60 23 19 33 65 75 43 34 85 4 49 1 77 88 41 62 41 58 80 12 17 11 23 76 43 82 77 75 20 58 71 29 36 57 69 66 32 26 72 17 26
