run=1 seed=0 k=88 f=0
39 54 17 34 61 62 81 30 25 45 74 51 81 3 66 44 20 10 69 0 53 9 69 78 34 87 67 43 80 87 65 17 53 21 29 30 73 40 59 10 12 21 46 23 25 63 0 16 51 46 13 67 35 71 14 32 61 52 60 33 27 31 4 47 87 0 3 79 81 18 23 87 86 52 39 0 53 66 83 75 8 5 4 42 35 64 38 43 57 70 47 52 20 29 75 6 82 42 59 75
run=2 seed=1 k=88 f=0
39 54 17 34 61 62 81 30 25 45 74 51 81 3 66 44 20 10 69 0 53 9 69 78 34 87 67 43 80 87 65 17 53 21 29 30 73 40 59 10 12 21 46 23 25 63 0 16 51 46 13 67 35 71 14 32 61 52 60 33 27 31 4 47 87 0 3 79 81 18 23 87 86 52 39 0 53 66 83 75 8 5 4 42 35 64 38 43 57 70 47 52 20 29 75 6 82 42 59 75
run=3 seed=2 k=88 f=0
74 63 25 71 40 9 77 69 1 64 86 65 29 53 7 33 46 21 48 76 36 60 25 58 71 60 48 14 30 0 47 18 28 10 1 65 68 8 34 69 5 78 72 83 24 53 28 39 50 50 87 85 55 87 77 38 21 59 53 41 26 68 87 77 86 0 0 64 11 9 14 8 44 5 44 80 34 52 7 55 56 15 84 16 61 2 22 76 37 21 21 35 81 58 71 41 77 46 52 14
run=4 seed=3 k=88 f=0
67 1 40 67 25 0 24 39 47 0 67 19 65 62 50 33 27 87 57 72 35 61 86 10 19 7 80 57 29 14 35 11 81 53 46 17 83 73 74 35 66 46 72 24 84 83 32 32 18 86 79 11 64 75 40 42 55 44 58 54 35 16 70 63 39 0 45 28 76 62 1 54 6 47 4 23 86 52 3 67 5 58 18 69 48 40 20 16 18 74 87 20 26 45 32 9 9 0 84 76
run=5 seed=4 k=88 f=0
15 42 18 87 75 1 71 67 3 17 32 37 50 28 75 30 63 67 87 57 29 1 56 33 70 9 87 23 0 42 51 43 24 47 35 71 35 12 55 0 17 55 32 59 4 80 60 42 24 63 16 53 67 34 61 16 78 83 7 86 12 49 43 18 8 43 79 13 44 21 1 73 87 10 9 64 69 37 20 10 30 27 85 64 38 72 81 57 42 75 46 20 3 66 81 86 64 50 25 6
run=6 seed=5 k=88 f=0
0 25 12 25 60 17 32 28 62 5 58 7 36 86 78 36 44 27 75 52 72 39 87 62 24 52 15 87 46 2 8 35 52 18 28 87 28 47 58 13 13 21 61 69 0 47 77 39 67 65 61 50 38 3 20 49 56 16 74 37 27 85 4 46 23 21 8 0 67 67 42 83 57 15 68 50 38 45 65 57 18 39 78 54 4 74 79 51 86 13 30 8 0 14 81 87 34 71 81 78
run=7 seed=6 k=88 f=0
23 17 17 0 20 73 86 67 57 42 47 37 41 85 82 28 31 84 14 72 31 19 44 55 5 51 12 84 75 57 55 86 64 11 52 87 52 14 41 23 22 86 42 47 63 39 28 30 85 42 18 78 36 72 30 37 61 18 58 28 7 1 71 42 0 69 6 22 5 58 32 30 12 53 80 8 65 36 87 41 80 65 2 64 63 0 14 56 31 1 70 4 77 5 49 25 72 8 13 77
run=8 seed=7 k=88 f=0
37 30 4 13 45 27 49 9 55 19 51 1 7 86 79 80 2 87 0 0 20 78 71 81 44 34 77 40 23 28 5 63 9 0 25 46 27 16 65 12 52 15 13 53 66 71 18 60 55 62 69 57 53 26 8 87 37 31 19 40 76 33 87 44 22 87 71 29 34 56 32 45 65 25 38 13 76 23 62 84 28 43 76 84 42 49 67 58 87 57 78 84 65 46 87 80 50 21 64 1
run=9 seed=8 k=88 f=0
71 84 1 19 79 61 71 5 10 39 87 31 36 10 75 22 44 54 52 0 68 34 56 87 13 47 22 9 56 22 73 72 17 56 86 26 14 27 9 34 44 72 31 5 62 42 14 78 87 37 75 70 47 27 19 3 52 65 78 15 87 67 1 10 34 43 41 58 50 39 69 81 32 76 64 21 25 48 28 56 63 83 38 7 58 47 4 7 63 79 0 50 79 61 83 2 18 32 41 84
run=10 seed=9 k=88 f=0
6 34 45 55 10 61 40 46 74 26 56 60 20 1 15 63 3 12 0 41 55 7 18 28 9 82 63 81 41 36 45 30 47 28 15 68 27 9 56 36 87 13 72 35 3 0 78 18 57 71 87 62 55 63 42 22 69 32 68 31 45 83 77 53 11 81 78 87 76 82 26 51 72 52 68 48 50 87 52 25 20 7 18 75 63 4 86 12 33 52 38 21 45 0 74 34 65 25 84 24
run=11 seed=10 k=88 f=0
87 72 30 0 83 44 24 15 67 16 55 61 79 61 8 21 18 30 61 44 24 43 35 53 82 44 61 59 4 87 29 31 77 35 76 34 13 49 14 86 85 48 53 66 13 7 63 19 20 18 31 24 23 85 53 79 37 62 52 18 75 58 71 84 26 73 8 21 45 80 73 2 2 87 72 43 3 49 9 67 69 59 42 28 7 87 33 9 77 2 0 81 58 1 52 66 19 13 36 40
run=12 seed=11 k=88 f=0
51 85 21 5 75 71 81 7 76 38 68 83 30 54 49 65 53 27 77 0 49 16 46 62 0 87 80 50 3 29 14 38 3 72 44 30 69 11 87 72 17 21 68 82 3 53 0 42 20 13 53 61 55 28 30 59 78 78 24 46 67 47 87 55 56 24 14 12 6 10 71 22 8 17 44 24 81 21 12 26 37 67 39 57 43 17 17 64 41 38 65 87 59 39 0 87 74 33 75 38
run=13 seed=12 k=88 f=0
13 42 36 69 33 55 42 75 29 72 34 30 85 62 62 0 21 7 79 52 54 68 70 21 38 11 67 18 82 3 84 2 1 53 80 67 77 50 51 39 9 11 22 84 4 61 84 46 70 77 46 6 58 19 47 59 40 47 62 59 76 26 87 63 31 63 37 80 15 5 0 39 75 52 24 16 26 30 10 66 87 87 73 20 62 74 55 8 0 48 24 15 24 14 40 32 34 45 41 61
run=14 seed=13 k=88 f=0
75 48 31 87 60 64 0 27 58 27 17 13 52 10 43 67 29 38 0 81 45 55 81 18 58 64 73 26 76 43 13 1 9 68 85 41 19 72 59 54 35 61 74 53 3 76 8 31 38 22 65 0 66 38 35 35 61 48 13 37 82 79 38 47 24 10 85 22 70 30 77 40 14 25 85 17 45 24 6 77 50 5 82 22 45 6 18 22 51 79 69 49 28 83 86 0 69 14 0 1
run=15 seed=14 k=88 f=0
0 36 47 34 73 12 28 82 54 62 58 40 16 12 81 41 56 48 49 37 0 69 23 33 86 22 64 26 51 35 67 14 57 87 41 40 83 39 7 83 14 64 75 81 46 42 17 22 53 12 59 32 58 62 87 59 27 48 72 0 83 4 6 74 72 47 66 77 1 77 0 47 17 57 2 35 51 29 65 76 18 70 14 24 64 70 18 87 0 77 86 24 63 7 26 76 0 8 13 72
run=16 seed=15 k=88 f=0
56 22 64 37 16 49 1 46 79 30 33 64 0 5 15 0 5 35 20 18 82 39 21 12 63 73 0 50 42 17 37 87 74 69 44 65 8 87 80 35 87 6 76 87 2 12 26 29 41 29 76 23 45 86 72 63 56 72 13 21 35 67 30 22 44 45 3 51 65 14 52 72 44 81 55 60 87 24 82 77 28 22 87 49 70 85 55 37 46 85 37 64 65 26 5 15 13 6 73 9
run=17 seed=16 k=88 f=0
77 37 79 12 78 84 18 79 87 56 20 33 18 20 28 82 75 59 53 15 12 26 29 30 62 69 60 72 75 38 84 27 65 74 36 0 76 68 24 83 13 0 29 9 59 33 46 45 44 48 26 67 17 4 87 14 52 21 51 16 87 23 40 38 37 40 18 66 8 7 77 39 70 42 9 87 45 50 6 18 42 41 4 53 30 48 26 80 60 60 71 53 32 85 62 6 49 22 67 34
run=18 seed=17 k=88 f=0
87 29 87 36 17 63 82 75 9 2 14 87 71 72 56 66 6 8 48 23 56 7 56 14 81 68 4 86 7 49 60 87 79 60 52 70 35 44 4 21 19 60 2 0 49 0 41 31 53 4 18 31 69 19 39 17 81 41 46 72 54 73 25 46 57 13 40 65 11 43 86 40 18 42 30 78 81 59 73 44 63 77 11 21 35 50 66 37 27 68 26 55 63 23 12 6 76 49 37 50
run=19 seed=18 k=88 f=0
37 86 0 47 36 30 55 72 27 75 2 87 10 48 30 75 58 51 87 19 60 23 35 57 48 15 81 61 31 80 28 35 76 31 4 15 66 2 49 86 21 54 67 3 16 9 43 44 48 70 52 20 47 83 56 49 39 0 14 69 12 86 26 9 0 31 67 87 67 79 63 60 61 24 63 41 30 82 69 78 58 38 6 22 73 0 41 73 62 15 7 50 79 24 28 87 40 74 39 19
run=20 seed=19 k=88 f=0
26 51 83 3 83 48 41 1 53 12 23 85 59 30 57 0 66 32 86 6 50 86 29 67 78 67 42 70 73 46 27 83 78 31 5 57 10 46 71 87 63 29 79 12 38 61 77 19 33 47 25 41 16 22 65 18 82 8 13 42 21 83 47 60 9 29 3 29 50 34 52 15 71 19 12 80 20 42 37 56 0 36 3 66 39 9 78 87 13 36 46 70 19 69 19 3 10 75 58 62
