run=1 seed=0 k=74 f=0
27 72 22 73 28 35 67 53 58 36 62 6 67 52 41 72 53 20 21 69 60 0 45 56 23 3 48 37 41 71 62 28 13 36 16 65 12 55 44 25 29 21 55 48 46 44 25 73 45 61 49 71 21 15 65 50 36 12 2 66 73 65 32 43 6 73 0 0 44 16 61 38 7 36 8 0 6 39 66 0 33 31 6 57 38 25 60 10 50 14 53 18 27 3 73 19 28 10 31 59
run=2 seed=1 k=74 f=0
27 72 22 73 28 35 67 53 58 36 62 6 67 52 41 72 53 20 21 69 60 0 45 56 23 3 48 37 41 71 62 28 13 36 16 65 12 55 44 25 29 21 55 48 46 44 25 73 45 61 49 71 21 15 65 50 36 12 2 66 73 65 32 43 6 73 0 0 44 16 61 38 7 36 8 0 6 39 66 0 33 31 6 57 38 25 60 10 50 14 53 18 27 3 73 19 28 10 31 59
run=3 seed=2 k=74 f=0
14 43 46 0 59 0 70 55 64 68 73 12 17 15 68 73 64 37 7 16 56 48 1 52 40 55 26 9 3 66 63 3 31 60 3 59 10 49 73 73 15 39 6 45 30 28 19 21 33 31 44 33 16 39 39 33 0 30 19 60 69 61 49 9 42 39 67 35 53 19 55 50 26 14 10 65 24 4 9 17 35 12 54 52 24 28 44 68 22 0 49 42 25 63 0 73 73 73 24 55
run=4 seed=3 k=74 f=0
73 59 63 0 54 14 41 45 28 0 1 67 9 28 36 59 51 50 7 50 50 73 13 44 43 22 32 34 54 37 44 20 56 32 6 37 57 29 50 37 30 19 12 0 73 56 23 66 46 53 73 16 6 8 66 53 66 23 65 5 59 39 72 5 19 24 27 39 46 13 56 73 19 3 13 42 72 10 1 26 24 46 19 43 69 33 59 61 72 62 62 65 0 38 0 18 0 15 29 33
run=5 seed=4 k=74 f=0
7 24 15 42 41 40 26 21 33 73 58 71 73 0 30 2 73 59 26 53 19 14 24 66 62 68 28 33 42 30 46 67 15 64 27 73 37 9 46 37 5 9 38 31 54 73 47 0 0 59 59 7 67 7 20 70 55 54 44 18 37 11 33 22 60 3 52 10 48 1 40 43 70 40 38 66 57 21 11 16 55 0 10 61 20 26 66 34 51 1 34 3 28 64 12 47 61 23 51 44
run=6 seed=5 k=74 f=0
43 61 45 67 41 0 73 65 52 28 12 50 39 50 18 13 48 26 27 21 12 39 41 69 22 58 29 8 59 26 21 73 19 20 35 52 0 63 65 23 4 18 53 34 31 32 57 60 50 36 67 2 47 8 68 69 73 30 7 7 24 47 0 40 37 47 9 40 61 32 58 59 65 32 47 46 12 73 68 55 0 25 0 38 21 25 73 54 0 4 14 2 20 30 73 7 44 13 73 56
run=7 seed=6 k=74 f=0
21 49 14 50 19 61 67 52 34 9 70 30 56 47 31 0 49 46 14 17 27 0 73 39 43 73 46 35 48 37 15 26 73 30 67 0 73 20 43 14 57 14 39 7 0 43 20 52 33 40 40 40 24 7 73 55 11 18 27 64 0 14 9 2 66 36 29 65 58 9 49 57 35 23 61 72 31 57 62 25 53 23 64 73 4 0 1 16 59 46 34 10 2 45 25 65 72 0 5 67
run=8 seed=7 k=74 f=0
0 19 45 21 47 28 12 73 37 72 32 70 73 33 14 5 9 73 20 65 28 66 21 42 53 31 57 41 39 54 10 46 66 27 26 35 57 24 46 38 1 10 3 58 54 59 41 51 34 62 0 55 73 0 7 47 4 41 71 50 35 37 64 17 73 65 8 14 64 5 10 22 46 30 18 63 0 24 31 73 14 7 63 61 40 21 16 9 73 0 55 3 42 15 29 50 29 53 25 15
run=9 seed=8 k=74 f=0
25 72 35 44 0 4 21 46 60 34 25 32 18 65 15 19 3 67 31 68 73 56 10 43 32 68 40 13 19 6 60 9 73 64 27 50 52 69 39 18 0 73 53 11 20 73 38 18 60 0 0 58 43 10 52 48 26 71 53 50 12 29 62 52 66 12 60 19 43 57 8 31 39 73 15 72 9 0 45 35 4 26 31 41 45 65 73 55 53 29 14 0 42 5 23 34 0 4 61 54
run=10 seed=9 k=74 f=0
45 57 61 50 5 15 66 52 22 13 62 67 12 35 37 16 29 51 37 67 6 24 71 29 0 28 2 33 8 1 70 45 73 57 73 22 30 48 12 20 5 18 6 8 42 7 35 1 37 4 55 64 0 42 24 48 20 49 12 48 73 63 40 40 50 43 58 32 43 32 27 57 35 5 73 71 54 67 58 9 0 71 13 57 18 23 0 35 13 10 63 15 73 64 43 1 20 0 39 26
run=11 seed=10 k=74 f=0
10 24 13 36 73 3 58 47 52 1 56 28 47 47 56 22 0 58 73 42 68 73 59 52 6 73 33 61 73 64 70 23 43 17 7 61 9 63 0 52 16 3 33 68 11 29 0 34 19 1 15 17 45 44 33 52 0 73 43 52 57 14 15 27 26 57 19 70 67 21 41 0 48 1 38 67 39 29 33 45 37 63 0 43 55 60 26 6 22 10 48 12 38 27 8 73 38 5 18 38
run=12 seed=11 k=74 f=0
0 16 49 73 63 39 15 19 35 51 63 0 0 72 66 38 29 7 6 2 39 0 11 50 52 9 25 73 15 73 2 70 59 67 9 32 54 8 73 67 19 53 8 68 57 27 56 24 62 31 68 44 44 41 24 22 32 64 59 31 11 55 2 73 44 15 14 13 0 49 27 53 29 63 8 37 34 45 73 53 23 20 35 66 54 58 19 51 0 32 64 44 23 73 12 46 64 58 39 20
run=13 seed=12 k=74 f=0
31 4 72 62 64 24 56 16 0 72 39 61 72 41 3 37 20 3 17 66 54 63 3 52 27 31 4 12 20 0 59 55 9 35 35 0 27 47 48 58 32 8 73 68 22 8 24 61 56 22 32 48 38 44 54 18 64 12 72 73 53 14 62 35 71 36 41 21 9 12 4 30 47 70 49 65 25 20 43 68 37 51 47 44 42 52 0 43 14 71 57 73 10 1 24 19 31 38 29 56
run=14 seed=13 k=74 f=0
64 26 73 52 41 4 67 23 63 54 9 19 0 0 1 73 56 41 38 14 68 32 49 29 18 39 57 65 28 62 39 37 47 44 46 73 43 9 24 10 59 48 1 12 11 0 15 19 63 60 13 71 50 26 18 6 20 7 0 73 60 51 66 70 9 36 56 46 62 43 49 4 25 8 54 32 32 34 41 3 53 19 73 4 17 60 23 46 10 71 1 73 52 29 67 73 18 32 39 0
run=15 seed=14 k=74 f=0
61 72 0 24 67 73 68 72 13 51 35 42 7 19 17 52 17 8 6 30 73 54 1 40 11 33 1 32 5 0 46 21 50 18 43 22 0 24 36 64 44 15 0 0 21 5 29 14 41 8 20 2 52 48 37 11 33 25 48 64 51 35 35 64 68 61 30 54 11 11 61 67 19 73 62 28 73 44 58 53 73 73 7 33 16 49 27 38 59 39 55 45 15 53 0 68 61 41 25 69
run=16 seed=15 k=74 f=0
1 73 29 4 23 9 13 17 73 41 40 0 66 9 11 8 12 16 42 23 22 71 21 33 73 20 69 65 26 56 0 59 73 61 47 54 73 18 28 26 0 10 28 47 54 49 0 22 8 46 12 58 45 37 33 43 42 44 52 52 59 69 32 52 14 60 64 34 72 19 73 0 58 35 30 59 17 37 65 39 68 56 8 33 50 44 2 36 66 22 7 7 51 0 36 27 15 42 65 26
run=17 seed=16 k=74 f=0
0 32 17 26 5 38 56 40 10 20 6 45 41 30 71 22 53 53 44 68 27 13 31 63 60 4 0 64 12 51 52 59 25 0 70 56 20 0 67 25 1 0 67 14 14 73 65 7 55 49 69 37 73 35 59 24 9 72 16 21 6 30 9 19 33 47 73 32 12 28 23 47 67 1 28 8 48 34 41 18 38 42 42 62 61 57 0 17 62 35 17 19 73 64 50 32 5 53 72 46
run=18 seed=17 k=74 f=0
16 64 24 63 45 33 39 0 35 37 52 36 0 72 42 11 73 62 0 26 73 65 33 73 58 73 5 25 26 31 38 60 8 57 52 65 48 69 30 42 15 18 73 25 17 8 21 56 37 32 16 30 53 48 58 11 20 22 15 3 64 41 49 20 38 33 46 69 8 11 6 17 1 21 73 73 64 37 5 0 43 1 7 72 61 66 20 44 15 47 52 43 11 58 22 28 56 53 59 69
run=19 seed=18 k=74 f=0
17 59 47 66 9 39 3 58 11 26 0 32 41 62 5 50 23 23 8 37 25 65 16 56 30 56 7 50 64 37 3 19 29 51 42 49 70 61 60 12 43 13 13 73 25 73 16 66 1 14 57 72 37 40 18 22 50 0 5 21 7 33 70 13 22 4 0 53 1 2 73 64 8 0 27 28 54 43 57 64 69 22 73 53 53 48 33 72 32 46 36 44 18 32 15 10 31 0 72 62
run=20 seed=19 k=74 f=0
8 20 73 34 61 26 67 56 62 7 0 68 61 26 41 56 60 63 16 37 11 35 22 69 1 12 17 65 31 22 42 49 0 5 71 60 73 5 73 31 45 6 11 34 5 42 14 41 16 59 20 19 36 24 46 52 40 37 10 59 27 4 68 13 31 0 52 9 53 50 67 69 73 36 73 1 40 19 50 12 37 52 56 15 55 43 1 71 0 62 24 28 24 52 10 32 28 19 47 45
