run=1 seed=0 k=79 f=0
8 14 17 59 41 36 44 21 3 33 30 36 27 64 0 69 72 47 0 55 0 1 19 75 39 50 39 78 0 68 3 76 25 78 27 44 69 78 31 38 13 15 50 17 24 12 36 53 45 9 13 9 33 25 73 29 35 4 56 60 44 30 30 5 60 50 66 46 47 78 73 16 0 59 51 50 18 58 49 54 69 39 65 25 39 43 0 66 72 58 20 62 8 18 6 56 38 30 76 78
run=2 seed=1 k=79 f=0
8 14 17 59 41 36 44 21 3 33 30 36 27 64 0 69 72 47 0 55 0 1 19 75 39 50 39 78 0 68 3 76 25 78 27 44 69 78 31 38 13 15 50 17 24 12 36 53 45 9 13 9 33 25 73 29 35 4 56 60 44 30 30 5 60 50 66 46 47 78 73 16 0 59 51 50 18 58 49 54 69 39 65 25 39 43 0 66 72 58 20 62 8 18 6 56 38 30 76 78
run=3 seed=2 k=79 f=0
41 11 65 1 67 54 70 66 74 76 7 0 27 30 78 50 33 12 47 47 42 0 23 64 1 42 23 29 28 22 41 37 33 15 21 9 78 36 70 64 28 57 19 78 56 27 78 24 62 22 6 9 77 58 48 48 10 69 78 48 8 37 42 71 17 59 0 17 41 36 1 0 60 73 43 53 54 19 13 73 23 51 1 76 41 66 0 75 33 35 61 54 0 50 78 18 64 9 14 28
run=4 seed=3 k=79 f=0
70 48 29 3 17 8 15 19 52 25 62 30 44 66 59 2 5 78 77 28 54 76 20 40 67 73 8 78 39 50 15 77 28 56 72 0 0 33 44 34 69 68 72 49 28 44 26 62 52 47 78 59 62 65 39 63 24 28 54 58 0 24 76 54 13 16 19 68 0 65 4 38 13 62 35 26 10 35 41 23 8 20 4 15 60 19 47 66 38 41 53 0 61 9 35 71 34 11 5 58
run=5 seed=4 k=79 f=0
47 9 51 69 0 55 46 26 0 49 49 66 30 11 12 35 58 3 0 44 67 33 9 9 52 60 6 29 22 42 56 35 39 55 5 19 38 78 70 33 46 55 1 74 39 14 5 64 69 3 1 42 70 22 59 78 58 20 26 35 44 43 0 17 78 45 30 57 22 6 23 20 24 66 73 14 66 13 73 15 27 39 20 75 37 43 78 75 78 17 53 64 11 20 62 50 47 30 10 60
run=6 seed=5 k=79 f=0
15 73 11 40 30 55 66 43 32 13 71 17 24 0 20 39 49 70 72 78 50 55 25 8 66 2 26 41 36 10 53 53 64 15 19 36 43 16 58 8 14 25 47 78 64 23 36 25 59 29 11 76 25 75 46 30 78 58 33 0 42 20 14 34 50 7 44 6 56 67 3 15 50 9 2 31 37 30 0 27 7 59 6 73 42 54 67 41 49 78 21 62 32 0 78 69 14 70 50 5
run=7 seed=6 k=79 f=0
51 42 19 0 10 39 75 31 41 44 1 24 67 25 78 0 38 22 45 25 61 7 48 69 58 9 17 0 40 46 78 76 59 37 75 0 1 57 20 56 13 12 69 78 17 14 22 8 43 67 0 32 32 47 52 29 35 69 10 53 48 55 30 48 75 46 29 50 66 70 5 58 65 37 55 60 16 13 18 23 9 59 60 33 51 16 5 30 32 61 37 66 20 10 28 76 50 71 75 43
run=8 seed=7 k=79 f=0
4 71 9 0 63 11 28 42 58 28 72 4 77 37 63 34 62 77 78 78 28 35 1 70 55 73 12 51 48 57 42 3 37 65 5 19 37 2 43 54 7 24 12 27 0 50 78 58 30 54 39 78 25 16 20 3 55 74 40 32 41 0 24 22 30 65 49 67 69 54 59 26 43 70 9 24 45 63 47 27 11 23 34 77 49 17 15 6 35 15 67 19 21 46 0 11 63 44 65 15
run=9 seed=8 k=79 f=0
72 0 12 78 46 47 7 22 41 19 64 12 66 62 44 26 10 54 53 17 20 38 66 7 57 35 36 50 73 78 59 73 20 16 68 0 2 24 44 2 71 58 44 62 38 30 55 38 51 24 0 78 73 62 10 24 76 49 30 49 39 16 76 67 13 9 29 58 53 67 30 8 3 74 0 59 40 12 19 33 34 51 29 2 6 40 25 54 1 46 78 48 43 33 22 14 11 68 29 42
run=10 seed=9 k=79 f=0
46 43 42 18 24 14 24 31 50 53 11 75 34 71 33 0 30 59 62 60 10 46 73 4 53 57 43 51 17 64 60 22 25 38 45 74 68 3 0 20 31 25 75 67 1 78 56 53 12 74 61 78 11 65 63 6 56 15 6 44 66 41 38 72 41 27 34 36 2 36 52 6 19 13 2 24 35 8 61 69 56 9 34 3 78 7 11 51 0 15 12 70 77 20 68 44 23 27 52 78
run=11 seed=10 k=79 f=0
78 2 22 10 10 43 52 78 67 19 48 75 1 32 3 26 61 36 0 5 55 62 42 30 71 40 71 36 9 40 75 59 10 18 25 50 61 34 35 14 64 17 44 65 61 0 71 58 19 70 63 77 30 30 41 29 70 19 34 0 50 74 10 2 73 23 21 33 66 24 7 22 15 6 25 43 52 4 0 45 68 77 51 32 29 50 5 30 60 7 15 13 11 46 57 78 19 49 56 54
run=12 seed=11 k=79 f=0
63 0 40 77 65 29 53 58 20 17 14 61 7 55 50 38 66 6 35 63 1 78 1 12 78 14 30 39 74 41 61 42 0 10 78 19 34 15 8 22 57 33 34 52 19 35 65 78 51 60 35 10 45 1 29 29 68 58 15 0 18 59 46 66 71 22 43 8 0 40 23 51 71 23 25 65 44 25 29 51 29 28 76 10 1 17 34 54 68 4 49 72 59 77 78 42 13 56 51 15
run=13 seed=12 k=79 f=0
0 72 7 75 15 8 12 27 62 7 44 71 20 50 68 43 10 56 14 71 1 59 3 62 22 36 54 6 61 8 19 14 24 40 0 33 7 69 58 25 51 0 2 78 48 51 20 71 58 57 53 43 38 0 68 32 48 36 50 30 53 19 61 36 41 14 48 33 34 46 0 4 30 73 67 76 75 66 73 64 20 17 28 38 27 12 56 66 27 75 6 78 29 78 67 40 41 44 16 13
run=14 seed=13 k=79 f=0
6 75 26 60 26 78 14 54 9 67 16 68 69 58 45 43 28 52 28 38 1 22 68 68 0 78 29 55 46 36 18 78 58 5 21 49 19 27 74 37 36 60 28 34 47 31 44 41 39 36 5 11 12 51 5 68 58 78 6 78 32 27 51 3 11 42 20 47 46 40 21 0 73 19 72 54 78 64 60 65 17 69 38 24 45 30 0 21 0 10 0 63 9 49 63 78 1 18 2 14
run=15 seed=14 k=79 f=0
18 35 16 54 2 34 48 78 9 75 31 73 73 19 2 74 78 67 27 0 0 37 38 78 64 78 63 74 55 5 65 17 51 0 36 71 25 17 4 67 14 20 59 0 24 23 14 61 61 41 13 26 48 70 53 53 8 25 51 40 34 40 11 25 43 66 10 73 11 48 54 50 29 9 58 21 46 45 0 5 60 63 13 11 67 29 58 22 29 27 36 43 53 35 78 44 44 37 65 56
run=16 seed=15 k=79 f=0
43 56 36 50 22 11 18 22 5 71 53 4 11 39 58 0 20 22 37 60 43 35 51 64 26 74 47 40 70 9 0 32 2 59 32 71 53 62 21 78 78 59 47 78 30 42 75 28 45 1 78 5 8 29 60 66 1 7 70 25 75 50 60 40 48 28 55 78 15 32 27 17 68 57 0 54 54 16 40 48 62 65 72 17 67 47 65 58 12 49 9 68 36 73 0 20 22 24 40 35
run=17 seed=16 k=79 f=0
37 44 52 10 36 49 37 15 29 10 34 9 0 24 43 69 65 29 31 6 78 24 77 0 55 68 24 22 27 52 2 55 9 57 41 56 7 16 46 19 39 77 27 78 71 46 6 71 73 26 35 57 55 18 63 68 27 24 47 42 57 58 15 40 64 48 22 39 74 70 52 67 44 35 64 22 2 62 36 50 2 0 13 19 7 58 31 13 78 41 14 74 56 65 78 43 34 61 0 3
run=18 seed=17 k=79 f=0
9 33 14 78 30 35 72 20 42 77 52 26 39 9 36 51 72 23 28 57 69 13 19 57 0 23 25 78 11 77 46 34 17 37 35 0 20 76 68 53 52 43 0 64 7 28 46 73 67 45 0 63 56 7 69 53 29 58 28 72 17 13 10 6 41 45 48 70 44 46 13 15 40 61 61 22 18 31 45 25 56 52 21 2 4 64 1 17 65 68 78 4 58 9 34 50 61 0 34 78
run=19 seed=18 k=79 f=0
31 57 1 10 44 73 16 5 78 78 44 78 57 35 18 68 78 18 54 22 45 76 27 42 59 32 31 14 51 20 69 13 5 49 29 14 16 49 70 62 0 11 9 49 33 27 35 24 25 41 13 71 2 63 21 3 0 46 41 2 22 9 6 57 78 9 63 38 51 59 64 0 38 54 68 29 0 78 15 39 37 55 78 65 18 22 9 64 71 60 46 58 78 69 7 40 46 46 29 0
run=20 seed=19 k=79 f=0
56 26 47 14 30 24 29 25 6 16 42 2 77 2 31 51 1 6 47 48 16 36 12 64 35 0 11 4 36 10 40 77 73 63 10 0 63 0 38 26 60 56 46 42 15 53 18 33 11 68 59 75 56 78 67 71 54 73 55 46 41 69 44 49 19 6 13 31 44 25 70 20 78 24 0 6 60 28 64 50 65 38 76 19 31 13 35 31 23 49 78 68 36 25 53 44 59 60 78 19
