run=1 seed=0 k=81 f=0
54 75 46 65 38 67 73 60 4 8 24 56 26 61 27 14 59 31 0 44 51 80 24 25 50 10 80 63 46 37 3 15 16 42 32 35 80 35 74 13 8 66 59 7 23 31 18 47 72 1 7 1 10 55 79 54 44 80 38 80 33 59 4 39 59 66 80 71 22 28 80 35 72 0 9 20 47 63 69 41 12 78 46 20 51 37 74 74 37 28 43 51 15 59 66 0 16 22 0 41
run=2 seed=1 k=81 f=0
54 75 46 65 38 67 73 60 4 8 24 56 26 61 27 14 59 31 0 44 51 80 24 25 50 10 80 63 46 37 3 15 16 42 32 35 80 35 74 13 8 66 59 7 23 31 18 47 72 1 7 1 10 55 79 54 44 80 38 80 33 59 4 39 59 66 80 71 22 28 80 35 72 0 9 20 47 63 69 41 12 78 46 20 51 37 74 74 37 28 43 51 15 59 66 0 16 22 0 41
run=3 seed=2 k=81 f=0
22 5 71 61 67 13 3 7 80 12 47 54 52 36 5 41 35 28 64 41 71 78 6 4 80 28 26 40 76 16 80 15 79 32 77 54 24 12 0 43 41 68 60 69 18 23 65 36 0 14 28 28 46 44 54 49 78 16 65 10 30 50 26 60 28 17 45 1 61 47 7 63 0 18 56 80 4 9 49 10 37 37 27 2 58 64 19 2 52 37 15 72 33 61 71 43 70 10 25 58
run=4 seed=3 k=81 f=0
52 76 27 40 22 29 46 10 19 58 43 62 6 36 58 47 21 9 23 28 68 63 28 80 57 70 15 57 73 80 25 68 71 23 42 5 34 42 14 13 33 49 40 18 64 33 72 62 51 79 33 78 52 13 8 3 15 39 51 7 1 67 7 48 47 54 41 77 28 80 75 49 0 35 55 0 69 33 65 34 29 51 17 35 66 18 0 46 4 30 58 0 76 61 40 24 47 63 23 77
run=5 seed=4 k=81 f=0
73 54 0 26 70 6 72 68 54 17 28 80 43 8 34 26 80 44 0 73 64 48 42 50 70 48 3 19 17 10 9 17 25 36 44 16 79 34 31 22 72 34 45 63 64 5 20 80 25 17 58 63 30 60 38 29 53 34 11 71 24 19 18 31 58 28 37 33 31 51 80 62 11 37 78 21 54 54 50 73 7 67 78 44 12 0 1 75 80 62 42 42 2 16 65 70 40 12 55 1
run=6 seed=5 k=81 f=0
61 80 25 58 31 0 19 37 66 76 55 1 38 0 1 80 76 51 55 32 80 79 40 68 64 13 76 1 42 70 29 15 79 32 36 44 1 74 72 24 14 30 68 37 8 0 45 22 54 46 69 56 36 72 20 39 24 55 4 76 66 73 11 30 29 32 11 50 9 19 0 42 17 45 9 49 45 27 31 15 34 38 61 58 80 26 68 51 80 23 6 25 46 62 63 16 54 6 16 4
run=7 seed=6 k=81 f=0
17 8 65 28 59 0 60 21 36 26 0 80 50 50 0 2 24 75 69 72 14 53 42 34 12 74 52 37 55 64 62 14 25 69 71 80 69 10 3 55 41 11 43 58 78 80 8 10 0 39 6 80 69 47 0 24 22 77 64 27 20 51 51 65 52 42 45 5 40 47 59 63 30 62 30 75 14 38 33 48 63 55 28 70 24 19 5 73 11 77 31 44 60 78 12 36 0 19 39 67
run=8 seed=7 k=81 f=0
45 78 77 59 69 11 35 0 17 12 49 78 80 22 39 9 64 51 52 74 44 62 25 65 35 29 22 9 19 41 0 64 37 73 75 80 72 36 61 17 74 56 43 29 26 9 21 22 26 14 58 50 14 50 34 51 63 53 80 8 32 79 1 72 6 0 0 37 59 70 44 5 60 43 80 0 4 17 44 30 25 68 60 47 20 40 39 68 1 5 13 30 17 7 33 51 19 45 67 69
run=9 seed=8 k=81 f=0
43 72 23 80 15 56 18 67 14 45 58 30 59 29 36 19 30 37 8 0 72 25 44 31 1 58 52 80 12 45 17 77 75 62 2 24 66 79 35 12 44 80 29 64 0 50 74 0 12 70 37 21 58 31 68 4 33 9 66 21 37 47 58 69 61 9 16 28 57 48 28 39 80 9 36 16 76 52 73 49 2 4 36 60 53 75 37 17 44 54 80 7 24 42 68 3 62 65 0 28
run=10 seed=9 k=81 f=0
58 70 45 80 41 38 14 54 66 14 9 31 1 4 72 52 9 45 72 76 20 71 76 29 3 35 44 60 3 80 46 1 20 49 71 1 80 11 14 80 7 66 57 8 80 40 61 51 40 62 16 34 36 5 65 19 57 45 62 74 12 0 19 68 44 66 80 32 47 38 32 59 25 17 28 24 56 34 30 16 49 55 24 22 54 59 25 37 25 35 64 19 27 48 79 73 5 10 47 70
run=11 seed=10 k=81 f=0
60 18 1 62 9 73 17 51 46 68 41 72 26 25 75 0 42 8 9 57 16 0 10 30 52 11 27 28 47 24 80 77 52 78 16 37 68 10 23 34 61 62 49 80 57 29 58 1 38 32 4 3 2 40 41 73 0 21 26 11 56 65 74 42 45 43 17 36 79 65 15 14 34 24 68 54 59 69 63 70 0 22 66 37 70 19 50 36 53 45 77 6 78 58 31 48 37 70 80 44
run=12 seed=11 k=81 f=0
25 59 0 17 66 17 76 47 25 46 29 9 11 34 80 79 10 9 11 12 5 69 2 32 29 70 52 0 56 21 23 67 78 54 27 0 78 1 46 39 26 74 16 70 9 5 13 41 63 8 26 58 48 42 80 6 19 67 47 40 15 0 54 63 60 70 54 80 18 31 40 0 36 18 61 5 4 61 21 49 65 49 33 49 52 80 73 61 60 33 19 38 43 55 73 33 78 34 0 48
run=13 seed=12 k=81 f=0
47 48 64 53 21 25 59 63 45 36 17 67 70 0 76 18 34 53 18 69 24 35 0 40 57 39 28 68 51 44 39 37 10 68 15 75 63 43 36 26 54 30 75 32 11 24 0 1 2 21 39 44 56 11 62 19 54 43 66 80 18 65 11 73 67 10 60 79 55 13 80 58 80 72 75 61 72 69 75 80 0 3 2 58 8 21 6 0 30 53 27 8 79 17 45 32 27 17 4 5
run=14 seed=13 k=81 f=0
2 22 30 58 80 55 35 62 50 55 37 19 35 9 47 79 45 10 62 31 29 73 35 27 6 10 56 60 43 1 3 0 80 46 20 15 73 19 40 4 33 68 51 34 68 80 9 46 80 75 10 39 30 2 46 31 64 67 26 79 36 19 56 39 7 14 70 73 30 29 68 9 63 0 27 48 74 23 14 52 56 40 11 7 24 62 65 75 67 41 75 16 6 45 0 55 80 20 51 50
run=15 seed=14 k=81 f=0
21 26 43 70 32 28 38 78 0 79 52 43 75 21 33 51 0 15 79 62 9 2 15 5 26 61 13 39 29 15 66 43 68 29 72 12 0 28 0 36 60 58 60 35 78 9 46 54 7 4 2 54 3 53 60 74 49 66 60 19 12 80 80 61 39 35 45 32 8 74 16 72 0 38 66 24 45 60 42 18 64 80 14 80 69 11 27 55 23 34 32 21 19 66 53 40 48 15 7 73
run=16 seed=15 k=81 f=0
1 6 45 54 26 48 80 76 71 60 24 0 2 44 0 6 26 41 60 30 55 4 50 31 16 36 2 40 48 66 56 61 9 41 53 72 46 62 51 35 0 40 22 55 67 11 58 20 39 74 18 4 14 65 74 30 80 42 58 73 7 13 75 64 37 72 80 39 13 65 8 19 68 24 34 43 68 25 0 19 30 18 80 56 23 36 79 65 27 20 14 50 22 12 78 30 73 5 12 34
run=17 seed=16 k=81 f=0
14 51 41 76 6 0 19 27 57 60 80 68 38 15 15 2 9 65 6 3 79 72 39 32 18 29 33 35 55 40 76 73 73 45 41 42 45 10 80 32 36 1 3 49 12 35 10 22 20 61 25 22 43 0 28 29 30 53 79 35 78 41 62 10 66 17 58 14 73 20 55 44 80 53 52 47 50 36 72 67 61 7 60 46 0 75 0 7 50 60 29 64 1 71 12 62 21 68 15 26
run=18 seed=17 k=81 f=0
1 4 62 17 76 49 30 36 43 21 2 21 19 65 24 34 20 60 20 78 2 65 11 32 55 71 51 36 66 26 17 11 68 80 42 39 80 11 62 70 3 80 39 25 62 56 8 8 0 9 6 0 45 0 54 57 71 63 47 42 8 41 2 18 54 62 79 67 30 49 44 31 73 79 73 70 13 45 76 50 30 35 28 0 35 58 59 76 50 47 12 20 50 41 80 28 71 5 13 16
run=19 seed=18 k=81 f=0
16 71 38 79 48 70 57 76 65 0 61 80 8 68 22 0 60 10 63 33 15 46 69 44 19 13 49 44 46 0 56 12 55 34 21 25 71 0 48 73 6 15 80 32 18 19 8 80 63 69 21 31 8 1 60 22 46 27 36 37 71 49 49 20 37 28 3 55 40 10 17 1 75 26 27 30 8 66 6 1 0 29 32 25 69 65 53 41 50 66 76 40 80 55 57 36 12 6 54 41
run=20 seed=19 k=81 f=0
26 41 39 28 49 14 22 45 56 40 79 32 64 80 61 47 76 73 36 40 35 72 13 0 70 7 7 79 56 37 60 67 46 2 26 7 41 1 52 45 59 14 75 57 69 12 52 80 33 80 80 68 18 66 32 27 11 0 53 71 80 35 61 23 20 58 66 0 59 0 70 24 4 26 61 42 0 40 35 18 63 73 6 48 13 7 10 20 49 7 76 31 76 25 28 48 50 19 23 18
