run=1 seed=0 k=82 f=0
7 36 41 23 7 81 5 32 61 22 0 38 58 52 78 1 36 74 75 74 73 24 71 34 60 13 24 55 6 74 81 39 25 37 61 41 51 68 15 2 5 60 52 55 24 79 57 0 77 56 50 44 2 71 67 1 22 81 9 70 11 39 24 10 52 7 66 7 77 57 45 15 30 15 66 81 14 19 51 71 1 0 45 26 24 20 29 65 32 50 31 48 41 0 65 33 10 52 16 45
run=2 seed=1 k=82 f=0
7 36 41 23 7 81 5 32 61 22 0 38 58 52 78 1 36 74 75 74 73 24 71 34 60 13 24 55 6 74 81 39 25 37 61 41 51 68 15 2 5 60 52 55 24 79 57 0 77 56 50 44 2 71 67 1 22 81 9 70 11 39 24 10 52 7 66 7 77 57 45 15 30 15 66 81 14 19 51 71 1 0 45 26 24 20 29 65 32 50 31 48 41 0 65 33 10 52 16 45
run=3 seed=2 k=82 f=0
37 68 53 8 53 6 80 25 46 3 72 36 51 37 39 9 65 30 0 36 45 66 29 45 79 20 19 8 18 10 25 54 60 34 44 72 81 64 30 25 38 47 48 52 0 15 50 15 41 68 26 71 81 60 20 74 0 49 2 76 70 73 18 22 22 22 80 64 81 54 15 81 0 48 41 45 60 24 37 32 65 75 41 0 59 4 15 60 29 20 9 4 32 12 81 74 55 0 58 66
run=4 seed=3 k=82 f=0
46 49 50 29 46 1 10 18 74 10 8 4 75 61 16 0 8 60 73 0 25 53 64 33 53 81 53 25 14 65 8 25 54 70 16 63 45 29 16 0 43 47 64 11 0 45 0 24 38 3 42 39 41 21 70 16 56 43 21 72 33 50 28 16 8 81 81 65 28 79 23 41 37 43 34 50 52 70 81 66 27 38 77 56 59 64 75 2 59 77 36 81 67 18 0 9 37 7 25 20
run=5 seed=4 k=82 f=0
74 23 44 23 18 58 51 0 56 81 16 3 81 2 53 44 1 36 32 65 63 22 20 49 77 35 33 41 54 9 32 8 24 76 63 42 43 33 81 24 3 32 59 65 6 30 66 9 65 81 15 49 79 15 57 47 73 9 37 40 49 81 58 70 16 1 0 81 73 21 38 21 53 4 38 58 33 16 68 80 10 5 69 63 75 28 13 49 63 57 68 47 54 22 49 8 0 73 73 29
run=6 seed=5 k=82 f=0
67 13 0 32 35 31 5 9 81 27 26 30 28 50 16 6 46 38 81 4 72 54 72 50 81 52 77 74 69 41 60 55 18 46 81 43 78 55 34 21 5 59 78 76 29 73 17 0 36 76 40 57 68 24 17 34 44 15 29 21 7 14 36 61 26 12 9 21 67 1 16 42 26 57 65 62 11 58 64 39 12 63 44 48 47 81 1 1 41 0 54 35 64 19 73 7 22 11 77 47
run=7 seed=6 k=82 f=0
19 63 56 47 32 35 67 49 15 50 35 66 35 79 25 14 64 25 0 40 50 12 71 81 57 3 56 6 45 28 29 80 8 39 57 28 81 54 49 11 15 81 78 74 72 23 2 44 64 12 4 38 40 81 20 20 0 81 19 19 25 52 47 67 64 60 58 6 71 11 24 27 0 66 59 70 26 65 33 77 38 34 54 54 43 28 1 77 73 73 78 71 25 72 57 12 46 64 7 39
run=8 seed=7 k=82 f=0
24 43 26 35 3 78 59 37 65 41 61 40 15 21 57 37 4 18 72 45 36 79 15 7 61 17 30 18 51 45 0 81 33 69 27 14 24 68 81 36 27 0 75 0 53 51 14 42 31 81 73 68 8 43 61 63 56 80 73 31 73 29 30 50 53 9 64 21 11 67 62 56 73 67 27 0 77 52 43 57 58 74 67 11 39 7 49 22 2 54 46 5 1 78 20 48 33 10 19 10
run=9 seed=8 k=82 f=0
21 58 12 29 81 52 81 60 71 9 76 72 31 71 21 1 14 28 59 81 51 53 61 12 25 56 42 42 9 0 77 6 0 5 22 81 81 12 67 78 23 39 69 44 20 22 43 35 49 74 79 60 47 64 37 29 40 75 5 63 81 17 47 62 47 7 73 52 46 42 37 15 67 38 12 4 31 8 36 68 52 38 2 20 75 24 0 17 47 66 30 35 59 0 15 68 10 0 48 56
run=10 seed=9 k=82 f=0
66 18 59 49 31 21 9 35 5 22 61 68 1 13 42 14 17 41 58 19 13 48 3 0 47 23 40 46 77 13 64 52 35 40 37 14 58 9 73 28 7 42 33 7 0 78 69 81 39 2 34 78 52 31 59 26 20 39 73 19 33 31 81 70 44 45 50 66 49 0 30 74 76 67 0 64 69 27 64 55 39 14 73 6 51 11 6 54 72 81 23 26 29 80 81 70 7 37 54 57
run=11 seed=10 k=82 f=0
81 56 9 45 72 0 69 49 73 0 65 35 35 19 26 1 35 58 6 8 19 59 28 65 78 0 40 27 3 40 47 58 17 22 6 52 25 9 61 24 25 16 17 26 39 30 13 74 69 17 26 60 67 53 32 33 61 55 72 52 27 49 43 31 34 0 41 17 40 20 41 26 35 22 79 79 51 9 13 67 45 81 0 81 15 11 80 73 36 5 70 0 78 44 0 53 81 64 72 70
run=12 seed=11 k=82 f=0
81 34 65 80 10 5 36 5 72 24 51 12 12 44 20 11 7 18 17 34 5 57 81 35 23 0 26 42 0 32 8 14 47 47 18 28 62 40 8 30 80 24 68 66 23 21 76 73 71 42 67 78 74 13 63 1 31 54 40 42 67 52 64 26 0 48 57 59 2 50 57 0 31 44 65 23 69 39 73 58 74 29 51 59 45 81 50 55 54 17 63 42 79 21 37 0 80 8 72 0
run=13 seed=12 k=82 f=0
31 49 62 36 54 38 57 1 28 37 38 81 58 68 76 80 74 72 24 81 48 26 26 62 1 20 7 78 44 51 23 58 51 81 1 69 21 71 41 11 56 31 33 19 71 45 8 81 11 7 37 60 61 69 26 68 0 50 66 8 23 27 17 13 11 76 3 72 81 17 4 49 46 36 64 49 20 10 41 30 0 0 9 62 33 27 47 19 51 15 77 20 41 30 63 81 41 11 73 65
run=14 seed=13 k=82 f=0
51 77 81 11 69 58 73 13 67 9 71 21 38 24 70 21 26 44 45 58 1 80 47 77 57 56 29 48 32 26 61 3 0 5 15 21 55 7 81 80 60 7 13 14 2 31 63 33 48 35 76 59 20 46 53 18 20 75 9 48 15 72 66 9 9 80 67 19 1 4 17 80 5 32 39 53 32 28 0 72 64 0 40 78 69 13 42 67 25 45 37 49 72 29 27 62 31 41 56 37
run=15 seed=14 k=82 f=0
72 78 81 17 75 79 75 39 1 29 77 72 4 7 33 67 28 57 0 72 28 16 49 19 35 7 64 24 60 4 64 46 51 31 0 31 69 12 57 38 25 49 11 43 4 55 65 10 31 69 23 58 51 47 43 71 80 57 21 0 37 32 74 3 40 19 64 33 16 45 74 18 24 40 24 65 69 4 9 51 8 26 32 14 50 37 80 74 61 58 81 10 49 40 17 58 44 41 31 15
run=16 seed=15 k=82 f=0
38 26 50 11 66 15 66 48 43 80 33 51 66 56 39 45 41 59 32 81 32 13 25 24 72 1 22 38 18 81 0 1 48 38 48 8 26 79 71 62 64 26 45 67 59 20 4 76 34 26 6 72 6 78 30 32 2 54 34 67 77 5 10 35 55 10 0 55 13 60 48 10 20 53 73 13 4 28 1 79 44 71 74 11 0 37 22 74 60 54 80 62 57 42 26 19 17 31 41 80
run=17 seed=16 k=82 f=0
19 67 79 68 9 12 21 25 1 0 15 28 57 21 4 69 66 56 6 9 19 3 3 73 78 15 44 40 7 41 50 35 50 11 15 30 25 15 56 80 37 54 0 1 78 46 32 41 45 35 49 60 19 60 35 74 78 57 25 37 11 81 18 33 80 39 63 74 51 65 70 56 27 11 78 23 71 36 40 2 75 27 58 0 0 81 30 1 52 61 45 63 69 6 12 33 27 40 70 45
run=18 seed=17 k=82 f=0
80 42 81 70 71 66 76 58 1 0 81 26 16 25 29 69 48 40 38 42 53 46 81 56 14 7 32 26 0 19 56 73 27 30 19 1 9 60 72 56 79 75 34 19 16 12 65 47 44 40 80 77 4 54 60 80 35 22 64 15 57 76 1 3 15 65 9 51 41 46 66 18 60 8 37 32 8 34 39 68 62 61 76 35 7 39 31 6 21 3 22 25 0 26 54 73 10 35 51 51
run=19 seed=18 k=82 f=0
29 35 9 69 68 41 4 58 0 48 72 32 0 27 40 77 49 67 65 19 44 38 60 52 32 31 63 63 3 8 48 9 10 46 0 1 12 81 80 33 57 44 69 59 25 24 65 22 23 81 40 58 54 16 80 15 34 40 5 13 64 35 22 81 46 19 74 41 19 23 16 53 46 26 81 8 10 17 13 72 53 51 3 76 29 65 42 29 60 53 36 32 62 71 72 49 81 77 21 5
run=20 seed=19 k=82 f=0
68 66 67 38 17 56 80 49 76 2 29 72 79 32 58 8 4 19 62 44 71 4 21 4 72 11 36 9 15 22 79 0 13 44 26 39 18 54 19 13 0 56 35 77 24 57 72 47 4 21 22 72 58 30 41 52 45 30 52 1 41 32 61 64 73 0 26 17 62 8 13 9 42 57 12 32 48 0 45 56 48 50 47 32 43 39 81 7 2 37 81 65 27 36 56 65 0 25 80 51
