run=1 seed=0 k=78 f=0
15 22 17 1 0 22 62 42 25 12 57 13 30 41 66 38 46 71 57 76 77 0 77 4 68 49 29 55 72 77 35 50 77 53 5 68 37 12 0 24 29 63 3 51 63 33 19 33 22 28 5 65 13 10 28 28 0 54 0 32 41 9 9 63 10 17 42 64 52 25 77 18 0 62 69 63 74 61 18 13 46 40 44 3 51 55 33 65 74 10 37 7 58 48 17 70 69 56 23 26
run=2 seed=1 k=78 f=0
15 22 17 1 0 22 62 42 25 12 57 13 30 41 66 38 46 71 57 76 77 0 77 4 68 49 29 55 72 77 35 50 77 53 5 68 37 12 0 24 29 63 3 51 63 33 19 33 22 28 5 65 13 10 28 28 0 54 0 32 41 9 9 63 10 17 42 64 52 25 77 18 0 62 69 63 74 61 18 13 46 40 44 3 51 55 33 65 74 10 37 7 58 48 17 70 69 56 23 26
run=3 seed=2 k=78 f=0
37 1 30 66 50 25 74 13 8 22 77 28 6 39 77 21 18 73 31 57 29 44 73 58 44 55 22 44 18 53 77 48 15 60 59 76 68 33 62 47 52 61 70 0 56 25 4 67 48 46 67 0 37 37 66 32 59 30 54 5 42 32 2 51 6 45 45 72 13 12 17 1 62 52 68 0 77 53 65 70 48 0 19 73 71 54 28 38 19 22 23 33 14 77 39 24 12 42 37 9
run=4 seed=3 k=78 f=0
7 19 52 9 70 15 15 11 43 58 71 8 0 37 17 31 12 77 37 77 43 77 4 0 47 36 38 35 45 3 47 52 70 48 44 61 8 62 76 66 5 65 70 52 28 31 39 45 38 77 73 29 58 59 15 25 50 77 38 55 37 59 24 33 20 69 27 17 4 25 30 5 40 9 21 66 77 19 59 54 1 0 8 18 57 34 20 59 68 56 13 62 77 24 48 15 63 25 29 65
run=5 seed=4 k=78 f=0
6 77 29 9 58 27 68 1 74 35 70 47 41 11 70 12 15 56 0 53 47 76 72 45 3 20 63 28 62 54 48 17 75 33 53 52 0 33 41 40 24 25 55 66 14 59 21 36 53 56 27 21 4 42 44 4 77 61 33 4 10 0 46 9 63 69 15 36 64 19 6 8 41 27 11 57 76 22 26 70 69 49 66 75 47 12 3 56 0 64 31 46 9 62 77 20 39 65 36 32
run=6 seed=5 k=78 f=0
40 53 55 46 44 48 69 17 0 55 65 77 71 66 32 56 68 63 34 49 77 49 32 0 77 76 9 13 34 1 0 58 57 59 75 22 53 35 51 0 7 58 45 29 77 30 10 14 63 20 56 36 18 38 8 20 19 46 41 47 19 9 14 37 69 60 76 23 27 2 77 70 19 39 75 42 18 69 23 58 11 64 62 68 17 21 49 29 7 40 62 42 44 0 28 9 69 15 25 3
run=7 seed=6 k=78 f=0
0 41 75 34 1 10 42 27 0 34 70 12 77 53 3 8 49 26 22 77 16 35 40 47 23 15 60 22 21 48 55 49 56 4 59 40 49 21 7 5 64 1 17 17 8 56 77 77 61 59 5 43 29 68 67 11 9 57 32 52 45 41 1 34 32 56 67 40 25 27 0 22 51 63 18 16 16 32 66 36 60 25 76 77 55 66 73 47 48 61 73 9 69 30 47 39 0 63 40 73
run=8 seed=7 k=78 f=0
21 51 76 22 77 41 61 7 0 55 77 19 48 66 32 15 65 8 6 35 55 21 42 14 5 55 27 42 62 45 2 46 55 72 72 64 12 39 77 10 23 33 17 0 62 29 37 72 30 3 35 19 71 14 5 67 3 53 32 72 10 50 75 61 35 70 29 58 37 27 71 72 36 73 54 15 28 45 25 57 40 42 24 52 0 6 49 16 67 13 49 65 22 77 58 64 31 9 0 68
run=9 seed=8 k=78 f=0
45 54 34 0 51 19 8 59 54 69 34 8 27 13 68 66 13 36 11 41 42 15 0 30 49 22 74 77 45 27 23 10 67 38 20 0 0 59 38 74 56 77 70 59 5 70 50 52 68 51 55 6 62 62 28 63 19 77 56 22 58 11 32 2 24 77 77 29 61 29 44 64 25 43 2 17 37 15 41 67 51 77 41 36 4 0 46 66 43 43 72 21 35 49 63 11 32 15 67 5
run=10 seed=9 k=78 f=0
71 13 67 52 60 40 46 0 42 40 63 23 21 49 30 58 62 14 46 68 44 18 6 8 68 76 36 47 8 56 62 20 63 10 55 20 64 11 4 0 70 33 55 0 71 34 69 28 46 39 68 16 37 60 31 76 29 17 40 51 66 76 51 48 35 5 54 5 67 41 62 49 23 33 26 14 25 34 28 37 58 23 3 74 52 0 77 59 0 5 77 76 54 77 27 37 30 13 43 45
run=11 seed=10 k=78 f=0
32 62 76 23 12 51 71 47 63 4 23 71 66 47 39 59 50 8 26 17 60 16 13 18 38 56 30 16 0 65 27 71 76 29 74 11 23 74 54 42 45 54 10 0 1 38 57 61 0 15 29 64 53 7 38 49 42 5 69 13 42 28 77 69 69 3 40 53 31 21 60 42 46 75 77 77 55 70 30 8 64 0 72 27 16 46 21 19 47 7 3 10 33 13 36 52 39 32 35 22
run=12 seed=11 k=78 f=0
22 26 37 50 62 38 57 61 22 52 52 77 70 26 19 16 6 45 44 47 15 77 37 13 64 28 28 18 22 27 58 68 64 33 32 73 77 11 58 59 34 46 47 53 10 42 18 29 56 77 60 0 69 69 42 6 47 56 26 67 11 60 47 71 7 64 1 77 68 28 23 37 7 30 2 50 77 34 72 50 38 62 36 55 77 9 13 41 9 66 16 11 22 2 0 31 73 0 36 77
run=13 seed=12 k=78 f=0
38 0 12 46 30 48 40 36 64 54 75 70 1 45 59 76 72 55 0 41 53 68 21 61 47 22 57 9 52 22 41 20 77 57 15 68 77 57 54 64 26 42 71 5 20 27 14 31 18 68 14 24 35 76 69 52 37 35 29 2 76 42 57 13 14 29 21 6 5 19 39 31 65 12 0 7 77 14 6 49 32 35 63 12 76 26 38 42 1 6 45 49 10 68 62 47 32 54 61 27
run=14 seed=13 k=78 f=0
6 59 27 0 10 68 70 30 11 65 15 6 41 22 68 0 5 12 0 57 29 77 12 77 43 17 36 14 45 50 75 46 45 55 29 27 1 25 51 17 73 71 26 37 35 22 42 57 77 77 0 53 51 35 43 32 59 31 24 59 15 30 59 2 13 20 19 77 0 77 61 68 73 21 64 32 75 64 77 64 68 50 2 27 6 13 38 75 60 2 40 4 10 69 20 51 45 40 37 53
run=15 seed=14 k=78 f=0
32 20 11 41 24 50 18 37 4 0 54 13 1 54 60 65 68 0 77 45 7 73 1 6 37 24 0 76 33 8 34 74 59 47 61 20 76 58 46 6 31 21 51 13 58 61 0 68 9 1 77 40 40 32 46 62 36 45 52 0 5 77 19 18 0 18 40 21 73 27 16 65 24 9 27 38 16 73 77 50 63 68 4 75 52 56 31 42 77 42 9 14 47 67 71 24 12 53 66 54
run=16 seed=15 k=78 f=0
44 54 23 65 77 0 71 28 44 69 69 31 55 36 41 69 74 38 62 5 4 46 11 71 0 50 76 68 7 61 41 52 15 54 0 24 10 22 37 18 51 41 64 7 19 0 37 32 0 31 39 27 6 15 44 16 75 48 57 65 71 48 29 64 77 17 54 34 61 56 43 62 21 77 10 19 9 76 39 34 0 77 28 18 30 77 52 25 7 77 10 19 32 46 70 64 3 57 53 60
run=17 seed=16 k=78 f=0
22 38 36 61 70 29 21 38 43 29 19 14 52 38 68 28 37 16 15 29 77 45 20 4 0 27 51 51 77 61 76 10 77 67 44 60 71 61 0 67 24 25 55 36 24 53 30 49 27 46 22 21 61 12 14 0 44 73 49 35 66 73 62 58 39 30 68 70 76 71 66 60 54 66 74 45 5 8 12 28 53 4 6 47 76 59 56 67 77 11 31 0 6 15 8 36 18 18 4 45
run=18 seed=17 k=78 f=0
66 1 54 45 69 6 19 53 71 77 77 19 43 9 24 74 77 60 0 0 10 44 34 36 19 77 23 10 28 0 36 42 77 58 49 46 52 71 31 21 64 71 48 14 56 27 67 54 13 33 66 2 77 1 17 29 31 56 68 38 33 0 0 71 17 77 23 17 30 60 6 64 49 12 35 23 58 40 10 66 11 10 23 49 37 0 40 54 64 15 72 7 21 3 52 59 73 37 62 29
run=19 seed=18 k=78 f=0
54 43 35 55 40 42 70 22 0 53 76 51 50 31 68 76 70 68 69 58 41 57 53 61 64 15 49 30 70 5 20 38 77 39 46 26 28 36 39 4 56 34 9 33 74 30 48 18 60 77 10 61 53 6 8 77 6 7 26 25 76 13 16 0 47 57 8 9 22 60 22 17 47 35 13 31 77 1 40 54 5 45 2 17 0 43 13 33 24 27 14 66 77 18 75 69 68 73 62 22
run=20 seed=19 k=78 f=0
43 14 52 61 28 33 77 72 0 52 40 54 76 18 17 30 70 49 11 65 49 33 63 3 46 71 28 48 77 62 37 47 24 67 9 52 9 30 30 0 58 27 29 16 3 26 6 66 41 3 10 77 56 45 70 23 62 23 38 17 7 8 12 59 38 35 77 19 34 0 66 9 71 20 15 22 64 58 54 20 62 10 76 43 5 38 43 68 32 51 72 56 21 0 46 54 66 40 2 0
