run=1 seed=0 k=69 f=0
30 33 36 68 0 18 13 55 7 50 11 68 27 20 11 35 49 61 24 16 43 48 9 1 58 0 0 52 5 18 2 33 55 32 5 8 52 36 62 57 15 43 57 45 12 41 1 37 45 44 14 43 25 59 37 62 9 67 0 26 9 10 28 27 48 68 68 62 67 19 4 46 23 50 66 54 31 14 19 24 0 51 68 52 68 47 14 56 19 27 41 24 19 0 32 61 41 28 34 4
run=2 seed=1 k=69 f=0
30 33 36 68 0 18 13 55 7 50 11 68 27 20 11 35 49 61 24 16 43 48 9 1 58 0 0 52 5 18 2 33 55 32 5 8 52 36 62 57 15 43 57 45 12 41 1 37 45 44 14 43 25 59 37 62 9 67 0 26 9 10 28 27 48 68 68 62 67 19 4 46 23 50 66 54 31 14 19 24 0 51 68 52 68 47 14 56 19 27 41 24 19 0 32 61 41 28 34 4
run=3 seed=2 k=69 f=0
68 50 35 0 6 55 24 59 28 46 22 66 9 37 22 16 38 25 62 53 56 31 48 31 0 68 0 58 28 0 23 37 18 54 31 38 17 36 24 63 51 51 35 9 0 7 15 46 54 13 60 13 41 42 68 64 1 29 8 37 3 36 67 65 6 31 0 64 54 47 68 11 60 54 68 0 22 51 56 45 56 49 15 16 42 20 1 41 59 41 13 46 67 46 32 26 7 17 8 42
run=4 seed=3 k=69 f=0
68 68 68 57 20 41 51 25 45 9 54 68 49 33 48 46 37 23 62 60 14 0 0 12 30 39 9 40 41 46 31 18 29 63 25 20 0 57 45 15 38 31 37 57 2 7 15 50 22 17 62 54 46 31 62 21 66 53 8 50 62 33 21 65 6 25 0 34 0 34 15 0 6 63 38 0 68 37 66 6 11 24 15 1 68 19 45 2 1 58 54 68 41 32 26 7 50 13 9 15
run=5 seed=4 k=69 f=0
15 41 26 68 9 53 38 0 43 26 33 5 58 60 40 9 61 28 60 5 26 14 29 38 68 9 68 13 59 26 4 15 68 5 45 31 42 0 0 6 16 50 68 45 29 21 47 22 49 18 45 18 18 58 0 34 10 20 13 14 31 63 51 12 48 52 6 61 68 21 35 28 0 49 65 9 36 57 40 25 53 51 58 68 26 30 54 3 0 57 41 54 33 68 66 18 49 34 41 35
run=6 seed=5 k=69 f=0
53 24 68 2 53 37 12 16 41 28 56 29 1 19 9 48 17 0 59 23 63 44 67 22 6 48 4 4 3 8 51 49 68 52 37 15 57 68 1 9 42 50 0 29 14 63 23 46 39 60 43 68 33 34 43 61 22 35 43 20 13 13 26 57 32 35 7 10 59 37 19 68 62 39 0 9 0 41 56 29 47 27 67 68 53 58 48 14 18 32 25 30 9 48 65 30 40 55 39 19
run=7 seed=6 k=69 f=0
36 48 49 1 7 52 8 23 12 26 6 68 8 38 15 23 62 30 28 28 24 0 0 61 33 68 57 24 31 59 38 67 20 64 32 68 1 19 49 46 56 13 56 45 17 54 16 11 29 57 55 1 30 42 62 30 59 15 9 1 46 16 42 40 41 33 0 39 55 23 64 0 65 54 35 15 68 56 52 11 60 32 2 38 0 45 19 16 23 43 7 46 49 68 34 39 68 61 51 6
run=8 seed=7 k=69 f=0
52 29 48 20 39 11 14 38 6 0 59 44 7 63 9 66 22 59 60 23 23 22 30 20 49 0 32 64 14 8 16 14 68 52 46 28 0 18 8 68 15 68 38 43 52 29 65 36 39 32 60 55 10 41 23 58 56 39 0 35 30 31 59 49 47 13 0 54 30 65 23 67 6 41 0 0 15 15 11 36 19 68 1 2 33 27 6 42 59 33 40 47 31 47 54 68 43 36 52 24
run=9 seed=8 k=69 f=0
7 66 25 50 57 57 20 39 68 12 17 36 0 0 8 12 35 29 51 45 54 48 42 39 54 62 34 24 6 68 52 24 23 56 44 32 40 11 0 53 18 25 29 46 10 30 10 14 47 33 18 29 45 42 35 16 22 27 1 63 2 19 68 4 62 6 68 6 68 56 36 54 0 60 1 68 20 61 18 61 13 15 1 45 6 49 6 42 0 33 43 61 67 31 25 59 42 37 54 36
run=10 seed=9 k=69 f=0
29 15 68 19 38 57 52 22 3 60 8 16 25 19 0 0 60 15 12 14 31 0 68 48 25 35 59 7 52 57 36 68 21 40 0 0 7 57 44 31 28 67 30 7 52 62 14 39 33 59 61 12 0 27 27 48 67 16 48 0 10 34 35 2 62 51 68 38 44 24 52 28 44 58 33 68 68 52 6 23 57 45 68 32 18 40 53 5 10 27 35 48 16 43 6 0 61 55 44 62
run=11 seed=10 k=69 f=0
60 29 68 29 25 25 23 27 40 67 58 8 27 45 21 14 24 67 68 32 33 52 66 44 57 49 0 68 33 0 3 49 35 44 51 8 10 0 29 62 22 21 38 51 61 6 34 16 49 37 44 31 13 61 37 10 19 48 43 68 2 7 35 57 55 52 0 21 10 18 35 11 30 45 15 62 19 21 6 41 39 13 47 60 13 54 0 6 0 65 48 67 40 59 2 68 20 56 41 41
run=12 seed=11 k=69 f=0
20 26 19 53 7 0 59 35 44 49 56 52 0 33 67 15 9 26 30 30 6 0 31 58 55 9 64 63 42 63 48 1 12 15 43 51 46 10 62 26 21 15 67 35 56 68 49 42 30 41 60 15 37 26 21 20 22 23 62 68 33 8 40 49 5 34 68 12 1 25 55 51 62 1 8 46 57 4 0 35 0 34 12 6 68 32 68 49 0 40 38 23 56 65 14 39 4 62 27 46
run=13 seed=12 k=69 f=0
22 0 0 9 14 59 61 20 42 27 30 4 68 59 59 16 60 43 16 58 49 6 68 33 0 48 37 10 24 46 64 13 49 15 53 40 61 53 56 18 63 61 31 9 25 53 36 68 12 38 17 66 58 28 5 54 42 50 6 52 19 26 25 18 6 9 0 25 44 11 22 49 54 62 68 0 35 63 41 29 67 66 47 35 36 40 0 58 20 26 28 0 21 2 47 29 39 33 13 36
run=14 seed=13 k=69 f=0
28 66 45 34 12 11 40 51 19 58 42 4 41 0 16 23 26 56 34 37 17 67 56 46 33 25 58 3 66 9 29 68 62 14 18 53 11 33 68 6 26 17 10 39 45 60 23 21 4 57 54 32 36 0 25 48 59 0 64 47 53 5 43 32 6 0 0 28 41 22 16 11 68 15 32 0 68 16 12 60 12 8 55 35 49 31 52 7 67 0 42 3 50 68 60 23 15 53 58 49
run=15 seed=14 k=69 f=0
28 0 17 68 49 16 33 46 10 23 68 32 12 40 38 65 6 34 22 51 19 13 15 7 41 27 15 42 10 27 52 61 50 62 30 0 52 43 36 45 13 61 46 58 15 22 4 41 21 7 0 14 63 49 8 67 67 50 35 41 1 46 26 24 62 38 68 30 67 17 51 1 3 10 55 68 1 11 59 22 55 0 27 49 28 24 54 48 57 39 45 37 4 31 6 59 8 43 19 20
run=16 seed=15 k=69 f=0
49 56 50 0 12 57 64 60 68 27 13 63 30 68 7 54 51 30 34 18 59 38 15 14 24 31 0 5 23 68 43 52 24 54 35 7 48 64 18 9 47 33 68 0 22 45 19 42 55 42 16 18 0 12 52 29 10 3 30 8 14 19 67 5 62 36 68 7 45 40 24 33 10 2 3 68 0 61 42 26 28 59 33 51 12 47 58 67 22 9 55 26 22 1 0 41 16 38 43 37
run=17 seed=16 k=69 f=0
47 45 32 54 30 40 37 21 16 13 54 68 39 39 13 39 43 66 68 59 33 14 17 25 0 22 45 37 36 41 55 35 60 28 68 8 10 29 54 33 21 9 0 32 23 47 60 16 18 44 7 49 68 8 5 5 49 66 8 49 3 5 26 50 35 21 0 26 58 42 47 4 54 28 1 62 24 21 57 18 17 64 14 59 12 23 0 63 0 50 28 68 58 0 1 68 64 40 28 12
run=18 seed=17 k=69 f=0
38 56 16 67 27 58 10 25 55 39 35 68 31 48 7 15 61 32 44 30 15 68 68 22 35 49 0 42 29 50 23 63 68 20 33 29 68 11 61 21 17 9 46 49 67 44 59 13 59 58 7 3 36 33 17 30 2 1 28 44 58 42 53 6 6 37 0 7 68 12 25 48 63 4 3 0 56 7 44 50 21 0 0 0 67 57 12 65 25 39 52 14 22 51 36 42 13 38 18 25
run=19 seed=18 k=69 f=0
55 68 16 68 37 43 54 32 49 46 56 17 46 21 52 31 7 62 49 18 13 17 0 34 68 0 27 22 68 47 0 39 68 37 14 8 39 31 62 40 38 39 31 24 43 24 1 17 9 27 37 56 16 8 8 9 0 44 51 51 0 5 58 52 28 24 0 4 68 42 68 61 48 40 65 13 0 38 19 49 33 59 53 59 55 26 31 5 42 27 21 11 67 58 2 19 37 34 5 13
run=20 seed=19 k=69 f=0
0 36 33 67 55 58 38 20 25 46 63 16 25 9 22 6 43 25 28 41 4 0 57 47 22 44 52 4 37 42 58 3 19 29 26 40 68 0 12 52 3 27 21 33 11 49 57 7 51 53 9 61 64 17 32 14 33 14 66 0 5 15 35 38 53 56 68 14 1 23 44 68 43 68 10 68 38 53 0 68 48 0 46 58 18 54 16 66 9 67 60 34 42 14 34 61 28 59 50 62
