run=1 seed=0 k=71 f=0
70 57 30 2 0 52 35 60 55 31 30 14 41 44 69 13 63 6 64 47 56 42 70 41 2 49 68 33 5 20 16 37 0 26 13 24 32 21 10 4 37 37 49 59 26 70 51 32 58 60 25 69 67 10 62 64 49 43 29 50 58 21 54 66 47 16 16 24 23 42 29 4 47 63 0 18 56 37 22 50 33 40 41 27 70 64 38 34 18 8 54 13 69 0 2 11 0 64 68 28
run=2 seed=1 k=71 f=0
70 57 30 2 0 52 35 60 55 31 30 14 41 44 69 13 63 6 64 47 56 42 70 41 2 49 68 33 5 20 16 37 0 26 13 24 32 21 10 4 37 37 49 59 26 70 51 32 58 60 25 69 67 10 62 64 49 43 29 50 58 21 54 66 47 16 16 24 23 42 29 4 47 63 0 18 56 37 22 50 33 40 41 27 70 64 38 34 18 8 54 13 69 0 2 11 0 64 68 28
run=3 seed=2 k=71 f=0
63 43 68 24 0 44 15 48 42 31 19 28 70 14 17 70 1 27 26 69 57 70 15 70 41 58 35 27 38 1 60 56 34 54 70 12 10 61 40 61 65 55 10 19 34 63 38 4 40 46 12 47 20 0 55 21 48 58 52 5 10 38 24 14 49 17 55 13 6 21 6 0 9 62 9 32 22 48 33 16 69 33 68 45 16 50 38 43 8 31 0 28 32 0 58 24 5 51 65 0
run=4 seed=3 k=71 f=0
62 12 31 68 9 8 62 8 15 23 59 52 42 44 40 67 70 15 30 53 35 17 23 21 55 21 19 24 15 45 60 1 54 39 63 0 0 61 48 28 63 37 20 35 40 26 53 43 33 10 29 3 50 0 32 31 20 32 48 1 59 58 41 28 14 56 70 43 15 9 24 65 48 30 70 70 52 26 11 46 20 57 1 67 4 63 37 6 48 0 38 34 70 11 56 51 69 6 25 4
run=5 seed=4 k=71 f=0
38 41 0 60 68 17 19 30 25 54 21 62 57 0 21 65 70 44 62 15 43 0 18 50 29 69 38 57 50 13 70 70 30 38 63 0 18 39 45 49 36 70 60 57 21 7 67 8 65 30 22 31 50 50 45 24 0 52 0 0 34 34 43 64 23 70 70 53 8 9 14 0 3 23 58 29 18 22 7 2 18 43 6 26 4 37 40 14 13 52 54 46 9 27 69 48 33 34 41 13
run=6 seed=5 k=71 f=0
7 34 21 60 53 41 34 23 28 68 37 58 0 6 32 1 29 52 13 65 17 51 40 32 61 5 10 10 49 15 47 1 58 0 0 49 69 21 28 14 36 31 15 66 3 44 64 0 61 41 26 59 21 13 29 26 30 53 69 9 68 27 21 11 70 45 22 16 47 2 45 48 15 9 7 54 23 36 8 66 41 69 70 21 7 70 38 63 51 41 63 57 10 52 19 38 58 37 0 45
run=7 seed=6 k=71 f=0
7 19 34 54 59 68 63 34 9 15 43 50 0 70 61 1 37 23 38 17 17 49 70 57 19 15 2 27 11 24 45 27 29 29 64 50 50 42 23 1 6 63 10 43 53 0 16 0 11 3 65 51 35 41 7 70 70 27 59 38 33 11 48 48 63 8 16 61 31 1 54 51 34 61 57 45 42 64 9 14 58 24 66 18 32 28 22 48 70 39 70 68 31 60 15 22 0 46 3 54
run=8 seed=7 k=71 f=0
0 60 63 0 30 25 8 28 21 22 11 61 9 6 24 38 19 7 6 37 59 64 26 34 13 37 17 34 42 47 50 69 14 33 0 62 17 53 22 11 30 34 29 46 14 42 17 54 63 47 20 47 2 70 55 23 35 3 42 0 53 65 50 41 42 48 70 6 37 11 0 48 20 31 2 57 69 30 66 26 37 54 70 25 16 30 60 67 14 56 49 58 1 26 68 43 5 30 70 58
run=9 seed=8 k=71 f=0
17 2 51 11 16 41 26 65 44 30 40 8 43 63 39 3 29 11 23 35 57 12 61 52 70 20 49 10 46 30 51 14 70 36 57 8 36 17 63 13 56 0 41 59 25 56 48 31 8 59 21 0 59 69 40 60 27 10 41 69 61 66 19 20 46 12 0 24 47 28 33 70 36 50 20 13 22 45 52 36 51 31 68 18 69 59 69 5 0 70 39 3 0 66 1 52 19 63 55 25
run=10 seed=9 k=71 f=0
7 39 47 36 11 38 42 38 16 26 10 16 30 38 56 68 7 13 0 70 70 2 15 23 51 0 32 27 0 69 70 0 61 54 0 16 22 66 27 43 53 24 60 31 20 29 20 70 39 13 53 19 53 70 47 12 57 59 64 32 10 55 36 4 43 36 50 56 69 48 61 23 0 28 61 9 54 43 27 62 57 63 5 63 20 41 32 62 23 33 36 49 10 48 70 0 48 7 45 20
run=11 seed=10 k=71 f=0
41 6 23 33 13 65 42 35 55 64 45 18 70 55 40 5 53 55 58 27 25 0 65 25 47 14 60 21 56 70 40 69 49 27 27 18 19 11 70 16 6 5 16 32 58 63 51 10 39 59 7 7 30 6 0 33 0 29 0 65 50 20 20 38 36 42 0 40 37 2 64 17 70 41 20 43 47 61 39 62 11 47 69 40 22 36 70 15 70 14 29 10 50 59 52 30 49 1 27 14
run=12 seed=11 k=71 f=0
70 15 15 25 19 41 65 1 70 31 24 8 58 59 67 27 33 64 62 18 45 48 70 15 59 58 9 30 63 70 44 33 51 19 24 22 51 66 44 54 5 18 24 8 6 40 30 0 43 45 22 39 38 7 47 36 26 51 19 49 24 55 11 24 36 6 30 61 5 1 18 45 46 4 12 29 67 37 1 61 56 0 56 32 50 37 14 69 34 57 12 54 35 14 68 0 0 50 41 18
run=13 seed=12 k=71 f=0
41 9 70 35 61 14 64 10 24 21 20 16 69 37 54 46 40 59 35 43 13 48 64 48 0 9 51 36 55 0 45 1 65 5 12 56 62 54 11 58 43 43 33 7 24 55 39 0 37 27 9 30 66 18 5 17 45 10 18 31 37 22 53 38 19 34 27 15 45 24 5 67 34 13 70 61 67 18 25 20 1 47 54 7 29 39 0 60 0 26 70 31 26 0 50 18 63 61 63 70
run=14 seed=13 k=71 f=0
29 70 15 49 34 54 66 28 22 57 50 45 8 21 42 15 56 22 21 55 27 0 44 63 67 28 44 18 0 70 36 3 13 55 39 70 15 32 7 30 57 22 15 38 50 10 18 45 22 7 36 13 28 36 7 26 68 0 8 54 39 70 34 32 34 50 0 33 0 16 66 14 6 30 41 49 69 50 24 63 61 0 59 31 1 70 49 19 60 60 41 62 0 59 27 43 4 70 11 59
run=15 seed=14 k=71 f=0
18 53 31 66 23 45 46 40 52 40 57 0 63 63 49 70 37 63 12 33 32 64 44 34 60 21 63 61 65 50 35 9 69 35 46 0 55 0 62 28 21 32 20 7 69 26 15 25 17 4 13 70 14 58 32 42 9 0 7 43 57 0 24 15 40 70 55 18 17 35 30 45 39 10 2 70 3 30 15 10 26 41 5 15 56 52 55 3 12 8 47 70 25 46 6 37 25 0 23 49
run=16 seed=15 k=71 f=0
15 2 0 70 8 43 59 41 19 0 55 70 11 51 13 27 22 50 49 50 31 69 53 60 43 32 23 32 24 6 12 67 70 36 15 0 49 0 64 5 14 62 26 35 55 27 49 8 29 22 35 38 40 7 21 43 68 70 63 0 37 19 12 30 38 5 24 10 59 10 70 33 65 38 14 56 27 56 33 49 43 42 69 16 5 49 68 63 53 22 30 0 58 20 21 42 61 62 32 4
run=17 seed=16 k=71 f=0
46 36 59 20 39 27 64 69 43 15 21 43 1 64 13 38 2 52 54 26 62 47 66 36 55 49 52 63 65 60 11 62 17 27 21 0 50 58 23 59 31 32 60 61 19 54 15 8 43 40 54 8 5 8 55 22 69 13 34 0 20 13 45 43 64 39 70 12 30 59 17 0 22 29 3 70 49 31 27 42 13 1 46 52 7 28 70 17 32 39 39 35 12 23 48 34 1 67 10 4
run=18 seed=17 k=71 f=0
65 61 70 26 5 32 35 39 57 28 52 70 70 68 33 60 7 16 12 22 7 9 14 41 0 51 62 29 26 60 15 13 22 45 0 49 21 12 28 33 35 46 23 7 70 65 20 0 31 60 35 56 0 0 39 53 52 23 69 0 58 52 51 70 70 28 57 47 12 40 22 34 27 40 29 54 45 36 40 66 18 40 46 33 45 10 21 18 17 1 4 3 41 61 63 1 39 8 14 45
run=19 seed=18 k=71 f=0
62 58 69 1 61 16 51 26 45 19 37 64 58 48 49 0 20 56 23 32 7 43 27 50 13 10 52 45 10 56 36 9 40 33 56 0 29 70 46 36 61 48 1 7 13 61 12 31 11 58 24 12 30 21 40 24 49 54 62 31 26 26 69 2 11 64 70 18 70 57 29 0 45 67 3 5 27 20 42 64 16 28 69 0 52 42 2 15 38 68 35 70 20 0 68 36 7 54 18 35
run=20 seed=19 k=71 f=0
0 0 31 69 35 27 14 21 38 70 11 52 69 11 51 5 70 68 70 27 14 70 13 51 49 60 43 58 70 39 42 2 62 54 17 44 27 0 56 41 31 60 35 18 13 46 5 36 11 42 31 29 51 24 45 27 61 61 56 18 43 46 22 3 21 5 9 56 61 26 40 70 56 27 31 3 2 31 35 9 35 9 66 9 49 44 51 56 0 49 14 63 50 36 64 20 19 18 1 40
