run=1 seed=0 k=73 f=0
58 71 25 72 66 20 61 21 33 58 72 27 0 27 59 47 26 72 0 47 36 0 19 34 63 43 62 5 2 12 45 1 50 47 48 41 8 16 72 1 24 45 14 27 20 7 29 65 44 10 68 10 0 18 42 23 63 4 39 54 10 54 72 43 15 47 8 14 19 63 37 26 0 30 38 6 72 16 54 59 20 52 53 36 57 13 33 20 0 52 31 55 72 54 48 26 36 64 65 37
run=2 seed=1 k=73 f=0
58 71 25 72 66 20 61 21 33 58 72 27 0 27 59 47 26 72 0 47 36 0 19 34 63 43 62 5 2 12 45 1 50 47 48 41 8 16 72 1 24 45 14 27 20 7 29 65 44 10 68 10 0 18 42 23 63 4 39 54 10 54 72 43 15 47 8 14 19 63 37 26 0 30 38 6 72 16 54 59 20 52 53 36 57 13 33 20 0 52 31 55 72 54 48 26 36 64 65 37
run=3 seed=2 k=73 f=0
58 3 37 14 7 47 32 7 44 32 34 56 23 63 63 53 64 64 66 1 38 25 71 30 0 72 48 18 0 62 28 61 20 0 55 40 44 6 26 14 34 45 11 72 72 67 40 0 64 47 11 70 35 58 48 55 15 44 31 30 12 39 9 55 53 1 9 29 23 6 44 72 26 6 51 60 42 34 22 35 48 5 59 21 1 40 2 67 24 15 15 18 72 56 72 32 66 53 71 15
run=4 seed=3 k=73 f=0
72 71 44 32 27 36 51 8 3 18 20 11 11 58 55 65 55 19 17 14 21 0 36 65 24 71 26 52 44 72 20 68 25 67 0 8 45 53 39 23 32 32 29 58 62 39 27 46 29 0 57 68 14 19 7 43 0 2 7 65 20 6 47 53 54 33 0 54 49 28 45 35 41 50 60 1 38 31 72 31 49 62 38 1 23 18 12 49 11 15 61 47 62 72 70 38 6 24 53 12
run=5 seed=4 k=73 f=0
55 60 44 8 15 42 30 19 24 64 28 34 36 37 27 71 41 61 49 12 30 47 24 0 11 18 41 21 3 69 9 72 14 14 48 64 72 26 8 18 22 12 3 35 40 39 56 72 65 52 22 57 68 0 6 35 45 62 67 53 72 51 53 7 32 60 25 52 28 27 14 0 19 40 6 59 72 46 32 65 18 60 29 61 72 68 0 11 70 24 39 63 2 17 0 53 51 33 42 3
run=6 seed=5 k=73 f=0
56 55 72 50 10 72 43 47 39 70 60 43 37 35 21 0 9 27 50 53 53 54 50 42 59 0 30 5 0 25 35 21 33 20 19 0 29 70 25 64 58 71 10 8 26 67 1 63 22 35 66 0 0 8 60 65 61 17 24 31 36 51 32 3 11 19 18 4 53 16 44 72 38 15 34 5 44 46 42 72 62 28 17 52 31 56 29 8 59 15 38 12 46 0 72 13 45 16 8 67
run=7 seed=6 k=73 f=0
9 25 0 72 36 58 61 31 55 22 59 11 72 49 59 54 25 3 41 3 8 24 18 31 0 39 50 67 24 0 39 41 49 5 16 0 14 3 27 64 67 65 33 65 14 47 38 72 63 50 17 42 72 18 60 54 55 61 37 54 4 14 72 39 14 66 21 24 7 46 21 16 27 34 13 7 30 35 10 0 71 10 48 34 51 0 55 29 30 72 60 69 23 34 35 43 8 64 43 44
run=8 seed=7 k=73 f=0
35 23 31 57 14 63 8 14 23 46 27 19 21 64 20 18 60 1 0 45 37 58 72 72 32 1 70 42 44 72 67 34 53 19 70 44 43 32 14 52 58 8 39 26 4 65 0 19 12 68 57 0 32 48 56 33 72 11 45 0 28 40 2 31 30 15 8 5 20 71 66 61 58 52 41 6 36 68 24 30 62 13 50 36 39 30 9 8 40 48 23 52 61 52 50 0 10 72 64 48
run=9 seed=8 k=73 f=0
0 14 26 49 62 12 56 52 39 30 34 49 19 71 42 51 9 72 6 28 34 72 72 21 36 17 2 69 28 8 5 15 66 13 56 40 12 49 72 66 17 17 66 31 41 0 43 57 40 3 57 21 52 33 8 49 61 44 16 1 69 42 1 3 27 44 48 58 38 13 0 46 7 21 23 45 0 17 26 32 22 72 27 36 63 67 47 8 63 30 53 66 70 3 34 28 60 7 60 61
run=10 seed=9 k=73 f=0
51 21 72 31 53 65 57 62 42 17 29 18 23 35 59 0 30 57 59 34 55 23 37 25 68 48 2 6 70 13 58 21 16 67 63 72 40 50 44 22 7 5 2 8 68 0 35 1 32 39 46 0 13 14 26 72 63 48 15 59 65 72 59 48 31 29 38 51 9 0 16 11 44 27 47 66 45 31 8 39 11 7 45 27 38 34 72 15 22 53 22 72 72 0 53 9 31 64 39 22
run=11 seed=10 k=73 f=0
8 9 38 27 33 44 33 37 64 1 60 34 71 64 19 0 3 60 59 72 47 2 43 27 63 71 16 25 44 29 0 3 67 42 10 34 22 43 23 29 6 72 20 52 47 20 69 1 0 8 25 57 66 58 72 63 32 12 72 64 25 35 33 11 49 3 17 54 48 54 65 29 23 54 12 40 20 40 53 67 0 0 56 11 29 6 39 38 49 54 72 47 62 11 13 53 40 14 19 72
run=12 seed=11 k=73 f=0
58 0 27 56 3 17 22 1 45 17 58 52 51 61 14 34 60 52 64 66 7 52 53 42 3 66 17 63 42 33 54 36 2 62 69 49 34 3 14 0 7 24 47 10 36 71 41 30 60 48 64 51 17 7 45 18 70 72 18 7 36 25 27 62 22 57 72 10 26 69 45 52 66 15 14 0 9 21 40 15 27 0 26 61 32 19 35 32 37 6 39 27 43 16 56 25 72 19 72 45
run=13 seed=12 k=73 f=0
36 69 51 17 38 6 57 0 41 62 37 23 63 16 25 41 12 65 0 29 55 31 29 55 18 63 45 0 67 72 12 69 44 67 43 62 7 15 51 22 35 9 6 25 57 24 45 18 0 0 11 52 33 9 26 19 37 4 65 58 31 48 48 32 11 20 72 60 3 5 57 20 0 7 15 43 70 10 72 63 16 72 47 39 21 35 31 2 33 62 28 53 72 47 71 29 37 4 49 58
run=14 seed=13 k=73 f=0
12 48 59 14 40 61 8 25 30 26 60 35 22 49 50 21 72 37 33 48 15 72 51 52 0 72 34 62 21 0 29 10 72 64 34 21 45 2 64 43 48 9 17 28 10 53 34 43 12 1 7 15 57 45 1 42 72 9 28 72 26 5 39 19 7 29 0 67 67 2 70 20 56 46 16 16 57 48 61 22 44 38 71 62 39 50 6 42 23 56 55 41 54 36 27 62 4 5 46 67
run=15 seed=14 k=73 f=0
56 0 54 71 56 12 28 65 1 72 13 43 49 43 25 62 68 50 22 31 42 72 13 63 0 34 51 60 19 57 51 42 72 17 18 36 56 38 49 48 57 0 43 29 70 49 6 44 21 4 8 28 17 62 35 22 13 45 38 53 35 22 31 34 7 26 1 59 63 27 32 72 39 70 36 1 9 18 54 41 62 11 26 11 43 36 0 58 43 46 14 24 1 72 70 63 10 20 29 8
run=16 seed=15 k=73 f=0
48 3 59 72 11 0 7 12 41 40 26 30 8 21 37 53 38 65 6 60 22 0 45 35 32 0 71 41 72 58 55 1 59 45 47 28 15 0 66 16 15 6 49 13 27 65 19 20 30 14 16 5 61 29 66 30 62 19 0 62 51 43 61 52 42 34 72 32 29 11 60 18 25 72 36 23 72 39 70 23 0 22 18 21 72 48 58 56 50 68 54 52 71 51 35 42 11 10 43 4
run=17 seed=16 k=73 f=0
12 55 32 22 59 42 58 65 70 32 21 43 48 11 15 35 38 18 21 27 36 72 11 53 21 51 40 63 72 8 42 1 0 28 52 72 61 40 38 26 8 58 11 26 0 14 44 33 21 67 8 1 29 0 22 17 13 0 47 33 6 72 63 9 47 26 64 47 43 62 68 10 5 53 35 1 70 57 72 9 52 7 72 19 57 23 17 63 41 51 29 54 3 72 15 31 32 61 0 48
run=18 seed=17 k=73 f=0
37 40 0 64 65 10 36 52 19 45 23 19 41 34 72 42 47 22 21 32 68 29 54 55 8 12 58 0 48 64 53 0 29 58 70 62 0 72 51 39 35 0 64 3 28 71 5 72 7 22 2 27 7 46 12 20 18 21 64 32 10 50 31 65 0 27 45 9 3 42 66 67 59 0 14 15 54 15 0 62 70 53 72 55 57 62 17 10 30 46 7 43 60 51 27 32 12 39 72 68
run=19 seed=18 k=73 f=0
27 70 49 72 65 70 44 49 26 29 14 35 44 11 39 41 6 33 21 69 65 71 67 53 0 3 31 59 53 30 11 6 0 7 49 36 1 10 57 62 8 43 26 61 3 35 22 13 19 30 61 20 17 56 42 38 57 32 25 68 24 4 56 24 65 16 44 42 71 46 0 19 20 58 0 15 0 8 16 27 4 63 33 16 51 22 35 3 19 56 72 59 27 72 29 35 47 11 7 50
run=20 seed=19 k=73 f=0
30 1 55 12 33 66 62 14 4 41 44 32 43 0 34 25 20 36 72 31 58 27 11 42 39 72 0 69 60 66 54 21 2 48 60 14 71 51 37 36 7 50 72 58 19 36 0 51 12 1 70 14 60 20 8 39 32 0 29 18 13 16 54 9 61 15 22 50 72 25 30 59 46 2 56 54 25 8 65 43 66 27 28 72 19 10 51 27 42 19 46 72 1 22 0 63 9 65 6 71
