run=1 seed=0 k=80 f=0
61 43 54 36 46 15 25 31 12 61 66 37 48 0 21 56 59 45 9 48 1 41 0 69 42 78 57 2 77 50 55 39 25 16 30 79 32 40 32 41 64 0 61 37 24 59 72 1 59 62 30 7 11 47 36 33 67 67 12 22 7 29 26 76 40 25 53 0 20 69 74 22 20 77 6 3 74 73 78 14 45 69 76 58 26 62 51 72 5 21 18 79 78 8 55 17 66 28 14 10
run=2 seed=1 k=80 f=0
61 43 54 36 46 15 25 31 12 61 66 37 48 0 21 56 59 45 9 48 1 41 0 69 42 78 57 2 77 50 55 39 25 16 30 79 32 40 32 41 64 0 61 37 24 59 72 1 59 62 30 7 11 47 36 33 67 67 12 22 7 29 26 76 40 25 53 0 20 69 74 22 20 77 6 3 74 73 78 14 45 69 76 58 26 62 51 72 5 21 18 79 78 8 55 17 66 28 14 10
run=3 seed=2 k=80 f=0
9 79 69 15 73 16 64 76 25 17 29 22 28 47 0 17 13 3 79 49 13 51 51 71 72 53 19 30 37 4 65 68 62 21 57 0 52 20 41 77 6 45 57 26 20 44 36 52 62 40 74 7 39 6 0 73 0 0 28 10 16 66 63 42 23 70 35 9 66 29 70 34 79 45 13 49 35 47 37 44 66 33 49 78 34 2 23 60 78 60 57 57 78 40 16 8 9 61 69 56
run=4 seed=3 k=80 f=0
30 46 7 62 19 37 12 16 0 33 60 4 18 59 69 66 24 76 1 11 35 23 50 54 34 52 41 58 22 75 16 25 12 56 11 79 42 53 40 67 60 43 72 45 8 70 32 23 2 20 45 43 64 39 71 2 76 42 17 13 78 0 75 62 48 68 69 35 78 65 34 74 18 27 6 8 2 4 0 36 56 28 26 34 70 74 53 0 77 64 17 48 10 27 26 63 79 44 52 57
run=5 seed=4 k=80 f=0
0 0 28 0 3 31 23 27 66 53 62 30 14 44 9 17 22 46 42 32 39 1 70 79 30 72 2 42 0 16 53 74 64 37 59 24 62 6 34 39 16 47 16 72 78 11 77 12 75 63 65 29 27 46 21 32 46 53 48 21 64 25 79 4 5 71 53 49 79 10 28 57 59 1 53 79 13 39 0 6 56 56 67 79 61 41 68 78 17 69 69 42 22 32 48 54 24 79 8 8
run=6 seed=5 k=80 f=0
78 45 6 72 42 48 0 7 62 65 70 10 19 78 65 7 60 69 70 16 70 57 79 39 66 56 77 77 21 48 66 0 9 66 5 22 7 74 51 46 44 33 73 55 35 21 77 62 0 39 46 14 3 13 20 29 28 0 27 0 56 29 52 20 33 59 0 53 55 40 57 44 16 0 40 27 36 33 38 25 61 46 54 79 79 72 71 4 27 18 14 30 37 52 5 65 0 35 63 43
run=7 seed=6 k=80 f=0
63 37 73 64 28 43 0 5 40 16 44 0 6 5 43 57 0 9 79 24 31 38 45 52 6 52 60 76 37 22 57 51 71 77 36 24 18 78 56 79 48 72 73 0 46 57 13 15 55 7 59 70 16 25 54 65 38 66 53 26 33 67 17 60 38 0 32 79 61 16 64 10 79 21 30 73 45 48 27 10 44 32 2 9 0 50 22 20 17 48 7 69 65 47 31 25 27 3 55 39
run=8 seed=7 k=80 f=0
33 19 7 32 45 60 12 45 40 73 36 58 49 6 71 76 18 39 43 29 24 79 5 51 25 46 1 32 17 28 68 52 5 50 79 15 68 60 63 1 29 67 29 67 58 72 20 78 26 24 70 66 76 0 15 55 34 41 47 42 21 29 57 18 71 43 24 65 57 50 37 20 0 20 61 10 26 47 70 51 76 17 40 34 55 29 37 9 60 40 0 8 15 79 22 3 10 78 3 11
run=9 seed=8 k=80 f=0
56 49 2 29 71 10 59 65 55 30 74 22 35 40 36 50 53 79 74 42 5 28 61 63 22 49 59 16 47 3 35 0 25 70 63 0 27 19 13 12 6 14 4 17 79 8 19 49 67 21 71 47 23 41 53 55 54 79 69 59 34 0 0 70 34 64 40 23 22 79 60 79 30 36 50 41 77 71 39 28 29 64 59 69 24 0 3 15 76 78 66 34 77 45 50 10 66 15 39 6
run=10 seed=9 k=80 f=0
72 16 53 9 2 9 58 79 0 30 45 2 27 14 37 14 48 57 42 51 11 3 70 51 54 75 4 63 24 19 51 60 33 49 23 16 50 37 27 38 5 36 79 23 35 70 39 0 9 19 15 54 71 29 42 73 19 62 1 63 45 79 27 40 58 58 64 15 76 53 48 74 47 33 11 69 67 5 78 31 9 44 25 71 21 42 7 71 64 28 78 32 77 0 35 63 42 24 55 38
run=11 seed=10 k=80 f=0
19 8 40 76 0 54 8 70 65 67 22 50 49 13 54 58 0 73 70 28 68 63 72 8 39 31 59 43 75 4 77 9 79 27 7 61 22 73 12 76 4 28 23 45 52 56 16 26 61 68 5 27 63 48 21 55 32 9 15 36 79 13 23 64 48 78 36 45 46 43 79 0 1 49 79 21 55 67 52 68 0 1 34 62 37 66 36 26 22 40 30 35 41 0 55 12 18 14 12 30
run=12 seed=11 k=80 f=0
58 35 34 43 43 31 6 40 10 70 16 76 38 16 3 12 41 76 25 35 45 22 34 1 50 75 70 15 7 64 26 56 70 69 54 79 18 50 51 0 64 28 76 39 51 29 47 46 61 26 14 23 67 57 61 56 79 70 62 60 47 53 79 22 36 1 16 22 78 31 4 46 65 0 0 71 33 5 18 66 0 64 7 19 19 23 9 54 17 12 10 77 9 69 43 29 0 51 52 26
run=13 seed=12 k=80 f=0
2 47 63 23 50 57 29 75 14 27 55 9 9 14 8 24 27 46 48 60 61 49 2 75 40 72 7 12 18 66 28 48 66 59 20 26 70 79 79 7 60 30 69 11 57 38 10 18 63 35 38 79 37 3 64 35 34 73 14 62 24 70 61 6 7 23 39 69 56 43 32 31 79 35 21 67 70 32 48 42 55 45 2 72 22 26 34 74 54 2 14 0 0 54 0 45 78 79 41 53
run=14 seed=13 k=80 f=0
51 61 78 30 44 67 24 79 9 71 27 0 19 54 61 24 70 16 15 34 77 72 44 44 2 49 14 23 45 50 79 63 32 45 37 0 64 73 64 20 71 59 16 7 35 55 13 23 55 38 62 1 1 3 28 32 28 78 29 17 33 55 53 2 56 10 77 22 79 10 4 72 39 78 38 33 11 60 14 47 24 69 51 77 49 53 62 34 17 20 41 0 47 1 79 39 5 42 8 71
run=15 seed=14 k=80 f=0
44 63 71 42 79 69 36 40 58 26 18 33 0 65 62 79 76 31 21 67 23 71 17 37 56 52 0 4 24 3 33 47 8 23 44 61 16 79 2 34 74 76 19 16 73 9 51 78 25 13 17 57 10 79 15 42 52 48 26 9 65 48 38 2 31 71 53 76 0 51 56 13 64 10 63 37 9 25 6 68 79 0 46 44 46 60 20 35 29 28 13 31 63 40 67 9 14 18 56 0
run=16 seed=15 k=80 f=0
18 70 79 40 31 74 20 55 24 0 79 30 69 41 48 8 27 35 33 33 45 38 53 1 21 1 4 1 44 65 79 45 10 47 20 55 20 58 71 35 19 12 25 27 50 8 28 41 49 11 53 51 36 70 57 57 79 62 69 61 6 57 41 21 79 1 63 73 9 38 4 64 47 65 0 12 63 79 1 44 0 63 16 51 63 77 75 17 31 74 47 16 11 31 26 40 31 53 21 69
run=17 seed=16 k=80 f=0
60 13 55 15 41 79 50 68 63 52 18 26 79 67 66 33 0 67 68 36 63 34 21 53 11 32 73 21 39 3 4 1 30 78 60 1 57 71 76 46 15 48 69 19 32 8 24 39 50 23 46 35 46 40 77 64 10 65 77 71 5 26 40 46 46 19 10 27 16 54 29 52 4 56 56 8 5 48 53 71 34 73 56 60 39 15 26 5 0 73 22 43 36 26 62 0 49 47 11 74
run=18 seed=17 k=80 f=0
27 19 78 69 79 20 47 25 61 6 52 0 18 56 32 66 50 73 33 20 1 40 11 79 21 53 12 75 20 79 37 44 58 57 34 67 11 64 6 22 53 69 66 12 47 33 13 49 78 12 42 13 56 22 26 51 46 2 29 56 37 5 59 39 42 69 0 6 71 77 71 79 35 41 2 24 45 44 78 63 48 41 7 29 0 33 0 60 1 62 16 72 37 28 61 55 27 27 45 53
run=19 seed=18 k=80 f=0
41 30 54 43 33 79 7 66 61 42 36 59 38 56 30 66 17 35 0 3 8 79 74 61 0 68 25 59 79 0 4 50 29 49 0 12 2 12 55 62 37 29 67 5 39 27 19 50 48 0 0 77 77 35 66 13 71 47 54 21 68 45 29 10 21 79 70 71 11 33 28 79 15 7 56 44 24 23 8 70 73 78 19 7 79 51 49 16 13 71 64 11 30 21 6 61 48 21 46 57
run=20 seed=19 k=80 f=0
9 56 33 15 28 79 40 66 0 68 52 21 15 79 8 1 56 15 17 71 38 59 15 25 79 70 24 43 62 45 4 43 58 6 37 32 7 79 44 73 63 11 31 39 14 26 77 49 43 23 0 11 48 53 60 69 53 70 24 32 41 30 31 0 0 21 70 9 51 55 36 61 64 74 17 7 20 21 7 64 67 46 75 2 50 40 0 76 61 36 77 34 70 29 25 61 26 79 73 53
