run=1 seed=0 k=83 f=0
25 26 65 7 67 58 76 69 48 30 78 15 81 21 45 7 24 81 76 17 42 51 60 9 45 34 64 37 42 60 70 1 33 0 12 16 20 0 50 64 22 34 61 0 53 39 30 68 13 24 73 42 76 15 81 43 69 16 51 65 1 50 33 21 3 27 44 26 55 82 67 35 38 22 21 9 73 54 80 49 37 56 6 24 43 54 2 6 82 82 61 10 50 34 29 60 16 73 6 74
run=2 seed=1 k=83 f=0
25 26 65 7 67 58 76 69 48 30 78 15 81 21 45 7 24 81 76 17 42 51 60 9 45 34 64 37 42 60 70 1 33 0 12 16 20 0 50 64 22 34 61 0 53 39 30 68 13 24 73 42 76 15 81 43 69 16 51 65 1 50 33 21 3 27 44 26 55 82 67 35 38 22 21 9 73 54 80 49 37 56 6 24 43 54 2 6 82 82 61 10 50 34 29 60 16 73 6 74
run=3 seed=2 k=83 f=0
62 0 0 81 64 16 55 34 51 45 25 77 22 73 60 5 12 31 56 77 16 48 21 43 69 25 47 60 0 18 29 0 25 29 81 35 82 41 48 67 11 65 18 82 78 64 3 69 14 70 46 4 38 16 10 36 58 77 45 13 37 75 31 50 76 50 2 19 53 6 65 68 55 41 72 82 25 12 61 43 70 9 47 29 0 61 34 37 34 81 18 12 73 5 27 32 72 42 53 46
run=4 seed=3 k=83 f=0
82 5 25 34 77 11 49 69 53 19 37 57 73 67 16 7 67 53 47 64 67 7 54 35 23 82 21 24 82 44 79 45 1 21 60 58 80 15 29 82 72 22 28 73 45 0 81 66 35 56 19 48 15 65 54 71 60 31 14 48 72 28 0 45 16 8 23 14 8 11 63 80 41 35 60 53 38 15 44 16 67 73 65 5 23 33 29 42 43 33 39 28 51 27 79 3 52 6 13 62
run=5 seed=4 k=83 f=0
32 18 81 42 0 22 10 0 73 56 31 55 19 70 13 19 55 0 16 5 46 38 77 44 49 4 59 74 20 60 55 82 74 77 6 4 3 50 39 40 62 72 26 11 32 24 68 53 82 67 61 79 81 59 48 2 65 27 1 4 16 28 9 82 82 56 65 36 31 77 0 45 59 72 50 9 17 80 69 23 48 52 65 29 31 35 62 11 31 82 24 14 74 28 69 41 10 18 43 41
run=6 seed=5 k=83 f=0
63 23 55 32 37 24 82 69 8 56 80 52 44 0 80 58 55 69 56 0 82 26 76 12 1 14 19 50 39 8 63 28 82 18 72 4 0 53 16 82 65 63 69 51 7 50 0 33 62 1 3 20 55 72 66 56 11 36 63 12 78 78 45 0 74 36 42 75 8 69 9 40 19 31 34 81 43 28 16 2 32 64 42 0 38 59 31 66 44 41 47 60 73 28 24 19 80 21 20 9
run=7 seed=6 k=83 f=0
36 62 0 55 54 55 62 58 17 35 13 63 38 82 35 56 79 11 82 78 63 76 71 26 8 45 0 21 3 20 43 39 5 38 0 73 31 82 52 49 37 35 53 66 79 6 51 17 61 12 57 73 1 23 16 12 0 16 40 73 57 32 29 78 60 44 44 48 61 13 6 64 0 20 68 44 26 22 62 36 30 82 30 82 18 24 10 10 69 0 0 26 52 21 67 73 70 30 46 80
run=8 seed=7 k=83 f=0
29 28 81 38 23 51 74 78 8 82 69 82 80 14 14 3 38 36 57 32 31 3 49 74 32 51 50 71 29 34 53 0 12 65 61 3 9 58 78 5 28 12 16 44 38 16 50 65 39 5 62 30 10 30 0 60 0 23 68 55 5 16 13 6 41 74 21 44 52 23 71 21 78 24 25 35 43 60 81 20 66 60 82 72 7 2 76 12 22 19 48 57 47 67 15 21 7 69 45 69
run=9 seed=8 k=83 f=0
7 6 63 51 35 80 71 82 36 55 73 8 6 46 24 70 13 0 1 27 14 50 52 66 81 42 61 39 17 27 66 48 15 20 81 73 62 18 21 3 50 61 32 59 16 58 40 26 33 7 59 62 58 30 24 80 42 63 44 31 40 51 36 33 34 0 40 68 71 64 69 1 20 42 6 12 18 47 24 54 55 0 76 70 27 49 29 25 78 13 82 15 53 72 42 81 22 11 45 30
run=10 seed=9 k=83 f=0
42 12 56 30 9 73 62 3 22 35 54 0 14 51 82 68 54 10 12 60 42 44 45 35 78 69 8 65 80 73 22 81 50 8 42 66 69 25 56 62 39 11 50 0 80 37 26 82 34 15 66 0 60 77 18 56 80 37 20 41 23 55 2 63 29 31 23 49 81 34 82 41 30 37 17 20 72 60 12 33 75 0 39 50 62 27 25 74 44 82 4 67 59 50 47 0 2 11 61 17
run=11 seed=10 k=83 f=0
11 15 27 80 25 29 60 66 72 82 56 7 45 66 17 0 26 38 40 33 66 48 55 73 35 37 78 65 38 13 34 24 20 33 19 66 82 23 32 72 25 73 40 82 4 18 0 58 53 69 27 1 60 10 49 77 3 16 82 19 56 53 7 14 51 57 3 47 56 46 82 7 69 79 82 14 10 49 45 80 0 3 73 64 5 69 38 9 53 23 76 40 14 73 59 36 52 63 30 25
run=12 seed=11 k=83 f=0
40 5 82 66 54 52 75 40 46 34 50 68 82 25 73 67 18 8 69 70 76 67 27 25 1 3 35 39 0 12 74 18 14 7 71 82 70 33 56 4 21 82 14 74 63 32 24 61 24 39 7 62 44 52 0 46 15 55 44 43 61 35 82 43 31 63 1 0 13 17 2 8 47 79 59 37 80 30 35 30 26 21 82 33 11 61 49 22 12 2 47 79 1 44 76 53 57 57 20 21
run=13 seed=12 k=83 f=0
53 74 52 9 82 19 34 57 68 18 81 32 34 69 61 48 65 37 74 76 81 73 5 29 59 74 37 20 10 5 7 49 61 48 0 43 7 25 25 50 56 24 1 12 38 25 64 4 0 1 57 39 54 82 46 53 64 18 73 75 39 75 82 47 35 40 82 0 59 0 19 8 25 65 41 82 10 70 33 79 15 18 28 59 7 42 26 22 40 17 66 15 16 50 49 73 61 31 48 0
run=14 seed=13 k=83 f=0
2 70 60 48 2 40 36 75 40 44 48 82 34 73 0 55 65 75 33 7 64 15 0 54 80 24 33 52 32 60 61 16 22 65 58 47 71 0 73 49 0 42 55 12 36 55 82 64 57 70 75 34 45 5 65 46 81 9 15 22 55 47 44 7 9 50 82 67 81 39 19 82 27 34 28 52 8 36 30 41 15 77 15 0 67 6 20 14 14 5 60 0 21 9 27 44 25 31 68 68
run=15 seed=14 k=83 f=0
44 18 66 82 65 51 73 69 59 73 55 35 29 82 75 49 25 60 61 50 13 80 67 29 80 51 63 36 82 41 46 11 19 10 60 1 53 37 76 33 24 25 68 70 27 0 49 9 46 4 60 42 60 42 14 56 65 56 16 48 62 77 39 36 35 42 82 76 6 28 11 41 25 6 19 67 20 33 4 79 15 35 75 74 82 6 51 74 16 32 53 30 79 0 42 20 2 24 12 14
run=16 seed=15 k=83 f=0
33 78 12 63 51 81 7 71 48 82 0 19 38 73 22 28 82 54 50 66 54 64 53 65 67 40 28 29 65 24 62 80 25 77 46 16 28 0 69 61 30 34 34 73 41 56 44 42 52 52 29 37 10 31 65 3 10 14 32 56 26 37 40 1 59 18 7 21 25 82 75 10 19 7 13 8 4 60 0 69 39 72 21 10 44 48 16 75 82 53 0 37 69 82 23 61 14 4 78 47
run=17 seed=16 k=83 f=0
55 14 35 58 32 39 52 30 80 41 9 13 66 77 65 20 79 0 8 25 31 82 69 66 51 74 38 82 49 39 38 16 17 17 0 73 50 23 0 12 60 77 65 46 5 2 71 82 33 5 56 25 51 42 18 48 41 27 32 4 33 77 39 10 34 60 27 65 60 64 77 73 33 42 60 28 51 11 5 45 81 12 73 58 50 73 71 20 23 22 41 45 2 80 19 13 29 49 67 63
run=18 seed=17 k=83 f=0
0 50 26 0 22 27 61 56 17 3 37 72 0 12 46 21 8 6 76 46 40 31 0 60 46 67 6 2 43 0 73 82 41 22 62 67 53 23 35 19 1 9 35 82 9 8 43 18 8 13 12 37 28 51 69 15 73 54 32 53 48 72 80 35 11 17 51 32 78 23 53 72 64 51 75 82 28 13 67 44 6 79 82 63 18 30 52 68 38 68 46 65 33 63 61 45 58 58 26 33
run=19 seed=18 k=83 f=0
70 25 64 20 43 77 46 74 5 68 43 67 50 34 9 18 15 58 50 69 61 37 64 33 9 30 0 56 1 22 5 24 0 68 62 18 18 9 63 23 38 82 52 26 75 13 0 42 63 39 20 1 33 82 16 15 38 0 36 51 18 4 55 66 82 73 10 79 49 43 56 35 82 32 53 13 10 37 75 40 77 55 64 9 72 36 80 12 74 59 5 62 82 27 29 0 81 43 30 49
run=20 seed=19 k=83 f=0
61 69 33 46 4 68 54 43 80 73 29 47 80 82 12 67 76 0 34 49 53 65 14 25 82 3 18 36 77 22 7 9 78 38 19 46 1 49 0 9 64 1 16 16 57 15 4 54 13 76 19 66 48 26 13 50 39 24 2 60 40 74 36 37 19 23 7 0 53 13 6 70 41 26 73 52 32 31 57 0 82 69 28 70 41 35 41 44 60 33 73 58 70 30 28 59 82 21 11 50
