run=1 seed=0 k=91 f=0
90 89 36 82 83 70 76 17 0 59 5 68 2 16 65 25 49 32 22 37 89 24 60 0 43 6 54 55 36 52 27 77 56 61 65 35 37 70 9 37 79 11 68 14 37 31 87 45 30 15 24 90 0 43 44 6 11 32 2 58 23 7 88 19 64 20 82 11 24 0 16 25 65 80 70 44 74 50 71 18 28 56 12 90 53 81 7 65 25 39 72 46 79 46 88 60 81 90 77 76
run=2 seed=1 k=91 f=0
90 89 36 82 83 70 76 17 0 59 5 68 2 16 65 25 49 32 22 37 89 24 60 0 43 6 54 55 36 52 27 77 56 61 65 35 37 70 9 37 79 11 68 14 37 31 87 45 30 15 24 90 0 43 44 6 11 32 2 58 23 7 88 19 64 20 82 11 24 0 16 25 65 80 70 44 74 50 71 18 28 56 12 90 53 81 7 65 25 39 72 46 79 46 88 60 81 90 77 76
run=3 seed=2 k=91 f=0
7 90 22 57 50 77 90 41 70 81 74 90 40 21 12 46 24 38 23 88 15 48 65 0 10 3 66 78 67 9 16 31 62 65 87 84 30 21 73 60 5 19 5 30 40 17 0 45 11 73 5 11 24 34 64 84 0 33 39 27 42 56 0 68 55 79 15 10 1 0 88 79 89 2 25 17 73 69 80 47 50 48 58 79 29 83 31 59 82 70 39 54 89 68 64 53 30 39 59 21
run=4 seed=3 k=91 f=0
32 47 33 42 6 25 55 77 15 22 68 4 31 37 72 67 21 80 44 23 70 9 76 9 27 22 10 61 90 60 89 38 72 0 44 61 64 11 0 2 30 16 70 16 33 28 20 53 72 5 76 70 18 67 84 37 49 35 61 47 75 60 12 0 20 82 90 2 56 37 54 56 39 88 44 68 14 5 85 80 26 90 1 66 90 60 28 16 80 51 80 87 22 1 13 41 27 51 30 48
run=5 seed=4 k=91 f=0
21 10 66 2 21 0 42 53 48 9 44 49 85 90 90 2 38 89 55 27 30 28 46 11 68 25 82 83 60 19 57 18 29 74 31 84 36 3 67 0 41 69 47 61 1 9 84 75 25 81 7 55 76 17 61 90 46 26 75 38 85 16 12 35 5 79 45 88 80 76 49 39 39 9 0 19 45 52 90 18 0 34 36 11 61 28 67 68 56 37 34 63 14 58 90 74 72 77 80 80
run=6 seed=5 k=91 f=0
70 23 87 16 70 40 79 67 72 81 35 78 20 52 69 65 90 77 62 60 61 0 25 21 80 59 22 0 51 84 47 43 1 31 58 11 46 12 25 75 17 60 84 85 90 54 22 52 38 7 43 8 31 40 39 14 3 38 14 17 23 58 53 90 45 30 31 81 18 57 69 3 47 89 10 82 29 17 0 67 38 0 75 69 31 65 45 8 48 42 90 90 84 72 3 53 56 27 28 7
run=7 seed=6 k=91 f=0
70 61 63 72 66 87 0 14 8 21 86 28 0 40 90 34 51 21 60 21 21 66 77 5 25 52 59 48 54 45 3 0 38 37 71 28 9 59 0 28 44 74 9 79 87 57 21 49 71 13 78 14 21 80 80 54 39 43 63 40 34 44 87 30 75 67 14 35 90 48 6 43 63 69 30 66 1 54 9 37 10 42 31 63 15 19 58 89 26 90 84 77 82 48 35 28 79 85 7 2
run=8 seed=7 k=91 f=0
6 12 45 64 48 74 31 46 37 56 33 90 0 20 11 18 30 81 0 61 6 39 10 38 50 54 72 2 8 80 83 26 87 58 90 19 74 22 63 51 44 0 70 67 23 16 7 52 61 24 31 36 56 90 30 63 36 83 69 42 48 1 62 15 11 65 28 51 64 54 69 6 57 88 68 81 74 43 1 44 73 0 37 26 90 16 8 55 73 20 35 87 88 13 25 46 51 82 57 34
run=9 seed=8 k=91 f=0
27 80 28 19 90 45 58 40 35 4 31 71 68 40 87 49 38 56 20 45 76 1 87 11 24 64 88 41 62 84 5 58 35 89 18 90 88 32 58 9 40 17 29 64 23 12 74 71 45 3 89 84 48 43 58 34 59 14 57 80 32 20 70 2 5 49 82 1 32 44 52 25 76 11 49 75 65 5 1 75 0 51 71 52 27 34 46 0 79 24 67 67 15 6 14 81 58 71 6 40
run=10 seed=9 k=91 f=0
86 86 0 67 2 34 88 84 57 77 29 90 54 36 43 69 6 27 59 2 12 1 90 75 23 24 23 10 51 16 61 14 11 34 53 68 3 42 17 15 90 72 68 41 30 75 50 1 14 54 84 29 77 7 44 40 32 31 37 33 47 56 56 83 81 88 51 90 87 0 72 49 16 78 65 38 62 62 80 22 76 82 50 63 6 68 71 1 15 25 26 39 78 65 47 24 73 31 7 5
run=11 seed=10 k=91 f=0
76 22 89 20 37 44 33 58 63 61 74 78 72 22 9 39 67 14 16 32 79 0 55 24 21 39 86 77 38 17 68 23 35 67 0 0 65 83 41 50 74 27 37 89 3 12 87 56 2 72 50 14 31 55 88 53 30 86 7 69 19 80 77 2 49 5 68 5 31 85 90 52 62 31 49 64 72 49 29 59 54 79 46 61 23 19 82 63 0 42 30 40 44 13 6 58 13 47 6 7
run=12 seed=11 k=91 f=0
83 65 85 70 44 48 78 23 32 88 65 90 3 14 11 69 47 0 25 83 61 57 88 12 39 24 72 85 71 85 54 1 61 28 20 70 86 11 17 6 56 52 43 30 12 90 5 90 52 1 20 80 32 16 74 74 38 61 26 1 21 78 1 22 0 16 39 10 52 78 64 56 18 32 38 86 38 6 12 29 46 59 22 63 41 59 69 46 49 13 34 47 68 28 9 76 0 41 30 52
run=13 seed=12 k=91 f=0
18 2 7 46 37 34 77 25 15 28 90 40 66 67 81 37 90 70 24 85 83 55 24 76 10 34 55 63 21 45 27 33 10 30 42 55 24 44 2 33 38 7 49 87 18 39 11 63 58 19 14 51 74 86 57 84 3 75 0 86 0 56 56 21 90 52 44 75 5 62 8 7 1 15 65 73 17 27 65 11 47 59 89 29 18 55 79 27 68 18 81 0 75 34 30 88 37 27 72 50
run=14 seed=13 k=91 f=0
22 20 21 47 75 57 35 27 39 1 68 24 63 65 79 7 69 16 84 22 69 42 43 76 27 56 32 36 8 3 70 83 10 60 16 31 53 13 53 39 61 33 87 89 48 75 89 1 74 90 47 58 64 1 85 13 86 14 76 60 65 34 61 46 45 21 39 62 27 2 7 4 69 57 17 36 49 80 85 79 14 10 2 43 20 89 7 77 67 51 68 55 43 30 78 0 60 30 80 51
run=15 seed=14 k=91 f=0
59 7 90 81 62 37 74 35 30 89 76 22 88 23 49 65 72 45 51 89 54 42 88 28 41 24 62 37 84 67 66 19 83 7 9 0 23 60 89 18 35 4 82 7 17 50 85 18 3 60 77 0 27 16 45 23 73 49 60 31 37 89 12 54 75 0 68 10 33 66 26 45 32 17 58 18 78 23 27 86 45 67 54 73 82 39 53 68 2 14 10 0 41 13 57 49 77 40 47 74
run=16 seed=15 k=91 f=0
10 54 55 4 74 60 44 7 72 64 54 58 16 45 11 15 47 84 2 1 40 90 69 19 89 66 65 44 72 67 21 35 90 12 4 53 75 45 84 59 14 14 87 67 31 61 0 42 36 87 0 25 8 21 16 35 7 55 19 90 1 54 8 74 70 68 33 15 35 65 29 49 3 25 28 76 90 26 38 69 22 38 63 31 60 9 80 51 79 50 38 81 26 57 47 87 81 26 39 77
run=17 seed=16 k=91 f=0
77 66 21 61 4 90 0 90 49 20 58 50 33 75 2 43 90 68 39 65 25 64 73 15 29 81 6 13 28 33 76 30 0 44 83 55 42 16 31 57 82 79 16 8 89 72 82 24 53 52 82 38 22 13 53 56 3 1 23 40 18 57 62 33 63 49 47 85 10 11 90 15 19 35 24 23 28 36 12 49 86 33 45 60 47 65 66 13 90 10 70 39 61 87 2 74 26 8 3 85
run=18 seed=17 k=91 f=0
28 1 79 61 4 15 36 90 53 64 38 79 8 13 46 47 58 58 57 27 25 11 75 6 66 3 60 10 57 50 36 78 36 25 21 84 86 41 42 69 90 71 87 76 72 45 81 49 0 20 45 79 28 71 86 75 18 25 1 23 45 85 87 23 23 57 65 68 40 51 76 9 0 35 0 15 53 19 35 47 0 89 59 9 63 88 30 81 12 64 70 20 73 32 33 52 19 39 31 10
run=19 seed=18 k=91 f=0
69 3 39 13 39 83 76 90 85 9 14 81 11 53 79 23 8 76 8 56 80 83 49 16 0 4 75 81 72 56 37 41 61 43 33 26 0 42 35 90 20 34 31 90 51 34 24 0 73 88 38 60 11 57 69 11 58 87 28 60 42 36 62 29 43 67 50 19 78 15 64 27 44 9 65 55 24 11 74 18 1 50 89 21 82 29 47 46 28 0 75 3 32 89 90 23 68 69 7 56
run=20 seed=19 k=91 f=0
20 53 65 39 1 34 80 23 11 13 78 26 28 27 84 33 83 77 27 54 61 33 76 56 0 5 16 89 59 85 24 34 2 90 20 82 35 45 8 4 90 49 38 49 8 0 52 13 85 73 10 51 69 17 44 63 19 25 44 68 78 26 15 87 46 74 65 73 61 52 38 83 7 69 42 0 77 88 64 71 34 24 78 12 17 81 39 38 56 73 74 62 6 54 63 68 14 47 4 59
