run=1 seed=0 k=90 f=0
80 16 53 17 89 28 0 14 69 1 29 65 50 38 86 75 0 65 52 5 66 7 87 40 62 6 53 39 35 49 59 82 0 25 64 62 73 7 31 55 78 0 81 89 51 88 39 72 60 30 42 46 70 63 26 31 89 50 24 24 57 45 14 84 12 35 18 23 13 47 37 43 54 1 74 87 74 9 41 86 73 78 6 10 68 58 32 11 44 19 5 60 26 16 19 81 73 36 84 35
run=2 seed=1 k=90 f=0
80 16 53 17 89 28 0 14 69 1 29 65 50 38 86 75 0 65 52 5 66 7 87 40 62 6 53 39 35 49 59 82 0 25 64 62 73 7 31 55 78 0 81 89 51 88 39 72 60 30 42 46 70 63 26 31 89 50 24 24 57 45 14 84 12 35 18 23 13 47 37 43 54 1 74 87 74 9 41 86 73 78 6 10 68 58 32 11 44 19 5 60 26 16 19 81 73 36 84 35
run=3 seed=2 k=90 f=0
61 39 9 35 35 48 53 87 20 57 15 58 9 72 51 30 74 67 55 50 62 36 65 19 51 0 82 20 35 22 3 6 29 82 46 70 22 40 0 17 46 47 73 89 12 28 2 82 69 25 44 27 56 44 0 64 80 43 38 5 81 42 10 1 13 88 7 41 86 50 21 73 15 5 69 63 7 37 1 54 25 60 30 68 89 72 63 20 76 11 78 57 0 50 38 31 79 85 76 75
run=4 seed=3 k=90 f=0
65 85 18 58 15 37 0 47 4 4 29 1 63 77 9 81 43 55 30 75 25 79 73 48 13 67 65 76 74 58 34 19 16 71 88 74 55 39 40 18 0 19 49 89 1 12 23 82 72 50 43 49 40 88 31 42 6 51 56 34 10 10 1 71 60 47 3 52 69 55 50 34 23 35 38 24 60 33 65 7 83 81 61 89 78 14 36 81 31 4 8 85 16 88 68 30 25 43 66 44
run=5 seed=4 k=90 f=0
75 89 64 26 43 68 15 0 78 65 89 84 4 5 13 24 30 17 82 29 77 74 72 10 63 88 39 69 29 10 0 53 25 58 79 39 67 50 53 0 31 59 66 3 14 42 83 59 60 73 55 89 57 34 28 39 36 7 12 75 16 80 83 41 16 44 47 9 37 66 44 69 33 87 66 10 18 88 39 56 21 1 34 36 73 40 48 65 52 20 0 22 24 84 88 16 27 18 45 55
run=6 seed=5 k=90 f=0
10 5 57 73 86 82 80 71 33 31 89 7 0 18 10 67 37 4 55 18 44 56 9 63 21 20 38 13 33 38 36 57 47 14 65 1 7 81 70 24 24 17 53 75 60 63 27 37 46 29 67 45 72 39 77 86 55 29 60 49 1 54 50 70 15 24 21 7 9 61 7 84 89 47 46 78 54 58 73 89 28 48 44 83 33 21 0 9 2 76 41 0 71 36 89 14 25 89 64 41
run=7 seed=6 k=90 f=0
81 0 73 5 68 52 41 33 61 16 65 73 15 84 22 1 80 34 37 70 81 48 68 12 89 82 27 17 5 0 44 17 2 69 36 71 36 44 17 1 7 42 64 42 57 87 9 88 28 64 38 46 24 27 6 23 72 51 14 82 66 22 40 60 57 24 27 46 74 89 75 7 74 11 56 66 59 57 7 89 31 53 82 25 84 56 23 89 14 83 47 78 53 62 0 5 74 36 13 15
run=8 seed=7 k=90 f=0
28 0 59 26 14 83 82 37 46 43 5 1 60 66 88 69 28 55 20 32 44 61 18 74 42 75 15 72 64 26 63 64 49 32 6 7 27 51 43 60 33 56 89 0 38 18 52 65 77 51 8 34 53 67 25 14 87 53 0 33 38 45 9 18 58 67 36 85 88 71 0 53 78 7 89 26 76 14 81 21 89 3 80 19 66 49 51 23 37 44 80 75 17 3 14 37 30 12 79 87
run=9 seed=8 k=90 f=0
0 54 12 89 81 73 52 69 36 56 50 21 76 3 59 89 3 30 43 17 66 88 57 24 10 27 74 17 84 16 3 27 57 75 11 17 13 27 67 29 52 0 83 38 37 60 43 85 64 4 53 66 46 19 25 66 49 34 39 37 88 4 22 50 33 32 9 1 48 48 21 56 80 17 8 6 75 51 83 41 28 47 70 60 89 13 88 44 80 34 81 82 87 3 59 38 26 66 76 64
run=10 seed=9 k=90 f=0
42 44 25 67 89 54 50 27 2 64 83 59 88 49 54 80 89 0 48 22 42 4 48 75 39 44 54 83 49 54 12 45 34 87 1 17 80 69 68 44 86 89 31 25 4 39 19 63 49 9 5 34 70 59 76 38 10 7 75 12 24 47 18 20 6 1 89 89 25 0 41 75 11 59 64 22 12 58 28 61 30 16 57 77 13 73 70 66 76 70 79 10 25 58 54 33 21 33 34 70
run=11 seed=10 k=90 f=0
82 58 2 35 9 17 7 31 21 80 83 78 18 63 74 1 60 88 65 76 24 57 25 34 52 48 3 66 61 66 27 63 2 87 50 44 45 55 30 13 80 50 38 24 19 71 47 53 6 57 35 87 83 27 41 11 31 16 80 42 70 48 89 67 9 0 74 53 25 89 40 12 11 20 15 49 35 38 44 6 21 13 0 14 0 10 74 47 65 21 57 40 76 67 71 84 75 83 2 62
run=12 seed=11 k=90 f=0
81 14 87 23 27 40 63 69 59 73 20 10 38 16 78 19 65 74 75 12 32 42 37 31 5 35 52 68 78 54 86 76 49 82 22 58 46 15 16 10 27 37 72 0 51 49 11 9 30 53 57 58 60 3 2 24 89 29 89 0 57 88 73 62 89 61 22 0 38 43 4 36 55 67 89 83 85 64 82 76 68 71 39 87 63 25 48 12 14 75 34 29 0 68 51 77 6 42 62 44
run=13 seed=12 k=90 f=0
42 14 8 33 23 0 86 37 67 0 88 16 2 88 58 52 17 82 48 2 82 8 30 14 78 22 59 89 63 21 27 44 89 63 40 67 10 69 3 26 57 0 72 60 2 16 29 76 60 41 56 8 47 1 33 35 22 38 84 48 27 6 64 27 27 63 33 26 65 74 79 11 70 38 56 11 56 10 0 71 36 48 81 82 41 26 79 72 74 46 20 77 89 44 87 34 58 83 71 24
run=14 seed=13 k=90 f=0
31 11 9 31 27 64 3 35 89 3 0 89 82 54 79 24 27 57 37 24 56 28 77 18 63 66 68 75 72 19 30 15 45 84 88 0 19 49 24 70 89 41 36 89 82 71 49 82 2 48 43 11 3 22 37 67 72 86 35 6 11 0 17 9 9 30 73 80 79 48 70 50 38 85 9 57 45 51 42 1 66 40 20 26 30 34 60 21 56 78 78 60 38 63 16 11 55 0 54 7
run=15 seed=14 k=90 f=0
13 32 53 70 43 34 45 67 62 16 18 22 30 30 86 79 16 19 69 10 88 89 50 80 40 0 25 4 56 3 13 1 89 58 71 41 63 38 31 35 6 32 54 27 60 27 80 50 75 31 42 9 70 8 89 20 22 30 24 8 51 43 7 8 23 54 61 87 80 63 58 48 55 63 51 49 0 72 87 26 0 18 80 88 86 82 54 71 39 40 77 36 1 47 16 10 48 78 75 1
run=16 seed=15 k=90 f=0
82 43 57 37 48 8 7 11 89 88 31 8 74 14 10 15 89 64 1 81 35 57 63 52 48 68 58 21 70 48 34 23 72 82 60 59 82 65 89 34 11 84 68 25 78 74 18 18 47 0 57 70 5 29 26 75 24 78 6 35 43 32 30 78 31 52 43 64 79 77 38 48 89 53 0 25 1 36 21 51 17 46 87 60 82 43 43 18 21 65 67 40 9 0 51 89 11 4 23 0
run=17 seed=16 k=90 f=0
8 33 84 22 39 53 37 53 33 78 69 63 42 21 15 82 55 70 71 3 77 62 21 63 11 0 86 43 19 82 58 46 28 76 62 37 49 57 58 84 9 28 19 89 12 89 1 79 81 52 34 13 66 8 55 71 18 47 67 45 73 23 1 11 86 26 0 79 46 78 64 17 41 16 14 50 2 18 36 23 14 69 3 4 30 86 72 65 43 47 23 25 6 89 1 72 86 59 37 60
run=18 seed=17 k=90 f=0
1 57 87 17 16 89 52 81 9 47 44 15 59 76 34 68 18 57 44 1 2 11 6 68 89 78 16 26 24 0 37 52 78 38 41 60 30 67 86 29 21 71 66 49 85 73 89 28 40 25 35 89 21 3 34 77 19 61 36 60 32 83 44 7 35 73 18 23 57 68 1 38 36 15 30 77 1 11 75 81 7 44 47 88 12 46 67 80 67 20 52 61 9 50 28 86 6 57 52 24
run=19 seed=18 k=90 f=0
87 80 64 12 39 46 18 87 2 27 16 61 62 68 22 53 70 0 39 43 84 79 45 6 18 88 34 35 24 40 56 23 55 6 79 70 27 45 29 21 61 70 47 63 9 59 26 80 72 56 31 11 89 35 50 14 2 60 33 1 20 36 85 23 0 69 17 52 1 13 81 82 10 77 48 89 58 42 2 45 77 74 69 89 7 41 89 49 46 0 50 67 54 36 21 15 22 30 9 26
run=20 seed=19 k=90 f=0
0 86 40 71 33 14 89 77 2 4 7 40 33 66 49 16 89 26 64 61 17 27 76 72 58 61 38 2 65 0 75 85 56 11 27 31 26 8 89 81 12 89 31 48 55 45 55 81 51 6 12 54 68 33 48 36 79 23 2 53 82 63 46 89 23 71 39 52 41 17 3 16 7 35 19 70 16 68 35 64 8 17 15 74 58 26 72 47 80 63 45 68 89 61 81 42 45 27 32 85
