run=1 seed=0 k=75 f=0
0 0 28 19 65 17 62 38 9 74 59 53 60 31 12 22 7 41 46 22 9 53 0 54 36 56 44 73 65 6 29 31 74 32 24 34 41 25 20 69 2 26 50 9 42 46 23 63 6 40 46 1 57 74 52 67 73 15 52 34 40 32 73 3 12 0 26 53 13 71 53 73 58 15 14 28 58 50 62 48 6 67 9 17 66 13 39 22 2 43 59 0 52 16 40 34 20 36 73 67
run=2 seed=1 k=75 f=0
0 0 28 19 65 17 62 38 9 74 59 53 60 31 12 22 7 41 46 22 9 53 0 54 36 56 44 73 65 6 29 31 74 32 24 34 41 25 20 69 2 26 50 9 42 46 23 63 6 40 46 1 57 74 52 67 73 15 52 34 40 32 73 3 12 0 26 53 13 71 53 73 58 15 14 28 58 50 62 48 6 67 9 17 66 13 39 22 2 43 59 0 52 16 40 34 20 36 73 67
run=3 seed=2 k=75 f=0
0 33 39 55 4 33 34 13 70 28 0 19 23 52 73 10 29 17 54 5 74 51 43 62 73 21 26 0 28 65 64 37 11 74 11 20 49 31 66 47 38 74 3 49 13 44 6 42 69 47 64 70 72 64 43 39 58 3 56 10 58 68 18 3 28 7 73 18 20 43 60 48 58 31 22 15 60 37 63 54 33 9 49 2 48 52 36 34 0 30 6 58 15 40 74 2 19 31 46 26
run=4 seed=3 k=75 f=0
19 72 28 11 0 45 74 49 0 8 63 46 67 64 18 14 0 7 11 17 30 2 32 30 74 51 43 35 0 70 4 8 57 56 57 66 74 34 42 13 49 34 39 37 13 23 15 74 24 3 38 29 49 35 23 47 43 41 68 74 64 53 54 15 24 21 0 54 74 53 74 74 62 43 40 61 39 49 22 66 5 42 59 22 0 26 48 14 61 27 33 31 1 54 17 9 20 69 11 27
run=5 seed=4 k=75 f=0
27 8 43 18 12 54 3 52 65 72 1 56 50 55 62 22 13 0 42 45 57 11 55 34 31 9 19 0 8 67 32 32 6 47 49 74 19 27 15 39 30 17 16 47 44 38 59 20 59 35 31 62 72 71 35 74 71 44 74 46 73 74 1 13 59 44 66 12 6 64 9 58 38 67 23 23 29 58 66 71 36 55 63 26 69 74 20 65 27 42 51 74 10 1 0 39 51 0 34 11
run=6 seed=5 k=75 f=0
20 33 61 74 1 74 68 32 54 31 14 19 61 48 40 32 74 45 67 9 17 52 47 55 1 23 50 71 57 74 21 24 28 37 25 48 53 21 59 66 5 45 15 7 9 45 20 0 69 50 29 16 54 11 62 1 9 39 11 68 62 24 21 15 15 72 38 66 39 1 41 41 61 14 61 74 56 70 58 50 10 3 45 35 53 49 6 39 32 27 33 0 44 34 23 0 59 16 6 52
run=7 seed=6 k=75 f=0
7 13 41 24 18 0 66 29 54 0 64 26 32 32 31 1 5 14 13 46 47 58 47 35 56 12 22 2 35 49 52 11 67 34 69 50 53 40 39 60 4 4 26 43 74 17 8 26 13 57 9 41 62 48 56 19 21 14 74 72 46 63 66 48 74 5 58 36 24 18 24 69 74 39 74 56 50 21 25 34 0 72 44 60 45 49 12 67 3 40 30 1 62 73 65 0 65 63 13 30
run=8 seed=7 k=75 f=0
42 7 72 26 66 74 61 22 15 52 64 4 22 43 46 55 16 36 33 73 28 40 74 3 23 37 11 30 14 9 74 31 50 32 9 10 44 74 56 58 25 70 45 28 23 47 74 21 30 18 68 24 36 0 16 1 12 32 51 60 53 46 63 56 69 37 62 40 0 20 15 58 7 65 55 48 74 16 42 49 74 7 56 37 62 32 35 49 54 27 0 3 64 0 39 54 64 64 45 69
run=9 seed=8 k=75 f=0
67 32 45 54 74 34 11 73 15 63 19 47 66 51 62 52 0 18 15 47 9 0 44 74 73 74 59 62 3 29 3 26 5 24 22 48 39 13 37 70 30 39 53 41 12 61 43 24 49 19 17 42 68 36 0 18 30 59 8 60 53 62 18 50 62 22 56 0 33 26 21 37 0 35 52 54 13 30 36 49 9 29 41 68 43 33 57 43 5 58 0 7 74 57 73 4 71 67 12 11
run=10 seed=9 k=75 f=0
42 74 54 9 6 54 49 57 21 49 1 12 9 61 33 68 62 13 48 29 43 8 42 0 56 42 39 38 69 20 48 73 29 25 55 10 35 22 35 30 58 49 19 61 27 34 70 19 49 17 30 0 1 61 19 0 1 34 20 41 28 35 9 67 68 17 74 47 41 63 42 6 49 1 43 74 12 4 74 23 54 0 57 3 15 19 69 51 74 62 24 14 74 57 0 66 13 66 33 23
run=11 seed=10 k=75 f=0
41 58 56 1 18 23 51 38 47 32 15 0 0 51 8 27 64 47 51 10 7 21 50 32 10 17 31 68 29 74 28 55 61 11 11 0 41 11 68 1 42 9 71 15 42 29 60 8 48 26 39 73 12 41 62 45 32 74 35 20 37 37 20 68 18 51 74 21 40 46 74 0 3 60 3 60 24 55 42 49 12 65 3 58 6 53 57 66 74 33 35 68 71 58 25 20 15 35 49 66
run=12 seed=11 k=75 f=0
34 74 0 74 17 18 17 59 13 47 48 39 1 8 65 14 28 28 26 53 7 0 53 7 62 40 64 60 67 72 26 1 55 30 2 0 18 27 47 14 62 30 63 74 50 67 9 41 11 8 45 65 12 49 29 54 74 7 43 0 52 59 36 49 13 57 65 43 36 58 41 73 3 67 37 32 74 22 71 45 18 57 35 9 53 24 55 16 23 44 71 25 49 38 6 65 4 33 20 45
run=13 seed=12 k=75 f=0
62 14 10 59 73 29 15 10 19 38 0 47 9 1 24 54 72 68 6 27 39 40 27 14 65 74 43 39 37 65 71 62 74 26 24 21 17 47 43 33 27 16 53 0 27 47 73 38 56 50 22 66 47 2 18 32 1 47 7 74 54 20 17 58 57 53 50 5 53 12 36 73 43 13 56 51 12 9 0 59 31 31 63 4 17 60 44 69 41 50 68 34 26 64 0 74 3 67 27 33
run=14 seed=13 k=75 f=0
56 54 36 18 28 69 25 35 29 18 64 74 54 73 10 16 73 40 62 41 70 72 59 3 43 65 53 20 11 18 36 21 19 12 64 10 31 74 39 23 25 26 30 27 4 57 0 34 64 54 24 55 14 43 48 62 0 0 5 44 20 52 32 12 74 48 47 69 35 51 6 0 7 72 48 68 0 74 51 43 30 3 67 2 46 61 12 5 74 41 0 7 20 10 16 38 10 50 55 65
run=15 seed=14 k=75 f=0
61 2 54 74 73 36 59 54 23 56 74 70 11 0 7 22 71 52 53 59 60 21 0 45 49 38 27 67 37 0 11 7 69 6 47 9 18 28 33 63 41 29 72 29 49 33 68 1 55 28 24 29 40 46 14 37 73 15 42 8 53 12 59 24 25 33 17 49 38 45 68 16 74 63 13 59 20 41 34 55 0 15 21 16 5 52 7 68 65 46 74 41 47 2 18 39 28 1 62 5
run=16 seed=15 k=75 f=0
68 0 74 12 71 14 67 48 39 23 24 74 44 14 44 74 16 7 74 64 21 8 54 37 10 61 35 8 12 17 65 55 0 43 62 44 55 36 8 74 57 37 53 51 30 31 58 23 25 35 32 43 20 20 37 27 8 46 38 45 4 28 0 72 31 0 60 6 52 62 0 14 41 59 0 50 3 32 68 24 26 52 46 55 68 4 32 53 1 71 17 74 64 73 38 16 36 25 64 18
run=17 seed=16 k=75 f=0
54 63 36 10 26 29 41 35 29 66 73 11 1 36 63 62 29 46 48 40 16 6 22 18 39 47 57 7 39 54 40 3 39 69 20 0 40 73 74 41 56 22 28 69 16 60 25 61 50 26 54 59 34 0 74 33 23 47 54 0 5 35 74 74 24 47 9 67 11 60 15 12 3 28 15 7 50 25 10 68 19 19 51 31 65 26 2 68 74 45 33 47 9 60 42 32 23 54 62 15
run=18 seed=17 k=75 f=0
38 8 15 44 74 30 59 64 55 0 32 12 26 51 24 74 33 53 55 47 2 7 1 10 46 0 59 25 3 72 69 73 65 36 17 74 44 6 6 45 15 51 63 17 32 23 48 47 51 52 74 8 20 74 40 19 59 67 52 27 74 42 21 72 24 11 0 38 28 19 0 19 6 23 15 40 68 26 12 1 48 31 47 66 70 55 59 41 65 28 32 1 68 35 62 17 54 7 40 60
run=19 seed=18 k=75 f=0
74 63 53 19 0 49 48 52 44 72 40 7 65 18 28 34 74 21 17 57 49 24 49 0 67 37 0 50 46 0 72 16 9 57 35 36 0 53 52 6 59 31 12 56 39 32 67 27 7 10 57 65 55 1 29 44 36 59 19 20 38 70 27 39 44 17 65 25 53 63 32 66 4 42 10 11 44 43 0 15 28 71 5 73 23 38 24 31 62 16 3 74 74 26 72 44 33 6 60 14
run=20 seed=19 k=75 f=0
64 24 74 59 11 2 8 47 42 2 59 13 27 51 46 8 66 58 43 53 63 74 73 16 54 25 38 16 43 29 34 73 34 20 57 9 8 19 20 8 74 21 48 74 54 67 38 25 44 15 74 29 70 51 63 63 70 15 46 4 47 45 1 69 59 48 51 22 71 29 66 5 20 67 2 50 20 40 36 49 70 34 0 35 14 61 41 16 1 54 0 15 36 56 37 1 7 11 68 29
