run=1 seed=0 k=67 f=0
19 58 66 26 31 11 61 23 8 60 36 8 35 46 12 14 9 33 58 18 14 5 49 39 28 45 54 3 30 45 29 0 27 40 66 46 27 18 35 34 20 62 23 53 37 50 30 66 65 54 58 53 66 18 20 66 43 0 59 17 48 23 38 48 6 62 0 42 0 24 29 31 43 2 13 0 14 7 20 42 65 35 47 39 41 45 25 24 1 55 13 66 0 53 52 9 18 58 0 62
run=2 seed=1 k=67 f=0
19 58 66 26 31 11 61 23 8 60 36 8 35 46 12 14 9 33 58 18 14 5 49 39 28 45 54 3 30 45 29 0 27 40 66 46 27 18 35 34 20 62 23 53 37 50 30 66 65 54 58 53 66 18 20 66 43 0 59 17 48 23 38 48 6 62 0 42 0 24 29 31 43 2 13 0 14 7 20 42 65 35 47 39 41 45 25 24 1 55 13 66 0 53 52 9 18 58 0 62
run=3 seed=2 k=67 f=0
18 1 66 53 5 11 61 21 6 13 10 4 56 35 26 66 38 50 52 15 13 47 52 44 0 0 2 32 17 33 21 45 26 28 0 66 33 17 40 28 15 61 9 59 51 38 1 35 26 35 36 66 61 12 24 66 64 14 7 27 35 22 24 64 6 23 0 59 56 57 46 26 40 13 55 0 47 7 60 10 11 19 40 51 62 66 19 49 44 14 31 66 0 42 22 8 58 31 42 31
run=4 seed=3 k=67 f=0
37 31 66 14 66 25 6 47 24 31 66 33 28 15 21 26 54 43 31 52 15 29 1 53 66 0 20 60 60 55 3 32 0 62 25 46 21 36 6 63 22 41 66 18 12 38 20 11 13 41 19 0 46 50 54 37 65 41 20 11 19 33 13 60 60 41 66 4 39 26 0 61 6 55 0 66 48 59 32 17 55 57 21 1 50 46 9 0 31 13 15 11 49 5 39 57 49 45 24 50
run=5 seed=4 k=67 f=0
44 20 66 38 15 18 28 12 24 50 30 34 57 28 30 49 45 38 50 35 29 36 18 9 0 56 18 48 61 66 64 51 0 52 0 35 16 45 15 65 22 22 41 57 35 61 19 27 9 20 17 21 54 9 61 57 65 8 28 0 40 4 61 47 60 51 66 6 9 55 0 66 13 25 2 66 38 22 36 30 26 47 9 10 31 48 56 6 1 44 6 42 1 36 41 24 2 15 52 31
run=6 seed=5 k=67 f=0
49 16 17 26 35 35 33 50 10 19 14 10 34 66 7 65 32 43 41 21 10 66 25 26 39 39 56 65 42 0 38 65 66 5 12 19 0 43 6 40 32 33 62 58 0 59 20 11 8 56 4 51 25 47 44 28 26 0 17 66 18 21 56 53 54 61 0 43 27 36 23 1 6 51 39 14 3 31 47 21 27 0 53 52 0 56 60 47 66 45 61 29 52 17 47 66 6 52 24 15
run=7 seed=6 k=67 f=0
52 66 52 66 49 59 13 43 6 26 16 26 58 10 10 57 51 66 65 50 64 64 66 12 0 0 10 12 66 9 45 63 44 48 33 19 20 50 30 4 55 49 37 26 19 57 23 35 66 21 7 65 7 35 0 53 11 31 38 35 18 48 22 21 6 36 0 38 56 60 15 22 16 32 0 0 18 7 12 25 11 28 29 1 24 19 43 46 43 34 39 31 0 29 48 41 1 17 58 39
run=8 seed=7 k=67 f=0
29 1 9 35 59 41 29 10 16 36 27 66 32 8 42 40 36 23 35 32 26 36 52 13 0 0 20 32 5 0 23 1 0 5 43 20 47 22 60 63 44 16 43 48 15 43 20 55 40 19 45 16 54 59 49 12 64 66 21 33 23 33 28 6 7 16 66 55 0 40 16 47 60 12 51 1 27 7 11 6 12 66 66 54 66 20 54 59 50 59 51 62 0 9 27 54 48 25 42 16
run=9 seed=8 k=67 f=0
23 0 0 24 57 11 48 13 41 47 51 4 53 8 45 28 25 54 17 20 40 66 10 44 57 33 45 35 64 43 26 65 60 37 62 51 46 19 66 52 34 23 32 37 43 58 20 30 38 55 15 17 64 8 23 52 10 0 35 47 17 66 66 20 6 61 0 5 39 29 47 34 16 4 0 0 30 7 42 10 11 15 15 56 24 36 2 25 66 8 41 27 0 30 58 66 60 51 32 47
run=11 seed=10 k=67 f=0
23 17 38 58 21 55 5 50 12 8 8 62 0 37 7 52 7 0 49 55 6 57 0 30 66 28 35 25 46 0 1 26 15 24 14 37 36 45 0 44 24 24 49 44 66 33 41 6 8 16 37 54 33 66 48 9 18 39 59 4 50 19 18 39 60 50 66 44 29 28 16 1 34 41 17 66 0 59 28 35 55 0 56 14 33 20 64 60 49 66 10 63 66 27 43 55 44 21 34 10
run=12 seed=11 k=67 f=0
43 65 26 44 59 55 51 15 66 36 34 4 59 25 8 38 59 0 49 39 53 0 11 22 66 35 27 37 62 24 5 1 6 30 9 15 66 37 0 31 32 43 21 29 51 7 40 36 51 63 33 0 42 18 17 47 8 26 20 20 13 12 2 46 60 44 66 21 52 38 19 54 50 25 59 66 66 59 47 22 55 56 28 31 43 47 42 13 0 10 25 47 18 28 8 0 57 13 52 19
run=14 seed=13 k=67 f=0
23 27 59 40 60 11 54 0 66 40 27 61 60 6 33 66 9 29 17 43 13 21 2 66 47 9 20 36 44 66 17 7 44 5 24 59 0 52 30 33 53 6 66 52 1 14 46 35 16 19 28 54 43 28 48 59 43 20 40 35 54 59 29 20 6 66 0 32 66 11 45 52 16 22 37 0 14 7 60 44 49 49 55 25 23 19 0 49 0 31 39 59 24 34 66 7 7 23 15 39
run=15 seed=14 k=67 f=0
0 11 66 18 33 12 5 43 10 47 52 18 24 24 7 26 7 33 6 38 10 66 0 54 66 44 14 27 36 0 2 65 27 48 18 47 0 16 33 30 15 61 30 19 20 59 14 39 7 56 59 62 51 26 7 54 65 50 43 47 3 49 15 3 60 30 66 29 39 11 51 1 7 56 33 66 1 59 36 45 55 0 60 28 0 4 53 41 34 23 22 21 55 46 41 35 36 52 8 43
run=16 seed=15 k=67 f=0
66 38 20 50 35 11 64 0 39 24 60 4 66 8 66 15 37 52 17 55 12 41 2 36 55 10 33 10 18 10 47 8 58 5 30 29 0 8 40 66 65 66 56 22 17 15 54 46 27 42 43 15 66 33 58 32 37 63 20 54 24 62 27 27 6 22 0 66 51 61 56 22 32 24 26 0 42 7 47 22 11 59 28 45 34 30 0 2 0 20 50 47 58 49 23 17 62 28 36 42
run=17 seed=16 k=67 f=0
0 59 66 28 44 12 5 40 0 31 7 62 21 8 3 11 7 43 6 14 37 31 44 53 24 57 45 4 36 54 50 57 37 61 62 46 28 44 31 48 15 16 0 19 24 49 13 26 35 46 29 38 9 37 53 66 2 36 31 47 42 4 65 60 60 15 66 34 23 11 51 26 32 55 23 66 0 59 55 29 55 10 36 25 0 4 14 59 19 45 22 66 54 64 40 10 18 42 0 50
run=18 seed=17 k=67 f=0
60 66 66 9 49 11 22 47 17 25 24 32 9 2 20 66 51 35 66 42 39 30 34 25 0 56 10 3 42 66 51 54 52 52 44 32 16 35 46 7 20 16 8 18 28 61 13 41 54 29 18 66 58 43 38 44 1 42 21 8 64 56 13 64 6 50 0 29 17 55 28 65 47 23 38 0 57 7 60 23 24 36 18 49 60 64 31 30 0 0 13 2 66 25 38 45 35 49 57 28
run=19 seed=18 k=67 f=0
49 55 46 10 40 35 41 25 59 11 37 0 29 58 17 65 12 42 41 7 14 6 27 26 45 0 53 0 43 57 9 44 66 31 52 19 66 10 6 43 32 31 3 58 26 51 15 11 59 54 54 25 65 22 19 21 21 54 19 19 66 21 0 52 54 35 0 18 34 36 23 32 6 35 65 14 66 31 37 60 27 36 46 50 0 66 5 6 66 45 61 0 1 49 47 40 32 27 11 15
run=20 seed=19 k=67 f=0
0 0 61 0 27 12 56 51 21 41 12 4 50 12 17 63 40 43 6 46 56 44 12 21 47 27 25 61 47 61 52 59 37 16 47 28 0 12 43 0 15 23 11 56 43 66 28 49 58 49 16 66 66 35 4 36 30 3 29 57 51 26 22 3 60 7 66 31 56 11 24 6 7 1 2 66 33 16 55 9 20 42 32 40 0 28 19 35 9 8 53 38 66 21 35 40 20 53 32 32
