run=1 seed=0 k=72 f=0
12 71 71 35 11 5 7 22 27 0 58 71 41 30 43 7 62 55 40 64 47 0 43 61 22 14 35 52 1 47 9 2 20 52 6 52 17 51 26 38 11 10 21 45 1 42 15 31 8 23 12 68 36 64 42 26 67 51 1 52 58 26 71 38 0 57 71 11 57 35 71 53 65 17 32 47 48 0 31 16 6 57 60 19 56 60 24 20 1 68 65 71 33 0 18 25 40 48 39 36
run=2 seed=1 k=72 f=0
12 71 71 35 11 5 7 22 27 0 58 71 41 30 43 7 62 55 40 64 47 0 43 61 22 14 35 52 1 47 9 2 20 52 6 52 17 51 26 38 11 10 21 45 1 42 15 31 8 23 12 68 36 64 42 26 67 51 1 52 58 26 71 38 0 57 71 11 57 35 71 53 65 17 32 47 48 0 31 16 6 57 60 19 56 60 24 20 1 68 65 71 33 0 18 25 40 48 39 36
run=3 seed=2 k=72 f=0
14 28 57 46 35 37 6 10 21 24 44 5 52 44 17 64 22 7 8 39 33 50 37 28 10 0 17 0 38 0 18 2 47 40 50 71 10 29 40 61 33 56 59 56 66 29 17 63 20 26 24 5 12 64 56 35 69 52 45 48 34 71 0 17 22 45 0 52 71 29 46 66 32 47 69 16 14 24 70 38 62 71 43 16 67 71 30 8 35 63 53 59 60 0 1 38 54 12 27 42
run=4 seed=3 k=72 f=0
27 0 49 19 41 0 55 27 71 54 58 43 29 30 0 1 25 21 62 22 23 20 70 43 31 29 47 8 17 50 67 0 71 1 47 18 7 46 48 36 5 69 13 36 33 44 64 9 37 67 50 71 61 11 13 43 67 51 58 31 22 59 40 30 32 40 54 32 1 1 14 64 47 8 36 68 62 65 7 56 10 60 51 56 54 60 18 5 38 11 39 14 16 57 24 0 24 5 3 14
run=5 seed=4 k=72 f=0
63 42 50 9 48 45 17 0 21 6 65 3 0 15 71 68 64 14 0 57 40 7 57 20 7 27 47 34 18 24 69 29 8 69 54 37 19 36 15 0 64 71 62 53 26 41 32 29 27 38 51 42 15 57 60 48 8 16 27 61 10 35 48 59 50 64 71 71 31 68 41 5 0 50 52 32 70 24 34 7 45 64 1 53 6 10 21 24 0 58 57 13 47 71 23 59 19 34 39 41
run=6 seed=5 k=72 f=0
71 5 71 0 71 14 24 34 29 6 22 14 11 58 26 0 7 65 63 66 56 63 43 43 13 12 0 33 63 2 20 42 25 8 41 0 71 39 19 18 38 40 69 7 52 56 48 34 52 53 48 65 26 38 14 13 2 59 54 26 0 20 69 2 49 44 55 6 29 33 4 51 48 57 71 69 50 39 24 56 44 45 61 70 27 0 0 36 62 28 10 13 19 30 56 62 46 20 55 30
run=7 seed=6 k=72 f=0
60 1 0 18 16 27 45 41 68 8 14 35 70 71 48 28 70 53 54 4 57 8 37 68 57 62 63 57 68 30 25 33 46 36 63 8 63 38 40 54 23 60 60 35 49 25 64 16 55 71 8 34 66 54 28 17 18 45 8 45 9 42 0 6 32 33 0 57 44 18 13 20 11 18 0 0 0 21 15 6 27 9 35 1 48 53 23 23 31 52 71 50 47 2 62 28 43 39 21 71
run=8 seed=7 k=72 f=0
58 5 51 35 42 19 28 62 23 51 19 58 48 28 26 53 49 64 0 31 4 11 4 28 71 60 68 54 67 32 45 52 70 3 10 12 71 0 32 58 46 45 60 5 35 46 55 51 10 43 36 21 19 17 62 66 40 39 27 28 6 12 62 44 63 57 38 13 71 50 17 5 32 40 71 71 36 45 17 30 41 69 71 17 56 13 0 24 8 23 23 38 19 29 6 63 16 0 0 23
run=9 seed=8 k=72 f=0
11 12 27 44 60 60 22 50 2 71 7 53 57 0 61 18 56 47 17 23 71 0 47 4 71 8 58 47 38 17 38 71 41 12 23 50 41 67 0 65 27 71 44 25 30 60 68 32 49 71 5 14 2 34 8 58 32 6 1 13 44 37 28 20 65 19 71 37 32 22 36 14 0 59 41 71 51 64 37 3 31 17 21 2 9 64 42 44 53 33 58 30 1 12 44 24 70 66 26 54
run=10 seed=9 k=72 f=0
52 2 0 44 24 60 62 71 66 13 59 0 40 62 60 57 31 15 12 47 18 1 10 42 0 29 28 60 33 28 38 0 33 33 68 0 33 1 26 57 54 65 53 7 30 23 48 21 49 71 63 47 47 7 53 20 58 71 24 22 13 47 50 2 65 46 71 10 3 47 32 19 38 69 15 71 36 64 41 11 59 53 16 41 18 14 19 5 17 9 38 40 10 68 6 25 71 36 52 28
run=11 seed=10 k=72 f=0
22 55 47 29 27 12 20 60 16 48 40 19 56 36 22 16 13 51 48 45 41 32 40 29 0 71 10 65 64 71 16 67 66 66 71 36 47 37 15 53 23 11 71 43 45 8 49 57 9 11 48 19 32 57 13 42 1 48 32 35 41 62 57 38 7 32 1 54 62 27 32 33 33 5 0 41 7 8 24 34 55 38 0 1 62 7 42 70 1 24 71 26 17 65 0 25 7 62 53 71
run=12 seed=11 k=72 f=0
13 16 59 48 64 0 54 50 35 33 27 65 53 52 13 64 37 19 7 45 0 33 0 48 22 28 17 51 46 70 0 71 37 23 13 63 71 4 52 61 29 19 29 56 70 64 14 71 23 39 28 22 37 7 7 8 61 71 47 56 50 9 10 61 18 20 26 11 43 23 37 57 44 52 41 0 71 4 55 29 33 0 59 39 59 8 2 68 70 60 43 4 32 13 71 44 40 19 0 32
run=13 seed=12 k=72 f=0
61 28 32 23 63 15 7 68 13 19 55 61 20 36 16 56 21 67 8 63 55 29 41 51 71 62 40 15 42 11 3 31 42 17 57 71 71 12 36 69 56 3 57 23 71 37 61 30 50 0 8 27 9 53 51 50 38 31 52 71 52 7 0 58 20 46 0 50 11 25 42 22 35 19 46 0 2 11 62 34 15 71 38 32 30 53 46 66 45 40 48 0 28 3 65 60 65 4 19 47
run=14 seed=13 k=72 f=0
16 37 34 25 44 37 63 12 57 36 61 38 36 62 61 21 17 2 0 29 58 23 55 54 8 43 53 58 17 44 1 20 8 7 68 47 8 0 34 41 27 6 45 30 71 49 32 23 60 52 52 29 51 16 23 67 69 71 63 66 59 12 36 61 64 30 70 40 1 11 16 67 50 33 71 42 54 41 0 48 22 69 15 50 6 2 10 11 2 55 57 0 17 47 71 25 28 10 28 63
run=15 seed=14 k=72 f=0
18 66 0 70 63 71 19 54 34 35 21 26 0 18 31 13 5 25 24 16 7 71 71 35 44 43 38 32 49 13 48 1 9 38 12 0 31 12 51 42 16 60 4 63 39 7 28 56 63 52 67 27 26 62 6 56 71 57 62 1 66 40 21 15 66 60 45 49 53 12 7 26 51 33 45 30 0 31 36 60 71 24 16 42 45 19 68 28 13 2 38 65 42 22 59 54 9 57 34 4
run=16 seed=15 k=72 f=0
71 5 1 52 8 21 38 65 31 57 40 49 68 69 34 60 48 31 29 47 62 56 30 47 39 11 71 55 59 33 30 10 37 7 63 55 47 55 43 34 69 71 51 13 38 16 47 5 29 71 41 0 69 62 49 17 37 68 55 29 55 42 17 57 16 26 63 58 23 65 60 20 51 70 24 23 43 25 6 71 0 43 22 20 50 15 13 51 22 2 9 0 8 19 35 0 44 67 11 1
run=17 seed=16 k=72 f=0
37 21 46 71 61 24 41 8 61 44 71 43 16 11 64 7 10 71 31 43 43 15 21 44 68 55 3 0 0 25 35 53 65 65 17 0 52 71 48 26 57 65 53 15 8 0 56 8 45 5 56 37 44 27 30 70 27 0 55 19 6 0 35 34 18 6 54 24 3 12 65 16 48 31 47 24 67 28 44 58 61 34 66 54 7 31 50 68 19 3 71 31 36 61 39 0 47 11 35 60
run=18 seed=17 k=72 f=0
39 9 1 13 29 25 56 51 26 16 30 70 71 42 23 44 41 33 31 46 30 71 54 62 1 71 57 68 45 1 0 70 15 21 22 69 54 10 22 0 44 57 28 7 40 6 39 0 33 49 55 59 63 32 4 45 1 12 64 17 4 53 71 71 55 39 47 35 71 60 16 0 66 11 63 0 50 57 27 34 50 42 18 38 65 27 9 6 62 26 10 16 63 22 37 47 54 53 9 20
run=19 seed=18 k=72 f=0
64 16 28 17 64 38 11 0 5 11 9 4 57 39 9 70 9 14 18 32 0 20 17 47 0 51 71 25 36 70 62 50 56 47 59 30 50 4 41 1 63 53 31 23 70 64 56 71 13 0 18 20 41 35 50 3 26 55 50 45 67 60 40 28 7 10 1 23 71 59 24 14 51 5 28 71 31 8 25 37 12 42 7 24 34 28 45 64 70 42 50 39 35 69 0 43 49 58 62 34
run=20 seed=19 k=72 f=0
16 31 14 41 28 60 58 32 65 48 61 18 29 70 60 1 54 9 8 4 66 39 9 32 48 71 38 46 67 0 60 25 0 27 33 39 22 62 71 43 64 26 54 67 5 19 48 23 52 22 56 10 15 7 39 67 13 62 27 7 12 52 18 41 54 49 47 56 19 49 22 47 36 64 71 1 59 56 71 25 60 0 71 36 44 40 0 20 51 9 28 11 38 4 14 71 18 30 53 27
