run=1 seed=0 k=92 f=0
0 16 91 71 22 60 14 73 20 1 54 0 6 63 47 88 84 10 8 12 39 80 71 16 3 62 25 2 38 29 45 90 70 24 17 50 45 32 91 8 76 17 89 79 28 0 44 86 54 30 73 90 59 52 48 37 62 26 60 50 33 54 48 28 28 13 34 33 72 57 84 44 22 81 8 65 30 64 37 55 43 40 80 77 0 27 43 84 7 59 20 64 21 78 35 91 70 82 86 42
run=2 seed=1 k=92 f=0
0 16 91 71 22 60 14 73 20 1 54 0 6 63 47 88 84 10 8 12 39 80 71 16 3 62 25 2 38 29 45 90 70 24 17 50 45 32 91 8 76 17 89 79 28 0 44 86 54 30 73 90 59 52 48 37 62 26 60 50 33 54 48 28 28 13 34 33 72 57 84 44 22 81 8 65 30 64 37 55 43 40 80 77 0 27 43 84 7 59 20 64 21 78 35 91 70 82 86 42
run=3 seed=2 k=92 f=0
10 23 42 19 61 49 36 89 50 72 70 31 40 85 2 69 90 77 37 36 57 28 61 90 47 78 10 66 21 53 81 80 2 4 49 27 88 53 46 23 57 81 63 42 12 12 76 68 66 57 61 13 1 86 28 17 20 76 39 41 58 62 19 13 82 72 19 0 35 15 31 25 32 86 61 89 0 85 5 41 65 29 56 72 22 50 79 84 66 40 74 43 30 0 5 11 33 91 9 55
run=4 seed=3 k=92 f=0
86 49 24 72 40 24 44 91 48 0 70 40 1 61 42 81 64 63 43 33 48 77 14 35 72 0 81 73 62 10 34 6 9 62 25 75 27 66 66 56 82 54 4 17 80 17 1 0 46 90 82 46 58 32 88 25 12 90 6 20 80 47 49 71 91 20 52 65 34 49 37 56 29 9 38 15 14 39 32 8 33 81 18 1 28 72 78 36 55 85 4 26 76 56 58 90 61 11 30 4
run=5 seed=4 k=92 f=0
38 91 54 10 39 81 59 75 0 89 62 66 35 10 32 33 66 89 90 80 9 68 49 72 58 91 54 73 8 55 0 90 57 30 16 47 60 84 21 34 4 91 8 65 14 17 6 26 16 20 59 25 67 79 57 48 74 11 90 82 52 47 82 16 33 90 7 32 79 0 65 9 1 78 84 42 1 77 40 86 73 67 23 41 78 28 45 69 40 25 12 45 26 45 53 2 37 24 18 18
run=6 seed=5 k=92 f=0
35 45 42 5 22 88 56 7 52 37 66 0 72 13 90 52 8 28 41 2 14 37 62 67 31 80 47 17 44 83 91 81 76 47 55 25 52 60 12 91 5 74 29 17 68 75 17 49 35 22 9 67 10 67 85 65 5 88 83 87 64 60 76 38 59 80 0 21 46 79 18 13 71 87 91 66 79 44 21 1 54 31 78 18 48 22 31 55 14 26 91 28 27 43 31 88 57 61 57 6
run=7 seed=6 k=92 f=0
60 53 36 73 46 53 79 83 62 70 28 61 70 30 17 40 91 73 10 76 35 37 76 90 85 56 4 28 71 91 82 36 37 20 0 22 49 91 73 35 30 53 3 29 17 8 57 79 39 26 8 52 76 90 62 63 82 68 45 40 81 64 58 6 44 58 0 52 22 50 80 22 19 9 0 17 13 7 28 42 3 45 91 10 56 30 80 47 2 73 87 69 14 1 65 23 8 85 21 49
run=8 seed=7 k=92 f=0
16 11 36 91 5 71 58 53 0 72 91 64 82 14 83 76 45 10 9 20 20 43 36 33 57 24 60 76 49 75 1 41 80 20 28 91 50 12 57 64 19 0 89 64 54 8 67 50 73 74 8 37 26 49 43 51 0 84 16 15 36 38 9 58 41 39 1 29 91 83 63 73 88 4 34 1 50 42 0 20 24 15 35 89 48 41 82 70 64 14 69 81 59 30 34 91 60 55 27 30
run=9 seed=8 k=92 f=0
24 55 1 57 51 80 87 53 81 81 91 27 69 15 21 41 48 30 14 37 1 78 5 36 20 74 47 89 68 11 9 72 45 39 57 54 49 81 31 40 23 84 81 88 1 27 19 5 56 12 77 6 31 66 24 65 14 34 13 57 72 57 85 17 73 62 65 6 66 19 8 19 0 80 0 0 30 10 62 20 91 45 44 2 62 49 75 35 33 31 82 63 40 23 41 90 74 90 41 76
run=10 seed=9 k=92 f=0
74 70 2 47 74 33 25 90 12 44 6 0 51 16 71 1 73 52 90 79 79 48 83 45 46 18 16 83 57 29 0 28 3 63 23 24 30 75 63 0 77 37 7 84 90 72 0 58 1 39 87 54 59 80 7 58 91 59 91 10 89 91 29 71 10 9 16 65 87 81 69 0 64 41 19 19 67 9 18 41 51 56 25 18 57 73 33 32 90 80 42 42 17 64 30 40 34 35 67 37
run=11 seed=10 k=92 f=0
56 2 46 65 20 11 39 24 73 91 62 66 24 7 57 23 83 62 18 84 39 68 7 89 91 11 53 42 40 83 15 35 70 4 48 37 17 91 8 12 75 12 73 30 85 55 16 2 60 21 73 0 51 81 37 49 69 69 36 20 60 51 45 82 62 50 46 19 57 79 84 7 40 68 91 51 66 15 55 74 91 88 25 47 33 58 27 1 33 33 26 44 78 6 0 44 59 0 3 80
run=12 seed=11 k=92 f=0
77 38 13 76 19 24 34 42 89 55 59 25 41 82 85 41 57 90 70 14 75 16 21 0 63 0 22 12 15 69 78 32 47 51 64 86 64 50 21 16 40 36 64 16 51 8 25 57 73 44 33 41 1 68 7 6 23 90 46 82 11 30 80 8 29 89 35 48 74 44 15 72 70 0 0 91 29 5 31 86 64 56 91 91 79 70 2 62 28 85 9 79 10 82 54 0 30 40 51 52
run=13 seed=12 k=92 f=0
52 90 18 41 75 39 26 81 1 0 62 20 61 57 72 83 63 4 45 68 22 36 91 72 30 32 55 56 29 15 80 34 88 86 6 0 15 47 61 71 68 54 51 65 8 73 46 13 4 5 43 30 33 56 65 63 88 38 78 70 48 56 1 81 78 79 24 49 15 83 15 11 45 72 7 91 90 76 22 42 7 64 17 40 55 1 51 13 81 1 37 21 29 38 25 71 26 89 91 17
run=14 seed=13 k=92 f=0
28 41 12 35 4 86 53 63 20 15 24 79 74 66 91 43 81 7 8 72 67 39 63 0 34 26 53 72 14 89 83 85 36 16 30 79 3 30 18 89 72 5 76 68 19 77 30 50 41 4 26 56 29 86 48 1 20 52 11 40 45 79 73 17 43 10 59 3 39 66 83 32 21 51 47 33 76 13 2 63 51 68 58 21 61 57 21 81 59 57 91 11 60 51 0 90 9 43 70 90
run=15 seed=14 k=92 f=0
37 89 79 89 69 70 18 22 0 78 10 88 56 30 36 91 28 1 56 77 81 91 54 90 5 52 88 24 75 81 72 65 7 59 40 77 67 0 24 59 15 35 63 28 5 47 39 46 89 4 28 49 78 28 55 14 36 84 12 57 7 55 70 34 65 19 18 55 2 42 7 16 80 19 72 50 87 51 45 79 70 70 38 48 83 17 18 70 12 4 0 32 11 45 34 76 56 41 65 63
run=16 seed=15 k=92 f=0
63 69 1 70 24 8 81 0 39 70 11 72 48 0 42 68 9 75 16 50 16 18 57 29 33 13 27 41 4 61 5 83 81 6 64 0 75 8 46 27 6 25 48 39 33 90 28 52 21 87 89 36 17 50 8 76 31 42 2 17 31 85 82 59 69 2 90 18 45 10 85 60 3 41 44 77 78 13 91 19 36 59 80 86 62 29 54 78 23 37 24 67 56 66 54 39 55 78 53 24
run=17 seed=16 k=92 f=0
40 37 81 32 27 47 0 5 63 72 26 60 31 12 60 78 52 68 29 49 38 45 59 0 43 41 68 68 48 83 80 80 77 77 20 10 71 88 55 31 16 20 5 87 48 13 68 21 54 90 67 41 12 51 55 62 45 71 82 12 77 54 0 37 91 60 61 38 4 24 62 21 31 25 56 37 87 16 90 10 83 22 88 69 48 90 61 83 71 31 71 91 12 21 4 78 23 7 38 6
run=18 seed=17 k=92 f=0
70 51 0 59 0 0 40 79 33 59 59 63 79 24 37 14 58 28 46 54 58 19 37 18 87 85 20 10 72 44 88 89 34 90 67 25 66 37 14 5 76 0 82 80 31 49 28 55 46 69 17 51 41 8 73 76 1 24 80 24 30 39 73 62 6 49 89 42 87 54 60 73 50 77 68 91 34 61 47 27 38 76 22 85 31 44 17 32 25 35 83 5 89 24 68 10 64 13 52 4
run=19 seed=18 k=92 f=0
24 0 5 69 81 7 0 4 20 64 30 45 24 33 89 56 33 30 0 9 18 15 40 36 75 43 63 61 11 38 36 37 82 24 52 91 38 48 41 24 49 89 43 15 91 91 74 73 74 52 91 88 15 83 72 7 3 19 69 21 52 1 6 47 19 77 53 55 15 29 87 72 68 45 59 79 6 46 62 78 6 34 50 61 34 53 43 34 60 48 58 46 85 65 68 13 19 77 69 87
run=20 seed=19 k=92 f=0
57 60 70 30 71 49 24 17 78 60 27 20 49 14 81 7 73 89 19 33 39 44 59 10 46 91 6 0 9 34 35 86 40 63 31 66 14 35 91 51 35 84 71 32 46 9 89 75 76 58 60 87 80 50 5 76 90 27 36 47 42 65 91 26 82 81 0 53 78 30 43 62 18 83 0 13 40 81 1 65 73 18 13 1 25 37 20 73 40 55 51 70 23 5 3 67 86 3 66 71
