run=1 seed=0 k=87 f=0
67 67 4 26 16 31 58 79 11 0 63 76 71 50 86 2 30 57 74 73 65 8 23 50 71 35 5 1 16 29 56 44 12 0 59 21 25 34 45 6 27 56 24 38 39 19 86 3 62 69 23 78 8 43 32 49 45 11 49 86 20 18 40 72 62 14 85 32 40 33 39 84 79 86 37 80 68 27 84 46 8 77 84 1 16 60 21 38 51 70 54 53 80 6 0 53 13 62 44 47
run=2 seed=1 k=87 f=0
67 67 4 26 16 31 58 79 11 0 63 76 71 50 86 2 30 57 74 73 65 8 23 50 71 35 5 1 16 29 56 44 12 0 59 21 25 34 45 6 27 56 24 38 39 19 86 3 62 69 23 78 8 43 32 49 45 11 49 86 20 18 40 72 62 14 85 32 40 33 39 84 79 86 37 80 68 27 84 46 8 77 84 1 16 60 21 38 51 70 54 53 80 6 0 53 13 62 44 47
run=3 seed=2 k=87 f=0
45 31 35 68 39 21 7 33 83 27 62 67 38 77 86 38 29 52 79 57 73 71 68 0 56 58 43 9 37 44 66 6 37 39 18 63 67 24 15 62 5 11 21 86 1 52 16 71 9 13 17 49 76 77 55 59 81 80 13 2 41 65 3 29 50 13 9 74 0 74 59 16 76 11 0 32 86 31 45 36 55 2 85 29 69 86 71 29 26 79 24 24 47 56 43 0 48 46 20 17
run=4 seed=3 k=87 f=0
11 43 81 3 39 79 31 6 26 75 35 57 75 56 10 72 57 53 73 53 85 51 46 0 2 71 20 76 72 25 64 44 19 13 14 56 4 65 33 23 40 0 82 37 27 76 68 28 43 52 39 66 16 42 1 36 13 79 9 29 48 7 17 68 6 60 46 11 33 78 50 68 62 20 59 15 45 85 35 6 67 18 53 12 60 5 81 47 62 84 24 86 22 53 86 30 19 37 42 24
run=5 seed=4 k=87 f=0
75 32 26 35 75 6 53 57 86 46 48 24 67 29 43 0 23 51 0 42 37 65 51 41 81 0 8 58 69 36 41 20 57 44 9 48 0 75 17 41 10 4 69 13 83 78 1 24 39 70 51 53 48 8 37 26 9 59 65 12 79 61 15 71 66 46 84 64 18 86 81 72 29 72 14 43 0 37 33 71 61 17 19 42 23 35 81 26 59 75 30 30 86 18 73 58 6 49 84 67
run=6 seed=5 k=87 f=0
33 46 0 9 86 50 34 61 78 61 29 0 23 44 70 2 40 27 19 39 65 54 26 61 79 41 53 10 69 38 75 69 41 74 78 73 56 15 47 51 80 77 13 11 59 86 3 1 85 22 54 5 69 65 36 84 2 71 86 33 13 74 9 17 55 29 86 21 15 84 30 0 65 33 46 65 28 57 61 22 26 29 28 58 0 13 67 81 57 66 7 14 45 36 38 71 0 49 18 20
run=7 seed=6 k=87 f=0
56 7 58 23 41 63 29 86 81 65 19 49 4 1 68 8 56 49 50 27 42 79 78 1 65 1 54 28 11 43 44 40 42 38 36 77 13 47 36 23 58 57 63 70 54 8 54 28 61 86 38 86 33 73 79 0 72 15 30 23 83 77 48 20 21 58 12 70 49 2 42 12 85 16 66 65 11 21 1 63 16 44 70 69 10 74 72 66 14 24 86 0 29 81 28 20 17 34 31 33
run=8 seed=7 k=87 f=0
38 42 14 52 45 0 9 0 86 22 62 3 64 75 27 26 23 16 44 48 35 22 70 31 35 3 68 86 55 44 19 7 22 58 60 81 57 43 72 49 65 86 62 68 30 32 69 61 2 81 39 29 80 43 11 76 20 14 9 12 77 78 80 52 54 49 9 23 83 49 35 77 86 63 80 86 39 56 2 69 29 63 3 20 24 78 16 25 73 13 17 16 84 73 7 12 54 38 33 46
run=9 seed=8 k=87 f=0
8 45 84 8 15 82 18 41 53 85 16 12 45 73 57 1 85 58 34 11 83 75 67 42 55 42 59 71 58 51 62 26 0 46 10 63 0 79 77 1 46 66 53 50 86 61 4 25 11 0 34 43 28 69 57 11 70 46 29 0 53 76 22 11 55 8 71 1 65 42 24 36 17 48 32 86 25 86 76 19 28 23 7 36 68 72 34 53 33 22 16 82 19 29 5 61 32 75 86 32
run=10 seed=9 k=87 f=0
14 54 16 4 61 51 71 33 67 26 0 13 25 40 64 19 57 26 22 19 48 80 50 65 71 86 75 44 46 7 10 9 6 12 74 58 64 52 70 65 12 86 26 76 19 41 49 32 1 45 66 49 84 30 7 65 73 79 27 57 52 10 36 84 86 19 42 83 17 29 62 49 0 38 23 40 85 86 7 25 81 55 33 39 76 6 1 81 77 17 1 58 10 86 49 34 0 35 70 62
run=11 seed=10 k=87 f=0
16 29 59 12 35 84 6 52 0 26 4 0 57 84 47 51 1 22 26 36 51 86 77 71 12 71 19 40 82 60 84 59 59 18 58 0 45 20 52 32 79 71 37 31 51 66 74 47 38 25 42 49 74 33 12 46 75 60 86 56 39 76 36 38 38 14 8 47 76 33 46 78 67 59 42 67 6 80 26 69 75 40 6 27 4 10 17 64 80 35 86 26 85 7 18 29 21 21 16 42
run=12 seed=11 k=87 f=0
86 17 69 32 5 20 74 85 12 73 47 65 58 17 25 18 14 11 41 75 13 31 54 29 67 5 55 68 81 70 41 66 78 23 56 69 86 66 33 2 22 2 0 62 84 0 8 0 9 16 41 24 75 41 32 53 20 44 29 23 31 70 76 47 7 47 53 21 65 46 52 30 36 78 59 75 41 25 85 48 58 86 60 39 0 7 79 28 53 79 15 38 1 77 84 33 25 61 15 4
run=13 seed=12 k=87 f=0
39 26 74 46 35 81 15 20 82 48 47 0 4 0 12 47 50 54 60 0 67 2 0 9 18 36 37 83 76 69 67 56 27 52 64 0 86 22 52 73 72 53 37 72 75 64 41 46 64 86 57 29 14 24 21 11 13 69 24 39 46 23 58 65 34 27 18 27 86 67 85 68 5 36 32 15 11 63 79 17 7 5 3 22 46 31 41 44 58 78 79 8 52 38 24 78 51 18 85 85
run=14 seed=13 k=87 f=0
21 59 35 44 40 85 52 56 20 1 10 23 32 21 84 41 59 0 3 31 82 28 1 64 51 26 66 23 76 2 36 3 42 86 50 78 4 86 56 31 72 62 5 30 72 64 77 51 56 2 0 86 30 14 9 43 42 17 9 52 0 76 80 35 33 50 13 82 77 68 26 40 60 66 36 18 65 72 68 3 9 57 47 35 62 40 15 21 74 20 47 47 64 75 84 12 10 9 86 7
run=15 seed=14 k=87 f=0
16 35 35 65 75 82 71 80 14 7 25 77 74 46 73 76 2 22 50 46 8 64 24 9 13 56 85 49 10 46 3 73 35 18 86 75 57 65 41 14 1 86 10 0 60 51 31 58 10 10 43 39 43 43 19 56 1 34 81 54 24 31 48 73 23 36 67 59 26 29 56 31 43 84 4 14 64 86 66 72 5 86 81 37 34 21 54 29 24 12 62 39 19 48 81 86 23 2 69 54
run=16 seed=15 k=87 f=0
33 38 76 29 57 0 70 26 37 34 6 13 14 2 14 63 58 56 58 20 40 35 14 24 25 86 32 30 61 18 60 85 50 53 51 7 34 5 77 23 37 0 23 42 81 13 82 82 56 1 31 13 71 21 19 9 84 0 72 40 29 10 48 17 15 62 71 51 64 53 64 67 77 2 46 1 42 18 35 70 68 65 0 86 86 21 78 0 45 65 27 59 48 25 45 76 47 5 78 86
run=17 seed=16 k=87 f=0
19 5 9 53 74 2 18 14 32 58 86 48 27 30 72 77 44 84 45 7 35 80 27 74 0 24 75 55 72 54 45 40 55 28 1 81 10 19 70 65 0 2 52 40 63 2 71 12 82 36 15 10 32 61 40 12 0 14 73 81 60 23 57 30 32 86 64 65 22 5 51 50 7 54 46 86 50 31 35 28 37 86 82 21 10 55 83 5 44 64 25 23 60 42 62 70 35 77 31 49
run=18 seed=17 k=87 f=0
4 86 9 34 25 35 28 68 51 2 86 47 74 78 60 83 62 70 78 15 11 0 21 11 7 18 32 38 19 78 75 79 46 13 54 67 4 29 17 28 32 62 23 54 46 43 59 86 82 48 60 85 68 80 10 18 43 51 0 73 68 0 74 60 59 86 24 26 45 84 45 0 30 62 22 0 19 40 35 6 36 70 56 11 11 7 70 24 0 50 51 7 18 65 25 53 29 85 39 15
run=19 seed=18 k=87 f=0
32 38 28 78 6 39 70 12 66 55 42 31 50 84 85 80 84 24 45 17 65 1 8 85 18 55 83 56 58 64 25 27 17 24 40 0 4 69 71 50 80 83 62 9 72 86 56 76 59 18 8 15 11 8 21 50 40 57 63 48 38 1 72 47 24 21 60 51 67 86 31 59 53 34 33 39 28 67 31 1 13 37 86 0 4 78 77 35 46 76 53 74 82 28 63 15 14 3 23 44
run=20 seed=19 k=87 f=0
86 2 21 2 36 0 45 5 14 70 73 54 55 6 81 40 37 28 58 44 83 52 84 70 31 30 19 32 83 17 41 53 10 10 0 36 43 79 66 60 49 46 28 18 50 85 61 79 12 66 37 14 20 75 86 78 4 9 75 11 79 55 68 63 22 70 46 67 79 27 32 79 5 71 38 76 25 62 23 71 43 40 65 63 86 20 46 48 51 69 15 27 33 23 6 65 12 59 31 75
