run=1 seed=0 k=85 f=0
42 66 75 0 83 18 70 82 57 36 0 4 84 19 63 22 18 82 84 74 24 54 70 49 79 84 19 33 65 32 6 33 27 40 74 67 3 57 21 0 54 43 36 74 17 27 7 0 38 54 53 11 26 16 51 23 17 50 61 25 73 10 4 37 37 78 58 11 65 79 71 65 64 30 62 61 44 14 40 55 32 45 77 58 0 13 27 36 34 76 8 48 66 47 44 29 46 21 17 34
run=2 seed=1 k=85 f=0
42 66 75 0 83 18 70 82 57 36 0 4 84 19 63 22 18 82 84 74 24 54 70 49 79 84 19 33 65 32 6 33 27 40 74 67 3 57 21 0 54 43 36 74 17 27 7 0 38 54 53 11 26 16 51 23 17 50 61 25 73 10 4 37 37 78 58 11 65 79 71 65 64 30 62 61 44 14 40 55 32 45 77 58 0 13 27 36 34 76 8 48 66 47 44 29 46 21 17 34
run=3 seed=2 k=85 f=0
43 4 83 2 36 30 42 0 70 16 44 32 77 53 59 0 49 75 37 17 32 7 64 21 55 11 80 75 66 59 39 61 2 15 31 52 42 27 17 58 63 50 82 61 50 53 76 69 60 50 38 42 14 64 65 66 18 40 11 23 12 38 82 13 9 9 82 8 81 59 71 31 25 15 34 45 2 34 72 9 75 29 59 4 84 12 22 56 20 27 27 24 0 68 0 51 19 45 81 9
run=4 seed=3 k=85 f=0
5 80 17 44 45 66 50 66 84 69 53 4 84 0 67 60 69 14 11 3 5 82 32 22 8 3 79 65 73 18 34 41 57 33 76 73 25 53 63 48 52 45 55 84 2 75 1 32 33 81 23 59 71 62 84 10 65 79 1 14 31 1 44 76 81 18 44 22 21 48 69 58 38 80 26 0 30 26 16 41 38 55 16 84 43 56 6 49 27 58 19 11 44 74 29 13 24 36 36 50
run=5 seed=4 k=85 f=0
24 70 33 1 26 34 48 83 26 10 22 64 67 79 22 55 32 67 66 44 37 3 43 7 75 54 32 0 77 71 10 8 74 76 60 50 29 42 31 84 11 47 26 0 35 60 16 16 8 83 52 69 17 9 54 42 75 17 8 8 81 48 65 80 39 5 58 78 47 71 77 69 84 3 36 45 38 11 0 76 15 67 80 0 2 24 20 12 42 30 83 52 18 57 59 84 57 14 56 38
run=6 seed=5 k=85 f=0
74 2 18 40 51 47 82 55 3 77 7 82 74 0 0 60 0 1 84 65 57 0 22 17 35 9 73 18 72 77 36 17 66 61 84 39 50 82 9 15 76 17 23 24 81 23 14 31 63 55 47 30 12 31 24 48 12 78 54 35 56 84 8 10 0 22 57 84 67 61 34 27 42 30 37 19 58 13 68 75 28 77 69 45 43 0 46 66 68 28 52 46 3 37 69 27 57 51 64 51
run=7 seed=6 k=85 f=0
69 13 82 32 23 5 4 83 0 1 70 80 84 13 72 31 0 24 26 58 74 11 60 14 77 41 27 78 15 0 35 13 77 74 84 60 2 70 45 54 54 43 44 41 2 25 55 34 45 62 41 32 29 17 49 68 53 24 18 52 74 57 11 65 84 9 51 38 66 8 32 77 84 6 34 0 43 1 47 20 36 10 64 30 75 26 7 66 52 21 18 48 36 22 67 61 57 66 60 17
run=8 seed=7 k=85 f=0
12 4 43 62 45 83 5 77 51 53 0 52 64 16 55 22 13 64 48 31 70 84 73 73 84 83 6 51 43 9 28 59 24 20 31 60 10 79 69 59 32 25 59 53 83 37 70 5 40 71 17 69 20 29 63 36 21 36 47 83 71 29 55 18 17 44 35 22 78 0 24 83 43 57 46 10 1 77 65 41 28 0 74 15 54 34 22 56 12 56 40 15 32 51 77 1 17 75 63 0
run=9 seed=8 k=85 f=0
16 2 35 56 81 9 49 53 71 13 67 77 59 50 16 4 0 48 57 82 15 13 59 42 45 26 10 47 15 35 28 34 33 30 7 73 34 76 49 20 13 45 53 25 38 40 75 84 17 76 51 71 14 65 63 81 46 74 82 29 68 58 14 67 22 0 0 62 41 9 32 0 79 31 3 0 29 54 37 84 38 9 70 2 43 70 57 79 0 21 65 25 67 25 84 6 61 46 60 64
run=10 seed=9 k=85 f=0
39 13 35 53 48 32 15 23 28 57 67 80 69 21 12 47 21 64 68 36 45 31 11 77 67 44 74 43 41 8 34 46 22 72 63 84 32 10 60 72 34 53 4 55 71 60 49 4 54 67 50 14 56 81 29 82 1 59 40 32 73 18 76 50 52 63 13 13 36 0 5 5 81 4 0 27 82 28 33 51 10 20 22 62 16 20 0 83 2 39 45 84 22 78 75 39 65 76 16 0
run=11 seed=10 k=85 f=0
70 18 40 51 33 28 69 35 81 41 17 28 36 57 25 65 23 38 62 4 84 84 40 81 4 75 23 71 50 1 62 48 54 59 84 11 17 55 24 66 31 41 0 19 82 10 44 44 0 84 22 48 28 20 23 32 8 15 30 79 8 76 76 67 75 68 3 57 75 35 18 65 49 12 26 6 14 32 57 40 45 64 51 57 50 13 4 58 1 52 84 74 45 27 68 76 10 31 67 84
run=12 seed=11 k=85 f=0
33 63 78 32 29 7 84 80 12 60 70 6 2 79 21 6 61 66 62 28 8 64 68 40 36 69 17 0 16 0 31 4 22 74 52 0 63 15 46 33 31 32 41 14 54 20 28 52 43 42 48 5 22 51 43 14 54 17 84 77 65 84 26 30 80 22 73 38 68 26 52 65 57 50 43 38 23 80 0 81 56 58 10 42 20 64 14 40 1 50 10 54 35 81 71 27 72 46 58 44
run=13 seed=12 k=85 f=0
22 54 51 34 83 84 71 63 78 31 74 49 11 0 68 67 72 77 12 68 72 56 0 52 37 84 58 45 9 27 78 20 71 5 13 0 60 34 56 54 25 80 64 32 22 13 83 62 67 43 84 40 1 21 50 15 19 29 83 40 61 11 20 4 35 51 41 40 23 75 49 6 48 18 36 18 77 6 45 2 29 0 11 17 80 61 64 30 60 42 66 50 79 44 6 0 33 26 1 58
run=14 seed=13 k=85 f=0
14 51 33 63 56 21 9 13 55 45 24 31 84 12 13 68 12 31 28 29 37 30 19 63 84 24 70 7 68 51 60 45 54 20 75 70 62 46 47 51 12 39 14 39 26 0 59 7 29 83 42 84 68 40 2 82 72 47 0 55 63 48 58 73 0 2 84 18 64 8 75 82 77 13 73 19 35 25 30 43 81 76 78 17 66 0 25 14 48 66 59 36 19 9 35 55 36 6 5 0
run=15 seed=14 k=85 f=0
0 30 14 56 62 48 32 84 39 77 73 54 20 40 26 40 77 33 55 31 81 58 69 14 10 66 4 12 31 17 77 13 78 10 67 30 53 9 84 50 68 67 19 21 50 2 45 39 84 43 69 17 70 21 25 36 73 61 22 21 26 58 33 71 8 1 65 62 32 37 26 22 83 3 26 14 6 72 0 42 62 75 4 82 1 7 84 37 84 5 46 52 32 44 76 60 63 48 41 52
run=16 seed=15 k=85 f=0
38 80 10 35 76 46 65 47 27 63 63 17 71 9 62 75 9 22 82 8 44 72 1 9 19 1 23 26 70 23 0 70 57 5 82 16 28 53 64 48 49 40 69 0 62 56 31 73 42 45 48 2 15 84 38 16 79 61 66 84 78 63 29 80 3 35 30 41 29 53 35 84 52 43 12 9 17 68 41 71 44 19 52 60 58 31 57 60 74 52 25 0 9 0 76 19 41 49 4 84
run=17 seed=16 k=85 f=0
53 64 7 17 68 12 27 43 0 26 54 58 82 56 25 77 24 59 38 38 53 34 0 22 47 84 73 72 84 0 13 28 2 11 45 29 65 6 80 75 16 8 54 84 22 64 74 46 72 72 15 84 32 46 10 80 19 62 67 74 2 40 9 31 58 0 74 49 17 20 25 16 68 14 21 0 35 16 39 58 44 56 1 36 49 29 5 39 34 50 66 82 46 32 9 58 43 77 66 25
run=18 seed=17 k=85 f=0
19 72 44 19 19 55 25 12 7 46 33 42 37 6 11 24 38 31 84 38 43 84 13 73 77 53 3 15 66 21 41 48 64 49 56 28 80 1 6 84 53 76 11 1 82 77 40 11 69 81 29 65 56 0 35 30 57 4 45 2 23 49 53 23 44 65 38 84 74 49 78 25 84 71 69 22 25 45 69 48 35 62 3 15 13 83 0 72 34 7 69 59 23 10 60 48 61 71 55 59
run=19 seed=18 k=85 f=0
37 40 37 0 46 84 65 2 9 67 83 44 62 0 67 1 65 74 31 23 21 29 73 46 57 49 52 20 64 70 31 75 55 21 6 15 42 27 62 56 79 20 72 8 4 55 46 68 82 16 78 78 13 76 84 77 52 26 44 29 13 15 36 3 1 32 23 43 39 6 56 32 30 64 37 39 15 80 17 49 84 84 54 0 68 16 29 46 27 59 49 16 1 72 24 9 66 61 52 49
run=20 seed=19 k=85 f=0
22 44 49 2 27 64 27 72 57 54 24 67 69 82 29 16 84 83 57 48 3 0 71 38 53 15 13 72 40 62 53 65 76 8 33 13 61 12 49 76 7 6 69 45 35 84 53 29 0 80 77 16 8 63 0 38 82 61 11 58 47 58 39 17 69 17 0 77 66 2 39 1 34 23 44 63 7 68 28 23 35 38 80 29 30 10 48 46 71 79 84 33 27 36 20 53 5 22 15 7
