run=1 seed=0 k=77 f=0
54 47 74 31 5 6 69 26 39 45 35 13 25 75 65 32 26 41 0 47 10 41 40 62 58 0 71 76 53 58 3 0 35 20 0 69 42 6 41 11 57 2 55 76 69 6 50 47 53 44 0 20 35 60 29 29 33 68 73 23 30 69 5 15 11 49 26 64 55 5 65 56 0 9 75 49 67 10 49 42 61 53 19 76 76 72 34 39 12 10 18 14 75 62 31 15 63 23 68 20
run=2 seed=1 k=77 f=0
54 47 74 31 5 6 69 26 39 45 35 13 25 75 65 32 26 41 0 47 10 41 40 62 58 0 71 76 53 58 3 0 35 20 0 69 42 6 41 11 57 2 55 76 69 6 50 47 53 44 0 20 35 60 29 29 33 68 73 23 30 69 5 15 11 49 26 64 55 5 65 56 0 9 75 49 67 10 49 42 61 53 19 76 76 72 34 39 12 10 18 14 75 62 31 15 63 23 68 20
run=3 seed=2 k=77 f=0
27 28 60 38 62 14 5 62 76 19 0 29 72 39 29 35 16 58 21 57 42 13 74 3 65 11 26 69 76 51 58 7 40 56 45 61 57 48 34 66 75 8 0 76 37 46 26 69 39 51 23 75 75 19 1 76 31 24 39 40 49 23 8 32 9 64 51 16 56 15 27 42 45 16 71 54 11 18 55 5 71 0 13 57 66 61 31 51 69 33 46 35 0 18 0 8 20 24 18 0
run=4 seed=3 k=77 f=0
51 76 12 41 71 23 49 45 53 33 24 50 27 16 57 39 60 73 76 10 70 30 12 67 54 32 76 31 33 76 0 38 43 8 3 0 39 65 19 52 62 18 27 7 61 17 67 58 0 66 61 26 42 75 48 22 19 69 35 0 24 0 0 14 11 46 33 29 65 67 34 67 18 32 58 5 42 63 46 12 38 3 18 59 46 14 76 4 23 38 28 0 10 53 54 75 45 62 8 27
run=5 seed=4 k=77 f=0
66 66 67 18 63 27 62 68 40 10 57 0 76 39 26 61 76 53 6 62 62 37 26 59 45 0 33 57 64 6 34 76 37 52 23 76 11 67 23 60 63 31 41 1 21 25 14 14 47 43 6 32 48 74 75 26 2 6 52 75 51 8 68 69 52 39 46 49 48 58 39 7 73 18 45 70 69 19 15 42 43 57 1 13 0 49 4 23 9 73 32 0 55 29 12 18 10 31 21 32
run=6 seed=5 k=77 f=0
10 76 37 66 47 59 31 25 8 60 12 53 66 37 2 75 58 67 66 33 33 75 17 25 64 16 4 19 44 59 55 62 36 44 31 51 39 29 30 50 57 31 14 44 0 0 18 76 46 49 13 1 38 58 8 27 17 7 36 68 37 5 46 18 16 60 0 42 22 61 0 74 30 48 37 22 71 21 26 39 4 26 67 17 9 35 13 50 76 8 41 49 75 4 73 55 46 53 1 55
run=7 seed=6 k=77 f=0
52 61 42 76 64 0 47 24 35 38 10 19 66 1 51 1 52 10 46 3 27 3 45 38 58 64 31 0 28 36 50 62 28 60 7 7 14 58 61 67 54 59 9 65 15 69 16 76 45 20 8 46 42 29 55 22 76 30 23 68 9 47 76 56 69 51 17 19 27 75 29 73 34 71 53 15 76 42 13 39 33 10 33 1 38 54 18 39 0 66 23 42 34 3 0 22 76 56 46 23
run=8 seed=7 k=77 f=0
42 53 65 16 1 60 35 54 40 42 9 48 51 19 33 0 5 20 36 1 19 61 14 69 23 0 76 18 16 76 27 62 26 4 36 76 67 12 65 24 5 3 64 12 44 70 46 1 38 48 5 12 35 24 30 40 26 38 55 60 26 76 47 33 15 44 50 49 59 0 72 26 65 49 29 21 74 32 76 65 9 56 10 36 45 40 50 69 76 14 56 19 76 0 30 60 72 8 68 56
run=9 seed=8 k=77 f=0
30 38 34 0 13 49 67 18 42 1 69 65 21 76 7 76 26 0 21 24 62 75 60 58 4 60 34 74 25 0 61 76 6 38 37 65 1 67 0 7 71 37 29 14 7 29 59 75 12 75 71 49 69 21 31 14 76 35 44 45 58 67 18 27 44 9 38 63 20 16 61 4 23 35 8 38 67 45 69 0 76 14 18 10 27 57 58 41 51 44 52 49 54 36 8 46 51 71 53 55
run=10 seed=9 k=77 f=0
57 69 13 22 63 69 44 68 48 34 25 20 68 51 29 67 76 11 63 14 39 76 46 38 3 38 76 16 45 39 38 40 27 34 4 8 75 60 33 60 55 31 11 76 25 8 16 0 35 53 8 23 0 65 75 22 27 11 18 76 0 23 26 61 19 55 47 31 13 51 74 4 32 57 0 25 69 19 54 31 69 76 54 57 12 37 44 22 2 49 42 55 4 17 0 50 6 60 12 41
run=11 seed=10 k=77 f=0
53 49 22 62 39 65 17 60 8 55 0 46 57 68 49 59 63 47 59 66 36 53 1 33 14 0 29 70 33 9 20 19 15 4 76 44 24 32 71 36 28 18 26 75 2 27 75 24 10 11 26 13 12 44 28 63 49 22 52 56 40 19 72 9 6 14 0 40 46 21 65 75 37 68 36 0 22 29 45 54 11 72 34 3 16 76 4 65 33 30 36 47 1 72 51 41 41 54 70 6
run=12 seed=11 k=77 f=0
49 34 76 43 9 7 15 0 19 68 67 55 56 0 9 26 35 33 56 28 66 25 64 23 53 52 61 65 74 11 76 52 76 6 21 30 49 41 70 60 37 19 50 0 25 58 34 65 4 35 16 41 44 69 55 40 21 44 15 6 38 56 76 16 17 1 40 37 30 23 76 11 71 47 46 0 76 60 4 12 43 1 2 65 48 36 50 47 26 71 10 76 12 73 62 30 56 64 30 11
run=13 seed=12 k=77 f=0
19 14 58 5 48 5 42 76 65 9 47 51 55 18 18 24 16 13 26 32 26 19 76 49 67 32 71 29 12 58 51 56 39 53 64 68 73 11 0 4 54 66 62 31 74 26 1 76 29 68 68 73 22 13 0 70 46 7 48 42 76 70 35 23 10 16 60 18 26 58 40 0 0 37 36 76 37 53 59 44 35 48 40 5 63 24 53 6 76 10 46 8 64 37 17 1 3 39 28 44
run=14 seed=13 k=77 f=0
35 57 0 76 38 5 48 73 44 27 62 11 20 14 65 74 51 41 56 27 10 56 66 19 45 27 37 7 40 0 40 4 76 66 43 12 74 2 70 19 36 48 31 26 70 21 40 47 12 54 68 67 1 7 50 76 28 8 0 76 62 52 23 70 0 43 64 68 4 51 76 53 15 29 31 7 58 0 36 30 20 36 16 32 46 0 76 56 15 16 29 13 51 63 62 38 23 59 24 58
run=15 seed=14 k=77 f=0
34 16 43 22 62 9 37 65 56 35 51 59 18 0 59 76 65 63 25 46 74 73 32 0 12 0 60 36 4 42 75 19 51 60 29 60 58 38 76 41 38 29 31 17 6 12 26 42 72 9 52 16 69 50 23 55 48 23 58 38 69 47 45 31 14 65 70 4 75 19 56 71 27 1 0 31 54 4 0 48 9 66 44 48 65 70 7 43 31 6 46 33 0 28 1 9 63 76 16 56
run=16 seed=15 k=77 f=0
65 33 62 47 74 7 17 33 0 59 19 39 14 30 40 58 76 0 1 28 75 10 13 72 69 6 8 60 48 60 4 73 38 27 11 29 35 60 44 35 67 68 53 14 24 67 76 21 70 72 0 67 66 55 39 39 50 4 62 26 56 26 49 61 58 65 51 39 20 71 24 60 44 74 43 52 46 76 22 52 18 22 45 11 76 62 2 32 32 50 9 52 26 5 35 42 18 13 3 33
run=17 seed=16 k=77 f=0
21 4 59 68 50 14 9 13 31 75 69 76 36 0 11 15 30 44 76 47 42 75 23 57 37 37 37 76 7 28 29 59 38 0 69 48 18 0 11 47 19 41 55 64 61 42 63 2 58 76 64 24 42 25 32 47 49 57 75 49 24 34 66 72 67 70 29 74 15 35 5 8 53 3 51 43 60 7 0 54 0 18 17 66 52 15 38 54 50 19 60 22 27 9 27 76 67 3 58 75
run=18 seed=17 k=77 f=0
33 40 63 0 43 21 16 11 44 73 2 55 57 60 47 38 30 76 27 36 16 42 62 62 17 22 49 0 28 75 71 62 2 59 66 72 2 10 8 39 66 63 64 12 14 68 32 52 40 36 44 12 48 76 30 20 65 54 48 14 72 57 3 29 16 75 41 18 3 38 76 73 47 30 52 51 52 66 76 46 21 54 57 46 33 67 23 36 10 6 59 25 48 30 0 21 29 29 36 25
run=19 seed=18 k=77 f=0
62 1 9 35 21 76 60 7 76 68 58 0 35 12 63 75 34 19 70 38 52 0 17 13 48 44 47 9 37 75 62 68 35 16 27 6 10 0 17 75 0 67 31 53 74 50 42 45 76 53 6 50 14 69 34 22 59 25 56 46 56 68 68 3 57 29 26 14 1 75 10 29 40 4 33 41 60 0 4 18 29 0 53 9 24 56 41 73 25 53 50 21 68 45 64 17 44 57 26 10
run=20 seed=19 k=77 f=0
59 61 9 53 65 1 44 51 36 24 0 25 9 15 39 0 76 37 35 57 17 21 55 26 64 0 7 19 73 39 37 44 67 4 60 76 45 21 21 10 6 16 0 50 27 14 67 43 76 17 43 51 12 30 5 11 55 17 24 35 54 21 38 55 54 26 15 70 71 10 15 18 9 28 76 29 42 31 47 1 0 63 52 45 70 53 30 60 75 29 47 27 66 0 61 36 75 23 62 72
