run=1 seed=0 k=76 f=0
68 1 40 0 64 27 7 2 75 45 56 48 61 6 9 11 64 74 75 42 69 73 30 57 71 69 50 9 66 42 60 67 15 36 0 49 27 75 0 12 32 34 17 34 70 21 64 41 20 18 24 26 27 57 20 25 10 50 57 75 10 48 40 64 22 41 6 9 53 39 44 17 0 65 13 54 37 21 5 44 28 28 48 59 69 4 71 15 49 52 62 31 0 48 13 34 33 62 20 60
run=2 seed=1 k=76 f=0
68 1 40 0 64 27 7 2 75 45 56 48 61 6 9 11 64 74 75 42 69 73 30 57 71 69 50 9 66 42 60 67 15 36 0 49 27 75 0 12 32 34 17 34 70 21 64 41 20 18 24 26 27 57 20 25 10 50 57 75 10 48 40 64 22 41 6 9 53 39 44 17 0 65 13 54 37 21 5 44 28 28 48 59 69 4 71 15 49 52 62 31 0 48 13 34 33 62 20 60
run=3 seed=2 k=76 f=0
7 35 61 15 29 61 56 74 23 59 38 45 64 69 0 12 66 1 0 69 2 32 73 27 59 50 27 14 67 50 5 12 74 9 75 43 10 22 32 11 8 10 64 36 21 45 0 51 0 41 35 37 50 68 43 69 31 1 45 28 38 70 34 10 66 17 17 53 50 61 17 0 23 51 18 75 2 66 18 57 13 75 73 0 39 6 23 49 33 24 23 62 44 73 49 55 45 5 58 47
run=4 seed=3 k=76 f=0
67 23 21 54 65 31 26 51 0 17 65 59 11 35 3 61 20 6 7 57 59 12 44 16 75 12 75 37 9 42 46 11 49 4 10 23 49 3 55 40 72 0 52 38 73 72 59 60 57 75 52 74 58 41 4 30 66 52 69 74 29 53 5 43 41 42 75 38 59 46 18 23 26 20 20 63 25 0 34 0 14 63 13 21 27 39 50 27 33 69 34 30 32 22 0 75 61 46 34 13
run=5 seed=4 k=76 f=0
16 14 0 42 65 51 21 17 8 51 39 44 42 9 49 3 67 22 67 75 57 10 59 35 19 71 67 53 65 1 40 0 75 75 45 26 75 9 59 14 14 33 64 44 25 65 47 9 53 62 13 36 6 54 18 59 33 37 75 55 3 60 10 69 41 48 0 50 0 36 22 33 31 72 27 0 59 55 50 7 8 16 71 22 31 26 26 73 33 68 49 57 0 18 73 63 31 25 75 66
run=6 seed=5 k=76 f=0
27 5 56 41 1 59 11 3 75 65 43 0 24 56 9 32 65 21 16 22 45 56 10 8 75 0 71 62 68 75 36 53 47 70 6 66 56 0 4 73 26 11 59 0 19 27 36 74 49 24 6 33 52 49 39 46 75 22 1 28 61 69 49 30 54 35 36 9 46 21 71 38 42 51 18 61 15 13 39 52 75 16 70 39 10 54 24 17 65 65 42 62 12 66 33 40 27 33 50 55
run=7 seed=6 k=76 f=0
66 32 16 40 45 16 61 11 55 13 59 67 61 1 58 37 62 6 8 37 39 41 54 75 3 49 5 65 50 75 10 46 0 21 39 50 68 21 19 6 37 36 70 24 18 32 50 42 34 27 8 52 52 8 58 56 12 18 46 15 55 70 72 53 61 29 33 25 30 74 46 16 59 19 1 55 69 12 31 75 41 66 2 0 68 23 20 70 75 16 28 69 48 0 2 75 45 3 27 46
run=8 seed=7 k=76 f=0
45 39 45 25 61 67 51 66 75 35 53 60 11 75 63 65 59 30 0 60 69 33 46 13 26 16 7 48 38 20 19 29 36 5 42 60 0 28 8 67 26 47 56 75 27 40 59 52 73 0 2 53 11 69 0 0 19 37 10 24 66 40 72 6 72 53 23 19 25 51 35 47 17 5 12 65 6 4 0 31 31 56 69 14 56 75 16 31 34 74 18 0 37 62 43 48 62 9 5 56
run=9 seed=8 k=76 f=0
17 60 35 26 64 10 42 30 15 0 64 47 9 75 9 75 50 25 23 36 15 2 1 31 43 52 0 1 2 38 74 23 73 10 69 38 1 50 0 6 7 55 31 63 51 57 19 56 23 18 19 56 25 66 10 46 75 25 30 27 32 0 14 40 66 65 46 6 34 61 15 70 35 7 75 43 19 4 64 28 11 73 38 74 30 35 43 54 0 68 52 49 31 40 75 59 21 45 15 52
run=10 seed=9 k=76 f=0
72 36 43 64 32 32 70 74 54 13 43 12 39 51 57 36 21 55 58 0 11 63 14 4 58 0 50 0 33 54 59 67 23 49 45 49 23 31 29 35 36 24 7 63 15 6 14 41 4 13 56 75 48 25 5 20 69 68 5 47 61 19 29 75 67 0 14 38 66 40 23 11 8 66 30 0 26 0 50 11 19 75 25 71 45 65 57 27 33 39 8 21 60 50 74 16 74 17 2 45
run=11 seed=10 k=76 f=0
48 47 61 39 34 64 45 51 68 43 74 32 20 53 20 68 60 75 22 32 36 32 34 55 8 9 20 39 68 41 75 42 31 16 29 71 70 0 0 48 59 57 0 39 57 24 3 5 38 52 75 20 15 75 5 21 11 75 15 23 38 26 52 45 43 63 14 56 65 16 67 1 0 48 63 28 74 59 42 0 63 0 26 48 9 44 10 5 30 70 36 10 29 47 51 56 8 48 14 20
run=12 seed=11 k=76 f=0
26 2 0 55 75 33 49 26 67 33 51 40 2 22 39 31 75 55 50 75 38 1 12 70 59 75 21 51 1 34 70 0 42 21 39 62 59 42 36 28 29 75 35 17 27 40 71 10 33 63 62 60 15 7 10 45 16 42 65 19 49 46 0 23 20 8 0 10 48 55 75 36 66 74 14 14 69 75 22 17 71 32 59 11 66 31 4 74 16 57 6 60 68 25 44 52 10 46 66 6
run=13 seed=12 k=76 f=0
5 38 9 28 30 50 34 39 67 52 26 33 32 40 0 0 72 11 56 51 50 64 28 38 17 19 0 64 43 74 8 75 75 51 58 31 39 21 12 23 4 4 15 24 49 3 20 17 46 64 17 2 23 73 74 44 12 49 63 63 58 33 8 1 44 26 64 16 67 0 26 32 56 44 11 50 14 43 39 33 21 46 0 15 63 75 46 67 56 30 70 58 57 72 37 1 55 37 51 70
run=14 seed=13 k=76 f=0
65 29 74 49 74 46 58 75 21 63 6 39 21 50 56 60 45 9 6 12 40 0 1 15 34 15 65 62 48 30 11 29 36 25 69 75 75 3 43 55 62 12 19 0 48 67 16 58 65 38 61 0 39 7 15 38 29 26 64 70 62 75 10 68 51 68 25 38 40 27 12 46 41 48 42 35 9 53 74 34 57 0 2 2 71 8 21 0 30 50 18 53 13 56 0 45 73 61 21 18
run=15 seed=14 k=76 f=0
15 41 31 47 59 63 41 3 17 50 44 0 13 33 13 37 23 9 57 75 66 75 16 24 59 75 29 32 71 66 73 51 34 53 39 4 20 5 28 56 10 18 29 50 10 25 33 43 71 22 43 65 0 7 24 24 38 44 0 9 33 19 7 55 68 75 74 37 4 52 0 9 28 72 12 75 75 67 73 47 63 0 54 41 47 33 14 54 65 48 39 60 49 29 18 59 3 56 28 0
run=16 seed=15 k=76 f=0
21 67 28 37 8 63 0 75 64 57 49 19 65 37 3 9 21 28 27 31 29 68 74 44 40 57 19 33 10 4 5 41 35 43 66 52 23 54 13 45 0 28 49 0 15 23 33 8 31 68 25 28 39 9 49 20 74 52 58 64 75 17 2 54 68 59 75 5 1 32 21 55 48 64 59 75 75 68 32 56 4 16 24 47 48 52 14 44 48 53 41 12 39 3 59 14 43 73 39 59
run=17 seed=16 k=76 f=0
39 67 56 74 53 70 41 9 45 36 32 75 49 63 1 33 36 0 15 15 28 63 43 55 24 23 52 59 15 45 4 61 6 28 0 63 42 64 0 56 26 26 11 48 47 0 53 32 30 48 34 9 21 15 15 16 1 4 63 41 62 64 52 42 75 55 23 26 22 21 56 38 11 74 20 69 73 75 70 28 30 36 38 53 38 60 46 6 65 36 45 71 74 11 9 20 75 6 2 58
run=18 seed=17 k=76 f=0
34 12 25 34 48 16 51 46 75 57 33 0 53 10 72 53 61 60 40 26 46 27 37 7 67 57 16 66 23 56 51 63 66 40 4 0 7 75 20 51 75 64 4 75 59 20 0 27 42 10 61 42 73 65 27 18 32 29 73 75 38 0 0 38 59 0 50 54 69 29 34 1 11 30 70 46 33 43 15 75 54 3 43 48 4 39 21 71 45 7 11 9 23 66 68 15 32 14 14 22
run=19 seed=18 k=76 f=0
1 8 57 25 66 35 36 72 9 52 40 27 6 26 0 17 54 42 44 22 0 23 0 65 39 67 58 25 55 7 52 47 54 2 44 75 35 19 60 21 69 47 29 27 17 62 50 19 75 49 62 12 43 75 4 74 57 30 67 0 21 5 75 73 30 14 10 0 60 7 54 67 61 32 15 15 35 69 8 0 50 42 61 13 0 72 72 33 16 58 23 29 45 67 38 28 35 33 65 49
run=20 seed=19 k=76 f=0
7 8 20 56 11 34 7 17 12 27 68 23 35 2 9 59 10 24 0 50 29 61 24 14 75 46 3 36 62 43 66 60 44 38 48 21 66 54 38 32 8 9 43 69 29 25 52 62 44 64 70 17 0 75 41 14 22 52 3 34 0 0 66 74 75 49 53 41 66 12 60 73 39 7 0 48 57 30 43 24 56 2 74 49 17 4 75 57 31 31 66 33 75 1 29 10 50 68 75 17
