run=1 seed=0 k=68 f=0
67 43 9 40 19 54 14 20 62 66 41 48 57 8 58 26 21 34 61 25 0 47 66 12 41 49 67 5 5 0 25 1 28 5 14 19 39 5 34 29 51 14 31 47 12 54 66 40 32 67 19 41 0 23 33 18 65 33 7 67 39 62 0 22 6 51 0 46 50 55 15 34 16 2 29 0 0 58 52 67 11 31 63 30 67 38 59 29 0 35 44 10 14 24 26 46 52 17 59 7
run=2 seed=1 k=68 f=0
67 43 9 40 19 54 14 20 62 66 41 48 57 8 58 26 21 34 61 25 0 47 66 12 41 49 67 5 5 0 25 1 28 5 14 19 39 5 34 29 51 14 31 47 12 54 66 40 32 67 19 41 0 23 33 18 65 33 7 67 39 62 0 22 6 51 0 46 50 55 15 34 16 2 29 0 0 58 52 67 11 31 63 30 67 38 59 29 0 35 44 10 14 24 26 46 52 17 59 7
run=3 seed=2 k=68 f=0
27 19 52 9 44 61 57 32 38 8 9 35 55 31 35 65 45 41 67 15 39 40 53 11 37 67 44 30 45 52 47 53 35 15 2 44 0 35 6 36 58 16 27 18 67 47 3 52 7 44 11 66 11 29 60 10 46 0 61 0 9 31 28 23 22 61 0 26 16 62 49 2 7 14 22 39 50 57 18 56 53 0 39 25 0 21 25 31 21 67 15 64 17 26 29 66 0 60 60 48
run=4 seed=3 k=68 f=0
56 67 67 55 8 42 62 0 15 0 43 62 21 53 37 63 60 50 48 66 66 13 43 33 53 9 50 12 15 67 49 7 15 5 46 0 54 38 29 5 37 6 20 7 29 23 49 24 47 20 34 37 43 42 61 58 2 0 19 24 47 0 9 60 61 43 67 38 15 42 14 27 29 11 34 67 28 37 26 21 10 30 2 36 5 0 67 56 0 26 20 58 29 11 54 61 39 47 54 20
run=5 seed=4 k=68 f=0
23 27 57 2 57 37 26 67 31 46 20 62 19 29 28 64 28 6 29 62 67 0 46 16 0 47 26 5 0 13 14 42 0 43 52 9 26 34 45 41 21 42 57 57 66 52 60 50 52 18 29 0 0 10 37 21 10 54 7 9 4 45 36 26 61 56 67 14 21 34 13 0 31 18 36 67 67 41 19 60 17 66 49 25 39 49 12 5 38 30 54 7 43 0 3 61 39 22 53 13
run=6 seed=5 k=68 f=0
56 35 42 2 3 16 22 51 26 67 61 57 37 42 19 64 67 50 47 45 54 67 26 7 47 32 32 44 35 30 0 6 26 46 60 0 29 20 20 0 13 12 27 42 66 37 9 35 48 10 16 49 21 59 14 57 2 3 38 45 51 0 57 59 61 45 67 56 33 9 26 67 21 8 0 67 21 12 16 27 30 66 8 66 4 0 9 26 51 40 39 18 67 11 53 59 17 14 22 31
run=7 seed=6 k=68 f=0
16 19 1 66 59 67 33 38 18 2 47 60 67 14 35 11 15 1 0 0 55 67 22 56 37 12 22 0 32 0 48 31 24 43 8 49 49 59 30 41 15 18 4 42 10 6 14 35 38 21 16 31 29 58 37 29 20 45 58 51 27 20 67 47 62 34 8 54 22 11 45 10 29 64 25 56 50 62 3 56 67 28 66 42 6 2 64 44 49 55 39 61 0 9 22 28 37 40 8 53
run=8 seed=7 k=68 f=0
7 2 21 67 34 56 7 54 3 6 11 19 17 22 0 1 20 14 17 17 61 0 56 35 27 57 48 23 28 67 66 63 26 61 29 42 67 9 53 0 8 5 31 49 11 43 17 0 59 46 55 55 52 28 61 39 40 45 35 62 51 30 67 44 61 24 67 31 14 12 38 39 39 65 35 67 67 20 11 48 1 12 43 36 47 42 40 34 36 26 32 24 51 0 23 29 56 50 46 61
run=9 seed=8 k=68 f=0
60 10 35 19 65 12 40 11 0 19 43 48 50 8 3 66 63 53 50 16 44 33 40 31 56 66 5 50 61 56 67 58 21 62 56 38 32 40 27 13 62 28 54 45 40 51 4 67 12 48 7 0 60 27 33 44 23 28 22 20 42 25 2 40 6 15 0 30 47 55 20 38 35 0 22 0 27 7 48 20 66 10 25 9 33 37 38 30 57 16 14 67 67 2 44 59 1 44 0 16
run=10 seed=9 k=68 f=0
49 17 22 2 11 11 17 23 12 32 60 4 9 61 9 44 48 35 55 42 60 66 33 29 67 67 18 62 27 13 42 67 41 8 6 67 47 56 33 26 16 39 36 60 51 53 43 20 21 56 17 17 67 31 0 54 1 56 61 67 62 53 0 65 6 24 0 28 53 44 39 5 6 12 0 0 40 15 11 34 11 38 29 19 49 54 67 43 47 29 24 35 38 67 61 30 0 60 48 24
run=11 seed=10 k=68 f=0
0 12 58 67 67 12 11 7 37 31 67 0 45 47 9 51 8 32 6 62 67 0 1 38 67 43 17 29 39 26 64 29 49 33 22 29 0 63 43 64 16 57 45 58 1 21 61 21 54 18 59 0 39 51 58 39 16 42 17 49 63 43 32 3 61 51 67 47 13 11 24 0 7 20 43 67 39 16 58 45 20 1 52 32 0 28 53 2 28 50 54 54 25 34 35 8 20 14 14 25
run=12 seed=11 k=68 f=0
48 57 67 42 60 55 48 67 52 22 46 21 0 1 19 53 61 1 0 21 67 40 39 8 67 58 10 9 39 0 46 39 40 22 15 15 18 27 34 6 50 8 2 22 67 6 57 29 36 9 49 31 27 34 49 64 8 18 47 62 43 44 27 17 60 33 67 62 66 5 19 1 34 19 15 67 40 60 0 24 55 27 17 32 10 14 54 24 0 27 25 30 53 44 43 61 35 13 53 11
run=13 seed=12 k=68 f=0
9 2 12 36 61 60 45 25 57 29 62 6 66 49 43 4 8 67 66 67 60 0 38 49 64 63 11 15 19 12 47 1 17 67 56 42 39 19 31 34 7 45 54 35 32 7 32 26 58 54 54 1 67 20 7 40 1 30 25 67 0 13 51 40 55 24 1 17 67 60 46 30 45 28 51 14 21 56 17 27 50 27 23 28 37 41 43 34 0 57 22 40 10 49 0 29 64 48 36 22
run=14 seed=13 k=68 f=0
7 26 52 29 47 56 38 67 6 25 40 27 7 0 36 1 61 14 17 47 23 8 54 35 67 0 17 35 6 32 50 26 26 48 19 42 0 27 53 32 5 47 1 49 9 15 23 0 55 9 51 67 40 59 59 43 36 12 5 60 65 30 44 44 61 13 67 62 10 12 38 35 39 61 0 67 41 60 26 3 1 43 66 38 47 42 52 31 67 59 32 54 46 64 23 18 17 21 19 21
run=15 seed=14 k=68 f=0
18 0 67 9 61 11 43 67 52 53 56 29 9 28 47 23 28 59 61 4 43 50 43 43 0 58 29 34 63 37 66 44 53 62 21 36 37 47 47 58 17 45 13 67 41 32 3 28 20 35 51 0 21 17 14 28 67 63 35 19 39 38 54 21 6 15 0 20 67 56 31 62 48 65 24 0 39 7 15 45 12 0 53 0 41 36 9 23 26 16 24 13 1 28 67 59 8 39 8 32
run=16 seed=15 k=68 f=0
44 5 26 0 14 56 57 67 33 59 7 22 17 36 59 21 61 28 50 62 45 1 46 0 67 16 24 40 63 16 18 14 34 11 53 7 0 25 27 20 42 32 24 14 47 21 29 22 47 36 29 67 61 45 24 64 9 28 2 11 48 39 37 9 61 54 67 42 44 56 11 1 51 10 38 67 8 60 14 0 38 52 31 2 33 49 30 3 67 45 18 49 67 38 0 59 55 8 54 3
run=17 seed=16 k=68 f=0
51 67 45 17 60 37 50 19 6 10 52 67 30 26 24 6 11 45 43 61 36 1 30 28 40 0 1 56 0 44 3 45 9 26 44 67 23 67 24 53 33 26 20 60 28 39 11 19 38 9 42 17 9 60 38 31 47 56 22 56 47 67 67 55 56 62 0 24 1 37 9 13 24 53 65 62 66 33 0 24 5 67 48 13 0 20 33 8 33 59 15 31 1 14 49 55 14 54 35 15
run=18 seed=17 k=68 f=0
19 1 11 53 36 11 6 10 26 19 22 5 27 67 66 14 37 60 57 16 43 29 25 38 0 20 65 47 57 0 33 3 27 16 53 45 20 47 33 62 20 16 51 52 57 67 59 66 56 29 19 11 41 45 5 21 35 67 6 45 51 23 58 47 6 53 0 42 42 24 63 54 32 50 50 0 30 7 46 24 67 0 12 30 41 37 0 7 37 43 13 35 0 67 51 12 66 61 65 41
run=19 seed=18 k=68 f=0
23 41 0 66 34 11 43 48 14 18 18 44 26 62 45 28 45 67 17 43 9 12 54 45 0 57 0 64 6 0 51 55 61 53 0 38 19 55 49 67 25 54 67 53 11 5 24 30 11 9 17 9 58 31 48 58 46 20 15 62 2 35 63 20 6 61 0 28 26 12 33 67 16 59 64 0 40 7 35 17 29 38 22 22 43 37 56 52 21 38 66 35 35 2 57 67 29 50 31 42
run=20 seed=19 k=68 f=0
7 67 33 67 63 37 38 13 42 46 51 17 20 33 56 1 16 60 13 18 60 45 37 54 66 24 67 21 62 67 2 6 26 29 27 47 27 12 33 67 5 6 8 18 29 60 3 0 34 47 47 0 43 16 15 15 53 25 58 26 31 11 8 45 61 6 67 27 54 56 27 56 31 22 22 67 9 41 45 60 1 9 52 49 51 10 40 31 0 56 21 34 67 42 41 0 35 51 39 51
