run=1 seed=0 k=67 f=0
52 66 46 9 61 45 59 12 54 51 45 15 0 25 57 46 0 60 58 62 61 1 64 24 26 37 6 24 28 23 13 21 66 50 7 31 35 43 20 57 37 6 21 38 53 31 39 0 58 0 38 32 43 17 0 30 24 34 20 58 66 30 53 7 7 12 13 0 16 1 26 38 19 0 66 50 42 6 12 49 42 24 34 36 14 66 66 19 65 55
run=2 seed=1 k=67 f=0
52 66 46 9 61 45 59 12 54 51 45 15 0 25 57 46 0 60 58 62 61 1 64 24 26 37 6 24 28 23 13 21 66 50 7 31 35 43 20 57 37 6 21 38 53 31 39 0 58 0 38 32 43 17 0 30 24 34 20 58 66 30 53 7 7 12 13 0 16 1 26 38 19 0 66 50 42 6 12 49 42 24 34 36 14 66 66 19 65 55
run=3 seed=2 k=67 f=0
31 24 38 8 28 19 31 35 59 50 15 66 35 38 0 2 7 55 25 29 4 57 38 49 16 65 54 37 7 24 47 43 0 42 0 58 25 8 16 33 44 43 60 11 2 1 66 40 18 56 60 64 66 16 58 17 66 65 59 28 1 35 50 28 8 51 66 20 21 48 54 66 24 62 49 2 12 45 27 54 38 47 12 56 64 20 44 12 25 4
run=4 seed=3 k=67 f=0
30 11 45 0 27 59 14 18 23 35 7 58 66 17 17 45 30 23 24 33 9 1 61 16 5 35 13 19 49 66 30 47 38 49 9 9 18 29 62 22 32 41 45 66 2 40 30 0 5 26 25 0 36 65 47 37 52 19 14 11 26 34 38 7 54 0 48 62 65 19 40 1 12 53 56 1 53 55 51 59 44 9 66 2 14 34 42 42 55 23
run=5 seed=4 k=67 f=0
50 24 59 23 21 38 54 58 50 49 35 51 1 39 1 55 36 63 44 27 25 47 28 7 43 43 7 60 28 10 36 42 28 39 66 66 63 20 34 44 0 41 16 0 6 0 28 57 9 15 44 15 66 66 31 3 48 19 10 65 32 24 3 46 13 34 19 15 57 5 50 66 33 15 19 58 0 11 61 51 22 8 44 16 27 12 26 54 32 66
run=6 seed=5 k=67 f=0
50 47 50 1 27 66 66 40 11 11 64 1 58 0 8 39 28 56 59 45 23 52 66 24 8 20 32 1 44 11 29 19 42 16 45 17 29 66 28 6 51 27 39 0 63 25 33 33 0 29 31 57 7 43 51 22 15 56 50 59 21 46 17 15 3 37 9 55 66 66 43 0 28 3 3 11 19 62 0 13 37 36 17 51 22 18 35 6 60 60
run=7 seed=6 k=67 f=0
24 43 26 45 57 12 61 65 35 9 27 32 18 25 38 54 45 37 18 18 63 39 9 56 33 10 52 33 5 55 59 9 0 31 63 40 41 58 52 30 27 15 52 47 1 3 12 31 8 0 47 2 11 19 47 5 32 0 58 23 57 61 66 21 7 24 66 59 17 12 66 43 17 28 47 1 39 6 24 10 62 66 22 41 36 56 52 38 54 22
run=8 seed=7 k=67 f=0
52 62 2 38 26 59 52 9 26 53 49 6 39 42 30 1 40 19 17 54 65 24 33 34 62 11 19 44 16 58 35 34 0 32 31 66 3 16 38 48 54 35 0 11 12 17 42 25 59 20 54 20 54 66 5 5 25 24 15 43 0 65 53 6 8 50 44 63 66 22 45 3 38 8 0 2 11 30 8 56 59 47 21 51 27 31 0 8 58 14
run=9 seed=8 k=67 f=0
39 65 0 50 24 26 56 35 23 45 59 0 34 57 42 10 44 3 33 66 0 0 66 46 57 9 41 47 53 16 20 1 65 66 64 0 13 5 50 52 7 65 14 18 1 43 27 11 49 26 42 38 39 17 11 38 22 0 23 32 20 61 36 35 21 58 56 14 0 61 56 54 50 40 8 27 18 30 16 7 12 61 55 40 66 18 29 65 34 51
run=10 seed=9 k=67 f=0
6 55 33 17 50 49 48 66 52 30 41 51 42 39 24 44 38 59 0 60 5 0 30 31 66 66 16 32 10 56 64 32 40 37 24 56 11 27 46 54 26 25 25 15 13 10 28 22 0 7 17 66 40 58 60 44 58 58 19 60 3 1 0 10 12 36 66 23 0 31 36 3 35 17 19 66 15 27 12 6 21 0 0 38 52 2 45 64 42 13
run=11 seed=10 k=67 f=0
52 38 8 45 35 27 51 66 35 47 43 8 58 11 38 14 10 59 58 1 35 21 27 1 66 66 30 7 21 58 17 51 17 39 66 8 20 41 24 18 32 37 25 43 0 14 30 36 28 18 46 57 52 1 22 44 1 55 35 53 15 21 0 11 46 64 66 22 29 41 4 60 5 38 6 14 3 31 45 50 0 56 61 64 66 33 40 16 27 0
run=12 seed=11 k=67 f=0
42 38 51 30 22 55 36 41 5 0 1 48 33 50 22 32 36 48 49 33 10 66 56 16 1 13 49 51 24 57 14 13 0 47 43 9 40 66 30 5 40 12 20 23 4 19 9 35 54 2 41 57 30 59 11 32 2 20 27 66 5 4 65 28 60 27 66 56 66 55 13 65 12 62 28 1 31 59 48 25 19 66 66 38 24 8 17 59 42 22
run=13 seed=12 k=67 f=0
50 52 66 0 25 66 48 52 44 49 30 59 41 1 18 13 5 23 25 24 24 1 44 33 66 9 38 0 36 65 21 3 17 17 30 8 30 20 63 20 37 24 4 59 33 60 37 43 62 41 66 11 10 26 60 58 4 53 60 49 13 6 24 53 55 52 0 15 41 20 13 65 38 50 9 0 66 29 35 47 41 33 42 5 47 28 55 11 54 44
run=14 seed=13 k=67 f=0
41 4 57 0 30 13 41 30 45 56 39 10 66 19 8 0 57 28 26 25 32 2 66 65 25 66 54 53 25 46 42 3 1 53 38 58 1 44 16 49 40 59 49 20 24 10 65 34 27 48 40 65 64 27 45 28 57 36 19 0 52 45 45 56 8 9 50 62 9 46 1 14 61 34 21 32 0 8 12 17 66 17 13 32 51 55 25 48 35 13
run=15 seed=14 k=67 f=0
59 63 40 49 6 0 25 66 60 44 23 62 0 35 56 65 33 18 53 14 30 17 40 24 22 66 50 15 53 0 29 2 45 55 65 14 36 25 3 9 20 29 10 7 51 35 8 66 61 31 34 27 37 1 59 36 12 4 48 8 18 41 13 56 30 58 36 28 18 24 47 40 52 2 43 66 53 29 58 43 39 20 1 45 10 16 0 65 11 50
run=16 seed=15 k=67 f=0
40 27 54 64 55 0 19 11 24 66 30 34 66 46 17 1 20 33 34 16 14 0 37 17 54 0 51 8 17 23 57 60 57 58 60 7 37 46 21 51 13 55 41 49 48 49 39 26 20 27 24 26 66 8 18 33 58 45 66 43 25 8 28 44 46 2 66 4 4 51 56 41 21 46 66 0 36 13 8 42 62 34 0 5 28 9 13 39 43 46
run=17 seed=16 k=67 f=0
16 27 26 53 7 29 21 37 42 22 15 34 50 60 45 11 8 50 22 21 59 54 49 44 0 66 64 45 53 66 59 50 66 46 66 0 65 36 50 27 14 43 66 37 1 61 9 56 20 7 40 0 53 34 32 33 12 31 38 0 5 3 20 20 34 1 8 31 42 10 56 6 61 23 27 28 14 25 57 36 60 0 14 22 65 18 52 31 15 2
run=18 seed=17 k=67 f=0
32 28 0 11 5 45 38 0 60 18 36 32 48 48 35 18 21 26 38 8 35 30 57 16 66 44 65 45 51 65 2 52 57 5 12 23 3 40 12 53 5 17 61 8 37 18 56 0 11 21 7 40 19 66 59 21 28 2 7 42 26 61 30 36 50 54 66 41 26 64 18 29 51 2 46 56 65 41 47 33 1 28 53 58 32 25 0 18 53 10
run=19 seed=18 k=67 f=0
58 22 54 22 7 51 28 24 32 30 1 53 39 64 12 12 7 41 43 61 2 50 52 12 0 66 17 40 42 9 59 8 66 58 0 27 30 61 16 35 55 30 65 20 13 15 37 35 4 35 27 23 46 7 52 0 47 25 18 20 11 5 61 25 6 23 0 49 14 63 31 39 30 22 66 0 46 47 41 66 36 0 31 3 22 7 57 66 43 19
run=20 seed=19 k=67 f=0
29 34 12 47 37 0 53 49 58 66 19 53 47 25 55 35 39 22 23 9 32 13 8 51 19 28 66 51 44 0 9 39 15 5 31 58 65 22 3 20 32 31 18 7 0 33 42 66 0 38 60 46 26 20 16 25 11 66 60 11 6 43 28 32 44 54 38 25 2 36 9 0 55 0 63 17 55 47 0 62 65 66 43 22 53 27 11 3 0 57
