run=1 seed=0 k=75 f=0
25 61 0 74 64 12 60 45 21 46 5 39 50 34 58 0 8 53 19 70 36 68 44 1 32 15 62 73 67 56 29 30 72 51 40 50 43 31 65 67 56 28 21 43 38 37 25 60 65 45 59 1 48 7 21 42 73 20 52 18 46 19 59 28 7 5 34 54 13 32 26 11 65 8 14 74 57 7 73 50 2 65 7 74 38 9 26 26 29 0
run=2 seed=1 k=75 f=0
25 61 0 74 64 12 60 45 21 46 5 39 50 34 58 0 8 53 19 70 36 68 44 1 32 15 62 73 67 56 29 30 72 51 40 50 43 31 65 67 56 28 21 43 38 37 25 60 65 45 59 1 48 7 21 42 73 20 52 18 46 19 59 28 7 5 34 54 13 32 26 11 65 8 14 74 57 7 73 50 2 65 7 74 38 9 26 26 29 0
run=3 seed=2 k=75 f=0
12 19 38 49 16 31 33 0 70 35 38 53 24 52 59 1 29 47 50 5 2 47 51 62 64 18 74 74 73 68 63 31 0 74 11 21 45 32 68 47 35 17 3 55 9 56 14 41 0 27 46 69 28 64 43 29 59 9 36 5 46 68 18 19 7 67 74 21 22 40 17 43 36 20 25 60 60 27 74 54 31 9 49 62 74 13 0 35 0 7
run=4 seed=3 k=75 f=0
20 29 27 14 0 43 72 49 1 11 58 66 18 68 70 63 0 26 0 28 10 28 13 10 73 50 19 38 43 0 4 65 61 54 74 29 68 53 40 18 17 18 67 36 13 21 8 52 5 6 74 33 49 34 23 47 36 40 46 4 60 16 22 67 68 27 74 74 60 13 47 9 5 56 39 24 42 47 56 66 51 41 60 27 60 33 51 0 62 63
run=5 seed=4 k=75 f=0
33 8 1 23 67 40 29 40 52 39 60 0 62 58 59 41 38 20 46 29 17 13 17 10 67 11 48 0 45 73 27 0 0 56 46 74 2 49 6 63 61 29 51 51 44 6 47 26 23 43 73 14 72 67 22 66 36 48 0 65 20 5 7 72 19 56 66 14 4 56 69 69 60 54 21 27 73 14 25 56 39 74 62 11 12 20 30 5 35 3
run=6 seed=5 k=75 f=0
56 65 60 73 0 25 67 33 47 31 51 23 60 70 10 37 70 74 32 12 27 40 54 49 22 20 58 73 57 74 21 22 40 28 24 17 36 21 6 61 23 15 51 10 29 7 19 68 1 41 17 15 15 53 57 3 10 13 29 1 61 44 45 59 61 52 0 38 39 49 38 69 63 2 61 74 6 29 0 33 66 0 44 36 12 30 52 39 33 55
run=7 seed=6 k=75 f=0
18 10 73 1 56 31 55 74 49 1 37 71 60 74 53 57 8 6 43 15 51 18 46 0 14 10 45 28 58 46 53 5 61 69 68 9 6 29 67 59 35 27 34 38 72 25 9 74 68 29 19 14 62 43 23 39 38 64 73 9 41 45 33 23 24 24 52 32 31 31 15 66 68 26 62 52 41 27 22 0 2 64 45 17 74 41 50 32 19 2
run=8 seed=7 k=75 f=0
54 74 66 18 65 19 4 22 0 30 13 48 31 44 43 22 14 72 74 72 25 33 2 38 57 34 61 32 7 0 63 31 66 62 0 7 57 69 23 58 33 66 29 0 23 47 73 47 20 74 74 22 9 26 16 16 12 35 30 29 2 60 48 9 59 37 29 40 9 69 0 7 13 7 55 40 73 42 65 51 14 9 55 37 50 62 37 46 57 44
run=9 seed=8 k=75 f=0
67 31 44 74 73 48 7 71 20 63 13 3 48 51 30 3 0 73 74 47 2 0 72 29 40 65 38 62 55 33 2 28 1 26 24 58 66 10 33 68 43 65 53 22 21 60 42 12 59 0 40 42 12 35 5 14 35 64 47 29 74 57 19 64 19 23 39 1 33 49 4 65 33 27 51 65 13 52 9 49 13 53 40 43 27 19 57 72 13 57
run=10 seed=9 k=75 f=0
44 74 50 9 34 62 25 20 70 2 66 13 62 57 29 65 59 17 50 49 45 2 5 0 22 41 39 38 48 39 29 59 35 74 51 14 35 70 29 29 20 74 19 55 11 34 47 24 49 67 31 19 51 58 25 53 5 36 14 57 3 39 48 7 6 22 73 27 41 38 56 15 30 53 11 74 10 8 74 1 64 0 61 26 43 2 69 10 19 62
run=11 seed=10 k=75 f=0
4 58 73 64 9 74 21 45 40 32 35 2 3 48 44 32 45 10 45 18 18 28 54 37 1 55 70 69 50 65 4 8 64 50 14 30 31 23 70 5 0 17 72 23 42 0 11 16 45 15 72 74 23 34 0 37 68 73 28 30 35 42 63 28 9 53 55 52 40 40 62 60 69 49 57 54 24 48 20 52 20 27 32 59 34 12 60 63 7 74
run=12 seed=11 k=75 f=0
42 50 0 21 17 69 51 19 13 42 53 66 42 55 47 50 30 16 14 26 48 1 69 49 23 35 74 6 43 73 26 4 22 27 22 0 18 26 74 10 29 6 35 7 62 66 43 35 4 63 32 0 12 7 34 59 74 38 17 16 57 63 2 2 64 57 58 48 74 9 50 59 74 29 34 58 65 30 61 41 36 56 74 29 20 0 49 8 74 14
run=13 seed=12 k=75 f=0
73 14 10 63 0 7 5 9 21 42 29 69 7 74 27 25 70 67 62 53 37 16 8 18 63 37 44 41 0 62 5 68 53 25 26 25 22 55 4 35 71 22 58 0 29 47 71 43 15 18 26 64 47 55 20 35 70 41 54 47 28 38 18 59 12 0 33 34 50 18 31 1 48 56 39 52 6 11 0 57 36 0 73 7 42 60 15 18 74 50
run=14 seed=13 k=75 f=0
15 56 73 15 43 60 33 13 29 8 0 4 60 68 50 59 39 7 8 39 47 40 46 74 12 61 53 47 61 21 36 20 0 68 74 32 19 71 57 25 69 70 16 67 23 56 6 51 32 7 18 59 3 23 52 29 8 31 54 36 48 19 71 26 21 0 41 64 34 43 2 72 35 1 48 27 0 24 2 7 73 0 65 27 14 50 16 29 41 59
run=15 seed=14 k=75 f=0
57 2 0 60 73 34 74 0 69 65 55 73 52 0 72 74 71 19 51 33 40 20 31 43 11 32 25 66 38 48 12 7 13 5 44 74 18 4 31 60 8 29 54 27 30 27 35 3 34 43 24 7 40 52 56 60 67 19 39 8 66 8 56 72 23 31 65 42 34 46 70 16 47 63 64 62 16 39 3 52 18 10 21 57 41 0 25 60 20 70
run=16 seed=15 k=75 f=0
68 0 72 2 71 14 48 70 42 23 46 65 44 14 45 74 14 7 74 5 25 9 58 37 48 62 33 11 8 18 65 23 0 38 62 44 55 29 6 74 19 39 58 30 30 30 60 23 16 33 72 42 20 15 56 72 7 24 36 50 4 54 0 46 54 37 60 65 32 15 0 14 41 17 0 35 3 18 67 21 26 53 41 74 65 58 51 2 24 53
run=17 seed=16 k=75 f=0
74 63 42 0 45 22 47 37 32 26 1 13 23 36 63 62 31 50 48 48 17 67 23 13 37 12 73 7 26 54 43 8 56 6 20 6 11 73 19 41 70 72 19 42 27 60 24 35 59 29 7 61 37 74 72 0 50 48 15 46 21 1 72 71 27 32 65 67 11 34 11 22 9 17 15 0 51 26 6 68 61 21 51 4 42 54 0 65 53 31
run=18 seed=17 k=75 f=0
73 11 14 45 74 66 59 74 54 2 1 15 29 51 57 51 33 58 57 9 35 9 3 27 61 31 58 25 39 34 55 67 12 39 19 34 2 42 6 46 69 54 66 20 32 25 50 49 52 22 70 10 20 71 40 0 63 69 74 30 1 5 24 41 42 15 0 37 28 22 13 46 31 42 17 48 67 44 14 3 64 64 47 72 0 58 57 5 0 64
run=19 seed=18 k=75 f=0
16 70 55 22 65 48 0 53 48 74 43 0 48 23 37 10 70 3 67 58 69 74 23 30 44 64 26 54 57 64 2 17 59 59 38 0 62 27 53 49 46 37 12 73 34 34 26 9 12 14 64 5 60 42 45 45 36 2 63 29 50 64 35 23 24 9 39 67 59 42 33 3 53 17 10 18 14 26 56 21 10 74 25 21 60 73 29 20 6 16
run=20 seed=19 k=75 f=0
74 54 73 55 20 18 49 45 9 64 55 25 40 51 25 4 1 49 35 74 47 74 48 27 13 43 38 32 74 34 41 1 43 39 57 0 17 53 49 35 73 2 16 57 74 27 19 9 32 65 0 26 65 3 8 26 71 62 20 42 52 37 39 2 60 28 66 61 72 18 4 16 23 65 65 66 14 31 74 65 8 34 0 67 13 57 44 9 16 9
