run=1 seed=0 k=70 f=0
68 46 22 6 49 52 0 63 29 36 2 49 24 58 13 59 8 0 1 68 67 38 45 41 25 48 12 12 16 10 55 42 16 69 42 34 43 57 56 53 69 57 61 8 37 15 49 61 6 32 0 24 21 56 69 20 34 0 37 36 64 20 67 32 47 9 26 53 15 22 30 21 37 69 24 41 3 48 17 31 11 39 3 4 17 69 64 51 64 30
run=2 seed=1 k=70 f=0
68 46 22 6 49 52 0 63 29 36 2 49 24 58 13 59 8 0 1 68 67 38 45 41 25 48 12 12 16 10 55 42 16 69 42 34 43 57 56 53 69 57 61 8 37 15 49 61 6 32 0 24 21 56 69 20 34 0 37 36 64 20 67 32 47 9 26 53 15 22 30 21 37 69 24 41 3 48 17 31 11 39 3 4 17 69 64 51 64 30
run=3 seed=2 k=70 f=0
69 39 39 69 15 53 34 8 3 36 17 33 43 63 0 58 49 3 47 65 68 0 9 18 0 26 40 64 68 57 26 56 29 21 30 0 22 7 57 69 68 46 68 11 1 44 65 62 61 9 52 21 59 52 52 50 33 35 40 22 52 33 65 44 8 2 38 32 9 41 36 23 48 17 28 28 44 23 17 56 14 16 10 4 19 0 0 10 60 13
run=4 seed=3 k=70 f=0
31 5 30 0 35 43 25 29 42 69 48 33 41 9 20 0 56 7 37 34 55 61 28 57 45 57 21 29 20 0 54 4 1 6 15 50 25 12 24 32 9 56 42 20 62 17 36 13 52 39 64 50 48 49 24 47 68 37 65 42 49 36 9 28 63 7 69 54 61 14 0 63 53 14 69 57 41 62 20 67 5 66 18 68 31 50 0 30 11 12
run=5 seed=4 k=70 f=0
62 3 31 9 7 52 36 64 48 61 2 54 57 34 19 57 37 69 68 69 27 8 49 41 31 42 12 22 11 21 38 23 32 56 55 15 64 16 49 45 0 41 49 0 67 16 44 7 38 51 67 69 27 69 49 61 0 5 12 25 15 28 66 17 57 51 23 39 17 4 10 58 12 43 29 30 0 45 19 10 38 0 57 69 21 45 28 19 61 51
run=6 seed=5 k=70 f=0
52 47 26 7 29 41 13 65 52 40 44 68 21 51 17 1 17 31 34 24 0 21 41 59 28 44 58 55 38 9 26 36 0 48 34 11 60 6 63 58 19 50 33 18 16 0 57 25 31 55 61 23 39 69 62 1 50 55 50 14 22 47 9 7 47 38 69 15 69 28 69 4 63 16 30 54 11 37 66 42 4 62 5 59 40 46 0 9 35 36
run=7 seed=6 k=70 f=0
28 5 41 23 0 53 17 10 69 17 20 6 57 27 66 0 14 7 47 5 47 57 65 17 47 57 63 54 43 48 39 54 1 65 60 60 16 65 21 22 29 69 69 42 15 30 3 35 49 33 12 37 26 49 43 24 38 35 5 61 0 62 26 25 9 29 68 15 50 34 40 45 21 33 40 69 9 13 55 30 53 0 62 15 2 27 69 4 9 34
run=8 seed=7 k=70 f=0
0 3 59 5 18 25 64 68 45 54 6 29 57 7 41 26 30 33 31 61 33 47 38 39 68 22 51 69 60 24 35 25 69 39 13 46 67 37 22 59 3 40 19 18 25 54 0 11 6 50 11 0 56 13 64 57 25 3 8 18 46 6 49 62 60 47 54 36 35 36 51 13 43 53 32 66 46 61 18 52 7 69 47 0 15 44 23 1 31 13
run=9 seed=8 k=70 f=0
17 58 0 41 41 10 35 31 7 53 11 68 23 17 48 38 63 31 33 53 55 17 22 62 0 57 26 5 20 42 33 44 25 47 11 69 46 37 7 44 15 50 43 49 13 66 3 42 8 69 13 69 69 23 62 69 67 13 6 3 35 21 51 55 56 3 0 20 26 28 0 62 66 56 58 49 0 58 30 19 41 30 25 59 63 35 35 42 15 25
run=10 seed=9 k=70 f=0
62 66 43 32 28 12 38 69 8 69 35 15 30 19 57 54 69 46 0 40 14 61 62 29 0 22 21 11 64 52 2 50 52 26 51 22 40 18 33 14 61 0 54 5 37 17 3 69 65 11 22 0 21 51 6 34 7 28 6 39 44 20 47 58 45 68 39 59 42 8 52 30 33 69 44 69 61 16 38 23 56 0 47 25 13 47 33 1 65 20
run=11 seed=10 k=70 f=0
12 25 13 41 59 19 0 54 49 47 69 49 67 31 3 23 60 48 6 0 58 26 67 38 54 23 28 63 40 62 12 61 69 17 0 52 51 3 34 20 21 14 60 0 37 8 45 60 40 52 8 9 49 68 15 52 23 30 35 58 24 65 4 9 44 31 28 20 39 17 58 40 34 14 35 0 68 42 14 45 65 32 2 32 12 25 53 17 60 5
run=12 seed=11 k=70 f=0
52 43 58 38 23 15 44 11 65 53 0 58 38 13 29 34 61 46 22 17 63 53 69 40 55 20 28 52 19 39 26 44 0 16 38 67 18 27 36 18 10 31 66 8 1 31 69 59 69 68 8 67 35 1 61 4 4 45 25 48 68 25 12 69 47 45 30 6 29 27 62 56 64 16 23 54 2 19 0 8 14 49 18 2 1 67 47 53 11 61
run=13 seed=12 k=70 f=0
29 44 33 14 23 7 28 52 3 15 26 11 16 63 51 45 36 37 35 57 8 45 3 16 69 64 66 64 36 18 34 11 52 8 0 0 29 37 20 10 27 69 69 60 4 69 36 43 62 0 25 56 28 56 48 57 0 26 17 49 4 0 52 26 63 53 69 47 41 57 48 39 21 31 61 69 29 11 61 20 42 23 14 29 9 3 69 41 42 0
run=14 seed=13 k=70 f=0
62 41 49 69 5 39 44 48 0 29 4 54 1 46 40 41 69 48 46 43 47 30 33 15 59 6 25 50 24 66 61 55 54 53 0 25 39 9 36 41 65 11 10 32 18 61 21 69 51 58 38 21 67 14 37 15 25 7 16 45 40 23 24 6 9 60 0 10 63 16 21 34 11 64 38 58 54 19 51 33 4 33 28 32 30 65 10 14 24 0
run=15 seed=14 k=70 f=0
56 0 40 29 14 29 45 5 0 32 48 35 30 48 3 65 16 3 37 42 40 69 38 19 10 51 19 44 63 41 53 63 9 23 23 0 23 0 15 53 23 22 59 42 20 56 33 49 15 60 20 68 66 8 60 10 52 27 4 10 0 13 58 60 61 8 69 11 40 45 8 30 23 48 15 67 0 33 46 34 27 67 29 54 50 2 9 69 16 61
run=16 seed=15 k=70 f=0
8 56 39 29 46 64 44 0 19 10 28 69 25 24 22 14 10 38 57 64 5 22 43 32 33 13 46 22 19 13 44 36 0 35 59 25 40 68 36 29 49 41 26 51 5 8 66 44 33 2 39 17 16 58 33 2 14 25 53 32 53 25 2 11 69 52 17 55 40 45 18 12 69 61 51 63 2 60 64 51 14 69 65 6 4 0 69 59 50 59
run=17 seed=16 k=70 f=0
29 0 50 9 9 22 36 59 32 69 38 15 18 31 39 11 8 3 44 68 68 67 28 62 49 18 48 18 24 29 50 24 9 54 24 0 1 48 58 63 32 52 9 69 29 45 19 36 39 69 62 2 57 26 39 42 58 57 41 2 44 57 0 46 17 30 52 15 15 49 24 7 41 33 4 10 45 18 69 34 38 60 66 69 67 32 54 11 0 12
run=18 seed=17 k=70 f=0
49 67 69 25 28 62 0 37 61 58 69 33 22 6 58 41 58 24 55 43 1 10 30 7 66 6 21 10 10 47 49 1 30 65 23 69 65 6 37 0 47 0 23 0 17 18 55 42 57 15 43 66 35 42 44 34 39 3 9 20 42 34 18 53 23 15 17 10 14 62 0 52 11 52 27 29 50 58 47 31 5 35 57 56 11 52 39 60 50 21
run=19 seed=18 k=70 f=0
33 14 31 50 36 40 13 69 4 57 36 0 30 27 43 38 49 55 52 21 64 44 13 26 0 68 47 26 49 5 46 12 15 0 9 69 42 52 22 33 36 58 40 47 56 26 62 61 66 7 6 43 67 38 49 35 10 30 24 26 45 68 57 8 7 0 0 41 0 40 46 60 22 30 52 14 67 7 69 61 62 59 0 11 0 69 19 55 19 17
run=20 seed=19 k=70 f=0
19 25 60 18 17 58 55 29 40 8 59 0 57 69 10 8 5 48 25 22 67 0 39 37 56 0 35 13 52 37 3 50 11 44 42 51 46 0 61 33 3 69 17 30 37 7 66 69 65 69 45 52 48 34 29 49 25 25 69 18 58 15 16 23 43 11 0 69 61 38 32 0 64 26 16 69 0 42 48 67 7 27 60 31 19 27 22 3 49 22
