run=1 seed=0 k=78 f=0
30 22 17 7 53 14 0 42 52 17 2 30 26 43 66 46 51 7 8 76 1 8 0 0 68 44 48 57 52 77 5 12 77 48 11 65 35 70 49 22 27 63 60 53 73 28 20 23 61 25 77 65 13 58 27 35 50 8 58 10 37 71 77 63 36 17 43 61 0 21 2 37 37 15 69 57 74 18 28 41 72 35 45 0 16 42 33 65 74 54
run=2 seed=1 k=78 f=0
30 22 17 7 53 14 0 42 52 17 2 30 26 43 66 46 51 7 8 76 1 8 0 0 68 44 48 57 52 77 5 12 77 48 11 65 35 70 49 22 27 63 60 53 73 28 20 23 61 25 77 65 13 58 27 35 50 8 58 10 37 71 77 63 36 17 43 61 0 21 2 37 37 15 69 57 74 18 28 41 72 35 45 0 16 42 33 65 74 54
run=3 seed=2 k=78 f=0
31 1 32 65 25 0 59 30 40 66 57 37 9 47 77 24 47 77 37 62 15 44 12 24 73 53 11 44 18 64 53 48 9 36 30 68 64 75 53 72 62 51 63 17 69 75 0 58 34 43 69 0 37 25 76 77 1 55 63 5 62 52 3 41 76 50 47 22 18 44 3 1 65 37 15 27 9 40 36 65 13 3 19 28 18 60 57 32 17 23
run=4 seed=3 k=78 f=0
7 61 52 0 49 14 47 11 43 58 60 4 19 37 25 15 12 52 55 75 43 1 4 46 71 35 1 35 41 77 76 52 70 72 43 39 10 27 77 66 33 68 53 62 28 28 39 0 38 77 65 30 70 59 15 24 54 46 52 22 74 76 25 32 19 69 26 16 4 60 2 33 42 23 20 10 77 33 59 54 49 9 8 14 69 33 21 77 67 51
run=5 seed=4 k=78 f=0
7 38 24 14 73 14 67 1 72 37 14 39 65 10 77 57 16 74 1 53 59 31 72 23 10 34 38 52 68 51 76 64 32 20 58 77 52 38 54 76 19 26 60 66 14 58 40 59 73 61 33 30 66 50 47 4 24 26 38 6 0 1 47 38 39 5 48 29 67 23 11 9 42 22 77 45 21 18 64 43 63 43 23 76 29 16 3 77 4 63
run=6 seed=5 k=78 f=0
55 0 52 0 44 40 46 12 34 55 48 20 72 66 72 60 64 48 0 76 46 19 34 8 5 18 6 11 39 32 54 57 63 58 74 15 20 33 36 0 71 0 23 32 77 26 5 25 7 30 57 36 29 77 6 39 53 47 54 69 27 1 24 70 50 2 76 43 27 6 19 66 18 39 72 64 15 69 13 21 45 65 62 60 28 13 49 29 9 65
run=7 seed=6 k=78 f=0
45 42 77 31 65 19 43 28 23 34 67 62 77 53 40 8 30 29 26 4 24 36 40 69 20 0 77 22 42 47 51 46 59 6 59 36 30 20 16 5 64 10 31 77 9 58 74 10 57 18 50 46 60 66 0 63 8 56 12 0 49 38 0 48 50 54 1 37 25 7 40 13 52 66 18 71 16 65 76 37 55 11 76 72 2 31 71 64 52 1
run=8 seed=7 k=78 f=0
20 51 77 25 35 36 44 8 0 71 77 23 76 54 47 76 73 56 62 72 32 22 14 27 4 58 26 42 50 0 77 46 48 73 48 8 9 66 72 38 31 40 16 67 62 52 36 77 35 3 7 17 9 11 3 30 55 50 30 32 70 9 23 16 41 0 0 19 63 15 23 63 31 43 66 0 26 41 62 57 56 39 24 62 50 68 8 16 67 14
run=9 seed=8 k=78 f=0
0 54 32 63 51 13 23 60 12 69 31 2 53 18 41 74 15 6 34 41 9 16 3 76 64 54 20 66 49 77 75 0 67 37 1 20 1 61 8 74 1 39 29 51 5 70 53 58 71 16 36 36 22 46 29 47 20 54 24 21 71 21 31 31 48 74 42 26 61 29 24 51 36 42 6 76 10 26 40 22 62 77 43 56 41 12 46 44 1 27
run=10 seed=9 k=78 f=0
71 31 54 9 42 44 37 41 32 65 16 23 28 51 43 57 66 29 77 77 15 8 5 35 75 69 36 47 4 55 22 2 63 60 57 15 68 50 29 0 68 47 55 0 66 49 70 23 8 17 45 20 75 77 14 76 38 17 51 72 33 17 44 8 6 5 53 65 74 51 59 21 39 65 26 0 29 9 26 37 38 24 3 11 21 63 9 77 0 0
run=11 seed=10 k=78 f=0
22 63 32 22 12 42 46 11 69 1 48 7 72 46 50 68 51 15 30 18 66 18 14 51 30 62 33 16 64 1 27 4 74 28 74 9 47 9 39 19 47 41 37 35 44 37 58 60 32 40 36 65 53 8 23 51 18 43 60 53 70 27 77 67 67 3 0 54 31 77 59 42 6 56 75 24 56 55 0 6 16 0 72 29 3 45 40 27 77 66
run=12 seed=11 k=78 f=0
21 26 39 0 35 37 13 60 69 49 0 75 68 21 20 43 72 66 27 54 33 67 35 4 63 29 28 53 19 30 77 16 60 35 30 69 42 0 54 58 8 49 70 50 45 44 21 77 23 66 27 0 15 52 8 6 12 55 49 66 9 28 5 45 46 55 13 6 67 0 62 37 0 13 77 15 77 32 18 38 38 59 61 58 77 7 13 46 76 40
run=13 seed=12 k=78 f=0
41 2 20 47 43 1 41 49 60 54 64 31 1 24 10 0 46 71 47 40 22 34 54 24 38 76 29 55 8 71 11 20 33 56 18 68 49 57 55 59 62 42 73 60 20 26 17 77 42 29 50 0 35 67 69 23 66 67 73 60 77 7 29 54 6 75 14 10 9 24 19 77 20 14 0 76 77 50 6 26 0 36 63 16 32 68 37 37 2 6
run=14 seed=13 k=78 f=0
11 59 35 2 7 4 74 47 12 65 16 7 40 77 77 0 46 17 46 77 29 67 10 67 30 18 3 13 61 55 75 57 33 8 27 77 1 25 59 72 38 74 48 41 35 23 37 54 74 27 17 53 69 44 43 19 65 38 62 24 15 49 55 75 17 54 24 68 1 0 52 42 71 57 0 31 18 63 20 64 69 51 2 39 9 48 36 71 62 30
run=15 seed=14 k=78 f=0
32 20 4 42 36 15 22 35 77 66 6 44 19 54 62 64 68 49 66 69 2 55 75 0 44 16 28 77 0 26 66 54 58 12 44 23 53 73 12 4 30 17 51 8 29 63 0 77 9 34 67 22 41 71 0 7 34 11 60 59 24 36 0 69 47 25 41 19 74 52 58 0 20 27 47 37 13 71 36 52 76 27 58 32 3 27 31 11 53 40
run=16 seed=15 k=78 f=0
23 59 0 66 74 0 72 13 7 49 70 26 56 17 11 65 70 17 41 25 1 43 15 71 1 20 76 19 8 77 41 45 62 24 0 14 10 23 56 44 27 36 49 7 68 59 33 31 34 35 39 25 29 51 38 9 72 47 60 64 53 57 27 39 77 49 50 36 65 47 3 65 43 77 0 19 9 76 38 33 33 77 2 17 68 75 55 31 43 65
run=17 seed=16 k=78 f=0
22 37 43 67 70 29 28 0 51 32 23 4 8 45 54 28 12 61 16 31 77 38 77 77 19 34 64 17 54 16 76 11 1 47 39 58 71 51 8 67 39 29 55 36 24 60 7 43 34 76 18 23 61 14 12 69 42 42 49 37 50 16 62 7 50 56 68 73 76 76 68 41 50 40 77 0 5 12 3 31 44 3 6 67 22 62 58 31 22 57
run=18 seed=17 k=78 f=0
64 1 55 46 64 39 40 51 71 77 8 48 47 8 21 74 77 22 6 2 38 61 30 28 19 77 28 10 37 18 36 43 77 13 49 46 66 22 71 21 52 71 48 0 75 24 76 57 13 30 0 1 59 1 16 53 31 45 70 22 54 7 61 48 22 57 15 16 30 59 65 62 52 35 34 28 58 33 7 68 12 8 23 5 37 77 40 68 64 27
run=19 seed=18 k=78 f=0
0 3 66 55 0 39 61 76 0 12 57 63 50 25 76 77 34 63 77 62 66 69 15 28 67 15 49 29 72 4 42 39 69 40 77 60 26 72 36 4 2 35 53 53 22 32 51 19 60 35 2 59 11 6 48 17 10 7 54 19 14 4 24 48 45 57 10 71 39 27 22 9 44 35 13 68 68 32 47 52 6 45 63 47 13 43 19 31 24 26
run=20 seed=19 k=78 f=0
42 14 52 77 27 14 28 75 4 52 54 34 14 18 26 0 70 48 36 61 5 48 58 0 45 64 32 50 7 62 37 47 23 69 9 52 44 32 17 0 9 16 75 7 68 19 0 77 72 1 68 77 56 42 40 24 22 27 22 46 67 59 15 39 70 53 64 26 33 27 56 70 72 17 36 1 64 33 37 58 60 12 4 0 43 77 45 40 34 9
