run=1 seed=0 k=73 f=0
7 70 26 62 66 0 47 25 43 56 72 68 71 26 9 44 26 70 72 67 0 1 13 27 62 35 33 4 11 63 44 51 64 31 48 41 6 31 23 0 55 19 14 56 29 8 16 49 52 18 37 9 20 71 40 23 43 4 38 0 45 12 71 35 33 20 17 19 18 50 3 3 23 52 38 15 72 32 53 62 59 1 53 34 45 28 33 57 53 53
run=2 seed=1 k=73 f=0
7 70 26 62 66 0 47 25 43 56 72 68 71 26 9 44 26 70 72 67 0 1 13 27 62 35 33 4 11 63 44 51 64 31 48 41 6 31 23 0 55 19 14 56 29 8 16 49 52 18 37 9 20 71 40 23 43 4 38 0 45 12 71 35 33 20 17 19 18 50 3 3 23 52 38 15 72 32 53 62 59 1 53 34 45 28 33 57 53 53
run=3 seed=2 k=73 f=0
34 13 54 19 20 54 25 17 47 34 27 37 39 62 72 46 49 27 24 22 7 45 70 16 0 63 12 61 0 64 27 67 0 70 68 9 48 14 68 17 36 72 39 72 71 38 7 63 27 44 65 55 33 0 8 20 70 38 33 46 4 4 26 37 49 30 43 3 26 29 2 33 12 39 55 17 42 58 62 35 54 10 50 14 61 10 2 53 31 34
run=4 seed=3 k=73 f=0
63 31 41 25 0 0 69 37 48 69 53 3 29 37 72 72 0 10 8 72 21 62 15 16 50 63 0 70 33 13 58 60 46 18 63 72 64 16 40 43 66 47 65 35 50 6 44 25 7 33 44 6 16 55 26 23 37 29 24 72 10 42 39 70 32 53 55 32 19 27 0 24 20 30 28 57 53 4 58 13 17 13 7 57 22 64 31 11 0 0
run=5 seed=4 k=73 f=0
72 58 48 3 8 65 53 17 31 61 50 0 60 44 58 0 7 35 32 9 34 0 22 0 13 14 1 12 56 72 28 65 42 10 38 7 50 69 62 15 71 43 3 50 36 43 35 24 17 34 7 51 45 64 19 47 26 68 57 28 52 7 48 56 54 14 15 55 28 19 0 38 60 72 59 48 71 29 33 64 38 23 70 9 24 72 0 45 72 22
run=6 seed=5 k=73 f=0
61 62 63 72 57 54 39 47 52 49 60 54 44 13 20 0 69 9 11 8 70 54 62 72 53 5 40 11 15 35 0 69 1 25 21 31 14 22 68 54 20 72 70 46 24 0 66 39 72 55 65 2 37 13 72 43 61 7 44 26 31 65 24 29 49 6 23 22 63 43 38 31 34 40 18 58 40 15 37 46 5 44 50 63 0 34 30 51 30 7
run=7 seed=6 k=73 f=0
0 2 13 0 19 63 8 12 24 28 28 69 20 72 30 38 30 17 50 68 52 1 1 42 64 67 17 60 34 43 71 48 23 32 54 70 68 31 38 22 58 58 57 56 48 62 20 33 45 21 56 0 34 46 7 14 12 18 9 0 41 4 51 72 16 36 10 6 45 8 66 33 28 59 72 28 13 46 72 37 62 55 24 26 1 47 65 7 38 66
run=8 seed=7 k=73 f=0
39 0 24 59 15 28 44 11 16 49 27 72 18 40 69 0 3 57 55 56 30 58 28 0 12 10 48 46 7 49 68 72 63 20 72 72 4 26 11 54 23 21 38 7 58 66 4 46 58 1 54 63 20 32 4 15 71 20 36 45 34 34 60 13 33 41 19 1 32 1 40 32 69 18 37 64 23 51 46 38 27 39 29 63 49 34 10 66 50 31
run=9 seed=8 k=73 f=0
27 30 72 22 47 20 5 58 30 39 12 27 56 61 46 64 43 49 52 17 32 72 28 70 37 36 43 72 66 1 49 5 0 16 54 43 65 27 6 34 24 19 0 57 18 41 49 11 72 57 1 25 41 65 6 39 42 72 9 36 10 40 51 62 64 22 35 53 69 59 39 65 6 71 25 31 13 16 20 63 71 0 58 51 12 44 0 15 11 64
run=10 seed=9 k=73 f=0
32 54 2 40 28 25 7 13 20 72 30 1 17 60 23 46 14 58 17 48 30 0 62 52 1 49 40 33 19 61 72 2 72 26 66 63 54 62 6 0 28 72 16 10 6 54 69 0 6 72 41 38 44 62 16 21 37 39 72 34 63 37 53 15 37 68 43 72 9 46 69 64 67 24 44 54 52 20 28 45 24 12 64 52 0 64 21 9 31 37
run=11 seed=10 k=73 f=0
65 20 59 30 16 72 23 27 38 30 42 9 11 70 8 40 0 59 36 72 20 34 60 17 72 17 8 28 36 4 72 49 7 63 37 24 0 39 13 65 0 50 3 31 35 12 72 53 60 41 64 6 50 50 0 46 69 27 32 71 60 12 9 1 60 54 44 21 56 42 72 63 21 53 56 29 46 0 50 13 54 1 59 29 48 0 22 31 68 16
run=12 seed=11 k=73 f=0
24 19 31 20 52 17 26 69 0 41 55 33 32 64 3 48 13 37 9 13 1 61 38 53 21 55 5 39 47 42 29 62 43 51 47 33 57 17 49 56 27 25 3 4 71 8 34 62 48 39 65 33 44 72 8 11 8 72 64 0 55 67 0 28 0 24 72 39 72 40 71 30 57 31 17 20 23 13 29 66 60 46 57 71 55 11 3 40 64 1
run=13 seed=12 k=73 f=0
34 69 54 25 28 13 49 21 45 71 51 72 56 19 3 67 17 57 1 7 47 57 35 41 51 67 15 59 39 67 35 37 51 0 46 72 20 7 45 65 57 2 5 6 21 72 40 22 27 42 0 1 11 9 39 18 37 43 27 18 55 46 9 70 29 62 64 64 10 62 39 27 27 0 31 23 55 17 59 25 11 16 49 28 68 49 33 70 34 9
run=14 seed=13 k=73 f=0
44 48 4 23 29 31 65 5 11 64 63 43 63 50 51 1 50 38 37 56 29 72 9 51 29 32 17 56 57 13 2 71 72 0 34 11 50 71 60 59 46 28 17 64 10 48 36 0 35 14 12 43 67 56 17 42 16 18 23 71 34 25 39 59 26 0 20 29 72 1 54 44 14 57 21 19 0 55 66 21 50 41 37 19 7 32 11 40 72 59
run=15 seed=14 k=73 f=0
55 44 46 64 47 14 0 28 33 8 64 44 58 28 71 60 21 49 20 48 4 7 10 39 72 6 12 59 72 36 11 72 63 70 42 46 19 27 35 62 28 12 35 30 3 41 21 0 1 36 20 72 29 14 36 65 37 37 28 57 52 67 1 25 8 46 72 2 0 15 67 21 20 40 53 52 53 7 48 31 1 55 70 22 41 7 14 67 25 47
run=16 seed=15 k=73 f=0
13 10 0 19 38 54 69 48 63 21 0 30 9 0 66 19 35 26 60 54 40 20 11 38 57 9 32 42 72 56 70 7 0 42 48 29 72 20 6 16 15 41 34 47 52 27 11 20 32 30 48 7 26 57 64 29 61 27 42 61 21 61 70 10 44 2 72 72 29 37 0 23 6 50 35 23 70 65 1 23 52 37 1 2 69 16 59 66 49 65
run=17 seed=16 k=73 f=0
63 28 27 8 10 0 60 11 34 39 55 51 50 51 45 4 0 69 72 17 44 4 52 32 42 17 25 67 0 43 13 62 55 49 33 25 37 19 3 46 19 72 0 18 38 72 18 41 0 0 70 61 59 40 0 56 61 13 8 61 40 59 22 48 48 28 9 46 72 14 30 1 28 37 28 56 24 49 65 53 34 65 48 24 65 40 15 9 54 34
run=18 seed=17 k=73 f=0
45 15 1 57 18 59 14 45 9 29 72 33 43 64 35 36 55 0 52 0 51 24 28 6 48 48 59 30 20 0 70 30 37 5 0 20 30 17 1 24 44 12 58 13 3 65 33 28 59 20 55 48 23 40 54 50 0 19 13 62 27 20 6 48 64 12 72 18 9 40 33 40 64 70 54 14 72 55 70 62 69 27 43 53 24 7 37 66 72 40
run=19 seed=18 k=73 f=0
50 66 17 72 63 72 46 56 51 27 17 71 29 0 26 39 44 32 56 68 61 68 64 5 18 40 35 57 27 8 11 6 26 13 18 35 3 20 67 60 48 62 40 62 3 0 25 43 52 56 65 51 49 32 42 35 70 72 4 36 20 22 54 53 11 44 17 29 69 6 39 44 11 46 39 23 8 1 31 26 44 63 21 0 0 54 37 0 8 50
run=20 seed=19 k=73 f=0
32 3 12 3 17 1 33 41 71 59 67 21 26 72 31 0 63 39 26 46 14 0 56 72 47 22 57 12 7 28 34 34 46 18 44 55 8 0 12 0 68 47 66 8 56 53 61 63 34 56 50 23 27 45 38 51 72 39 16 32 14 51 30 28 37 60 18 25 9 0 5 1 24 13 11 61 32 68 8 70 42 38 47 65 19 70 53 36 64 72
