run=1 seed=0 k=79 f=0
6 10 27 43 50 35 63 22 35 20 31 61 29 63 51 45 72 20 23 54 74 1 19 76 78 0 39 43 8 67 77 76 14 78 27 42 65 47 72 46 9 75 50 28 24 8 39 50 16 11 70 11 64 19 71 27 8 61 56 26 50 0 30 57 0 20 63 16 78 18 66 65 70 53 50 57 37 55 7 54 35 58 1 0 78 44 2 54 72 58
run=2 seed=1 k=79 f=0
6 10 27 43 50 35 63 22 35 20 31 61 29 63 51 45 72 20 23 54 74 1 19 76 78 0 39 43 8 67 77 76 14 78 27 42 65 47 72 46 9 75 50 28 24 8 39 50 16 11 70 11 64 19 71 27 8 61 56 26 50 0 30 57 0 20 63 16 78 18 66 65 70 53 50 57 37 55 7 54 35 58 1 0 78 44 2 54 72 58
run=3 seed=2 k=79 f=0
63 9 30 9 31 56 49 59 38 76 0 78 26 9 44 48 31 7 50 48 65 25 19 42 1 77 31 62 35 8 42 67 32 34 24 10 59 35 38 65 60 52 19 78 77 18 78 21 44 22 61 2 50 64 45 56 74 55 76 21 69 36 41 71 69 40 0 25 38 56 5 11 26 61 43 15 54 16 9 73 28 0 0 2 78 48 15 5 55 66
run=4 seed=3 k=79 f=0
76 32 29 7 0 69 56 0 78 25 61 78 56 66 59 4 53 12 52 28 45 76 25 60 69 17 74 24 39 50 15 12 18 13 73 9 37 77 0 30 77 7 72 47 53 44 26 40 68 74 3 59 78 65 41 64 24 61 0 54 13 22 78 0 33 16 27 68 48 71 13 54 56 37 35 25 9 34 43 37 61 51 5 26 46 18 18 30 38 41
run=5 seed=4 k=79 f=0
66 9 24 69 58 8 46 61 31 49 0 17 35 10 12 61 55 72 0 23 69 29 31 78 75 59 78 30 68 42 56 7 41 55 4 17 20 4 74 27 36 34 1 51 44 18 10 59 72 34 76 41 70 3 35 63 61 23 68 56 62 0 45 26 48 51 32 51 18 30 56 43 13 23 73 22 64 4 10 48 10 41 20 48 65 2 77 9 78 21
run=6 seed=5 k=79 f=0
17 73 11 37 11 0 65 0 71 2 78 63 35 47 67 38 29 70 72 63 20 56 75 37 66 0 34 39 36 69 58 53 51 43 20 8 43 73 57 7 24 45 47 78 4 25 33 28 56 28 15 78 16 77 64 7 27 55 43 4 74 22 12 57 43 8 63 5 57 48 0 15 5 48 12 78 35 45 0 51 29 59 25 13 63 71 69 51 48 18
run=7 seed=6 k=79 f=0
78 42 59 0 26 52 75 35 47 45 0 76 9 35 77 5 27 59 42 25 62 6 45 7 56 9 16 0 40 46 71 75 66 51 78 0 55 47 12 51 50 11 61 37 17 14 22 17 64 18 52 60 51 41 10 29 35 75 0 62 1 44 12 75 59 71 26 6 69 69 28 58 71 28 68 36 16 48 65 37 23 34 33 54 75 16 5 30 69 59
run=8 seed=7 k=79 f=0
0 61 26 1 58 53 7 23 60 29 71 6 73 39 63 78 69 14 17 76 5 30 16 71 58 73 14 16 46 58 43 4 41 64 2 78 31 53 35 55 2 35 12 22 0 51 77 8 17 35 0 76 49 19 21 3 64 50 24 78 72 37 38 30 48 24 62 35 64 57 62 47 46 63 42 27 12 31 7 27 66 12 78 15 11 20 45 41 45 48
run=9 seed=8 k=79 f=0
69 1 11 75 46 62 37 77 41 19 64 12 77 62 34 32 60 49 51 71 23 70 11 20 1 20 36 16 73 0 60 23 78 16 68 0 41 63 43 2 73 29 9 7 38 29 55 38 1 44 27 78 73 62 10 23 53 46 36 49 39 73 72 12 14 6 29 58 52 21 36 0 16 24 8 60 40 58 20 34 32 51 28 66 7 3 25 15 1 46
run=10 seed=9 k=79 f=0
46 76 64 22 19 0 14 27 52 53 16 4 39 10 49 61 27 53 20 62 10 39 11 78 50 40 43 23 31 9 52 78 59 47 44 11 68 3 74 16 32 47 59 69 1 72 62 28 18 78 14 78 10 30 65 29 31 75 69 64 15 33 37 8 66 46 38 34 2 25 59 8 16 73 1 0 34 4 0 71 52 9 34 38 45 78 60 23 0 69
run=11 seed=10 k=79 f=0
78 5 24 46 0 46 53 17 12 18 78 74 5 32 57 65 0 58 0 3 30 60 11 26 74 69 44 48 12 47 75 66 8 73 24 53 62 41 34 37 59 66 67 39 61 39 1 66 20 15 57 77 30 31 41 36 71 22 29 0 50 12 56 33 73 50 17 57 66 22 28 22 1 51 26 45 52 30 43 15 63 78 19 29 12 38 7 18 5 10
run=12 seed=11 k=79 f=0
62 0 32 41 65 27 57 61 74 17 13 74 26 55 51 34 66 20 21 53 10 69 1 74 59 13 2 39 65 41 61 38 0 17 78 45 43 56 78 22 51 33 22 52 9 48 78 13 16 71 0 10 49 1 29 50 78 75 15 55 48 4 44 47 68 20 37 8 0 28 61 21 70 12 25 12 44 8 28 53 4 23 76 10 41 45 34 72 63 4
run=13 seed=12 k=79 f=0
6 7 67 78 16 61 16 36 49 8 45 62 24 50 58 45 10 12 0 71 69 52 0 50 27 34 25 78 78 11 22 14 76 5 2 15 9 1 54 25 45 1 64 22 48 59 25 41 41 10 46 43 58 43 67 38 54 36 51 26 13 36 70 69 25 33 31 31 34 40 33 4 56 18 67 9 74 65 19 53 69 21 32 48 77 16 61 60 0 75
run=14 seed=13 k=79 f=0
4 75 59 19 78 69 66 53 27 26 71 24 17 57 44 58 27 51 11 58 23 0 49 58 75 10 9 65 12 62 17 78 23 77 20 48 49 69 72 62 32 41 4 31 27 40 31 78 35 32 77 33 58 50 14 55 9 0 7 0 60 0 38 14 64 56 40 47 46 36 0 0 18 67 22 54 72 65 14 52 17 71 38 51 42 66 2 42 1 8
run=15 seed=14 k=79 f=0
66 69 16 54 65 28 72 76 7 78 27 72 42 38 2 21 65 6 22 46 48 33 38 0 71 78 63 77 54 5 36 17 49 0 32 36 26 18 78 73 7 21 59 57 24 40 14 73 63 43 23 23 43 24 1 53 6 28 3 36 2 78 54 41 61 34 13 70 12 46 54 35 33 65 60 30 46 43 15 5 16 63 13 61 70 3 58 13 32 66
run=16 seed=15 k=79 f=0
48 54 34 43 40 15 49 19 0 0 62 2 17 27 51 14 21 55 9 56 43 2 48 62 58 74 39 13 43 53 0 69 0 58 74 76 52 74 24 43 42 11 37 69 30 9 78 29 45 6 27 7 8 27 59 66 5 40 0 68 51 77 77 45 53 61 39 24 16 37 31 14 24 31 34 59 52 6 31 36 15 65 72 29 68 78 64 0 17 41
run=17 seed=16 k=79 f=0
76 38 55 9 32 40 72 12 23 46 33 9 71 18 43 23 17 33 34 56 78 39 36 6 53 65 3 22 0 53 59 76 26 27 40 52 22 58 43 67 65 77 1 67 48 48 5 60 46 32 36 57 77 17 63 67 4 70 10 26 51 0 2 50 0 41 17 38 78 59 77 66 46 61 61 21 2 10 61 8 70 0 13 38 10 52 27 61 78 17
run=18 seed=17 k=79 f=0
20 33 18 9 12 37 36 30 55 27 49 23 40 41 62 33 73 13 78 2 19 43 21 60 0 27 25 23 78 61 46 37 0 67 34 10 6 65 33 53 55 70 76 69 6 78 23 28 49 52 5 67 56 0 49 53 28 65 29 14 2 4 12 52 66 78 46 65 78 42 14 14 78 65 11 72 18 55 45 60 51 41 65 35 1 60 1 53 72 5
run=19 seed=18 k=79 f=0
54 45 0 9 78 71 15 5 46 55 61 51 73 35 18 69 78 27 45 17 67 31 27 20 4 32 31 14 32 19 69 76 4 78 29 13 59 10 74 63 66 77 9 40 33 24 40 33 28 41 14 72 2 63 20 2 1 50 41 1 8 0 59 51 26 52 62 66 47 59 18 56 16 9 70 7 0 78 19 39 37 54 57 66 51 24 9 44 73 54
run=20 seed=19 k=79 f=0
51 37 59 24 77 58 7 69 15 17 44 11 78 41 11 59 20 41 45 64 16 36 13 74 71 1 50 5 73 58 24 77 8 63 11 66 44 2 78 72 53 31 46 0 15 53 20 35 69 68 29 0 0 78 67 71 54 33 64 48 41 67 44 26 28 72 17 30 25 2 62 4 78 32 1 39 60 24 4 50 57 37 56 65 10 20 35 65 47 49
