run=1 seed=0 k=68 f=0
34 66 9 52 50 56 24 50 44 22 9 43 25 8 62 29 9 12 49 15 35 42 0 27 15 38 56 56 34 65 17 66 18 34 30 8 52 44 61 53 23 18 53 43 0 59 15 67 17 0 59 15 43 67 61 5 65 58 43 5 67 22 36 38 40 0 0 4 39 15 55 31 62 40 0 0 67 52 23 45 28 29 32 56 67 50 2 15 18 29
run=2 seed=1 k=68 f=0
34 66 9 52 50 56 24 50 44 22 9 43 25 8 62 29 9 12 49 15 35 42 0 27 15 38 56 56 34 65 17 66 18 34 30 8 52 44 61 53 23 18 53 43 0 59 15 67 17 0 59 15 43 67 61 5 65 58 43 5 67 22 36 38 40 0 0 4 39 15 55 31 62 40 0 0 67 52 23 45 28 29 32 56 67 50 2 15 18 29
run=3 seed=2 k=68 f=0
38 55 30 0 13 24 61 67 55 34 0 52 33 60 18 43 47 61 31 41 0 29 65 0 56 9 60 29 32 57 38 9 67 51 54 8 9 63 20 17 49 40 15 16 64 36 6 45 25 39 18 41 23 23 48 46 41 12 7 8 66 34 21 11 60 22 54 19 26 1 39 31 5 51 15 66 3 28 36 9 44 46 0 16 13 59 67 48 67 21
run=4 seed=3 k=68 f=0
18 1 67 28 6 0 58 32 53 54 8 48 13 67 56 24 67 55 12 38 0 51 32 39 0 0 47 50 38 24 32 15 49 14 0 58 20 38 43 47 4 16 47 7 59 44 1 25 27 47 31 27 24 36 42 7 62 50 55 57 6 31 11 14 32 43 67 62 13 26 50 0 44 15 67 67 36 35 41 20 0 19 11 65 20 6 60 22 9 40
run=5 seed=4 k=68 f=0
51 36 60 38 33 33 29 11 16 21 62 6 12 64 31 56 66 64 45 41 37 37 35 58 14 1 50 52 19 1 0 31 21 6 27 67 46 28 36 16 7 51 60 40 45 55 20 11 39 12 45 57 67 67 12 13 55 45 51 67 39 17 23 47 28 19 0 4 47 56 51 67 6 48 45 0 2 29 0 8 13 47 21 26 62 31 38 4 23 58
run=6 seed=5 k=68 f=0
18 57 16 59 54 30 44 37 27 43 10 65 29 8 66 45 67 64 24 62 57 58 2 48 11 1 48 30 31 48 1 17 10 31 14 67 16 48 33 51 53 23 65 38 11 67 20 57 37 24 52 23 46 9 66 39 3 21 28 15 9 14 57 21 41 66 1 42 33 58 11 3 25 32 0 2 0 52 37 42 47 49 21 1 63 41 60 21 36 6
run=7 seed=6 k=68 f=0
14 4 53 18 38 62 58 64 35 58 39 7 38 25 62 46 67 6 8 13 56 14 20 31 0 27 0 44 16 53 35 57 22 31 0 48 50 6 59 41 17 32 41 55 51 7 45 0 67 10 23 32 12 67 66 66 15 37 60 67 62 18 53 50 67 32 40 48 50 37 44 27 27 57 23 1 9 67 12 56 27 0 27 43 53 49 18 9 42 0
run=8 seed=7 k=68 f=0
7 55 19 28 5 43 47 19 43 44 52 41 17 60 10 1 17 64 50 25 28 27 51 14 29 37 62 29 14 9 15 34 58 14 53 67 49 0 18 67 10 33 7 36 66 4 39 0 34 0 7 34 47 59 18 1 63 64 59 67 54 52 39 31 33 11 25 12 25 1 24 0 19 11 65 60 12 47 7 43 28 52 38 21 43 50 0 36 67 58
run=9 seed=8 k=68 f=0
59 67 2 28 48 42 18 67 61 29 25 8 55 18 21 64 31 16 36 32 34 0 39 0 21 12 4 28 58 14 8 41 10 42 53 19 7 30 4 23 61 43 37 49 56 7 33 27 0 64 67 67 19 55 37 22 18 0 14 18 54 36 57 54 52 62 67 16 0 29 42 53 4 55 50 12 9 32 47 16 46 37 0 65 23 38 42 48 47 60
run=10 seed=9 k=68 f=0
60 15 1 67 11 7 39 0 44 50 36 18 66 26 41 67 12 53 0 62 45 66 0 67 36 12 50 38 27 43 58 20 47 7 67 30 30 1 53 55 62 10 48 15 24 26 16 22 53 21 58 18 33 59 61 32 15 52 27 49 31 43 20 32 12 23 38 9 41 67 46 30 27 13 54 23 5 3 61 47 42 34 1 61 36 6 32 33 51 23
run=11 seed=10 k=68 f=0
8 62 67 45 20 55 61 56 18 66 67 36 21 30 22 59 53 22 62 40 53 31 44 0 18 54 1 27 20 0 18 26 16 23 14 36 38 0 23 24 7 10 2 67 9 6 14 28 50 10 8 39 53 37 0 52 29 0 65 49 59 12 9 38 50 13 44 51 48 13 31 10 33 0 47 56 58 51 30 67 2 29 43 27 42 65 5 42 0 40
run=12 seed=11 k=68 f=0
58 39 45 0 50 18 6 10 63 8 67 29 0 64 26 12 49 41 44 3 38 61 0 9 67 35 18 30 6 0 5 42 66 41 2 26 46 16 13 24 20 55 21 49 67 50 32 0 53 67 21 43 11 18 20 15 65 30 8 47 20 62 57 54 53 28 34 28 34 37 31 56 23 51 23 67 56 5 39 62 1 11 55 65 6 59 15 51 56 46
run=13 seed=12 k=68 f=0
47 54 52 14 13 8 57 12 67 1 59 52 45 55 0 7 57 39 41 29 35 0 33 18 51 32 40 67 8 67 27 52 67 28 8 25 26 53 4 20 11 27 13 0 35 37 19 33 67 64 25 40 1 6 24 8 3 23 13 42 2 63 42 50 52 12 58 3 31 35 59 20 28 45 45 18 63 14 66 0 63 23 44 15 29 0 49 56 43 34
run=14 seed=13 k=68 f=0
18 17 51 42 56 31 7 56 26 8 38 47 29 67 64 34 30 3 24 61 37 45 0 67 14 13 3 44 67 11 30 49 40 17 14 0 11 67 63 62 33 19 36 51 62 67 30 58 51 23 58 24 51 59 34 54 2 67 8 30 36 22 47 46 47 54 10 9 41 13 7 18 63 57 0 41 0 27 56 6 54 2 1 5 18 0 51 20 33 64
run=15 seed=14 k=68 f=0
14 53 57 31 20 59 25 8 42 43 27 20 8 7 18 3 58 29 8 64 16 45 17 35 26 48 34 6 67 0 25 51 22 53 14 67 22 31 56 67 39 59 19 52 37 17 64 45 63 39 26 0 12 3 59 32 0 34 40 11 2 18 47 10 29 67 0 0 35 35 48 21 64 38 37 1 26 40 9 42 44 10 66 29 20 52 50 41 67 13
run=16 seed=15 k=68 f=0
22 45 47 38 23 35 32 28 17 35 58 39 9 60 28 17 6 57 28 4 28 40 51 63 0 1 13 64 24 67 17 35 0 62 54 42 20 52 67 67 11 13 37 8 57 9 49 15 30 12 64 0 1 23 7 24 39 25 34 52 45 43 42 25 57 57 50 52 43 17 0 65 67 26 0 47 14 31 59 37 5 67 30 60 37 32 29 0 57 6
run=17 seed=16 k=68 f=0
15 37 12 0 28 60 7 41 20 55 9 44 59 39 58 36 42 8 9 3 3 34 21 49 12 67 24 17 27 54 64 48 0 16 23 41 13 21 63 34 18 16 29 67 49 59 25 24 1 28 67 48 23 44 67 45 40 29 67 58 66 19 50 39 55 31 33 31 14 3 36 64 45 63 67 48 2 55 0 8 22 51 4 35 27 12 62 51 36 2
run=18 seed=17 k=68 f=0
14 12 28 44 6 36 14 58 63 54 11 37 54 67 17 21 39 61 8 52 30 0 30 67 49 0 44 66 26 31 25 1 0 50 22 46 21 63 33 3 26 51 37 29 56 23 67 22 0 66 7 32 0 35 38 60 11 58 17 0 6 45 10 11 61 41 54 16 12 56 40 28 5 67 41 67 46 40 67 52 20 9 44 66 14 44 60 16 55 18
run=19 seed=18 k=68 f=0
7 14 40 11 45 28 19 56 24 33 16 60 26 54 21 13 32 44 47 8 32 10 21 38 67 67 51 35 35 41 59 66 15 36 25 59 41 18 31 49 5 5 41 52 28 0 49 0 48 3 67 61 51 59 67 23 4 58 7 20 51 20 45 61 22 63 67 45 15 1 37 32 34 3 29 12 2 24 0 9 41 52 0 28 63 52 40 13 31 66
run=20 seed=19 k=68 f=0
37 29 58 0 62 67 63 34 8 3 13 17 46 38 67 15 37 24 43 57 23 20 44 56 67 49 47 40 48 67 17 25 18 28 57 9 10 27 52 66 35 26 0 48 6 43 4 30 67 40 63 31 45 14 51 57 54 29 2 0 42 41 53 11 62 40 0 66 11 31 1 1 6 62 53 22 22 60 9 0 67 33 67 55 13 8 46 32 23 46
