run=1 seed=0 k=64 f=0
55 7 61 52 14 42 46 50 25 24 13 35 51 2 22 63 47 49 48 58 9 28 54 21 40 40 30 39 57 40 48 41 0 20 8 28 15 63 39 19 58 7 42 35 20 35 63 62 41 31 29 31 63 8 58 14 2 32 26 17 44 4 3 30 15 58 9 5 42 63 8 18 25 33 1 22 52 17 13 0 4 15 30 26 33 44 63 37 0 55
run=2 seed=1 k=64 f=0
55 7 61 52 14 42 46 50 25 24 13 35 51 2 22 63 47 49 48 58 9 28 54 21 40 40 30 39 57 40 48 41 0 20 8 28 15 63 39 19 58 7 42 35 20 35 63 62 41 31 29 31 63 8 58 14 2 32 26 17 44 4 3 30 15 58 9 5 42 63 8 18 25 33 1 22 52 17 13 0 4 15 30 26 33 44 63 37 0 55
run=3 seed=2 k=64 f=0
30 52 56 10 27 14 16 12 21 63 62 58 33 8 18 45 6 7 8 57 62 44 17 56 0 29 17 3 41 20 24 1 38 25 34 63 44 20 17 23 51 1 0 21 16 51 4 47 11 48 51 46 61 63 40 10 55 36 41 9 15 34 27 27 25 14 0 32 0 35 59 46 60 25 36 0 55 52 57 62 46 40 32 29 40 25 14 4 0 55
run=4 seed=3 k=64 f=0
7 30 17 26 0 41 42 48 57 9 25 17 9 21 54 1 36 14 13 30 39 19 44 63 18 0 62 63 57 62 2 39 21 53 51 56 62 0 44 4 5 41 14 48 53 12 31 0 52 9 48 30 8 63 36 37 17 10 56 8 31 25 27 54 36 29 30 4 60 24 29 19 59 50 0 61 42 37 63 23 1 47 43 50 19 37 15 22 36 9
run=5 seed=4 k=64 f=0
48 14 34 9 19 10 55 51 59 28 26 17 13 8 43 11 57 55 54 4 27 4 19 32 63 25 15 27 56 35 62 34 0 30 2 25 60 22 7 23 46 45 24 18 34 41 63 41 31 62 47 35 51 17 57 49 43 0 40 0 26 4 49 23 15 5 63 21 50 32 38 46 28 47 12 60 63 36 31 42 42 50 4 63 1 24 14 38 0 22
run=6 seed=5 k=64 f=0
46 62 32 18 28 34 51 0 46 63 56 14 33 37 49 3 63 60 40 5 12 34 27 10 56 9 50 36 63 46 48 21 54 5 43 63 41 20 6 31 48 26 10 26 16 27 62 19 53 63 8 22 42 40 51 55 61 35 9 42 51 50 47 43 29 0 0 37 1 21 0 62 39 32 12 58 13 14 18 7 34 56 1 2 13 50 56 26 0 19
run=7 seed=6 k=64 f=0
24 50 24 0 57 11 44 40 10 9 0 4 33 33 7 62 7 18 17 45 21 22 26 54 0 63 6 22 55 63 9 20 32 58 16 47 45 12 58 40 26 29 63 40 38 29 6 63 59 32 16 0 27 16 45 35 2 18 47 45 50 28 36 45 6 54 0 60 25 36 51 34 50 42 51 0 51 7 56 31 11 39 1 20 42 25 63 63 53 14
run=8 seed=7 k=64 f=0
8 26 26 47 33 26 56 14 19 58 5 28 31 18 54 60 55 52 14 0 6 63 12 37 24 36 59 59 53 36 37 37 0 41 40 55 0 57 23 63 41 20 6 19 52 31 23 46 14 15 18 11 0 0 5 11 40 35 30 9 14 4 3 11 31 25 63 53 26 45 50 26 31 39 49 60 50 41 46 20 36 8 16 61 4 0 0 46 62 0
run=9 seed=8 k=64 f=0
7 47 62 46 63 63 15 11 35 53 44 51 27 27 38 1 40 14 13 63 11 50 11 42 30 0 31 55 16 30 15 51 21 40 9 49 2 47 60 58 5 4 59 56 23 57 1 0 35 54 63 0 35 29 41 8 56 19 24 34 57 25 62 51 36 41 30 4 18 1 21 19 46 39 22 44 35 37 52 29 25 20 1 42 53 8 47 0 9 61
run=10 seed=9 k=64 f=0
16 11 50 24 3 37 45 1 13 61 48 63 63 48 31 21 14 2 0 42 16 15 47 48 7 61 63 28 14 24 0 21 8 30 54 55 23 4 34 0 15 55 34 30 58 55 63 23 35 16 0 33 23 7 16 50 47 56 61 28 3 12 36 57 42 30 63 32 23 21 51 6 52 32 37 7 9 41 27 63 47 0 46 36 27 41 42 54 39 6
run=11 seed=10 k=64 f=0
29 63 28 63 56 17 39 43 15 16 63 36 10 44 37 51 25 43 23 48 44 57 63 63 14 1 26 4 11 17 54 4 37 49 50 46 54 27 14 39 59 50 19 9 42 23 0 54 63 20 57 9 9 9 24 25 2 44 55 27 22 33 35 26 6 17 0 35 0 63 42 58 22 2 31 0 30 59 4 18 53 44 30 1 33 19 61 34 54 8
run=12 seed=11 k=64 f=0
7 40 39 11 23 54 44 51 22 0 41 27 0 37 49 2 24 21 23 57 62 16 60 43 18 29 0 3 55 0 51 14 15 5 63 36 38 54 57 6 5 11 0 29 61 34 26 0 25 19 46 17 17 54 11 58 11 10 39 36 62 11 32 34 49 29 63 46 53 18 42 30 39 54 63 31 29 48 52 35 1 61 31 44 63 7 44 16 0 37
run=13 seed=12 k=64 f=0
34 63 0 61 44 16 7 32 44 7 51 29 20 55 22 39 24 57 28 57 53 0 63 50 0 50 14 33 16 11 10 25 63 55 13 8 36 28 19 47 46 45 17 23 1 19 40 41 43 41 47 38 38 27 21 49 60 16 8 61 9 30 53 6 56 2 0 5 63 40 63 37 11 21 63 0 29 46 33 57 51 34 53 1 35 7 0 39 13 24
run=14 seed=13 k=64 f=0
41 3 22 2 45 20 17 21 13 33 54 63 45 16 41 36 47 2 0 5 0 8 19 48 8 32 42 55 41 47 43 29 8 28 40 55 18 37 23 11 39 28 50 27 35 38 60 34 3 10 25 61 24 46 7 23 63 0 56 2 55 12 63 57 15 9 63 49 52 35 61 60 52 43 0 7 24 16 27 18 47 63 63 17 29 56 2 16 54 35
run=15 seed=14 k=64 f=0
7 63 35 0 3 35 30 45 57 17 16 63 32 33 7 1 36 62 63 21 24 1 43 14 59 63 62 30 29 54 51 30 55 20 11 21 2 43 32 0 5 7 4 28 23 9 62 0 16 43 5 42 12 51 48 12 60 51 16 20 15 51 8 23 40 12 46 40 63 50 26 2 18 32 36 12 25 39 27 19 1 25 38 37 56 41 53 55 15 25
run=16 seed=15 k=64 f=0
51 28 63 34 57 30 49 20 45 8 52 27 21 19 41 45 42 57 23 27 46 32 22 0 13 18 0 9 1 45 63 37 63 40 2 7 13 29 33 14 40 37 2 37 38 3 12 44 44 0 40 36 20 26 46 18 4 0 7 11 6 20 61 9 56 59 15 15 63 18 12 57 4 32 63 62 27 26 32 21 45 54 52 62 1 54 51 32 9 56
run=17 seed=16 k=64 f=0
7 55 17 63 39 42 44 40 24 25 11 37 25 63 56 1 63 24 23 16 7 0 46 63 21 37 0 16 56 49 46 55 15 54 0 56 16 3 45 19 5 5 11 49 31 32 20 0 34 27 47 9 63 9 51 37 42 54 38 17 47 11 30 54 37 52 31 6 33 28 51 46 59 35 61 63 45 38 13 26 1 49 3 63 17 9 56 32 1 28
run=18 seed=17 k=64 f=0
8 10 40 63 39 52 25 50 55 26 22 27 30 53 22 44 39 15 14 42 7 0 20 22 63 49 61 52 9 39 42 5 0 45 63 29 38 60 49 0 36 63 49 36 32 34 59 43 9 31 16 33 21 8 4 19 22 11 57 0 5 4 31 31 57 54 63 27 18 40 24 16 26 53 13 63 45 56 50 25 20 15 60 47 1 56 9 45 0 30
run=19 seed=18 k=64 f=0
35 63 34 63 6 9 57 25 51 53 55 15 31 33 55 5 8 28 29 31 47 0 54 42 25 24 43 31 0 63 40 5 21 30 47 49 1 40 6 38 37 37 53 56 12 39 47 63 14 44 9 25 24 7 19 8 55 41 31 29 23 17 63 51 14 19 0 20 62 62 0 62 46 59 12 20 13 13 17 55 41 0 1 49 57 53 0 60 15 19
run=20 seed=19 k=64 f=0
19 35 52 63 16 37 57 15 32 45 44 39 44 27 1 14 31 6 25 50 60 8 24 48 63 26 3 56 5 53 12 60 0 48 21 55 33 14 34 12 17 31 1 30 63 0 37 12 52 35 56 37 44 18 7 19 23 3 57 63 56 23 39 57 42 0 63 21 53 48 9 39 52 34 25 1 0 44 49 44 13 8 25 22 63 27 62 11 43 62
