run=1 seed=0 k=74 f=0
22 72 14 72 33 34 66 52 61 23 72 10 28 51 43 2 50 65 28 20 6 4 10 0 70 5 12 56 45 62 27 31 59 57 17 7 39 10 65 30 36 35 38 51 49 44 28 44 56 29 73 73 21 21 0 20 66 33 43 25 1 26 58 11 15 51 73 0 39 53 22 40 39 17 15 0 60 13 24 66 40 36 6 68 45 17 8 37 51 47
run=2 seed=1 k=74 f=0
22 72 14 72 33 34 66 52 61 23 72 10 28 51 43 2 50 65 28 20 6 4 10 0 70 5 12 56 45 62 27 31 59 57 17 7 39 10 65 30 36 35 38 51 49 44 28 44 56 29 73 73 21 21 0 20 66 33 43 25 1 26 58 11 15 51 73 0 39 53 22 40 39 17 15 0 60 13 24 66 40 36 6 68 45 17 8 37 51 47
run=3 seed=2 k=74 f=0
66 41 25 7 15 54 67 53 58 32 73 46 0 0 43 72 14 19 73 36 48 45 1 9 37 52 5 49 17 63 18 66 36 21 6 16 10 53 42 71 30 0 62 47 30 30 3 25 23 61 58 61 54 38 67 56 71 53 48 68 10 40 65 69 59 35 0 46 52 24 67 21 59 52 12 50 23 30 25 34 3 16 8 32 8 37 42 26 73 26
run=4 seed=3 k=74 f=0
12 61 60 0 13 19 33 45 29 2 4 0 0 30 25 47 50 67 64 71 21 64 26 52 73 71 53 1 23 37 72 21 73 8 8 26 61 30 5 36 47 51 40 59 34 55 73 0 69 39 65 23 6 20 52 47 14 40 62 73 64 25 13 33 34 73 40 39 45 17 12 12 5 38 15 40 68 32 0 16 54 13 20 31 22 47 57 35 49 26
run=5 seed=4 k=74 f=0
52 25 46 37 0 68 31 73 27 43 59 0 73 11 56 63 68 12 9 53 67 0 9 32 48 71 32 62 68 35 46 66 0 52 27 18 10 32 73 36 53 53 38 25 54 8 43 59 18 11 36 50 67 61 21 70 54 32 0 18 64 39 20 20 38 21 44 15 59 57 27 41 73 22 22 46 73 6 57 17 31 0 7 44 63 9 5 49 20 13
run=6 seed=5 k=74 f=0
32 61 38 72 41 54 43 0 47 9 69 64 48 50 29 21 13 65 48 18 24 50 37 0 53 54 33 7 18 26 43 55 40 17 33 62 0 9 4 45 11 42 13 73 31 31 60 25 30 63 2 1 51 4 24 67 67 0 6 73 48 36 70 8 70 39 16 64 60 53 58 6 46 0 10 41 18 9 61 53 26 22 71 7 20 34 73 61 12 35
run=7 seed=6 k=74 f=0
51 41 25 1 19 73 63 59 38 11 68 18 53 59 34 70 73 0 58 22 47 0 35 33 9 69 32 0 6 38 13 4 6 43 65 15 30 65 37 16 48 30 33 63 63 30 52 24 5 48 61 40 24 18 72 20 18 1 27 42 65 38 46 13 68 38 43 47 49 0 29 73 19 53 13 10 31 29 55 24 25 11 52 53 20 70 5 0 56 73
run=8 seed=7 k=74 f=0
14 21 50 17 49 66 29 73 25 11 42 38 1 24 1 73 49 21 20 49 18 7 1 28 11 35 35 45 0 61 3 59 41 66 18 73 35 24 62 5 0 48 36 0 12 0 53 7 59 72 69 55 67 43 0 15 50 41 35 56 73 45 66 57 34 63 50 68 64 6 11 5 32 63 19 43 40 58 26 33 29 8 58 20 53 15 73 8 61 34
run=9 seed=8 k=74 f=0
49 73 68 38 18 9 62 55 46 28 10 35 4 61 59 44 0 65 24 67 17 16 71 41 12 4 40 32 16 42 59 31 57 0 67 33 51 12 12 22 5 63 4 17 24 73 34 0 59 21 23 54 37 52 0 67 29 37 30 1 25 35 61 22 65 69 73 18 36 60 18 2 27 52 24 40 45 5 50 15 70 28 51 48 49 53 7 46 13 6
run=10 seed=9 k=74 f=0
38 56 59 70 8 73 64 50 20 62 61 65 27 34 37 62 21 16 0 66 59 15 73 22 0 26 55 33 11 1 72 43 61 55 69 29 73 39 15 13 42 43 0 53 42 7 34 46 14 50 45 0 65 42 23 47 52 41 33 35 30 34 9 2 68 5 9 29 44 73 61 13 26 41 73 53 54 69 52 61 6 0 17 55 33 19 28 68 13 27
run=11 seed=10 k=74 f=0
28 24 42 11 70 35 57 0 49 24 14 4 44 47 54 7 30 72 73 68 17 7 42 0 66 72 43 61 41 72 73 59 64 67 4 7 53 61 49 73 31 32 32 56 11 37 45 44 20 2 73 17 53 29 32 39 28 0 22 53 70 49 14 25 22 7 15 5 64 35 55 26 21 33 23 13 38 39 50 45 60 62 0 17 2 25 55 35 21 52
run=12 seed=11 k=74 f=0
73 16 56 65 73 22 15 19 9 64 45 14 1 4 41 25 21 0 15 61 11 62 11 48 68 32 25 67 30 71 44 73 65 36 28 29 30 17 43 70 4 57 8 55 59 27 53 37 40 73 47 46 0 46 20 25 71 32 62 39 8 32 0 13 58 51 7 38 55 0 73 50 44 6 0 34 37 18 41 6 52 20 35 23 24 65 14 58 2 11
run=13 seed=12 k=74 f=0
13 10 31 73 7 71 52 13 59 70 55 59 6 24 22 73 21 52 19 67 16 62 45 36 56 0 41 18 68 73 58 30 27 24 64 55 34 43 6 29 49 7 73 62 1 5 33 45 54 63 49 51 23 40 34 41 68 3 69 22 51 21 12 8 65 25 0 21 13 30 35 0 32 0 45 72 40 40 35 72 44 47 47 38 25 13 0 63 14 0
run=14 seed=13 k=74 f=0
34 20 23 72 34 58 0 23 64 48 60 11 0 66 61 39 1 6 50 3 37 36 71 22 12 46 30 68 33 53 32 39 13 28 39 65 43 68 7 9 73 3 51 72 11 12 68 0 56 15 18 73 45 56 0 7 28 30 61 65 71 48 21 67 28 52 42 52 57 39 13 18 26 55 45 60 28 54 45 51 23 35 60 47 44 73 18 8 6 16
run=15 seed=14 k=74 f=0
66 13 23 55 66 31 18 53 5 58 42 73 2 18 12 55 59 7 72 69 21 0 28 16 2 73 1 46 15 35 72 14 58 9 34 48 37 47 12 9 63 7 41 23 32 28 72 40 25 2 57 25 58 43 4 56 10 71 66 46 52 72 40 50 26 69 0 47 43 32 53 37 45 18 62 20 72 35 16 0 3 35 22 61 42 66 52 34 64 23
run=16 seed=15 k=74 f=0
48 18 31 0 50 30 6 68 10 10 0 37 26 66 50 31 8 60 24 73 47 61 63 66 14 21 14 65 21 10 27 53 2 27 16 57 58 70 33 71 7 29 37 19 8 43 18 12 11 40 53 59 45 55 22 45 35 53 36 6 59 44 43 52 72 7 39 25 32 66 61 39 7 73 35 0 44 70 24 38 16 62 73 48 39 44 1 65 71 73
run=17 seed=16 k=74 f=0
30 13 53 13 20 43 43 61 73 12 35 10 11 63 70 16 44 36 37 0 39 29 26 69 56 0 54 24 45 0 35 28 22 68 6 59 67 52 73 17 47 55 1 50 68 5 51 13 42 31 32 38 29 23 0 63 28 9 64 69 39 8 36 56 6 20 0 48 49 52 66 40 73 46 18 0 29 65 0 59 17 38 51 27 25 60 71 2 62 73
run=18 seed=17 k=74 f=0
39 71 47 64 45 73 37 72 33 37 0 41 3 0 9 71 31 63 10 45 41 65 38 57 51 73 9 28 27 32 38 18 19 57 51 66 71 27 25 42 44 17 25 30 17 7 45 0 38 30 64 73 53 15 58 13 15 0 5 50 72 43 21 36 34 55 48 54 9 59 53 66 5 23 24 72 64 13 60 3 1 22 8 8 17 12 18 32 1 52
run=19 seed=18 k=74 f=0
12 56 43 60 6 0 6 58 10 41 0 73 42 22 52 20 17 57 6 49 58 44 67 25 54 17 29 45 28 35 13 19 73 53 58 54 70 14 21 0 14 17 31 32 0 69 14 46 56 73 9 70 24 34 64 21 0 27 45 45 67 69 36 9 38 25 64 37 12 0 67 64 5 13 25 32 49 41 8 24 61 27 73 7 49 53 32 17 0 63
run=20 seed=19 k=74 f=0
9 20 48 31 61 55 7 1 73 1 57 38 35 73 39 52 55 43 61 26 19 14 70 25 0 13 45 29 19 46 47 65 37 53 67 47 8 72 30 26 53 63 11 18 55 41 23 0 15 22 27 17 36 67 41 58 61 36 62 8 24 68 12 13 15 49 73 9 48 70 6 17 29 15 33 42 35 64 45 0 1 60 4 52 23 59 8 68 1 70
