run=1 seed=0 k=63 f=0
38 2 47 0 5 51 27 51 21 54 29 33 35 28 18 32 28 44 45 3 44 1 19 10 0 62 16 15 1 21 44 36 0 16 0 17 0 23 6 36 36 57 37 24 61 42 61 31 7 39 55 46 10 54 40 53 51 10 51 17 46 5 61 19 56 29 62 58 62 26 0 46 14 58 9 62 11 55 42 56 51 32 24 8 13 42 21 10 10 39
run=2 seed=1 k=63 f=0
38 2 47 0 5 51 27 51 21 54 29 33 35 28 18 32 28 44 45 3 44 1 19 10 0 62 16 15 1 21 44 36 0 16 0 17 0 23 6 36 36 57 37 24 61 42 61 31 7 39 55 46 10 54 40 53 51 10 51 17 46 5 61 19 56 29 62 58 62 26 0 46 14 58 9 62 11 55 42 56 51 32 24 8 13 42 21 10 10 39
run=3 seed=2 k=63 f=0
37 58 62 34 54 50 28 12 23 30 36 15 18 15 26 32 53 43 44 31 0 21 62 15 46 44 19 17 61 45 48 43 62 40 60 8 9 59 19 0 35 53 3 23 40 50 60 30 49 54 43 22 9 8 4 35 27 5 14 24 43 58 25 6 55 53 0 57 39 31 12 6 11 4 1 1 48 54 38 29 50 15 25 0 25 8 9 33 0 7
run=4 seed=3 k=63 f=0
54 12 43 18 27 41 48 20 29 38 52 48 43 53 26 16 39 48 47 47 14 0 8 23 62 62 0 0 25 30 25 13 62 25 32 16 57 29 27 12 55 62 54 9 48 7 59 32 12 10 54 45 35 35 16 38 4 23 54 16 11 58 47 14 6 34 0 38 3 59 34 58 27 0 42 0 62 37 0 56 41 53 62 2 21 8 21 62 0 15
run=5 seed=4 k=63 f=0
26 10 53 62 45 14 20 11 16 32 26 20 44 16 13 48 45 40 20 56 58 1 58 50 0 36 20 55 57 35 30 2 34 30 62 43 51 32 11 1 29 48 61 7 38 41 51 0 23 45 13 39 0 8 5 44 0 14 20 39 61 30 36 23 56 27 62 32 24 51 5 47 19 12 60 62 51 55 27 18 1 25 22 7 38 30 10 5 0 16
run=6 seed=5 k=63 f=0
23 47 44 34 44 11 14 18 8 55 0 4 62 18 12 45 21 37 17 37 1 33 10 47 62 0 13 0 34 9 10 27 31 4 49 40 23 5 51 3 58 47 62 55 56 50 42 62 53 53 41 62 36 26 7 20 14 0 30 21 41 27 37 20 6 50 0 57 26 28 23 46 16 3 61 0 38 7 54 32 11 19 25 62 34 55 12 25 62 54
run=7 seed=6 k=63 f=0
35 11 53 9 56 11 48 30 25 6 51 47 42 41 28 14 55 21 41 56 48 23 62 53 0 0 20 29 6 62 0 0 27 57 13 18 30 59 57 1 49 15 43 46 36 16 3 62 8 19 53 34 51 33 19 52 21 21 8 38 60 31 40 39 6 1 0 36 62 30 24 45 57 44 41 0 49 7 30 43 11 43 61 24 35 62 24 32 62 35
run=8 seed=7 k=63 f=0
29 62 62 34 15 50 28 32 23 53 19 13 35 39 26 35 56 22 23 37 26 0 49 0 62 9 2 3 62 46 19 57 62 40 46 7 1 46 47 18 40 38 6 43 42 51 60 36 22 54 7 9 33 17 24 12 56 0 41 27 19 58 12 9 55 12 15 13 0 0 62 46 4 10 8 17 62 54 24 37 35 0 51 52 29 43 29 51 45 24
run=9 seed=8 k=63 f=0
39 27 41 0 55 51 56 52 28 42 20 0 33 9 23 16 55 25 45 44 15 14 62 15 31 62 32 7 13 5 62 11 31 24 48 22 51 19 11 4 4 26 4 7 36 36 44 0 9 32 55 33 49 8 0 50 41 23 43 41 17 35 0 42 56 0 62 58 62 34 39 2 46 2 62 62 24 55 10 40 51 16 17 60 26 22 15 7 50 33
run=10 seed=9 k=63 f=0
46 0 32 23 46 11 57 12 45 57 55 45 55 8 15 51 9 38 40 18 6 49 16 32 61 51 41 58 26 62 44 31 62 17 51 25 26 43 14 62 57 37 53 18 11 37 27 53 4 41 39 15 38 8 21 33 16 43 27 5 59 58 0 23 6 48 0 5 0 52 29 60 28 5 1 0 32 7 34 25 33 62 29 18 20 62 41 21 0 7
run=11 seed=10 k=63 f=0
53 62 9 55 6 40 49 8 31 62 53 0 56 17 62 59 62 6 47 48 11 0 40 16 3 18 37 30 34 28 52 1 0 13 55 9 2 20 20 45 55 62 7 32 40 23 59 25 48 27 25 0 0 37 49 36 40 16 22 49 24 48 52 56 35 32 62 62 26 41 0 14 20 34 42 62 35 44 32 20 29 44 14 11 13 7 11 45 0 19
run=12 seed=11 k=63 f=0
7 3 32 22 20 51 7 33 3 7 12 17 56 48 45 1 6 15 13 39 62 54 61 30 19 62 50 58 51 41 18 26 21 28 13 37 29 19 48 53 26 25 34 44 43 47 18 0 36 0 23 0 11 39 36 11 9 39 34 8 46 25 49 39 56 47 62 58 26 30 5 17 34 51 62 62 62 55 27 32 1 13 27 60 42 38 42 1 53 0
run=13 seed=12 k=63 f=0
7 44 0 22 51 51 5 11 32 30 57 53 2 18 29 1 31 14 13 62 8 36 52 30 10 38 27 16 7 0 2 4 21 28 24 37 54 13 48 47 5 29 59 44 35 43 51 0 44 47 17 11 10 61 5 9 25 21 16 42 37 25 40 39 56 39 62 16 38 1 21 50 34 47 20 62 60 55 62 54 25 54 26 19 30 34 0 47 11 62
run=14 seed=13 k=63 f=0
9 52 55 27 28 22 5 1 10 6 25 62 18 37 7 3 56 56 15 52 60 19 36 46 62 46 44 10 46 10 32 18 62 50 23 53 33 10 42 32 7 35 13 30 3 41 31 37 42 37 56 62 41 62 56 61 1 47 18 15 2 13 26 6 27 50 0 34 48 32 62 62 42 24 57 0 14 18 10 39 22 0 20 53 48 7 0 30 17 44
run=15 seed=14 k=63 f=0
48 50 16 0 47 32 33 48 37 0 31 10 50 13 7 43 36 55 54 4 14 2 0 10 62 25 41 41 25 15 60 17 62 20 6 17 29 21 6 44 46 38 11 24 3 9 41 41 62 40 4 30 30 54 36 28 41 8 13 52 18 5 22 19 27 59 0 57 21 59 0 26 14 26 61 33 53 36 50 15 42 47 20 1 12 17 62 34 62 55
run=16 seed=15 k=63 f=0
7 24 19 62 6 42 37 54 41 20 35 49 16 52 34 1 5 14 13 49 22 61 54 21 11 9 18 40 60 0 57 7 62 5 13 28 60 3 39 58 5 41 1 35 33 14 46 0 39 45 43 35 45 27 62 10 47 62 40 30 56 58 30 30 47 31 53 30 44 18 62 60 25 42 22 54 0 46 20 50 1 53 15 12 23 8 26 0 0 29
run=17 seed=16 k=63 f=0
7 46 9 39 57 51 33 10 62 8 37 33 0 43 21 1 6 15 13 45 12 60 39 30 62 48 56 9 17 0 55 1 21 5 62 37 29 17 48 34 5 51 27 44 35 53 44 0 49 59 55 51 62 16 19 38 61 30 56 43 13 25 21 39 56 22 62 19 0 26 42 32 34 47 26 62 25 55 47 41 1 28 0 61 33 8 14 47 0 19
run=18 seed=17 k=63 f=0
39 46 16 1 3 51 21 25 36 54 7 41 46 31 33 18 15 25 45 62 61 0 51 15 62 62 32 32 57 62 19 14 31 31 48 22 16 57 11 0 4 19 37 7 9 57 40 0 0 43 24 22 25 9 16 53 30 35 43 0 8 35 5 42 56 52 62 45 62 34 28 53 46 1 49 62 10 55 26 56 51 26 62 28 39 15 37 38 51 11
run=19 seed=18 k=63 f=0
16 49 18 34 5 29 57 22 62 19 55 17 56 52 59 11 19 22 23 0 33 39 52 50 26 0 27 15 26 0 3 41 0 14 46 43 16 3 32 0 5 45 34 36 40 5 49 9 29 9 47 37 10 26 31 25 42 3 32 37 30 4 40 41 56 62 62 12 11 10 39 50 46 61 31 62 60 55 62 54 51 52 62 62 17 1 26 9 43 9
run=20 seed=19 k=63 f=0
55 12 38 62 57 33 43 0 14 21 28 4 61 9 17 60 55 41 39 33 23 61 47 12 31 49 18 37 22 48 54 44 47 19 62 19 2 37 30 26 57 56 34 26 1 54 10 62 25 8 32 0 62 31 31 4 13 1 9 13 43 51 21 21 6 51 0 5 50 50 45 59 16 3 37 0 41 8 39 7 61 24 24 35 15 41 15 7 0 24
