run=1 seed=0 k=81 f=0
50 70 18 79 53 77 73 59 6 10 71 55 56 63 28 63 59 27 24 48 16 80 24 68 40 0 80 62 2 37 3 18 15 22 33 33 10 44 80 15 39 45 59 7 23 31 2 0 74 45 29 1 10 53 74 54 23 77 69 76 33 37 4 60 56 62 42 66 24 69 3 36 72 18 11 18 47 21 50 41 10 38 35 17 49 39 80 7 61 28
run=2 seed=1 k=81 f=0
50 70 18 79 53 77 73 59 6 10 71 55 56 63 28 63 59 27 24 48 16 80 24 68 40 0 80 62 2 37 3 18 15 22 33 33 10 44 80 15 39 45 59 7 23 31 2 0 74 45 29 1 10 53 74 54 23 77 69 76 33 37 4 60 56 62 42 66 24 69 3 36 72 18 11 18 47 21 50 41 10 38 35 17 49 39 80 7 61 28
run=3 seed=2 k=81 f=0
25 66 71 16 63 13 0 6 80 12 59 54 47 3 62 36 39 6 19 44 16 77 2 0 73 28 26 11 72 15 75 13 79 66 80 52 22 12 6 71 40 23 8 43 18 23 31 69 34 7 62 30 46 57 38 55 77 16 51 10 31 20 27 50 61 30 33 64 55 45 27 72 55 68 50 80 44 63 58 0 67 38 28 80 0 18 20 2 49 38
run=4 seed=3 k=81 f=0
62 76 29 42 22 80 73 10 19 58 1 26 6 10 58 45 52 24 23 57 70 80 13 54 58 67 48 57 73 20 25 67 70 25 44 1 28 38 77 17 31 38 40 8 64 34 57 15 73 79 80 2 52 13 38 68 15 80 73 7 1 66 37 32 46 54 40 77 28 51 59 30 75 35 44 69 69 31 23 34 35 51 17 66 12 43 78 23 4 30
run=5 seed=4 k=81 f=0
11 45 0 29 70 45 69 65 52 42 80 23 40 8 49 24 72 17 5 11 51 44 80 66 58 38 1 66 3 10 9 23 25 56 15 59 58 80 18 36 30 59 15 52 76 5 20 76 21 21 56 61 30 13 25 73 2 32 20 14 7 39 12 3 40 26 34 73 77 66 74 42 71 31 32 48 52 1 43 29 78 62 55 43 11 31 1 74 79 1
run=6 seed=5 k=81 f=0
63 80 0 54 66 28 60 0 18 76 11 64 7 0 47 80 77 54 57 5 80 79 36 48 3 11 76 1 47 33 59 61 0 7 24 79 38 72 70 69 12 56 26 35 8 28 45 18 55 22 36 54 36 72 48 51 19 66 59 76 31 72 12 41 38 66 9 48 9 16 0 34 23 45 67 51 42 44 48 15 4 38 71 40 21 27 33 58 80 24
run=7 seed=6 k=81 f=0
9 77 24 61 59 42 0 63 37 24 16 22 61 50 33 2 19 77 3 70 27 24 69 30 12 73 51 37 59 78 64 3 20 69 67 80 76 32 26 41 38 42 55 61 2 45 9 51 18 42 0 80 42 17 73 15 53 77 27 12 31 15 51 6 58 42 70 80 32 46 51 24 25 56 32 74 14 38 61 48 64 52 28 72 12 38 3 72 6 50
run=8 seed=7 k=81 f=0
45 40 77 59 13 17 34 2 16 42 48 20 76 71 32 16 41 29 51 54 44 62 1 63 34 4 62 9 36 41 0 39 36 73 78 80 13 48 59 18 13 56 6 9 80 26 10 72 22 21 53 49 18 49 34 51 32 53 9 65 11 77 72 53 22 4 0 7 27 73 36 71 58 43 80 6 4 67 26 56 29 42 60 0 68 13 64 25 68 29
run=9 seed=8 k=81 f=0
13 0 23 80 63 55 8 67 12 45 80 30 4 29 4 79 27 45 0 62 72 25 46 30 6 54 47 8 52 45 66 20 80 58 1 23 49 79 58 12 10 10 29 62 80 0 16 39 14 63 37 21 58 31 73 53 23 35 66 73 21 9 58 2 50 59 71 40 57 45 28 72 26 39 36 18 79 51 73 49 6 70 22 60 70 64 37 17 45 75
run=10 seed=9 k=81 f=0
57 25 61 20 51 40 14 52 10 14 16 31 5 4 27 65 8 51 72 76 74 72 54 31 38 70 45 55 4 25 46 66 22 30 71 48 80 22 0 80 42 58 68 7 76 40 63 64 45 36 15 34 36 4 65 1 55 76 20 75 70 73 0 12 15 64 80 33 45 38 32 57 27 17 80 80 59 16 30 16 10 48 6 46 58 66 25 26 79 35
run=11 seed=10 k=81 f=0
14 48 2 62 11 71 32 49 37 68 20 39 27 24 34 1 45 50 8 1 12 1 10 56 57 13 61 28 4 27 16 78 80 80 60 47 72 6 29 35 16 63 39 63 57 8 58 0 44 54 16 3 2 43 41 9 54 21 27 77 33 8 74 40 37 0 22 54 79 66 77 12 33 24 69 0 51 41 65 70 55 24 80 12 60 48 18 36 74 43
run=12 seed=11 k=81 f=0
26 59 42 65 19 46 76 80 26 46 32 6 69 32 73 77 80 39 11 13 6 40 55 33 23 18 43 41 45 13 23 56 80 22 26 0 78 54 43 37 61 73 17 70 11 6 49 19 42 9 0 1 48 34 80 3 33 67 47 57 41 11 14 63 73 16 57 37 58 34 18 72 3 18 62 51 13 50 31 49 65 53 33 23 29 79 73 61 0 56
run=13 seed=12 k=81 f=0
54 48 68 53 28 9 46 65 39 17 44 73 75 1 79 26 0 61 38 22 19 35 54 69 6 23 14 68 51 78 39 5 24 27 33 76 55 30 30 23 6 29 31 16 11 73 0 0 9 5 38 44 56 61 62 62 46 75 66 21 67 40 19 33 62 67 46 80 54 43 16 58 79 47 11 56 74 35 40 80 12 13 2 1 69 63 7 0 32 53
run=14 seed=13 k=81 f=0
43 22 27 56 25 75 22 64 80 62 51 61 38 14 48 73 45 15 69 22 29 71 34 9 7 9 75 60 23 2 3 0 61 47 20 22 63 53 55 4 31 11 55 2 68 14 37 50 74 73 9 39 30 1 46 80 0 66 25 78 39 65 55 40 80 15 34 32 80 0 63 9 25 0 28 46 70 80 15 52 14 40 11 49 5 31 30 57 65 18
run=15 seed=14 k=81 f=0
80 50 43 70 33 27 38 78 0 79 31 43 74 0 11 7 0 14 74 62 80 2 15 4 29 61 5 41 4 65 31 39 66 27 68 11 0 25 0 36 32 56 60 34 78 9 46 57 15 32 32 54 4 53 60 74 49 55 60 20 72 74 76 39 20 64 45 24 8 59 41 48 51 36 18 50 45 22 42 19 28 80 14 34 7 66 27 11 19 12
run=16 seed=15 k=81 f=0
73 6 59 7 26 66 45 75 52 61 22 42 2 41 0 0 26 37 33 3 55 5 45 80 16 39 44 21 54 49 36 61 7 80 47 42 68 38 0 35 12 66 24 49 44 14 57 56 29 74 24 4 14 66 53 29 10 8 56 8 2 11 76 25 24 79 16 35 14 80 66 27 61 29 39 58 69 26 66 60 19 21 80 33 75 70 79 32 30 18
run=17 seed=16 k=81 f=0
13 51 31 76 6 0 68 29 24 60 78 49 38 15 21 68 9 7 80 3 5 36 39 48 17 48 58 35 66 54 76 68 66 44 41 41 45 55 72 32 28 1 2 34 61 16 5 20 17 39 79 22 43 56 28 11 27 47 54 37 79 42 61 73 6 74 57 52 73 21 64 44 77 28 62 0 50 25 74 67 60 9 21 27 45 11 0 47 0 21
run=18 seed=17 k=81 f=0
61 4 17 71 80 54 28 21 35 10 4 29 23 62 78 23 62 30 26 78 2 65 10 36 55 8 46 58 67 37 16 67 69 80 19 9 8 47 50 1 3 80 39 46 65 52 12 17 0 38 60 39 45 0 53 24 37 33 69 42 14 7 79 0 42 74 80 26 30 73 67 15 74 62 73 33 73 2 43 9 19 59 29 53 79 6 48 32 46 47
run=19 seed=18 k=81 f=0
66 71 38 80 27 25 57 76 65 0 61 53 8 68 22 40 61 0 49 25 17 43 79 41 18 71 44 40 80 0 61 14 58 34 11 18 71 80 73 43 4 15 47 32 18 20 8 79 63 50 23 33 8 1 58 78 49 28 69 37 42 47 47 13 35 60 7 55 20 9 27 1 73 24 51 59 78 52 6 1 0 29 32 26 43 66 53 32 13 66
run=20 seed=19 k=81 f=0
24 41 19 31 49 14 60 45 56 40 79 31 64 17 63 80 76 73 30 40 35 17 14 38 47 40 11 56 56 5 31 66 47 0 27 1 80 1 53 46 60 23 50 57 66 24 52 79 33 80 44 68 18 69 79 76 11 1 55 67 39 0 23 28 19 54 66 2 59 77 70 30 33 26 34 37 0 10 64 19 14 9 6 47 8 3 10 24 49 66
