run=1 seed=0 k=69 f=0
28 45 5 16 29 11 34 28 48 1 38 16 29 14 31 23 16 52 34 63 54 14 53 42 68 40 44 3 0 5 31 6 59 44 34 49 22 48 8 8 15 68 7 3 22 0 63 20 11 51 59 68 13 25 62 39 39 31 62 33 48 63 0 31 0 8 68 22 43 23 55 33 38 11 54 43 52 15 41 58 63 68 54 57 68 50 24 18 59 22
run=2 seed=1 k=69 f=0
28 45 5 16 29 11 34 28 48 1 38 16 29 14 31 23 16 52 34 63 54 14 53 42 68 40 44 3 0 5 31 6 59 44 34 49 22 48 8 8 15 68 7 3 22 0 63 20 11 51 59 68 13 25 62 39 39 31 62 33 48 63 0 31 0 8 68 22 43 23 55 33 38 11 54 43 52 15 41 58 63 68 54 57 68 50 24 18 59 22
run=3 seed=2 k=69 f=0
27 46 18 62 40 43 68 31 52 29 61 56 41 61 40 22 56 14 57 68 9 1 63 34 31 0 48 59 37 51 10 20 68 56 0 10 3 33 39 68 16 68 30 51 66 44 24 20 12 49 49 12 20 34 53 37 22 7 40 6 33 5 48 62 48 60 0 37 46 63 68 5 38 45 10 0 21 60 16 27 21 27 2 45 26 14 35 68 9 16
run=4 seed=3 k=69 f=0
61 8 23 0 0 68 6 20 42 48 0 7 56 14 68 17 14 0 1 59 68 68 36 10 68 49 37 44 31 12 34 28 20 27 68 46 4 17 14 41 25 42 41 38 26 54 46 54 45 39 1 21 17 62 37 2 30 55 49 61 36 24 0 43 35 11 29 68 30 53 7 11 49 10 34 41 59 6 27 52 68 32 66 24 63 20 7 47 14 60
run=5 seed=4 k=69 f=0
68 44 34 67 16 48 43 59 26 64 46 64 15 38 9 63 38 28 42 16 32 68 0 34 45 0 52 55 55 25 27 0 0 30 31 25 38 63 6 59 19 7 19 18 8 6 52 11 24 23 43 1 63 14 50 0 51 10 68 18 1 42 28 65 53 21 59 41 10 48 36 68 6 55 37 59 22 38 53 66 32 48 35 41 68 26 45 8 58 16
run=6 seed=5 k=69 f=0
23 21 42 57 29 11 37 55 8 56 68 23 3 68 2 40 43 31 29 45 32 29 10 68 20 16 13 40 46 41 66 35 37 12 62 46 67 27 14 51 60 8 43 61 5 0 62 54 15 25 11 23 34 49 47 1 43 68 29 0 29 17 55 44 6 57 0 24 1 34 41 60 49 4 20 68 10 7 0 16 55 32 53 65 21 61 34 20 68 50
run=7 seed=6 k=69 f=0
0 1 10 47 5 50 26 22 55 29 33 47 28 38 24 43 34 6 8 2 3 11 27 16 68 0 67 28 0 68 17 15 68 63 0 24 18 44 53 48 45 16 53 31 63 40 1 41 68 58 7 68 46 17 52 45 55 3 62 57 23 64 52 26 34 38 59 28 21 64 1 45 20 54 50 14 11 12 17 41 39 68 36 31 59 21 57 50 33 56
run=8 seed=7 k=69 f=0
31 67 27 56 63 18 62 30 20 48 56 36 57 0 15 15 52 44 25 36 31 23 25 9 68 68 44 25 0 5 58 2 50 0 42 59 66 7 43 30 13 62 30 0 17 12 44 38 26 48 14 20 48 34 35 50 38 44 0 48 56 27 35 61 3 48 67 50 8 9 51 65 55 63 68 67 57 22 7 2 18 41 8 25 33 29 68 68 6 15
run=9 seed=8 k=69 f=0
49 0 44 24 21 0 18 52 13 8 20 16 68 36 16 26 23 43 42 5 24 8 45 27 17 5 57 35 61 67 10 29 57 30 14 20 49 0 31 41 14 3 41 35 54 0 59 68 33 60 10 0 28 68 47 25 14 55 63 45 28 53 33 18 5 5 11 63 68 67 24 42 5 67 37 53 53 63 9 59 0 53 63 54 62 35 30 51 35 47
run=10 seed=9 k=69 f=0
28 25 46 0 28 56 31 36 27 44 62 29 62 0 24 23 28 16 18 13 30 14 36 10 68 37 46 47 56 51 16 55 0 66 59 49 23 37 6 50 31 9 9 42 57 7 43 35 11 10 16 34 36 53 8 61 51 0 7 1 48 49 54 24 61 43 68 68 22 66 53 1 5 57 22 24 68 60 44 3 37 17 66 19 42 48 13 7 61 0
run=11 seed=10 k=69 f=0
61 19 19 1 49 68 51 9 57 38 68 6 68 26 53 45 12 20 18 17 8 0 0 26 68 30 0 7 37 29 47 49 0 34 44 33 32 45 47 31 64 21 4 52 39 24 16 9 60 39 54 1 68 65 12 67 21 21 62 61 0 4 55 47 55 40 41 39 55 24 38 31 30 57 43 10 18 14 37 24 68 46 30 52 29 17 67 27 10 57
run=12 seed=11 k=69 f=0
16 23 42 9 44 45 59 12 17 34 33 48 49 16 62 0 62 30 32 6 6 19 35 67 56 53 24 37 61 54 4 63 24 49 49 0 66 38 42 40 15 25 64 38 51 26 5 58 57 23 1 1 31 68 61 29 29 43 16 8 1 53 7 2 50 43 8 47 68 55 64 39 63 42 42 23 24 49 27 18 68 0 13 16 6 35 10 16 33 68
run=13 seed=12 k=69 f=0
29 44 24 10 37 0 17 23 0 0 33 4 68 61 3 14 17 23 7 28 22 58 57 53 38 60 43 63 53 67 30 13 15 28 55 46 40 5 57 33 35 16 2 61 8 48 39 68 27 51 60 68 56 68 49 11 56 67 0 27 48 33 28 9 24 33 38 56 10 67 15 65 49 66 6 0 43 4 8 3 19 33 22 40 51 45 24 1 42 0
run=14 seed=13 k=69 f=0
68 44 68 58 14 22 35 18 13 41 49 41 27 65 29 25 28 44 62 31 44 42 52 0 36 0 68 21 32 57 53 40 10 64 35 29 7 40 4 18 19 68 0 57 68 26 9 50 16 10 0 48 59 50 27 15 66 12 42 23 60 32 0 64 43 21 37 4 0 48 68 54 5 61 0 36 57 18 68 63 14 43 7 7 55 63 9 12 20 30
run=15 seed=14 k=69 f=0
0 68 38 9 62 22 15 35 64 34 0 64 0 25 67 61 25 7 48 5 35 6 43 31 19 21 23 0 27 59 49 14 40 68 18 60 56 26 19 58 27 45 32 53 23 27 42 13 64 30 17 5 55 58 11 20 13 68 35 54 39 44 1 62 5 44 68 55 49 10 37 41 35 14 51 68 68 27 51 32 33 47 39 2 56 41 40 61 0 30
run=16 seed=15 k=69 f=0
37 17 21 2 47 9 68 0 32 55 11 59 2 68 51 12 7 62 43 54 47 18 57 0 23 12 5 56 46 41 2 68 56 36 14 16 16 32 63 50 4 32 44 48 36 48 27 68 52 29 66 0 26 56 8 50 62 45 29 19 25 19 36 41 30 25 24 16 25 0 37 42 30 1 61 11 34 5 68 40 51 63 67 68 20 27 62 55 42 7
run=17 seed=16 k=69 f=0
25 2 12 57 56 45 5 63 68 67 27 37 7 42 50 62 43 1 0 15 47 39 31 18 4 36 33 68 67 0 15 48 33 31 18 11 65 19 48 61 24 45 65 52 49 20 52 59 41 65 25 1 22 45 12 60 54 55 13 8 14 29 22 9 40 14 68 39 50 20 68 3 14 54 11 32 27 39 68 8 62 0 34 56 56 0 36 60 26 23
run=18 seed=17 k=69 f=0
46 30 63 45 3 8 68 7 30 54 45 1 65 68 18 67 55 1 0 59 35 51 16 28 49 36 26 67 57 25 54 68 68 59 10 21 47 14 32 47 42 68 5 60 12 20 0 53 37 27 29 28 62 11 43 41 1 39 33 14 7 23 3 16 13 9 38 39 19 51 58 1 32 54 35 6 37 13 24 0 63 54 21 38 25 42 62 51 3 12
run=19 seed=18 k=69 f=0
42 38 53 34 61 14 24 38 0 20 19 57 29 35 27 68 20 61 8 44 64 68 57 23 26 44 9 17 34 28 48 67 0 4 29 58 38 48 27 0 18 6 58 51 27 12 45 67 12 9 8 42 0 60 5 11 3 12 7 23 0 29 47 46 48 55 34 27 12 14 36 57 6 0 54 1 51 18 38 58 68 19 68 48 62 44 66 16 68 60
run=20 seed=19 k=69 f=0
9 15 48 1 0 57 61 36 65 12 16 46 56 34 58 2 33 15 17 45 62 0 26 48 39 24 29 46 28 68 2 9 0 10 52 41 68 0 54 3 35 9 51 23 24 53 45 67 27 68 19 27 38 32 68 30 41 47 57 60 37 42 15 6 26 23 32 21 61 3 46 58 52 31 25 11 42 62 68 10 68 39 60 21 62 38 18 5 15 57
