run=1 seed=0 k=76 f=0
59 68 60 2 75 25 55 0 75 45 57 47 58 62 41 10 20 72 42 28 67 72 67 66 1 69 6 7 20 39 29 42 7 44 0 75 33 5 0 12 21 29 35 34 59 19 63 16 26 14 31 26 12 27 20 18 14 75 59 73 10 55 32 0 30 41 50 66 53 36 67 51 44 22 11 52 37 21 49 44 25 34 48 2 12 8 70 49 49 51
run=2 seed=1 k=76 f=0
59 68 60 2 75 25 55 0 75 45 57 47 58 62 41 10 20 72 42 28 67 72 67 66 1 69 6 7 20 39 29 42 7 44 0 75 33 5 0 12 21 29 35 34 59 19 63 16 26 14 31 26 12 27 20 18 14 75 59 73 10 55 32 0 30 41 50 66 53 36 67 51 44 22 11 52 37 21 49 44 25 34 48 2 12 8 70 49 49 51
run=3 seed=2 k=76 f=0
23 35 51 15 29 62 56 73 5 59 59 49 61 69 42 28 66 3 17 54 2 66 73 46 43 75 46 44 65 39 0 36 74 9 75 0 12 25 37 15 27 27 62 55 20 44 0 9 34 1 13 37 52 26 8 23 43 51 56 4 34 38 0 20 52 69 31 68 50 58 74 26 15 52 17 45 2 66 9 58 70 61 73 15 6 22 24 52 34 52
run=4 seed=3 k=76 f=0
8 35 28 47 7 19 70 50 63 64 30 8 51 73 40 17 75 64 58 24 73 8 40 50 0 15 44 48 56 75 58 9 0 24 12 33 27 6 66 45 24 0 52 26 66 0 59 75 63 6 33 35 16 35 41 29 16 49 66 71 31 33 9 11 13 37 41 38 26 44 72 70 55 72 17 1 1 70 59 20 18 75 2 63 39 24 54 65 56 41
run=5 seed=4 k=76 f=0
68 33 75 39 52 45 45 17 29 0 43 22 41 21 47 18 64 75 74 11 53 25 75 34 9 62 65 22 56 50 63 75 4 33 43 23 62 13 42 16 9 30 0 54 6 69 10 61 4 14 71 58 47 54 37 40 30 47 2 10 16 0 33 21 51 75 15 51 29 33 27 37 27 66 0 18 69 38 24 75 0 7 71 64 63 48 7 1 22 73
run=6 seed=5 k=76 f=0
41 5 62 28 0 62 35 9 3 67 63 2 24 58 74 16 13 69 24 25 62 0 64 16 74 9 47 33 16 31 22 56 49 67 6 0 56 48 11 73 44 71 29 7 47 75 45 75 33 0 57 19 58 52 13 15 73 46 56 26 8 0 0 38 57 36 32 37 46 74 18 14 26 51 21 66 37 58 33 66 35 18 70 48 4 42 28 0 42 54
run=7 seed=6 k=76 f=0
8 34 0 41 71 29 7 75 26 14 16 43 74 1 23 36 60 2 67 8 67 30 0 56 67 13 63 75 66 48 10 45 75 22 44 49 60 51 26 7 19 8 70 22 23 67 57 15 1 32 31 53 52 50 59 63 13 46 73 56 70 71 24 47 0 26 41 35 35 14 58 54 52 29 1 6 65 60 15 28 35 60 2 28 40 22 20 48 75 39
run=8 seed=7 k=76 f=0
27 39 26 54 61 47 69 73 4 9 54 65 55 35 13 55 60 64 13 59 68 35 16 58 74 63 10 49 0 5 21 38 5 0 74 67 44 16 44 40 23 44 53 18 30 47 60 34 66 42 20 54 7 18 44 75 25 47 68 27 53 10 5 23 52 2 75 21 27 8 31 68 0 43 13 61 1 39 33 10 35 35 68 18 0 74 18 34 75 26
run=9 seed=8 k=76 f=0
21 64 73 26 25 4 42 31 0 0 40 34 8 65 60 61 64 75 74 15 21 60 21 37 31 48 70 1 49 14 16 47 46 5 75 30 61 16 52 6 24 25 31 12 51 53 22 57 69 18 28 58 73 66 10 46 37 73 38 5 41 52 52 28 9 0 66 62 34 64 0 24 41 7 75 38 19 0 12 28 15 35 38 58 59 74 46 44 10 68
run=10 seed=9 k=76 f=0
51 38 75 37 42 32 43 69 51 16 47 57 7 62 57 46 40 57 60 0 13 23 61 72 72 0 22 18 40 0 58 40 23 56 47 6 22 39 29 57 50 28 7 65 71 5 32 44 61 29 51 74 51 66 5 74 69 10 5 9 35 8 30 1 37 57 14 61 35 46 74 11 37 21 15 66 26 0 19 67 19 12 28 71 14 0 0 28 21 63
run=11 seed=10 k=76 f=0
0 47 65 41 9 58 8 12 72 42 31 45 44 53 10 59 56 43 64 45 28 55 7 8 20 1 17 39 66 40 70 3 75 35 32 40 69 61 30 47 54 75 63 15 56 24 0 49 22 57 54 23 16 49 0 30 13 74 69 36 52 29 29 66 18 38 24 55 65 13 36 36 70 52 63 2 74 34 41 4 58 17 26 28 74 20 14 73 30 17
run=12 seed=11 k=76 f=0
23 2 41 22 75 30 0 68 59 61 54 45 60 27 15 29 62 74 75 2 24 7 6 67 38 74 12 48 35 25 70 27 42 36 54 59 53 69 33 0 48 13 52 50 59 14 75 9 45 6 19 18 15 65 42 18 11 70 75 61 27 19 22 55 17 37 0 47 35 52 26 37 63 12 43 2 69 14 46 25 69 31 36 4 39 9 9 50 52 58
run=13 seed=12 k=76 f=0
8 38 14 46 53 50 40 36 60 28 25 33 0 38 4 0 72 15 0 75 50 75 28 23 18 75 31 10 47 56 66 18 74 20 58 31 38 19 15 23 55 6 60 57 47 1 65 64 58 66 40 2 22 54 74 44 9 60 53 67 0 33 9 2 45 70 39 8 67 60 65 47 69 43 12 6 14 46 38 33 24 34 1 17 36 75 46 63 25 29
run=14 seed=13 k=76 f=0
66 1 68 56 23 48 48 52 75 63 7 35 52 50 0 55 47 9 7 14 32 0 5 15 35 16 45 62 60 73 11 27 34 22 69 75 60 37 51 56 64 25 28 1 75 63 13 57 68 36 74 1 39 6 8 56 20 75 63 45 8 74 14 40 43 2 25 36 41 16 32 1 19 41 41 1 29 44 26 35 28 43 48 67 23 9 17 65 28 32
run=15 seed=14 k=76 f=0
14 56 22 46 62 39 16 41 75 50 58 71 15 74 32 37 25 7 8 17 0 73 47 30 18 9 29 32 14 20 71 66 64 62 68 23 23 7 58 59 45 28 27 46 1 27 1 53 49 0 30 38 14 38 27 50 38 63 32 62 55 75 6 18 74 75 0 35 9 49 0 4 59 28 10 67 0 70 75 46 39 56 42 0 34 5 18 43 67 36
run=16 seed=15 k=76 f=0
36 75 21 42 8 14 56 74 69 0 47 24 27 30 12 74 70 21 22 32 33 41 41 54 18 0 0 32 70 12 5 19 75 17 63 62 56 19 50 47 5 36 12 7 66 26 1 0 48 73 9 23 43 34 51 25 68 52 58 54 5 67 9 30 31 14 44 7 38 41 66 56 59 29 63 74 75 27 32 55 16 51 21 62 56 0 13 58 62 51
run=17 seed=16 k=76 f=0
41 65 12 71 47 70 6 36 57 36 52 73 75 63 44 30 35 54 5 13 3 13 49 34 9 22 43 53 40 67 4 1 13 31 0 50 37 55 19 56 39 0 21 0 75 45 75 60 0 53 47 9 29 63 15 47 64 59 64 23 11 45 20 7 75 20 25 26 22 61 25 73 65 16 21 69 73 75 71 28 31 37 39 49 11 5 42 33 0 58
run=18 seed=17 k=76 f=0
74 34 19 31 57 23 68 34 72 43 18 75 65 10 66 63 60 50 29 59 27 43 40 0 21 51 67 15 27 60 52 41 66 23 1 38 35 9 20 49 5 48 2 16 63 10 52 9 49 75 55 66 73 59 28 72 0 32 27 40 7 30 11 42 51 16 57 25 75 0 75 5 4 74 0 45 34 44 73 40 62 3 44 16 14 7 21 44 42 29
run=19 seed=18 k=76 f=0
34 33 16 34 58 27 46 73 42 50 7 66 10 5 3 40 54 20 66 12 0 24 0 0 17 72 20 25 19 50 49 29 56 0 44 75 62 20 7 21 29 33 55 48 16 58 66 41 39 63 44 12 43 9 38 60 49 27 35 1 45 5 67 68 19 35 13 2 64 39 52 68 72 33 16 60 30 62 8 1 24 51 71 9 1 74 73 56 25 40
run=20 seed=19 k=76 f=0
9 15 20 74 50 35 38 17 12 27 3 27 69 1 61 58 10 3 41 22 15 60 20 26 75 32 56 37 37 42 48 47 69 8 45 0 34 10 31 32 75 55 75 18 30 27 51 60 44 0 57 16 0 66 9 0 24 50 1 74 1 65 65 13 14 49 51 35 65 20 52 67 30 15 71 5 56 44 38 24 48 54 56 64 62 13 75 32 44 22
