run=1 seed=0 k=66 f=0
27 45 11 63 27 57 32 23 28 38 47 27 63 15 25 58 8 19 21 42 13 56 15 43 0 0 0 16 53 37 54 59 13 42 65 50 0 17 39 30 65 7 9 65 35 5 13 34 7 55 21 0 2 20 7 26 41 43 38 43 34 49 24 6 6 55 0 17 56 16 54 9 39 31 65 31 47 7 52 40 58 37 63 64 45 2 21 30 47 0
run=2 seed=1 k=66 f=0
27 45 11 63 27 57 32 23 28 38 47 27 63 15 25 58 8 19 21 42 13 56 15 43 0 0 0 16 53 37 54 59 13 42 65 50 0 17 39 30 65 7 9 65 35 5 13 34 7 55 21 0 2 20 7 26 41 43 38 43 34 49 24 6 6 55 0 17 56 16 54 9 39 31 65 31 47 7 52 40 58 37 63 64 45 2 21 30 47 0
run=3 seed=2 k=66 f=0
21 65 15 65 24 56 34 0 6 36 45 38 24 58 36 64 35 13 15 14 41 51 46 45 29 0 22 11 21 15 56 53 65 10 52 38 65 37 59 27 23 65 15 0 45 20 60 7 15 57 32 65 0 43 6 2 6 16 9 5 32 25 57 36 51 57 30 40 14 27 42 63 41 55 28 0 0 50 2 20 46 50 33 56 9 52 42 13 26 41
run=4 seed=3 k=66 f=0
16 56 10 65 60 9 49 6 34 5 29 2 47 45 37 65 47 30 32 22 32 64 10 65 1 27 47 31 49 44 46 62 24 39 65 49 38 28 6 0 19 12 11 56 38 15 23 41 15 18 10 53 3 3 13 0 3 23 40 58 64 20 58 51 59 63 0 0 36 27 38 11 46 38 56 65 27 36 32 7 42 44 20 21 0 34 18 23 55 34
run=5 seed=4 k=66 f=0
14 42 57 0 20 65 22 15 39 32 48 32 64 56 36 64 32 7 8 55 4 29 55 35 0 16 65 5 59 38 51 31 22 43 25 42 56 32 61 51 16 21 2 57 33 62 54 50 12 65 16 10 59 8 47 64 21 8 15 9 65 18 22 28 29 49 0 20 40 2 48 6 45 35 2 23 65 31 41 58 52 48 15 46 38 42 0 29 28 8
run=6 seed=5 k=66 f=0
58 9 0 19 36 45 25 55 40 53 27 23 37 65 65 12 16 0 52 22 9 12 43 30 3 10 35 64 34 0 40 65 6 64 30 23 50 23 0 60 60 61 1 37 26 5 36 65 0 43 56 0 46 51 15 49 61 65 25 4 12 54 55 21 40 31 15 13 42 45 16 0 26 34 45 28 21 49 35 52 64 58 56 51 7 12 9 20 31 20
run=7 seed=6 k=66 f=0
57 64 53 38 61 50 15 22 28 39 50 14 10 50 31 65 14 32 30 65 3 65 21 10 37 65 36 49 0 9 11 15 38 32 56 17 51 59 6 65 56 60 20 24 42 58 0 64 29 1 45 22 26 46 16 55 19 52 44 34 23 5 5 19 45 40 0 3 31 65 37 45 14 50 41 23 9 44 29 37 50 10 2 42 0 56 0 64 21 27
run=8 seed=7 k=66 f=0
27 62 31 42 65 7 36 56 18 8 40 26 63 42 14 32 65 0 1 32 8 0 2 55 46 64 24 40 16 21 17 1 65 49 14 48 1 35 59 49 42 34 26 41 2 26 65 34 15 23 0 58 35 8 29 54 23 55 40 65 1 49 17 24 12 40 18 61 0 37 30 50 60 14 13 20 23 11 26 6 7 54 49 50 53 46 34 31 0 44
run=9 seed=8 k=66 f=0
26 40 57 36 44 65 5 33 24 63 0 27 26 11 29 21 24 46 32 6 63 44 11 10 65 11 55 10 50 9 28 42 40 28 56 49 6 59 6 47 14 39 0 56 51 51 19 19 18 20 43 18 62 65 0 55 50 52 34 13 33 36 41 29 60 38 0 15 38 20 39 65 6 0 59 54 29 14 0 64 65 0 19 2 0 34 5 3 45 65
run=10 seed=9 k=66 f=0
57 34 0 54 6 13 60 42 12 17 29 61 64 56 9 0 59 50 51 36 46 53 27 28 65 37 19 18 23 16 4 61 65 8 1 35 20 50 16 23 23 8 13 20 48 21 35 1 3 18 54 45 25 45 39 28 37 17 6 35 29 61 49 37 8 29 43 48 32 45 58 5 32 16 1 30 64 8 36 52 2 65 65 52 39 12 11 0 27 65
run=11 seed=10 k=66 f=0
7 53 37 56 50 36 63 0 11 8 65 43 47 17 65 64 10 1 0 47 57 50 48 14 4 47 5 7 7 15 64 19 65 33 55 21 5 27 50 65 41 33 24 28 41 42 7 45 37 8 0 26 30 17 61 38 65 57 17 57 64 51 24 23 31 40 56 31 0 13 56 59 18 34 26 64 35 40 33 19 36 24 15 21 6 25 45 15 0 59
run=12 seed=11 k=66 f=0
41 43 64 29 46 18 5 1 10 26 53 60 59 14 7 21 13 34 35 47 43 65 55 9 37 47 14 27 10 45 15 24 27 23 20 57 27 15 21 31 13 22 0 50 53 40 14 0 38 37 25 1 22 56 36 37 2 28 6 39 0 57 65 44 46 10 65 59 65 30 53 36 5 12 32 65 52 14 47 59 5 0 64 51 0 47 41 33 18 57
run=13 seed=12 k=66 f=0
65 57 9 24 51 30 53 20 48 8 57 37 61 39 51 1 65 15 18 12 44 27 30 56 10 42 63 37 65 11 0 28 0 5 46 49 1 22 27 34 64 47 23 23 29 65 44 9 48 0 18 15 46 16 65 18 36 56 51 0 14 61 40 47 35 8 41 1 58 7 0 40 52 36 35 43 0 34 19 7 58 33 14 22 12 51 24 31 59 61
run=14 seed=13 k=66 f=0
14 47 0 52 42 50 58 9 30 18 23 27 45 53 18 53 16 7 8 2 56 46 45 35 64 43 35 6 44 33 65 45 0 14 35 57 62 4 21 65 30 17 38 42 25 38 2 26 27 33 33 1 1 24 61 22 37 37 58 53 10 60 26 17 45 19 65 17 26 3 14 58 21 39 65 64 10 31 5 55 37 63 14 61 52 10 47 1 9 54
run=15 seed=14 k=66 f=0
23 50 38 8 10 16 14 10 26 59 63 0 32 42 1 51 46 6 8 35 44 21 2 65 38 20 3 27 29 38 17 56 0 43 65 47 3 61 61 24 20 57 9 32 2 0 30 39 24 29 11 0 58 65 20 62 16 18 10 44 49 44 29 26 29 56 55 17 51 35 2 46 61 19 50 52 34 12 58 7 16 48 35 22 40 65 15 21 57 3
run=16 seed=15 k=66 f=0
49 54 37 53 49 42 2 6 30 39 65 39 29 21 0 43 21 34 36 56 14 50 9 18 0 17 26 7 55 17 63 47 28 12 0 8 22 49 22 45 44 28 34 58 28 22 59 65 39 27 19 12 44 44 59 24 3 52 38 11 45 8 65 52 54 44 0 14 29 31 65 1 22 50 35 0 65 14 31 36 61 7 16 1 15 47 54 36 62 42
run=17 seed=16 k=66 f=0
0 65 20 0 58 18 57 8 42 2 49 37 65 35 54 40 36 50 6 3 32 1 0 27 57 29 38 22 0 42 39 25 65 24 43 35 9 21 15 7 22 62 14 11 4 34 65 56 57 38 7 27 48 48 11 50 39 65 22 19 45 61 48 37 49 2 43 54 18 26 31 63 31 16 17 41 52 22 14 0 59 62 31 11 0 52 63 45 11 29
run=18 seed=17 k=66 f=0
0 9 53 27 37 25 37 7 60 0 64 16 49 24 34 31 37 7 6 0 0 29 0 44 13 43 55 59 3 42 20 31 34 13 52 51 24 41 28 19 59 52 52 58 44 48 56 65 6 63 23 31 0 0 15 65 63 54 47 36 10 19 24 53 20 17 14 40 62 43 35 14 48 61 20 12 43 40 65 2 63 18 28 25 0 56 10 10 8 0
run=19 seed=18 k=66 f=0
20 65 13 22 44 27 29 25 6 60 12 16 36 29 31 25 57 6 34 19 60 0 35 42 64 0 41 16 2 59 55 51 12 53 0 49 9 56 6 65 24 49 4 56 24 45 18 0 44 48 10 38 49 65 6 42 19 12 17 35 23 34 3 51 59 0 65 31 13 42 0 60 46 58 37 65 50 38 43 31 28 58 36 65 14 54 22 47 39 8
run=20 seed=19 k=66 f=0
51 53 35 8 50 13 40 11 53 35 42 52 0 22 1 16 8 23 57 37 65 57 1 29 46 65 49 5 36 22 23 18 65 0 16 20 20 60 33 27 49 0 45 37 38 30 48 44 38 56 8 0 0 16 10 13 46 54 39 27 17 5 23 55 8 27 0 2 56 3 24 60 59 52 65 63 65 9 63 34 42 45 64 62 15 19 44 56 24 33
