run=1 seed=0 k=77 f=0
60 66 76 66 1 76 2 72 16 45 0 24 27 75 4 73 1 66 1 25 10 63 23 43 40 26 33 76 36 54 19 7 12 22 58 69 4 60 39 16 48 15 26 20 55 31 12 34 51 13 18 7 35 57 30 6 39 13 31 76 67 8 62 26 26 75 52 54 37 54 33 63 0 59 39 63 67 29 48 43 7 46 11 43 76 47 25 67 37 28
run=2 seed=1 k=77 f=0
60 66 76 66 1 76 2 72 16 45 0 24 27 75 4 73 1 66 1 25 10 63 23 43 40 26 33 76 36 54 19 7 12 22 58 69 4 60 39 16 48 15 26 20 55 31 12 34 51 13 18 7 35 57 30 6 39 13 31 76 67 8 62 26 26 75 52 54 37 54 33 63 0 59 39 63 67 29 48 43 7 46 11 43 76 47 25 67 37 28
run=3 seed=2 k=77 f=0
76 74 11 38 51 17 6 14 76 24 59 27 74 37 47 0 24 10 23 35 36 35 76 0 67 61 26 18 10 2 58 7 41 44 45 7 57 49 33 66 75 40 10 62 25 52 26 69 39 73 21 75 66 18 1 49 28 34 39 75 70 24 51 33 59 9 52 66 57 16 66 44 46 16 71 53 11 28 13 5 45 1 41 56 11 2 31 65 29 65
run=4 seed=3 k=77 f=0
69 36 58 42 54 28 36 32 14 33 21 53 32 16 11 12 58 63 0 27 0 0 28 19 76 30 73 68 27 74 5 39 10 10 2 60 39 59 23 50 30 5 28 53 61 49 66 76 76 68 46 24 76 76 8 22 16 66 17 64 31 2 5 43 45 65 37 63 65 75 52 1 23 50 57 8 41 44 36 14 40 3 18 14 70 18 76 9 21 41
run=5 seed=4 k=77 f=0
0 31 62 17 63 23 32 66 49 31 54 31 76 53 53 22 51 15 12 60 35 47 34 48 59 26 43 57 13 5 67 22 39 58 25 76 50 20 20 60 3 21 54 31 15 0 13 58 29 44 5 12 48 74 75 25 1 67 7 71 3 75 76 4 28 11 68 71 45 63 68 7 52 43 39 35 69 9 16 39 44 37 0 56 58 50 2 57 6 73
run=6 seed=5 k=77 f=0
22 76 49 76 50 75 68 51 5 41 9 68 26 61 22 53 56 28 47 42 64 41 0 34 64 13 0 59 44 76 20 58 14 1 15 58 57 69 8 47 71 1 48 42 2 25 15 66 45 39 6 33 38 56 9 27 17 11 75 59 52 18 36 52 27 75 0 18 24 32 1 74 7 39 33 53 71 71 21 40 75 63 67 23 37 19 4 52 31 64
run=7 seed=6 k=77 f=0
53 61 41 74 64 0 54 60 34 42 14 21 22 19 56 20 56 32 47 5 63 3 63 39 76 65 29 32 33 38 0 70 25 29 9 7 30 59 60 67 20 8 9 64 17 46 67 76 37 24 69 27 47 16 55 47 73 29 42 46 67 71 0 59 69 6 16 23 0 74 12 50 10 49 76 29 76 44 14 40 38 9 74 58 3 54 48 40 0 24
run=8 seed=7 k=77 f=0
45 56 63 42 1 60 17 54 12 35 40 45 6 20 19 33 2 53 51 0 13 63 66 36 75 5 21 18 11 76 27 62 76 1 12 10 60 52 0 29 31 0 68 68 44 70 46 18 68 51 36 43 35 26 69 39 26 57 38 63 38 41 48 6 65 47 27 49 61 56 76 34 13 60 31 17 75 4 17 36 72 33 8 28 44 24 52 75 76 9
run=9 seed=8 k=77 f=0
32 38 15 26 76 0 20 16 44 11 68 63 47 0 57 75 13 55 7 63 62 74 52 16 0 38 55 53 54 49 63 23 49 0 39 60 3 27 75 5 44 41 29 23 7 33 60 69 10 73 38 70 69 51 33 14 55 44 30 31 6 45 21 76 27 14 40 74 22 21 34 4 64 16 7 67 59 12 61 28 1 5 22 72 53 7 48 71 65 24
run=10 seed=9 k=77 f=0
57 8 0 55 64 69 76 68 47 34 51 20 65 55 29 64 76 21 63 21 71 57 39 50 3 38 62 18 58 29 40 76 27 24 4 1 52 4 10 60 76 76 61 76 75 12 42 15 36 8 12 23 0 63 47 72 25 12 18 5 64 10 25 61 34 45 40 31 13 49 17 7 46 57 2 26 70 33 52 30 71 71 54 42 55 34 42 1 19 15
run=11 seed=10 k=77 f=0
55 49 19 55 41 76 14 66 47 55 0 50 58 65 9 19 27 4 29 20 37 50 60 62 34 0 29 70 36 10 39 9 20 4 76 38 24 33 73 36 53 72 29 69 2 25 75 46 75 41 8 13 12 63 28 59 67 5 52 62 41 51 71 35 5 14 11 38 47 0 64 54 41 73 42 44 22 26 45 56 15 72 22 23 23 27 3 72 33 33
run=12 seed=11 k=77 f=0
21 51 66 44 9 65 15 1 19 66 69 62 52 0 13 14 60 58 42 34 35 52 40 14 49 56 43 63 53 76 74 53 76 6 23 30 65 44 56 5 24 14 68 37 25 61 33 1 3 35 39 41 36 73 55 19 20 0 68 6 24 45 30 24 8 72 50 76 32 47 34 11 70 28 24 16 74 7 76 12 69 0 1 34 74 24 50 13 27 41
run=13 seed=12 k=77 f=0
75 15 57 25 48 29 68 74 64 9 11 0 52 18 18 13 10 47 0 28 46 17 68 8 42 35 38 29 35 59 51 56 53 31 65 44 73 65 32 2 65 44 62 37 75 40 1 17 20 0 42 76 7 10 59 36 29 30 21 23 15 57 51 72 24 11 62 19 26 8 13 6 0 35 50 73 38 22 60 44 57 48 40 67 38 63 54 70 74 25
run=14 seed=13 k=77 f=0
60 60 44 75 40 9 38 72 51 25 47 11 21 14 0 23 53 36 54 26 12 53 76 18 43 58 37 36 57 62 26 6 30 67 45 76 74 2 36 19 25 39 33 49 69 21 12 42 53 26 65 63 1 5 56 43 41 10 27 75 70 0 67 57 0 32 68 65 33 18 69 15 14 8 31 7 6 4 35 0 45 33 16 27 60 0 73 51 15 1
run=15 seed=14 k=77 f=0
35 14 76 16 61 72 38 34 62 33 76 52 16 48 56 30 51 65 64 2 33 0 0 46 73 0 14 38 7 43 75 41 56 26 66 0 58 39 75 43 50 18 31 11 5 8 70 18 71 67 25 26 69 51 20 52 1 38 60 38 12 2 9 38 40 10 27 22 75 45 4 69 42 20 56 57 4 50 19 58 21 44 47 72 33 68 13 54 31 63
run=16 seed=15 k=77 f=0
8 33 61 46 74 54 15 57 11 53 33 62 11 29 26 71 49 64 65 3 47 8 13 31 43 4 22 17 41 19 66 50 44 0 11 17 33 41 50 35 10 73 73 24 24 24 70 73 0 69 21 68 1 54 62 40 56 3 56 10 15 48 63 13 37 72 0 40 21 2 71 66 36 4 44 58 44 58 29 58 76 76 46 25 26 30 0 64 35 50
run=17 seed=16 k=77 f=0
26 4 60 15 65 12 9 13 23 75 66 17 12 16 4 75 31 63 20 0 74 27 14 56 37 51 27 39 31 36 25 59 34 0 60 68 22 2 9 42 60 59 51 42 76 46 54 76 46 76 65 9 45 68 32 45 60 46 69 74 11 21 57 47 45 52 3 72 51 55 30 38 51 3 76 39 0 17 5 72 0 39 17 42 74 48 22 20 30 70
run=18 seed=17 k=77 f=0
35 39 65 0 42 21 6 13 43 29 4 58 57 17 40 70 76 63 29 20 46 31 44 0 14 22 53 31 29 70 71 64 11 39 62 68 2 12 50 39 5 38 50 55 4 58 21 42 42 31 71 9 14 73 51 11 32 52 57 17 10 48 0 32 58 64 76 33 0 0 76 73 26 36 49 22 71 5 29 47 41 51 57 76 35 8 23 23 12 61
run=19 seed=18 k=77 f=0
38 31 11 29 64 76 6 2 76 36 61 69 32 11 57 33 36 0 23 16 54 23 71 10 19 42 24 39 28 14 9 68 47 38 29 3 0 44 15 75 39 37 67 69 74 47 71 31 59 72 40 56 21 64 49 0 19 61 12 53 12 16 48 41 54 75 60 56 1 62 7 38 53 44 31 48 19 26 4 68 76 1 58 21 70 11 44 65 20 57
run=20 seed=19 k=77 f=0
15 39 10 54 3 7 38 25 34 33 51 14 3 21 45 8 46 21 51 57 73 63 74 28 57 0 9 19 39 34 72 67 59 47 61 76 10 24 22 9 1 2 24 0 63 5 13 68 36 66 47 52 8 28 13 7 56 66 22 30 43 73 38 35 35 18 43 44 70 56 16 20 50 41 73 66 41 32 15 0 6 76 50 68 42 76 27 64 19 55
