run=1 seed=0 k=80 f=0
24 57 23 43 46 17 28 24 6 61 42 27 50 12 3 32 60 67 53 19 11 8 7 31 16 14 62 17 78 52 44 76 61 18 29 79 33 2 35 42 69 13 69 9 24 57 79 0 75 52 39 2 11 65 36 33 62 50 67 1 42 77 25 50 12 25 44 49 20 17 60 35 54 41 70 6 79 73 77 70 47 72 76 58 28 64 52 73 34 0
run=2 seed=1 k=80 f=0
24 57 23 43 46 17 28 24 6 61 42 27 50 12 3 32 60 67 53 19 11 8 7 31 16 14 62 17 78 52 44 76 61 18 29 79 33 2 35 42 69 13 69 9 24 57 79 0 75 52 39 2 11 65 36 33 62 50 67 1 42 77 25 50 12 25 44 49 20 17 60 35 54 41 70 6 79 73 77 70 47 72 76 58 28 64 52 73 34 0
run=3 seed=2 k=80 f=0
10 79 2 17 72 17 64 77 25 14 33 10 29 50 46 19 14 51 47 1 37 52 51 77 7 56 9 30 58 69 12 66 26 29 57 0 52 17 20 77 9 47 57 68 20 45 0 36 4 70 44 6 39 9 0 23 69 72 28 37 4 2 63 43 71 77 59 52 66 30 79 40 31 45 19 53 35 42 37 44 65 34 49 75 39 2 23 64 79 60
run=4 seed=3 k=80 f=0
26 3 48 61 18 63 13 7 1 39 28 3 33 59 38 21 24 3 1 55 69 22 78 54 33 7 45 57 70 78 14 14 18 52 11 70 23 43 39 68 24 17 72 47 78 68 41 34 2 19 15 79 64 33 47 65 54 44 39 46 75 39 57 12 11 8 79 79 30 63 49 33 73 61 59 78 2 11 4 36 53 26 26 37 58 26 52 60 74 0
run=5 seed=4 k=80 f=0
69 0 34 0 3 41 25 78 68 53 64 34 79 44 7 19 22 63 47 47 37 41 63 0 38 78 2 42 0 17 76 34 23 72 59 60 14 6 17 39 66 26 16 79 54 12 4 12 33 63 61 29 27 47 21 32 46 55 74 46 76 27 11 52 75 56 32 23 78 8 1 58 47 3 53 38 13 5 0 6 53 56 67 66 27 70 68 25 18 59
run=6 seed=5 k=80 f=0
73 45 38 47 49 32 0 9 70 65 66 48 20 78 20 20 63 79 66 30 14 50 11 53 55 56 60 27 16 59 75 16 0 33 56 45 60 71 57 46 27 0 13 61 35 23 75 18 1 65 59 14 67 15 0 4 41 3 27 39 68 4 76 43 79 51 9 53 23 3 50 1 48 63 41 34 32 38 34 39 23 5 54 78 12 74 71 4 79 18
run=7 seed=6 k=80 f=0
33 25 76 67 28 0 6 1 41 16 14 6 0 7 2 56 0 10 8 24 31 39 75 16 17 55 35 65 37 23 55 50 63 18 36 24 65 74 57 79 70 77 74 71 34 60 71 79 9 24 54 70 12 47 42 13 38 39 8 28 20 37 65 26 39 49 51 8 61 15 31 79 45 27 31 77 49 4 27 10 44 33 2 60 49 68 22 20 13 50
run=8 seed=7 k=80 f=0
56 19 59 31 46 44 22 44 0 73 35 76 51 7 49 47 20 0 50 23 24 3 11 35 29 16 75 32 17 28 72 58 6 72 79 15 77 61 31 66 58 66 29 75 58 52 61 64 22 67 10 0 79 41 37 55 37 2 40 55 8 10 57 53 71 4 25 67 57 0 5 13 18 67 79 41 26 40 72 51 63 77 4 46 79 27 13 66 7 14
run=9 seed=8 k=80 f=0
56 75 2 30 71 11 36 64 59 33 7 21 15 8 63 45 30 4 38 37 42 78 57 63 24 53 0 67 55 0 33 27 47 69 61 1 33 59 67 15 55 33 21 19 4 14 24 26 69 10 65 78 39 45 19 59 50 74 69 41 50 31 9 41 16 3 79 71 43 11 5 79 70 52 50 46 52 35 39 23 29 21 48 70 23 77 2 24 76 42
run=10 seed=9 k=80 f=0
31 10 5 53 16 10 59 21 15 36 56 3 68 47 37 54 49 17 37 50 60 0 27 52 38 76 4 63 29 78 52 63 23 38 23 66 50 35 56 41 15 37 79 43 25 71 49 0 9 18 15 58 71 26 0 18 21 64 71 60 45 35 18 60 46 41 79 79 76 20 1 35 69 9 8 74 67 5 78 31 11 44 37 70 62 49 5 76 65 27
run=11 seed=10 k=80 f=0
14 8 38 60 2 54 0 62 52 37 48 53 48 13 74 61 0 36 71 14 68 25 78 30 6 29 72 16 66 6 77 23 42 68 30 62 6 15 7 70 17 74 22 23 51 79 16 79 60 12 20 79 63 46 21 39 33 42 36 42 20 10 16 65 49 78 1 43 45 78 0 0 70 42 35 27 54 50 25 63 35 5 34 28 40 11 7 38 20 57
run=12 seed=11 k=80 f=0
62 4 34 43 43 55 0 41 8 68 60 76 7 16 65 46 41 29 0 0 43 79 34 22 55 75 35 38 47 53 26 77 70 64 53 79 59 68 18 0 8 35 76 38 51 29 12 45 33 26 15 24 32 51 59 45 79 22 17 1 57 77 77 2 35 1 12 68 78 30 24 46 18 60 21 71 33 5 63 70 42 58 15 11 55 63 9 54 16 69
run=13 seed=12 k=80 f=0
0 16 34 25 43 55 40 69 17 24 58 0 53 14 64 24 27 43 47 50 62 47 47 79 38 74 13 66 78 35 28 41 64 63 0 28 70 79 75 19 59 52 69 13 50 79 13 20 30 14 36 79 37 3 32 75 8 76 64 18 24 31 57 3 9 23 36 0 55 42 2 31 70 10 23 66 70 51 12 46 55 46 6 62 17 26 38 46 56 5
run=14 seed=13 k=80 f=0
9 61 0 37 44 56 31 79 9 11 26 71 22 71 13 79 74 48 50 34 77 72 24 66 1 24 5 15 42 47 52 58 34 4 37 0 59 72 59 20 29 61 11 18 35 52 16 25 52 58 56 1 3 66 27 25 43 64 43 16 33 38 53 6 41 10 76 21 79 78 4 72 70 12 39 67 61 42 10 67 24 73 72 0 13 32 50 48 46 9
run=15 seed=14 k=80 f=0
44 56 71 42 39 0 36 40 58 26 16 26 0 75 18 65 76 73 38 21 14 29 57 67 13 52 0 5 8 2 32 33 11 20 20 60 43 34 30 35 72 34 64 19 73 7 53 79 25 62 19 58 10 79 64 76 52 49 5 75 20 58 40 32 22 71 52 76 46 14 9 48 28 3 66 47 11 5 25 68 68 0 46 44 56 61 0 31 29 60
run=16 seed=15 k=80 f=0
18 30 77 30 33 65 48 1 19 45 79 36 64 79 50 13 29 24 25 33 45 31 56 0 3 0 8 78 9 68 60 72 9 23 14 58 13 55 68 52 52 53 68 75 47 38 56 37 75 41 17 23 5 70 56 7 24 64 36 62 5 58 78 15 78 2 49 50 5 0 5 59 43 73 13 31 63 31 46 41 45 63 16 21 40 72 72 30 9 43
run=17 seed=16 k=80 f=0
42 13 55 13 39 62 7 70 63 25 1 25 28 67 66 36 78 29 0 16 47 31 20 53 11 23 79 24 41 11 47 50 72 79 61 26 61 69 49 43 59 50 69 19 32 40 21 35 49 0 74 33 1 48 75 0 12 55 28 16 8 48 64 79 79 20 10 26 16 69 22 36 0 71 56 9 5 78 3 71 36 73 56 79 42 57 52 5 34 62
run=18 seed=17 k=80 f=0
26 77 79 46 73 33 65 50 69 7 79 63 19 56 29 35 49 77 39 23 31 41 5 68 59 55 10 64 18 24 55 40 57 75 35 7 0 35 78 23 30 71 23 0 47 30 9 47 77 4 27 14 38 20 28 17 54 13 40 2 22 20 27 9 21 45 15 4 67 34 2 57 52 44 0 68 44 42 73 3 51 37 7 11 11 43 78 60 12 60
run=19 seed=18 k=80 f=0
39 30 15 46 36 78 7 72 37 67 9 61 42 58 34 66 60 13 61 3 4 59 38 7 8 24 59 45 40 0 4 23 31 79 31 16 64 12 46 42 38 29 67 0 74 29 20 51 72 0 68 1 58 65 8 51 25 46 72 21 68 43 79 21 24 79 69 52 20 34 79 14 57 77 44 54 78 24 17 70 74 74 19 49 0 6 51 49 57 36
run=20 seed=19 k=80 f=0
7 56 66 21 28 69 61 8 0 4 55 76 27 43 9 53 56 13 22 33 47 36 15 0 44 78 79 42 49 0 3 43 41 15 35 60 66 78 47 79 5 20 31 77 14 71 79 52 44 29 1 11 48 45 60 67 35 72 66 28 62 63 31 24 74 21 30 13 51 69 64 60 36 75 26 33 70 19 5 64 15 38 75 6 55 41 23 9 55 51
