run=1 seed=0 k=72 f=0
8 70 62 39 11 58 27 3 31 36 25 57 52 22 49 28 57 35 52 9 46 19 10 24 1 71 64 24 40 71 41 18 0 66 6 32 1 26 20 31 9 49 52 43 32 46 10 15 40 12 32 43 19 54 0 0 65 49 66 7 35 66 38 49 40 17 71 57 52 65 59 42 53 47 37 2 62 62 19 14 46 22 60 27 71 15 71 70 1 60
run=2 seed=1 k=72 f=0
8 70 62 39 11 58 27 3 31 36 25 57 52 22 49 28 57 35 52 9 46 19 10 24 1 71 64 24 40 71 41 18 0 66 6 32 1 26 20 31 9 49 52 43 32 46 10 15 40 12 32 43 19 54 0 0 65 49 66 7 35 66 38 49 40 17 71 57 52 65 59 42 53 47 37 2 62 62 19 14 46 22 60 27 71 15 71 70 1 60
run=3 seed=2 k=72 f=0
18 55 62 71 6 11 0 69 49 35 6 66 32 71 15 13 8 43 45 0 22 51 23 37 57 36 26 68 0 16 12 57 70 11 41 0 4 66 33 0 6 46 47 52 28 41 60 27 40 54 55 14 63 20 20 38 15 39 31 38 59 66 67 2 55 48 61 14 50 50 17 36 33 3 32 62 26 6 49 33 24 27 1 8 71 13 60 63 6 26
run=4 seed=3 k=72 f=0
41 48 52 70 38 54 60 64 0 71 52 5 12 18 63 29 69 47 71 29 67 71 18 63 8 9 42 32 43 22 68 16 0 14 62 9 19 38 59 35 40 33 40 16 60 45 37 34 51 41 71 9 14 27 3 0 60 55 48 15 48 4 40 11 49 45 25 58 26 36 18 69 59 71 7 1 44 68 0 16 22 34 24 62 65 54 53 33 19 56
run=5 seed=4 k=72 f=0
31 18 19 71 24 38 33 25 4 36 71 56 18 46 35 44 49 22 25 34 45 16 4 62 15 10 19 45 44 39 54 53 16 0 29 55 28 4 41 57 10 0 48 71 68 64 56 3 48 60 8 71 3 42 61 27 57 23 40 29 69 12 32 53 68 71 47 13 18 20 59 44 58 37 47 1 0 8 65 37 63 28 33 13 33 69 9 0 50 8
run=6 seed=5 k=72 f=0
63 26 68 0 21 30 7 32 13 0 9 41 36 70 10 49 52 17 36 23 62 70 70 0 33 20 0 1 64 1 15 39 11 26 37 20 20 67 5 16 66 54 52 41 35 63 17 70 49 49 22 58 46 35 12 58 4 1 24 14 21 59 60 47 45 13 54 52 28 71 26 70 6 39 48 59 46 26 42 68 50 42 62 30 13 0 7 53 57 37
run=7 seed=6 k=72 f=0
63 37 13 38 5 7 48 52 63 57 37 71 69 30 46 56 59 25 27 8 63 14 24 35 68 29 69 29 7 44 55 18 54 59 38 0 49 26 10 2 67 24 70 42 21 71 28 71 38 67 45 50 63 21 44 0 17 16 32 16 55 49 6 60 45 9 18 32 13 39 55 42 12 2 4 21 65 31 43 71 50 1 10 33 4 60 22 0 54 68
run=8 seed=7 k=72 f=0
46 13 59 42 71 29 9 48 24 57 6 0 57 30 70 15 71 3 62 0 8 0 34 53 6 3 15 0 44 39 45 35 71 28 6 0 27 36 25 52 48 28 22 36 37 71 61 9 17 21 23 41 5 51 48 55 48 26 0 71 37 23 45 41 39 67 18 64 15 52 4 53 57 43 18 33 65 65 60 33 8 14 60 19 70 14 24 31 33 68
run=9 seed=8 k=72 f=0
71 0 66 51 23 30 31 55 35 9 29 12 29 47 28 66 61 37 0 1 58 70 2 21 28 41 17 49 71 40 25 48 43 45 29 53 49 40 26 40 70 23 52 5 59 22 0 12 2 19 54 71 31 59 36 18 69 37 21 1 51 47 48 68 35 23 62 71 56 46 58 63 56 18 14 18 17 17 13 8 65 12 70 32 8 36 0 8 3 7
run=10 seed=9 k=72 f=0
55 26 17 71 49 39 39 63 50 2 16 40 7 63 37 16 20 64 61 68 17 56 0 48 58 26 36 42 22 8 66 7 17 21 56 26 26 63 35 45 43 51 3 7 58 31 0 0 47 47 57 70 37 10 19 35 37 49 29 12 29 23 9 30 10 1 71 23 12 47 19 57 34 41 45 1 25 43 39 0 67 3 13 60 53 30 34 71 57 71
run=11 seed=10 k=72 f=0
71 69 11 59 0 48 30 34 39 26 22 31 20 45 33 4 26 15 42 62 12 70 13 25 36 20 16 58 59 0 2 71 9 15 71 0 45 55 51 8 70 16 37 55 31 6 43 62 36 42 70 52 47 50 12 25 2 49 0 40 2 67 67 2 18 62 34 28 61 24 8 48 43 24 55 63 35 21 58 43 13 68 18 67 29 0 19 52 0 9
run=12 seed=11 k=72 f=0
66 0 27 53 51 0 32 24 41 22 51 62 34 62 15 71 9 10 60 68 23 39 0 27 15 71 6 47 5 70 68 32 46 47 56 7 6 61 23 71 31 31 52 55 30 10 0 36 25 38 46 15 39 20 7 6 16 52 23 14 1 62 61 70 71 40 17 17 41 35 41 57 41 21 60 0 32 31 36 25 52 3 59 44 12 27 2 70 62 16
run=13 seed=12 k=72 f=0
8 50 53 71 71 55 39 63 4 28 36 68 69 37 41 0 37 48 49 57 46 11 44 1 26 24 0 42 45 54 0 12 26 0 56 63 10 34 20 21 57 4 22 70 60 48 29 15 60 7 52 65 29 60 17 35 20 66 71 59 49 22 53 65 33 63 41 41 45 0 26 28 60 39 20 12 0 34 15 30 38 15 9 13 43 31 10 6 33 71
run=14 seed=13 k=72 f=0
71 29 66 32 0 64 71 36 17 34 67 21 46 58 9 66 0 42 57 43 29 25 25 32 15 23 51 4 59 0 38 60 11 13 28 39 55 4 17 16 70 8 0 22 11 5 44 48 27 0 69 65 44 59 21 50 36 59 71 30 43 58 36 17 26 19 0 26 7 50 9 0 6 32 54 1 50 53 48 56 65 52 68 71 33 38 40 8 41 61
run=15 seed=14 k=72 f=0
46 69 9 30 27 12 15 19 62 35 44 7 49 44 59 41 45 34 52 53 0 58 56 0 1 70 13 4 61 1 21 70 28 66 71 37 27 7 66 0 22 32 11 20 48 37 26 71 61 0 36 9 57 52 15 38 40 15 66 71 39 52 26 43 6 56 60 3 61 0 13 32 66 16 9 43 21 8 35 30 17 44 34 54 31 27 52 20 21 48
run=16 seed=15 k=72 f=0
35 6 21 0 31 0 56 51 37 7 68 32 9 68 10 70 53 42 41 46 2 35 45 58 13 50 21 56 6 12 25 58 71 17 62 14 52 39 28 35 7 57 48 7 42 7 44 49 65 40 55 0 62 71 51 63 24 1 6 41 46 17 30 65 64 34 22 15 25 0 47 30 54 34 26 70 45 63 21 71 51 61 16 20 20 16 13 46 30 2
run=17 seed=16 k=72 f=0
18 67 62 0 15 71 55 71 8 29 60 49 69 40 52 0 43 7 12 66 62 30 19 42 28 28 18 39 11 39 4 32 61 66 0 52 53 9 67 67 46 0 34 35 47 23 4 1 26 37 43 49 56 14 71 51 36 71 36 25 59 55 8 15 32 22 26 53 58 38 61 42 66 43 47 20 9 46 54 31 6 44 24 69 0 56 23 29 71 15
run=18 seed=17 k=72 f=0
48 13 71 25 17 71 31 12 46 65 37 70 9 49 18 57 38 23 54 19 35 59 10 30 27 53 70 46 57 27 36 5 40 42 31 20 21 63 34 71 26 44 66 13 24 66 19 62 39 62 50 57 53 9 41 71 1 18 62 22 32 44 1 7 9 45 0 58 1 4 46 31 34 70 51 15 11 67 51 64 63 2 1 14 68 30 22 16 37 5
run=19 seed=18 k=72 f=0
28 25 56 11 6 7 37 0 41 40 35 56 28 50 66 13 59 0 1 19 40 7 28 71 4 31 67 53 12 44 2 8 61 17 32 49 71 12 67 45 27 71 46 42 15 63 26 35 3 48 63 12 71 71 58 32 54 20 69 40 1 51 49 24 12 19 18 50 0 20 43 28 67 61 54 34 64 55 38 71 7 2 36 29 59 0 22 49 22 60
run=20 seed=19 k=72 f=0
52 40 15 67 46 62 51 55 46 35 15 61 0 22 49 71 34 10 24 4 71 44 1 71 57 4 39 0 70 26 71 62 32 11 41 7 26 62 65 71 1 39 59 0 9 33 71 16 33 30 55 13 32 22 67 18 11 10 27 9 31 26 44 49 57 36 43 26 60 18 13 71 37 52 0 48 4 21 65 25 36 57 52 52 71 30 51 45 39 6
