run=1 seed=0 k=71 f=0
63 39 26 49 9 8 10 38 67 69 63 50 69 32 70 54 70 39 37 33 2 47 63 70 21 61 11 5 15 70 49 45 55 21 25 27 50 59 13 53 66 4 27 0 18 56 0 19 42 16 26 62 55 33 46 14 20 10 36 33 56 24 47 31 3 30 46 17 1 70 22 2 14 68 28 54 40 33 0 34 43 40 66 24 31 61 15 39 3 59
run=2 seed=1 k=71 f=0
63 39 26 49 9 8 10 38 67 69 63 50 69 32 70 54 70 39 37 33 2 47 63 70 21 61 11 5 15 70 49 45 55 21 25 27 50 59 13 53 66 4 27 0 18 56 0 19 42 16 26 62 55 33 46 14 20 10 36 33 56 24 47 31 3 30 46 17 1 70 22 2 14 68 28 54 40 33 0 34 43 40 66 24 31 61 15 39 3 59
run=3 seed=2 k=71 f=0
21 6 27 53 50 46 6 15 0 42 4 41 42 62 3 52 48 29 27 39 63 55 1 55 35 12 47 70 59 27 48 26 36 70 56 62 0 21 50 67 41 49 29 0 15 32 46 14 32 35 52 3 36 20 28 0 10 70 9 70 63 64 16 5 4 35 70 9 13 32 56 59 9 18 63 17 22 42 25 41 9 65 61 21 68 2 33 24 43 38
run=4 seed=3 k=71 f=0
0 2 47 70 19 47 32 68 36 70 29 0 15 28 13 67 70 28 31 63 5 0 39 11 21 61 14 29 37 13 44 48 70 51 0 40 28 40 15 22 55 47 23 54 64 7 60 61 3 39 54 52 12 18 6 70 65 49 58 20 41 40 12 3 5 21 21 21 13 63 46 1 7 51 41 25 43 34 29 60 50 0 54 56 69 7 34 44 26 25
run=5 seed=4 k=71 f=0
16 67 70 1 21 34 44 59 20 48 42 29 28 61 48 58 47 1 0 50 49 25 34 23 21 13 3 25 19 50 47 68 61 65 55 44 6 54 55 17 11 3 31 51 58 8 16 70 15 26 0 39 37 53 12 37 66 70 63 46 60 65 11 46 29 36 8 29 30 6 48 37 28 9 33 38 2 38 0 8 69 60 4 12 21 63 68 13 35 70
run=6 seed=5 k=71 f=0
62 0 11 47 5 55 62 51 58 17 6 70 48 33 21 37 40 44 48 0 70 30 6 19 70 2 33 36 0 39 27 17 70 15 10 39 55 65 23 1 61 17 50 28 70 23 0 10 27 55 32 25 13 37 51 55 14 21 50 44 6 66 30 33 31 4 0 41 69 12 70 65 15 0 68 4 45 51 61 18 56 30 60 28 17 63 56 40 70 10
run=7 seed=6 k=71 f=0
24 70 46 17 11 40 32 15 28 57 46 11 34 0 67 13 62 49 51 20 12 53 70 0 45 0 40 20 21 38 0 54 70 70 6 7 47 7 43 15 35 70 39 57 54 61 24 31 55 25 60 26 6 9 45 64 64 20 39 50 3 66 54 9 60 1 16 68 35 29 69 8 4 33 0 16 70 36 30 41 65 37 32 58 0 4 50 69 55 7
run=8 seed=7 k=71 f=0
37 39 43 0 30 70 28 24 66 70 8 58 49 39 69 0 17 43 58 3 39 2 61 7 47 11 19 58 70 33 0 36 20 70 45 0 2 69 67 0 34 15 62 63 68 16 41 49 57 60 0 63 50 51 18 22 32 30 35 43 64 24 7 56 13 60 29 57 54 51 20 46 13 32 61 7 24 54 70 33 26 23 12 4 43 34 10 11 34 50
run=9 seed=8 k=71 f=0
45 11 51 11 38 15 56 63 23 23 53 7 16 47 20 34 9 68 70 6 58 10 50 62 15 62 69 54 34 0 36 15 37 19 16 0 44 33 12 42 32 15 63 7 0 46 28 52 66 3 70 60 48 70 7 68 24 27 22 57 40 41 0 2 20 2 28 58 70 64 42 33 22 5 37 50 1 58 67 24 25 31 20 49 59 0 33 42 40 43
run=10 seed=9 k=71 f=0
6 40 10 60 44 20 24 28 33 58 58 12 38 9 27 0 6 12 0 2 46 0 70 43 48 50 38 60 69 20 70 51 70 54 39 50 2 58 64 21 26 51 18 27 24 45 37 34 20 39 28 67 49 70 17 47 12 16 54 39 3 52 25 3 14 32 58 66 50 22 70 15 65 22 8 44 1 39 62 13 32 19 8 60 6 55 30 17 0 65
run=11 seed=10 k=71 f=0
7 4 62 23 47 46 29 33 3 61 23 10 70 6 0 1 59 36 70 51 42 40 70 61 42 11 12 62 65 70 42 68 30 7 29 39 36 15 15 16 24 46 57 54 18 16 52 0 28 54 20 68 29 69 35 12 3 25 5 37 19 26 51 68 51 60 21 40 53 2 8 28 14 48 62 45 41 67 34 9 60 47 70 29 34 53 0 31 35 1
run=12 seed=11 k=71 f=0
59 54 55 0 34 52 35 31 39 62 64 42 24 17 33 0 18 29 0 59 33 70 28 23 38 24 4 6 70 56 66 24 35 51 39 44 55 46 28 0 19 10 28 7 13 18 7 14 70 46 0 24 22 62 47 23 12 68 46 60 35 65 55 2 64 63 70 49 54 51 56 70 47 21 44 7 70 19 6 31 15 10 41 25 39 35 11 49 70 0
run=13 seed=12 k=71 f=0
26 38 70 60 56 46 9 16 2 70 62 55 63 30 6 32 29 0 1 68 32 0 0 19 59 30 24 65 1 48 29 45 10 66 36 53 56 19 66 53 24 10 62 70 50 53 23 61 30 21 36 22 15 39 42 14 0 21 41 70 61 54 68 29 41 44 35 36 62 7 14 10 15 25 32 47 4 42 8 46 18 14 4 33 57 25 13 12 47 58
run=14 seed=13 k=71 f=0
40 41 35 15 45 50 30 60 5 65 36 63 0 21 48 19 0 26 70 55 62 67 9 0 48 24 43 3 42 26 12 70 32 9 15 58 26 44 26 70 8 10 60 65 31 50 0 20 33 1 8 30 21 42 57 55 55 29 56 1 70 44 38 60 45 17 11 28 6 15 20 14 55 0 18 37 39 4 64 23 51 59 69 33 64 70 50 24 69 44
run=15 seed=14 k=71 f=0
70 24 0 32 67 17 5 39 49 53 2 69 10 33 61 0 54 7 10 68 27 70 33 63 48 41 34 51 33 58 11 21 34 45 25 25 36 62 59 70 19 45 54 42 2 63 13 1 43 52 0 4 60 23 19 32 18 7 41 14 51 58 22 47 45 4 53 7 61 5 32 57 28 66 28 51 45 13 63 35 38 16 43 26 68 22 13 48 70 20
run=16 seed=15 k=71 f=0
42 7 11 0 37 58 35 13 24 24 41 46 20 70 20 37 70 19 36 8 66 70 0 49 9 69 0 31 64 26 68 48 0 19 62 22 59 33 6 34 15 35 26 29 56 63 6 70 70 29 38 52 19 47 14 48 8 48 57 0 11 5 26 38 63 48 12 33 43 31 44 59 53 62 54 55 0 64 17 23 69 40 44 20 26 13 9 57 55 60
run=17 seed=16 k=71 f=0
47 2 0 60 56 65 66 58 15 69 46 50 62 34 70 24 20 33 53 1 51 0 8 0 63 24 63 70 0 70 19 23 39 53 13 19 31 8 33 53 61 17 44 58 50 7 20 27 53 10 70 62 30 40 22 39 19 50 40 25 57 17 31 50 70 3 11 70 44 65 25 51 70 51 29 44 4 4 0 36 8 33 11 41 0 37 27 13 48 10
run=18 seed=17 k=71 f=0
57 4 0 61 63 43 40 44 51 51 69 26 22 13 38 63 29 70 51 64 4 0 9 64 20 26 38 67 58 36 40 1 0 55 7 26 45 69 70 60 59 6 13 8 32 31 23 34 13 48 65 35 50 7 0 29 59 38 49 47 32 52 56 24 11 31 17 20 70 19 44 10 29 4 13 1 24 47 0 53 40 70 20 67 30 34 44 15 15 62
run=19 seed=18 k=71 f=0
34 28 70 61 48 50 55 16 28 70 50 28 70 39 53 14 18 7 28 11 34 40 50 61 39 5 23 42 44 5 52 57 70 10 64 43 18 59 10 45 3 57 37 23 1 0 23 16 9 25 55 32 16 46 10 65 44 1 10 19 14 43 29 31 55 1 0 43 0 50 64 35 65 55 69 38 23 54 59 6 60 17 61 70 19 6 54 63 35 32
run=20 seed=19 k=71 f=0
52 31 7 36 28 31 22 18 61 6 1 58 43 49 65 12 61 2 0 10 12 8 21 17 45 16 31 70 48 26 20 40 70 67 0 61 6 19 28 44 47 66 2 24 44 47 56 8 35 44 0 35 64 0 59 62 68 29 54 8 0 39 5 58 37 52 44 70 14 42 9 54 65 29 34 67 66 35 70 51 16 27 11 32 56 22 23 63 53 42
