run=1 seed=0 k=65 f=0
57 64 20 0 41 15 6 52 64 52 0 39 13 8 61 63 56 50 51 47 2 62 49 24 0 48 39 29 6 11 3 19 34 16 0 0 24 52 28 64 59 21 40 7 48 42 25 64 5 28 59 35 34 56 60 54 38 32 21 49 2 38 13 2 10 63 43 29 16 16 36 7 28 16 34 44 25 20 41 10 63 11 21 57 21 32 46 45 36 45
run=2 seed=1 k=65 f=0
57 64 20 0 41 15 6 52 64 52 0 39 13 8 61 63 56 50 51 47 2 62 49 24 0 48 39 29 6 11 3 19 34 16 0 0 24 52 28 64 59 21 40 7 48 42 25 64 5 28 59 35 34 56 60 54 38 32 21 49 2 38 13 2 10 63 43 29 16 16 36 7 28 16 34 44 25 20 41 10 63 11 21 57 21 32 46 45 36 45
run=3 seed=2 k=65 f=0
20 15 2 64 59 44 29 53 25 43 16 29 9 7 31 14 8 34 56 0 61 22 53 64 0 13 10 5 39 44 32 61 28 58 26 37 16 53 47 64 17 60 2 51 51 8 0 13 64 22 22 14 64 45 20 64 44 24 19 5 49 24 33 6 6 33 0 48 35 12 41 32 60 5 35 0 53 7 42 47 63 38 40 20 26 51 0 1 53 12
run=4 seed=3 k=65 f=0
56 33 2 46 4 42 9 34 29 26 64 52 18 35 32 41 48 49 48 43 6 27 16 15 63 23 0 13 41 13 0 21 64 19 41 8 0 27 39 1 19 21 41 34 64 57 0 24 10 54 31 19 20 38 47 60 49 6 57 0 31 60 25 6 31 36 0 7 10 15 1 53 11 2 49 63 53 19 35 28 26 14 55 62 54 8 63 59 64 43
run=5 seed=4 k=65 f=0
9 13 55 26 57 47 17 21 6 45 1 35 3 21 19 3 0 57 54 39 12 8 46 25 28 44 47 30 8 64 63 61 63 59 15 32 28 38 21 26 6 54 2 39 38 50 40 16 21 9 51 35 22 0 0 23 55 12 56 25 60 31 37 6 42 43 0 15 63 2 64 27 21 64 30 13 6 51 64 43 47 64 50 17 27 60 51 31 35 47
run=6 seed=5 k=65 f=0
21 61 53 19 11 49 13 9 39 58 43 47 61 25 36 64 45 7 27 14 1 52 26 35 10 64 22 37 59 17 4 31 13 34 64 42 45 5 52 6 59 36 24 56 18 59 0 63 53 1 41 51 42 45 0 44 32 18 36 28 54 17 0 24 6 13 0 48 40 16 35 0 39 51 25 0 17 30 58 23 64 8 52 2 46 8 31 50 28 64
run=7 seed=6 k=65 f=0
11 26 0 52 21 48 27 23 60 9 55 14 22 32 12 3 55 33 35 7 14 64 33 57 16 33 64 58 27 32 49 39 27 37 16 64 29 45 45 27 52 44 43 41 11 15 47 18 36 64 40 0 0 7 43 18 3 24 9 64 37 23 43 6 6 60 0 29 50 56 28 50 61 48 1 0 62 52 64 7 22 43 35 3 16 7 38 52 21 8
run=8 seed=7 k=65 f=0
14 16 17 29 49 26 54 50 58 57 7 34 26 13 37 52 37 44 20 2 32 1 44 54 64 64 44 59 0 41 39 15 38 13 20 47 2 46 58 52 0 57 63 0 3 22 33 7 34 0 60 64 54 42 35 48 56 6 1 46 51 59 16 17 31 41 64 38 5 6 64 26 21 30 64 39 43 31 25 11 26 49 25 14 51 19 30 51 8 25
run=9 seed=8 k=65 f=0
22 42 20 9 58 40 15 11 48 22 32 42 58 35 29 3 19 15 16 64 9 44 55 55 12 42 43 15 15 20 3 18 30 64 29 0 26 0 37 10 59 60 10 48 32 25 3 64 39 51 48 52 23 34 6 27 16 27 35 0 33 26 64 2 45 52 8 37 43 54 31 3 35 61 54 9 64 59 42 37 63 0 63 8 22 26 0 35 59 36
run=10 seed=9 k=65 f=0
56 45 37 64 6 38 42 38 29 41 6 22 28 58 56 61 57 22 50 43 4 0 2 16 51 0 0 17 44 49 3 20 0 33 0 9 37 11 41 46 34 12 53 45 24 54 15 29 44 26 36 12 37 8 50 58 20 42 35 0 6 4 19 52 22 52 64 11 30 62 4 59 12 37 62 15 21 34 28 37 30 47 62 56 57 8 64 62 18 25
run=11 seed=10 k=65 f=0
45 53 0 64 5 52 49 25 13 31 6 40 0 14 45 3 54 39 38 1 23 63 61 15 26 55 19 18 21 35 2 33 64 30 64 8 46 18 19 9 28 48 39 31 11 41 17 24 39 16 56 38 23 7 57 44 31 13 18 1 7 60 36 6 57 64 0 51 47 33 47 62 19 51 55 63 22 56 45 28 51 23 32 60 13 9 0 36 35 10
run=12 seed=11 k=65 f=0
16 64 8 38 20 28 47 51 61 10 29 57 22 45 45 42 47 3 22 0 1 35 55 45 9 29 8 56 0 64 22 19 55 57 38 0 64 33 31 17 50 41 14 35 47 13 23 9 42 64 51 2 36 0 31 1 9 28 33 19 13 59 0 19 39 47 64 45 53 46 4 36 23 15 5 62 62 49 64 9 8 52 5 27 14 37 26 59 20 16
run=13 seed=12 k=65 f=0
53 3 24 9 41 40 37 22 57 8 41 60 33 30 35 26 29 19 47 16 2 0 48 9 64 0 52 59 0 33 26 1 25 28 2 16 40 61 5 37 34 48 48 33 15 49 61 0 50 53 44 64 54 17 22 53 16 0 7 15 8 59 16 49 58 56 64 31 55 30 25 64 5 42 11 64 16 44 56 10 39 42 34 24 12 53 46 11 64 17
run=14 seed=13 k=65 f=0
14 25 33 0 58 55 28 34 14 20 50 17 33 43 55 52 56 7 8 6 39 64 63 46 22 22 18 0 29 23 16 27 22 18 37 39 8 58 51 25 58 59 46 32 40 57 43 64 0 41 9 64 53 8 29 32 47 35 43 44 49 18 11 37 29 26 0 39 51 3 15 64 42 0 2 23 5 59 0 45 63 48 63 36 44 55 14 62 64 9
run=15 seed=14 k=65 f=0
7 1 0 55 32 20 20 24 39 44 35 48 1 5 35 1 30 58 13 61 64 0 22 51 64 26 16 47 29 53 35 1 64 31 64 44 10 18 55 0 5 64 52 27 15 47 61 0 57 44 9 52 41 7 58 8 33 39 47 16 11 11 54 42 30 51 36 29 13 23 49 52 47 33 12 63 25 16 7 19 1 14 27 37 37 41 37 22 64 44
run=16 seed=15 k=65 f=0
23 38 55 64 7 41 5 26 0 58 37 13 0 16 3 3 43 56 29 20 47 43 25 16 64 38 63 47 22 0 57 8 64 32 64 9 57 34 38 11 46 48 51 34 1 50 58 50 49 47 29 27 21 20 42 23 9 16 58 58 27 27 51 6 57 24 0 43 50 2 13 54 12 40 15 63 36 45 34 20 51 27 12 35 22 43 2 15 11 9
run=17 seed=16 k=65 f=0
29 11 0 29 58 9 51 55 13 20 30 12 30 9 49 51 58 58 35 38 43 15 9 0 64 19 1 19 2 64 49 62 64 23 38 55 1 14 6 15 27 20 56 40 41 5 36 47 45 8 18 64 64 63 32 29 60 36 31 58 52 25 22 33 14 8 20 49 0 23 0 24 4 37 45 63 49 13 45 6 43 56 0 33 51 37 26 54 41 0
run=18 seed=17 k=65 f=0
43 20 64 48 7 25 6 12 37 41 50 8 37 53 55 22 7 15 37 29 59 64 0 9 39 0 44 11 33 0 59 63 55 17 47 18 28 63 28 60 5 58 0 32 29 57 44 0 45 40 26 1 53 29 64 52 15 57 52 45 37 59 15 39 48 49 64 4 33 62 57 19 50 34 24 12 15 5 31 39 1 22 44 17 22 53 24 0 12 30
run=19 seed=18 k=65 f=0
56 12 0 43 7 21 24 28 14 50 10 25 64 62 36 61 64 29 27 46 55 16 48 0 24 64 19 59 16 39 21 36 35 34 2 7 49 0 18 56 61 53 53 14 29 59 47 49 27 17 5 42 0 8 36 4 19 0 7 63 31 39 34 9 42 37 64 5 22 0 52 55 4 17 0 34 13 44 15 49 48 29 44 7 11 42 31 29 53 62
run=20 seed=19 k=65 f=0
7 1 0 37 20 24 15 20 54 35 0 4 0 6 29 18 21 1 0 25 52 52 2 49 27 9 35 36 56 10 61 7 15 4 0 56 46 38 21 64 44 64 21 32 12 30 61 39 60 57 10 51 28 46 58 43 26 37 46 17 30 11 11 58 29 64 64 43 26 35 52 63 53 38 39 64 14 44 56 8 48 64 52 41 14 28 41 43 21 27
