run=1 seed=0 k=62 f=0
39 9 32 7 61 46 0 12 17 53 27 8 54 37 61 26 60 2 4 38 11 35 13 61 49 50 2 19 45 50 43 47 21 44 27 54 31 4 27 48 12 61 59 11 34 57 21 32 18 24
run=2 seed=1 k=62 f=0
39 9 32 7 61 46 0 12 17 53 27 8 54 37 61 26 60 2 4 38 11 35 13 61 49 50 2 19 45 50 43 47 21 44 27 54 31 4 27 48 12 61 59 11 34 57 21 32 18 24
run=3 seed=2 k=62 f=0
28 0 61 27 13 20 47 52 12 3 22 49 21 49 37 47 14 11 53 44 6 16 55 0 1 1 0 40 34 43 51 60 45 57 33 8 34 43 17 43 26 10 30 37 24 36 6 61 0 19
run=4 seed=3 k=62 f=0
0 9 20 0 13 41 6 2 10 60 20 55 33 27 50 61 20 51 47 49 21 13 32 16 13 41 57 1 28 48 20 33 57 37 50 25 45 56 12 36 38 36 54 34 46 55 26 7 16 32
run=5 seed=4 k=62 f=0
49 26 0 18 61 33 35 39 61 35 24 42 2 9 45 61 4 41 39 29 45 16 14 24 29 9 54 40 4 61 2 5 0 56 19 59 18 54 29 58 47 52 60 17 16 47 2 10 28 27
run=6 seed=5 k=62 f=0
21 13 58 46 46 33 12 61 29 15 48 29 29 32 8 32 41 0 27 20 54 27 51 61 7 37 39 31 38 17 52 10 51 52 7 3 60 17 57 57 10 9 37 12 60 3 41 42 43 18
run=7 seed=6 k=62 f=0
24 1 59 21 30 41 6 53 2 12 41 58 27 60 14 44 30 6 9 58 33 16 55 50 1 50 48 58 19 33 36 18 32 45 40 0 0 40 45 3 37 47 12 14 51 28 61 59 57 39
run=8 seed=7 k=62 f=0
21 43 15 55 57 52 61 0 45 13 59 13 26 37 24 56 60 27 15 20 38 47 2 42 46 1 51 11 4 20 54 36 2 10 30 59 7 48 49 52 37 37 3 10 34 25 33 33 61 36
run=9 seed=8 k=62 f=0
26 60 0 45 43 5 6 56 61 21 10 49 33 55 54 54 29 20 18 1 7 26 11 48 38 27 44 36 61 0 2 28 59 51 13 41 57 17 1 48 52 32 33 12 25 18 41 33 3 14
run=10 seed=9 k=62 f=0
48 12 11 21 16 32 4 0 61 47 22 7 0 27 33 31 43 9 6 41 29 45 15 23 51 51 10 35 47 57 24 50 56 37 9 16 38 11 28 54 35 37 59 1 0 29 14 41 45 42
run=11 seed=10 k=62 f=0
61 34 40 49 6 8 1 33 57 47 49 27 0 31 30 5 24 45 0 44 18 41 33 53 49 7 26 16 2 8 57 9 33 24 40 42 27 41 11 2 27 57 49 25 23 15 61 18 14 19
run=12 seed=11 k=62 f=0
45 58 1 23 16 38 32 2 36 37 24 34 16 26 57 60 31 19 32 50 55 18 3 9 14 43 40 42 11 50 10 16 53 9 6 16 26 47 59 56 22 59 28 27 22 55 42 0 3 14
run=13 seed=12 k=62 f=0
61 8 32 18 16 21 25 29 9 59 40 23 53 30 6 25 61 33 14 34 60 12 10 2 50 59 21 47 4 47 20 54 42 52 36 28 10 1 48 19 36 55 41 9 56 1 61 54 18 45
run=14 seed=13 k=62 f=0
18 10 34 45 16 30 20 48 53 44 35 55 44 56 59 5 45 40 24 20 61 41 17 1 36 12 1 0 29 15 37 11 48 5 29 37 31 2 60 9 43 2 31 56 25 28 57 10 16 0
run=15 seed=14 k=62 f=0
28 24 5 37 57 36 43 6 49 18 45 18 36 32 14 45 56 9 13 15 10 13 27 21 12 26 34 15 57 29 0 24 52 21 6 43 61 21 5 43 26 37 61 60 8 61 53 0 53 58
run=16 seed=15 k=62 f=0
41 50 21 47 18 3 0 10 36 40 43 52 59 51 6 57 23 13 10 4 51 49 1 34 44 61 26 35 14 35 3 17 59 16 13 19 26 39 0 61 39 61 12 26 28 56 25 50 19 33
run=17 seed=16 k=62 f=0
11 17 17 4 38 37 23 7 31 18 25 29 51 55 26 6 17 53 56 39 16 34 47 28 33 41 50 61 43 54 52 17 47 49 26 2 25 36 24 41 10 0 31 61 6 59 14 18 5 55
run=18 seed=17 k=62 f=0
28 51 11 59 33 7 29 44 19 5 35 17 21 56 26 42 0 15 13 3 12 61 31 21 11 37 56 19 51 25 40 27 44 15 25 53 57 31 36 45 26 7 9 0 1 52 3 61 5 2
run=19 seed=18 k=62 f=0
42 14 5 23 60 35 42 25 31 9 44 3 25 36 60 12 45 55 0 49 4 51 55 8 34 50 35 53 18 33 40 2 61 17 20 28 18 60 14 0 54 57 1 19 29 61 8 49 8 36
run=20 seed=19 k=62 f=0
8 52 36 49 21 0 41 27 10 32 51 14 9 54 7 21 61 49 45 60 45 8 41 32 52 25 18 14 23 60 61 43 16 55 26 25 38 20 36 47 53 40 35 40 7 0 17 57 29 60
