run=1 seed=0 k=54 f=0
18 16 51 25 41 25 0 4 33 53 50 15 32 7 36 13 6 0 31 9 14 20 51 43 41 8 27 33 42 37 5 18 53 12 25 3 40 52 47 16 22 25 41 36 50 43 29 11 3 17
run=2 seed=1 k=54 f=0
18 16 51 25 41 25 0 4 33 53 50 15 32 7 36 13 6 0 31 9 14 20 51 43 41 8 27 33 42 37 5 18 53 12 25 3 40 52 47 16 22 25 41 36 50 43 29 11 3 17
run=3 seed=2 k=54 f=0
16 37 5 32 5 0 0 30 50 39 46 27 4 17 53 1 38 23 22 14 44 52 17 30 27 22 22 46 18 4 19 1 53 12 23 44 22 39 3 52 34 40 6 37 28 39 23 9 48 42
run=4 seed=3 k=54 f=0
24 27 10 42 50 0 51 10 19 4 53 4 21 37 35 3 24 10 53 3 43 44 40 40 14 25 47 18 46 35 52 37 16 15 44 7 1 38 36 32 25 26 40 47 10 30 3 31 47 0
run=5 seed=4 k=54 f=0
39 4 9 27 22 0 14 53 35 47 23 19 40 8 40 24 19 47 45 11 30 29 42 32 53 52 2 46 35 9 36 43 53 48 27 7 4 13 28 36 15 1 42 15 14 4 39 23 48 0
run=6 seed=5 k=54 f=0
9 26 48 0 21 25 53 5 15 49 19 2 10 0 18 26 23 47 45 44 26 25 9 1 0 38 52 1 26 37 48 26 53 10 31 32 53 45 22 15 8 50 17 39 35 32 45 16 1 29
run=7 seed=6 k=54 f=0
12 48 4 41 32 0 49 45 53 40 28 19 33 17 23 2 30 50 6 16 27 34 52 30 42 32 2 10 5 53 37 37 20 0 2 53 0 8 26 22 39 39 28 37 21 21 10 44 45 12
run=8 seed=7 k=54 f=0
46 51 29 15 11 53 9 5 44 39 29 0 50 48 2 39 1 24 8 0 44 35 18 39 7 38 51 42 19 14 27 12 0 0 24 21 8 36 35 34 49 46 17 13 2 53 22 30 17 48
run=9 seed=8 k=54 f=0
0 18 1 53 9 7 21 0 16 45 30 3 4 29 44 52 47 22 19 36 12 52 21 53 35 27 20 35 39 13 3 49 28 34 0 46 49 25 10 14 3 24 29 14 53 8 43 38 41 11
run=10 seed=9 k=54 f=0
28 8 27 53 2 7 14 51 38 14 16 20 36 31 18 47 35 15 13 46 21 7 15 35 24 8 29 29 31 25 39 8 53 42 53 42 6 49 4 26 25 45 49 0 22 0 33 21 13 35
run=11 seed=10 k=54 f=0
16 40 2 30 48 9 21 15 10 26 0 42 0 16 14 1 23 37 22 48 12 28 48 44 13 49 34 53 22 48 9 25 53 53 32 34 45 37 5 8 48 34 1 27 25 42 6 0 18 39
run=12 seed=11 k=54 f=0
26 32 15 1 5 10 51 46 22 19 2 6 38 32 53 11 52 3 45 36 18 24 19 33 46 43 52 14 34 15 50 9 53 8 40 0 24 51 13 10 29 52 4 40 42 31 39 19 15 27
run=13 seed=12 k=54 f=0
7 2 14 32 51 43 53 9 49 36 30 45 19 9 24 40 53 53 37 22 46 36 0 25 19 41 53 27 24 17 12 41 15 25 42 50 28 3 21 23 9 0 31 32 38 0 45 0 36 5
run=14 seed=13 k=54 f=0
32 29 29 39 34 25 2 35 53 14 4 32 10 0 0 39 45 18 19 42 29 10 7 39 27 10 21 6 23 53 18 11 11 47 24 46 19 49 5 37 31 41 53 53 41 17 25 0 27 20
run=15 seed=14 k=54 f=0
53 50 49 2 25 46 17 37 27 1 0 27 48 48 14 5 1 38 40 44 26 30 15 7 43 34 52 40 7 21 12 16 17 53 20 0 10 22 11 34 25 50 6 25 0 9 44 32 39 23
run=16 seed=15 k=54 f=0
7 41 53 3 18 0 26 49 22 34 28 38 2 48 28 33 53 20 48 34 49 34 45 30 16 13 18 3 53 4 29 7 40 9 24 23 16 39 34 39 10 12 14 53 51 41 18 14 29 45
run=17 seed=16 k=54 f=0
53 51 8 23 3 46 46 53 42 50 24 9 11 21 36 25 9 6 40 3 5 9 39 28 15 53 14 36 47 0 25 34 0 29 44 10 35 53 23 32 32 30 19 35 12 16 38 18 44 0
run=18 seed=17 k=54 f=0
16 31 48 17 40 53 1 22 41 27 31 0 23 12 24 50 18 3 22 0 13 15 33 34 6 35 46 2 43 6 18 13 43 27 46 0 35 47 49 7 14 53 43 27 53 53 37 9 1 9
run=19 seed=18 k=54 f=0
8 0 0 46 4 0 18 22 27 27 31 25 8 49 39 40 34 50 36 14 1 43 23 15 11 11 49 17 42 0 34 5 44 35 10 53 44 19 19 43 28 15 11 31 45 53 8 24 36 30
run=20 seed=19 k=54 f=0
46 40 52 36 49 6 30 51 0 40 33 11 37 4 43 5 51 16 0 40 25 44 41 22 22 9 7 2 20 0 31 26 38 5 27 13 44 29 26 9 33 39 13 30 20 14 22 53 6 24
