run=1 seed=0 k=58 f=0
35 38 50 28 17 1 0 24 9 57 3 36 42 31 6 52 30 42 41 56 7 34 43 49 10 15 34 1 45 10 27 17 10 19 46 56 25 3 4 14 25 57 11 26 48 45 54 19 33 40
run=2 seed=1 k=58 f=0
35 38 50 28 17 1 0 24 9 57 3 36 42 31 6 52 30 42 41 56 7 34 43 49 10 15 34 1 45 10 27 17 10 19 46 56 25 3 4 14 25 57 11 26 48 45 54 19 33 40
run=3 seed=2 k=58 f=0
42 11 4 41 39 50 32 48 53 4 28 1 12 19 50 1 30 25 23 38 18 0 39 31 52 26 6 0 22 39 37 15 9 8 49 57 26 1 35 13 47 11 26 17 56 21 57 0 38 13
run=4 seed=3 k=58 f=0
35 34 43 32 39 19 0 36 6 56 2 32 17 22 2 7 28 49 52 57 27 47 36 0 20 14 31 43 10 18 55 48 43 10 14 26 33 8 15 50 4 42 24 57 0 25 56 9 56 52
run=5 seed=4 k=58 f=0
29 3 44 32 20 36 38 57 18 29 32 24 38 0 0 57 22 3 23 41 32 26 48 45 35 11 14 45 52 44 30 3 55 1 35 0 26 18 49 54 39 2 20 18 54 49 12 10 52 57
run=6 seed=5 k=58 f=0
40 56 25 37 26 57 31 39 57 11 28 34 24 40 0 2 40 9 24 1 2 55 20 2 55 12 22 19 44 3 46 47 48 44 3 12 56 15 54 51 39 19 27 19 1 19 11 32 45 51
run=7 seed=6 k=58 f=0
50 45 37 23 57 14 0 39 44 49 2 49 44 5 2 8 43 24 44 28 13 22 55 57 28 53 54 28 20 54 14 18 31 49 36 21 56 30 0 23 10 28 6 39 0 9 32 5 0 14
run=8 seed=7 k=58 f=0
16 41 43 57 31 53 48 1 26 3 57 13 0 46 33 4 28 24 22 52 6 23 14 38 35 20 10 56 23 44 21 36 0 6 40 31 51 42 57 20 45 36 29 46 6 15 32 9 31 0
run=9 seed=8 k=58 f=0
31 43 18 43 39 53 36 31 26 23 45 50 24 9 50 38 2 46 47 37 15 24 47 39 10 2 21 13 20 15 33 8 23 10 51 8 5 48 56 30 18 37 53 15 5 53 0 0 35 30
run=10 seed=9 k=58 f=0
47 20 44 28 56 54 57 0 52 26 40 13 4 1 35 21 11 41 12 32 19 21 29 20 57 4 46 32 29 8 10 23 29 48 50 38 44 54 57 36 50 55 41 7 48 14 34 0 35 20
run=11 seed=10 k=58 f=0
35 36 0 43 4 23 5 14 51 55 35 39 28 23 23 54 46 41 29 23 22 42 19 9 38 57 42 11 24 0 55 1 56 20 17 16 45 53 5 8 39 51 14 1 27 28 56 47 2 11
run=12 seed=11 k=58 f=0
49 46 14 1 21 7 57 31 37 43 18 8 36 56 51 29 13 14 13 54 47 2 55 33 39 30 26 10 49 41 27 9 21 23 50 40 20 54 4 2 29 25 35 0 1 49 12 57 9 42
run=13 seed=12 k=58 f=0
36 26 21 46 34 29 0 9 4 48 18 5 54 18 54 6 50 22 42 39 38 47 36 7 18 12 49 54 44 38 16 26 55 25 6 0 44 7 24 31 32 52 37 47 2 33 57 16 28 37
run=14 seed=13 k=58 f=0
50 1 55 17 40 26 41 13 4 2 0 45 34 50 43 57 1 36 57 56 25 6 14 17 42 28 21 56 19 28 17 45 42 23 21 33 5 57 22 43 48 37 53 0 29 33 49 8 43 8
run=15 seed=14 k=58 f=0
48 6 0 33 13 21 25 52 21 36 17 1 12 51 41 5 2 54 9 47 52 11 53 41 42 52 6 20 46 35 32 30 30 57 28 57 29 41 36 43 46 24 38 14 46 40 2 1 1 10
run=16 seed=15 k=58 f=0
15 36 38 29 16 3 12 56 17 34 7 36 14 2 50 44 37 51 9 50 51 34 27 57 54 6 28 1 46 16 19 0 45 2 56 36 6 34 51 23 30 0 52 29 8 44 24 22 48 20
run=17 seed=16 k=58 f=0
16 9 24 46 50 48 40 44 1 42 53 47 27 1 14 50 53 38 40 19 14 4 27 32 13 34 38 45 8 23 19 9 57 57 8 0 35 8 28 36 17 34 1 7 28 29 15 23 49 5
run=18 seed=17 k=58 f=0
34 11 56 33 27 27 24 36 45 39 57 45 45 54 2 50 44 4 49 3 36 49 21 41 7 17 50 36 2 17 46 21 12 41 10 1 13 4 24 33 7 29 20 20 2 12 4 57 53 48
run=19 seed=18 k=58 f=0
33 8 13 26 11 40 7 24 51 31 14 20 53 46 56 51 26 25 27 19 27 0 37 2 18 37 5 30 52 38 54 36 19 32 40 57 16 40 6 2 13 5 45 11 19 43 56 49 2 46
run=20 seed=19 k=58 f=0
35 2 42 51 34 28 11 37 18 12 13 9 55 57 21 47 8 57 22 8 9 48 37 42 0 32 46 28 25 20 11 56 9 57 47 0 24 16 56 31 38 57 53 17 42 27 3 51 0 2
