run=1 seed=0 k=55 f=0
29 35 37 8 23 22 21 17 44 1 54 7 5 14 1 53 20 1 0 11 45 38 27 45 4 50 22 43 32 25 54 2 54 0 29 38 18 28 19 49 49 43 26 15 10 30 48 8 40 27
run=2 seed=1 k=55 f=0
29 35 37 8 23 22 21 17 44 1 54 7 5 14 1 53 20 1 0 11 45 38 27 45 4 50 22 43 32 25 54 2 54 0 29 38 18 28 19 49 49 43 26 15 10 30 48 8 40 27
run=3 seed=2 k=55 f=0
46 17 14 5 1 39 39 11 30 27 42 49 29 53 47 37 4 2 0 0 47 26 14 8 27 24 25 25 21 35 3 51 54 52 37 22 2 18 35 47 44 3 9 15 50 19 0 30 50 33
run=4 seed=3 k=55 f=0
37 45 44 18 19 54 39 53 26 35 41 50 43 49 53 25 17 15 0 5 35 28 53 21 40 32 20 2 33 5 36 34 45 48 42 12 50 18 25 8 50 17 17 5 28 0 14 30 27 3
run=5 seed=4 k=55 f=0
46 53 22 46 29 0 17 21 12 50 54 50 52 39 53 15 7 7 6 42 24 48 51 14 1 37 7 2 0 38 33 33 38 26 17 21 17 34 32 32 43 11 21 28 41 0 8 54 2 9
run=6 seed=5 k=55 f=0
45 10 45 14 16 38 38 44 53 2 35 48 25 53 21 18 0 11 26 11 3 29 50 0 41 30 49 48 22 54 22 27 54 49 39 7 50 36 35 29 13 12 45 31 30 3 20 17 1 6
run=7 seed=6 k=55 f=0
1 50 5 14 29 23 31 16 25 53 29 43 12 8 28 31 8 15 17 1 31 23 0 54 47 54 21 18 22 5 0 53 32 0 41 47 41 4 26 32 4 52 9 40 37 39 49 9 54 42
run=8 seed=7 k=55 f=0
17 16 17 26 45 38 12 52 47 13 28 1 5 31 53 25 13 3 32 6 24 20 33 24 42 41 43 7 47 7 47 16 9 1 1 0 17 49 41 23 54 15 24 54 33 35 43 47 35 6
run=9 seed=8 k=55 f=0
47 52 25 34 23 26 10 16 6 33 32 48 27 12 2 29 19 3 32 37 40 47 52 40 0 47 1 42 10 24 28 25 9 0 6 0 3 44 23 45 46 2 18 19 8 54 38 54 54 17
run=10 seed=9 k=55 f=0
21 34 0 17 10 9 41 14 45 18 0 8 53 34 9 14 54 50 15 28 5 23 6 43 24 28 19 1 30 49 15 53 0 54 46 54 20 41 39 25 32 41 46 35 24 33 6 28 2 49
run=11 seed=10 k=55 f=0
44 38 0 25 53 10 47 21 14 42 0 28 8 28 51 5 40 50 16 33 48 54 47 28 28 34 7 48 53 9 28 53 0 4 10 54 35 0 32 21 48 42 20 21 2 39 31 37 20 17
run=12 seed=11 k=55 f=0
16 13 24 6 53 54 0 46 41 3 37 21 25 14 14 52 41 30 32 0 13 22 17 0 27 35 27 28 10 4 51 16 24 12 22 7 33 49 50 50 15 54 44 38 36 54 31 45 3 48
run=13 seed=12 k=55 f=0
36 19 34 12 23 0 41 10 4 39 48 24 52 2 0 2 22 50 17 30 32 26 49 29 29 49 54 51 0 37 35 39 44 54 30 54 40 19 3 8 38 16 29 22 4 19 0 9 9 22
run=14 seed=13 k=55 f=0
22 6 9 0 1 10 26 5 18 39 24 44 32 19 21 46 42 39 16 34 12 33 4 29 13 35 0 15 33 54 26 50 45 49 52 36 19 5 7 30 0 11 20 0 42 40 14 54 42 54
run=15 seed=14 k=55 f=0
0 47 37 12 0 27 32 1 44 50 36 7 48 20 1 30 51 48 6 26 0 14 14 18 40 22 48 39 18 43 21 8 54 6 7 45 21 39 24 35 31 29 0 11 30 52 24 36 5 48
run=16 seed=15 k=55 f=0
22 0 45 35 16 0 11 15 54 3 33 1 44 29 5 32 5 7 6 21 25 40 43 38 15 26 47 53 19 54 19 6 54 49 41 31 0 18 42 13 23 9 43 46 35 0 25 15 52 17
run=17 seed=16 k=55 f=0
47 48 37 12 43 54 18 10 45 2 20 30 34 31 51 12 9 33 31 3 52 1 36 18 3 25 38 34 0 36 18 29 39 41 25 1 2 48 14 54 23 53 29 25 7 54 26 9 16 3
run=18 seed=17 k=55 f=0
9 7 50 2 14 21 15 46 10 30 0 25 24 5 19 4 8 32 15 23 46 22 33 53 16 33 53 26 16 31 16 32 1 54 41 29 35 1 49 21 7 40 40 45 47 38 6 38 42 42
run=19 seed=18 k=55 f=0
39 10 0 46 32 7 22 17 38 47 46 41 32 23 53 28 25 52 54 12 49 40 46 32 18 32 29 50 22 0 29 3 23 5 37 14 22 1 4 9 28 9 37 0 19 54 31 46 15 15
run=20 seed=19 k=55 f=0
7 6 53 31 47 23 14 46 41 34 12 52 3 11 24 37 41 30 29 17 37 54 3 0 13 8 53 52 40 31 38 28 38 37 27 54 31 23 19 16 48 4 46 46 17 3 22 14 14 44
