run=1 seed=0 k=56 f=0
43 19 9 20 1 27 14 32 2 45 8 19 34 11 27 20 12 49 8 16 5 0 47 36 30 40 51 9 36 47 33 42 0 26 39 20 20 0 50 20 29 55 5 13 48 55 39 55 51 50
run=2 seed=1 k=56 f=0
43 19 9 20 1 27 14 32 2 45 8 19 34 11 27 20 12 49 8 16 5 0 47 36 30 40 51 9 36 47 33 42 0 26 39 20 20 0 50 20 29 55 5 13 48 55 39 55 51 50
run=3 seed=2 k=56 f=0
24 49 11 22 21 0 16 20 31 51 35 7 5 2 41 52 38 7 47 14 13 41 9 17 27 55 26 6 24 12 37 42 32 50 28 10 36 49 38 13 21 54 24 42 13 6 27 55 18 3
run=4 seed=3 k=56 f=0
18 33 0 49 22 26 55 40 31 40 53 4 1 51 42 23 48 37 12 23 52 47 6 0 33 15 45 14 44 30 54 11 44 35 30 33 11 38 50 2 20 12 0 7 44 5 17 55 26 26
run=5 seed=4 k=56 f=0
24 3 34 22 20 17 49 20 53 9 45 26 2 54 11 38 30 7 55 13 37 28 48 40 4 43 26 50 14 53 22 37 0 38 40 10 15 52 36 14 45 5 54 47 36 4 12 31 32 0
run=6 seed=5 k=56 f=0
47 14 55 19 28 40 27 0 11 53 54 8 33 6 34 31 20 9 12 22 10 16 39 31 3 0 48 54 44 34 26 31 1 48 47 24 4 55 35 11 42 21 1 17 38 39 7 55 17 43
run=7 seed=6 k=56 f=0
14 33 0 25 36 45 46 21 40 24 44 35 55 5 10 44 0 36 39 28 39 38 12 22 29 55 52 20 5 29 10 12 54 15 53 29 24 10 48 39 3 13 2 0 45 5 54 7 33 34
run=8 seed=7 k=56 f=0
0 44 3 15 29 48 9 26 32 49 17 29 25 6 43 37 2 55 54 53 48 2 52 7 18 52 44 54 1 46 13 6 32 21 22 41 2 16 11 44 22 38 27 24 2 41 54 16 33 26
run=9 seed=8 k=56 f=0
0 24 2 53 55 21 9 48 42 25 15 21 10 3 39 6 52 37 41 21 41 55 17 7 28 15 32 1 55 4 33 0 31 19 44 14 17 27 50 10 1 32 15 46 41 30 38 55 45 24
run=10 seed=9 k=56 f=0
53 2 45 55 48 9 40 44 26 20 55 27 19 1 29 3 41 45 47 35 29 32 33 30 23 19 0 55 37 0 40 15 39 13 11 23 8 35 6 52 55 17 47 16 26 5 22 0 49 0
run=11 seed=10 k=56 f=0
47 0 54 20 42 40 45 0 12 19 41 4 16 55 3 28 52 3 9 52 43 26 3 55 42 29 8 35 24 55 21 23 22 5 28 0 5 47 37 8 46 47 30 14 52 34 16 31 29 39
run=12 seed=11 k=56 f=0
30 30 51 15 51 37 0 9 4 11 50 45 0 23 33 0 26 8 43 34 35 16 53 14 39 42 20 55 5 32 21 43 2 55 36 55 46 21 8 48 35 21 12 48 42 27 40 23 9 7
run=13 seed=12 k=56 f=0
7 28 0 32 51 23 39 25 8 0 34 1 45 27 25 16 11 47 50 44 54 11 25 41 41 48 0 55 50 45 44 18 32 20 18 16 38 23 26 47 8 17 51 55 4 53 2 0 14 13
run=14 seed=13 k=56 f=0
39 51 5 28 12 15 0 43 38 43 27 11 14 30 51 11 53 25 9 2 22 33 1 46 45 15 53 0 37 4 19 13 31 11 37 22 53 37 50 18 40 53 43 54 27 20 50 1 4 42
run=15 seed=14 k=56 f=0
42 13 55 46 41 54 31 53 27 49 35 48 16 22 20 35 44 20 48 40 4 45 11 35 52 37 48 54 21 27 24 6 0 22 8 17 51 39 31 35 10 11 3 8 34 13 0 26 1 4
run=16 seed=15 k=56 f=0
42 36 37 55 32 49 42 13 4 16 39 2 32 52 26 37 21 6 55 49 52 0 53 0 13 12 8 25 20 52 45 21 34 8 4 9 12 1 22 35 45 30 52 26 10 32 24 17 19 1
run=17 seed=16 k=56 f=0
0 53 33 12 7 55 28 55 41 48 30 1 52 31 44 26 5 14 16 49 39 47 43 24 11 53 20 28 51 12 2 8 8 37 20 41 2 44 28 36 53 24 12 48 40 0 20 33 34 4
run=18 seed=17 k=56 f=0
16 29 23 14 24 46 28 55 36 15 25 37 43 48 54 22 16 29 0 7 18 19 37 23 0 42 32 38 5 42 48 17 8 1 4 32 51 5 43 29 51 14 15 39 7 47 10 55 21 6
run=19 seed=18 k=56 f=0
41 1 39 19 36 48 55 35 46 48 50 44 18 26 26 54 50 6 35 27 36 21 19 0 0 0 1 53 30 0 44 13 13 30 12 55 42 52 4 42 44 14 35 30 17 5 42 22 1 49
run=20 seed=19 k=56 f=0
16 46 14 27 37 0 43 8 49 10 45 41 49 22 1 1 6 10 32 36 28 34 41 44 50 36 2 26 23 16 3 23 24 21 53 7 18 38 48 31 19 0 31 37 12 0 53 53 25 52
