run=1 seed=0 k=50 f=0
7 36 42 0 43 33 36 42 16 21 12 27 34 9 7 31 40 43 27 36 11 18 17 14 0 30 47 18 48 32 2 4 49 8 32 40 43 6 18 3 5 2 21 22 11 25 49 0 15 20
run=2 seed=1 k=50 f=0
7 36 42 0 43 33 36 42 16 21 12 27 34 9 7 31 40 43 27 36 11 18 17 14 0 30 47 18 48 32 2 4 49 8 32 40 43 6 18 3 5 2 21 22 11 25 49 0 15 20
run=3 seed=2 k=50 f=0
35 19 10 24 11 14 30 26 45 27 41 1 49 37 0 30 4 43 41 0 2 10 40 28 21 37 10 30 48 34 3 33 49 2 20 21 13 27 11 47 33 17 34 7 40 17 49 0 5 48
run=4 seed=3 k=50 f=0
42 39 26 37 30 14 20 8 45 4 34 38 18 18 49 48 33 6 8 28 0 40 24 35 0 14 49 21 47 16 0 17 0 30 42 28 26 40 17 13 45 26 6 21 48 0 49 49 9 5
run=5 seed=4 k=50 f=0
14 17 22 35 0 35 49 11 0 35 46 4 14 14 3 47 2 6 8 41 3 4 9 49 20 12 33 32 16 21 6 22 0 16 49 42 44 24 32 22 17 29 26 28 44 28 40 21 1 43
run=6 seed=5 k=50 f=0
23 1 18 49 38 35 34 5 10 10 42 0 16 27 28 15 38 6 29 0 40 48 47 16 0 40 28 48 49 30 13 18 0 0 2 9 47 31 38 18 45 11 43 42 29 24 14 49 8 6
run=7 seed=6 k=50 f=0
23 21 0 23 45 35 43 0 15 37 10 3 17 18 40 29 44 6 29 29 45 28 1 16 12 9 39 41 21 47 30 48 0 5 9 9 9 1 38 24 21 33 1 42 7 35 19 49 39 31
run=8 seed=7 k=50 f=0
7 3 44 35 37 35 20 24 16 46 0 49 40 24 27 2 33 42 41 6 32 7 12 14 48 10 43 12 10 16 35 31 49 29 2 21 12 26 32 16 5 30 48 28 27 49 40 0 48 1
run=9 seed=8 k=50 f=0
14 45 39 49 27 35 32 18 27 0 49 21 27 47 30 49 0 7 8 44 5 1 30 49 40 19 34 37 2 28 3 2 0 23 7 42 43 35 32 20 17 12 19 28 13 10 43 21 3 4
run=10 seed=9 k=50 f=0
42 24 33 7 30 14 38 29 42 2 7 25 8 39 46 13 9 6 8 23 45 13 41 35 29 24 37 13 34 42 40 14 0 48 23 28 21 32 17 45 43 0 16 21 4 0 22 49 49 15
run=11 seed=10 k=50 f=0
42 46 34 0 42 16 26 22 47 7 0 49 5 23 44 35 20 6 22 29 18 49 2 35 11 9 12 27 40 30 7 39 0 38 37 9 48 35 31 12 41 15 33 27 17 14 6 49 14 19
run=12 seed=11 k=50 f=0
42 47 26 14 18 35 45 49 40 0 7 0 27 27 47 37 3 6 29 22 37 38 27 16 15 5 14 22 39 14 13 32 0 20 45 9 12 44 20 32 45 23 31 24 4 0 29 49 2 34
run=13 seed=12 k=50 f=0
14 44 45 36 36 35 30 0 26 14 49 45 47 24 22 26 33 6 8 6 12 43 6 21 47 9 31 16 19 34 28 40 0 5 0 28 37 29 38 42 17 6 35 42 4 14 22 49 9 0
run=14 seed=13 k=50 f=0
42 47 25 47 14 14 30 49 18 33 7 46 41 44 1 34 37 6 8 44 47 23 7 35 16 12 25 26 0 36 11 35 0 41 20 28 19 9 17 0 39 18 17 21 36 0 14 49 32 36
run=15 seed=14 k=50 f=0
42 24 22 0 1 30 6 41 34 19 1 20 1 35 9 48 1 6 36 49 47 22 18 16 30 48 7 5 49 10 39 23 0 30 46 9 25 11 27 10 44 28 1 23 12 15 49 49 38 37
run=16 seed=15 k=50 f=0
42 43 29 20 6 16 34 23 5 44 32 0 8 30 1 18 48 6 22 47 43 49 2 35 35 48 1 12 17 8 25 13 0 0 0 9 27 0 31 15 43 44 19 27 33 42 16 49 40 12
run=17 seed=16 k=50 f=0
7 33 34 47 47 14 41 49 27 31 39 45 48 1 1 17 29 43 20 44 42 8 47 33 35 10 32 41 0 31 12 6 49 0 20 40 27 15 29 6 11 13 46 25 23 15 23 0 40 24
run=18 seed=17 k=50 f=0
14 20 26 35 36 35 13 37 9 19 15 3 15 48 16 5 17 43 41 1 31 30 26 7 47 3 44 1 46 8 39 25 49 22 42 0 44 7 32 4 13 21 4 28 11 49 0 21 28 43
run=19 seed=18 k=50 f=0
7 20 4 48 26 19 29 0 23 47 43 47 22 0 31 15 20 43 13 31 44 49 0 33 47 15 5 49 16 25 4 15 49 19 12 40 12 2 22 34 29 34 46 26 39 9 37 0 39 40
run=20 seed=19 k=50 f=0
35 22 46 2 37 14 41 0 27 14 23 29 15 26 9 12 29 43 41 38 47 8 2 0 49 35 17 32 5 36 43 7 49 31 7 7 36 28 17 42 33 14 11 21 4 15 49 28 2 18
