run=1 seed=0 k=51 f=0
7 49 12 34 34 29 27 0 5 19 38 42 20 6 1 1 45 44 41 30 14 8 35 15 22 21 47 41 22 31 17 21 50 42 0 22 37 10 32 31 4 13 36 36 2 50 17 0 44 47
run=2 seed=1 k=51 f=0
7 49 12 34 34 29 27 0 5 19 38 42 20 6 1 1 45 44 41 30 14 8 35 15 22 21 47 41 22 31 17 21 50 42 0 22 37 10 32 31 4 13 36 36 2 50 17 0 44 47
run=3 seed=2 k=51 f=0
18 4 34 0 27 0 6 10 20 9 0 46 42 0 45 24 32 35 12 42 32 41 14 25 47 12 15 14 16 23 33 29 41 16 20 32 13 27 3 46 21 35 21 7 50 50 32 50 4 24
run=4 seed=3 k=51 f=0
43 25 0 24 45 25 39 0 49 1 9 15 6 31 34 49 18 6 37 15 0 46 11 16 24 9 23 8 48 26 34 40 0 5 39 9 16 47 22 48 46 38 1 32 15 31 18 50 29 46
run=5 seed=4 k=51 f=0
15 35 9 0 13 36 15 49 39 33 10 17 1 47 24 24 49 7 9 20 20 2 32 22 10 33 44 19 3 22 0 3 1 44 25 29 46 37 39 4 18 31 8 43 44 27 35 50 26 49
run=6 seed=5 k=51 f=0
14 11 48 39 20 35 11 7 15 28 50 2 24 7 31 21 4 7 8 32 32 34 47 21 34 21 22 1 32 43 49 42 0 0 45 28 50 37 38 15 17 16 23 42 41 27 19 49 13 5
run=7 seed=6 k=51 f=0
27 40 19 47 23 20 37 22 33 4 50 26 0 47 28 1 50 40 8 9 9 44 40 50 19 2 42 10 6 1 0 0 0 6 33 43 36 26 17 20 24 15 25 13 49 14 29 34 13 11
run=8 seed=7 k=51 f=0
7 21 0 10 11 41 16 8 33 19 18 0 38 2 49 45 31 13 35 48 11 1 1 23 18 40 40 3 50 45 40 0 50 50 48 16 30 2 44 7 8 33 8 30 32 25 37 0 13 22
run=9 seed=8 k=51 f=0
36 33 39 4 30 15 10 50 18 46 14 46 37 6 15 1 33 23 21 27 49 39 45 43 18 27 38 5 22 27 45 7 0 22 23 50 16 7 12 11 38 3 2 8 13 32 0 29 46 47
run=10 seed=9 k=51 f=0
14 14 29 1 8 21 50 39 44 23 48 21 28 43 48 19 35 6 8 32 17 0 46 35 1 38 6 26 32 13 46 18 0 8 1 28 47 10 39 14 17 5 4 43 35 24 32 50 37 18
run=11 seed=10 k=51 f=0
35 13 20 29 33 14 38 23 42 50 36 50 33 12 36 50 33 7 8 6 42 30 26 28 12 50 16 1 7 15 45 50 0 8 19 50 48 16 17 4 32 42 34 21 24 0 46 42 6 3
run=12 seed=11 k=51 f=0
42 47 39 50 29 19 0 28 12 19 2 31 27 38 17 0 17 29 13 34 48 8 9 0 38 6 16 20 22 38 35 43 50 33 1 26 16 42 4 47 45 49 25 8 9 20 46 35 9 26
run=13 seed=12 k=51 f=0
35 5 23 14 49 14 42 12 37 0 44 18 19 29 40 21 38 42 41 0 4 35 50 28 0 0 31 44 30 23 27 20 49 4 10 21 43 0 11 23 32 6 48 7 17 28 50 0 9 49
run=14 seed=13 k=51 f=0
43 17 0 12 22 36 6 18 31 49 3 48 1 34 36 38 49 6 9 23 20 43 0 22 28 45 12 43 28 10 30 42 0 35 5 29 28 10 18 40 40 36 50 14 8 50 26 50 44 20
run=15 seed=14 k=51 f=0
24 14 32 49 17 31 25 20 39 43 7 37 42 6 42 49 14 6 37 14 50 32 39 50 1 16 46 31 0 48 46 31 0 43 50 9 20 31 46 22 22 26 36 42 1 0 13 17 13 7
run=16 seed=15 k=51 f=0
14 50 22 11 35 36 17 0 29 7 50 3 5 26 37 1 26 28 30 5 28 25 42 7 20 0 22 0 16 10 41 37 22 5 45 0 47 35 39 14 13 30 10 43 21 43 34 50 26 48
run=17 seed=16 k=51 f=0
7 28 50 33 15 0 20 35 0 28 16 41 11 37 24 29 24 44 13 9 20 50 48 34 12 14 49 4 7 0 13 24 50 10 45 41 47 31 30 1 3 25 46 18 39 43 28 25 0 4
run=18 seed=17 k=51 f=0
7 4 44 14 45 25 27 42 37 35 29 46 2 6 22 47 21 40 13 21 18 35 30 50 10 2 10 49 37 0 24 49 34 48 0 43 29 47 22 12 4 16 40 18 14 7 19 0 10 33
run=19 seed=18 k=51 f=0
43 32 11 23 46 27 44 20 0 19 47 9 36 29 41 26 23 6 21 42 0 13 47 36 36 50 13 20 28 0 43 30 0 5 7 9 8 27 32 37 42 39 50 16 3 36 27 50 15 32
run=20 seed=19 k=51 f=0
7 50 50 37 10 39 0 29 24 37 42 26 16 49 4 17 13 24 45 34 23 36 1 14 37 14 5 38 50 15 19 16 30 20 30 21 44 8 36 42 8 7 28 50 1 9 48 0 35 29
