run=1 seed=0 k=59 f=0
15 46 24 33 58 22 19 0 57 7 12 28 12 39 0 39 13 31 28 6 39 27 29 8 51 13 18 23 46 55 36 29 46 5 31 37 20 51 4 1 20 18 9 0 2 45 37 55 29 51
run=2 seed=1 k=59 f=0
15 46 24 33 58 22 19 0 57 7 12 28 12 39 0 39 13 31 28 6 39 27 29 8 51 13 18 23 46 55 36 29 46 5 31 37 20 51 4 1 20 18 9 0 2 45 37 55 29 51
run=3 seed=2 k=59 f=0
24 21 0 55 43 40 8 35 12 11 48 21 35 33 37 30 5 0 46 27 48 54 15 31 41 46 7 29 57 12 0 58 16 30 56 58 15 5 37 19 25 1 44 51 52 22 42 6 54 18
run=4 seed=3 k=59 f=0
16 6 34 11 37 33 58 7 27 13 37 46 13 54 52 30 52 52 40 44 39 43 43 0 1 43 58 47 2 26 22 19 24 0 25 49 1 49 30 8 7 58 51 7 58 50 15 58 26 23
run=5 seed=4 k=59 f=0
22 22 33 15 29 38 22 34 53 18 45 20 35 49 57 58 8 45 44 19 20 0 34 15 25 47 10 11 52 26 33 1 52 40 58 7 50 24 58 44 21 8 5 0 43 7 57 29 7 2
run=6 seed=5 k=59 f=0
10 0 21 50 56 1 26 21 31 45 51 14 26 6 10 57 6 44 58 0 33 10 46 27 18 1 9 44 31 41 29 43 50 36 35 41 51 17 23 17 4 3 20 34 9 58 0 18 37 42
run=7 seed=6 k=59 f=0
7 10 25 5 44 14 34 0 13 33 37 12 15 13 16 46 29 27 32 23 54 9 22 0 11 44 6 38 43 53 49 52 57 19 0 23 25 37 41 55 16 28 42 37 22 58 45 48 57 55
run=8 seed=7 k=59 f=0
58 57 36 45 50 18 18 42 22 16 58 20 40 30 10 28 13 51 52 11 10 34 38 9 55 57 47 7 46 13 43 35 34 8 1 25 4 23 15 22 39 29 3 2 33 0 51 43 14 25
run=9 seed=8 k=59 f=0
58 20 17 41 12 50 35 26 57 55 40 2 31 1 53 1 43 25 27 35 0 13 34 19 16 29 50 37 19 53 5 11 10 21 17 1 22 55 47 26 55 34 57 43 49 48 1 36 12 3
run=10 seed=9 k=59 f=0
58 54 4 15 25 41 37 10 57 2 35 28 20 55 40 36 20 4 9 28 42 29 11 21 27 50 2 31 41 57 40 48 50 46 8 0 6 48 37 44 55 19 5 14 19 22 2 32 30 29
run=11 seed=10 k=59 f=0
50 12 38 56 16 58 49 58 21 32 35 16 11 45 1 12 29 26 44 41 45 18 46 14 58 15 52 46 25 45 23 9 3 8 6 23 58 23 10 51 56 4 53 39 1 0 28 32 1 29
run=12 seed=11 k=59 f=0
42 44 30 56 28 25 0 58 45 6 49 42 32 49 20 32 43 10 5 37 14 43 2 16 21 7 5 1 20 9 22 28 58 25 58 33 44 6 22 15 41 1 57 0 9 15 34 49 21 42
run=13 seed=12 k=59 f=0
1 32 12 0 54 24 7 2 19 20 11 23 11 6 41 57 13 39 7 42 56 17 0 49 19 51 29 24 39 46 57 58 58 55 45 42 41 28 27 36 20 57 45 31 10 27 36 15 54 30
run=14 seed=13 k=59 f=0
7 54 17 8 23 17 43 38 32 52 4 57 30 32 1 19 22 53 34 53 36 16 35 0 57 26 44 16 21 47 37 18 47 0 10 56 18 53 14 46 22 31 21 39 4 58 27 26 4 50
run=15 seed=14 k=59 f=0
11 1 58 18 49 18 25 46 51 21 0 10 57 40 0 57 23 26 5 38 12 55 46 33 14 45 25 41 51 15 29 13 49 41 14 40 4 39 25 4 14 25 35 0 20 33 7 58 25 9
run=16 seed=15 k=59 f=0
36 57 10 0 21 26 26 42 48 31 10 55 0 55 24 27 22 43 42 26 22 34 10 10 50 40 52 49 36 22 28 17 50 16 0 19 10 26 5 46 57 0 9 58 39 56 4 0 43 52
run=17 seed=16 k=59 f=0
22 22 40 23 39 29 45 53 31 27 26 0 9 50 13 17 28 5 41 3 56 20 50 15 0 4 15 31 32 7 5 40 49 0 12 2 22 41 11 36 24 41 39 36 57 12 37 58 53 56
run=18 seed=17 k=59 f=0
58 23 2 57 34 14 16 50 30 14 19 29 14 54 50 1 47 51 52 13 46 58 20 0 54 36 2 6 58 35 38 43 32 41 22 7 55 41 44 31 19 11 31 40 48 8 26 23 0 24
run=19 seed=18 k=59 f=0
25 2 12 58 23 0 20 9 24 34 18 42 57 1 30 58 7 36 31 49 45 1 48 58 18 48 37 45 51 58 27 0 9 40 16 40 8 40 53 58 4 25 33 47 13 32 49 18 24 0
run=20 seed=19 k=59 f=0
51 35 0 37 42 34 11 56 7 3 40 3 58 17 14 3 15 41 40 15 36 32 22 58 35 25 49 55 33 15 45 26 9 45 36 0 20 7 31 49 14 25 1 26 26 20 3 19 48 55
