run=1 seed=0 k=60 f=0
20 46 57 1 53 13 46 13 50 1 0 7 50 19 12 46 41 6 53 32 11 6 27 36 2 39 58 58 18 55 29 42 0 18 34 29 28 16 40 10 9 33 14 59 8 26 38 45 35 30
run=2 seed=1 k=60 f=0
20 46 57 1 53 13 46 13 50 1 0 7 50 19 12 46 41 6 53 32 11 6 27 36 2 39 58 58 18 55 29 42 0 18 34 29 28 16 40 10 9 33 14 59 8 26 38 45 35 30
run=3 seed=2 k=60 f=0
3 19 8 36 3 20 24 57 28 27 22 27 9 53 17 9 14 48 26 50 2 32 29 38 52 46 15 50 36 7 30 6 11 42 41 45 23 57 59 6 17 47 1 31 58 0 16 54 30 55
run=4 seed=3 k=60 f=0
32 25 56 38 45 40 6 0 27 4 58 46 16 19 12 47 4 55 1 46 55 42 58 25 13 47 5 17 28 51 34 35 16 32 26 59 23 38 10 48 34 8 52 6 58 15 23 49 2 22
run=5 seed=4 k=60 f=0
15 23 35 26 32 27 45 2 18 5 47 22 34 54 48 37 12 1 21 29 17 31 48 38 20 58 38 6 9 40 52 57 7 54 19 45 54 43 30 42 1 59 36 52 44 10 22 59 12 5
run=6 seed=5 k=60 f=0
59 5 59 12 56 52 18 9 33 1 51 55 0 18 36 20 28 6 22 58 14 25 39 34 51 48 43 13 32 43 47 17 13 37 7 1 20 51 38 45 54 17 53 27 35 1 57 43 34 25
run=7 seed=6 k=60 f=0
21 5 52 0 8 7 18 3 22 17 35 43 45 53 27 56 0 15 14 30 51 50 40 42 29 11 16 28 17 11 45 52 32 29 36 49 36 27 38 59 5 27 34 0 57 58 41 58 9 42
run=8 seed=7 k=60 f=0
57 39 59 31 36 3 11 58 21 13 13 1 31 59 17 0 58 50 51 52 44 23 48 43 29 4 1 12 25 50 1 34 27 37 6 36 56 21 6 28 22 40 29 10 55 45 0 18 5 42
run=9 seed=8 k=60 f=0
15 56 42 1 51 8 22 41 57 33 11 21 16 16 15 3 0 59 45 17 45 59 57 22 23 51 27 17 55 1 33 4 53 7 41 0 5 55 59 10 12 29 0 39 44 31 49 31 29 28
run=10 seed=9 k=60 f=0
59 14 25 5 50 18 20 58 33 32 16 43 58 12 51 49 29 11 12 10 45 10 17 41 39 14 24 23 26 38 46 41 4 29 3 48 29 14 37 44 27 51 53 25 34 49 0 32 49 39
run=11 seed=10 k=60 f=0
55 28 19 59 18 19 35 57 47 47 23 53 8 33 44 32 0 49 13 9 31 42 55 0 22 8 52 43 11 6 57 34 28 51 26 45 45 55 4 10 22 32 20 8 4 1 16 37 0 27
run=12 seed=11 k=60 f=0
27 14 57 4 3 51 10 1 29 43 21 52 58 14 44 6 1 44 45 59 3 59 16 1 35 35 49 38 31 14 26 9 19 25 58 36 18 45 5 32 28 41 34 58 51 40 48 10 33 17
run=13 seed=12 k=60 f=0
0 14 14 59 43 16 34 30 38 24 58 9 57 14 24 58 47 50 47 5 22 8 0 34 18 50 16 26 22 17 59 50 59 0 56 9 10 39 38 39 1 50 49 42 36 22 42 25 24 41
run=14 seed=13 k=60 f=0
29 41 39 50 32 1 44 35 29 11 25 19 22 54 25 43 57 53 8 54 15 4 0 59 33 4 6 6 7 49 51 45 47 20 17 38 39 49 54 40 16 41 0 14 23 11 59 22 32 58
run=15 seed=14 k=60 f=0
43 32 52 43 13 8 59 0 35 46 20 4 0 30 1 5 56 26 25 8 58 49 39 17 16 20 40 4 29 38 59 58 33 5 21 0 30 19 13 35 6 59 18 58 47 27 14 51 45 11
run=16 seed=15 k=60 f=0
50 30 59 35 56 38 29 12 43 28 59 52 44 44 10 45 12 6 44 1 25 38 33 21 19 1 35 39 40 47 5 51 12 54 0 59 59 35 27 23 5 27 16 31 50 20 4 0 17 23
run=17 seed=16 k=60 f=0
33 0 57 13 39 0 7 23 3 13 9 5 59 51 48 2 9 51 50 33 47 56 21 14 38 38 43 52 54 0 28 55 25 31 2 7 41 28 19 44 34 34 49 59 12 49 41 41 51 22
run=18 seed=17 k=60 f=0
52 37 59 34 19 59 25 59 45 2 1 45 59 36 42 13 3 2 46 10 22 41 33 8 46 2 28 10 19 29 0 37 17 8 56 26 35 13 3 29 57 11 58 41 47 16 50 34 3 13
run=19 seed=18 k=60 f=0
58 50 55 13 16 11 35 15 31 24 46 1 2 44 22 23 18 43 5 41 24 59 11 20 48 42 8 31 54 39 4 53 30 51 52 39 51 38 14 34 59 9 10 0 39 3 26 49 12 0
run=20 seed=19 k=60 f=0
29 56 1 21 7 15 48 43 53 41 23 40 59 19 46 45 11 35 22 28 47 55 35 41 58 31 38 2 57 6 43 1 59 27 57 7 26 38 45 28 33 16 31 0 14 13 36 50 15 59
