run=1 seed=0 k=52 f=0
7 18 27 42 1 51 48 16 11 33 50 3 26 43 51 14 26 21 24 24 7 8 3 37 42 18 2 40 23 43 4 38 15 22 13 44 35 16 33 50 9 35 29 29 47 0 31 0 43 4
run=2 seed=1 k=52 f=0
7 18 27 42 1 51 48 16 11 33 50 3 26 43 51 14 26 21 24 24 7 8 3 37 42 18 2 40 23 43 4 38 15 22 13 44 35 16 33 50 9 35 29 29 47 0 31 0 43 4
run=3 seed=2 k=52 f=0
28 27 14 45 30 51 51 27 33 39 6 11 1 21 25 3 25 35 34 12 10 44 34 0 50 3 22 18 44 35 1 49 42 10 9 7 42 28 48 45 15 19 47 14 40 19 0 21 50 36
run=4 seed=3 k=52 f=0
19 0 45 0 45 42 51 32 13 32 0 51 29 11 23 25 12 32 0 49 4 25 35 26 50 35 9 9 25 46 50 24 51 17 19 35 47 10 45 40 21 16 44 5 28 40 8 12 38 9
run=5 seed=4 k=52 f=0
13 23 4 26 47 0 44 30 35 9 40 34 42 21 15 46 42 7 6 1 17 51 11 41 20 51 46 2 49 5 49 19 51 0 15 34 30 1 45 26 26 16 8 27 40 11 22 20 12 38
run=6 seed=5 k=52 f=0
8 37 19 38 25 33 0 41 51 2 2 24 40 14 30 2 39 48 27 18 22 49 19 42 32 7 9 13 14 19 2 34 0 32 47 51 15 7 36 29 7 35 27 22 51 24 9 15 25 47
run=7 seed=6 k=52 f=0
35 35 27 9 44 14 38 29 34 36 7 3 33 1 0 18 4 7 8 42 7 13 40 28 29 46 20 48 41 46 3 0 0 3 13 21 24 46 47 31 34 19 45 51 16 51 22 42 5 18
run=8 seed=7 k=52 f=0
8 51 8 51 9 37 18 13 0 17 51 17 31 27 21 23 19 15 14 44 48 3 1 51 47 40 33 16 3 22 5 20 22 45 46 44 16 40 34 36 5 40 24 30 31 28 36 1 9 31
run=9 seed=8 k=52 f=0
27 25 30 40 51 11 2 51 23 17 27 48 8 35 5 19 49 45 5 37 29 21 41 34 32 51 46 33 36 41 15 3 51 46 5 42 1 35 15 28 25 5 9 0 41 14 33 20 45 20
run=10 seed=9 k=52 f=0
43 39 46 7 24 0 23 0 19 48 15 51 14 38 0 5 42 30 7 44 8 8 32 20 23 29 36 13 22 29 48 27 51 51 3 27 42 28 16 28 42 38 3 12 30 34 42 36 1 15
run=11 seed=10 k=52 f=0
14 25 50 17 38 51 8 12 4 30 50 16 34 14 24 39 28 7 8 44 40 19 8 42 51 41 32 51 7 0 1 23 0 28 45 35 17 3 48 1 26 40 37 28 11 36 44 21 45 1
run=12 seed=11 k=52 f=0
29 26 32 8 31 16 14 18 23 23 8 29 23 8 1 50 21 23 22 51 7 25 1 7 12 43 30 40 45 34 2 40 51 39 48 0 42 33 13 34 41 2 51 43 15 0 49 36 13 20
run=13 seed=12 k=52 f=0
44 2 48 0 16 0 25 16 21 28 29 25 39 2 7 33 49 26 12 34 22 1 23 36 0 31 3 22 49 43 36 46 20 35 42 29 50 31 3 7 47 6 13 7 44 8 51 51 8 18
run=14 seed=13 k=52 f=0
37 33 39 0 36 24 7 3 32 13 51 7 2 4 27 17 9 31 30 8 29 14 45 44 26 16 45 2 35 29 23 17 15 46 29 51 14 25 21 40 7 45 17 7 11 23 37 0 48 51
run=15 seed=14 k=52 f=0
39 15 51 41 49 51 0 24 33 14 41 46 36 2 26 17 20 26 45 50 28 16 1 16 48 17 17 24 20 34 40 0 0 29 44 23 2 47 12 31 37 11 51 8 6 9 47 32 9 6
run=16 seed=15 k=52 f=0
20 2 33 0 48 7 14 36 19 28 10 24 4 15 23 34 17 14 13 51 42 21 9 27 50 51 24 25 44 1 41 3 51 41 4 0 36 23 31 43 23 16 35 43 18 28 50 36 49 8
run=17 seed=16 k=52 f=0
7 5 5 45 0 14 51 13 18 51 22 37 19 19 23 19 13 44 21 33 51 44 1 34 40 36 6 32 47 5 48 48 51 26 44 41 45 1 30 28 4 28 38 26 24 0 35 0 11 14
run=18 seed=17 k=52 f=0
14 1 27 48 16 21 33 51 16 51 28 1 22 4 13 27 32 6 8 45 38 41 51 51 9 39 8 10 39 7 36 35 0 12 45 28 47 1 47 21 17 19 29 35 23 1 22 42 13 4
run=19 seed=18 k=52 f=0
44 48 26 50 40 9 11 44 4 32 0 29 50 3 0 6 34 31 29 14 0 51 27 51 40 17 23 29 38 7 0 37 0 39 20 16 26 38 6 8 45 17 35 23 11 31 22 37 8 34
run=20 seed=19 k=52 f=0
8 40 0 14 37 42 47 51 30 0 11 5 41 18 50 13 18 21 36 46 31 17 3 15 48 23 1 50 25 0 12 19 51 5 9 24 18 6 45 33 9 36 31 31 23 38 26 0 33 41
