run=1 seed=0 k=53 f=0
44 2 51 42 32 12 7 12 3 42 42 48 2 14 35 33 21 22 0 19 36 0 42 28 52 13 49 48 1 20 36 33 52 36 3 19 30 46 9 36 41 30 12 5 19 25 49 37 16 0
run=2 seed=1 k=53 f=0
44 2 51 42 32 12 7 12 3 42 42 48 2 14 35 33 21 22 0 19 36 0 42 28 52 13 49 48 1 20 36 33 52 36 3 19 30 46 9 36 41 30 12 5 19 25 49 37 16 0
run=3 seed=2 k=53 f=0
8 40 49 40 50 15 34 29 11 23 41 24 33 13 30 50 30 37 21 47 46 14 39 52 3 5 6 15 14 5 24 22 0 24 45 34 5 25 48 0 7 49 1 26 7 0 52 43 15 16
run=4 seed=3 k=53 f=0
14 38 36 8 45 35 2 19 25 11 36 0 48 30 0 4 31 51 52 12 35 42 22 7 47 17 0 3 49 27 20 43 44 32 39 0 18 5 38 16 28 9 9 28 28 52 12 21 39 44
run=5 seed=4 k=53 f=0
34 15 4 27 18 27 11 36 41 41 6 51 17 30 13 49 16 3 21 14 50 44 40 9 28 47 22 31 40 27 6 49 52 52 2 0 30 44 46 48 35 12 28 16 43 20 0 41 2 38
run=6 seed=5 k=53 f=0
51 40 30 0 15 26 24 51 20 24 10 36 49 41 49 3 42 10 32 4 14 17 24 0 48 14 37 49 45 1 27 28 17 6 31 7 3 33 23 3 50 27 0 37 9 43 32 44 21 38
run=7 seed=6 k=53 f=0
16 9 32 12 48 38 39 43 48 6 14 50 20 26 1 49 42 31 32 9 14 20 17 52 5 21 0 27 38 1 50 35 24 6 13 45 2 33 4 32 19 27 43 0 20 27 52 9 10 51
run=8 seed=7 k=53 f=0
16 17 4 40 33 23 22 8 26 24 37 50 2 48 29 6 47 33 47 0 13 15 25 0 41 52 51 29 1 28 51 16 39 33 39 30 32 40 4 6 13 20 37 52 7 47 1 9 17 13
run=9 seed=8 k=53 f=0
24 48 15 34 40 31 40 36 0 12 13 8 31 25 50 4 37 17 18 8 19 28 29 52 47 6 52 15 21 45 33 29 10 52 46 45 42 6 34 2 27 0 18 38 8 20 7 1 21 23
run=10 seed=9 k=53 f=0
52 31 2 20 28 26 41 45 32 12 1 32 41 40 35 3 36 16 32 51 48 34 52 45 19 50 37 15 50 19 42 15 0 26 22 19 5 32 41 7 50 7 22 37 6 8 52 10 19 11
run=11 seed=10 k=53 f=0
42 51 51 29 16 29 41 3 37 8 33 26 48 46 22 47 52 36 35 46 33 27 30 15 16 12 9 21 39 14 4 26 50 8 34 22 39 21 11 3 44 52 15 7 30 19 49 0 0 3
run=12 seed=11 k=53 f=0
37 17 22 6 28 30 45 49 33 37 20 16 16 48 52 15 26 22 24 25 5 35 39 16 49 39 40 44 26 5 7 2 0 0 1 52 37 25 12 12 36 40 41 8 35 13 26 44 46 30
run=13 seed=12 k=53 f=0
45 44 50 20 50 25 3 28 35 33 0 14 22 8 9 27 35 6 31 49 14 21 45 16 15 29 20 11 35 8 33 7 0 43 1 9 36 45 22 14 41 47 7 36 22 13 52 52 3 38
run=14 seed=13 k=53 f=0
27 32 39 0 4 20 21 44 26 19 19 30 21 39 29 1 4 49 8 37 30 28 20 43 38 15 0 49 13 3 19 10 0 9 12 52 11 49 17 27 25 52 5 13 42 52 37 34 38 47
run=15 seed=14 k=53 f=0
21 23 36 20 29 0 29 41 52 43 23 50 20 14 27 30 34 38 37 1 41 17 19 45 46 46 15 0 16 33 34 30 29 0 22 52 29 52 3 9 23 0 6 7 49 10 48 14 0 7
run=16 seed=15 k=53 f=0
7 13 30 45 45 31 25 42 18 13 22 14 49 30 21 1 49 20 43 31 26 15 26 0 17 12 11 1 32 2 42 0 51 51 37 24 32 5 34 6 8 52 21 38 28 7 33 14 22 1
run=17 seed=16 k=53 f=0
8 2 13 0 18 40 25 12 32 9 0 9 51 47 22 1 13 25 52 41 45 34 30 15 52 47 28 52 44 21 30 19 0 6 24 22 20 30 37 42 11 52 18 47 12 52 44 31 39 35
run=18 seed=17 k=53 f=0
19 30 52 22 15 31 28 24 32 23 11 31 47 0 35 36 52 6 25 17 27 37 2 52 24 11 43 22 45 51 50 1 0 16 7 38 21 6 6 33 17 17 11 45 41 46 4 12 32 1
run=19 seed=18 k=53 f=0
35 30 47 21 6 52 52 37 0 35 50 32 32 15 7 50 5 7 29 42 10 44 34 17 13 30 25 48 44 9 16 8 0 4 42 10 39 47 48 23 37 21 10 24 39 14 29 43 24 39
run=20 seed=19 k=53 f=0
23 8 21 34 5 7 16 20 8 36 34 5 3 15 41 1 52 45 44 43 39 40 13 30 28 52 28 48 42 12 29 52 52 48 23 0 19 30 11 44 24 50 35 37 21 0 28 16 46 5
