run=1 seed=0 k=61 f=0
35 54 3 54 7 42 47 36 41 39 6 47 41 20 13 40 56 25 24 50 56 0 6 8 30 35 15 0 60 14 11 28 51 29 33 0 17 28 13 45 37 27 33 17 41 20 60 60 5 23
run=2 seed=1 k=61 f=0
35 54 3 54 7 42 47 36 41 39 6 47 41 20 13 40 56 25 24 50 56 0 6 8 30 35 15 0 60 14 11 28 51 29 33 0 17 28 13 45 37 27 33 17 41 20 60 60 5 23
run=3 seed=2 k=61 f=0
60 27 4 23 24 29 38 20 59 7 41 24 56 39 56 33 59 54 35 51 50 9 25 43 49 13 25 43 7 58 6 5 20 0 16 51 16 24 0 51 26 47 19 4 54 30 50 11 40 45
run=4 seed=3 k=61 f=0
1 21 30 3 28 44 12 0 49 47 31 56 17 57 18 41 46 18 17 41 47 55 29 8 10 41 59 56 39 8 3 12 60 35 15 51 4 52 30 4 40 17 60 34 40 20 45 25 33 58
run=5 seed=4 k=61 f=0
43 15 42 32 60 60 49 19 14 44 58 26 28 15 4 52 58 8 37 24 4 35 40 50 28 57 52 26 51 5 0 36 14 10 7 0 17 56 55 31 9 42 39 22 49 0 26 29 40 19
run=6 seed=5 k=61 f=0
33 19 10 49 24 51 24 53 33 49 6 44 17 39 28 54 31 24 39 24 30 46 19 0 2 40 59 4 22 28 51 43 60 2 16 18 52 26 48 44 4 59 9 44 37 15 37 9 41 58
run=7 seed=6 k=61 f=0
27 56 36 48 42 35 54 29 3 14 60 23 34 24 56 18 8 4 53 55 18 0 37 44 50 19 45 23 54 49 32 14 10 9 1 1 50 5 38 54 26 41 18 58 6 41 20 19 43 28
run=8 seed=7 k=61 f=0
41 59 34 54 44 31 9 32 5 58 14 19 45 18 0 25 47 6 60 19 15 57 59 48 35 44 57 39 58 1 27 45 21 39 32 1 57 10 34 2 7 42 21 55 10 24 48 12 25 21
run=9 seed=8 k=61 f=0
60 19 25 48 29 53 60 35 8 3 12 1 0 58 14 30 8 7 47 57 59 44 20 0 52 1 22 33 40 25 49 0 29 30 15 11 9 27 37 45 55 51 39 42 8 20 4 19 43 40
run=10 seed=9 k=61 f=0
49 7 38 58 29 41 21 47 17 21 10 50 19 60 4 21 52 1 55 5 32 54 11 31 35 48 56 23 60 28 60 26 7 42 34 24 43 57 1 44 36 17 26 60 41 33 1 16 5 27
run=11 seed=10 k=61 f=0
45 55 60 36 49 37 53 0 48 19 57 8 60 34 28 31 1 3 52 17 54 20 13 19 57 19 40 38 21 32 1 7 28 12 8 0 36 21 34 42 41 45 8 12 20 27 41 60 51 0
run=12 seed=11 k=61 f=0
41 45 50 0 32 16 60 12 17 7 21 30 36 45 39 8 12 34 35 35 16 2 46 7 18 30 48 16 46 38 35 5 26 26 25 0 54 25 49 38 18 57 7 53 57 43 52 60 4 12
run=13 seed=12 k=61 f=0
37 31 57 0 26 14 13 17 9 40 49 37 38 7 43 31 11 21 43 44 1 1 54 60 44 25 56 20 28 59 3 30 28 53 47 7 8 60 19 31 34 8 58 0 12 39 27 51 20 34
run=14 seed=13 k=61 f=0
48 56 26 14 52 60 43 39 0 25 17 8 30 43 56 59 19 40 54 10 42 24 7 14 44 35 48 47 53 0 17 28 23 52 31 7 0 13 29 2 40 45 11 0 27 60 9 34 49 3
run=15 seed=14 k=61 f=0
16 3 15 48 41 52 0 40 28 54 49 0 35 27 56 36 42 9 10 55 27 9 14 23 24 6 33 25 17 25 36 7 33 59 60 1 1 12 27 22 59 59 22 59 53 20 33 43 55 40
run=16 seed=15 k=61 f=0
29 14 0 50 18 13 60 54 29 51 0 4 46 39 12 60 45 6 35 6 28 47 29 22 3 23 22 5 42 28 51 41 48 4 60 1 5 60 10 22 18 60 0 40 42 15 38 57 35 41
run=17 seed=16 k=61 f=0
44 55 4 22 39 2 36 55 60 54 20 47 9 7 29 34 49 27 29 25 42 28 24 37 12 54 4 33 30 41 4 42 20 49 14 60 49 30 6 2 53 14 18 53 24 9 0 11 19 43
run=18 seed=17 k=61 f=0
38 47 31 47 6 9 26 39 60 51 0 29 14 16 57 48 31 56 32 50 49 46 13 18 4 12 30 11 50 12 57 9 0 7 60 59 7 42 6 42 13 20 19 27 36 17 56 49 59 0
run=19 seed=18 k=61 f=0
60 48 24 58 36 0 15 19 33 24 38 51 55 50 48 7 27 35 39 25 31 52 35 53 20 39 45 2 11 6 14 8 27 43 57 7 43 25 20 15 49 30 7 45 60 1 26 15 12 7
run=20 seed=19 k=61 f=0
43 51 37 26 12 36 2 37 15 28 0 9 15 60 59 29 23 4 9 60 45 21 4 60 49 50 50 59 21 55 15 23 51 60 50 0 8 30 33 33 44 47 35 14 26 45 30 22 54 8
