run=1 seed=0 k=57 f=0
1 34 2 22 29 45 15 29 56 51 20 53 20 10 13 41 45 25 39 1 29 54 27 8 51 50 44 7 43 1 44 11 31 6 38 22 52 11 48 16 0 11 1 15 18 37 45 54 35 33
run=2 seed=1 k=57 f=0
1 34 2 22 29 45 15 29 56 51 20 53 20 10 13 41 45 25 39 1 29 54 27 8 51 50 44 7 43 1 44 11 31 6 38 22 52 11 48 16 0 11 1 15 18 37 45 54 35 33
run=3 seed=2 k=57 f=0
31 16 11 56 38 24 16 54 43 6 18 51 42 50 38 56 3 47 46 2 2 32 35 38 44 0 10 47 30 41 35 33 55 48 29 9 31 6 20 17 29 8 52 16 1 25 5 1 18 29
run=4 seed=3 k=57 f=0
24 25 43 18 21 0 8 20 1 7 11 46 52 40 10 46 40 35 30 40 22 47 13 17 0 53 29 56 37 4 1 52 56 39 29 39 30 44 3 50 13 29 52 9 34 31 56 47 20 28
run=5 seed=4 k=57 f=0
8 53 56 39 31 48 45 10 49 15 43 3 4 5 28 18 28 55 56 17 53 3 6 34 48 19 28 22 18 55 39 2 0 33 51 41 11 31 15 36 28 26 0 27 9 25 17 20 42 4
run=6 seed=5 k=57 f=0
25 5 33 11 1 7 52 9 0 26 18 49 24 39 55 20 31 0 1 56 5 34 6 18 48 22 48 34 35 56 51 36 56 4 45 46 16 36 10 54 26 0 29 39 43 27 44 32 52 46
run=7 seed=6 k=57 f=0
24 37 0 41 34 31 25 10 31 52 39 43 42 20 34 55 3 47 48 46 48 2 19 40 41 11 1 16 53 18 52 21 16 35 28 7 3 12 34 11 26 27 13 0 6 55 47 56 33 50
run=8 seed=7 k=57 f=0
18 39 41 22 43 25 14 55 8 28 12 4 55 54 4 5 1 12 11 28 42 36 54 46 25 52 37 48 30 23 21 19 0 28 9 32 12 22 50 22 39 44 53 39 11 47 3 56 47 33
run=9 seed=8 k=57 f=0
19 12 28 55 36 46 7 26 21 4 1 45 46 14 16 14 11 7 40 52 21 47 39 0 52 46 38 20 7 56 39 11 56 32 50 10 4 13 31 25 17 35 27 35 56 40 17 26 31 1
run=10 seed=9 k=57 f=0
0 38 37 10 22 41 22 26 50 4 9 42 43 31 19 5 41 21 6 21 51 15 34 32 53 0 34 26 22 0 47 2 14 54 11 25 33 13 38 50 46 50 7 48 15 42 33 55 4 46
run=11 seed=10 k=57 f=0
54 19 5 14 15 28 0 56 26 4 15 11 6 52 44 49 12 3 22 45 40 33 1 37 22 56 22 50 41 6 10 2 46 51 32 0 50 34 32 20 52 26 37 17 0 40 22 10 21 34
run=12 seed=11 k=57 f=0
24 2 33 53 7 17 4 31 8 31 0 36 29 42 15 2 28 49 30 42 9 52 49 56 11 43 25 44 16 9 32 56 43 14 52 0 51 5 52 19 15 25 25 35 54 22 42 8 39 25
run=13 seed=12 k=57 f=0
43 23 51 27 31 21 56 3 35 9 54 33 37 46 4 19 34 49 0 43 31 32 9 12 56 13 23 8 24 13 54 14 56 8 1 28 19 0 50 23 18 48 36 5 42 20 41 36 12 42
run=14 seed=13 k=57 f=0
28 50 56 36 43 56 43 20 2 26 56 16 37 12 25 10 4 21 49 33 50 0 43 11 24 16 12 15 29 36 30 48 36 52 35 18 29 20 7 52 25 44 12 44 6 10 28 2 11 5
run=15 seed=14 k=57 f=0
38 56 51 27 40 56 56 39 44 31 54 25 27 55 41 17 45 44 19 17 49 16 9 0 55 4 1 13 34 47 3 32 11 33 21 47 42 7 4 2 39 11 27 24 33 9 1 31 56 19
run=16 seed=15 k=57 f=0
22 42 2 20 55 56 26 15 10 10 29 1 41 29 46 55 32 28 29 36 52 56 3 15 16 55 56 21 49 43 5 0 37 38 45 1 33 21 51 18 7 35 50 8 33 49 4 46 4 33
run=17 seed=16 k=57 f=0
20 27 20 29 6 13 54 11 0 36 28 35 47 17 48 41 37 34 6 51 41 20 30 54 5 9 34 16 20 47 4 19 28 4 0 37 56 22 50 56 17 55 10 0 42 42 34 45 11 37
run=18 seed=17 k=57 f=0
0 51 47 23 1 13 3 56 35 17 0 11 11 51 1 20 3 6 7 27 1 38 12 27 52 10 7 7 46 21 33 46 50 29 44 20 35 47 56 30 36 29 41 34 23 16 49 41 22 56
run=19 seed=18 k=57 f=0
48 21 7 55 4 30 38 34 43 15 56 28 29 44 31 5 16 15 42 2 49 4 54 21 23 22 23 8 18 23 52 11 9 29 25 0 5 39 15 49 27 43 0 37 36 17 47 55 12 46
run=20 seed=19 k=57 f=0
48 55 16 56 3 18 32 36 0 49 9 28 31 21 4 33 10 26 24 15 53 15 2 55 53 47 26 29 56 0 46 44 9 5 43 33 23 42 15 33 1 20 40 0 11 24 49 41 6 38
