run=1 seed=0 k=63 f=0
1 25 9 61 25 52 10 30 15 10 23 40 22 55 58 49 23 36 15 9 17 35 33 51 59 11 26 39 45 6 5 0 45 17 59 8 50 7 56 16 15 45 62 29 41 8 41 2 2 57 38 19 46 7 45 22 37 32 62 30
run=2 seed=1 k=63 f=0
1 25 9 61 25 52 10 30 15 10 23 40 22 55 58 49 23 36 15 9 17 35 33 51 59 11 26 39 45 6 5 0 45 17 59 8 50 7 56 16 15 45 62 29 41 8 41 2 2 57 38 19 46 7 45 22 37 32 62 30
run=3 seed=2 k=63 f=0
0 46 26 17 51 28 27 42 20 30 37 33 4 30 18 0 38 45 28 55 62 23 44 39 42 24 26 49 19 61 57 40 34 57 59 15 22 21 12 11 50 47 33 38 19 59 42 57 1 52 4 46 10 6 5 49 17 43 11 59
run=4 seed=3 k=63 f=0
39 40 0 40 8 49 57 19 62 0 1 1 25 37 4 18 6 45 58 30 60 26 13 48 9 17 2 20 28 58 56 4 34 59 24 53 29 38 45 61 13 14 26 31 49 52 7 25 35 62 22 49 26 33 11 2 51 15 47 62
run=5 seed=4 k=63 f=0
35 62 35 62 0 62 42 4 41 2 26 30 56 8 42 24 15 22 60 13 32 0 6 18 9 0 54 49 49 1 60 44 28 48 52 12 22 30 17 62 31 4 11 2 50 13 49 22 38 56 42 62 47 15 39 53 36 0 56 40
run=6 seed=5 k=63 f=0
43 41 3 37 14 19 17 12 56 4 0 26 39 0 52 54 13 38 40 47 26 11 18 57 17 29 4 23 23 28 54 3 4 53 27 19 11 27 34 60 62 35 62 57 62 20 36 10 36 0 47 36 45 48 6 48 58 32 62 31
run=7 seed=6 k=63 f=0
0 36 7 32 8 59 46 23 1 49 56 28 51 26 31 46 21 62 62 34 18 59 61 8 35 33 22 56 41 43 10 29 20 16 32 8 39 0 48 13 1 42 38 51 3 5 14 25 54 1 57 7 42 54 28 43 20 61 4 21
run=8 seed=7 k=63 f=0
39 30 59 22 29 60 59 46 21 7 5 10 13 48 33 60 37 16 8 31 12 2 45 56 26 7 41 18 1 32 27 39 3 23 15 47 28 9 16 62 16 24 0 35 16 44 24 40 0 56 7 23 21 49 51 28 0 53 56 35
run=9 seed=8 k=63 f=0
50 45 30 41 30 55 12 0 42 59 22 21 60 43 24 62 28 7 50 6 13 25 3 4 28 39 61 8 34 30 0 1 35 60 11 6 30 34 40 15 50 40 25 48 10 1 21 2 61 52 19 21 13 22 16 10 59 43 48 54
run=10 seed=9 k=63 f=0
54 44 52 58 0 20 5 61 47 41 48 34 61 13 0 20 46 26 10 62 32 7 49 50 30 18 9 20 55 20 35 53 31 9 62 61 26 49 26 7 27 38 0 62 38 17 45 57 11 54 42 43 0 28 37 31 46 45 1 2
run=11 seed=10 k=63 f=0
52 49 47 35 21 62 5 10 26 61 51 29 56 54 0 0 33 54 46 3 25 10 52 13 7 21 43 28 31 3 0 62 18 46 34 36 45 19 30 8 25 41 37 32 30 62 58 44 3 43 61 21 12 55 0 52 9 35 17 41
run=12 seed=11 k=63 f=0
0 23 15 35 51 5 22 49 32 46 55 4 38 32 26 55 19 2 38 6 36 0 46 49 32 45 10 18 49 0 5 15 62 21 12 49 34 42 30 55 25 28 10 32 21 46 54 15 59 35 59 12 10 2 54 60 62 13 47 42
run=13 seed=12 k=63 f=0
18 32 57 46 40 25 8 62 58 0 10 46 22 49 40 51 53 37 59 58 40 62 29 28 24 20 62 50 15 17 30 5 13 45 49 13 33 55 29 61 0 34 14 49 11 53 11 0 27 1 9 55 62 26 5 35 15 5 21 37
run=14 seed=13 k=63 f=0
48 20 0 61 61 1 56 8 17 25 61 52 20 9 0 56 18 28 14 22 47 38 43 47 18 2 39 7 23 10 31 6 54 16 2 29 36 58 33 61 55 32 49 20 0 26 40 42 9 61 2 39 40 23 37 26 49 13 13 43
run=15 seed=14 k=63 f=0
22 14 6 18 58 2 38 16 45 61 38 28 30 57 14 4 45 17 13 19 26 50 60 10 31 54 34 39 29 60 3 34 46 9 20 41 9 25 47 53 24 8 61 52 23 62 24 22 19 6 47 18 34 44 41 33 0 0 60 55
run=16 seed=15 k=63 f=0
39 31 54 53 53 49 47 30 37 16 40 25 11 59 56 62 34 45 0 62 19 54 18 24 34 4 41 27 34 3 11 7 34 37 10 1 61 10 53 0 29 30 59 16 24 19 31 58 41 14 18 4 50 39 24 3 21 48 48 46
run=17 seed=16 k=63 f=0
38 61 52 40 30 26 54 0 42 6 40 50 47 3 7 47 54 19 54 18 32 8 21 23 62 11 32 16 38 54 23 24 60 44 20 16 11 58 13 0 62 0 31 12 12 20 28 3 4 26 15 10 43 62 5 51 40 29 58 36
run=18 seed=17 k=63 f=0
7 20 44 6 36 26 19 11 35 29 27 53 50 48 0 40 9 57 14 42 33 11 45 41 3 43 52 37 4 62 36 0 22 18 58 46 43 47 54 15 15 20 4 11 56 34 1 0 28 0 25 40 62 28 37 61 46 60 56 24
run=19 seed=18 k=63 f=0
53 17 46 18 22 39 27 13 29 15 45 25 57 5 39 27 43 27 5 24 57 48 27 31 0 13 1 62 51 49 20 40 4 61 58 2 33 20 35 11 39 15 47 13 59 19 35 61 62 34 61 39 53 33 6 53 49 46 4 10
run=20 seed=19 k=63 f=0
38 54 16 52 23 24 62 30 56 13 43 30 33 57 17 33 22 9 4 22 8 18 26 0 22 44 21 47 2 42 38 62 6 47 40 39 1 17 8 62 31 29 37 54 41 52 25 33 15 2 12 23 61 15 62 0 56 24 0 58
