run=1 seed=0 k=47 f=0
39 6 40 23 41 42 16 0 30 24 10 25 25 37 0 34 19 46 25 20 27 15 40 39 43 1 31 16 9 6 26 0 10 17 33 46 4 7 46 31 14 46 27 13 9 19 26 2 11 31 46 43 40 17 36 22 7 46 37 20
run=2 seed=1 k=47 f=0
39 6 40 23 41 42 16 0 30 24 10 25 25 37 0 34 19 46 25 20 27 15 40 39 43 1 31 16 9 6 26 0 10 17 33 46 4 7 46 31 14 46 27 13 9 19 26 2 11 31 46 43 40 17 36 22 7 46 37 20
run=3 seed=2 k=47 f=0
25 43 32 44 11 46 0 0 12 10 27 8 21 29 46 25 0 23 46 37 12 33 12 14 2 46 4 37 43 28 9 4 5 16 0 19 0 30 9 15 21 21 41 12 17 41 42 35 28 37 36 19 14 38 5 21 29 32 46 39
run=4 seed=3 k=47 f=0
39 30 4 46 24 32 16 46 41 1 18 46 9 1 0 13 9 29 46 44 0 21 21 19 19 43 27 27 22 0 32 36 46 1 39 7 5 21 28 15 39 28 12 46 29 23 11 16 36 18 10 41 0 6 38 7 16 32 10 41
run=5 seed=4 k=47 f=0
21 46 30 21 25 0 31 11 39 41 0 7 25 41 11 37 2 26 10 15 7 29 4 8 26 15 36 33 20 45 9 21 46 44 17 0 28 18 24 0 26 33 5 12 2 16 8 21 22 40 1 4 31 46 35 29 0 38 41 17
run=6 seed=5 k=47 f=0
8 7 19 0 33 0 39 33 9 38 3 43 27 34 18 41 10 31 15 30 17 26 11 34 29 46 8 46 45 45 3 0 40 41 45 35 22 24 11 33 26 37 5 37 6 13 9 18 29 0 17 26 19 23 15 46 8 1 46 19
run=7 seed=6 k=47 f=0
41 0 9 15 24 0 12 30 46 24 14 46 4 38 19 18 32 16 7 40 25 10 25 23 3 41 45 32 22 1 0 46 46 37 16 34 0 7 21 10 9 31 46 41 29 35 22 35 14 6 30 31 23 39 25 14 0 26 3 39
run=8 seed=7 k=47 f=0
46 40 29 39 16 27 0 15 37 15 33 13 42 32 15 34 38 1 0 45 27 18 32 7 6 17 17 24 23 28 11 10 0 22 7 1 39 34 40 7 1 38 46 40 22 20 44 45 46 26 46 45 6 46 10 4 29 30 0 44
run=9 seed=8 k=47 f=0
19 41 43 0 1 17 1 23 9 6 15 8 23 46 7 11 35 22 46 27 0 19 17 45 40 5 8 28 11 19 18 35 38 46 38 30 33 10 4 46 39 7 30 35 29 14 18 28 24 15 30 22 45 17 0 41 26 0 46 2
run=10 seed=9 k=47 f=0
26 6 37 1 6 46 20 40 22 18 16 22 30 15 1 0 19 43 17 1 22 40 36 43 10 9 9 11 31 19 46 30 21 0 33 15 6 14 8 36 26 10 34 7 36 15 30 1 41 29 37 9 0 42 23 29 24 46 46 46
run=11 seed=10 k=47 f=0
1 6 22 38 45 14 8 34 21 15 14 40 5 12 28 0 46 2 14 1 46 18 9 11 45 34 19 40 0 28 26 37 18 9 1 30 24 42 25 11 5 8 19 36 27 46 13 45 0 23 45 34 13 22 29 0 31 35 26 10
run=12 seed=11 k=47 f=0
33 46 16 46 46 3 7 40 35 14 3 16 28 35 18 10 11 0 17 12 19 37 12 13 44 22 3 6 0 36 44 0 38 8 3 26 24 33 27 46 18 42 18 27 30 10 0 44 4 40 27 42 31 25 46 13 34 0 29 21
run=13 seed=12 k=47 f=0
13 26 43 5 41 37 34 24 10 25 40 17 17 46 31 15 22 1 5 15 7 37 24 35 41 13 22 42 18 44 37 45 7 8 22 0 37 46 33 0 0 0 18 12 23 46 0 26 6 40 12 8 31 33 29 3 12 24 29 31
run=14 seed=13 k=47 f=0
33 21 2 13 21 31 40 18 24 2 30 5 37 42 27 29 9 44 44 7 36 11 1 46 18 0 38 46 8 22 20 0 18 26 4 45 23 4 46 11 29 25 36 20 6 43 33 10 16 29 2 25 38 13 13 41 33 0 44 40
run=15 seed=14 k=47 f=0
20 16 11 14 1 29 5 22 1 7 29 7 24 15 10 10 31 24 46 46 0 25 18 40 42 10 30 39 24 0 39 38 33 4 14 33 28 46 11 46 7 6 34 0 30 15 35 13 22 45 46 33 0 23 15 39 32 2 19 2
run=16 seed=15 k=47 f=0
31 0 1 36 38 23 23 17 12 4 26 7 35 17 46 42 12 36 7 1 20 11 28 28 34 3 0 18 3 19 26 31 7 9 0 36 40 0 39 0 43 46 28 15 16 15 28 3 46 22 10 31 31 24 45 33 14 24 38 24
run=17 seed=16 k=47 f=0
19 28 45 13 0 41 46 21 3 9 30 15 23 40 32 19 31 38 36 19 10 0 9 0 44 21 44 40 28 32 15 46 46 14 43 37 27 5 37 1 5 4 46 19 7 37 14 12 45 9 22 2 0 28 26 32 13 10 39 32
run=18 seed=17 k=47 f=0
46 0 43 0 13 45 27 34 8 35 46 35 35 21 12 33 4 20 23 1 26 42 45 8 27 32 17 5 1 39 38 9 22 11 32 18 16 27 21 29 46 17 40 7 46 41 35 37 25 46 28 40 13 0 0 16 43 0 36 5
run=19 seed=18 k=47 f=0
33 17 30 30 46 38 29 16 45 22 5 10 6 41 23 27 13 24 34 18 45 0 38 38 45 36 46 11 14 20 27 9 45 9 12 33 40 0 42 0 9 39 32 14 16 28 37 6 22 3 0 6 45 21 46 27 0 16 31 5
run=20 seed=19 k=47 f=0
35 3 36 37 15 45 21 14 4 17 42 29 31 39 41 19 25 32 26 20 28 38 6 45 42 16 10 26 13 1 0 46 17 21 43 13 46 0 33 10 29 11 40 16 0 23 44 37 37 45 20 30 7 34 9 28 3 0 0 8
