run=1 seed=0 k=44 f=0
35 16 28 36 19 29 18 7 2 27 3 7 40 24 8 9 20 32 43 20 41 25 36 20 2 11 28 16 13 10 35 0 30 14 3 33 43 0 38 23 3 13 24 8 32 13 41 40 27 1 43 42 40 27 43 19 36 1 31 20
run=2 seed=1 k=44 f=0
35 16 28 36 19 29 18 7 2 27 3 7 40 24 8 9 20 32 43 20 41 25 36 20 2 11 28 16 13 10 35 0 30 14 3 33 43 0 38 23 3 13 24 8 32 13 41 40 27 1 43 42 40 27 43 19 36 1 31 20
run=3 seed=2 k=44 f=0
43 33 32 35 0 31 23 20 15 14 16 15 28 2 37 40 10 43 25 27 0 22 23 21 20 30 13 5 18 4 36 13 15 36 17 8 33 0 6 22 26 6 26 21 5 9 6 4 41 1 43 41 21 33 14 41 43 0 37 29
run=4 seed=3 k=44 f=0
23 9 4 1 6 43 20 32 11 39 3 36 37 29 7 43 33 0 16 43 36 21 26 13 33 12 23 32 2 32 18 0 18 7 41 29 13 16 22 43 8 11 38 33 25 29 23 23 4 43 43 42 24 32 26 2 23 0 28 4
run=5 seed=4 k=44 f=0
23 16 38 14 43 0 21 12 39 8 34 36 37 0 9 23 33 26 0 15 2 43 23 31 15 12 23 32 32 1 18 10 18 5 7 29 13 34 28 43 9 39 43 10 35 28 18 15 21 1 43 11 42 17 17 23 31 0 26 4
run=6 seed=5 k=44 f=0
43 43 19 13 13 5 2 31 35 15 6 37 39 0 25 18 41 8 28 16 35 0 6 21 7 21 5 34 35 33 11 9 16 0 35 24 21 15 21 9 26 43 38 33 41 30 6 24 14 31 43 21 2 2 26 43 21 0 26 32
run=7 seed=6 k=44 f=0
10 6 27 43 25 39 23 17 0 26 4 24 6 14 36 21 19 42 10 21 43 34 12 18 2 28 10 19 42 1 4 0 26 24 3 15 32 1 43 0 24 30 34 18 30 15 37 9 38 0 36 0 10 38 11 29 17 43 12 40
run=8 seed=7 k=44 f=0
13 1 39 10 6 15 6 26 32 37 6 38 17 24 35 35 32 0 25 35 43 20 0 24 43 41 41 26 12 1 3 10 8 34 42 29 20 43 0 1 17 0 10 29 0 30 12 24 6 14 31 40 23 17 21 5 32 43 26 15
run=9 seed=8 k=44 f=0
0 8 19 26 4 15 34 29 34 16 3 43 30 23 21 15 28 43 34 31 39 24 3 18 22 14 0 9 43 42 5 0 43 36 16 32 27 1 20 36 32 8 10 32 43 5 37 6 21 0 12 14 37 26 24 41 41 14 18 4
run=10 seed=9 k=44 f=0
30 1 24 36 5 13 40 37 43 15 11 35 34 34 16 9 21 10 43 21 28 17 4 19 38 39 11 39 16 1 0 36 25 18 32 42 20 30 5 9 26 1 43 37 0 42 16 3 14 29 43 28 5 23 1 23 13 0 43 23
run=11 seed=10 k=44 f=0
24 28 35 26 17 11 12 43 39 38 32 36 20 7 0 21 41 8 43 1 14 5 30 10 30 31 18 12 43 43 25 35 35 36 32 43 17 0 6 42 36 25 26 43 12 29 20 23 3 22 0 1 13 0 17 31 9 7 42 0
run=12 seed=11 k=44 f=0
21 15 10 8 11 25 3 1 43 0 10 36 17 22 0 21 17 0 36 23 34 43 22 31 28 33 0 8 36 20 6 7 36 30 3 2 14 8 39 43 13 15 20 36 1 5 0 4 24 9 43 16 42 28 43 15 43 28 0 11
run=13 seed=12 k=44 f=0
23 34 29 20 20 17 33 5 26 1 32 0 27 8 36 28 19 35 40 6 42 10 5 42 36 5 12 13 19 33 32 0 0 12 3 21 30 27 21 43 25 24 43 7 6 18 41 2 12 28 1 43 42 12 0 37 33 8 16 15
run=14 seed=13 k=44 f=0
29 26 29 11 11 31 33 20 42 1 12 5 25 6 43 35 0 35 25 39 0 43 1 19 10 9 2 8 42 43 17 17 34 4 0 12 39 43 35 19 34 7 14 0 2 11 14 18 31 20 25 14 43 41 25 9 32 0 29 21
run=15 seed=14 k=44 f=0
30 16 6 38 4 8 13 19 40 38 30 7 26 0 9 43 10 35 20 17 8 33 0 5 2 19 20 18 35 29 25 0 35 3 42 25 23 42 36 43 43 25 26 21 29 14 42 0 39 0 11 43 30 12 14 31 33 2 40 12
run=16 seed=15 k=44 f=0
33 0 27 36 6 0 38 12 39 6 29 25 37 18 6 42 13 35 25 16 23 32 21 17 29 22 0 15 4 26 30 10 28 5 43 15 0 43 21 43 43 2 27 9 1 11 43 22 33 42 10 24 4 34 17 32 17 20 39 20
run=17 seed=16 k=44 f=0
8 8 40 0 5 9 39 20 42 28 3 15 4 35 29 43 11 34 14 23 16 28 19 37 3 20 29 37 12 10 3 0 14 27 42 36 1 1 39 21 17 9 14 23 35 34 14 18 27 0 43 22 41 30 43 32 21 43 34 22
run=18 seed=17 k=44 f=0
33 37 13 34 19 35 3 5 42 1 43 0 37 10 19 43 23 32 32 10 18 28 0 8 36 5 42 10 19 19 35 3 28 21 0 8 23 43 30 43 1 24 11 25 24 14 42 1 30 15 27 32 41 11 0 16 40 5 34 15
run=19 seed=18 k=44 f=0
30 16 8 7 43 3 11 24 30 18 11 35 6 39 19 23 32 0 34 22 32 43 41 23 40 13 33 11 5 42 25 8 35 8 2 0 23 31 38 0 0 39 18 25 1 14 42 41 6 22 15 33 41 15 42 13 27 43 1 12
run=20 seed=19 k=44 f=0
33 15 17 26 39 39 30 9 31 25 0 6 6 25 23 0 10 43 30 28 7 24 1 0 38 29 42 11 11 10 3 43 38 25 1 32 43 1 43 0 32 35 34 29 10 28 5 4 22 0 18 42 38 22 14 20 12 16 18 19
