run=1 seed=0 k=48 f=0
47 42 9 0 43 8 10 14 30 4 22 20 19 44 33 17 14 39 28 31 3 25 46 47 44 25 8 24 35 36 1 36 5 47 20 11 0 31 37 12 18 47 20 25 5 27 2 16 33 4 28 22 47 10 0 42 0 40 14 32
run=2 seed=1 k=48 f=0
47 42 9 0 43 8 10 14 30 4 22 20 19 44 33 17 14 39 28 31 3 25 46 47 44 25 8 24 35 36 1 36 5 47 20 11 0 31 37 12 18 47 20 25 5 27 2 16 33 4 28 22 47 10 0 42 0 40 14 32
run=3 seed=2 k=48 f=0
42 28 14 33 38 41 0 47 25 0 34 46 46 5 0 11 30 46 2 45 0 41 41 8 20 20 0 9 21 42 43 22 22 23 14 17 4 33 6 29 26 7 0 27 45 37 36 4 10 38 14 37 1 30 10 16 47 14 15 33
run=4 seed=3 k=48 f=0
15 38 20 46 35 31 24 9 1 47 5 21 33 13 42 31 33 26 16 41 21 2 5 9 0 18 35 0 32 18 47 47 20 47 43 14 36 16 27 27 4 27 36 8 40 47 45 20 0 44 26 42 9 0 0 42 9 6 13 9
run=5 seed=4 k=48 f=0
13 3 34 26 4 23 9 44 4 26 5 26 9 43 42 30 23 11 20 42 22 47 17 39 1 0 47 4 21 4 6 9 28 18 46 39 47 3 34 35 13 0 28 46 42 1 22 33 16 32 33 29 44 37 39 13 27 20 33 16
run=6 seed=5 k=48 f=0
13 23 42 6 42 19 32 11 44 34 0 32 28 36 19 29 28 16 12 22 15 3 2 34 6 43 14 42 7 23 21 46 8 25 0 40 24 38 32 0 1 7 47 32 37 46 4 27 18 0 45 15 9 20 6 0 34 37 37 17
run=7 seed=6 k=48 f=0
29 20 42 47 22 40 22 15 10 17 31 8 25 31 40 47 46 23 35 47 12 39 20 31 41 37 13 6 0 1 7 26 12 34 44 31 36 47 24 47 22 18 9 17 16 18 27 2 25 14 38 40 2 0 0 29 10 0 4 0
run=8 seed=7 k=48 f=0
41 0 17 33 32 34 26 40 46 25 2 28 3 7 47 41 2 39 2 46 8 32 12 10 35 31 1 32 37 42 45 16 26 47 12 47 0 0 30 9 27 37 17 6 26 35 36 22 41 13 16 17 22 47 26 12 22 18 26 6
run=9 seed=8 k=48 f=0
42 20 43 27 47 13 46 6 1 32 37 34 3 12 36 38 16 9 22 5 28 47 9 9 4 37 38 24 32 18 23 0 47 18 3 9 0 47 26 9 47 43 0 23 30 20 7 30 44 27 1 6 4 12 31 38 33 29 16 14
run=10 seed=9 k=48 f=0
47 2 37 34 0 35 44 1 21 20 32 21 43 1 25 47 17 0 21 0 23 12 9 5 37 26 14 33 11 46 32 35 16 8 32 30 40 18 24 9 39 16 30 25 29 30 1 3 47 37 25 22 7 8 41 47 41 0 44 7
run=11 seed=10 k=48 f=0
31 7 26 47 18 42 35 18 33 14 3 1 0 45 25 13 4 19 38 43 36 47 45 22 25 33 39 40 23 7 11 23 16 47 47 29 21 27 37 7 0 30 11 35 5 36 16 21 14 44 29 0 24 0 0 6 10 45 16 42
run=12 seed=11 k=48 f=0
47 8 11 21 31 1 25 23 41 14 3 17 29 41 14 14 0 37 40 20 27 47 37 11 23 12 3 4 0 47 26 0 42 47 4 38 9 16 39 35 16 35 29 22 6 0 0 11 31 23 33 13 47 21 7 34 47 22 11 32
run=13 seed=12 k=48 f=0
41 0 6 13 4 35 5 47 14 28 37 47 37 0 26 38 14 21 45 28 47 23 12 3 6 44 46 17 42 34 33 8 46 12 12 31 22 28 20 10 8 0 40 45 27 31 20 24 37 6 20 14 26 32 0 7 22 0 17 18
run=14 seed=13 k=48 f=0
41 38 12 31 28 5 32 41 37 9 20 46 22 6 8 44 27 18 8 43 6 16 17 40 21 42 23 32 26 0 35 24 46 34 19 29 27 25 9 1 13 0 0 40 33 36 25 22 20 11 46 17 0 38 47 14 47 15 33 0
run=15 seed=14 k=48 f=0
14 1 12 42 39 14 23 25 39 42 16 18 32 28 20 46 15 0 27 5 29 11 27 26 22 25 12 3 46 3 4 20 9 40 47 39 27 7 0 38 21 35 31 36 7 0 3 30 8 47 35 9 34 13 20 46 4 47 43 32
run=16 seed=15 k=48 f=0
7 9 29 47 0 32 34 1 7 16 45 15 33 44 47 34 11 18 22 20 27 0 40 24 27 1 39 24 0 15 22 15 12 37 12 40 30 25 13 39 5 5 47 0 5 21 40 16 47 26 30 15 35 45 7 42 29 0 37 47
run=17 seed=16 k=48 f=0
5 31 4 9 5 22 7 47 32 44 9 44 46 17 25 25 47 19 47 23 44 6 15 17 9 27 0 34 35 34 8 14 0 33 22 19 29 12 18 18 24 0 0 29 0 10 39 40 0 11 46 47 36 31 42 5 40 39 35 36
run=18 seed=17 k=48 f=0
40 1 17 38 30 47 1 39 35 28 3 44 3 24 30 21 47 7 14 47 31 40 21 18 9 18 10 8 7 27 33 7 47 14 47 15 0 0 29 23 43 25 23 40 46 35 8 19 9 37 0 31 27 38 33 9 1 14 16 34
run=19 seed=18 k=48 f=0
26 19 36 30 21 33 36 0 14 45 30 13 9 28 0 47 10 45 32 16 36 8 20 3 2 32 44 14 41 12 3 0 41 38 4 29 4 17 23 34 35 25 6 11 15 47 2 4 40 0 20 12 23 40 27 47 13 19 44 38
run=20 seed=19 k=48 f=0
40 0 35 11 46 36 41 23 29 9 3 8 20 45 34 39 26 17 28 24 46 18 47 44 47 5 3 25 0 30 13 7 6 10 21 29 0 0 47 14 22 14 41 47 14 28 13 4 19 45 38 11 36 0 30 15 36 47 33 23
