run=1 seed=0 k=56 f=0
15 55 46 22 1 30 24 41 1 45 3 41 53 11 9 14 1 53 21 13 30 0 47 12 30 26 54 27 43 43 20 42 38 23 45 23 32 0 51 2 29 53 14 19 48 23 6 44 50 10 3 54 35 34 36 9 9 46 22 6
run=2 seed=1 k=56 f=0
15 55 46 22 1 30 24 41 1 45 3 41 53 11 9 14 1 53 21 13 30 0 47 12 30 26 54 27 43 43 20 42 38 23 45 23 32 0 51 2 29 53 14 19 48 23 6 44 50 10 3 54 35 34 36 9 9 46 22 6
run=3 seed=2 k=56 f=0
21 34 12 32 21 0 16 21 33 51 30 27 39 21 27 0 45 20 53 18 55 23 45 11 10 31 54 6 1 23 37 41 54 50 38 12 36 28 4 13 6 48 40 34 31 45 28 50 18 3 44 53 55 12 8 14 29 0 3 47
run=4 seed=3 k=56 f=0
4 33 0 0 20 28 8 19 1 42 42 45 0 12 22 25 31 23 9 51 11 0 6 55 48 9 18 35 28 30 55 46 45 54 30 55 11 36 6 52 5 37 0 17 40 38 33 47 21 39 39 0 0 53 45 11 1 29 28 16
run=5 seed=4 k=56 f=0
21 3 34 0 32 10 49 45 20 9 23 25 0 54 40 9 30 17 41 13 39 29 48 13 37 0 26 53 32 52 20 48 26 5 3 18 4 54 31 13 45 55 25 47 20 35 14 32 42 55 7 13 12 15 37 0 24 47 0 54
run=6 seed=5 k=56 f=0
45 23 22 21 28 39 24 1 9 9 43 7 22 6 34 44 11 45 11 8 54 14 53 29 3 36 42 17 35 0 26 1 3 20 4 33 25 55 34 53 53 21 8 1 34 39 29 31 18 53 13 15 1 50 29 48 38 12 35 19
run=7 seed=6 k=56 f=0
0 55 0 44 36 7 46 35 50 48 7 6 28 5 6 48 53 44 55 48 39 19 12 9 21 19 52 20 16 32 31 10 46 15 47 27 25 51 44 39 39 0 2 38 1 12 51 29 46 34 22 27 0 17 30 21 28 55 25 34
run=8 seed=7 k=56 f=0
12 23 3 19 27 11 42 25 32 49 19 17 38 36 18 32 0 26 48 0 46 6 52 0 21 52 9 32 1 46 20 55 7 16 19 38 0 49 55 44 55 12 5 20 2 23 52 0 31 10 29 9 43 39 35 42 4 53 35 44
run=9 seed=8 k=56 f=0
0 30 2 54 28 13 46 7 49 45 15 36 14 43 41 18 52 32 41 5 38 47 1 46 28 15 9 55 55 19 21 0 23 19 20 11 17 55 33 8 36 32 0 49 7 30 39 39 45 24 0 14 2 50 42 27 10 50 54 53
run=10 seed=9 k=56 f=0
51 2 45 23 2 4 12 28 33 23 6 25 55 14 29 54 41 0 22 35 27 45 35 15 33 8 44 5 37 33 25 10 46 13 55 36 11 35 0 36 55 17 44 25 41 2 8 43 49 18 7 22 31 32 53 18 46 20 51 18
run=11 seed=10 k=56 f=0
27 7 54 21 50 29 19 23 19 19 27 33 48 5 33 55 10 25 21 52 44 24 3 42 42 1 9 40 24 30 17 33 21 4 28 16 45 47 11 9 37 0 17 11 11 54 16 0 22 39 50 35 48 40 35 54 9 0 17 0
run=12 seed=11 k=56 f=0
15 27 29 37 53 40 1 8 25 23 12 0 42 39 33 40 32 43 26 55 48 16 53 54 49 52 20 1 15 2 0 4 21 55 0 55 38 21 28 52 10 21 35 13 11 28 40 5 45 7 47 53 23 34 3 49 13 8 30 31
run=13 seed=12 k=56 f=0
32 5 33 0 51 23 5 53 9 0 34 37 1 21 19 16 11 51 23 14 55 46 44 42 29 34 17 7 52 51 44 38 37 29 42 27 23 43 5 44 5 0 15 8 4 55 53 0 48 19 28 30 0 31 1 35 8 12 23 52
run=14 seed=13 k=56 f=0
18 14 7 23 12 16 0 4 48 26 36 50 14 28 51 7 55 0 47 2 42 33 1 4 15 32 55 6 40 39 17 20 30 11 37 0 35 37 46 44 46 53 24 44 55 23 33 8 6 20 10 49 41 1 51 30 28 0 11 40
run=15 seed=14 k=56 f=0
3 15 55 18 41 54 51 48 31 26 42 35 17 1 28 9 44 16 20 13 55 46 11 36 52 53 48 35 35 2 21 37 50 23 8 24 55 41 9 11 10 0 3 10 0 23 19 44 1 9 28 14 29 30 32 18 52 40 25 41
run=16 seed=15 k=56 f=0
55 54 37 39 17 0 2 30 37 44 24 6 32 33 9 0 22 31 36 49 7 42 53 17 29 12 8 20 14 52 53 21 0 20 4 26 14 7 13 38 44 13 52 24 10 23 11 16 33 45 25 39 0 46 40 46 55 48 36 48
run=17 seed=16 k=56 f=0
25 55 9 2 46 24 55 55 7 48 15 1 29 31 0 26 5 30 15 0 38 18 21 44 10 49 36 12 3 12 43 8 49 9 25 46 54 44 28 41 20 32 0 51 0 8 21 15 14 39 50 17 25 55 18 35 2 18 51 34
run=18 seed=17 k=56 f=0
22 28 32 51 14 28 33 55 49 8 25 37 43 48 54 34 16 25 4 7 18 0 24 20 40 45 42 38 0 33 36 48 10 0 52 9 49 18 32 30 5 30 9 48 55 17 10 0 23 55 14 23 0 40 36 42 22 2 55 24
run=19 seed=18 k=56 f=0
21 45 16 15 36 46 55 26 15 29 50 53 17 13 28 15 8 34 5 2 36 23 5 48 0 50 38 53 30 0 44 55 39 41 12 3 44 53 13 0 20 29 20 27 27 33 42 33 24 16 55 4 39 48 1 7 21 10 11 41
run=20 seed=19 k=56 f=0
39 33 16 26 31 15 41 9 28 28 45 0 51 22 1 39 5 12 55 36 15 48 20 42 50 38 2 15 9 14 48 27 30 20 46 8 55 49 55 8 55 0 31 36 0 45 53 4 15 52 33 51 25 8 1 42 21 21 54 13
