run=1 seed=0 k=55 f=0
25 16 0 35 54 48 11 17 37 1 52 8 21 14 10 23 18 10 4 11 30 0 27 45 37 36 22 43 47 10 54 49 37 3 25 42 18 41 33 54 40 42 23 34 13 31 48 9 25 50 1 29 2 34 54 28 16 0 20 54
run=2 seed=1 k=55 f=0
25 16 0 35 54 48 11 17 37 1 52 8 21 14 10 23 18 10 4 11 30 0 27 45 37 36 22 43 47 10 54 49 37 3 25 42 18 41 33 54 40 42 23 34 13 31 48 9 25 50 1 29 2 34 54 28 16 0 20 54
run=3 seed=2 k=55 f=0
26 24 28 5 21 38 39 47 18 46 26 44 30 53 43 13 38 45 37 0 43 33 14 37 21 21 15 7 21 51 3 54 52 1 0 0 2 26 33 36 42 7 11 16 45 21 6 29 54 30 29 30 9 29 54 6 48 12 16 5
run=4 seed=3 k=55 f=0
30 45 18 32 25 49 2 0 16 44 20 9 25 33 12 11 1 9 46 5 26 54 53 54 22 21 40 20 53 3 45 39 36 54 54 17 54 27 45 0 24 32 17 1 30 17 11 32 28 51 11 39 37 1 38 7 16 45 48 1
run=5 seed=4 k=55 f=0
11 25 23 46 9 12 10 1 44 50 54 42 39 39 54 19 27 51 44 44 3 50 19 9 37 1 54 2 0 0 10 33 24 44 24 10 19 34 16 32 17 14 22 40 27 6 7 53 54 18 32 45 36 52 6 27 1 47 22 1
run=6 seed=5 k=55 f=0
0 10 45 17 16 42 10 15 53 16 26 45 27 4 13 54 49 0 43 11 47 38 4 3 48 14 37 48 22 46 42 22 42 8 25 28 54 34 47 35 53 32 24 12 30 8 22 17 2 35 28 50 23 6 53 3 50 20 0 4
run=7 seed=6 k=55 f=0
45 50 42 54 53 24 31 16 35 53 25 41 8 9 25 0 45 21 34 39 31 21 0 22 6 6 45 18 22 5 0 44 40 29 41 13 11 0 51 33 16 6 10 54 17 2 49 8 19 33 34 45 54 26 38 46 14 52 53 28
run=8 seed=7 k=55 f=0
43 29 19 54 48 38 6 30 50 54 49 14 47 27 14 9 21 32 31 31 19 38 33 24 19 53 16 7 13 35 0 52 38 2 3 0 2 48 42 21 7 13 24 54 1 54 45 23 34 7 47 46 43 23 15 9 38 30 5 47
run=9 seed=8 k=55 f=0
54 49 27 54 46 28 41 35 42 33 31 22 36 12 10 42 6 38 35 15 0 9 52 7 0 46 44 0 50 17 21 20 21 9 5 36 5 0 24 45 2 53 51 46 53 15 38 6 54 16 30 26 31 27 20 14 14 29 45 28
run=10 seed=9 k=55 f=0
29 53 45 51 10 5 40 29 47 12 23 16 46 29 12 46 51 2 54 54 9 30 31 40 5 32 19 38 16 28 38 17 3 47 47 1 43 20 1 54 45 3 37 30 23 34 5 23 25 42 10 3 8 28 11 54 37 21 40 37
run=11 seed=10 k=55 f=0
0 38 8 25 49 54 45 21 12 32 33 32 4 28 29 17 40 51 37 13 24 9 35 41 11 7 7 54 53 51 1 53 16 14 18 0 23 0 50 47 36 42 43 23 2 10 31 46 54 17 17 13 26 28 31 37 8 38 3 45
run=12 seed=11 k=55 f=0
36 32 32 43 14 0 26 17 29 2 35 40 11 9 43 54 26 4 29 23 10 44 17 51 33 35 23 23 44 14 51 18 0 24 22 23 6 33 4 50 38 49 43 19 0 27 46 45 0 47 0 17 13 6 53 9 39 18 2 12
run=13 seed=12 k=55 f=0
30 19 34 8 40 0 44 8 32 44 23 48 23 29 0 44 22 13 2 45 0 54 45 51 38 51 0 8 5 37 39 35 35 54 30 28 40 20 38 17 46 7 32 7 13 5 19 14 11 1 20 16 33 51 43 49 18 54 15 23
run=14 seed=13 k=55 f=0
30 2 6 1 2 9 27 44 24 0 0 47 34 19 24 23 42 35 33 34 12 38 4 27 44 14 15 44 4 44 28 50 50 28 53 29 20 51 13 11 54 6 19 45 7 41 14 54 7 54 35 41 23 41 2 37 15 1 20 54
run=15 seed=14 k=55 f=0
3 47 31 12 42 28 32 21 44 11 12 28 9 40 47 32 50 43 2 26 0 17 14 33 40 32 1 21 18 43 8 9 27 0 54 38 43 36 47 34 28 38 9 4 50 53 18 52 1 22 54 47 13 19 54 14 28 16 51 22
run=16 seed=15 k=55 f=0
48 39 47 13 43 2 50 29 13 3 33 29 18 4 54 5 49 10 54 2 26 13 2 46 15 26 21 26 45 0 15 47 32 21 0 53 21 54 6 12 54 39 45 16 35 2 21 31 8 0 30 23 35 20 34 40 30 41 54 24
run=17 seed=16 k=55 f=0
40 21 37 12 54 25 42 3 43 49 17 30 11 54 26 43 39 1 31 8 52 4 48 30 8 25 38 17 31 48 11 13 35 43 16 37 22 10 36 54 21 23 30 47 19 45 1 1 16 54 4 13 6 2 19 54 38 2 31 54
run=18 seed=17 k=55 f=0
35 7 54 2 50 34 10 46 53 4 10 30 26 49 7 14 41 31 7 1 46 22 33 53 39 3 45 21 29 20 18 54 46 39 41 37 54 1 28 14 36 18 53 8 26 40 20 42 48 13 10 20 24 31 21 15 0 0 35 50
run=19 seed=18 k=55 f=0
28 21 0 45 36 8 9 53 21 15 25 42 32 23 17 28 27 54 54 8 35 46 23 4 48 5 29 50 3 20 39 3 43 2 0 8 21 46 18 9 13 41 37 15 16 54 31 49 34 15 52 31 48 10 23 32 20 0 17 37
run=20 seed=19 k=55 f=0
10 6 53 26 47 30 41 43 2 34 12 25 6 27 26 0 45 24 33 30 37 16 45 18 13 1 0 0 18 43 10 25 39 36 22 47 44 3 22 19 50 53 49 43 53 31 22 22 13 54 35 51 36 13 13 54 3 53 45 41
