run=1 seed=0 k=43 f=0
7 19 25 30 17 17 26 5 26 22 15 11 11 33 24 25 42 32 41 6 32 2 16 20 16 16 39 39 42 1 7 12 33 40 9 40 28 24 30 17 25 21 12 7 6 42 16 1 34 25 14 11 2 0 0 35 34 0 42 34
run=2 seed=1 k=43 f=0
7 19 25 30 17 17 26 5 26 22 15 11 11 33 24 25 42 32 41 6 32 2 16 20 16 16 39 39 42 1 7 12 33 40 9 40 28 24 30 17 25 21 12 7 6 42 16 1 34 25 14 11 2 0 0 35 34 0 42 34
run=3 seed=2 k=43 f=0
29 16 32 25 18 24 16 42 12 1 36 7 25 9 5 9 4 36 0 27 42 31 41 42 17 13 34 17 39 11 28 22 34 29 7 0 22 10 4 41 20 14 19 42 40 0 7 4 33 23 1 31 42 29 0 34 38 12 2 26
run=4 seed=3 k=43 f=0
12 21 0 13 30 24 37 18 14 27 2 7 16 30 27 14 34 20 42 13 40 30 40 24 2 4 0 35 3 34 11 5 7 10 0 0 21 41 35 0 19 34 0 14 25 32 42 38 15 42 42 21 25 20 30 5 11 42 24 38
run=5 seed=4 k=43 f=0
29 36 4 25 38 32 11 20 24 11 8 6 33 13 42 30 21 35 7 17 2 13 28 0 40 10 17 20 26 40 39 42 7 3 24 24 36 42 36 0 5 34 14 19 20 24 30 0 42 0 32 42 30 15 26 8 0 15 26 0
run=6 seed=5 k=43 f=0
35 42 39 35 0 0 16 37 31 9 17 31 39 34 7 18 28 21 9 41 11 0 13 10 39 0 1 21 21 19 14 34 30 14 31 24 42 30 24 0 42 4 5 10 28 24 1 41 18 9 27 42 37 42 42 19 21 14 27 5
run=7 seed=6 k=43 f=0
30 23 2 37 21 27 31 21 41 12 38 5 10 16 20 8 0 24 30 5 32 0 42 28 25 10 20 5 0 1 28 42 35 32 39 14 16 42 11 42 42 25 5 36 16 25 28 19 32 40 9 10 19 2 15 0 12 0 16 36
run=8 seed=7 k=43 f=0
5 18 22 0 42 33 42 22 2 28 0 27 39 1 26 24 42 8 33 24 31 42 34 15 0 23 42 17 14 30 29 3 0 38 0 9 42 0 6 33 9 38 28 42 15 21 30 19 0 33 22 25 14 10 17 11 20 12 14 37
run=9 seed=8 k=43 f=0
5 42 30 25 21 18 6 7 2 40 3 35 22 2 35 0 38 23 42 12 31 8 27 15 22 7 33 14 28 4 13 17 0 0 1 24 19 42 22 28 20 25 33 4 33 10 38 38 0 16 42 18 29 10 12 27 35 42 39 13
run=10 seed=9 k=43 f=0
12 7 3 24 31 31 5 5 1 41 0 37 26 26 35 0 40 10 10 20 34 16 0 14 6 30 32 21 42 41 17 42 7 17 39 27 29 42 35 0 9 27 26 21 23 18 13 39 12 20 0 20 1 18 0 12 3 42 10 32
run=11 seed=10 k=43 f=0
35 14 15 12 11 22 37 0 40 19 36 7 6 27 20 20 2 25 0 2 42 33 42 39 11 11 31 11 2 0 42 7 30 7 22 0 24 33 27 0 7 15 17 2 37 14 30 30 30 38 19 15 20 31 42 12 40 42 25 28
run=12 seed=11 k=43 f=0
20 36 25 34 4 33 14 6 14 8 24 7 6 17 34 42 4 20 32 42 16 27 0 0 2 31 42 42 0 18 37 8 25 28 12 0 30 41 18 0 8 0 12 7 14 39 41 1 24 42 26 41 15 21 0 23 39 13 33 22
run=13 seed=12 k=43 f=0
14 15 36 17 22 15 2 26 30 34 38 36 0 42 35 6 3 12 13 0 25 42 42 25 40 39 1 27 16 41 25 33 9 1 30 0 3 42 11 42 34 18 20 25 27 30 15 38 10 28 10 29 19 40 33 6 3 21 10 19
run=14 seed=13 k=43 f=0
22 36 41 26 7 24 5 17 9 12 24 8 36 38 12 11 4 21 32 35 18 27 42 42 40 32 34 5 28 8 11 42 27 29 39 0 32 42 4 42 21 0 10 15 2 17 2 1 25 14 0 16 41 24 0 35 15 0 8 20
run=15 seed=14 k=43 f=0
35 27 40 11 31 29 20 35 0 5 17 18 6 18 29 42 11 34 20 42 35 14 0 0 24 21 32 21 0 20 27 0 15 24 3 6 10 42 6 0 6 27 14 7 7 24 17 38 32 41 42 12 1 12 0 19 39 42 8 33
run=16 seed=15 k=43 f=0
20 0 17 23 23 4 12 26 30 29 14 33 16 39 30 42 21 1 32 42 35 10 23 39 36 30 0 37 22 9 10 19 7 19 11 25 12 33 0 0 17 27 9 25 5 25 2 38 5 13 32 2 40 0 42 14 39 42 4 15
run=17 seed=16 k=43 f=0
30 12 16 16 33 15 13 27 40 21 42 23 26 35 4 19 40 11 10 22 29 0 19 0 35 26 42 12 26 32 0 37 35 20 42 42 0 42 10 42 21 15 0 25 27 9 9 31 33 4 7 4 16 2 32 5 24 18 6 5
run=18 seed=17 k=43 f=0
14 42 36 16 0 28 18 22 18 5 40 36 32 5 4 17 0 25 25 18 10 0 13 26 41 39 1 37 42 41 14 35 19 5 32 23 0 42 12 26 21 4 33 9 6 9 28 39 17 8 33 26 30 42 16 0 14 42 28 30
run=19 seed=18 k=43 f=0
13 7 14 9 9 6 13 34 39 38 9 36 9 8 35 0 3 19 35 33 40 29 18 25 31 33 0 27 35 35 27 13 0 12 18 18 6 41 22 42 42 4 0 35 22 30 22 30 24 42 16 25 12 27 28 17 42 20 23 42
run=20 seed=19 k=43 f=0
22 8 42 33 38 24 13 5 11 1 39 0 36 35 0 2 5 21 9 0 19 28 18 20 40 32 41 10 0 1 17 42 27 29 0 36 32 13 20 42 28 34 42 7 32 6 28 1 23 14 9 23 41 25 0 36 16 15 11 13
