run=1 seed=0 k=50 f=0
33 34 27 20 24 15 36 39 49 21 5 25 40 34 13 28 40 11 15 36 13 43 0 49 8 30 12 48 17 37 24 1 28 46 48 6 43 32 11 0 44 20 20 42 39 8 48 24 15 49 2 26 1 34 0 6 7 20 49 48
run=2 seed=1 k=50 f=0
33 34 27 20 24 15 36 39 49 21 5 25 40 34 13 28 40 11 15 36 13 43 0 49 8 30 12 48 17 37 24 1 28 46 48 6 43 32 11 0 44 20 20 42 39 8 48 24 15 49 2 26 1 34 0 6 7 20 49 48
run=3 seed=2 k=50 f=0
17 11 38 28 31 49 14 35 41 47 8 0 49 0 0 49 5 18 0 30 2 21 19 20 40 35 36 29 20 2 29 35 12 0 23 42 34 42 23 43 13 16 29 24 26 6 6 33 16 25 48 45 49 42 9 16 7 24 46 5
run=4 seed=3 k=50 f=0
0 20 18 0 44 12 22 26 22 14 8 26 43 28 11 29 14 25 0 23 2 42 49 8 23 49 35 38 14 26 6 14 25 17 9 9 7 33 0 18 19 48 44 39 38 49 31 2 40 32 45 39 0 22 6 49 36 33 32 4
run=5 seed=4 k=50 f=0
49 0 24 6 49 42 25 13 28 35 44 22 21 0 35 9 7 39 34 15 38 47 1 27 27 25 38 27 20 18 32 21 7 5 17 30 13 49 36 0 11 29 29 11 43 30 42 16 37 15 49 39 47 1 19 0 41 42 6 17
run=6 seed=5 k=50 f=0
7 39 6 1 16 32 20 49 23 31 19 49 11 16 45 20 22 48 28 36 13 4 29 26 1 13 34 24 2 17 29 46 35 10 49 26 40 21 28 17 8 0 0 14 37 29 37 46 5 33 44 39 43 8 38 5 35 0 27 11
run=7 seed=6 k=50 f=0
7 39 12 17 11 35 36 43 2 28 36 26 3 16 33 33 0 40 26 46 13 22 48 9 20 10 0 41 7 27 25 0 24 19 19 6 0 1 9 49 34 7 28 23 45 38 29 48 18 33 49 22 45 39 49 14 48 14 28 11
run=8 seed=7 k=50 f=0
31 49 36 21 28 43 36 49 8 3 10 3 35 26 17 24 0 48 13 48 4 16 9 42 40 40 12 44 7 30 17 42 0 13 46 36 38 23 0 9 37 20 36 17 48 47 0 0 28 20 1 20 10 0 4 30 36 24 30 9
run=9 seed=8 k=50 f=0
49 16 42 49 49 21 32 32 7 13 40 7 45 36 18 45 0 18 33 49 8 37 11 8 39 10 32 5 5 23 27 0 32 49 41 27 42 39 17 25 43 17 6 11 11 13 23 36 21 34 15 16 49 25 27 0 6 0 29 21
run=10 seed=9 k=50 f=0
43 30 49 8 9 34 20 28 42 21 10 12 8 39 23 24 9 41 48 32 46 6 31 29 9 33 21 13 11 38 27 14 48 5 20 39 27 48 38 2 46 2 14 9 1 18 32 22 49 19 1 45 0 40 23 0 31 36 21 34
run=11 seed=10 k=50 f=0
44 11 37 25 7 30 32 24 47 35 32 21 0 45 38 26 24 2 49 49 19 44 5 6 12 48 14 25 26 46 8 35 19 45 28 0 3 9 15 12 32 0 36 49 2 49 6 38 40 32 0 17 15 15 19 0 42 30 8 39
run=12 seed=11 k=50 f=0
21 45 47 3 3 0 31 36 16 31 30 17 17 37 41 14 2 41 49 18 36 0 6 37 3 13 12 0 1 21 19 25 26 49 22 8 46 7 14 11 28 7 27 35 33 3 18 25 25 33 45 47 49 40 18 44 31 34 48 41
run=13 seed=12 k=50 f=0
5 6 44 8 10 5 29 18 47 19 43 20 9 32 18 22 25 2 30 23 14 49 30 29 46 16 0 43 41 39 48 40 0 10 37 28 12 28 0 29 13 6 40 20 4 49 9 14 0 45 23 13 34 47 49 35 18 38 32 36
run=14 seed=13 k=50 f=0
41 31 41 35 14 16 32 22 29 1 36 7 13 20 35 3 4 49 49 17 47 12 19 46 44 13 27 8 43 18 34 39 24 42 1 20 16 9 49 49 10 8 29 24 26 30 29 4 45 37 1 14 25 31 0 37 22 2 0 35
run=15 seed=14 k=50 f=0
33 42 21 26 11 4 7 10 20 48 29 14 37 5 49 34 48 1 1 39 12 26 9 43 22 9 0 14 42 11 15 49 28 45 19 0 43 25 0 0 33 6 34 49 43 8 13 28 29 21 49 17 38 28 16 39 40 19 20 9
run=16 seed=15 k=50 f=0
43 0 4 5 48 16 24 42 34 21 3 48 49 49 37 43 33 13 0 49 30 21 43 33 5 5 14 11 10 43 19 7 28 49 10 37 33 35 11 0 0 17 21 27 17 8 36 44 15 25 27 43 42 25 0 6 35 19 38 26
run=17 seed=16 k=50 f=0
44 42 39 22 42 0 46 13 33 27 44 49 48 42 38 12 26 3 1 27 19 33 31 14 6 46 49 16 1 40 14 48 6 40 20 2 11 49 4 31 6 38 19 9 22 0 21 41 18 10 29 33 37 29 31 25 8 22 0 38
run=18 seed=17 k=50 f=0
5 49 39 15 23 42 45 7 3 27 1 13 11 48 26 27 8 26 39 13 37 9 3 48 21 17 7 49 11 28 0 18 36 37 14 0 31 0 29 19 21 31 13 7 1 0 0 33 24 33 40 35 42 49 48 24 4 44 45 45
run=19 seed=18 k=50 f=0
49 19 6 47 24 48 37 18 27 1 24 0 25 46 38 13 23 43 49 34 47 28 31 9 7 7 39 10 14 0 1 3 16 2 7 40 22 26 44 31 30 41 35 20 37 43 34 37 14 31 20 6 49 32 13 7 16 5 10 45
run=20 seed=19 k=50 f=0
49 24 48 2 29 12 21 49 2 7 27 31 15 15 6 18 27 0 49 38 47 8 45 48 36 11 11 36 5 36 34 33 30 7 7 0 11 31 0 22 43 0 43 25 4 1 37 47 18 37 22 30 48 41 18 38 21 41 14 45
