run=1 seed=0 k=42 f=0
36 9 26 30 4 13 29 36 2 15 25 25 13 7 26 27 31 8 13 15 41 19 18 20 21 22 11 5 20 39 38 0 41 29 39 34 10 1 9 19 25 8 18 34 36 31 5 39 41 0 0 41 13 21 41 24 30 0 33 5
run=2 seed=1 k=42 f=0
36 9 26 30 4 13 29 36 2 15 25 25 13 7 26 27 31 8 13 15 41 19 18 20 21 22 11 5 20 39 38 0 41 29 39 34 10 1 9 19 25 8 18 34 36 31 5 39 41 0 0 41 13 21 41 24 30 0 33 5
run=3 seed=2 k=42 f=0
5 22 38 7 26 18 33 5 40 14 27 16 35 25 15 41 40 33 17 7 14 3 6 41 0 19 17 27 41 28 12 30 0 13 35 35 32 41 35 41 36 22 25 9 8 10 25 2 0 9 0 9 28 0 0 30 10 22 38 26
run=4 seed=3 k=42 f=0
28 12 12 31 22 30 25 0 39 40 21 6 24 4 7 41 9 33 7 10 2 31 0 17 16 0 0 16 17 40 37 18 33 25 14 23 21 40 34 0 26 26 16 21 27 12 37 2 29 41 11 41 18 34 5 11 0 41 38 0
run=5 seed=4 k=42 f=0
27 34 27 23 24 30 10 8 38 5 3 7 6 6 41 41 11 33 33 20 9 24 10 38 20 21 0 18 24 9 37 0 32 15 40 16 37 41 34 0 16 28 25 8 11 22 16 2 28 40 30 33 1 16 0 20 6 13 37 29
run=6 seed=5 k=42 f=0
11 20 20 27 22 24 23 36 14 21 40 33 7 5 21 35 17 8 2 31 0 11 13 35 28 36 1 36 14 11 29 26 30 29 14 41 25 16 10 1 22 7 0 34 15 16 4 40 10 26 41 32 0 41 41 5 32 41 17 6
run=7 seed=6 k=42 f=0
11 26 41 17 0 36 11 25 0 19 29 33 7 3 21 18 28 11 9 39 11 0 11 25 37 38 9 36 26 0 17 34 30 41 16 41 25 18 12 1 32 4 31 25 27 16 4 15 9 20 41 35 0 41 1 7 25 41 21 5
run=8 seed=7 k=42 f=0
7 14 4 29 29 22 6 36 2 21 30 34 35 28 21 21 1 10 9 0 41 5 41 41 13 31 10 30 41 20 15 33 12 17 41 27 17 0 6 41 35 25 27 34 39 26 41 40 8 20 0 17 40 1 41 12 17 0 11 0
run=9 seed=8 k=42 f=0
7 0 18 9 41 21 15 36 3 37 32 34 3 6 34 32 2 9 0 1 15 41 40 22 4 30 41 21 38 0 24 7 12 16 10 26 0 0 6 41 14 37 26 33 24 18 37 39 11 19 32 29 40 19 41 11 29 27 24 13
run=10 seed=9 k=42 f=0
7 18 13 19 19 11 41 22 2 31 37 34 3 16 34 0 31 8 10 0 8 41 41 31 38 21 11 22 34 0 4 32 12 29 27 27 0 0 6 41 25 15 16 21 24 18 37 26 11 1 41 0 40 39 41 35 3 27 23 14
run=11 seed=10 k=42 f=0
24 32 20 41 41 36 22 8 2 14 15 7 28 26 7 15 10 33 25 37 8 41 0 0 21 19 8 36 3 25 41 0 19 41 3 23 31 0 32 0 34 20 25 6 6 13 41 12 37 1 17 35 28 33 14 20 12 41 28 36
run=12 seed=11 k=42 f=0
28 20 2 10 18 5 15 11 39 17 18 34 24 28 34 41 22 8 0 9 2 29 0 41 31 31 2 6 41 29 11 14 15 28 40 9 21 41 35 41 36 23 0 34 23 9 41 13 15 40 20 1 2 31 17 23 7 0 38 4
run=13 seed=12 k=42 f=0
14 8 41 10 0 36 0 8 4 30 13 18 18 38 41 33 10 33 23 37 0 41 11 24 39 21 32 5 6 41 27 16 31 25 13 25 37 0 32 24 17 6 41 6 10 9 30 28 31 1 0 32 40 39 14 20 30 0 26 2
run=14 seed=13 k=42 f=0
20 31 20 41 30 29 21 8 41 37 19 16 35 27 26 6 2 32 16 3 13 22 41 29 12 19 2 5 40 11 13 41 15 24 38 0 32 0 36 41 34 26 14 9 35 9 33 4 26 10 20 0 40 0 41 19 9 0 34 27
run=15 seed=14 k=42 f=0
28 22 16 25 21 30 26 6 39 6 19 35 24 23 7 41 10 33 30 40 33 0 0 0 17 19 17 16 2 40 38 15 33 13 11 8 21 40 34 0 31 25 0 5 7 12 36 0 27 41 8 15 1 2 24 18 38 41 6 26
run=16 seed=15 k=42 f=0
27 35 29 38 37 19 35 8 2 41 0 7 6 0 41 41 10 34 8 41 27 3 27 0 0 19 9 18 41 26 25 19 32 41 16 14 37 1 30 0 33 33 14 7 31 22 41 27 29 0 18 6 41 0 25 36 25 13 12 23
run=17 seed=16 k=42 f=0
34 41 33 27 37 37 23 6 17 5 18 26 6 41 15 33 10 40 22 33 25 0 38 37 39 29 0 23 3 18 22 14 29 32 11 8 11 13 41 0 32 41 22 7 7 20 1 2 36 18 9 31 1 2 0 27 29 41 6 18
run=18 seed=17 k=42 f=0
34 25 0 27 0 18 4 6 39 4 22 7 6 13 20 31 40 33 41 31 10 0 41 17 22 10 9 11 41 40 25 18 29 13 13 38 24 41 35 0 33 4 0 8 5 14 22 3 30 19 0 28 1 25 24 30 34 41 40 13
run=19 seed=18 k=42 f=0
10 37 0 0 12 30 1 0 22 40 8 6 6 40 32 8 11 34 41 26 1 22 11 28 2 20 36 19 10 13 31 31 41 16 34 14 36 41 34 0 5 16 25 20 17 15 13 38 28 0 22 18 41 24 5 11 3 24 40 27
run=20 seed=19 k=42 f=0
20 0 25 32 41 6 13 41 13 28 32 25 38 6 14 33 22 9 8 1 26 41 33 20 39 41 2 5 20 41 35 18 25 25 15 9 41 16 10 32 27 37 35 41 24 9 32 21 15 31 14 29 4 0 0 30 28 0 11 4
