run=1 seed=0 k=58 f=0
37 57 25 17 21 2 0 12 47 57 1 51 29 7 57 49 0 15 5 44 7 34 43 49 10 48 34 49 45 4 18 16 8 22 33 21 25 43 37 15 25 25 52 9 30 45 54 20 31 39 57 54 9 42 32 57 57 0 54 1
run=2 seed=1 k=58 f=0
37 57 25 17 21 2 0 12 47 57 1 51 29 7 57 49 0 15 5 44 7 34 43 49 10 48 34 49 45 4 18 16 8 22 33 21 25 43 37 15 25 25 52 9 30 45 54 20 31 39 57 54 9 42 32 57 57 0 54 1
run=3 seed=2 k=58 f=0
42 33 14 29 5 44 32 33 53 27 4 1 28 1 53 27 30 40 56 27 17 42 39 18 47 4 6 16 22 38 11 0 6 52 35 52 57 1 14 34 56 11 27 34 15 12 56 24 38 14 46 49 47 21 18 8 45 21 54 6
run=4 seed=3 k=58 f=0
21 39 10 48 39 50 16 36 25 56 11 2 17 53 8 57 26 0 15 57 27 18 52 0 43 13 31 1 35 12 6 48 57 44 55 9 12 27 2 50 20 4 57 37 0 26 20 1 34 52 41 47 43 31 18 12 22 41 36 33
run=5 seed=4 k=58 f=0
10 7 56 32 18 39 41 4 21 29 0 25 15 0 37 0 10 3 29 41 23 37 22 6 17 30 14 49 9 23 24 14 27 44 47 57 33 11 17 57 39 54 34 19 54 45 12 7 51 41 51 17 19 7 53 28 38 1 31 44
run=6 seed=5 k=58 f=0
0 25 33 38 15 22 32 51 3 35 30 18 23 36 34 38 30 0 48 50 2 55 0 13 8 12 46 18 6 3 18 11 50 44 55 45 56 15 0 11 57 19 27 9 0 29 3 49 5 52 25 55 40 31 57 37 5 42 41 29
run=7 seed=6 k=58 f=0
57 4 0 23 8 40 2 16 24 15 9 49 53 5 2 54 34 22 43 18 39 30 10 46 7 54 54 48 21 13 14 12 15 57 36 19 33 30 36 23 41 26 6 16 25 8 25 2 27 10 32 36 0 0 46 52 57 43 51 36
run=8 seed=7 k=58 f=0
11 49 43 23 31 53 48 13 26 3 0 1 33 46 47 56 28 50 9 52 6 22 14 55 15 18 31 56 56 44 36 36 0 5 2 31 51 42 48 19 10 26 33 14 1 27 4 35 57 8 1 29 45 43 24 0 53 40 16 41
run=9 seed=8 k=58 f=0
39 48 18 43 15 44 36 31 25 23 45 23 24 55 5 0 46 0 55 1 15 36 47 51 10 27 26 13 29 15 21 26 56 14 1 8 1 24 6 30 38 8 52 6 20 10 33 0 35 17 5 9 57 33 38 57 43 46 55 43
run=10 seed=9 k=58 f=0
0 53 45 33 53 55 42 2 25 32 7 6 4 50 46 4 56 32 22 37 24 42 53 17 57 3 25 15 29 7 10 13 27 50 41 34 21 14 28 36 43 57 41 6 48 12 30 11 28 45 57 20 17 31 23 36 7 53 48 28
run=11 seed=10 k=58 f=0
24 38 40 46 5 24 5 31 3 55 35 15 49 32 18 11 44 27 24 14 22 51 30 33 20 35 12 11 0 2 55 1 4 19 50 29 46 38 7 37 39 42 57 1 57 29 32 46 52 9 22 24 21 33 48 14 17 56 57 42
run=12 seed=11 k=58 f=0
57 45 38 15 0 57 29 49 37 18 36 8 36 45 26 17 57 1 10 47 54 2 55 30 39 48 56 9 35 41 12 29 45 23 47 34 30 41 4 2 22 22 10 50 51 52 12 3 40 27 5 57 17 38 32 16 56 14 9 25
run=13 seed=12 k=58 f=0
15 26 9 12 13 27 8 21 53 48 17 4 29 39 1 57 21 0 27 8 38 0 36 4 23 12 24 56 14 37 30 20 49 46 0 15 44 10 31 35 48 32 37 42 35 10 21 16 57 49 57 0 40 42 55 3 54 22 50 10
run=14 seed=13 k=58 f=0
50 33 27 32 46 43 36 13 5 33 44 45 8 50 43 57 1 17 21 56 25 49 51 18 6 28 55 17 19 41 34 3 57 4 28 18 11 57 22 2 24 37 48 0 29 33 49 22 56 10 0 28 39 13 36 30 54 22 17 39
run=15 seed=14 k=58 f=0
45 8 15 15 13 48 13 54 21 36 14 57 10 8 25 37 2 45 0 47 27 53 4 56 20 54 0 57 39 35 32 18 34 28 21 45 29 6 43 0 20 57 37 56 57 51 3 2 39 25 49 28 14 44 19 13 30 17 0 4
run=16 seed=15 k=58 f=0
56 21 53 44 32 5 57 21 17 34 31 36 14 2 50 39 47 22 9 43 13 4 23 57 2 9 28 1 46 18 19 27 39 0 56 49 11 12 37 20 37 0 52 43 52 45 24 30 1 29 9 13 56 17 33 57 47 31 57 17
run=17 seed=16 k=58 f=0
20 12 9 3 9 8 51 56 1 6 51 52 0 1 14 57 46 37 26 19 1 48 27 32 36 55 45 48 57 54 28 39 55 29 0 27 10 0 41 34 11 32 49 25 4 25 37 50 39 2 20 39 18 17 15 35 53 43 9 22
run=18 seed=17 k=58 f=0
20 11 55 55 27 27 45 35 19 0 3 45 45 20 2 0 0 34 52 15 40 49 21 38 26 15 3 57 53 23 46 21 12 42 10 31 6 1 22 33 33 57 53 20 15 25 4 55 56 24 12 27 39 35 10 47 44 52 29 57
run=19 seed=18 k=58 f=0
34 38 46 19 36 22 7 10 15 25 14 49 10 36 56 51 0 29 13 35 20 1 37 0 18 43 49 47 15 38 54 29 19 2 48 57 14 40 49 2 25 5 16 6 43 43 56 47 33 21 8 44 9 57 54 32 23 27 45 6
run=20 seed=19 k=58 f=0
18 2 42 52 26 23 27 7 2 8 15 55 55 12 42 12 8 57 35 4 22 48 1 7 0 26 42 27 21 18 54 57 12 32 47 31 46 16 56 0 29 30 44 10 20 24 3 50 18 38 1 43 49 5 1 39 17 35 38 42
