run=1 seed=0 k=49 f=0
43 36 37 4 19 43 24 29 1 25 42 48 13 18 25 11 33 24 28 26 48 22 37 43 3 1 12 5 0 21 7 0 48 48 6 5 10 36 3 34 48 15 16 0 43 19 6 31 26 12 37 43 42 37 7 22 46 0 7 32
run=2 seed=1 k=49 f=0
43 36 37 4 19 43 24 29 1 25 42 48 13 18 25 11 33 24 28 26 48 22 37 43 3 1 12 5 0 21 7 0 48 48 6 5 10 36 3 34 48 15 16 0 43 19 6 31 26 12 37 43 42 37 7 22 46 0 7 32
run=3 seed=2 k=49 f=0
8 20 5 2 18 34 27 16 12 44 22 39 4 0 24 0 12 22 41 4 28 48 12 18 12 34 38 17 33 27 19 14 39 29 48 8 0 42 48 48 8 34 9 48 33 14 35 3 26 45 47 11 3 6 0 24 26 31 42 24
run=4 seed=3 k=49 f=0
47 44 35 28 48 40 5 7 28 5 39 22 42 23 0 6 19 2 20 3 18 35 13 48 32 29 17 33 13 4 5 27 23 48 31 0 39 25 19 16 33 12 34 8 42 29 24 18 12 38 42 35 48 0 15 0 40 7 48 14
run=5 seed=4 k=49 f=0
13 40 32 29 39 13 42 7 34 48 37 19 17 48 32 21 25 18 7 8 48 4 9 8 0 7 0 40 30 43 39 34 1 0 47 12 6 38 17 25 13 0 28 4 44 37 9 43 0 33 22 18 45 15 48 23 24 47 27 29
run=6 seed=5 k=49 f=0
13 16 20 0 43 38 31 5 30 32 10 48 48 27 0 10 10 3 17 23 0 44 11 23 3 19 15 22 40 42 47 30 35 13 33 35 6 22 28 42 6 48 43 9 38 18 43 3 0 28 34 9 40 4 32 48 24 27 37 26
run=7 seed=6 k=49 f=0
40 17 9 21 0 39 46 8 4 26 39 5 7 36 24 35 0 48 44 20 46 0 17 13 13 31 29 12 26 38 17 11 35 34 36 28 30 1 45 48 45 4 24 30 21 16 37 48 22 40 1 14 11 26 13 19 17 0 31 48
run=8 seed=7 k=49 f=0
20 35 17 36 17 28 10 7 18 30 26 48 26 34 14 29 21 6 48 8 46 17 4 19 3 38 48 39 45 10 9 1 48 23 41 6 9 14 44 0 26 21 33 41 38 42 4 47 29 13 2 21 1 9 48 0 32 33 38 12
run=9 seed=8 k=49 f=0
47 3 44 14 35 20 32 0 27 31 44 9 42 8 33 27 0 23 8 33 11 47 15 23 21 12 0 0 19 38 40 39 9 15 26 18 38 47 25 26 48 1 6 11 0 3 18 3 45 37 30 43 28 17 32 40 45 17 24 35
run=10 seed=9 k=49 f=0
35 23 48 9 21 34 3 40 24 4 12 13 39 8 7 8 29 37 1 24 31 40 1 33 19 17 0 26 31 47 43 17 16 48 29 0 21 21 29 0 25 47 1 27 47 30 38 47 39 7 16 22 48 38 12 6 11 46 1 29
run=11 seed=10 k=49 f=0
31 37 44 27 24 27 40 16 47 7 25 12 45 47 21 47 9 30 40 0 10 19 40 0 35 0 8 14 3 48 25 28 8 4 48 3 48 38 32 0 40 35 22 17 13 26 9 0 32 43 17 14 18 2 47 9 16 38 44 24
run=12 seed=11 k=49 f=0
37 12 3 16 24 0 8 14 47 17 34 18 21 39 31 0 33 15 33 15 48 37 39 0 23 0 35 7 0 26 18 20 48 48 1 29 27 7 24 0 10 28 39 44 46 42 19 11 7 43 47 25 24 41 28 34 10 12 5 8
run=13 seed=12 k=49 f=0
30 0 45 29 46 42 9 0 21 7 13 34 0 7 9 37 31 14 19 2 26 47 44 21 45 41 45 21 48 10 18 9 37 48 12 15 3 26 19 44 0 42 36 20 3 25 4 33 48 22 36 23 6 30 5 11 0 16 34 23
run=14 seed=13 k=49 f=0
39 10 29 36 40 37 28 7 0 2 3 24 43 2 24 34 19 40 9 23 48 19 7 15 27 7 47 15 44 1 37 0 0 0 48 40 46 14 43 7 25 14 32 8 45 18 39 22 0 47 9 14 30 22 23 48 31 32 38 14
run=15 seed=14 k=49 f=0
5 25 20 12 23 16 38 27 3 41 40 0 9 43 28 19 3 45 44 20 0 34 34 20 10 29 48 18 0 1 14 8 0 34 15 13 24 0 6 35 25 27 21 29 28 15 33 39 48 38 36 30 20 36 10 48 2 44 48 48
run=16 seed=15 k=49 f=0
17 24 42 0 11 0 2 41 7 46 0 36 31 48 48 18 0 20 0 18 44 10 12 45 5 10 8 36 13 17 23 35 22 27 39 2 28 48 13 4 39 5 5 10 41 12 24 35 18 30 30 32 44 48 36 18 21 41 28 31
run=17 seed=16 k=49 f=0
37 7 47 39 39 48 30 37 33 22 21 30 3 3 47 26 37 22 19 5 33 16 14 27 47 0 48 8 45 10 25 0 32 11 3 40 0 2 27 15 33 12 43 38 6 42 17 10 20 48 18 10 11 47 31 19 29 24 41 35
run=18 seed=17 k=49 f=0
25 37 19 29 0 30 40 6 21 43 40 8 29 46 40 48 3 47 22 24 8 19 25 0 14 12 39 13 1 14 33 29 7 35 8 1 36 14 48 0 7 15 0 5 6 48 10 48 42 30 22 23 21 36 23 40 45 18 0 33
run=19 seed=18 k=49 f=0
0 16 18 30 4 25 13 8 39 28 37 29 45 2 25 8 34 7 29 12 31 40 17 22 17 48 38 40 42 0 27 22 11 0 47 2 48 15 21 18 17 0 30 35 48 5 42 0 41 23 48 25 12 38 42 48 14 35 48 35
run=20 seed=19 k=49 f=0
4 32 21 41 5 8 41 2 21 29 48 16 0 29 15 1 10 3 24 38 22 42 6 12 19 19 22 36 19 32 41 14 43 35 17 7 48 48 42 22 4 29 13 39 48 9 32 45 0 38 48 9 28 37 24 30 46 31 4 36
