run=1 seed=0 k=45 f=0
32 32 32 22 44 34 29 23 16 23 35 7 36 35 22 0 24 7 10 0 7 44 31 30 14 44 0 7 24 9 10 17 13 0 21 22 18 15 7 0 17 40 39 21 25 27 39 7 37 14 44 42 1 30 28 44 3 44 24 39
run=2 seed=1 k=45 f=0
32 32 32 22 44 34 29 23 16 23 35 7 36 35 22 0 24 7 10 0 7 44 31 30 14 44 0 7 24 9 10 17 13 0 21 22 18 15 7 0 17 40 39 21 25 27 39 7 37 14 44 42 1 30 28 44 3 44 24 39
run=3 seed=2 k=45 f=0
23 10 8 0 12 17 29 36 41 35 40 37 3 19 37 35 44 20 0 15 2 19 28 33 42 33 12 12 37 21 1 44 18 12 40 29 0 43 23 44 28 8 29 36 26 9 25 29 23 4 43 10 14 21 0 6 30 30 25 4
run=4 seed=3 k=45 f=0
15 40 43 8 40 34 12 0 43 33 19 20 44 32 34 32 24 37 10 34 25 16 15 37 3 0 26 5 23 17 10 0 20 7 3 6 41 44 38 27 3 44 17 0 23 9 21 5 35 13 43 4 44 18 28 22 28 0 8 44
run=5 seed=4 k=45 f=0
21 16 43 28 14 27 8 19 4 6 14 5 17 14 8 23 1 23 33 4 35 0 0 38 17 39 19 40 0 9 26 10 26 33 26 44 14 0 8 33 33 19 43 6 4 43 22 15 21 30 44 42 11 41 13 38 0 0 27 37
run=6 seed=5 k=45 f=0
14 0 0 21 15 1 35 29 21 31 13 39 18 24 0 35 2 15 0 31 42 26 33 38 6 42 29 38 14 0 36 10 9 22 7 16 4 44 38 24 7 20 6 27 20 32 17 38 10 30 44 0 21 28 34 11 44 44 3 44
run=7 seed=6 k=45 f=0
9 17 4 5 39 0 27 27 43 43 31 36 13 19 22 0 30 13 11 2 37 8 5 25 15 39 15 0 32 34 7 28 36 34 31 44 17 44 18 29 0 44 5 30 34 4 44 21 11 1 44 42 21 19 22 11 3 44 14 24
run=8 seed=7 k=45 f=0
24 31 44 29 20 38 4 18 12 11 27 37 20 28 11 12 17 32 1 0 44 4 44 38 21 40 0 36 37 12 5 24 0 0 8 19 15 11 34 44 44 16 44 5 33 6 26 0 26 9 20 12 0 39 23 29 30 31 35 42
run=9 seed=8 k=45 f=0
31 9 26 25 35 25 7 36 42 43 43 27 26 2 5 44 14 0 7 20 37 0 22 2 18 24 33 13 15 42 40 15 36 20 43 20 1 43 0 20 20 30 30 37 27 10 43 1 36 44 9 34 5 22 9 15 0 44 6 35
run=10 seed=9 k=45 f=0
22 38 16 20 39 10 10 37 29 1 13 26 37 4 0 44 42 7 20 44 29 1 15 3 15 21 44 10 19 32 35 10 28 44 13 17 34 0 6 43 25 35 16 36 33 6 0 44 0 32 11 29 12 3 27 21 27 15 21 6
run=11 seed=10 k=45 f=0
12 16 1 20 44 38 5 14 23 35 38 44 31 24 22 0 20 13 20 2 44 34 39 12 15 39 28 44 33 37 8 10 7 6 13 25 27 21 27 0 44 28 33 27 28 17 16 10 11 0 0 42 30 36 44 0 3 39 20 39
run=12 seed=11 k=45 f=0
19 17 42 0 30 39 31 1 14 9 29 44 23 15 9 8 31 24 18 5 44 0 30 34 22 40 10 43 39 20 5 26 0 34 11 37 5 16 23 29 44 34 44 0 39 14 18 5 22 11 28 22 0 2 7 29 42 38 14 31
run=13 seed=12 k=45 f=0
32 3 8 32 5 1 44 22 42 10 38 39 37 5 9 9 44 36 42 9 44 35 44 19 19 0 42 17 19 4 33 22 0 29 25 15 5 43 13 24 24 1 7 25 0 14 29 20 30 22 12 36 9 15 17 34 34 44 29 28
run=14 seed=13 k=45 f=0
16 44 38 10 22 10 2 27 44 44 39 20 20 35 0 26 40 7 38 22 1 35 26 31 32 23 39 37 11 0 3 17 11 35 14 8 6 0 6 26 26 44 15 29 11 34 20 35 0 32 17 42 13 5 44 20 31 43 10 3
run=15 seed=14 k=45 f=0
4 25 43 0 40 29 2 8 2 31 41 36 0 37 25 19 10 36 10 23 35 0 31 8 41 28 33 16 10 24 0 44 37 23 23 12 21 0 33 44 17 15 44 6 28 30 18 11 3 19 44 25 43 2 14 39 32 11 7 6
run=16 seed=15 k=45 f=0
33 16 43 35 20 39 28 33 29 12 4 44 29 37 44 25 41 7 35 36 44 0 6 20 2 31 43 21 0 2 18 9 0 44 12 34 26 0 12 7 27 29 27 32 15 38 18 14 3 22 10 13 12 2 16 22 42 16 19 39
run=17 seed=16 k=45 f=0
39 18 8 30 19 5 37 44 20 0 39 12 35 35 0 0 44 29 34 4 30 8 20 14 6 15 41 12 44 0 1 44 26 22 41 39 31 12 33 19 9 14 0 18 14 44 1 42 23 5 20 13 34 6 39 27 27 7 22 27
run=18 seed=17 k=45 f=0
12 23 17 9 36 39 12 16 1 32 20 6 35 25 44 30 21 11 21 7 14 2 30 23 44 0 43 24 40 0 6 41 7 4 44 36 40 23 29 0 34 26 44 0 7 28 40 29 14 29 16 3 43 0 33 9 10 19 34 17
run=19 seed=18 k=45 f=0
44 38 7 0 0 14 1 35 7 19 44 17 17 12 30 44 25 17 36 7 0 11 44 25 27 35 16 3 24 42 41 23 39 9 43 29 34 0 18 23 5 16 42 37 17 0 26 32 44 2 32 36 11 8 30 23 29 9 35 6
run=20 seed=19 k=45 f=0
7 6 34 44 4 13 26 25 2 44 3 25 3 28 44 23 1 8 44 44 30 40 18 27 4 22 35 35 7 8 40 0 12 39 16 17 0 0 9 19 17 8 18 23 12 39 7 29 11 43 0 34 34 36 30 44 27 30 20 32
