run=1 seed=0 k=57 f=0
30 34 3 22 38 47 27 30 21 20 47 0 0 10 46 10 47 35 50 9 0 53 27 12 26 56 46 56 43 56 22 42 36 42 23 24 51 54 13 14 0 33 3 28 18 6 47 3 39 8 35 19 17 4 20 37 14 23 22 46
run=2 seed=1 k=57 f=0
30 34 3 22 38 47 27 30 21 20 47 0 0 10 46 10 47 35 50 9 0 53 27 12 26 56 46 56 43 56 22 42 36 42 23 24 51 54 13 14 0 33 3 28 18 6 47 3 39 8 35 19 17 4 20 37 14 23 22 46
run=3 seed=2 k=57 f=0
38 18 14 53 5 20 18 54 43 21 27 0 42 50 26 40 3 35 56 1 52 32 35 23 15 21 3 47 0 39 40 24 0 15 29 7 31 5 39 17 29 9 45 56 0 6 51 0 37 55 17 37 46 47 26 32 17 52 43 49
run=4 seed=3 k=57 f=0
19 2 27 18 21 11 15 37 1 38 49 46 0 17 27 36 13 35 8 36 29 53 13 40 13 50 29 51 37 4 1 16 45 0 29 11 56 44 7 6 45 0 56 4 0 14 0 47 20 28 54 55 40 42 23 29 54 37 8 27
run=5 seed=4 k=57 f=0
9 56 32 7 11 15 45 56 50 40 44 27 4 5 29 18 20 55 37 54 11 33 39 39 12 31 15 22 18 55 39 47 52 27 44 42 0 47 20 36 28 23 10 22 29 44 10 42 50 2 46 26 11 55 37 5 0 17 3 3
run=6 seed=5 k=57 f=0
1 5 24 9 25 56 11 24 39 29 20 33 22 15 31 20 30 18 1 56 13 51 48 51 48 10 43 43 35 33 51 36 7 41 45 43 56 31 10 14 26 29 0 9 30 47 45 1 23 55 2 53 0 55 50 15 16 38 0 10
run=7 seed=6 k=57 f=0
8 30 31 41 52 28 25 17 51 52 34 42 42 20 56 56 8 39 34 6 48 2 19 50 29 17 27 36 53 17 42 22 13 56 14 11 1 47 1 48 0 29 11 3 6 19 21 10 25 49 9 40 34 42 22 37 4 31 15 18
run=8 seed=7 k=57 f=0
52 40 47 46 31 24 29 16 9 28 3 3 56 11 32 21 6 41 14 33 11 53 0 26 10 49 37 17 34 10 21 0 6 29 40 27 12 56 49 39 52 25 9 17 49 47 3 52 56 34 1 17 15 55 0 37 6 23 45 33
run=9 seed=8 k=57 f=0
56 45 3 44 38 56 4 29 21 18 4 31 46 14 0 24 10 28 14 47 55 36 39 34 43 54 53 33 31 12 43 7 18 0 50 12 49 9 38 25 5 32 50 37 32 40 19 13 19 39 25 39 0 0 18 44 21 9 17 52
run=10 seed=9 k=57 f=0
8 38 34 10 23 35 23 28 50 56 10 56 56 0 19 31 40 0 54 35 56 17 34 24 48 28 51 26 44 1 10 2 3 54 5 25 40 10 39 49 36 49 45 16 40 14 51 24 4 13 17 55 50 14 23 2 34 31 24 12
run=11 seed=10 k=57 f=0
34 21 40 52 6 51 2 13 18 11 50 8 6 15 54 30 3 27 16 17 9 56 34 22 22 56 0 1 54 9 24 40 45 46 32 1 50 34 56 26 46 1 0 11 0 39 19 4 30 38 35 39 16 52 18 25 23 13 26 44
run=12 seed=11 k=57 f=0
23 0 3 53 30 56 1 20 8 31 3 6 6 55 36 36 32 19 3 40 9 46 49 0 11 46 31 44 28 11 9 55 56 37 52 21 51 12 52 0 43 25 27 32 19 28 42 24 39 55 19 49 14 43 0 42 11 16 17 27
run=13 seed=12 k=57 f=0
15 23 17 31 35 21 56 9 4 7 13 29 37 37 4 39 21 51 1 22 31 10 45 16 18 5 50 32 14 40 55 55 26 39 47 2 0 0 48 53 26 6 16 6 29 20 41 29 12 44 5 2 35 14 27 53 27 44 42 51
run=14 seed=13 k=57 f=0
0 51 49 1 0 52 44 23 2 30 43 26 38 3 29 45 45 19 11 19 37 1 43 52 39 54 12 22 38 29 30 29 15 47 50 17 34 37 0 52 22 5 6 1 56 44 28 29 11 35 46 20 0 22 28 16 39 7 54 7
run=15 seed=14 k=57 f=0
34 56 51 22 40 0 53 39 43 23 46 25 27 46 51 0 28 44 18 20 38 13 35 14 50 52 1 13 19 48 12 25 7 5 11 47 56 32 55 0 39 56 23 38 9 17 24 12 36 19 29 27 4 32 14 50 48 44 6 41
run=16 seed=15 k=57 f=0
56 14 21 23 48 55 18 32 24 10 28 29 41 29 10 40 25 4 5 10 47 56 3 51 49 55 34 19 49 12 15 25 32 41 56 1 37 23 17 47 5 0 50 32 32 1 13 43 8 35 43 4 44 15 13 6 34 24 37 20
run=17 seed=16 k=57 f=0
21 6 41 34 6 55 43 11 0 36 15 47 16 38 48 50 33 15 17 51 41 20 0 22 5 44 52 10 20 1 4 0 27 40 35 30 32 22 28 56 29 10 0 29 33 41 34 18 11 53 12 52 24 26 49 35 45 2 33 25
run=18 seed=17 k=57 f=0
44 17 22 16 13 11 19 55 35 17 42 10 9 52 38 56 15 6 4 21 9 38 18 56 40 45 47 56 14 35 39 47 23 39 50 0 2 48 32 30 27 32 19 35 18 16 14 52 22 54 6 46 34 40 28 2 22 51 1 27
run=19 seed=18 k=57 f=0
33 51 7 55 4 27 54 34 44 15 7 28 0 2 40 26 16 33 48 22 0 41 46 28 56 25 46 23 42 3 52 11 13 22 25 18 5 13 47 47 34 32 54 42 36 19 47 52 37 45 11 12 1 56 0 6 40 56 48 2
run=20 seed=19 k=57 f=0
47 16 16 55 25 18 29 40 50 12 1 51 20 21 41 31 54 22 55 12 53 4 14 45 0 30 9 29 56 23 46 42 7 56 45 25 23 11 22 0 34 35 34 0 11 14 49 37 8 0 0 2 39 2 47 27 17 56 23 20
