run=1 seed=0 k=46 f=0
12 38 5 21 10 13 14 7 24 40 43 8 8 17 40 45 32 10 22 1 8 19 25 32 30 23 45 31 7 11 39 32 17 18 29 27 44 27 34 1 27 14 40 33 5 35 22 3 16 45 1 42 0 0 1 45 38 25 25 14
run=2 seed=1 k=46 f=0
12 38 5 21 10 13 14 7 24 40 43 8 8 17 40 45 32 10 22 1 8 19 25 32 30 23 45 31 7 11 39 32 17 18 29 27 44 27 34 1 27 14 40 33 5 35 22 3 16 45 1 42 0 0 1 45 38 25 25 14
run=3 seed=2 k=46 f=0
14 17 18 8 34 21 36 0 9 0 45 25 10 6 0 11 22 38 45 1 32 42 14 33 19 12 0 25 20 17 35 23 38 15 26 5 7 45 38 45 45 38 6 0 29 19 30 41 41 31 27 44 0 4 27 33 17 30 14 37
run=4 seed=3 k=46 f=0
20 29 38 16 26 5 44 28 18 45 18 43 0 31 30 45 9 45 8 30 38 4 13 7 28 26 35 8 7 44 42 21 45 11 44 12 3 21 45 37 21 0 0 15 0 25 1 31 18 37 1 18 0 34 33 40 15 13 10 17
run=5 seed=4 k=46 f=0
20 18 37 6 45 35 19 14 42 31 20 32 3 8 31 35 16 0 5 30 9 45 21 28 41 36 16 8 43 43 28 25 45 30 22 2 0 21 40 38 0 0 8 15 19 25 6 10 44 24 35 33 7 13 45 2 32 13 39 11
run=6 seed=5 k=46 f=0
14 21 24 19 35 0 10 36 15 39 45 37 10 29 0 45 45 3 7 22 37 1 19 45 20 34 1 24 44 30 18 15 37 19 43 30 7 10 4 44 37 31 29 34 28 19 17 43 0 15 10 1 25 23 41 24 0 29 7 11
run=7 seed=6 k=46 f=0
45 11 24 45 12 4 4 15 19 17 24 39 41 44 17 37 35 1 0 1 44 27 33 21 31 26 4 6 34 36 9 17 26 32 21 0 21 45 39 33 16 8 9 37 23 12 9 42 6 17 28 18 45 30 21 27 41 0 34 6
run=8 seed=7 k=46 f=0
8 24 40 37 40 25 28 13 18 37 7 33 4 9 45 31 27 10 15 20 13 4 8 25 22 37 17 20 20 8 45 45 34 20 32 40 1 2 35 27 32 0 45 16 0 40 2 9 8 0 0 2 18 23 31 40 8 15 37 10
run=9 seed=8 k=46 f=0
25 32 45 19 19 40 41 18 22 40 27 38 39 32 11 0 9 37 38 41 15 45 30 27 20 29 36 0 3 4 23 23 20 0 2 6 15 11 36 45 13 33 45 5 29 6 19 14 0 19 45 17 44 11 24 31 45 32 5 11
run=10 seed=9 k=46 f=0
29 42 25 0 32 29 20 7 41 19 16 15 33 22 0 0 40 32 45 0 7 19 9 9 7 18 18 41 11 27 3 28 14 0 22 33 36 39 33 7 34 36 24 45 37 45 0 4 0 9 44 28 27 12 13 19 3 22 45 24
run=11 seed=10 k=46 f=0
38 36 23 21 15 34 27 45 2 17 34 30 42 19 32 45 33 12 26 44 28 16 38 11 33 45 29 25 32 45 9 0 16 4 44 8 45 20 14 9 38 20 29 0 9 22 36 17 15 23 0 13 3 35 40 9 6 0 9 21
run=12 seed=11 k=46 f=0
19 34 32 40 45 40 19 22 27 41 14 15 0 7 41 17 21 36 10 23 45 0 5 22 31 0 30 29 24 10 45 28 14 6 32 23 45 29 35 7 17 39 45 23 39 25 10 12 39 9 0 1 30 2 15 1 22 34 6 6
run=13 seed=12 k=46 f=0
1 45 4 5 33 45 37 32 13 40 43 37 5 19 25 16 32 18 0 12 23 8 32 45 5 42 24 13 44 15 8 37 38 39 21 30 8 1 16 45 0 29 10 34 43 30 20 5 24 4 38 2 13 10 27 21 45 18 1 25
run=14 seed=13 k=46 f=0
26 11 22 33 23 12 35 38 25 35 42 38 0 31 20 4 35 15 38 29 36 45 45 44 43 26 5 8 18 16 11 19 37 45 31 29 3 23 17 44 39 0 32 37 30 31 11 45 18 0 24 1 45 12 6 0 45 13 8 15
run=15 seed=14 k=46 f=0
6 17 33 22 23 45 37 39 28 42 14 10 24 9 44 44 22 41 14 45 8 29 0 30 18 13 44 32 29 10 37 0 11 9 40 37 27 31 25 18 17 19 19 24 36 0 1 5 43 4 1 3 31 31 0 14 6 37 36 4
run=16 seed=15 k=46 f=0
17 0 7 25 35 0 45 21 8 6 42 36 3 37 36 21 2 36 11 25 8 29 11 16 31 11 33 45 26 0 18 39 22 28 18 15 0 45 11 29 7 0 5 23 2 42 28 42 21 44 44 10 30 27 16 33 45 10 16 45
run=17 seed=16 k=46 f=0
20 13 12 21 24 25 34 36 32 7 32 33 16 20 7 37 37 0 14 0 44 4 1 35 45 26 45 35 40 0 4 28 45 20 32 23 13 43 4 0 12 20 30 37 0 39 27 0 7 45 29 13 17 6 9 15 42 27 10 18
run=18 seed=17 k=46 f=0
32 0 8 0 21 40 26 26 31 44 30 9 36 31 8 13 24 43 45 1 43 33 31 14 23 6 45 0 16 32 0 25 45 9 30 20 39 0 45 16 9 37 32 27 37 3 42 22 45 36 23 43 15 0 20 14 9 25 18 4
run=19 seed=18 k=46 f=0
16 38 10 38 19 24 1 44 6 1 4 20 39 25 22 15 34 19 7 35 22 0 44 12 34 45 20 30 13 29 0 30 0 29 27 9 36 0 20 45 7 45 9 45 43 27 24 34 3 26 45 42 14 37 38 15 0 9 12 25
run=20 seed=19 k=46 f=0
17 0 4 27 31 14 25 26 32 31 2 6 21 8 30 21 2 40 8 40 10 45 13 15 2 24 4 7 30 36 37 35 45 19 23 27 25 0 35 0 21 16 9 24 41 12 43 4 33 13 44 41 45 0 31 45 45 37 25 13
