run=1 seed=0 k=64 f=0
39 6 41 0 39 63 46 6 41 13 58 34 35 30 9 12 60 2 20 5 22 40 39 13 54 18 46 20 51 57 9 62 59 53 13 57 49 24 45 28 37 29 12 49 29 17 30 28 42 50 22 6 27 52 38 17 1 2 47 1
run=2 seed=1 k=64 f=0
39 6 41 0 39 63 46 6 41 13 58 34 35 30 9 12 60 2 20 5 22 40 39 13 54 18 46 20 51 57 9 62 59 53 13 57 49 24 45 28 37 29 12 49 29 17 30 28 42 50 22 6 27 52 38 17 1 2 47 1
run=3 seed=2 k=64 f=0
58 63 36 2 21 18 0 45 41 11 9 16 13 5 0 2 0 49 30 60 53 20 31 27 23 9 58 38 29 48 45 12 22 13 59 44 4 1 25 45 13 47 59 26 57 63 4 50 25 35 37 53 55 38 39 33 5 32 28 39
run=4 seed=3 k=64 f=0
5 17 24 6 17 57 8 37 1 48 10 11 1 2 58 9 20 10 38 39 2 54 30 55 60 55 45 14 52 34 62 45 48 22 3 63 53 44 50 21 14 60 63 16 0 63 32 48 2 42 23 37 32 52 0 8 29 38 26 26
run=5 seed=4 k=64 f=0
29 2 2 30 51 21 25 7 36 57 31 50 52 5 43 46 54 45 39 21 37 28 32 38 5 36 20 7 32 4 14 61 24 16 0 11 38 52 39 14 45 8 0 39 13 0 22 9 24 63 63 61 6 31 31 60 16 63 54 35
run=6 seed=5 k=64 f=0
18 29 42 62 63 7 48 25 0 45 34 0 63 9 48 36 23 1 7 24 14 48 20 53 30 44 15 55 20 38 56 0 33 12 14 57 60 39 3 40 1 53 61 25 19 23 61 47 51 35 29 63 14 45 52 32 25 5 61 11
run=7 seed=6 k=64 f=0
61 55 31 49 44 53 19 19 10 18 15 22 37 53 2 39 62 12 60 56 63 30 44 59 45 50 18 52 63 31 23 48 24 47 36 5 32 35 8 45 38 25 26 18 11 55 43 28 41 33 6 40 0 17 3 42 6 11 3 0
run=8 seed=7 k=64 f=0
1 11 59 47 0 25 58 17 36 21 22 60 35 38 21 63 50 2 50 32 56 47 60 18 13 28 1 47 63 63 13 17 12 9 57 25 28 32 49 54 56 10 62 48 5 6 52 4 0 37 29 1 19 25 41 55 37 42 41 39
run=9 seed=8 k=64 f=0
56 24 34 4 23 33 30 21 57 37 55 15 36 7 63 54 63 27 1 28 36 46 41 29 20 39 54 5 57 19 17 16 18 51 13 60 0 42 6 25 35 6 60 17 28 46 7 46 29 8 44 22 51 42 2 11 60 10 63 41
run=10 seed=9 k=64 f=0
55 63 37 1 50 29 44 21 10 36 12 4 2 17 21 15 12 3 62 25 53 0 11 15 7 42 52 43 29 29 0 32 63 37 0 39 26 50 63 12 7 7 15 9 25 37 24 18 57 32 43 6 23 40 59 43 21 48 45 50
run=11 seed=10 k=64 f=0
47 24 38 30 2 9 43 23 31 3 55 7 32 52 8 17 0 54 38 25 0 49 43 21 43 12 56 22 24 12 61 8 63 36 60 63 37 63 14 56 5 32 45 28 29 25 48 46 50 40 42 0 31 23 18 56 47 1 42 58
run=12 seed=11 k=64 f=0
63 48 59 13 48 52 41 25 31 23 10 28 6 14 49 9 63 4 27 62 0 24 17 37 41 43 1 34 55 23 24 54 28 15 4 39 54 45 0 12 32 20 60 21 60 20 48 61 1 55 47 32 15 36 34 6 63 41 40 18
run=13 seed=12 k=64 f=0
16 18 61 34 59 54 5 25 1 56 37 44 9 53 56 40 27 3 0 28 62 5 28 18 24 63 58 40 26 47 12 54 46 33 42 29 6 47 4 24 40 21 59 26 12 61 53 40 0 37 4 62 50 32 17 11 8 34 46 60
run=14 seed=13 k=64 f=0
42 61 18 15 60 40 48 31 9 19 35 25 46 31 19 22 53 0 48 60 45 9 1 26 33 28 53 52 0 1 13 55 62 58 37 35 57 21 6 12 40 29 48 62 1 35 25 25 4 42 63 56 19 14 11 53 4 0 1 14
run=15 seed=14 k=64 f=0
63 4 23 10 47 14 60 40 5 10 57 32 7 62 36 17 27 34 9 37 45 63 59 60 44 0 0 52 27 19 16 54 24 8 16 25 3 63 1 14 50 23 19 3 34 56 35 30 62 41 33 9 10 0 47 54 36 47 10 0
run=16 seed=15 k=64 f=0
40 36 61 7 42 44 50 16 54 16 43 49 63 44 34 55 13 2 4 1 63 24 53 15 0 52 62 7 56 52 5 13 48 23 52 3 20 9 62 56 23 38 33 27 47 10 9 32 41 61 33 20 32 22 57 0 61 0 30 31
run=17 seed=16 k=64 f=0
19 63 10 12 7 31 55 53 7 48 13 40 53 61 25 54 12 39 61 61 47 36 37 38 10 0 28 7 19 58 36 16 1 46 28 4 12 20 35 60 4 0 59 52 32 46 21 45 53 30 47 33 21 40 7 0 49 35 27 21
run=18 seed=17 k=64 f=0
23 55 63 3 10 12 2 61 22 60 57 27 19 8 46 24 51 27 58 2 63 9 37 52 35 0 24 14 55 42 44 49 8 45 22 39 41 54 25 53 34 34 6 21 15 0 26 63 60 20 63 47 10 42 36 0 1 32 18 1
run=19 seed=18 k=64 f=0
62 60 15 31 4 46 7 21 8 29 2 45 21 11 42 15 58 6 45 19 40 23 27 11 56 48 63 11 30 44 20 53 2 54 20 3 18 29 11 54 0 9 63 23 28 8 34 33 24 16 52 58 39 61 40 0 35 35 29 37
run=20 seed=19 k=64 f=0
25 56 56 10 44 55 9 1 28 4 33 32 33 62 56 63 6 35 31 9 47 20 15 18 50 27 34 42 17 46 51 38 0 11 53 11 48 62 51 63 23 16 20 2 14 6 13 20 41 63 1 27 17 0 45 37 24 15 60 27
