run=1 seed=0 k=53 f=0
12 7 21 52 52 47 7 32 17 3 42 0 16 14 35 15 43 8 29 18 32 23 42 30 52 52 9 49 26 20 36 48 25 39 22 41 30 18 51 42 0 11 0 35 4 52 49 29 15 33 44 52 24 37 27 6 0 5 3 36
run=2 seed=1 k=53 f=0
12 7 21 52 52 47 7 32 17 3 42 0 16 14 35 15 43 8 29 18 32 23 42 30 52 52 9 49 26 20 36 48 25 39 22 41 30 18 51 42 0 11 0 35 4 52 49 29 15 33 44 52 24 37 27 6 0 5 3 36
run=3 seed=2 k=53 f=0
34 10 6 42 48 42 20 36 31 52 28 52 52 13 28 35 17 35 28 39 46 25 39 34 14 7 18 7 2 4 41 17 16 14 1 0 22 0 47 0 28 52 24 29 5 10 41 19 37 28 52 35 46 10 51 9 40 44 3 44
run=4 seed=3 k=53 f=0
26 52 32 17 19 33 24 11 25 48 50 30 11 0 1 0 45 36 52 0 35 25 22 4 23 3 41 38 49 50 18 45 32 28 3 6 8 0 37 17 32 10 18 24 12 52 11 14 38 14 10 15 23 27 52 46 38 43 18 41
run=5 seed=4 k=53 f=0
45 18 4 49 8 17 12 52 33 17 33 4 49 30 17 0 1 21 36 21 50 8 40 14 10 52 23 33 51 32 17 29 0 45 43 39 52 0 27 10 40 12 12 28 45 29 40 45 45 32 6 43 11 22 36 7 52 38 41 25
run=6 seed=5 k=53 f=0
40 45 7 18 21 46 23 52 21 30 16 52 8 35 17 34 47 0 42 4 22 0 24 36 3 12 28 52 16 0 23 13 31 35 35 8 12 17 42 2 8 28 8 39 50 25 32 30 19 39 49 43 30 6 26 2 52 47 38 25
run=7 seed=6 k=53 f=0
44 13 30 9 33 38 26 0 45 27 36 40 4 12 38 37 43 14 13 1 22 46 17 42 4 52 0 9 38 33 27 6 29 7 20 29 1 31 42 52 19 29 22 2 26 23 42 9 8 0 51 1 34 48 47 17 0 14 52 18
run=8 seed=7 k=53 f=0
15 42 26 42 48 32 22 51 45 24 2 50 9 43 36 52 47 35 29 11 34 5 25 1 8 23 51 46 1 28 31 16 52 27 1 26 31 42 36 3 6 23 0 52 0 43 5 2 37 13 15 9 0 40 9 16 10 22 45 37
run=9 seed=8 k=53 f=0
25 46 38 34 47 33 42 21 15 12 31 13 11 7 39 27 52 20 20 11 18 35 15 25 37 10 12 49 36 43 27 52 20 28 28 6 43 13 6 2 0 0 38 7 8 52 30 25 23 31 51 19 40 37 0 49 13 32 41 0
run=10 seed=9 k=53 f=0
42 5 24 41 12 23 23 46 3 11 1 23 46 20 0 21 35 2 35 34 14 40 52 52 27 26 6 32 3 19 11 48 25 29 51 32 49 16 9 7 47 8 52 8 6 35 50 13 0 15 31 14 52 0 40 34 28 16 24 52
run=11 seed=10 k=53 f=0
31 8 9 29 22 27 40 3 35 11 23 25 35 37 45 46 50 0 39 6 35 18 30 5 34 16 14 21 18 38 5 26 0 32 31 52 39 20 40 7 23 51 10 36 14 18 29 10 2 40 48 2 31 2 44 52 12 52 43 3
run=12 seed=11 k=53 f=0
42 15 22 7 9 17 45 52 5 33 21 34 46 48 35 0 18 35 19 48 7 29 17 52 12 52 32 3 25 23 0 43 9 12 1 48 51 25 40 26 13 14 46 52 35 0 31 41 6 26 41 15 40 27 3 33 50 17 35 23
run=13 seed=12 k=53 f=0
0 15 31 32 50 26 2 39 17 40 12 21 33 28 7 9 33 40 0 29 2 33 51 11 16 24 20 19 14 1 4 21 42 31 26 41 36 19 0 27 38 44 10 0 42 14 52 37 0 48 50 49 9 36 52 46 12 50 52 52
run=14 seed=13 k=53 f=0
0 0 20 35 50 22 22 33 45 19 20 30 16 39 7 46 23 40 2 1 27 36 38 43 38 14 17 49 13 3 0 15 33 17 18 20 11 52 43 42 29 8 5 10 22 52 34 31 38 51 49 47 5 31 28 0 40 24 49 7
run=15 seed=14 k=53 f=0
16 30 47 0 29 45 10 7 0 37 50 20 33 19 47 0 2 34 43 0 41 15 5 43 25 46 15 0 28 30 40 23 22 0 52 51 29 52 20 8 6 34 14 7 35 52 26 13 36 10 49 50 26 13 25 32 3 40 9 9
run=16 seed=15 k=53 f=0
12 25 30 38 4 29 25 39 18 28 27 0 16 4 36 31 49 34 43 6 17 48 26 30 17 7 21 1 17 2 38 0 45 51 32 10 32 4 10 52 12 52 23 40 52 6 48 1 19 41 47 43 29 21 14 46 12 23 42 39
run=17 seed=16 k=53 f=0
28 2 20 4 18 37 18 14 5 9 10 9 42 24 22 11 12 0 45 1 43 52 12 19 35 48 40 52 44 28 5 30 7 7 26 17 47 44 33 36 51 37 20 11 0 0 42 25 41 33 13 31 23 5 29 52 52 15 18 23
run=18 seed=17 k=53 f=0
8 24 41 19 29 19 28 52 32 23 28 12 4 24 15 10 52 10 20 17 48 0 8 43 51 20 28 40 47 52 0 33 26 0 49 38 0 34 10 33 8 41 46 51 41 20 4 7 44 3 37 38 31 3 25 41 13 48 7 29
run=19 seed=18 k=53 f=0
28 34 9 0 17 52 2 37 2 1 30 6 32 28 17 41 0 32 3 42 50 0 8 26 13 10 45 47 52 36 37 10 2 14 42 19 21 24 48 38 6 25 4 18 28 12 29 33 27 40 15 34 49 33 44 9 52 52 17 52
run=20 seed=19 k=53 f=0
11 52 20 45 8 52 8 40 10 41 5 6 42 15 17 44 9 16 51 43 11 2 9 31 0 0 3 29 51 12 30 34 52 47 18 26 45 3 13 36 22 27 34 43 21 0 13 31 19 44 38 32 35 0 25 18 41 24 19 13
