run=1 seed=0 k=54 f=0
26 16 45 46 41 25 46 1 33 37 50 30 31 15 40 0 21 0 11 11 35 26 12 17 15 12 0 47 37 37 5 45 6 19 18 7 0 52 31 13 51 4 8 15 33 21 0 10 45 53 29 28 36 28 38 45 52 53 20 49
run=2 seed=1 k=54 f=0
26 16 45 46 41 25 46 1 33 37 50 30 31 15 40 0 21 0 11 11 35 26 12 17 15 12 0 47 37 37 5 45 6 19 18 7 0 52 31 13 51 4 8 15 33 21 0 10 45 53 29 28 36 28 38 45 52 53 20 49
run=3 seed=2 k=54 f=0
26 33 44 35 0 48 14 33 29 39 46 10 22 17 37 14 37 53 46 14 0 49 17 47 53 28 26 8 29 15 48 39 52 12 23 24 33 40 5 16 41 53 24 32 28 2 24 11 51 4 5 1 19 8 0 19 33 44 26 5
run=4 seed=3 k=54 f=0
48 47 12 42 22 0 19 11 19 4 22 22 44 37 4 26 25 32 48 31 9 0 40 12 53 1 31 24 46 22 15 17 53 53 0 32 8 39 45 36 4 53 17 49 6 28 3 43 42 12 53 30 52 32 6 29 41 17 44 39
run=5 seed=4 k=54 f=0
24 41 14 52 43 10 15 53 32 47 26 13 0 8 47 22 29 43 33 17 49 30 36 27 37 52 18 12 25 37 39 0 18 33 25 5 43 3 41 32 47 8 15 53 14 53 40 22 36 19 1 35 0 53 24 46 16 7 38 53
run=6 seed=5 k=54 f=0
7 42 11 0 52 27 8 3 47 53 16 34 0 53 46 27 22 30 1 44 52 4 9 21 16 38 49 22 14 37 44 12 36 10 28 18 42 44 32 15 30 35 19 3 35 52 45 19 1 49 8 27 13 19 53 37 43 28 24 49
run=7 seed=6 k=54 f=0
28 40 22 41 38 23 43 51 10 40 30 32 33 17 44 2 5 48 53 50 23 11 52 4 8 35 24 5 5 15 41 34 20 18 18 53 0 9 36 13 51 42 28 35 21 39 9 1 45 14 33 34 24 9 0 41 28 53 5 48
run=8 seed=7 k=54 f=0
1 1 23 53 5 15 50 37 42 52 23 9 35 48 21 41 13 41 31 0 17 51 30 44 35 4 2 12 8 11 36 9 6 51 24 24 17 29 5 43 20 45 20 47 0 53 43 32 39 48 29 23 30 53 9 0 15 28 36 14
run=9 seed=8 k=54 f=0
42 36 30 28 17 0 14 19 15 23 8 4 53 3 28 44 20 39 26 35 28 0 49 4 13 0 19 3 25 45 53 11 17 5 43 51 49 26 47 10 10 21 53 47 53 23 43 53 41 10 37 48 32 4 14 41 34 35 53 31
run=10 seed=9 k=54 f=0
38 1 7 49 35 10 14 23 38 51 35 7 52 31 21 30 53 0 53 49 20 38 27 4 21 44 40 8 53 28 3 12 33 16 19 51 26 30 1 46 10 26 50 21 3 0 36 53 32 13 20 38 22 45 39 45 1 14 4 45
run=11 seed=10 k=54 f=0
14 8 2 19 9 19 5 49 43 41 42 0 0 44 20 2 6 22 20 23 16 27 7 11 9 40 34 34 53 48 14 37 52 29 1 45 47 38 15 6 24 53 0 45 31 37 24 27 18 53 0 30 29 45 11 5 27 27 5 50
run=12 seed=11 k=54 f=0
0 50 15 1 51 32 49 43 23 14 2 8 4 32 22 19 3 38 33 24 31 41 40 31 47 53 52 46 19 19 46 5 13 11 40 0 18 51 20 30 11 47 0 45 11 49 36 15 43 14 39 4 33 25 26 6 16 39 13 29
run=13 seed=12 k=54 f=0
29 30 32 45 36 23 17 10 49 21 34 24 43 49 23 0 53 39 11 25 44 8 0 28 6 21 53 14 24 10 12 53 34 28 47 17 9 3 42 0 2 4 50 45 31 18 22 0 35 5 38 42 44 19 15 35 28 50 14 49
run=14 seed=13 k=54 f=0
22 25 27 29 34 12 2 39 53 43 34 16 42 0 53 50 23 40 8 20 2 37 25 8 13 32 21 6 24 53 16 15 17 27 48 9 49 49 6 36 46 41 0 5 41 27 16 41 42 52 36 11 3 26 18 32 0 0 53 0
run=15 seed=14 k=54 f=0
1 50 15 43 36 6 11 12 53 52 0 13 53 48 26 15 42 9 49 35 22 39 15 29 35 53 52 10 19 15 12 30 35 44 9 6 30 26 51 19 24 44 35 51 24 7 45 30 0 24 0 27 33 0 0 19 19 45 8 44
run=16 seed=15 k=54 f=0
49 9 21 50 28 5 14 48 19 14 7 15 0 0 29 17 53 33 44 37 1 32 45 32 28 19 41 5 52 14 36 53 19 40 2 23 25 12 30 36 7 12 0 53 6 44 40 45 31 45 22 31 2 36 24 35 20 10 26 40
run=17 seed=16 k=54 f=0
40 53 33 22 42 5 19 53 46 25 22 25 11 1 23 0 50 10 51 3 45 8 39 32 44 21 50 52 31 0 15 37 1 17 34 16 8 40 10 32 8 13 0 47 12 17 42 21 1 31 39 49 41 25 27 33 5 47 30 30
run=18 seed=17 k=54 f=0
0 29 17 17 18 0 1 26 35 51 46 17 23 3 14 53 10 3 27 34 18 7 33 32 9 32 46 28 43 8 52 43 38 35 46 38 33 44 6 45 37 12 14 26 35 53 38 9 0 23 26 19 46 4 53 19 37 7 0 23
run=19 seed=18 k=54 f=0
34 17 53 27 19 0 3 22 38 25 2 23 8 13 22 0 49 40 8 46 53 42 46 14 18 0 49 14 42 40 27 23 39 47 27 6 44 29 35 53 3 15 15 20 47 29 8 25 38 30 20 30 12 37 6 53 49 1 33 37
run=20 seed=19 k=54 f=0
32 53 52 4 49 34 17 7 2 40 26 5 37 12 49 33 17 39 1 40 7 44 41 30 25 8 38 5 29 14 43 23 19 29 27 14 53 47 53 12 53 53 13 8 16 26 25 52 46 25 23 41 34 39 0 24 11 0 15 49
