run=1 seed=0 k=51 f=0
10 49 9 17 8 37 37 49 29 19 3 30 6 41 32 28 37 50 40 26 35 8 25 37 13 5 9 50 31 28 17 19 43 30 23 0 38 8 22 0 48 12 42 25 2 15 20 47 44 14 0 49 23 49 18 1 0 25 45 44
run=2 seed=1 k=51 f=0
10 49 9 17 8 37 37 49 29 19 3 30 6 41 32 28 37 50 40 26 35 8 25 37 13 5 9 50 31 28 17 19 43 30 23 0 38 8 22 0 48 12 42 25 2 15 20 47 44 14 0 49 23 49 18 1 0 25 45 44
run=3 seed=2 k=51 f=0
50 0 32 38 22 6 39 0 43 9 46 38 10 2 33 50 42 1 0 32 12 42 14 4 31 28 29 40 17 20 35 27 19 11 14 22 13 24 18 26 11 5 39 15 15 44 42 21 50 15 50 28 6 38 48 32 47 1 20 5
run=4 seed=3 k=51 f=0
15 44 48 48 45 19 39 25 0 27 6 38 0 8 26 17 17 24 28 33 24 2 18 6 42 41 14 6 22 29 34 38 43 32 20 11 22 44 50 50 0 50 1 6 7 10 18 49 29 50 41 1 5 0 13 37 9 33 14 32
run=5 seed=4 k=51 f=0
32 36 7 49 13 25 12 49 38 41 6 42 0 47 46 50 39 32 39 24 17 0 9 23 13 24 13 23 3 4 18 9 37 0 21 27 50 41 29 16 31 31 10 47 30 27 34 16 12 49 40 23 0 2 19 5 47 7 44 22
run=6 seed=5 k=51 f=0
19 13 21 39 11 43 11 4 31 49 0 23 24 24 35 25 7 0 49 27 42 33 6 18 36 27 0 0 38 48 45 5 50 11 0 0 31 32 39 11 11 17 23 6 16 3 32 1 49 36 31 30 17 38 49 16 29 42 50 45
run=7 seed=6 k=51 f=0
0 28 31 10 13 29 40 41 50 49 49 4 23 13 33 22 0 26 39 37 10 46 19 50 8 41 42 41 29 32 47 1 5 6 4 38 29 18 24 17 5 17 35 12 50 38 6 37 21 50 20 49 12 31 46 1 48 47 25 33
run=8 seed=7 k=51 f=0
50 19 2 22 20 47 23 7 27 19 17 1 35 33 25 50 17 50 11 48 9 42 39 7 40 39 40 0 18 50 45 25 14 42 49 34 32 26 34 7 13 32 0 33 32 20 38 4 48 7 1 8 29 40 13 19 3 43 0 15
run=9 seed=8 k=51 f=0
50 32 13 8 34 6 15 50 38 18 16 5 10 33 19 0 8 19 9 45 23 13 0 46 25 37 38 5 24 27 45 50 28 28 26 41 23 42 35 35 3 4 11 36 44 43 22 46 17 49 16 3 28 17 0 23 42 0 36 36
run=10 seed=9 k=51 f=0
17 12 1 23 38 50 41 39 17 7 17 6 21 43 46 1 37 30 11 26 37 46 28 15 23 9 1 0 7 41 22 21 6 23 18 26 50 14 8 38 50 50 1 37 50 12 33 3 44 18 30 31 0 30 44 28 4 28 7 33
run=11 seed=10 k=51 f=0
26 21 38 41 18 39 38 25 20 50 17 42 30 12 0 50 28 2 27 6 39 30 26 10 34 15 50 43 0 0 45 13 15 9 9 8 10 18 0 36 36 22 44 24 2 21 46 30 0 36 27 48 50 43 32 49 0 48 47 17
run=12 seed=11 k=51 f=0
46 48 29 10 34 10 22 42 27 19 2 28 50 11 16 0 50 41 8 43 22 38 37 19 35 0 47 29 37 37 22 30 7 5 1 10 12 49 22 0 29 50 15 1 16 22 45 45 43 19 1 47 34 42 26 35 20 39 14 44
run=13 seed=12 k=51 f=0
15 18 26 0 50 18 29 43 31 0 39 8 10 2 30 44 35 21 7 19 4 36 15 16 22 5 8 50 42 44 49 26 40 30 0 50 34 0 23 23 31 12 13 35 32 47 50 40 28 43 22 8 14 38 50 8 20 1 49 13
run=14 seed=13 k=51 f=0
21 9 8 20 40 5 5 21 38 30 7 31 44 39 0 35 12 20 21 31 0 27 19 32 16 28 12 12 17 49 48 44 26 33 3 18 39 13 50 50 25 13 0 39 2 16 25 50 45 37 2 26 0 29 46 28 50 7 21 50
run=15 seed=14 k=51 f=0
21 6 33 12 50 13 32 24 39 43 9 25 44 0 27 27 50 28 1 18 50 41 18 20 10 36 46 34 41 2 9 12 6 40 9 33 1 49 3 50 26 34 18 0 35 37 12 21 43 0 35 12 19 20 7 31 42 14 0 48
run=16 seed=15 k=51 f=0
7 13 24 11 0 48 28 42 37 32 46 31 11 30 34 50 26 45 31 33 0 22 3 21 25 1 3 50 10 32 41 38 44 34 9 44 39 25 19 17 16 26 5 38 12 25 31 28 8 37 49 37 50 18 14 0 45 0 8 4
run=17 seed=16 k=51 f=0
38 6 12 34 15 29 19 23 19 9 30 19 42 37 19 21 41 25 30 7 14 44 10 15 2 13 43 50 47 0 28 0 31 16 5 28 45 36 0 2 7 25 45 50 39 25 25 44 34 0 21 6 50 50 5 11 41 11 38 49
run=18 seed=17 k=51 f=0
2 5 44 0 31 0 3 6 22 35 2 13 35 6 12 38 10 3 48 21 46 17 30 24 25 40 10 50 40 41 22 27 44 15 22 32 39 49 42 29 50 8 36 11 8 7 23 44 0 50 33 31 27 0 25 31 41 20 34 0
run=19 seed=18 k=51 f=0
49 32 16 0 47 14 45 20 29 33 15 19 14 2 32 39 24 34 10 34 50 0 1 49 45 15 27 20 30 18 44 26 43 9 23 12 9 27 41 0 11 43 0 42 20 37 29 1 50 41 36 12 5 33 50 36 1 25 6 5
run=20 seed=19 k=51 f=0
12 50 43 24 10 33 35 21 0 49 11 37 43 9 6 44 40 49 1 31 24 8 47 3 19 21 48 38 23 15 0 16 17 38 33 0 22 9 50 31 30 40 27 16 36 0 22 23 14 31 39 50 5 50 0 43 22 50 1 28
