run=1 seed=0 k=59 f=0
13 9 24 37 58 1 51 35 40 25 13 38 25 53 7 40 13 39 49 47 56 27 13 56 57 2 18 48 43 47 36 0 37 57 41 46 20 28 5 0 27 18 18 53 20 44 37 15 30 22 5 9 55 10 9 47 31 53 36 5
run=2 seed=1 k=59 f=0
13 9 24 37 58 1 51 35 40 25 13 38 25 53 7 40 13 39 49 47 56 27 13 56 57 2 18 48 43 47 36 0 37 57 41 46 20 28 5 0 27 18 18 53 20 44 37 15 30 22 5 9 55 10 9 47 31 53 36 5
run=3 seed=2 k=59 f=0
28 21 41 57 20 34 4 55 4 7 47 32 10 21 37 13 27 58 31 15 55 5 20 32 41 47 7 49 31 19 0 44 58 29 57 39 14 5 11 3 37 26 43 52 0 23 27 12 54 8 48 55 17 7 15 23 38 44 34 25
run=4 seed=3 k=59 f=0
17 15 30 58 17 44 24 37 2 27 32 0 13 35 37 3 3 49 43 46 39 29 43 3 47 38 14 1 2 26 22 21 25 0 51 49 45 23 8 54 52 58 58 6 58 32 52 11 10 26 42 10 57 34 14 30 9 6 6 11
run=5 seed=4 k=59 f=0
1 22 11 37 18 0 8 41 53 18 0 33 35 4 58 58 8 42 37 57 33 3 9 0 25 53 10 28 19 26 33 44 14 15 30 49 54 24 32 44 57 22 5 49 50 7 26 30 16 0 44 49 27 5 58 10 52 22 9 12
run=6 seed=5 k=59 f=0
37 0 0 1 29 1 26 36 31 45 40 15 26 14 17 41 6 44 58 18 56 10 43 20 53 24 9 57 31 46 47 23 50 29 46 28 30 57 6 9 38 3 20 34 3 42 20 19 50 58 58 52 33 14 10 50 37 0 32 33
run=7 seed=6 k=59 f=0
5 36 6 29 47 24 34 18 33 45 45 49 15 13 48 43 29 21 30 17 0 9 22 44 2 44 4 29 43 56 51 52 36 54 58 23 41 0 29 55 21 37 40 35 21 0 20 16 16 58 37 6 7 5 12 49 15 23 28 58
run=8 seed=7 k=59 f=0
29 1 49 45 50 58 18 25 36 16 6 52 24 8 56 46 47 23 31 38 20 56 12 11 58 57 0 49 46 28 20 12 34 52 1 39 21 8 16 11 39 26 34 16 2 46 27 47 15 30 58 35 5 58 43 1 39 2 49 27
run=9 seed=8 k=59 f=0
12 44 17 5 58 14 0 25 21 55 46 54 18 33 53 1 46 22 29 5 52 32 22 29 16 58 37 41 19 14 5 11 7 32 0 23 21 4 10 0 24 36 50 28 49 46 33 38 12 1 47 9 37 44 41 57 18 33 22 38
run=10 seed=9 k=59 f=0
35 54 7 45 25 12 6 58 34 24 14 16 0 55 28 29 49 16 37 30 3 41 47 18 3 58 2 53 39 57 20 11 11 44 58 23 6 33 24 44 13 19 5 40 19 23 46 25 36 9 30 17 0 48 53 0 5 58 57 48
run=11 seed=10 k=59 f=0
7 58 38 3 47 49 49 26 21 32 35 15 11 4 27 51 34 27 16 23 43 6 18 17 41 53 35 58 42 45 23 32 0 14 55 27 23 35 53 51 56 11 0 18 1 32 28 31 0 42 11 57 9 39 58 8 26 42 54 20
run=12 seed=11 k=59 f=0
40 26 30 56 53 27 53 21 5 6 51 36 44 48 56 32 4 35 25 37 14 46 2 19 21 51 31 18 20 47 58 58 35 48 41 7 52 6 32 25 11 20 57 0 9 15 14 18 21 42 0 36 30 2 15 37 11 5 6 0
run=13 seed=12 k=59 f=0
23 8 16 1 53 55 42 39 22 46 27 36 11 6 37 57 13 58 31 43 50 24 17 58 16 39 37 56 28 46 47 38 50 11 45 43 14 31 51 4 23 4 20 39 48 44 33 45 54 30 14 53 0 12 47 1 24 30 17 4
run=14 seed=13 k=59 f=0
13 8 17 39 13 5 43 38 55 1 14 55 38 54 1 46 58 40 31 57 29 38 43 25 36 18 5 58 0 57 37 17 52 0 2 22 20 53 47 44 45 9 10 47 4 8 34 30 1 47 16 22 31 53 28 22 38 29 1 27
run=15 seed=14 k=59 f=0
17 15 23 56 49 18 25 46 54 56 0 25 57 57 11 21 20 30 2 39 46 55 46 33 14 44 18 35 7 7 36 9 22 56 14 38 40 39 25 4 0 26 13 46 39 51 7 9 58 0 47 34 10 34 4 32 58 30 18 49
run=16 seed=15 k=59 f=0
36 56 38 31 21 27 31 44 36 15 39 2 0 20 30 34 58 42 41 24 9 44 10 10 46 26 52 5 36 22 9 0 52 12 48 19 10 51 58 45 41 15 32 58 16 58 5 9 33 49 1 7 14 57 21 1 6 19 50 7
run=17 seed=16 k=59 f=0
3 33 40 31 39 26 27 53 38 15 48 42 32 50 13 20 45 57 29 8 0 54 50 20 37 4 44 27 32 57 24 43 41 7 22 13 22 44 15 58 1 58 35 12 2 8 57 47 53 27 12 16 18 7 20 1 49 49 24 48
run=18 seed=17 k=59 f=0
2 54 2 39 41 18 16 34 30 14 19 43 58 20 49 15 47 55 3 57 45 23 3 21 46 28 48 42 37 5 10 37 35 41 25 8 55 26 52 25 58 11 0 49 27 7 27 3 0 17 30 50 37 49 9 57 58 16 1 58
run=19 seed=18 k=59 f=0
54 48 12 58 23 0 12 13 24 24 8 42 2 1 38 32 7 31 50 53 39 1 52 45 18 53 27 45 17 18 45 13 14 5 31 58 9 40 49 31 38 45 19 25 41 48 49 9 0 15 10 52 26 3 58 33 57 22 24 6
run=20 seed=19 k=59 f=0
4 6 14 10 18 34 21 56 7 28 29 26 0 11 51 14 31 46 51 14 23 32 27 48 35 18 56 39 50 22 24 58 9 39 37 48 44 10 22 32 2 0 1 52 43 20 3 19 11 55 34 31 40 8 27 44 28 58 47 2
