run=1 seed=0 k=41 f=0
33 34 17 13 36 29 40 6 37 18 27 7 6 14 19 28 19 32 7 9 2 13 40 33 38 10 21 11 33 0 26 40 28 14 0 21 23 39 33 0 7 32 24 7 20 14 28 2 29 40 40 8 1 15 0 19 24 40 19 0
run=2 seed=1 k=41 f=0
33 34 17 13 36 29 40 6 37 18 27 7 6 14 19 28 19 32 7 9 2 13 40 33 38 10 21 11 33 0 26 40 28 14 0 21 23 39 33 0 7 32 24 7 20 14 28 2 29 40 40 8 1 15 0 19 24 40 19 0
run=3 seed=2 k=41 f=0
14 8 27 21 11 19 2 7 38 40 40 18 18 24 40 40 11 31 2 22 0 26 25 6 32 21 29 5 8 40 34 16 31 24 19 34 36 0 34 24 16 7 14 6 22 9 37 11 28 2 0 40 39 28 40 29 37 0 32 12
run=4 seed=3 k=41 f=0
28 34 20 10 0 21 30 9 14 36 40 5 24 26 7 40 0 33 9 19 12 0 28 40 2 22 2 16 40 27 7 24 33 26 28 19 21 40 0 40 34 4 16 11 31 12 40 2 29 11 18 12 39 17 4 31 37 0 31 14
run=5 seed=4 k=41 f=0
7 15 39 27 11 26 4 15 19 21 11 33 34 9 21 31 17 32 21 0 24 40 4 17 37 3 40 29 37 8 29 7 12 40 2 0 17 0 30 40 22 16 21 16 1 26 22 4 10 25 0 24 39 38 9 35 28 0 34 11
run=6 seed=5 k=41 f=0
10 22 1 24 12 10 22 40 2 28 12 35 6 26 24 32 20 7 2 36 0 40 30 32 38 40 0 35 3 9 10 16 15 15 20 7 20 0 6 0 37 7 24 19 23 29 25 38 13 28 17 38 2 38 35 29 29 40 25 12
run=7 seed=6 k=41 f=0
11 25 20 25 29 22 13 5 30 40 20 7 7 32 25 0 40 10 20 0 7 16 0 33 14 22 0 33 23 10 6 33 16 17 38 38 21 39 33 0 18 25 27 33 39 30 4 2 15 31 39 0 1 12 0 12 3 39 40 29
run=8 seed=7 k=41 f=0
28 16 27 0 11 19 22 8 2 1 0 6 24 16 7 0 20 31 20 22 8 26 1 17 24 10 9 15 40 40 4 40 33 24 37 34 21 1 35 40 33 15 14 7 33 12 39 39 27 0 23 31 39 28 40 29 3 0 32 11
run=9 seed=8 k=41 f=0
30 6 12 39 40 10 12 40 2 12 12 34 34 4 9 0 18 7 31 21 29 40 16 28 38 40 0 21 40 9 25 16 0 24 1 21 5 0 6 40 34 36 15 20 8 25 1 38 11 28 17 32 0 23 35 29 10 16 3 26
run=10 seed=9 k=41 f=0
7 6 3 39 27 21 31 33 39 22 11 34 34 9 21 0 39 9 8 36 17 40 4 7 38 30 15 29 40 24 23 31 12 16 1 26 17 40 4 40 34 23 26 32 21 26 20 1 11 19 0 15 2 38 0 11 15 0 3 13
run=11 seed=10 k=41 f=0
12 7 25 40 36 21 23 32 38 34 13 34 16 14 33 1 20 9 12 0 32 16 2 0 8 31 32 25 28 13 37 40 7 16 0 24 19 39 6 0 6 7 26 33 21 28 5 3 13 40 21 6 1 28 0 11 19 40 23 29
run=12 seed=11 k=41 f=0
30 18 38 11 14 30 34 0 38 1 13 5 34 25 16 39 20 33 23 4 26 0 40 40 15 0 2 8 40 23 7 10 25 25 40 33 20 40 34 40 16 18 16 21 4 11 9 3 27 12 33 2 39 31 5 11 1 0 36 28
run=13 seed=12 k=41 f=0
33 34 21 40 13 28 40 7 36 19 40 7 6 14 19 40 10 31 32 4 23 0 39 0 4 20 18 11 0 27 26 9 28 23 39 16 23 39 33 0 35 17 13 8 18 14 36 2 29 40 6 29 1 2 0 18 25 40 31 26
run=14 seed=13 k=41 f=0
33 34 40 12 13 29 29 7 37 19 40 8 6 26 19 40 21 32 32 4 23 0 0 0 2 11 30 11 2 39 37 9 28 14 39 15 23 39 33 0 7 17 24 9 18 14 0 3 29 40 19 39 1 2 2 19 25 40 31 28
run=15 seed=14 k=41 f=0
7 6 23 29 27 22 22 33 3 21 37 33 34 26 21 0 30 9 8 0 17 40 6 40 38 21 10 29 40 20 15 31 12 17 1 26 17 1 7 40 34 23 27 32 22 26 4 38 11 0 0 4 39 38 40 12 15 0 9 13
run=16 seed=15 k=41 f=0
28 13 19 18 15 30 9 9 3 36 16 5 24 16 7 40 0 33 32 4 27 0 40 3 15 9 40 16 1 31 30 19 33 2 39 34 21 40 34 40 23 11 25 6 7 12 26 11 27 19 9 24 39 2 14 20 25 0 37 24
run=17 seed=16 k=41 f=0
11 38 25 32 36 21 11 32 38 27 13 7 6 0 26 0 40 9 10 0 7 16 0 0 14 22 18 35 33 9 12 30 16 16 27 25 22 39 6 0 27 40 26 33 24 31 2 3 15 32 39 21 1 18 0 11 3 40 23 34
run=18 seed=17 k=41 f=0
33 22 17 21 20 19 15 6 37 15 19 15 37 7 14 40 20 32 30 40 32 0 23 6 2 11 40 5 37 30 27 16 28 14 11 8 40 40 34 21 16 24 24 8 10 9 28 1 30 39 0 24 2 2 0 29 37 0 7 26
run=19 seed=18 k=41 f=0
12 0 15 22 22 21 16 32 38 38 40 34 16 8 33 40 30 9 31 13 33 9 40 37 23 21 0 24 23 10 37 18 7 16 38 26 19 39 6 0 17 26 26 33 4 28 0 3 13 40 29 0 4 11 0 11 0 40 3 14
run=20 seed=19 k=41 f=0
7 18 18 11 20 21 0 34 2 26 21 25 3 36 26 0 20 8 10 0 7 40 40 22 38 29 0 34 23 37 5 24 12 26 29 32 0 0 6 19 16 16 16 32 30 31 11 38 10 1 29 13 38 38 39 11 3 40 34 14
