run=1 seed=0 k=62 f=0
41 5 3 22 19 49 38 12 5 53 27 13 9 21 61 55 60 13 8 50 14 32 13 45 28 2 2 19 45 61 10 24 36 44 27 45 31 4 37 49 50 61 57 40 42 22 20 32 53 24 30 2 39 47 29 21 36 0 40 1
run=2 seed=1 k=62 f=0
41 5 3 22 19 49 38 12 5 53 27 13 9 21 61 55 60 13 8 50 14 32 13 45 28 2 2 19 45 61 10 24 36 44 27 45 31 4 37 49 50 61 57 40 42 22 20 32 53 24 30 2 39 47 29 21 36 0 40 1
run=3 seed=2 k=62 f=0
28 40 22 27 57 24 60 55 50 51 23 51 51 49 0 32 44 11 15 12 61 19 55 17 41 54 0 18 40 43 27 0 12 0 6 6 61 43 17 45 10 37 30 49 24 5 6 6 14 23 57 19 33 46 60 35 22 35 52 11
run=4 seed=3 k=62 f=0
24 27 12 0 13 6 6 46 55 60 8 51 28 9 53 61 60 17 0 61 2 18 32 43 13 41 61 1 28 25 20 52 12 38 48 37 7 61 16 36 52 38 1 23 46 58 1 42 15 6 37 39 31 21 52 31 58 46 30 32
run=5 seed=4 k=62 f=0
25 1 56 14 49 31 35 37 47 35 24 37 2 24 45 20 18 34 39 6 51 12 14 27 29 8 54 54 9 5 2 31 61 56 19 60 18 0 15 9 36 45 26 16 8 51 6 10 28 53 45 17 44 57 43 61 4 32 61 48
run=6 seed=5 k=62 f=0
41 13 58 59 12 23 12 4 61 15 33 52 37 10 8 32 61 0 39 20 54 24 51 17 21 19 39 31 43 48 52 1 46 28 4 38 1 16 58 58 25 45 38 10 48 14 43 45 44 7 3 35 32 58 52 33 25 23 9 61
run=7 seed=6 k=62 f=0
39 1 35 21 30 33 2 18 2 12 41 8 54 45 13 44 23 61 57 58 51 30 44 48 3 51 10 5 19 0 4 18 32 25 40 61 0 40 52 48 55 26 11 50 24 26 5 44 32 15 38 28 42 0 0 57 10 61 4 53
run=8 seed=7 k=62 f=0
61 54 15 55 39 25 20 51 8 13 22 13 40 54 23 60 48 41 4 60 38 0 2 46 21 24 0 35 13 20 6 16 14 10 11 27 43 61 29 52 40 44 0 55 34 32 34 33 61 34 31 35 1 28 19 43 55 4 8 47
run=9 seed=8 k=62 f=0
28 21 24 47 2 46 6 60 53 37 50 49 61 9 52 42 16 61 17 59 7 53 23 8 61 40 23 15 61 33 31 28 34 53 31 36 57 20 42 6 52 38 33 13 34 18 53 38 0 8 0 46 25 48 0 28 57 44 15 11
run=10 seed=9 k=62 f=0
41 61 13 23 24 35 4 50 7 52 55 3 0 19 34 31 11 49 56 12 5 41 15 48 21 28 12 23 45 57 52 49 53 41 16 16 18 25 2 61 1 61 59 0 0 29 32 43 45 37 36 12 57 38 7 18 3 9 26 10
run=11 seed=10 k=62 f=0
8 61 6 49 6 3 51 33 57 47 58 27 0 22 46 45 39 0 21 44 27 7 11 57 34 30 26 59 2 36 57 55 35 26 40 37 40 60 11 21 43 1 49 54 11 13 60 12 6 19 12 34 51 31 15 21 61 53 16 2
run=12 seed=11 k=62 f=0
9 10 61 23 51 38 9 19 11 37 24 34 15 26 26 4 31 52 31 50 58 27 3 9 44 43 46 51 53 56 10 16 35 61 9 48 46 45 34 0 1 0 28 22 23 21 42 53 15 0 35 36 60 42 14 4 61 58 35 60
run=13 seed=12 k=62 f=0
0 0 23 58 33 21 27 29 9 36 38 39 59 29 6 10 61 33 3 5 60 35 47 2 58 25 21 26 4 43 48 52 41 58 60 21 10 1 48 19 36 26 41 8 40 47 41 54 54 45 11 14 14 45 15 36 14 32 17 27
run=14 seed=13 k=62 f=0
53 35 31 45 16 28 54 61 49 25 55 48 44 56 59 7 51 60 26 26 61 19 17 24 57 7 1 0 47 57 18 45 12 4 61 1 7 47 41 20 10 38 19 54 39 28 42 6 58 23 32 13 39 52 37 14 0 37 12 30
run=15 seed=14 k=62 f=0
34 2 19 14 61 36 15 42 49 18 46 18 61 32 14 41 36 44 20 0 10 33 27 6 31 26 60 4 21 29 13 56 52 31 6 47 10 18 53 43 50 37 0 60 8 1 43 0 53 61 39 61 7 49 9 25 27 24 24 61
run=16 seed=15 k=62 f=0
17 50 21 47 61 3 0 58 35 8 54 39 23 38 7 57 43 61 10 37 30 3 59 34 44 19 26 35 53 8 3 42 46 22 38 13 26 39 31 0 16 17 52 29 28 12 6 50 58 0 61 9 33 0 9 15 48 54 9 20
run=17 seed=16 k=62 f=0
44 15 61 4 17 37 29 17 60 18 25 50 51 31 26 6 17 24 58 39 52 34 47 23 32 43 36 4 43 45 52 22 15 46 26 0 22 58 7 61 59 11 32 17 50 1 3 3 10 60 15 5 30 45 2 51 0 34 60 42
run=18 seed=17 k=62 f=0
21 2 22 59 28 37 29 43 19 5 39 17 27 26 8 42 0 13 9 3 12 33 43 20 52 61 10 54 51 43 42 60 38 20 2 55 33 29 11 45 35 52 5 0 1 59 40 61 8 45 1 15 23 36 56 50 19 0 24 23
run=19 seed=18 k=62 f=0
42 14 5 23 10 40 41 24 18 61 35 6 24 51 60 27 12 53 53 49 4 38 47 7 34 29 35 19 18 46 40 61 36 46 46 54 56 60 54 0 59 14 1 19 44 30 46 55 22 61 0 26 46 33 34 7 1 11 23 19
run=20 seed=19 k=62 f=0
20 14 10 60 25 45 41 27 10 32 39 8 24 34 7 21 44 28 43 16 45 0 41 46 48 17 18 0 23 28 60 30 33 35 1 35 38 20 59 47 53 52 11 60 13 15 17 2 26 57 7 9 2 60 0 54 10 58 6 58
