run=1 seed=0 k=60 f=0
35 46 59 24 11 1 26 12 58 18 2 6 31 40 1 59 0 11 52 42 15 37 27 9 31 50 1 55 7 45 29 6 41 37 42 27 14 46 27 24 14 33 21 26 44 58 38 17 35 59 53 46 21 20 55 32 0 49 54 1
run=2 seed=1 k=60 f=0
35 46 59 24 11 1 26 12 58 18 2 6 31 40 1 59 0 11 52 42 15 37 27 9 31 50 1 55 7 45 29 6 41 37 42 27 14 46 27 24 14 33 21 26 44 58 38 17 35 59 53 46 21 20 55 32 0 49 54 1
run=3 seed=2 k=60 f=0
30 19 8 35 21 18 24 12 25 11 22 11 11 53 58 13 14 33 49 50 2 44 29 27 58 5 57 1 36 3 26 56 35 40 41 36 52 59 33 17 10 17 50 26 40 5 36 54 30 55 44 3 46 6 0 45 29 43 38 5
run=4 seed=3 k=60 f=0
29 10 48 0 45 30 12 24 1 4 58 37 54 19 22 20 23 59 1 15 51 42 58 14 13 47 25 13 28 49 41 34 41 12 29 59 57 38 44 48 34 8 51 7 28 9 21 52 16 31 59 49 4 57 0 17 17 0 26 47
run=5 seed=4 k=60 f=0
50 19 34 26 43 27 56 43 8 15 17 54 34 44 15 28 12 48 12 29 44 1 48 49 47 59 40 22 9 15 22 52 4 56 19 34 31 4 23 42 1 59 36 10 59 10 22 58 4 41 55 29 27 34 17 50 0 59 9 6
run=6 seed=5 k=60 f=0
52 44 30 19 51 0 20 45 33 1 6 8 17 18 30 22 57 3 5 26 12 31 39 33 11 14 43 11 32 7 6 59 4 28 39 54 20 16 59 44 53 0 53 45 35 36 57 52 0 25 26 9 48 16 38 23 25 59 47 49
run=7 seed=6 k=60 f=0
50 25 52 47 46 5 46 39 22 58 35 19 45 34 22 16 0 20 3 4 51 0 40 39 29 39 30 9 17 15 46 32 32 47 55 42 37 13 26 2 5 12 58 42 57 56 8 33 9 52 54 0 30 25 34 53 38 14 59 48
run=8 seed=7 k=60 f=0
57 56 39 31 5 3 26 41 27 32 20 6 53 6 23 0 58 26 50 58 47 23 48 41 46 3 1 11 51 50 33 10 4 33 33 35 27 19 50 37 26 40 8 13 38 47 0 37 21 42 13 41 12 20 46 55 57 16 3 17
run=9 seed=8 k=60 f=0
58 36 17 32 40 13 22 48 57 33 7 21 16 47 49 24 0 9 31 17 45 58 57 53 40 27 14 24 57 3 33 11 0 2 59 3 45 55 25 10 40 36 42 37 5 27 43 45 55 47 25 6 14 18 20 31 50 36 27 51
run=10 seed=9 k=60 f=0
55 31 25 7 34 52 20 58 2 32 16 3 59 3 37 38 23 0 25 27 5 20 31 45 52 14 24 23 49 36 42 59 3 28 43 45 18 42 36 44 56 52 18 36 3 9 0 14 59 37 15 34 50 11 9 23 1 28 44 11
run=11 seed=10 k=60 f=0
59 28 38 22 2 17 35 31 47 31 23 54 48 5 12 50 0 13 11 48 59 7 55 32 22 32 52 40 28 6 57 39 27 2 56 17 45 54 9 19 13 32 25 6 30 1 16 58 39 48 38 48 23 20 44 38 47 35 15 2
run=12 seed=11 k=60 f=0
27 14 57 24 3 53 1 0 29 43 49 4 31 14 58 22 1 44 34 18 3 59 37 1 13 10 46 0 49 13 26 46 45 59 50 40 19 7 43 38 36 39 16 27 52 51 48 45 33 23 55 37 59 15 35 21 59 9 27 30
run=13 seed=12 k=60 f=0
41 11 20 28 38 15 0 21 37 24 58 45 37 14 14 4 40 10 25 45 22 37 0 1 35 54 59 51 30 13 48 50 28 3 8 57 10 39 32 0 6 30 49 33 44 19 29 24 25 17 41 38 1 58 26 55 18 56 0 18
run=14 seed=13 k=60 f=0
27 38 39 31 4 58 32 35 29 48 46 19 22 54 0 45 43 28 24 59 22 13 49 59 33 15 1 16 24 49 9 0 54 21 34 29 59 49 13 37 36 41 0 17 9 11 49 2 50 58 18 41 3 56 9 42 12 46 7 53
run=15 seed=14 k=60 f=0
24 32 21 51 13 8 47 58 39 46 54 3 0 30 56 5 56 47 22 41 20 49 39 18 39 0 40 5 0 31 16 58 11 3 32 41 17 24 45 38 6 0 39 58 30 29 3 18 11 19 59 57 36 43 15 50 52 49 8 13
run=16 seed=15 k=60 f=0
53 30 57 35 8 1 34 12 43 28 43 48 44 44 9 12 28 21 44 13 49 20 33 19 22 51 0 18 25 48 5 37 58 54 0 58 13 35 24 2 55 59 6 28 56 33 16 52 19 38 12 50 10 30 44 19 16 23 1 4
run=17 seed=16 k=60 f=0
34 34 21 52 39 44 58 55 3 11 9 5 59 51 2 2 14 4 21 0 43 14 21 14 38 58 22 52 38 0 28 28 46 17 1 54 41 26 39 19 8 35 49 59 59 29 1 21 47 22 59 13 38 50 35 12 12 10 57 49
run=18 seed=17 k=60 f=0
36 17 29 47 19 59 25 51 47 47 58 47 59 37 42 8 31 14 40 3 25 43 33 8 23 53 58 5 46 38 10 33 16 36 27 58 11 26 18 53 21 13 45 20 50 0 50 1 38 23 30 55 5 55 4 10 2 24 50 0
run=19 seed=18 k=60 f=0
58 50 51 7 16 19 18 53 28 25 17 26 0 14 21 23 21 59 41 43 3 14 11 58 48 31 19 44 54 38 4 57 30 36 52 39 17 12 6 37 45 9 27 3 10 49 26 49 11 0 28 36 54 29 48 41 0 7 33 1
run=20 seed=19 k=60 f=0
44 12 28 52 12 22 41 45 32 4 39 40 25 2 6 26 46 19 43 28 47 56 35 42 58 31 30 16 50 6 37 35 59 10 2 2 0 38 1 52 59 16 27 0 0 13 37 41 24 59 21 11 8 51 53 59 29 35 8 16
