run=1 seed=0 k=52 f=0
38 21 37 26 34 24 38 16 37 13 9 0 26 43 44 14 3 10 45 43 51 4 8 35 27 46 2 1 23 44 30 38 14 0 11 43 23 41 47 51 51 18 32 16 0 32 9 0 12 27 16 50 37 26 51 8 2 6 31 49
run=2 seed=1 k=52 f=0
38 21 37 26 34 24 38 16 37 13 9 0 26 43 44 14 3 10 45 43 51 4 8 35 27 46 2 1 23 44 30 38 14 0 11 43 23 41 47 51 51 18 32 16 0 32 9 0 12 27 16 50 37 26 51 8 2 6 31 49
run=3 seed=2 k=52 f=0
12 16 32 19 26 24 12 30 42 39 46 23 23 7 36 31 47 21 1 36 8 49 13 44 15 4 2 0 45 34 35 22 50 10 8 1 32 49 20 43 24 15 0 14 44 17 0 34 11 39 51 37 29 37 35 5 50 5 0 6
run=4 seed=3 k=52 f=0
0 12 46 16 45 26 44 37 17 32 18 4 4 11 17 1 7 0 9 29 43 25 30 27 45 37 0 9 20 49 51 51 44 21 0 34 50 10 50 36 32 36 44 17 36 12 13 40 28 18 41 5 46 17 32 2 28 24 5 18
run=5 seed=4 k=52 f=0
33 42 10 39 11 25 42 12 48 9 50 29 48 51 14 48 26 2 22 29 16 25 20 19 17 46 47 2 8 4 18 34 28 39 31 6 51 50 21 21 34 43 30 35 40 6 39 14 0 35 25 29 11 3 17 4 51 40 8 0
run=6 seed=5 k=52 f=0
38 39 45 16 43 26 36 44 33 29 0 33 0 25 44 0 29 22 21 16 7 51 16 6 47 8 46 22 12 29 51 32 32 31 2 26 50 10 22 6 37 39 50 35 38 26 9 2 0 45 0 47 17 13 0 17 51 15 25 17
run=7 seed=6 k=52 f=0
5 48 44 9 4 17 6 29 33 34 19 25 25 1 11 42 30 11 51 36 6 15 40 46 18 43 38 46 41 19 16 28 0 4 12 33 51 48 12 19 51 0 23 0 9 42 23 5 9 19 27 50 0 21 34 41 34 33 51 0
run=8 seed=7 k=52 f=0
27 51 25 51 9 32 15 51 0 17 47 45 31 46 20 23 30 50 0 18 30 14 36 0 30 40 42 6 21 22 5 44 42 27 51 37 35 43 12 13 12 37 4 9 38 3 36 47 9 0 33 1 18 17 16 22 27 50 4 6
run=9 seed=8 k=52 f=0
40 29 14 48 51 28 2 34 9 17 15 35 6 47 19 22 12 31 33 44 37 51 50 33 10 50 0 31 23 17 5 12 45 10 5 5 3 41 24 12 28 26 0 5 2 51 42 20 43 23 39 31 0 42 19 49 18 26 3 45
run=10 seed=9 k=52 f=0
4 35 49 7 43 38 16 4 10 16 0 51 0 0 36 0 37 3 12 34 27 9 27 46 23 48 37 50 25 27 10 19 9 21 23 44 32 11 28 23 51 5 43 17 48 15 31 27 1 17 19 42 26 35 32 50 51 43 45 39
run=11 seed=10 k=52 f=0
12 32 3 43 50 44 7 19 2 27 35 51 16 28 35 25 7 14 10 13 51 17 7 3 34 35 32 43 12 13 42 38 51 28 2 9 19 0 7 4 21 45 39 21 1 40 32 30 0 45 50 40 26 31 51 12 17 28 4 44
run=12 seed=11 k=52 f=0
5 38 15 50 24 7 13 49 44 23 40 0 9 0 51 32 31 48 51 18 11 24 1 1 39 3 28 14 42 41 51 44 42 36 2 51 47 0 26 35 7 28 12 40 3 17 44 21 10 18 19 21 43 16 22 31 36 26 0 14
run=13 seed=12 k=52 f=0
44 5 46 20 17 45 41 15 9 29 44 27 1 51 14 21 44 3 31 9 29 51 37 33 10 18 3 22 21 45 36 38 28 40 42 15 51 31 5 7 14 0 22 16 44 19 37 24 0 33 27 6 9 8 51 0 51 36 18 1
run=14 seed=13 k=52 f=0
51 34 47 23 42 5 48 18 37 11 51 9 37 42 28 51 31 2 27 38 1 17 17 0 2 14 51 0 33 33 24 9 6 44 34 25 33 25 0 43 17 46 10 18 35 23 37 13 0 40 6 1 51 19 35 51 3 14 26 43
run=15 seed=14 k=52 f=0
31 18 18 42 49 21 45 51 31 42 6 37 27 2 16 39 22 33 32 19 0 50 23 2 48 42 22 7 25 13 15 25 51 26 22 30 23 44 37 0 48 43 2 50 19 11 11 40 51 10 34 13 1 4 15 8 13 43 34 4
run=16 seed=15 k=52 f=0
9 34 33 39 48 46 18 40 7 17 4 28 5 16 33 26 4 39 38 24 50 9 12 29 33 31 21 41 6 8 42 17 24 51 14 0 2 25 10 51 0 31 0 7 5 38 48 17 47 12 49 51 22 0 16 32 23 16 42 48
run=17 seed=16 k=52 f=0
25 6 6 48 31 20 5 51 0 1 21 51 51 19 38 0 31 15 9 33 40 16 45 5 34 48 30 13 47 21 3 51 0 0 1 29 18 44 15 45 40 26 35 51 24 33 33 37 0 22 12 25 10 44 26 8 16 8 10 43
run=18 seed=17 k=52 f=0
40 17 13 40 27 15 45 51 24 2 25 26 26 4 51 23 50 20 7 46 38 1 22 32 43 29 0 31 17 18 35 51 12 35 17 45 47 0 19 20 46 32 45 26 33 35 22 4 12 4 26 27 40 42 9 40 0 4 10 12
run=19 seed=18 k=52 f=0
45 42 41 15 21 31 11 48 4 37 31 28 17 16 51 36 10 50 43 22 0 51 4 31 49 19 23 29 4 4 28 17 40 40 0 12 20 9 15 0 41 10 26 15 11 34 34 45 47 36 51 32 1 29 0 21 51 9 39 3
run=20 seed=19 k=52 f=0
23 40 16 14 51 44 13 38 32 0 22 7 13 33 38 9 42 51 23 12 29 18 3 22 44 3 6 8 0 32 11 0 51 11 5 50 16 0 49 31 50 35 31 37 36 45 33 24 23 14 41 51 32 15 22 16 43 2 48 27
