run=1 seed=0 k=61 f=0
39 15 3 54 7 5 47 22 28 23 6 60 34 20 9 31 52 19 24 50 57 41 38 6 0 41 15 48 60 29 30 3 60 29 33 50 17 12 0 1 37 16 45 25 14 45 60 19 34 26 46 0 10 49 56 40 60 26 27 55
run=2 seed=1 k=61 f=0
39 15 3 54 7 5 47 22 28 23 6 60 34 20 9 31 52 19 24 50 57 41 38 6 0 41 15 48 60 29 30 3 60 29 33 50 17 12 0 1 37 16 45 25 14 45 60 19 34 26 46 0 10 49 56 40 60 26 27 55
run=3 seed=2 k=61 f=0
1 27 56 5 24 14 37 53 7 22 3 36 24 39 35 39 59 52 58 29 60 9 3 44 4 14 33 43 1 58 26 0 60 42 46 52 8 24 10 51 10 53 33 38 31 30 10 29 21 45 19 13 5 16 0 60 6 17 44 47
run=4 seed=3 k=61 f=0
43 39 30 45 5 44 54 5 13 18 11 13 54 49 15 60 26 13 48 41 17 51 6 3 10 43 59 60 39 22 1 0 37 37 59 24 50 51 27 4 12 23 60 0 40 20 45 24 33 56 33 21 7 13 22 32 35 29 31 32
run=5 seed=4 k=61 f=0
43 15 42 32 18 1 22 7 14 12 51 8 39 16 1 5 58 8 55 24 57 35 47 4 40 47 20 26 52 60 29 45 12 17 2 50 17 57 45 33 9 12 39 22 28 48 31 27 39 25 40 10 0 37 30 50 26 59 1 60
run=6 seed=5 k=61 f=0
37 34 10 49 23 28 21 34 57 19 6 60 44 39 19 28 31 24 49 24 56 9 4 5 2 57 59 9 1 40 51 17 57 3 10 22 52 44 60 26 23 0 53 60 60 14 37 9 41 0 32 10 9 38 13 19 58 0 44 45
run=7 seed=6 k=61 f=0
27 20 18 5 59 39 59 60 3 14 6 12 53 0 20 42 15 36 50 22 12 60 37 27 55 56 13 42 54 49 32 0 10 9 4 52 50 0 34 59 22 29 18 58 6 38 40 15 4 29 39 16 46 18 45 51 37 0 46 33
run=8 seed=7 k=61 f=0
40 59 34 32 44 16 37 32 5 27 24 12 44 40 53 25 1 12 1 35 15 48 59 56 51 44 2 10 27 21 20 40 18 49 19 3 57 0 56 2 13 9 21 6 10 24 18 29 37 28 47 55 53 60 60 42 30 33 0 36
run=9 seed=8 k=61 f=0
59 19 25 48 46 55 60 2 23 3 12 0 0 3 53 29 7 59 0 60 6 46 20 39 16 16 22 14 17 7 49 38 29 31 60 60 9 13 38 45 31 51 22 36 59 35 4 4 54 40 56 43 26 22 49 43 8 19 26 51
run=10 seed=9 k=61 f=0
39 50 38 58 15 4 16 47 51 21 31 26 45 9 4 21 53 46 4 49 0 59 35 11 31 32 2 54 26 28 60 35 24 39 32 8 49 60 0 17 17 25 26 52 41 33 22 32 2 18 46 40 41 56 11 17 46 60 10 13
run=11 seed=10 k=61 f=0
47 59 48 20 24 45 53 30 0 5 57 27 43 51 0 31 36 7 14 15 38 20 35 52 57 23 9 59 21 31 1 6 28 0 33 0 36 21 49 16 40 45 39 31 45 55 41 57 43 51 59 35 12 56 55 10 0 7 28 10
run=12 seed=11 k=61 f=0
11 37 45 0 13 33 59 17 57 52 44 30 36 6 5 28 42 2 35 35 21 2 46 11 19 21 58 30 42 26 35 51 52 24 25 14 39 59 53 60 16 59 39 17 57 0 22 11 6 60 48 21 51 43 48 0 4 23 9 46
run=13 seed=12 k=61 f=0
58 31 57 46 26 31 13 23 10 32 47 37 38 26 13 14 47 27 60 32 21 6 54 59 22 17 11 3 54 20 40 51 28 0 47 45 9 60 12 20 33 40 39 11 38 0 27 18 25 57 2 1 5 0 51 44 10 47 58 0
run=14 seed=13 k=61 f=0
16 42 26 32 41 7 17 59 0 25 20 8 30 33 56 17 5 40 10 10 0 25 19 59 48 59 18 47 7 5 23 59 10 52 1 53 60 33 27 2 40 45 2 59 2 36 9 45 47 16 53 51 29 32 23 17 23 23 36 31
run=15 seed=14 k=61 f=0
49 35 23 6 55 52 39 13 28 17 40 0 35 57 56 16 16 34 8 55 27 60 14 15 57 26 29 25 11 58 2 43 6 59 40 49 31 0 33 13 48 33 22 12 29 22 32 19 55 41 38 23 7 0 45 38 19 42 4 39
run=16 seed=15 k=61 f=0
30 16 0 50 18 13 60 24 39 51 19 54 41 18 12 56 59 20 0 43 26 47 29 23 25 50 31 5 44 9 36 10 55 47 60 34 44 60 37 22 55 51 3 43 36 35 38 3 9 41 1 8 29 30 33 52 39 0 59 4
run=17 seed=16 k=61 f=0
44 7 12 2 39 5 36 55 60 54 20 0 38 7 54 34 49 16 19 6 42 16 45 31 12 31 11 33 48 45 56 52 20 43 58 28 58 34 14 13 25 25 0 51 60 49 24 40 21 40 37 0 11 10 60 23 1 28 60 47
run=18 seed=17 k=61 f=0
26 0 11 47 13 37 20 8 30 51 12 60 22 46 60 25 6 60 58 28 42 51 13 56 4 18 30 0 26 8 57 6 51 31 40 11 6 20 59 42 39 20 44 27 36 15 55 0 25 34 16 6 44 31 2 50 50 33 57 17
run=19 seed=18 k=61 f=0
55 4 56 58 54 31 1 58 41 24 2 51 60 46 48 27 27 15 39 30 43 55 35 23 13 1 15 0 11 39 20 10 28 50 2 21 43 24 16 17 53 49 7 45 49 34 26 15 12 42 4 55 59 21 37 2 31 5 17 0
run=20 seed=19 k=61 f=0
43 35 60 22 50 35 2 5 15 28 0 29 15 10 53 16 23 7 36 60 27 45 4 31 49 32 14 60 30 40 41 54 26 19 28 60 21 28 45 6 59 41 60 15 8 48 30 23 54 14 1 20 2 0 41 51 19 36 13 0
