run=1 seed=0 k=102 f=0
69 98 39 85 83 82 88 48 15 29 56 19 20 19 29 25 96 33 59 101 32 7 87 39 14 53 94 55 62 75 73 66 101 101 23 39 37 10 22 82 3 11 42 23 2 91 51 98 70 62 53 28 44 38 68 57 0 50 73 73 27 55 89 1 2 35 10 39 19 65 76 99 84 60 20 54 44 14 44 89 49 92 66 92 86 6 11 25 56 80
run=2 seed=1 k=102 f=0
69 98 39 85 83 82 88 48 15 29 56 19 20 19 29 25 96 33 59 101 32 7 87 39 14 53 94 55 62 75 73 66 101 101 23 39 37 10 22 82 3 11 42 23 2 91 51 98 70 62 53 28 44 38 68 57 0 50 73 73 27 55 89 1 2 35 10 39 19 65 76 99 84 60 20 54 44 14 44 89 49 92 66 92 86 6 11 25 56 80
run=3 seed=2 k=102 f=0
39 52 32 89 27 77 90 52 87 78 5 15 33 53 55 99 97 51 51 44 32 91 65 6 1 79 80 14 66 42 0 78 101 1 62 83 70 101 64 83 11 0 72 44 18 47 54 10 59 68 33 79 31 85 17 32 41 1 20 29 23 43 57 61 94 96 60 56 60 100 11 97 2 92 88 96 2 67 87 48 69 11 25 38 101 22 45 58 23 7
run=4 seed=3 k=102 f=0
22 52 48 96 45 70 37 22 49 43 40 17 81 79 16 15 54 37 79 85 28 66 4 6 25 101 84 33 22 15 34 5 94 65 8 37 64 99 10 48 1 50 50 79 96 39 69 85 82 46 41 7 10 24 90 41 60 73 100 84 25 1 97 17 31 3 55 56 76 73 2 98 91 29 76 69 23 35 14 24 89 36 57 82 57 56 62 64 85 68
run=5 seed=4 k=102 f=0
31 33 58 68 13 37 63 45 74 39 98 44 52 65 68 17 100 34 34 23 68 85 60 21 56 70 94 11 54 2 25 59 40 8 64 24 89 88 68 18 15 89 60 0 44 5 34 16 55 92 44 23 83 73 19 97 42 59 48 80 63 97 27 78 0 53 3 23 12 54 41 69 0 76 49 18 24 82 34 8 3 101 5 27 79 100 11 35 79 5
run=6 seed=5 k=102 f=0
32 18 82 90 68 73 62 3 23 79 82 5 88 24 63 26 34 19 100 26 67 85 57 69 87 62 98 1 38 15 7 57 40 58 45 42 55 81 12 15 59 18 93 35 73 82 57 49 49 88 78 81 14 33 48 99 86 95 101 63 77 35 40 69 67 60 51 15 39 42 8 72 27 27 0 3 12 50 51 78 11 77 86 37 92 6 97 33 0 54
run=7 seed=6 k=102 f=0
51 36 82 87 74 1 40 51 34 16 18 78 63 47 32 95 0 78 61 88 9 72 40 0 101 42 42 1 29 78 74 54 14 21 0 89 36 66 12 71 5 66 87 42 87 45 57 88 15 96 62 100 84 101 100 73 11 95 1 6 65 30 66 13 33 60 78 70 80 27 57 61 49 23 33 48 96 51 28 92 20 38 26 5 98 83 24 101 9 62
run=8 seed=7 k=102 f=0
101 21 53 23 11 34 74 7 78 19 17 1 97 84 37 101 17 80 62 48 11 59 90 56 91 39 65 27 25 82 101 76 51 23 80 87 81 96 85 60 13 28 59 86 32 71 2 55 55 8 1 59 27 20 13 69 3 90 83 72 75 9 0 0 39 25 36 43 95 95 33 39 46 7 65 56 45 30 0 75 51 37 6 50 68 19 98 46 97 92
run=9 seed=8 k=102 f=0
16 84 7 59 81 94 45 100 21 69 67 24 10 99 25 38 82 36 31 47 15 64 51 76 76 11 38 5 5 3 89 97 83 79 23 50 78 68 13 99 50 54 46 61 89 42 73 46 65 94 67 54 30 10 2 38 91 53 6 56 41 4 58 101 32 29 13 22 79 26 58 87 3 33 20 42 83 92 88 46 0 71 70 89 27 66 74 101 86 53
run=10 seed=9 k=102 f=0
13 10 1 1 89 16 92 40 56 74 63 88 28 101 41 77 58 12 10 3 47 98 79 75 3 84 54 63 7 43 46 20 57 21 97 55 98 61 54 2 92 53 1 33 32 49 84 3 35 66 81 82 3 61 98 82 1 78 90 69 19 93 78 50 72 101 64 49 32 17 29 26 44 19 75 25 48 100 15 85 39 70 39 89 81 9 94 66 19 38
run=11 seed=10 k=102 f=0
7 11 79 41 84 80 89 25 0 79 35 78 80 76 44 49 86 0 95 6 42 100 91 6 60 54 30 66 58 18 45 65 57 58 62 88 99 67 99 86 67 74 15 23 9 71 46 57 6 39 99 48 15 37 35 49 46 27 55 29 70 19 89 47 74 31 38 71 26 51 29 48 61 12 77 91 14 92 96 100 0 15 42 91 84 35 96 75 1 9
run=12 seed=11 k=102 f=0
71 31 46 5 21 7 73 43 65 19 2 92 62 68 89 55 61 70 31 36 99 64 37 19 35 4 100 28 40 66 28 46 7 16 52 0 12 80 87 52 91 16 0 60 9 44 96 45 68 77 55 7 99 92 26 32 71 97 74 24 45 101 1 53 61 97 30 48 25 76 85 84 23 26 35 41 23 49 52 32 80 5 55 93 90 78 13 40 21 19
run=13 seed=12 k=102 f=0
80 65 61 44 49 15 41 63 31 0 40 99 7 56 55 94 50 66 0 70 4 32 66 16 44 0 5 40 99 95 78 83 96 10 87 46 69 51 74 23 26 12 22 29 68 47 101 88 8 26 64 8 35 38 79 5 66 32 49 60 57 9 55 89 88 98 24 76 101 72 73 91 84 86 98 78 70 80 19 36 55 26 45 34 92 64 16 57 50 41
run=14 seed=13 k=102 f=0
72 8 51 83 22 46 8 71 58 41 4 28 2 0 41 31 25 36 74 84 70 79 19 32 81 72 63 12 17 97 9 45 24 97 5 21 79 62 14 88 76 100 6 68 59 35 25 96 2 100 41 89 15 37 19 87 85 56 22 90 63 0 23 80 35 12 57 67 92 21 53 48 84 101 91 29 1 8 39 87 12 63 74 28 51 68 42 51 98 59
run=15 seed=14 k=102 f=0
72 30 54 12 79 101 83 24 39 34 37 20 42 81 26 23 1 25 35 65 50 79 69 30 10 16 46 82 11 99 60 42 89 13 50 65 48 53 89 101 24 17 64 40 84 64 63 72 40 57 5 55 95 71 93 80 94 11 0 0 9 94 16 77 71 47 34 45 98 54 45 28 73 80 34 29 87 71 75 2 59 8 58 4 86 57 84 86 69 101
run=16 seed=15 k=102 f=0
18 12 75 35 86 99 23 25 79 68 55 70 62 26 88 91 10 91 51 13 84 74 3 21 43 1 85 9 3 6 41 37 39 49 70 52 33 35 83 1 67 78 6 1 60 98 8 28 25 44 15 37 59 18 79 57 96 54 66 4 35 81 42 27 70 88 80 30 46 60 20 62 87 77 67 59 45 44 92 13 26 5 14 60 101 28 97 94 57 53
run=17 seed=16 k=102 f=0
70 57 81 34 15 44 19 37 53 60 81 66 19 27 78 45 73 95 81 33 68 37 69 50 14 61 22 97 47 0 84 28 31 69 62 19 47 82 97 2 58 76 7 101 90 25 25 1 98 11 72 4 50 95 51 63 40 11 101 100 90 3 26 18 21 88 37 68 16 63 44 35 81 91 0 1 35 83 91 40 8 53 72 31 47 62 26 100 73 34
run=18 seed=17 k=102 f=0
37 74 95 47 31 11 48 93 77 69 32 57 5 6 24 24 72 21 48 21 98 35 81 38 92 53 10 100 91 22 45 1 46 5 22 50 1 47 58 84 57 59 29 62 65 95 74 55 80 94 30 31 26 39 88 37 100 14 90 5 10 15 1 101 72 99 57 82 45 73 61 21 42 71 35 70 28 85 75 63 79 10 45 80 66 55 0 101 3 13
run=19 seed=18 k=102 f=0
46 74 25 51 93 78 45 70 59 33 37 29 8 69 25 10 82 35 81 85 97 25 47 61 95 100 27 71 30 70 55 34 81 58 56 84 2 86 5 88 9 72 16 95 21 37 80 23 47 9 86 12 22 3 49 101 26 64 45 57 0 43 82 75 94 39 61 77 15 1 42 100 56 74 91 39 70 97 55 16 51 62 3 28 0 51 65 43 90 3
run=20 seed=19 k=102 f=0
76 100 17 70 61 33 77 0 24 88 93 87 30 7 58 3 57 97 48 33 23 56 47 54 70 19 0 38 23 33 85 65 101 90 33 80 44 8 45 14 49 40 67 0 18 68 73 47 95 0 93 101 40 9 53 78 21 23 14 28 64 61 93 82 18 101 34 37 83 8 13 55 50 5 73 97 88 17 5 64 90 74 63 39 48 91 31 83 88 46
