run=1 seed=0 k=104 f=0
39 22 89 43 22 44 90 68 1 85 11 3 26 25 100 29 100 10 101 24 103 8 55 103 94 18 20 3 85 80 71 0 81 76 5 96 30 96 86 48 0 40 52 102 56 57 70 52 41 31 53 102 91 77 23 81 87 68 84 43 49 73 36 38 40 61 30 20 71 65 67 15 75 7 82 31 74 36 59 74 15 51 12 2 94 16 58 91 74 46
run=2 seed=1 k=104 f=0
39 22 89 43 22 44 90 68 1 85 11 3 26 25 100 29 100 10 101 24 103 8 55 103 94 18 20 3 85 80 71 0 81 76 5 96 30 96 86 48 0 40 52 102 56 57 70 52 41 31 53 102 91 77 23 81 87 68 84 43 49 73 36 38 40 61 30 20 71 65 67 15 75 7 82 31 74 36 59 74 15 51 12 2 94 16 58 91 74 46
run=3 seed=2 k=104 f=0
82 83 39 92 98 26 55 103 82 91 79 75 53 21 103 89 87 5 24 36 10 44 65 27 47 55 54 70 85 5 0 74 4 35 9 20 12 49 89 41 13 102 96 56 59 24 52 74 48 13 103 37 65 47 64 0 62 61 52 5 0 70 55 80 13 40 101 80 66 46 103 99 94 93 41 82 14 69 22 19 33 2 97 23 95 34 31 84 69 71
run=4 seed=3 k=104 f=0
58 24 18 76 7 78 96 0 17 32 85 3 54 11 72 41 60 47 57 23 32 62 30 6 97 85 58 9 67 100 102 12 96 22 70 89 102 62 50 85 0 52 96 103 80 43 65 46 30 18 39 5 9 19 32 89 28 14 74 51 99 16 103 1 71 69 77 66 4 23 54 74 67 23 76 61 56 83 39 28 101 88 34 10 96 36 40 68 15 25
run=5 seed=4 k=104 f=0
85 52 10 14 99 15 81 91 100 77 40 34 42 100 99 46 37 0 81 53 84 28 72 63 69 28 87 2 8 4 55 62 32 50 45 101 103 38 79 25 45 95 8 87 92 59 20 58 66 58 32 29 11 26 63 45 15 92 22 22 44 1 51 100 57 31 47 13 70 102 89 9 19 74 72 77 5 53 12 84 37 4 75 24 103 16 81 25 56 47
run=6 seed=5 k=104 f=0
19 34 101 16 7 78 88 41 4 48 49 48 23 96 58 52 12 75 93 70 22 75 7 61 99 92 87 65 12 71 81 65 98 84 47 14 9 31 66 29 37 56 101 67 83 79 61 39 25 61 5 47 70 30 4 49 81 89 90 69 82 27 100 20 17 20 29 13 1 53 42 40 99 52 50 18 94 103 33 0 103 39 62 56 10 42 0 28 6 34
run=7 seed=6 k=104 f=0
5 39 24 92 4 69 102 27 94 57 71 67 85 53 66 8 57 0 47 102 0 82 92 46 29 42 20 16 67 69 100 74 56 55 54 15 100 101 64 45 38 61 74 9 61 0 75 14 75 103 78 40 8 99 91 37 12 22 36 52 49 43 22 82 47 2 15 92 52 33 24 82 87 92 68 42 81 103 26 10 22 89 50 7 10 32 32 60 91 17
run=8 seed=7 k=104 f=0
9 14 90 103 61 47 89 33 0 17 27 56 83 46 17 24 68 83 101 96 103 80 36 0 85 18 33 24 73 22 5 46 74 95 3 96 35 40 9 1 57 75 61 12 10 62 36 93 9 76 85 17 40 15 72 56 27 50 56 32 48 61 101 53 78 19 26 97 35 67 4 69 31 103 101 41 85 12 6 61 68 91 76 22 18 93 89 42 3 27
run=9 seed=8 k=104 f=0
40 80 0 45 103 64 54 85 30 84 31 73 60 95 87 22 9 29 33 99 89 103 9 19 12 103 63 70 23 73 57 64 100 11 5 28 1 36 4 49 28 40 55 93 82 14 87 20 54 17 82 6 84 15 80 99 94 26 9 97 46 38 57 71 72 47 69 51 74 35 3 103 36 68 62 59 83 9 82 0 0 51 6 22 18 78 94 96 92 50
run=10 seed=9 k=104 f=0
14 84 55 7 18 21 66 27 10 56 16 51 2 49 69 61 76 4 46 67 93 0 27 93 23 39 38 47 26 102 7 72 80 93 55 42 86 74 40 28 86 5 46 39 82 9 96 54 1 96 71 94 61 98 83 102 89 96 45 98 21 33 42 26 2 91 18 5 103 79 33 75 69 56 52 26 62 21 54 63 12 37 29 60 79 35 10 50 81 90
run=11 seed=10 k=104 f=0
28 32 42 101 34 41 72 71 59 83 13 102 72 22 88 77 95 10 43 44 92 53 59 85 34 36 32 51 64 14 7 103 23 28 100 71 69 49 57 2 90 60 0 83 2 37 32 30 52 87 50 40 27 85 101 89 17 80 35 89 44 48 81 66 94 6 52 59 5 23 59 16 19 96 75 51 15 66 74 58 67 28 98 81 22 46 4 1 101 55
run=12 seed=11 k=104 f=0
47 78 85 5 83 7 65 49 66 83 28 12 15 81 61 17 74 101 103 18 86 25 53 55 65 3 28 75 71 97 46 94 40 0 34 45 23 34 40 32 38 79 22 55 75 69 96 21 60 18 15 21 96 68 91 98 47 93 0 56 35 2 52 11 65 81 38 32 36 78 68 102 88 84 28 23 47 45 44 90 8 59 31 83 103 3 52 64 88 63
run=13 seed=12 k=104 f=0
96 2 98 72 60 16 93 65 9 43 78 28 53 54 88 24 102 3 69 92 85 16 29 32 62 25 3 74 76 45 36 98 23 41 42 66 47 31 4 1 88 20 21 37 44 80 14 24 8 44 14 6 61 90 57 51 81 36 70 34 35 75 38 81 88 70 44 88 31 24 74 15 53 69 14 103 0 99 0 82 7 48 89 99 54 14 91 63 60 67
run=14 seed=13 k=104 f=0
98 85 47 23 75 56 48 3 89 67 65 57 102 94 83 51 28 69 90 90 28 16 17 42 7 19 89 54 35 70 75 2 62 103 29 75 27 77 29 6 6 22 46 38 35 75 89 100 100 51 53 1 91 44 24 67 14 37 10 96 42 24 77 59 17 15 27 45 79 81 34 16 65 48 0 58 29 13 50 1 66 101 2 93 41 22 9 33 62 85
run=15 seed=14 k=104 f=0
16 71 87 5 44 16 57 8 31 42 58 35 88 54 36 65 20 74 2 6 102 29 21 95 100 29 80 76 4 35 40 78 1 23 96 42 102 98 89 47 90 25 0 50 92 60 11 94 13 49 19 65 66 12 84 62 62 71 88 84 3 50 6 11 49 103 92 21 45 65 90 8 98 27 58 71 70 45 33 76 37 53 38 37 18 10 80 55 21 94
run=16 seed=15 k=104 f=0
101 90 59 39 48 43 18 88 7 80 75 80 56 84 82 26 72 91 36 25 53 42 93 11 40 40 50 4 72 60 99 69 67 50 28 13 34 0 9 43 5 62 100 7 18 74 12 53 47 64 28 3 19 92 68 61 15 16 86 64 2 51 30 33 32 79 50 10 9 21 26 88 102 25 81 78 87 93 38 33 0 103 101 18 95 0 55 102 97 13
run=17 seed=16 k=104 f=0
76 18 57 100 13 96 42 103 72 6 21 27 71 71 59 65 8 15 93 63 103 90 45 54 86 46 84 27 99 38 1 47 1 5 44 82 53 44 59 44 27 80 30 35 24 81 85 64 89 74 18 61 60 5 78 84 68 35 0 40 100 0 88 53 13 20 93 74 12 75 66 63 1 100 24 25 12 6 39 31 56 33 47 93 72 88 34 65 19 84
run=18 seed=17 k=104 f=0
41 70 85 99 19 42 33 103 49 103 16 56 90 56 28 76 103 71 94 43 103 89 77 84 19 29 8 4 65 66 36 49 13 94 56 8 99 53 70 21 44 71 82 98 2 48 74 33 14 47 78 79 66 27 34 88 101 75 79 64 36 33 67 22 28 5 93 46 58 55 60 82 0 0 88 90 58 35 33 47 39 6 23 5 95 59 78 20 103 9
run=19 seed=18 k=104 f=0
79 2 57 55 92 86 63 21 4 54 82 75 69 3 50 9 31 50 77 99 42 18 37 0 40 100 103 29 46 14 12 70 17 92 20 96 0 60 6 37 94 13 28 103 63 85 34 97 46 88 28 84 56 1 14 53 103 59 5 23 12 81 39 1 45 31 98 71 91 81 80 92 66 9 40 29 70 47 22 27 34 50 11 71 58 99 23 64 54 76
run=20 seed=19 k=104 f=0
33 40 0 66 103 39 49 87 28 42 55 8 64 64 89 28 73 103 79 12 5 20 55 74 98 3 58 50 25 0 11 71 102 58 27 102 18 6 47 1 103 88 31 76 47 78 85 97 84 17 89 35 59 16 21 65 51 55 100 13 48 87 15 89 98 53 90 2 47 10 65 70 93 43 37 1 12 50 77 32 60 38 83 78 30 13 27 25 8 53
