run=7 seed=6 k=69 f=0
33 4 32 8 68 43 32 34 29 12 59 49 40 3 4 20 24 39 0 15 53 40 28 68 5 52 23 56 54 52 45 31 49 65 26 26 0 5 11 68 14 47 56 50 47 60 55 9 41 68 62 11 8 38 29 17 17 11 1 67 59 57 66 13 49 0 20 36 68 43 46 21 17 28 0 56 24 1 36 58 61 8 60 21 24 19 33 34 60 62
run=8 seed=7 k=69 f=0
41 4 8 22 11 16 43 35 54 50 1 49 46 2 17 20 24 39 60 63 56 39 37 13 44 52 60 68 67 4 15 48 7 65 19 26 12 5 48 57 46 7 56 49 31 65 67 68 41 68 29 19 8 41 29 43 28 24 24 54 59 67 37 13 12 25 52 4 15 68 46 33 17 0 0 53 58 52 43 63 0 68 1 21 33 32 33 38 30 62
run=9 seed=8 k=69 f=0
57 3 2 60 44 16 15 49 2 30 43 49 62 38 44 20 24 39 10 6 13 53 32 4 0 52 31 6 47 41 15 40 19 65 68 26 12 5 35 68 55 48 56 49 34 1 10 68 41 68 22 0 8 27 29 42 56 37 23 44 59 67 36 13 12 25 35 53 32 50 46 21 17 26 0 17 33 13 58 34 63 0 54 21 68 53 33 68 63 62
run=10 seed=9 k=69 f=0
43 3 9 16 26 18 35 12 52 66 25 49 47 2 20 44 24 39 55 43 51 36 34 65 16 52 8 11 44 33 15 21 5 65 6 26 0 5 35 30 60 30 56 50 68 56 60 0 41 68 50 8 8 38 29 43 64 68 59 31 59 60 31 13 49 60 19 5 68 42 46 22 17 13 0 48 68 0 16 57 12 0 9 21 7 37 33 24 52 62
run=11 seed=10 k=69 f=0
44 4 18 54 50 44 50 35 65 62 1 49 39 2 27 55 24 39 32 40 65 36 60 68 17 52 11 17 15 45 46 45 49 65 5 26 32 5 49 1 38 59 56 51 8 21 33 0 41 68 61 24 8 14 29 17 39 65 18 68 59 41 54 13 12 26 62 28 9 22 46 12 17 56 0 68 61 30 31 17 0 25 36 21 52 8 33 1 7 62
run=12 seed=11 k=69 f=0
29 64 65 52 14 50 12 56 2 6 15 19 7 0 46 6 44 29 28 63 56 31 53 0 36 16 44 58 34 10 51 18 34 3 3 42 68 63 23 1 68 10 12 23 47 40 6 42 27 0 28 58 60 52 39 17 61 14 25 24 9 14 56 55 32 29 28 57 0 35 22 48 51 53 68 32 59 59 49 68 68 43 68 47 37 25 35 19 41 6
run=13 seed=12 k=69 f=0
6 4 35 68 16 17 9 37 51 15 26 49 54 32 27 58 24 39 49 59 51 37 48 9 29 52 38 59 23 57 45 10 68 65 6 26 22 5 11 34 16 31 56 50 68 0 60 68 41 68 3 42 8 39 29 44 63 13 43 44 59 19 27 13 49 59 29 3 68 21 46 66 17 61 0 54 0 48 5 17 0 22 33 21 16 41 33 29 66 62
run=14 seed=13 k=69 f=0
44 3 2 15 36 18 10 12 25 68 50 49 48 68 16 66 24 39 26 5 56 36 61 42 57 52 64 53 37 55 17 10 37 65 6 26 11 5 44 30 47 31 56 45 41 67 13 61 41 68 7 2 8 17 29 51 62 58 42 31 59 21 12 13 35 38 53 5 23 24 46 1 17 22 0 53 9 32 15 68 48 0 0 21 68 6 33 0 19 62
