run=1 seed=0 k=79 f=0
78 20 42 58 32 45 19 64 73 24 57 66 5 9 70 39 36 19 47 34 75 0 24 77 51 69 39 53 30 8 78 27 17 74 40 32 1 56 25 38 48 52 9 66 78 11 6 21 56 4 0 38 24 71 0 32 21 27 17 16 78 6 11 29 15 5 63 61 44 17 63 46 43 61 50 1 77 31 6 53 11 61 59 39 67 45 13 68 72 59
run=2 seed=1 k=79 f=0
78 20 42 58 32 45 19 64 73 24 57 66 5 9 70 39 36 19 47 34 75 0 24 77 51 69 39 53 30 8 78 27 17 74 40 32 1 56 25 38 48 52 9 66 78 11 6 21 56 4 0 38 24 71 0 32 21 27 17 16 78 6 11 29 15 5 63 61 44 17 63 46 43 61 50 1 77 31 6 53 11 61 59 39 67 45 13 68 72 59
run=3 seed=2 k=79 f=0
4 0 70 61 34 24 72 0 73 25 16 63 0 75 42 6 24 1 61 50 57 46 18 39 12 59 31 68 39 3 10 38 33 46 10 77 38 57 70 49 66 0 11 16 78 57 59 33 44 16 22 21 72 53 30 65 74 76 78 70 52 55 51 78 36 44 1 32 69 78 66 17 31 10 38 44 53 16 7 73 15 26 2 21 32 24 7 49 54 49
run=4 seed=3 k=79 f=0
53 64 57 19 78 54 4 27 47 25 4 22 7 66 59 0 60 8 49 35 51 39 22 31 15 19 3 75 39 49 47 10 48 16 3 73 41 0 72 13 13 44 78 43 68 28 26 31 53 42 57 59 78 21 35 65 70 0 17 59 33 45 22 49 41 13 21 32 78 71 25 67 12 72 69 54 73 63 26 77 30 62 4 57 68 20 2 40 78 29
run=5 seed=4 k=79 f=0
61 56 41 70 1 42 55 31 54 49 39 49 20 58 11 64 16 69 49 30 71 36 52 47 77 53 62 25 29 37 46 5 42 3 19 19 15 50 78 78 23 55 59 15 41 66 10 64 72 30 77 65 39 28 36 21 67 4 47 28 0 1 32 23 67 6 44 17 22 28 45 35 9 53 78 41 30 0 10 59 14 78 74 13 62 30 63 9 77 6
run=6 seed=5 k=79 f=0
31 49 47 42 22 55 13 23 71 15 74 64 27 1 45 42 45 52 9 11 23 69 62 33 34 10 50 67 31 4 63 57 56 32 39 7 49 5 51 11 26 29 42 66 65 21 35 28 55 29 12 76 78 0 77 37 49 0 46 53 38 21 12 22 67 0 24 4 37 19 60 73 18 39 69 69 14 78 2 12 78 16 44 14 63 71 0 65 48 35
run=7 seed=6 k=79 f=0
57 70 75 0 22 42 75 68 64 45 72 42 19 22 41 38 0 11 59 42 54 13 13 77 69 27 18 27 42 46 71 77 62 20 35 24 22 1 36 69 36 17 74 60 17 10 21 4 64 78 8 65 49 0 32 25 9 34 4 51 34 0 29 66 8 77 31 9 63 69 59 77 7 0 41 70 12 57 24 11 28 47 55 50 33 50 17 28 3 55
run=8 seed=7 k=79 f=0
68 57 51 24 26 43 66 8 71 50 13 25 72 37 31 76 71 56 46 25 66 29 25 78 2 42 16 16 61 58 78 5 53 67 1 46 75 1 39 0 29 34 48 23 54 9 13 59 33 63 0 76 51 12 76 31 68 45 52 64 78 12 35 35 55 17 4 31 43 7 8 56 16 62 26 78 6 35 0 2 20 59 78 20 74 20 0 49 30 13
run=9 seed=8 k=79 f=0
54 34 78 19 78 47 0 59 37 37 39 60 70 11 8 9 20 7 52 28 58 69 30 62 29 37 44 65 32 53 50 23 17 52 27 43 22 0 77 0 75 14 65 14 73 34 55 8 9 28 0 78 66 62 32 71 45 77 78 1 75 48 64 44 12 21 39 57 49 70 14 70 51 49 58 72 60 11 65 2 38 0 30 23 7 41 1 30 61 72
run=10 seed=9 k=79 f=0
41 18 69 35 32 0 13 48 42 8 53 2 0 78 70 67 20 64 42 21 29 57 11 78 54 39 43 31 50 62 6 78 59 6 68 36 66 56 33 16 30 37 73 39 1 75 55 63 50 78 70 67 59 24 15 26 58 7 63 12 69 31 7 32 66 78 38 73 0 1 45 24 27 37 0 16 48 11 44 31 50 8 34 23 72 50 11 22 1 53
run=11 seed=10 k=79 f=0
78 68 29 0 61 12 53 2 25 18 41 50 64 21 40 14 70 16 70 7 35 55 11 55 66 53 8 56 47 67 3 44 18 56 40 28 61 39 33 70 60 51 66 78 26 0 1 0 14 62 30 36 23 31 25 72 21 10 26 76 39 0 61 0 78 49 16 57 62 22 47 32 5 46 32 12 65 37 72 4 4 78 34 9 17 30 78 77 7 43
run=12 seed=11 k=79 f=0
11 53 24 21 69 44 54 59 13 39 67 18 66 49 0 32 3 62 53 52 39 71 62 51 58 21 34 27 61 60 74 63 75 73 12 0 63 37 24 53 67 45 0 78 41 6 6 68 48 78 2 23 57 0 9 29 35 44 11 49 11 23 48 51 48 4 38 1 24 43 27 77 35 23 42 57 18 10 32 39 17 78 56 17 2 31 68 78 11 32
run=13 seed=12 k=79 f=0
62 30 61 78 37 19 10 3 7 71 44 53 78 47 68 44 12 39 56 72 51 76 14 50 16 0 70 43 56 8 65 8 56 14 26 14 11 46 31 28 26 1 57 8 0 47 13 50 78 21 0 2 34 78 68 36 48 37 27 26 70 35 68 28 63 60 30 77 36 40 6 1 43 20 51 63 75 32 13 24 69 20 28 78 59 2 61 60 76 75
run=14 seed=13 k=79 f=0
34 72 35 44 62 47 66 36 8 67 75 66 68 45 20 31 40 17 40 37 20 52 49 60 75 6 9 4 21 72 28 78 42 10 2 38 47 62 1 58 65 58 52 1 57 1 60 17 32 78 0 31 23 50 74 28 23 77 3 0 59 15 24 30 22 78 40 47 45 33 0 9 13 14 67 32 68 51 13 5 9 69 38 43 28 29 48 22 1 56
run=15 seed=14 k=79 f=0
16 6 35 15 17 51 49 67 3 24 25 47 1 0 58 78 23 64 48 39 58 43 38 63 3 9 23 43 20 5 69 21 49 3 9 28 5 12 47 77 49 31 38 18 56 27 14 64 61 0 78 7 36 40 73 26 74 38 49 33 69 12 20 30 58 41 77 43 13 55 52 66 16 12 44 55 78 42 5 71 0 66 10 20 72 20 78 32 32 56
run=16 seed=15 k=79 f=0
41 4 11 44 78 12 49 67 20 69 26 68 17 39 2 12 18 57 35 47 54 20 48 61 52 71 24 23 21 70 64 42 73 50 5 75 78 24 77 55 77 16 6 70 70 7 78 32 60 10 14 7 51 27 41 0 51 29 35 28 43 62 77 78 58 61 60 78 78 33 65 16 25 45 0 72 53 52 7 8 0 61 43 15 68 37 34 0 69 28
run=17 seed=16 k=79 f=0
58 77 12 19 78 69 66 77 14 70 46 20 72 54 35 15 17 6 31 78 3 37 9 3 27 59 78 43 1 58 25 59 22 40 66 64 66 28 0 78 10 52 63 21 65 46 5 4 28 43 47 12 73 7 50 35 24 0 11 7 52 42 73 78 21 59 20 54 20 70 23 36 10 15 34 35 47 29 28 11 72 43 26 14 67 54 0 39 75 67
run=18 seed=17 k=79 f=0
78 47 28 19 42 43 36 0 78 5 66 60 40 34 72 71 75 16 78 30 22 56 21 9 51 63 27 61 18 60 57 37 14 49 5 78 9 8 72 46 70 50 78 69 7 23 50 55 37 53 3 60 28 17 58 31 29 0 76 42 0 16 8 33 37 17 45 64 12 41 69 70 20 65 43 70 0 76 4 30 0 62 64 25 43 56 10 50 25 4
run=19 seed=18 k=79 f=0
12 60 51 5 6 52 5 34 75 38 30 75 61 74 34 72 58 28 41 21 36 4 27 67 49 78 30 21 27 21 19 51 7 64 34 43 56 0 7 45 10 0 45 77 31 18 36 28 65 1 61 42 49 58 18 12 69 70 44 23 13 64 20 8 78 61 65 4 65 78 72 29 32 0 39 11 69 51 56 15 17 26 41 55 74 25 22 41 33 68
run=20 seed=19 k=79 f=0
60 47 63 78 25 71 57 41 15 17 26 10 32 33 45 54 69 35 3 35 12 22 14 61 24 0 70 78 73 29 59 30 68 56 10 73 35 28 0 26 12 18 66 1 15 50 22 47 20 53 0 6 78 78 77 61 59 15 74 78 62 63 33 45 10 7 14 38 0 7 6 1 39 75 14 48 37 20 53 53 67 40 25 20 62 0 29 41 28 23
