run=1 seed=0 k=108 f=0
19 86 45 79 41 0 46 12 33 37 50 55 88 7 59 58 78 28 31 64 17 44 51 33 72 62 17 103 91 91 69 69 0 65 63 3 41 52 31 70 105 94 107 35 104 97 1 56 47 102 39 82 91 80 6 81 50 29 76 49 33 81 68 18 22 46 106 93 0 66 72 87 22 81 41 36 74 5 87 23 7 24 96 95 104 12 11 47 62 0
run=2 seed=1 k=108 f=0
19 86 45 79 41 0 46 12 33 37 50 55 88 7 59 58 78 28 31 64 17 44 51 33 72 62 17 103 91 91 69 69 0 65 63 3 41 52 31 70 105 94 107 35 104 97 1 56 47 102 39 82 91 80 6 81 50 29 76 49 33 81 68 18 22 46 106 93 0 66 72 87 22 81 41 36 74 5 87 23 7 24 96 95 104 12 11 47 62 0
run=3 seed=2 k=108 f=0
78 1 32 35 85 106 56 33 49 39 46 34 45 17 89 45 37 45 75 19 98 107 17 107 19 55 26 0 90 15 63 35 36 10 41 51 26 52 59 17 41 51 19 86 28 52 24 66 98 7 80 1 19 6 0 75 25 7 28 66 63 6 38 73 100 12 97 56 86 46 89 93 77 62 105 102 98 93 4 0 16 65 1 81 71 71 28 56 77 95
run=4 seed=3 k=108 f=0
102 33 36 96 85 56 75 64 73 4 22 4 106 91 58 76 24 91 49 3 107 54 94 13 18 66 86 23 100 22 41 94 88 50 98 21 54 17 89 36 58 80 40 103 64 69 57 13 98 106 107 49 46 58 8 29 72 17 38 88 73 37 91 31 74 81 13 28 64 71 0 44 59 79 82 15 42 31 100 48 6 26 98 98 48 97 14 0 31 53
run=5 seed=4 k=108 f=0
25 71 73 54 43 80 14 90 10 101 80 97 61 8 103 77 40 94 33 65 41 92 96 27 85 107 18 46 58 64 31 22 52 38 25 83 58 4 71 90 71 47 53 107 68 34 94 22 48 57 87 22 0 0 25 100 90 16 4 55 28 37 105 84 45 35 87 11 55 39 101 74 18 79 75 37 61 47 17 74 105 11 71 14 28 4 9 101 64 63
run=6 seed=5 k=108 f=0
7 6 102 0 97 28 42 57 77 81 18 32 0 87 46 80 76 31 4 49 26 45 63 21 65 106 107 36 73 91 54 58 85 2 75 69 92 99 70 72 32 89 20 57 35 63 45 39 1 49 9 27 89 21 44 84 50 24 72 14 58 54 16 63 106 0 64 105 37 42 82 48 23 99 13 31 70 58 1 71 107 11 106 90 100 14 38 81 6 96
run=7 seed=6 k=108 f=0
9 77 68 48 32 74 13 51 10 94 83 19 83 17 22 71 84 48 3 20 27 88 52 4 39 35 24 64 5 15 91 36 71 1 72 53 0 62 12 40 65 96 79 6 21 104 25 106 46 69 83 88 96 86 88 96 24 50 107 48 8 104 53 102 27 24 63 84 63 75 41 78 107 29 26 41 41 39 7 102 14 51 82 18 45 92 60 58 51 75
run=8 seed=7 k=108 f=0
45 1 23 67 105 72 17 37 96 97 94 37 100 102 56 70 82 2 62 0 44 106 72 92 104 73 2 36 69 14 10 10 66 99 78 23 60 47 61 88 57 100 67 38 2 107 3 85 17 102 85 77 30 49 78 17 4 26 59 31 56 79 45 19 22 31 90 13 80 23 9 4 65 80 42 33 10 35 26 75 88 19 60 86 68 5 91 46 55 62
run=9 seed=8 k=108 f=0
61 69 30 85 18 1 106 17 69 45 101 57 4 57 54 52 48 34 40 59 45 106 21 58 64 63 74 89 79 99 93 12 69 44 67 27 49 26 85 10 32 25 107 8 31 95 4 103 107 18 64 28 88 58 68 95 104 34 93 73 41 7 85 55 33 59 97 82 35 7 1 21 98 84 75 6 19 20 71 30 1 83 34 92 18 106 9 44 44 103
run=10 seed=9 k=108 f=0
31 36 61 103 2 12 68 106 38 68 38 86 106 46 1 83 89 0 55 103 21 91 22 57 75 23 72 98 85 2 100 8 52 69 19 71 57 19 86 80 63 29 31 77 25 36 36 3 13 64 31 34 41 43 94 46 87 67 57 102 97 62 18 48 52 84 106 33 48 11 7 3 52 18 80 75 30 25 82 43 107 66 93 59 1 93 106 85 57 35
run=11 seed=10 k=108 f=0
67 40 29 30 65 17 59 103 71 95 47 101 0 45 103 1 60 37 9 79 12 95 7 49 70 92 88 55 76 102 23 87 85 29 32 66 45 87 57 8 2 107 1 95 19 26 4 0 72 107 58 84 83 97 46 79 21 94 4 50 6 34 101 67 12 26 20 107 25 71 22 79 30 62 14 55 62 20 65 40 75 42 46 75 36 75 52 9 97 100
run=12 seed=11 k=108 f=0
101 86 69 42 81 67 49 34 77 33 56 0 17 86 53 77 37 80 91 78 94 40 73 85 23 107 52 44 95 73 75 64 67 0 40 27 78 43 62 6 16 33 16 86 51 28 36 105 67 6 64 3 22 56 26 6 71 94 48 103 75 60 41 64 97 56 78 84 2 94 100 18 55 46 89 19 23 5 87 26 12 107 91 51 25 105 46 34 28 12
run=13 seed=12 k=108 f=0
92 0 89 99 91 103 17 45 49 11 34 45 97 44 76 40 107 62 11 76 48 72 0 64 53 70 107 43 78 17 12 30 11 27 46 103 82 3 65 23 56 54 85 45 83 60 101 0 36 6 92 98 26 74 17 35 24 104 66 65 56 94 72 100 55 63 36 4 84 72 41 31 18 0 91 36 74 86 18 45 107 2 9 74 94 35 79 27 2 53
run=14 seed=13 k=108 f=0
20 10 27 31 88 64 56 35 53 74 88 51 10 54 41 54 45 88 20 42 82 99 61 62 46 24 21 49 45 75 71 69 97 27 101 63 103 96 6 88 100 93 0 74 95 71 85 14 17 106 90 65 3 44 17 85 0 56 107 24 93 14 1 68 72 102 10 85 4 45 75 36 84 47 59 74 45 3 24 81 30 13 24 49 57 24 35 107 38 10
run=15 seed=14 k=108 f=0
103 104 91 90 13 92 11 24 56 23 54 78 48 102 68 17 44 106 49 89 46 85 15 6 1 63 53 40 59 65 12 29 96 97 87 7 27 49 10 1 78 103 87 34 78 63 99 83 93 0 38 81 24 2 58 71 76 11 79 67 15 34 22 9 77 7 2 105 62 45 69 48 37 35 81 23 19 29 34 20 38 94 102 41 14 81 54 107 21 73
run=16 seed=15 k=108 f=0
101 107 15 71 80 58 2 48 19 88 103 76 73 62 82 93 52 24 104 37 1 32 45 61 16 13 40 57 52 49 90 84 22 66 24 22 2 11 78 35 7 15 32 107 6 96 40 67 29 0 21 31 70 36 87 96 96 12 77 40 45 51 102 75 18 43 98 81 61 98 93 68 60 53 38 55 3 0 26 33 68 47 80 55 90 106 82 89 81 101
run=17 seed=16 k=108 f=0
96 105 56 76 57 67 19 107 58 60 2 41 11 75 25 2 9 0 105 58 9 24 93 86 46 44 21 52 25 0 88 53 79 17 20 48 89 60 31 32 52 28 73 10 12 17 37 102 2 31 63 49 97 79 27 87 6 47 44 64 63 84 8 102 96 44 81 23 100 33 88 104 77 60 53 89 77 43 18 56 38 67 24 37 84 68 21 101 7 67
run=18 seed=17 k=108 f=0
61 86 71 71 87 27 1 78 89 47 68 33 23 12 78 0 36 57 78 51 43 65 33 32 55 89 100 98 43 47 76 31 40 34 100 51 18 101 6 9 57 107 66 80 70 52 38 63 1 26 90 19 62 55 0 52 37 92 24 96 14 26 1 9 43 9 61 35 94 19 78 76 70 105 46 46 17 84 1 63 17 8 72 93 80 0 103 8 103 20
run=19 seed=18 k=108 f=0
67 71 91 79 94 105 3 76 65 3 100 25 12 14 74 88 46 77 50 84 15 43 23 67 72 67 103 17 42 40 88 79 31 88 17 60 98 69 35 82 57 71 15 27 99 107 62 34 36 84 0 84 18 35 98 42 103 55 30 37 96 13 22 39 9 4 18 107 63 13 28 45 6 5 55 89 50 26 6 94 2 23 87 49 54 44 106 87 94 1
run=20 seed=19 k=108 f=0
32 68 52 58 103 15 17 93 22 40 50 3 37 66 49 33 70 58 55 40 106 77 95 18 73 0 38 20 29 6 86 23 72 83 81 18 98 100 107 64 13 70 48 77 14 25 25 71 60 80 93 95 33 46 5 54 11 9 15 63 10 103 63 28 32 105 58 85 59 74 40 55 50 88 105 28 40 107 84 64 4 90 87 73 98 1 91 29 76 44
