run=1 seed=0 k=72 f=0
25 16 69 0 39 53 46 59 0 51 63 59 65 12 10 50 18 49 11 35 1 40 42 13 37 62 21 34 66 62 55 59 56 40 54 67 39 66 31 71 45 45 4 60 71 30 37 9 51 9 31 35 0 66 13 25 4 17 9 28 34 3 19 29 48 34 16 58 71 71 56 9 25 3 71 15 17 37 24 24 20 30 70 21 53 47 43 53 3 37
run=2 seed=1 k=72 f=0
25 16 69 0 39 53 46 59 0 51 63 59 65 12 10 50 18 49 11 35 1 40 42 13 37 62 21 34 66 62 55 59 56 40 54 67 39 66 31 71 45 45 4 60 71 30 37 9 51 9 31 35 0 66 13 25 4 17 9 28 34 3 19 29 48 34 16 58 71 71 56 9 25 3 71 15 17 37 24 24 20 30 70 21 53 47 43 53 3 37
run=3 seed=2 k=72 f=0
42 4 6 0 51 0 22 12 8 51 54 38 15 69 28 32 63 48 42 9 70 51 43 8 9 35 61 58 1 40 43 14 37 31 18 61 12 56 47 21 14 47 6 37 67 53 58 62 46 71 51 59 9 2 67 25 35 63 29 46 28 19 69 14 38 51 11 0 39 71 41 71 18 1 0 65 71 22 19 58 23 57 42 22 0 46 54 31 41 25
run=4 seed=3 k=72 f=0
49 4 25 39 62 38 57 52 1 17 71 38 55 43 19 18 55 48 71 62 30 68 70 16 64 35 71 60 14 7 22 43 39 68 47 53 23 5 43 70 0 36 59 54 51 32 7 27 46 71 56 1 8 26 30 17 8 11 22 32 62 9 65 13 12 47 71 42 13 63 41 0 17 62 0 67 63 26 5 68 0 56 9 21 49 2 26 48 32 65
run=5 seed=4 k=72 f=0
17 6 1 23 69 60 60 30 24 60 11 46 7 36 36 0 63 31 59 47 70 42 18 66 7 43 49 27 45 3 4 33 45 38 2 61 10 15 71 71 71 64 4 25 19 63 18 70 54 0 58 20 26 40 67 47 26 0 56 67 36 55 8 56 53 36 9 42 22 32 49 33 17 21 10 16 10 13 38 28 50 8 1 23 2 54 71 40 71 20
run=6 seed=5 k=72 f=0
51 29 42 71 27 48 35 54 18 27 37 47 23 61 38 23 44 30 5 47 3 40 45 17 36 64 0 7 30 38 52 71 56 3 66 61 63 12 30 0 10 10 41 20 58 33 67 71 55 0 23 55 25 42 69 35 19 13 26 66 71 12 4 57 63 26 14 45 57 61 50 21 10 71 17 0 61 29 66 8 50 33 10 23 17 47 36 53 3 6
run=7 seed=6 k=72 f=0
20 58 14 43 48 16 28 71 4 70 49 6 61 5 47 31 35 57 19 17 38 22 26 24 1 9 34 37 64 64 27 52 7 30 26 67 58 48 0 0 71 44 39 67 71 30 53 28 20 0 56 55 62 66 4 60 35 68 28 40 28 62 21 22 12 42 1 23 71 13 15 46 42 41 71 57 0 50 62 71 11 0 52 64 6 16 51 1 37 45
run=8 seed=7 k=72 f=0
41 46 67 21 71 71 32 54 49 4 25 6 19 17 55 52 42 20 35 6 31 10 7 13 26 9 49 68 42 39 56 1 46 13 17 67 59 27 33 12 26 46 4 56 14 36 38 1 51 0 64 66 62 8 38 18 55 0 16 39 35 62 12 49 45 62 50 71 71 71 56 21 16 71 71 28 10 58 53 66 23 63 37 64 39 28 26 4 20 32
run=9 seed=8 k=72 f=0
20 59 59 39 28 62 38 34 71 36 19 65 60 0 26 5 37 48 49 44 51 16 55 0 71 17 61 65 19 71 68 39 6 3 36 34 1 70 25 54 9 71 56 42 33 35 4 37 28 71 28 27 53 13 12 20 2 70 9 43 10 24 10 30 49 53 64 59 30 14 23 12 44 45 62 55 8 22 60 32 64 22 27 40 0 15 0 52 12 6
run=10 seed=9 k=72 f=0
9 38 39 0 9 15 23 21 54 37 31 18 4 28 54 62 71 49 0 41 7 71 46 68 22 21 60 23 52 31 4 26 17 58 20 48 0 0 49 63 16 13 41 71 52 71 61 44 10 1 40 44 43 69 26 34 59 47 65 32 28 12 26 8 11 62 3 71 55 22 15 55 64 27 35 49 23 10 0 43 44 35 3 68 20 35 55 51 71 61
run=11 seed=10 k=72 f=0
66 15 14 45 33 41 3 62 58 34 30 41 62 37 40 62 17 29 13 45 1 33 2 0 7 71 18 48 46 54 25 23 15 22 20 68 56 48 0 22 9 38 13 57 38 5 37 17 62 9 70 14 34 5 4 32 59 31 9 53 24 28 26 64 71 69 65 71 55 63 57 12 49 46 42 28 9 37 18 8 48 70 0 36 64 71 0 27 40 52
run=12 seed=11 k=72 f=0
18 3 5 7 55 18 62 12 64 53 64 25 38 69 50 51 62 40 27 16 44 12 23 61 0 28 39 62 43 30 34 71 7 58 67 64 43 49 42 0 21 0 6 27 8 32 71 54 17 71 55 54 8 40 67 37 12 57 26 40 55 31 45 14 24 0 37 69 35 70 22 10 36 71 0 48 10 15 7 0 19 61 71 32 53 25 46 48 24 52
run=13 seed=12 k=72 f=0
39 48 3 54 18 14 3 51 59 56 9 56 35 37 54 58 62 31 2 45 0 29 40 13 8 0 21 64 51 64 28 40 20 3 61 64 47 22 30 27 71 25 67 55 66 0 44 47 33 71 4 64 44 33 45 35 47 10 63 24 16 34 71 11 40 0 12 49 53 39 38 18 7 60 52 6 69 47 35 1 12 70 28 58 18 69 25 30 40 19
run=14 seed=13 k=72 f=0
35 7 71 14 18 26 37 19 0 45 31 45 47 41 25 23 9 57 55 56 64 52 1 55 29 35 34 63 24 44 16 13 16 68 38 38 2 37 43 70 0 47 13 47 43 30 13 62 24 0 71 48 52 5 4 54 62 58 20 60 16 69 16 21 61 71 68 16 0 5 29 11 61 39 44 26 8 65 8 31 32 71 40 50 40 7 71 22 16 65
run=15 seed=14 k=72 f=0
43 59 4 71 54 24 28 7 63 6 53 10 51 70 17 3 44 58 14 32 71 19 63 62 56 7 43 71 21 34 13 50 32 32 44 42 24 50 59 0 57 58 41 12 43 38 40 55 18 35 0 50 63 67 1 71 6 59 0 66 26 31 12 20 17 35 14 22 10 52 13 51 0 69 71 18 44 14 23 40 27 37 0 65 44 7 52 25 61 29
run=16 seed=15 k=72 f=0
16 6 71 7 1 54 70 10 62 69 57 32 55 21 64 34 8 58 10 33 41 54 12 41 27 28 58 4 55 67 64 17 33 31 66 25 49 42 0 40 36 47 67 11 64 1 55 17 19 0 0 12 53 28 4 25 38 24 24 1 44 45 44 21 19 36 48 14 0 49 14 58 62 71 37 6 1 28 11 0 71 60 71 50 66 9 71 17 30 47
run=17 seed=16 k=72 f=0
32 58 63 25 57 25 54 19 32 3 6 51 64 69 19 19 45 30 71 57 30 3 50 71 55 17 8 41 60 61 25 52 10 3 15 43 67 59 65 58 41 23 13 51 37 1 24 12 28 0 32 0 62 45 40 71 33 46 71 64 10 28 45 67 29 0 33 46 39 0 23 14 71 36 54 1 36 52 47 43 10 63 63 48 16 28 36 17 15 7
run=18 seed=17 k=72 f=0
0 41 33 60 71 37 66 53 4 51 3 7 5 1 48 9 62 51 38 43 50 17 57 19 21 16 68 20 61 10 22 0 30 20 14 64 25 3 9 55 55 21 43 11 48 63 4 49 31 0 34 52 46 54 67 26 45 12 58 34 23 58 13 28 33 63 15 3 35 27 10 70 55 37 37 5 71 45 12 55 28 65 19 59 71 71 71 0 43 6
run=19 seed=18 k=72 f=0
10 68 64 0 65 59 40 32 7 65 25 54 55 47 34 51 42 10 10 45 8 19 70 61 71 51 31 50 34 21 13 0 20 19 57 45 40 2 9 61 55 71 65 36 59 27 18 43 8 0 71 26 63 21 46 71 48 70 54 6 25 24 34 30 52 15 13 35 63 50 57 18 34 48 71 5 51 39 15 28 29 40 28 38 34 0 16 10 55 22
run=20 seed=19 k=72 f=0
28 6 14 34 17 47 15 34 3 67 63 36 50 57 61 30 62 7 67 7 42 21 71 57 2 39 13 37 71 25 4 59 9 42 6 64 53 26 20 44 49 25 58 1 39 69 26 38 26 0 64 30 12 46 67 10 37 0 34 47 55 71 29 50 0 71 43 13 71 71 33 7 46 19 20 54 61 4 16 67 11 0 22 14 50 32 71 42 54 29
