run=1 seed=0 k=107 f=0
64 99 99 0 37 27 54 38 102 13 27 13 52 84 5 69 68 84 94 66 56 7 64 76 2 20 60 21 65 13 75 46 31 106 17 83 55 1 20 99 99 105 73 18 14 72 44 12 27 4 48 0 105 5 51 94 64 43 16 78 53 42 50 61 81 69 79 31 35 25 45 36 75 85 35 51 77 91 91 105 28 85 40 13 76 17 92 34 105 10
run=2 seed=1 k=107 f=0
64 99 99 0 37 27 54 38 102 13 27 13 52 84 5 69 68 84 94 66 56 7 64 76 2 20 60 21 65 13 75 46 31 106 17 83 55 1 20 99 99 105 73 18 14 72 44 12 27 4 48 0 105 5 51 94 64 43 16 78 53 42 50 61 81 69 79 31 35 25 45 36 75 85 35 51 77 91 91 105 28 85 40 13 76 17 92 34 105 10
run=3 seed=2 k=107 f=0
12 27 24 37 52 34 86 84 103 31 106 43 72 56 82 106 50 10 39 57 99 52 28 13 9 106 45 46 67 80 39 2 40 24 82 69 25 100 6 90 95 9 65 60 23 60 72 73 6 87 23 14 32 28 91 54 91 1 39 92 18 59 38 37 15 9 60 80 85 3 58 73 77 50 0 19 84 30 25 22 65 46 24 45 71 103 97 67 40 80
run=4 seed=3 k=107 f=0
84 0 72 88 105 34 91 26 74 12 74 62 7 6 51 72 106 95 51 41 58 91 45 36 47 69 47 64 81 15 91 14 26 80 11 24 0 71 90 74 99 67 18 52 64 56 4 62 45 86 71 35 17 23 43 101 39 14 6 104 76 82 4 28 2 86 11 2 103 3 8 95 99 90 56 95 10 80 50 94 31 85 23 63 20 105 37 62 20 1
run=5 seed=4 k=107 f=0
1 13 37 46 82 25 85 77 34 18 30 22 26 7 10 78 32 97 9 93 24 106 57 97 5 53 24 84 74 33 84 37 47 34 106 72 53 84 52 32 104 14 71 58 43 16 19 1 6 44 15 30 66 30 14 47 63 92 0 59 81 98 74 106 42 104 12 27 57 62 59 76 101 63 21 75 96 7 82 18 90 47 87 2 70 71 90 78 96 77
run=6 seed=5 k=107 f=0
80 30 44 30 82 89 56 38 45 33 44 57 48 73 98 2 99 106 28 26 38 97 21 68 103 39 102 55 35 17 4 78 28 2 1 21 93 96 59 70 24 105 24 19 88 41 84 12 85 9 91 14 76 60 83 52 95 10 52 62 66 40 33 71 77 101 67 52 70 58 90 26 0 62 59 34 27 37 85 6 46 17 69 15 9 88 50 79 95 30
run=7 seed=6 k=107 f=0
15 106 73 43 96 5 1 106 25 45 16 39 22 47 35 37 92 16 4 42 79 1 87 77 88 33 1 81 8 53 56 57 0 44 54 97 54 60 79 7 72 22 0 26 50 105 64 44 47 67 98 20 1 45 96 89 76 95 102 76 57 61 64 52 36 16 52 18 93 24 27 70 85 64 78 34 68 88 63 10 69 13 55 72 51 48 10 32 88 104
run=8 seed=7 k=107 f=0
33 88 30 16 3 26 32 17 47 106 21 106 76 8 97 68 59 0 51 104 39 11 0 68 21 16 46 11 39 104 69 78 56 46 31 62 67 102 37 23 79 97 11 16 37 50 42 65 33 41 93 74 5 105 33 56 42 83 0 82 98 6 32 80 93 77 3 98 48 86 53 41 75 15 91 17 95 33 73 1 26 59 7 70 84 40 25 59 55 105
run=9 seed=8 k=107 f=0
94 32 84 82 54 98 53 75 35 55 95 10 48 100 70 106 3 27 21 15 23 98 52 65 15 13 93 12 79 13 20 75 19 104 0 90 28 83 89 63 70 7 9 40 34 75 0 46 45 73 39 93 105 95 18 62 46 4 68 44 20 1 66 47 37 5 70 65 40 4 65 37 82 84 37 26 78 55 105 78 60 85 27 0 50 106 54 28 20 93
run=10 seed=9 k=107 f=0
90 10 89 47 25 26 15 12 63 51 3 46 106 10 72 97 37 58 69 91 50 23 45 89 6 68 22 31 49 57 98 76 15 89 55 35 24 72 54 55 1 103 32 9 45 37 75 82 95 77 106 24 27 10 49 103 84 82 69 81 53 65 89 101 97 37 81 15 15 6 43 105 0 8 15 47 45 100 27 33 0 61 3 21 37 63 86 69 38 3
run=11 seed=10 k=107 f=0
86 17 26 11 3 22 25 42 62 23 38 92 94 76 44 45 39 84 72 73 83 62 60 30 58 62 20 33 66 71 8 54 72 75 106 76 64 13 31 52 44 66 1 59 105 38 36 48 24 11 86 35 0 88 35 100 26 7 94 3 32 29 7 105 91 73 6 94 22 96 68 104 100 79 93 46 3 3 104 51 11 35 86 54 6 15 47 106 49 18
run=12 seed=11 k=107 f=0
9 75 9 0 20 22 23 45 85 35 82 47 60 35 69 102 67 76 94 106 30 64 105 86 77 43 10 46 1 103 98 85 32 57 104 8 0 106 30 18 57 58 84 68 34 53 53 34 80 54 72 64 89 70 37 98 79 97 40 56 35 22 12 95 74 61 42 7 3 19 25 104 17 41 4 27 81 49 19 7 51 12 3 13 93 79 102 65 94 29
run=13 seed=12 k=107 f=0
101 27 105 76 6 83 88 15 63 65 60 88 42 44 52 93 62 41 17 78 4 14 84 36 40 104 68 74 81 13 98 84 106 97 92 60 5 68 33 34 91 10 58 18 63 64 43 96 70 20 59 6 46 31 25 105 54 93 20 106 95 50 16 0 87 4 19 85 46 51 85 22 37 76 77 70 34 0 93 62 75 105 43 48 37 18 11 102 32 52
run=14 seed=13 k=107 f=0
13 0 9 89 42 43 72 3 59 42 100 29 90 22 63 11 53 28 69 76 33 106 49 40 76 74 51 79 67 28 43 61 27 89 95 69 54 61 34 70 101 26 78 84 26 44 64 5 16 6 1 99 63 51 14 104 18 106 15 38 43 95 15 37 24 70 40 104 90 8 21 85 96 34 105 37 51 59 67 13 82 3 31 49 54 1 85 72 16 93
run=15 seed=14 k=107 f=0
5 54 80 19 44 63 42 106 47 80 63 93 1 87 42 68 9 72 76 21 82 17 64 38 44 50 97 94 22 69 66 40 56 56 17 100 51 14 41 28 106 104 3 47 103 20 2 26 32 81 47 97 59 1 25 97 27 87 72 10 0 87 89 91 75 81 84 20 7 54 65 74 23 64 104 85 34 26 30 14 92 56 5 35 97 100 41 80 67 19
run=16 seed=15 k=107 f=0
47 23 53 105 101 106 106 11 50 24 74 9 83 100 56 84 104 22 25 52 0 47 10 6 94 48 62 106 3 38 41 106 100 44 59 101 60 34 92 3 52 79 71 63 4 23 1 39 84 37 84 55 16 43 100 24 15 39 39 18 93 30 17 88 57 88 23 49 10 16 63 75 55 69 7 32 72 91 21 50 70 94 0 80 86 30 75 75 86 31
run=17 seed=16 k=107 f=0
7 83 88 50 79 15 102 52 99 81 87 55 75 60 89 20 29 18 61 61 52 39 41 95 2 10 104 58 70 10 98 29 25 31 13 0 85 63 10 65 42 68 80 49 12 46 29 81 104 90 30 10 79 87 105 72 97 34 79 88 47 48 21 2 23 0 38 72 15 20 98 97 22 2 54 55 37 69 45 43 106 6 91 42 100 14 64 86 48 73
run=18 seed=17 k=107 f=0
68 3 96 2 97 17 26 52 95 14 12 45 22 93 56 74 26 46 47 42 35 98 10 10 89 87 60 80 82 35 0 85 33 97 17 28 7 69 90 105 15 58 0 27 7 73 87 2 94 66 24 38 39 30 106 40 78 90 104 33 11 63 68 34 35 62 106 99 50 45 19 57 103 50 75 90 51 104 28 96 22 0 77 81 72 0 53 83 90 8
run=19 seed=18 k=107 f=0
101 52 86 3 34 106 80 51 38 36 29 13 81 1 50 45 23 60 80 43 78 8 32 70 59 90 15 0 70 45 106 61 12 72 5 85 74 18 79 41 54 50 95 67 67 3 5 0 57 99 26 18 79 106 83 31 42 61 69 3 30 95 18 50 7 74 28 76 0 84 2 28 43 91 10 85 59 36 104 26 25 94 84 36 17 105 68 98 37 40
run=20 seed=19 k=107 f=0
87 21 92 105 15 51 72 87 29 62 36 102 103 57 79 40 45 88 6 88 3 55 91 32 91 17 79 54 14 17 74 96 1 9 91 83 10 62 104 37 49 23 41 27 23 57 13 2 26 34 91 38 6 82 71 97 63 72 44 71 95 50 60 0 17 14 3 81 68 40 106 20 68 94 79 50 79 8 10 87 106 33 88 29 79 21 59 62 25 65
