run=1 seed=0 k=97 f=0
52 24 91 22 79 34 1 59 41 1 86 30 56 13 23 70 18 0 43 0 45 81 77 64 39 74 31 61 45 42 68 35 7 93 95 0 85 70 4 14 59 54 13 47 58 68 52 23 56 47 89 96 96 1 22 87 25 40 10 18 8 50 54 60 78 76 73 82 65 0 37 76 65 0 29 71 65 12 28 72 88 17 7 52 95 94 84 82 32 41
run=2 seed=1 k=97 f=0
52 24 91 22 79 34 1 59 41 1 86 30 56 13 23 70 18 0 43 0 45 81 77 64 39 74 31 61 45 42 68 35 7 93 95 0 85 70 4 14 59 54 13 47 58 68 52 23 56 47 89 96 96 1 22 87 25 40 10 18 8 50 54 60 78 76 73 82 65 0 37 76 65 0 29 71 65 12 28 72 88 17 7 52 95 94 84 82 32 41
run=3 seed=2 k=97 f=0
50 0 92 79 79 93 58 23 85 32 85 6 24 64 70 86 94 61 70 76 65 56 89 67 22 80 95 96 29 39 5 32 2 88 87 75 14 31 45 60 16 39 75 49 45 75 14 69 52 20 48 72 39 24 40 4 1 91 93 36 31 61 43 1 12 18 2 94 16 21 46 83 87 45 10 62 77 55 3 83 8 50 58 54 26 35 68 7 41 26
run=4 seed=3 k=97 f=0
43 88 46 5 15 64 80 32 25 16 94 47 59 88 88 62 28 21 87 23 15 51 38 84 92 75 26 53 29 64 55 0 5 4 51 26 95 91 12 25 45 9 58 9 43 67 1 73 4 12 12 37 84 96 70 84 80 13 85 83 35 10 54 40 45 96 62 69 39 38 96 59 56 35 49 60 19 52 67 17 71 30 44 81 76 75 66 95 8 1
run=5 seed=4 k=97 f=0
2 62 31 19 79 25 85 89 48 57 9 52 82 40 91 93 45 37 63 0 25 35 74 36 10 67 66 26 18 3 88 51 68 30 70 81 74 5 74 46 49 89 83 45 0 23 13 36 17 9 28 94 58 30 62 16 2 13 80 20 89 68 5 19 38 76 3 78 68 44 73 86 29 61 96 21 54 96 57 27 42 13 90 48 96 53 0 77 68 79
run=6 seed=5 k=97 f=0
57 43 73 70 25 59 57 96 9 20 62 95 32 32 79 75 28 40 1 53 68 59 43 86 83 78 61 12 92 45 5 96 91 52 53 20 27 89 40 67 17 31 74 23 19 38 54 42 0 56 79 74 47 64 0 33 78 4 39 51 71 33 50 66 11 69 86 64 4 30 8 45 35 53 96 91 4 9 15 64 11 47 85 25 81 19 87 95 15 15
run=7 seed=6 k=97 f=0
78 43 95 34 64 48 64 28 83 50 16 28 21 15 70 77 19 82 95 41 55 13 5 15 7 62 93 40 56 44 35 68 53 75 41 21 4 4 53 15 23 7 66 71 49 64 52 59 38 49 69 41 95 18 23 17 51 45 80 61 69 33 32 12 85 95 30 83 27 83 89 91 78 84 30 74 28 4 62 63 86 35 7 36 91 30 3 56 10 43
run=8 seed=7 k=97 f=0
4 29 39 57 40 62 44 16 90 90 65 77 37 66 15 79 37 82 95 49 72 12 49 76 36 3 19 32 10 96 79 44 70 93 51 39 62 52 58 43 41 59 40 17 59 25 96 0 56 23 30 55 68 87 73 23 68 52 94 20 48 1 79 30 81 33 4 68 19 86 61 96 86 8 14 10 9 47 37 24 5 31 54 7 0 88 96 2 75 90
run=9 seed=8 k=97 f=0
44 35 94 62 42 73 94 16 66 76 21 77 68 88 11 48 37 69 67 65 96 61 37 7 34 95 47 32 61 72 79 74 79 62 95 84 86 36 6 96 0 31 24 80 80 4 20 30 67 1 22 37 49 56 53 86 7 25 52 89 17 0 79 88 93 3 75 11 3 81 43 57 26 37 10 87 42 16 81 43 24 15 59 76 41 58 58 89 17 20
run=10 seed=9 k=97 f=0
42 12 27 36 36 45 77 79 88 24 51 47 76 58 11 57 8 68 89 0 20 68 80 66 96 44 25 2 6 95 37 48 89 25 61 94 72 2 60 18 73 8 96 38 1 37 34 55 66 58 87 86 32 25 51 12 16 57 62 81 83 33 37 88 18 23 63 44 30 78 75 10 24 5 17 53 81 43 38 0 76 96 70 36 85 30 0 15 20 79
run=11 seed=10 k=97 f=0
7 42 84 18 84 17 89 39 66 26 5 53 68 4 46 35 34 51 22 15 83 59 78 37 4 70 77 19 33 27 21 93 13 76 43 0 78 3 51 59 67 55 66 72 77 96 48 47 63 79 44 51 46 0 24 88 30 0 26 67 26 18 13 41 94 34 72 90 66 57 96 32 16 85 88 79 8 91 40 80 48 9 59 12 75 23 7 7 14 59
run=12 seed=11 k=97 f=0
18 26 41 68 92 9 81 63 79 41 42 7 49 77 93 39 10 94 9 93 56 71 32 14 47 51 59 57 17 3 65 88 74 36 38 95 67 53 81 81 94 23 15 77 31 43 20 58 89 60 47 71 38 73 2 44 62 0 31 79 0 62 49 24 25 21 30 20 12 25 44 52 18 25 83 81 35 37 4 87 0 49 92 69 64 62 74 79 55 32
run=13 seed=12 k=97 f=0
28 10 42 37 15 18 81 90 54 39 32 58 93 60 84 55 44 65 0 60 42 29 52 54 93 53 80 8 88 69 96 85 40 12 26 80 76 38 64 48 12 11 47 8 77 34 17 45 1 16 1 66 90 96 0 31 49 66 73 45 36 6 63 85 79 69 36 69 21 88 96 14 69 6 76 80 80 29 2 10 65 35 92 58 93 22 25 45 8 32
run=14 seed=13 k=97 f=0
9 39 50 72 93 71 35 30 20 74 84 20 89 39 46 69 24 6 61 56 9 48 96 42 28 70 22 66 27 33 81 81 23 93 78 75 85 60 13 35 64 42 36 22 2 14 69 94 61 96 53 4 43 53 46 52 28 96 0 14 12 94 29 77 4 10 78 47 93 93 55 52 2 70 87 67 2 10 31 76 35 19 80 19 72 61 32 1 94 15
run=15 seed=14 k=97 f=0
17 39 70 96 30 36 77 44 13 84 86 58 87 45 75 19 41 31 90 72 9 77 67 43 62 92 65 92 58 84 17 67 0 13 4 95 9 86 77 27 74 96 0 95 73 49 23 83 34 4 32 68 83 13 55 61 41 38 1 34 26 0 52 21 22 70 14 10 59 52 49 67 14 96 62 21 49 16 38 30 52 83 2 68 47 57 74 7 95 10
run=16 seed=15 k=97 f=0
52 5 0 50 95 55 43 10 25 85 0 13 13 82 71 11 89 27 59 41 85 76 62 1 92 42 59 6 36 95 48 22 92 79 77 50 38 91 33 63 13 91 17 37 83 19 55 46 82 73 75 69 0 40 4 69 66 78 62 68 20 45 77 51 46 0 5 55 30 67 96 29 33 47 11 10 13 24 72 84 1 51 87 63 14 31 58 39 89 67
run=17 seed=16 k=97 f=0
8 54 91 45 69 16 37 59 36 53 25 88 13 43 81 81 0 12 45 47 10 0 6 19 39 48 78 92 55 35 85 62 68 4 96 22 0 29 92 61 24 17 52 60 92 43 13 95 16 73 95 67 59 35 39 85 84 22 69 17 41 67 24 66 72 0 22 5 94 54 83 32 7 52 94 0 71 4 78 88 26 52 47 19 37 31 31 65 8 22
run=18 seed=17 k=97 f=0
18 88 52 18 96 22 80 60 74 77 19 29 2 61 82 32 73 15 0 75 25 3 32 96 62 91 26 90 41 72 20 43 47 53 63 16 5 39 11 65 0 36 86 75 19 74 88 43 38 23 9 96 52 72 96 31 28 56 9 84 80 72 14 1 2 93 49 11 96 42 33 95 60 33 44 15 11 60 49 23 58 81 81 70 65 14 9 50 70 29
run=19 seed=18 k=97 f=0
8 36 55 19 39 84 70 95 77 74 27 28 26 0 86 15 96 63 93 56 64 96 64 65 60 32 52 58 23 37 45 24 77 56 19 50 20 24 79 36 81 32 0 33 51 69 27 43 41 4 10 8 57 58 75 51 72 45 89 89 82 70 4 39 9 61 47 22 46 94 90 80 73 92 13 11 15 0 1 56 6 81 96 47 74 12 22 74 37 86
run=20 seed=19 k=97 f=0
83 11 21 81 2 93 71 52 45 41 78 53 29 60 62 79 13 42 86 8 95 49 2 57 72 80 70 24 50 96 31 21 40 7 78 69 34 64 0 75 86 31 76 49 56 67 68 9 6 35 18 81 47 51 24 71 93 93 86 2 21 31 34 56 38 28 90 13 0 37 88 17 61 22 0 14 81 46 43 85 38 72 59 16 57 11 96 0 5 68
