run=1 seed=0 k=76 f=0
69 27 38 61 6 32 10 26 60 45 34 45 47 0 59 50 42 28 24 66 73 18 27 69 56 68 5 4 43 41 50 37 75 65 55 64 31 54 47 22 33 29 4 22 11 64 14 0 53 0 75 26 21 69 74 42 16 40 53 71 11 3 28 16 17 12 62 33 11 27 48 14 75 0 59 47 69 15 22 23 60 0 51 39 43 8 34 52 50 8
run=2 seed=1 k=76 f=0
69 27 38 61 6 32 10 26 60 45 34 45 47 0 59 50 42 28 24 66 73 18 27 69 56 68 5 4 43 41 50 37 75 65 55 64 31 54 47 22 33 29 4 22 11 64 14 0 53 0 75 26 21 69 74 42 16 40 53 71 11 3 28 16 17 12 62 33 11 27 48 14 75 0 59 47 69 15 22 23 60 0 51 39 43 8 34 52 50 8
run=3 seed=2 k=76 f=0
47 35 12 75 51 51 21 40 75 71 12 12 74 59 60 73 75 54 41 66 53 26 47 57 2 9 12 16 27 25 17 17 22 3 34 44 55 61 55 0 34 46 70 44 31 28 34 38 20 29 67 46 49 24 33 17 69 67 32 21 59 51 5 22 26 67 9 63 0 39 15 37 68 42 40 56 1 2 22 34 61 8 29 47 75 9 0 48 64 64
run=4 seed=3 k=76 f=0
14 72 44 18 61 30 11 22 2 58 68 7 32 58 55 18 48 62 36 48 3 42 48 52 25 11 26 42 49 43 17 27 69 36 17 50 28 69 12 62 4 75 45 56 74 0 27 13 22 1 68 25 67 8 5 50 44 48 35 0 30 63 59 24 0 40 69 44 13 34 17 71 58 39 75 0 22 75 22 10 67 53 71 54 59 19 39 61 41 33
run=5 seed=4 k=76 f=0
57 13 27 28 16 15 29 9 45 8 40 74 53 64 41 59 36 56 28 10 75 23 2 61 37 17 47 16 23 73 3 46 75 49 2 34 46 2 75 1 56 63 31 67 0 23 14 7 8 0 10 15 61 53 40 25 72 67 30 50 43 68 54 10 59 36 60 16 0 0 67 30 52 13 75 24 75 19 19 4 7 37 62 21 55 31 27 37 45 46
run=6 seed=5 k=76 f=0
31 4 22 28 6 8 32 75 70 5 2 58 35 3 74 72 17 30 25 74 61 30 67 19 46 54 48 50 27 38 74 52 8 15 57 13 40 38 66 1 58 67 0 62 11 14 73 0 28 37 13 10 0 42 49 23 75 23 37 64 47 21 12 71 28 55 48 33 10 75 23 71 75 53 8 31 33 66 25 57 0 18 45 58 46 45 64 0 62 43
run=7 seed=6 k=76 f=0
0 13 7 27 57 37 6 0 28 29 18 26 6 34 61 61 29 16 8 53 29 2 0 58 45 58 8 37 53 75 22 48 73 32 44 55 57 74 47 12 63 13 62 27 27 67 56 71 18 75 41 40 9 0 53 20 67 44 64 19 65 69 58 41 25 49 27 4 75 16 23 75 36 33 1 32 60 0 6 41 37 22 7 8 42 19 48 48 66 68
run=8 seed=7 k=76 f=0
36 7 16 19 47 52 62 58 0 13 18 23 0 53 61 67 37 6 37 8 75 33 44 53 60 20 45 26 33 35 69 21 70 23 17 16 75 32 74 50 25 28 41 0 4 16 53 20 57 29 8 47 11 60 68 8 73 7 64 51 44 41 30 59 2 39 19 74 55 1 52 0 66 40 75 42 73 65 37 15 11 0 64 13 46 31 0 74 4 47
run=9 seed=8 k=76 f=0
66 59 48 39 1 18 22 35 58 74 67 52 14 2 4 18 38 25 57 46 3 42 68 49 8 55 26 28 61 58 31 31 55 72 16 68 17 59 26 46 44 62 12 34 66 72 74 10 27 46 75 52 10 40 42 67 25 35 22 37 19 26 47 4 1 28 5 46 13 18 32 3 0 62 64 6 54 0 37 71 49 74 1 51 55 23 75 9 34 16
run=10 seed=9 k=76 f=0
9 72 27 10 45 17 65 70 32 65 4 45 23 72 33 23 49 7 56 25 54 63 9 29 71 29 19 42 14 65 56 0 67 54 20 32 26 0 11 52 34 74 24 48 15 2 41 7 9 39 0 24 67 29 35 60 63 75 45 6 57 51 72 62 30 42 51 33 17 74 14 17 22 60 75 51 75 40 67 3 39 9 25 44 34 14 1 49 33 19
run=11 seed=10 k=76 f=0
24 3 75 46 7 13 48 26 31 74 50 69 20 70 71 12 30 54 42 72 44 65 56 74 59 0 17 47 33 8 44 53 30 61 56 32 52 2 68 37 52 1 34 28 28 63 63 63 8 39 0 57 75 67 43 51 24 13 9 20 16 49 0 10 17 74 2 36 20 35 24 0 59 45 67 48 40 58 59 50 75 35 21 74 29 1 48 26 18 20
run=12 seed=11 k=76 f=0
9 21 27 37 29 33 1 67 1 30 3 32 58 73 43 74 42 60 39 74 31 9 49 0 13 7 9 18 35 26 0 0 75 27 56 39 68 74 56 0 63 25 39 68 60 38 63 22 15 75 18 22 25 68 2 49 6 23 54 52 0 26 38 19 18 9 69 3 63 54 48 45 56 51 33 34 42 69 13 33 17 47 56 11 41 14 66 45 52 52
run=13 seed=12 k=76 f=0
17 30 3 28 35 67 1 35 74 30 8 1 41 36 59 18 72 59 0 34 2 48 19 51 46 15 42 2 68 71 27 39 75 75 21 74 38 52 46 68 56 14 28 33 65 29 11 11 61 24 10 24 34 71 10 0 49 48 75 35 8 10 23 39 60 58 45 24 63 18 66 55 43 13 0 5 48 62 52 8 56 28 39 19 22 21 53 1 14 47
run=14 seed=13 k=76 f=0
74 41 75 38 51 62 44 39 19 36 28 34 17 8 56 71 66 59 24 15 22 0 5 11 5 37 3 43 49 29 31 31 31 68 38 63 51 25 55 63 54 75 6 35 40 24 9 42 57 75 72 1 46 2 44 50 13 7 51 14 9 48 9 14 0 2 55 60 7 19 52 0 18 38 0 63 15 45 37 0 58 44 70 33 67 70 28 64 34 22
run=15 seed=14 k=76 f=0
11 54 45 51 52 49 15 26 37 44 31 33 15 64 64 65 39 53 11 8 18 37 47 43 59 29 19 20 43 10 14 75 73 72 64 11 68 0 53 57 74 26 63 25 0 48 3 67 18 75 1 7 58 35 34 10 4 38 51 50 66 26 6 16 17 58 30 71 0 60 23 3 0 28 7 15 75 68 41 55 45 58 18 42 69 6 47 34 69 69
run=16 seed=15 k=76 f=0
67 67 26 0 29 28 23 58 66 54 51 74 41 34 50 41 65 6 11 60 4 31 7 66 1 18 38 18 17 47 50 74 61 69 71 21 44 43 34 2 75 45 23 61 22 35 16 37 54 46 7 6 27 0 52 0 18 11 12 58 37 49 20 32 5 75 64 72 24 17 59 25 10 20 75 34 9 27 69 4 63 54 50 14 38 73 0 56 44 40
run=17 seed=16 k=76 f=0
5 15 25 2 59 39 25 6 59 14 50 47 71 61 31 9 17 32 25 23 61 30 57 48 1 51 56 42 0 75 29 46 0 22 42 54 75 49 74 53 68 55 13 55 75 39 0 71 0 9 41 48 60 17 65 28 4 21 75 59 68 41 50 2 35 18 6 20 0 25 44 28 36 9 75 30 9 15 41 40 37 68 0 57 11 60 26 33 15 40
run=18 seed=17 k=76 f=0
18 51 12 23 23 18 57 38 1 55 10 57 6 39 33 75 9 69 35 50 68 31 17 0 10 0 65 63 68 54 60 44 42 13 0 7 0 62 56 50 28 62 23 0 65 12 70 41 36 27 75 27 47 52 48 8 70 75 37 40 64 21 13 34 72 32 3 0 23 11 41 27 16 22 55 30 54 36 75 68 16 6 71 4 0 59 75 45 43 19
run=19 seed=18 k=76 f=0
69 5 59 55 33 47 35 23 18 53 10 24 8 5 41 45 67 43 75 22 33 14 66 46 20 0 9 29 30 0 48 68 54 3 0 63 46 15 51 0 22 39 61 74 55 63 66 9 15 75 39 12 58 17 34 66 61 19 75 0 48 31 71 53 41 30 50 64 57 75 20 9 39 35 9 51 0 67 46 22 25 7 39 70 0 74 30 29 22 24
run=20 seed=19 k=76 f=0
75 54 44 68 41 1 5 54 29 66 46 20 20 3 57 26 29 6 18 31 40 5 13 0 0 17 11 30 37 53 48 75 70 43 28 63 40 15 9 0 75 1 69 24 36 14 74 12 69 37 61 59 58 68 33 63 9 49 12 44 46 14 55 52 26 48 50 72 21 19 23 56 10 27 75 36 38 44 55 63 59 49 75 60 66 7 0 33 24 64
