run=1 seed=0 k=73 f=0
6 22 0 45 0 54 15 48 1 36 69 71 67 31 20 28 37 6 12 55 1 51 7 4 47 19 14 72 10 34 45 72 37 41 69 35 16 22 15 61 65 7 66 14 58 1 71 9 8 28 52 1 54 53 32 72 20 46 45 66 63 4 27 49 3 36 55 16 16 24 13 25 45 30 72 30 45 59 35 49 39 62 19 57 26 11 0 72 40 60
run=2 seed=1 k=73 f=0
6 22 0 45 0 54 15 48 1 36 69 71 67 31 20 28 37 6 12 55 1 51 7 4 47 19 14 72 10 34 45 72 37 41 69 35 16 22 15 61 65 7 66 14 58 1 71 9 8 28 52 1 54 53 32 72 20 46 45 66 63 4 27 49 3 36 55 16 16 24 13 25 45 30 72 30 45 59 35 49 39 62 19 57 26 11 0 72 40 60
run=3 seed=2 k=73 f=0
72 43 59 65 64 27 28 54 6 19 29 30 43 24 2 18 63 42 34 67 54 26 11 8 2 7 0 49 47 40 55 0 25 33 15 65 8 0 9 59 31 60 21 8 49 67 24 63 20 72 14 72 47 42 68 14 51 35 46 38 0 58 48 52 43 72 37 12 37 51 13 44 56 51 27 26 44 72 5 55 9 72 35 60 15 16 36 22 1 17
run=4 seed=3 k=73 f=0
12 4 2 30 60 24 11 13 62 39 68 41 16 46 28 36 64 27 20 15 62 51 0 0 46 38 21 70 4 12 31 10 49 35 6 17 19 70 55 0 54 56 6 42 66 35 72 0 49 10 38 52 22 46 60 49 28 57 32 58 57 28 16 51 0 33 29 3 23 72 44 65 31 72 0 38 14 64 5 37 0 72 72 20 42 7 72 45 38 16
run=5 seed=4 k=73 f=0
7 3 60 33 16 39 46 12 6 45 8 41 63 50 72 43 0 29 0 60 20 56 52 25 52 56 58 35 63 49 25 12 20 69 57 29 68 20 1 27 18 27 60 14 23 47 49 72 9 22 40 35 34 72 51 27 39 56 0 34 49 71 16 7 46 63 0 10 35 0 14 16 63 37 42 6 1 12 43 42 63 50 47 36 70 1 72 69 57 66
run=6 seed=5 k=73 f=0
72 11 37 50 60 42 2 10 65 55 3 44 57 57 43 65 8 57 72 15 45 28 14 72 4 28 41 31 7 16 21 0 67 48 15 58 2 72 58 11 0 8 32 26 12 37 7 50 17 0 32 67 63 31 4 20 42 50 72 38 35 49 24 15 38 0 33 29 36 25 22 22 72 28 42 66 61 7 24 32 20 53 32 64 61 20 51 62 43 69
run=7 seed=6 k=73 f=0
63 66 70 43 26 0 16 50 54 47 19 37 59 1 7 41 64 6 51 28 57 4 42 30 23 17 22 14 61 53 51 72 23 14 11 20 70 31 61 30 72 65 68 51 63 17 12 72 55 72 36 24 44 2 43 9 44 48 10 55 29 12 19 57 4 63 52 32 48 1 50 6 10 0 36 21 17 13 0 72 16 33 41 23 39 37 0 64 38 26
run=8 seed=7 k=73 f=0
14 66 18 50 34 16 55 27 70 54 31 32 52 46 3 46 8 44 0 69 39 18 10 72 60 17 17 65 7 26 67 55 27 37 50 10 21 71 65 46 57 62 4 9 13 69 62 29 61 72 34 63 39 8 22 58 18 37 12 37 24 26 40 63 53 0 43 70 3 9 56 5 48 10 31 42 66 42 22 14 72 28 46 13 48 61 0 1 15 52
run=9 seed=8 k=73 f=0
46 59 68 10 72 0 62 43 19 64 56 30 50 40 31 3 72 42 58 26 42 21 42 42 24 27 31 72 18 1 0 50 0 70 22 68 5 15 62 57 47 63 32 25 11 65 32 63 44 18 64 49 55 37 56 50 6 38 0 35 9 54 54 4 5 37 37 70 72 22 49 14 0 19 63 45 8 56 35 64 29 15 72 23 9 11 36 71 6 12
run=10 seed=9 k=73 f=0
43 54 0 14 37 25 8 62 34 62 69 8 24 29 33 41 18 29 27 8 1 32 58 57 50 51 22 7 2 72 66 72 15 38 1 16 20 1 30 56 9 18 47 17 59 38 61 58 60 0 51 21 72 54 71 9 45 69 26 23 44 3 2 58 53 67 35 68 49 3 65 31 25 48 9 32 50 30 57 8 11 63 41 21 39 0 35 42 72 41
run=11 seed=10 k=73 f=0
12 13 12 72 13 36 42 61 55 25 70 19 16 24 51 24 64 32 60 47 3 65 11 38 44 44 10 69 15 19 56 42 60 23 21 47 2 0 31 35 31 9 10 58 6 45 5 46 53 72 46 53 9 32 68 17 0 26 27 56 0 32 0 51 52 6 72 70 18 56 58 62 36 71 17 66 27 0 61 30 72 53 72 40 36 7 26 64 63 3
run=12 seed=11 k=73 f=0
27 68 56 62 25 72 59 34 46 14 18 16 64 49 9 61 11 51 6 67 24 51 60 12 49 20 36 50 67 71 27 42 44 23 38 9 39 42 1 0 57 0 66 16 36 22 34 30 53 2 18 21 64 49 6 58 64 72 57 0 36 22 17 31 53 9 4 70 34 28 58 60 27 31 72 20 50 2 47 23 15 72 39 14 7 54 45 47 37 39
run=13 seed=12 k=73 f=0
17 42 35 45 0 0 24 44 38 1 59 2 21 19 1 5 29 43 72 18 51 13 29 15 48 65 53 70 44 25 72 62 60 52 65 31 55 28 13 8 5 45 61 8 28 66 19 46 18 9 62 34 38 55 71 20 31 28 71 20 58 68 10 16 4 56 3 11 0 0 23 35 72 41 0 13 64 70 8 7 38 23 31 36 29 50 49 35 68 55
run=14 seed=13 k=73 f=0
41 4 0 71 72 21 37 6 53 17 64 20 19 44 66 50 38 66 62 48 36 59 36 50 3 17 31 24 19 22 69 21 56 59 17 13 34 13 25 49 57 55 0 55 14 71 43 10 64 56 12 4 0 32 33 44 8 2 28 38 31 26 30 49 71 62 12 68 72 2 23 58 45 26 8 66 36 63 5 34 0 43 71 41 15 10 72 41 65 27
run=15 seed=14 k=73 f=0
15 28 7 45 11 9 34 19 2 27 1 55 52 72 30 38 22 43 24 53 66 48 20 72 44 31 54 39 50 63 38 58 10 69 61 19 34 1 62 70 26 72 35 53 64 20 70 22 13 0 8 0 48 51 26 47 42 60 24 10 63 72 58 15 41 72 11 53 33 0 8 2 39 43 56 5 62 15 44 24 0 17 33 50 11 1 72 37 56 66
run=16 seed=15 k=73 f=0
23 6 51 37 1 18 34 11 65 57 71 12 44 60 17 59 9 58 10 41 49 25 24 64 49 47 72 32 1 1 25 35 59 51 67 68 72 31 58 52 15 55 4 11 41 37 69 37 21 0 44 43 63 28 42 72 43 0 63 20 39 30 30 23 24 49 64 4 0 10 15 44 54 28 72 6 59 21 30 32 72 19 0 65 13 8 30 51 55 36
run=17 seed=16 k=73 f=0
48 4 0 56 22 18 51 29 25 25 2 10 17 46 70 59 64 42 41 59 66 44 57 29 66 29 40 12 72 14 18 18 43 59 12 26 63 50 72 1 6 72 0 11 8 26 19 4 40 72 65 8 0 53 68 36 63 35 25 37 57 51 56 22 43 45 64 19 10 1 35 72 18 54 8 45 29 48 39 64 0 33 63 14 50 8 48 72 26 54
run=18 seed=17 k=73 f=0
9 45 37 49 44 0 5 26 72 30 65 32 15 33 32 35 47 21 16 46 71 6 56 28 56 29 37 51 70 67 55 62 65 69 58 25 60 33 59 0 23 39 6 14 68 71 1 8 19 38 7 18 8 26 42 64 9 25 30 1 63 12 30 58 17 54 45 23 19 16 14 43 54 49 0 67 46 58 11 7 50 0 22 50 55 41 72 0 30 66
run=19 seed=18 k=73 f=0
35 51 57 27 0 69 71 0 42 24 42 17 62 62 4 72 49 27 65 53 15 29 37 0 2 14 72 13 13 12 6 38 29 54 41 65 0 35 14 49 19 9 45 16 22 10 28 8 25 57 55 40 71 31 9 59 18 69 23 12 7 43 0 64 25 30 52 30 1 62 20 57 42 41 0 71 47 35 33 54 47 58 21 72 67 17 33 47 20 39
run=20 seed=19 k=73 f=0
45 52 9 38 37 11 2 39 30 37 66 39 59 0 14 41 17 24 50 0 72 5 68 17 70 36 55 29 20 2 28 63 0 58 19 19 7 67 26 22 12 55 32 43 23 33 29 72 47 0 46 10 56 2 5 21 70 52 37 0 65 31 63 50 51 53 35 9 22 72 42 62 29 71 72 43 61 28 9 8 13 30 37 14 47 41 9 64 44 62
