run=1 seed=0 k=103 f=0
96 82 3 35 22 49 52 67 80 73 25 68 27 25 2 26 0 92 0 80 97 72 100 8 8 34 21 44 71 90 54 55 87 84 7 2 19 60 53 9 40 30 101 77 100 50 93 97 27 48 61 102 74 62 28 2 72 78 38 60 58 37 13 41 9 40 77 19 17 50 22 85 99 64 66 94 32 72 5 45 89 46 64 75 64 36 9 100 2 17
run=2 seed=1 k=103 f=0
96 82 3 35 22 49 52 67 80 73 25 68 27 25 2 26 0 92 0 80 97 72 100 8 8 34 21 44 71 90 54 55 87 84 7 2 19 60 53 9 40 30 101 77 100 50 93 97 27 48 61 102 74 62 28 2 72 78 38 60 58 37 13 41 9 40 77 19 17 50 22 85 99 64 66 94 32 72 5 45 89 46 64 75 64 36 9 100 2 17
run=3 seed=2 k=103 f=0
70 45 4 89 48 93 85 67 61 28 22 10 9 47 98 35 30 21 60 61 69 57 64 63 46 39 7 2 14 25 63 14 26 52 0 20 78 2 39 36 82 7 98 12 97 57 41 33 1 102 34 75 49 76 34 79 32 16 40 74 72 1 74 77 89 44 64 64 50 48 84 99 92 44 8 84 101 76 94 33 89 101 5 14 0 89 60 102 25 89
run=4 seed=3 k=103 f=0
1 18 75 53 47 68 28 17 90 80 6 82 12 26 87 87 58 65 96 100 34 54 6 75 16 12 21 32 68 62 88 0 54 43 66 62 8 9 77 76 99 15 55 18 69 60 23 43 69 50 43 12 41 7 88 98 39 26 44 49 26 30 81 0 93 33 1 61 92 92 74 98 4 47 102 79 4 37 27 100 22 60 59 31 68 67 93 4 90 35
run=5 seed=4 k=103 f=0
33 72 2 82 91 99 62 61 34 22 46 0 28 79 100 57 57 71 102 95 13 99 16 54 49 23 12 1 53 99 17 3 69 42 78 20 52 0 8 15 3 25 15 63 39 42 24 26 30 10 29 14 91 34 81 75 17 82 76 30 83 11 53 32 22 17 39 83 86 67 50 67 39 61 99 8 51 36 57 6 66 43 85 92 32 91 65 22 71 45
run=6 seed=5 k=103 f=0
71 99 92 100 28 12 56 31 35 95 65 3 98 80 48 71 44 9 11 89 3 79 59 88 86 96 68 14 94 17 61 39 76 71 36 64 83 80 93 37 40 102 23 40 0 92 4 52 23 55 50 26 14 87 48 101 45 27 16 33 37 48 95 0 53 0 16 16 27 79 90 56 72 11 29 68 25 33 75 42 95 56 68 60 48 61 82 0 67 68
run=7 seed=6 k=103 f=0
35 23 28 19 94 13 60 2 79 50 60 12 5 24 99 44 94 63 53 11 36 94 30 96 100 16 2 77 92 52 34 17 56 97 37 52 95 43 68 86 11 26 33 2 74 30 36 35 77 102 66 30 58 62 23 56 78 72 50 88 1 3 2 72 17 88 75 25 0 43 9 64 68 44 48 88 75 83 71 69 7 100 99 88 81 19 38 35 47 80
run=8 seed=7 k=103 f=0
66 92 67 88 6 38 49 81 88 41 4 48 98 86 56 11 32 15 18 58 33 21 12 74 79 95 41 25 21 1 46 1 86 72 90 68 13 56 62 2 11 101 100 6 31 92 54 26 24 54 99 7 63 45 47 18 64 77 15 88 10 62 1 88 34 66 75 51 84 54 38 99 102 36 2 30 83 63 93 32 53 72 101 27 41 46 81 22 40 75
run=9 seed=8 k=103 f=0
98 102 87 77 34 17 87 49 70 21 88 0 47 29 67 19 99 55 56 11 59 31 97 102 49 36 0 78 99 51 76 94 36 95 68 40 31 29 7 10 10 102 40 102 41 93 11 45 60 90 87 74 16 81 65 80 15 55 69 80 48 68 22 83 58 2 62 92 24 29 71 44 79 81 7 40 34 18 35 91 2 48 62 20 79 25 25 39 6 44
run=10 seed=9 k=103 f=0
27 39 68 75 84 32 30 13 94 68 34 7 8 62 83 16 24 36 38 1 49 85 45 29 31 87 14 54 23 4 3 67 98 73 76 22 42 20 55 76 91 89 83 59 93 1 5 40 94 102 100 40 66 54 7 102 20 60 59 52 31 74 85 46 90 53 89 1 78 42 1 84 51 23 14 10 24 50 96 18 100 30 78 63 18 37 78 67 10 54
run=11 seed=10 k=103 f=0
28 18 53 62 72 82 64 25 44 74 16 45 87 18 78 87 12 62 26 4 57 96 16 35 99 54 89 102 50 51 30 78 40 87 57 9 21 16 59 52 102 102 72 0 0 71 11 19 27 0 43 84 78 18 42 67 9 95 40 54 102 63 76 97 47 31 23 10 69 11 33 88 66 6 21 93 74 81 86 18 34 47 102 6 28 61 90 0 2 84
run=12 seed=11 k=103 f=0
14 58 1 50 2 79 37 58 41 73 43 85 3 41 90 49 56 98 75 75 0 21 59 32 82 9 78 81 71 0 90 85 102 91 33 92 55 28 35 33 99 93 0 19 17 75 73 94 17 65 26 18 0 42 50 6 59 44 34 28 78 37 11 73 68 64 80 58 9 64 36 3 102 23 23 50 47 13 17 82 100 68 32 16 62 68 44 92 49 81
run=13 seed=12 k=103 f=0
83 4 35 31 91 91 59 55 38 57 44 20 47 19 65 100 15 101 30 30 22 48 51 12 50 24 89 1 94 52 69 74 17 86 6 13 69 17 10 26 80 54 68 9 38 34 62 51 75 93 60 44 39 17 77 1 42 6 89 62 64 8 86 47 97 72 6 86 10 1 30 43 84 97 0 25 25 68 69 27 0 63 15 38 80 56 54 40 15 60
run=14 seed=13 k=103 f=0
44 99 65 86 60 78 24 35 56 4 26 12 14 2 3 41 15 74 26 39 48 70 86 96 102 102 15 93 53 53 31 79 31 12 0 88 100 87 99 73 79 10 55 35 6 89 51 41 28 81 66 96 41 72 0 6 86 22 94 32 51 53 26 26 65 15 7 63 2 3 33 82 1 49 92 100 23 26 74 71 18 34 64 42 60 58 67 43 85 59
run=15 seed=14 k=103 f=0
86 14 44 93 91 60 0 101 41 58 91 54 79 90 27 52 0 9 102 48 97 79 91 69 23 102 26 14 30 84 18 61 36 2 1 5 42 91 10 1 99 84 55 32 72 95 84 1 86 21 43 100 77 31 25 48 76 19 73 36 94 91 14 72 43 75 47 12 19 57 40 73 67 49 48 56 97 3 5 100 42 11 88 83 36 61 32 13 71 60
run=16 seed=15 k=103 f=0
29 51 90 2 93 89 23 56 37 67 12 91 76 1 95 97 45 38 80 55 41 83 35 86 87 23 58 58 39 24 101 15 22 102 31 34 45 1 84 84 10 102 67 29 30 54 69 68 60 0 70 47 69 2 49 13 43 66 77 20 9 71 19 58 75 98 63 39 25 48 17 102 77 4 88 88 78 98 0 61 61 70 52 31 93 39 97 33 86 80
run=17 seed=16 k=103 f=0
48 85 76 38 35 97 38 6 31 26 19 75 43 6 80 18 52 60 96 51 11 101 60 51 90 81 72 72 64 23 21 27 19 71 21 54 95 26 80 56 46 83 102 32 55 66 49 44 17 0 95 28 101 6 48 54 50 33 2 32 45 9 62 88 91 20 101 42 93 87 95 83 28 2 10 100 12 62 60 29 64 74 77 36 40 90 68 11 75 42
run=18 seed=17 k=103 f=0
57 92 98 10 55 51 24 8 65 30 89 101 73 89 101 65 9 1 30 45 26 1 64 90 89 68 28 41 40 40 55 15 29 24 45 55 70 66 59 87 17 59 40 76 81 0 72 81 61 19 102 100 37 4 88 96 72 19 34 19 75 41 44 58 79 20 50 72 76 64 47 10 84 46 100 23 30 53 66 22 98 86 5 14 7 62 28 79 77 81
run=19 seed=18 k=103 f=0
94 79 35 101 61 76 12 30 46 36 39 102 8 102 58 1 32 85 87 0 19 60 88 14 26 9 31 21 81 60 65 35 100 16 53 30 75 62 5 86 19 26 101 69 77 26 50 4 0 57 74 50 48 13 1 39 41 66 88 15 39 43 34 25 81 88 89 53 8 2 68 7 17 51 76 72 97 44 77 22 67 100 22 47 51 37 93 86 23 42
run=20 seed=19 k=103 f=0
24 35 24 39 11 50 69 78 72 15 30 46 99 1 81 2 14 30 68 82 24 102 64 25 64 84 9 7 77 59 100 75 32 21 19 17 71 102 4 61 88 54 62 79 20 93 61 28 7 57 46 47 25 34 71 89 100 14 96 97 95 10 93 2 54 17 39 83 64 97 49 34 66 40 41 0 7 1 16 89 46 89 61 10 40 51 75 69 85 92
