run=1 seed=0 k=91 f=0
26 88 60 82 1 33 38 16 1 72 2 8 10 4 90 14 17 36 23 31 62 43 68 16 90 56 8 55 45 37 79 77 44 61 74 32 19 70 87 64 24 9 80 14 69 31 83 65 39 75 90 89 84 52 21 56 64 3 70 2 24 58 88 90 41 82 52 32 20 0 11 80 64 73 3 44 74 49 82 25 36 90 49 29 54 81 47 65 22 67
run=2 seed=1 k=91 f=0
26 88 60 82 1 33 38 16 1 72 2 8 10 4 90 14 17 36 23 31 62 43 68 16 90 56 8 55 45 37 79 77 44 61 74 32 19 70 87 64 24 9 80 14 69 31 83 65 39 75 90 89 84 52 21 56 64 3 70 2 24 58 88 90 41 82 52 32 20 0 11 80 64 73 3 44 74 49 82 25 36 90 49 29 54 81 47 65 22 67
run=3 seed=2 k=91 f=0
4 57 17 0 8 0 25 42 33 65 64 35 40 21 12 63 59 28 54 88 38 23 20 21 18 1 36 74 31 9 42 12 62 21 87 7 57 49 11 46 78 19 5 90 40 17 0 8 90 51 62 11 23 34 63 84 0 29 29 1 42 90 52 37 32 25 39 49 4 85 85 79 66 0 15 67 73 69 79 78 75 46 58 72 53 86 77 45 82 69
run=4 seed=3 k=91 f=0
24 49 66 90 34 23 57 3 43 73 71 29 29 37 74 67 90 77 25 23 4 13 52 51 19 25 17 40 7 72 51 39 57 87 44 22 52 10 37 66 83 53 69 39 54 43 52 53 16 7 26 70 56 17 54 32 2 0 61 0 82 34 12 0 19 89 90 79 31 36 62 10 72 88 46 69 14 5 46 80 76 87 4 29 81 14 36 60 80 13
run=5 seed=4 k=91 f=0
68 37 26 1 29 22 6 53 59 87 39 89 77 22 88 87 8 18 55 60 5 28 20 10 30 62 33 15 60 87 85 44 46 84 48 14 51 73 66 0 45 70 41 61 1 83 12 67 20 71 71 28 31 9 30 90 84 60 13 19 46 72 12 51 4 44 47 50 80 22 0 35 55 25 90 19 83 52 90 18 63 35 30 11 51 37 80 64 17 37
run=6 seed=5 k=91 f=0
71 88 75 16 70 43 34 50 72 81 35 82 17 30 7 6 90 83 13 89 80 50 46 4 0 0 73 0 51 50 67 31 32 3 45 13 44 20 27 25 11 63 61 67 90 53 22 4 38 75 83 8 58 55 35 13 0 64 14 18 21 61 48 53 79 59 68 42 71 40 29 8 66 78 9 83 29 26 44 67 40 22 82 70 4 88 46 59 45 24
run=7 seed=6 k=91 f=0
4 37 63 25 43 36 66 44 8 21 32 28 84 40 66 31 54 19 63 62 45 66 40 7 42 80 65 48 54 45 0 53 33 85 71 21 11 62 20 90 33 38 9 79 87 71 23 53 5 70 78 14 14 82 50 0 0 43 3 0 87 77 41 39 69 67 36 14 90 15 0 54 61 0 30 48 16 54 74 75 10 24 89 76 15 19 46 89 26 90
run=8 seed=7 k=91 f=0
12 3 68 64 62 1 15 46 28 56 75 38 57 20 38 54 35 20 47 32 25 81 10 0 7 65 72 81 8 37 51 89 87 87 22 18 74 78 26 23 44 41 61 49 23 32 10 54 80 90 85 78 56 1 30 67 33 50 17 43 47 32 62 42 10 19 26 84 61 54 71 89 28 6 0 80 74 25 6 44 11 70 37 52 49 67 10 12 41 75
run=9 seed=8 k=91 f=0
43 69 30 32 8 13 67 52 35 4 57 56 47 38 26 43 84 57 21 67 29 60 35 11 37 65 50 85 62 20 74 76 16 89 73 88 66 80 63 8 27 16 31 63 70 80 74 23 43 0 89 24 9 85 7 1 59 90 90 9 35 51 70 72 22 57 51 78 8 0 50 25 77 0 17 25 44 58 81 78 0 36 88 41 48 38 26 70 79 46
run=10 seed=9 k=91 f=0
85 86 10 72 2 27 89 20 75 13 29 80 54 36 43 68 83 90 18 41 14 59 75 15 23 23 23 60 0 44 53 46 10 34 85 29 68 60 1 18 10 63 71 53 84 4 31 1 14 56 84 29 73 10 44 87 52 31 71 6 47 41 55 16 53 38 52 32 0 34 9 49 1 76 65 23 80 60 81 26 77 36 68 80 90 89 38 0 16 31
run=11 seed=10 k=91 f=0
58 13 74 9 6 59 33 9 33 5 74 64 23 89 85 42 67 14 16 31 67 3 59 63 21 29 71 77 38 26 10 23 38 78 87 33 17 68 44 50 0 47 37 31 61 80 58 11 4 75 46 14 38 72 88 19 30 69 10 69 53 79 55 2 55 0 64 33 89 85 61 90 21 31 46 64 79 17 40 75 54 81 46 25 59 6 84 53 75 56
run=12 seed=11 k=91 f=0
36 34 85 69 74 46 44 23 56 24 18 90 0 39 71 69 47 90 25 64 12 53 9 16 39 29 24 85 71 33 5 42 61 51 65 25 3 64 39 20 60 49 5 55 88 41 5 8 54 69 87 60 0 16 74 32 33 78 26 30 8 80 81 21 11 87 77 58 75 78 59 12 17 29 38 86 71 6 5 90 0 59 22 83 90 52 78 46 10 13
run=13 seed=12 k=91 f=0
59 53 60 76 27 0 25 72 9 28 90 66 66 67 44 68 50 84 0 79 12 22 72 5 10 76 60 0 15 45 23 33 10 63 8 80 24 45 6 33 36 18 36 72 18 85 11 63 9 60 83 58 41 86 54 90 71 75 40 86 29 38 49 5 15 20 44 75 3 13 70 48 0 17 15 51 33 27 27 82 46 59 42 24 65 55 90 90 2 32
run=14 seed=13 k=91 f=0
68 19 4 23 75 30 35 80 87 13 68 46 63 13 13 36 43 33 90 51 75 2 43 41 23 81 32 32 64 68 75 83 23 60 16 60 17 50 22 40 90 32 86 56 48 76 89 21 36 90 52 0 65 0 75 11 45 5 90 7 28 70 51 0 4 67 24 58 24 83 8 83 73 56 16 62 42 16 42 79 56 9 2 40 15 87 53 1 75 25
run=15 seed=14 k=91 f=0
57 7 48 81 28 45 3 51 31 68 9 81 25 53 10 65 77 84 80 46 75 25 53 13 52 3 89 46 84 22 66 13 84 0 59 55 64 58 89 18 38 4 38 4 20 50 89 55 24 62 6 39 15 90 28 22 73 32 60 30 42 89 6 10 75 64 64 8 32 31 70 0 33 75 51 38 78 55 21 0 43 52 12 18 86 40 90 68 73 21
run=16 seed=15 k=91 f=0
10 61 72 39 22 63 50 17 72 2 53 67 4 45 46 18 56 13 36 85 10 81 67 17 79 39 50 25 78 89 23 48 90 90 45 36 75 54 30 33 67 30 69 39 5 41 87 46 17 87 0 25 8 67 3 85 7 57 21 27 0 42 56 80 76 23 37 64 1 60 22 88 47 83 30 75 31 27 38 35 57 90 13 43 69 65 73 76 84 65
run=17 seed=16 k=91 f=0
76 18 90 66 71 84 26 90 77 20 36 84 80 45 2 89 74 67 53 87 8 64 84 52 34 6 6 58 73 84 16 24 14 43 88 56 32 0 72 42 27 80 14 9 1 70 19 20 13 48 59 38 62 14 52 38 3 22 0 73 39 13 62 33 26 69 54 47 71 75 80 6 28 89 21 65 31 36 17 44 43 33 45 60 50 62 90 18 84 84
run=18 seed=17 k=91 f=0
28 59 79 86 41 1 33 18 49 64 46 23 62 18 90 77 56 35 58 16 23 33 51 7 70 81 51 75 57 27 75 49 81 25 79 84 86 42 69 8 68 71 53 13 16 48 87 26 0 17 0 79 90 30 86 75 18 18 80 38 40 6 87 63 32 57 67 51 7 17 75 55 67 33 47 54 68 74 37 47 0 87 36 8 63 0 29 40 12 5
run=19 seed=18 k=91 f=0
53 3 54 29 1 66 3 72 82 43 43 84 16 61 89 21 26 79 12 15 74 55 40 38 30 6 75 81 72 62 37 39 60 86 33 28 0 42 35 23 44 7 0 90 86 33 21 19 76 90 15 44 56 70 51 29 24 46 65 60 14 76 62 34 9 5 90 8 31 3 62 66 38 9 70 55 46 50 0 78 48 90 56 23 84 69 47 87 28 17
run=20 seed=19 k=91 f=0
73 53 65 40 45 20 62 56 39 13 37 21 24 36 50 15 90 77 89 2 43 83 68 32 85 29 58 89 4 21 53 34 37 85 74 75 58 70 6 4 13 49 13 50 69 45 46 3 81 47 76 51 70 57 34 63 12 16 89 0 1 48 15 57 46 87 77 28 62 49 64 34 10 65 19 40 79 88 70 71 5 25 31 25 17 81 38 3 10 7
