run=1 seed=0 k=93 f=0
11 65 77 11 43 70 7 12 48 85 21 7 53 15 86 47 60 37 5 69 11 56 75 90 59 0 2 1 47 47 74 83 36 75 80 41 29 3 35 79 85 30 90 47 13 59 20 32 22 48 38 64 92 20 54 21 66 68 40 1 32 21 86 67 45 80 55 33 0 56 17 45 73 15 9 57 8 77 88 62 92 74 92 25 50 6 82 31 27 28
run=2 seed=1 k=93 f=0
11 65 77 11 43 70 7 12 48 85 21 7 53 15 86 47 60 37 5 69 11 56 75 90 59 0 2 1 47 47 74 83 36 75 80 41 29 3 35 79 85 30 90 47 13 59 20 32 22 48 38 64 92 20 54 21 66 68 40 1 32 21 86 67 45 80 55 33 0 56 17 45 73 15 9 57 8 77 88 62 92 74 92 25 50 6 82 31 27 28
run=3 seed=2 k=93 f=0
90 32 53 0 81 24 48 44 38 66 1 26 21 92 66 21 34 49 66 17 68 48 86 72 1 23 62 15 9 15 69 6 43 18 2 57 34 92 77 74 77 61 29 86 55 82 6 6 51 42 23 19 63 15 38 65 92 57 83 77 16 42 86 58 59 15 64 86 26 53 80 10 92 1 2 48 33 37 53 29 37 75 52 8 42 9 72 89 89 13
run=4 seed=3 k=93 f=0
24 72 51 0 75 37 15 85 55 91 67 50 53 40 4 38 31 24 30 18 52 12 57 11 56 54 62 81 28 92 82 0 43 78 50 25 76 52 6 60 6 8 69 85 46 88 21 16 2 39 20 4 63 21 92 63 85 14 92 20 90 87 46 0 25 3 67 8 33 83 47 41 81 35 9 39 26 28 44 78 68 59 80 60 81 68 18 48 82 74
run=5 seed=4 k=93 f=0
29 34 24 14 61 61 66 25 8 12 86 41 50 86 10 80 38 15 39 35 20 89 45 27 60 75 54 40 75 77 6 6 92 56 21 11 71 86 15 62 21 14 6 52 70 80 0 16 29 47 45 17 56 91 43 37 46 2 77 48 1 16 51 31 48 0 27 26 61 67 81 87 65 16 92 69 73 6 44 71 53 29 82 71 0 34 21 89 37 62
run=6 seed=5 k=93 f=0
19 42 27 69 72 62 74 4 30 46 48 0 26 72 70 36 85 0 8 21 71 58 51 48 54 26 28 31 49 92 14 90 3 11 16 30 9 52 58 57 2 77 68 75 84 45 12 70 37 7 61 66 65 55 89 21 25 89 9 22 92 13 58 44 28 9 55 1 0 36 19 81 50 76 57 41 37 19 34 80 47 64 47 81 84 35 76 9 4 34
run=7 seed=6 k=93 f=0
89 0 58 83 92 8 44 60 64 43 68 71 8 14 76 44 90 29 25 88 33 92 13 48 65 20 72 58 50 33 40 18 32 92 32 23 0 74 21 65 55 62 40 17 75 26 90 30 61 44 4 88 78 83 55 81 1 51 78 36 53 8 75 83 0 51 21 20 7 14 66 81 10 17 3 43 38 90 49 0 54 71 88 15 25 41 35 62 57 70
run=8 seed=7 k=93 f=0
0 87 77 55 26 2 20 82 44 76 30 24 65 54 17 19 72 58 77 60 1 47 33 11 52 27 82 90 45 20 88 69 43 7 3 8 12 73 91 52 61 13 32 92 90 86 3 79 92 36 31 35 45 62 46 16 44 35 39 38 53 3 12 86 55 53 51 27 92 68 79 64 16 76 0 81 37 91 21 2 33 53 69 23 75 26 64 46 75 11
run=9 seed=8 k=93 f=0
28 61 46 62 12 92 37 86 30 6 54 55 85 17 18 34 52 87 67 32 69 51 42 70 41 24 44 57 61 1 30 90 9 19 44 0 67 79 1 79 83 62 49 13 58 3 22 7 17 70 55 87 92 79 62 54 54 47 20 73 45 13 70 40 43 22 49 86 42 90 12 90 80 60 4 0 34 30 82 52 5 27 46 28 10 39 33 20 26 76
run=10 seed=9 k=93 f=0
58 29 80 33 86 58 35 19 80 83 92 7 31 83 64 64 32 43 14 32 12 38 46 57 3 60 66 9 1 88 8 51 52 63 46 92 38 73 41 23 38 68 26 21 31 91 63 12 76 0 21 43 48 58 7 49 34 72 44 72 67 44 27 91 81 67 10 54 24 44 54 50 21 11 14 18 92 76 61 16 80 1 33 35 75 43 84 4 25 70
run=11 seed=10 k=93 f=0
4 34 48 80 6 37 32 79 26 47 17 89 0 44 92 40 13 56 47 78 90 52 33 23 79 92 6 16 15 33 25 12 66 20 90 17 27 10 42 56 75 57 48 24 57 46 91 18 6 83 62 3 51 29 87 58 20 84 46 2 25 65 86 31 92 69 60 26 0 15 75 36 43 13 0 37 80 89 26 47 71 83 8 67 64 38 62 54 73 39
run=12 seed=11 k=93 f=0
76 56 10 25 73 37 23 19 45 37 86 0 47 26 1 36 32 83 26 60 23 82 34 55 46 75 46 11 59 76 41 15 81 42 40 10 43 73 7 91 90 31 29 66 54 68 42 59 85 66 33 67 15 0 13 92 83 58 47 63 39 88 80 59 64 25 6 78 6 16 90 30 48 36 6 53 84 6 38 32 92 65 7 0 74 19 24 64 76 51
run=13 seed=12 k=93 f=0
50 12 80 46 64 21 54 60 40 36 92 35 28 88 37 0 92 66 34 46 38 89 72 92 27 39 83 17 66 74 51 23 80 86 1 54 10 42 17 90 5 57 10 33 56 55 41 54 18 73 32 14 0 92 77 71 45 65 30 18 46 41 86 53 50 12 84 76 5 0 32 82 62 46 24 12 89 59 77 51 72 83 64 1 67 1 82 18 74 14
run=14 seed=13 k=93 f=0
18 10 0 76 16 28 20 92 19 10 15 25 72 87 59 67 78 20 26 54 90 19 79 1 74 43 67 0 29 46 6 44 48 3 70 35 84 49 32 40 14 10 63 78 56 54 88 40 17 92 55 44 60 51 38 68 0 5 26 30 51 6 73 11 23 9 66 43 75 33 84 69 2 30 31 59 57 20 65 9 82 33 91 74 2 92 69 84 92 54
run=15 seed=14 k=93 f=0
70 66 74 45 86 40 77 85 32 82 29 7 36 63 14 74 69 43 46 77 42 13 27 28 67 92 91 4 40 60 8 25 65 54 53 0 57 70 63 30 33 68 32 91 59 42 12 0 85 36 18 30 13 10 80 20 1 77 50 50 48 88 73 2 47 49 46 12 60 83 19 16 76 21 60 20 64 71 86 53 34 92 84 10 5 86 27 5 57 51
run=16 seed=15 k=93 f=0
41 81 21 47 80 3 31 12 45 55 90 9 47 28 22 58 87 68 68 78 70 2 59 60 13 25 88 66 76 78 65 20 76 84 24 92 28 22 32 92 10 54 50 91 90 69 0 19 47 15 54 40 2 34 59 38 92 54 38 74 39 48 54 8 43 28 59 36 29 69 31 19 64 83 78 0 49 19 15 3 44 8 71 0 62 12 55 34 90 44
run=17 seed=16 k=93 f=0
42 36 89 4 48 69 91 17 60 18 72 29 26 58 86 43 52 4 57 39 28 65 78 59 63 92 67 64 6 31 81 20 17 80 26 0 56 25 7 75 38 13 64 59 14 47 34 40 41 23 18 70 64 37 39 51 0 9 4 73 85 53 28 72 34 88 12 5 49 47 46 89 76 0 32 91 2 90 60 43 86 75 18 55 81 35 11 80 61 17
run=18 seed=17 k=93 f=0
19 82 6 59 1 38 91 12 92 5 61 37 7 56 54 16 0 14 87 1 74 65 12 20 73 60 92 68 82 81 11 7 25 51 64 53 89 85 34 45 42 34 27 62 38 1 71 30 67 31 67 46 86 43 70 56 19 75 86 58 19 1 13 41 77 19 66 46 48 7 92 29 45 61 78 79 49 48 13 70 27 56 68 3 22 37 8 29 22 22
run=19 seed=18 k=93 f=0
73 46 67 85 65 69 82 55 44 26 40 6 38 76 91 9 59 24 48 49 21 83 13 17 3 92 0 53 18 46 30 92 61 13 82 57 41 1 21 31 38 57 43 92 60 50 77 59 84 39 11 57 74 2 63 26 23 14 29 19 17 35 16 80 74 6 44 44 66 66 31 63 66 23 49 44 82 32 13 73 73 36 36 88 4 6 0 58 73 8
run=20 seed=19 k=93 f=0
48 52 16 51 52 91 0 27 75 1 82 17 19 3 33 21 41 49 43 23 14 68 41 30 82 10 38 14 50 90 61 77 78 36 72 43 38 14 65 25 22 48 4 69 91 63 79 64 57 65 81 71 0 27 84 54 16 86 92 58 82 34 39 28 44 2 10 13 35 74 74 70 33 3 19 85 10 59 56 67 6 62 45 58 1 52 91 9 43 78
