run=1 seed=0 k=74 f=0
72 6 4 22 50 49 27 24 18 53 10 12 26 7 35 26 57 71 5 60 73 56 53 60 17 39 43 10 40 31 68 65 47 35 24 42 29 64 73 20 0 0 4 58 39 40 44 34 73 0 52 56 18 34 17 11 71 55 29 70 32 48 41 46 43 0 68 59 20 5 24 0 50 5 10 55 26 15 50 1 13 44 73 54 38 67 65 73 16 29
run=2 seed=1 k=74 f=0
72 6 4 22 50 49 27 24 18 53 10 12 26 7 35 26 57 71 5 60 73 56 53 60 17 39 43 10 40 31 68 65 47 35 24 42 29 64 73 20 0 0 4 58 39 40 44 34 73 0 52 56 18 34 17 11 71 55 29 70 32 48 41 46 43 0 68 59 20 5 24 0 50 5 10 55 26 15 50 1 13 44 73 54 38 67 65 73 16 29
run=3 seed=2 k=74 f=0
73 15 49 0 73 42 67 72 0 9 62 50 0 35 60 0 27 38 53 22 55 43 20 40 21 18 25 52 53 73 4 31 35 4 3 24 64 58 30 21 66 48 24 0 8 29 22 8 71 9 16 19 43 39 13 51 25 12 72 38 58 59 55 73 18 20 4 69 8 48 66 2 34 46 51 60 67 8 0 19 66 17 29 45 37 69 0 56 32 61
run=4 seed=3 k=74 f=0
36 62 70 4 12 5 71 66 26 2 21 10 50 3 9 4 30 52 66 39 15 25 3 12 60 13 46 24 54 27 73 33 68 43 1 53 47 73 9 56 65 8 60 25 50 17 63 34 2 22 19 38 58 20 18 48 59 29 66 18 73 38 62 0 53 14 9 29 49 37 7 66 37 40 66 28 57 57 57 20 42 73 68 27 1 0 46 72 28 40
run=5 seed=4 k=74 f=0
52 68 45 39 73 64 50 19 7 44 62 43 48 1 58 25 29 7 45 12 0 34 71 55 37 46 47 31 68 72 40 59 3 73 1 50 17 0 50 72 60 52 33 13 53 64 18 73 9 37 31 8 73 37 24 39 28 26 41 63 58 8 26 53 8 55 59 19 73 13 14 1 22 37 65 64 29 22 30 66 16 7 19 42 21 12 1 0 26 18
run=6 seed=5 k=74 f=0
52 67 70 73 50 34 6 27 14 73 41 14 10 8 19 73 65 0 64 17 52 32 55 32 34 17 53 61 65 64 58 12 37 70 9 0 67 45 0 1 42 46 61 13 25 47 38 72 37 73 22 43 5 19 22 5 29 29 70 55 24 43 44 53 52 56 29 0 61 8 11 22 58 59 31 55 64 16 7 44 39 1 25 37 26 72 46 0 18 40
run=7 seed=6 k=74 f=0
65 42 51 9 0 44 35 73 0 73 55 70 29 31 59 67 17 41 24 45 32 59 19 23 2 73 1 9 49 32 7 50 73 31 47 19 21 59 7 45 70 73 22 73 44 37 3 55 60 26 16 5 46 61 13 66 17 3 22 36 10 13 71 4 38 18 72 53 0 56 67 30 0 53 54 29 7 64 12 38 8 39 27 48 65 13 35 45 25 63
run=8 seed=7 k=74 f=0
56 23 25 51 67 29 56 12 68 28 7 30 73 0 46 37 64 53 54 35 1 50 59 0 46 20 19 19 49 10 12 10 30 44 41 66 40 22 51 1 34 17 35 0 26 22 51 48 9 0 70 40 73 31 70 56 4 64 26 16 38 60 18 7 0 7 28 0 43 29 14 71 57 52 29 49 64 59 55 23 73 61 39 61 68 15 47 41 66 41
run=9 seed=8 k=74 f=0
14 33 42 35 49 72 19 51 0 29 63 6 7 54 36 2 30 67 16 73 18 54 72 15 60 39 50 58 31 0 70 45 23 25 41 66 64 1 7 0 20 11 43 56 37 31 35 36 15 0 8 45 61 32 34 63 23 45 38 12 23 25 52 17 16 9 57 51 27 72 10 38 46 73 53 0 28 61 50 42 70 60 46 59 4 53 73 27 0 6
run=10 seed=9 k=74 f=0
60 6 72 32 33 50 68 18 22 50 8 47 7 65 54 41 9 23 50 62 34 22 64 62 56 44 70 23 23 41 34 13 17 73 6 68 10 42 0 1 52 28 58 15 73 66 0 73 57 0 6 5 73 67 4 29 20 42 52 17 37 28 5 32 66 64 42 0 73 22 50 35 27 28 64 38 7 0 18 47 59 0 39 12 43 73 17 14 58 54
run=11 seed=10 k=74 f=0
62 40 30 18 73 27 29 46 15 44 16 31 66 70 46 47 9 62 54 3 72 61 71 34 3 35 44 32 39 62 49 12 57 22 6 7 10 55 37 0 13 66 4 48 37 37 19 6 45 25 25 58 57 30 13 73 40 19 55 18 16 69 34 42 66 64 67 27 35 71 50 52 66 73 73 49 36 52 27 10 0 21 53 31 45 27 0 0 4 19
run=12 seed=11 k=74 f=0
73 16 24 23 1 41 28 34 62 59 18 63 40 31 26 5 14 38 36 52 24 47 19 13 41 60 73 51 46 0 6 72 2 56 69 39 33 17 71 11 38 31 46 65 65 20 52 5 71 22 56 19 44 44 8 24 22 57 40 21 53 30 29 73 1 73 4 50 0 45 66 0 7 48 0 60 31 30 8 53 55 14 15 27 64 69 32 63 55 50
run=13 seed=12 k=74 f=0
73 13 47 8 16 20 31 72 3 46 37 47 69 12 8 6 50 15 45 19 62 73 51 0 57 59 35 17 26 73 42 34 41 25 28 55 62 0 15 33 55 12 64 70 65 3 65 12 39 30 19 48 9 71 54 30 60 53 45 30 0 40 54 37 48 46 6 0 1 27 44 24 66 15 73 39 38 47 69 57 22 52 63 8 28 26 21 64 62 3
run=14 seed=13 k=74 f=0
5 38 43 0 6 51 14 8 39 32 1 73 47 58 23 44 40 61 17 40 71 7 9 26 12 22 43 14 29 72 67 63 73 45 41 25 19 1 18 37 5 11 27 18 30 29 30 13 11 32 17 0 56 54 36 64 24 54 19 67 47 56 0 9 71 30 23 2 49 51 16 45 65 65 72 68 5 35 58 13 0 34 73 54 28 1 2 59 35 50
run=15 seed=14 k=74 f=0
53 67 30 64 50 26 35 36 2 8 59 49 36 1 19 45 65 37 11 41 0 37 31 30 70 23 20 63 62 55 15 73 72 70 70 27 39 45 51 0 40 6 19 3 23 66 67 56 58 73 8 21 32 39 59 9 19 27 23 2 16 32 43 11 3 68 72 60 50 73 53 20 7 13 0 62 18 46 68 7 57 30 34 30 14 59 43 0 12 49
run=16 seed=15 k=74 f=0
50 34 0 57 1 73 1 42 37 11 14 16 27 47 36 62 73 51 73 32 2 52 61 19 68 21 39 70 31 71 6 42 0 60 23 25 31 23 8 7 25 8 36 41 12 73 31 15 49 0 13 54 38 49 4 30 65 43 59 4 9 38 58 14 53 47 67 53 69 31 44 63 66 58 30 37 62 50 47 11 29 17 3 70 23 66 57 3 41 63
run=17 seed=16 k=74 f=0
57 34 64 8 9 21 1 55 13 34 6 19 21 12 0 4 46 69 63 48 12 67 71 29 12 16 0 16 34 39 72 53 36 3 33 48 41 62 37 27 59 0 12 41 38 64 11 59 55 0 23 45 29 17 30 48 47 73 31 59 9 29 3 53 25 73 21 72 40 48 23 1 73 49 37 58 1 69 63 55 25 73 33 43 20 9 63 16 54 6
run=18 seed=17 k=74 f=0
6 52 25 65 18 11 32 34 64 14 70 17 65 54 28 30 20 51 63 51 20 5 39 4 58 73 29 60 23 18 38 73 12 3 35 68 73 71 16 53 70 26 24 61 38 1 2 38 9 0 10 12 56 3 41 54 55 35 42 10 27 0 49 32 47 0 71 67 60 47 14 44 36 22 64 67 47 39 1 73 48 12 29 58 33 46 45 55 48 6
run=19 seed=18 k=74 f=0
49 57 13 64 40 62 38 0 44 29 4 35 66 63 55 69 38 58 27 53 41 24 22 9 54 9 56 39 7 38 47 1 2 67 72 6 61 7 58 73 31 20 42 49 10 27 67 54 20 29 17 57 53 58 33 26 8 13 73 43 73 18 1 22 20 16 49 63 12 1 15 0 45 42 0 45 38 48 28 24 50 34 72 51 62 34 64 72 22 70
run=20 seed=19 k=74 f=0
73 48 20 53 53 55 54 5 1 64 11 60 21 7 56 58 17 2 65 43 0 69 72 62 50 51 19 16 16 9 25 8 42 39 1 15 6 48 26 35 44 73 73 68 20 27 0 42 0 42 0 42 73 15 12 32 44 65 19 2 33 28 11 28 59 18 33 12 53 27 57 44 24 14 65 59 5 36 33 49 37 27 73 20 63 0 8 72 72 36
