run=1 seed=0 k=83 f=0
47 21 0 37 67 18 27 75 48 14 28 81 82 31 16 39 8 70 82 70 47 66 28 68 64 38 5 37 57 59 48 15 73 58 12 32 3 1 37 64 18 23 23 38 50 33 30 72 72 63 74 11 26 31 47 29 45 23 36 73 1 10 81 31 65 63 43 26 56 13 77 56 45 10 17 62 53 44 81 0 1 75 4 11 8 54 54 29 78 81
run=2 seed=1 k=83 f=0
47 21 0 37 67 18 27 75 48 14 28 81 82 31 16 39 8 70 82 70 47 66 28 68 64 38 5 37 57 59 48 15 73 58 12 32 3 1 37 64 18 23 23 38 50 33 30 72 72 63 74 11 26 31 47 29 45 23 36 73 1 10 81 31 65 63 43 26 56 13 77 56 45 10 17 62 53 44 81 0 1 75 4 11 8 54 54 29 78 81
run=3 seed=2 k=83 f=0
46 63 15 14 38 14 70 26 30 13 66 17 24 5 82 13 0 30 58 75 21 0 44 6 37 14 36 36 63 54 82 81 72 75 74 44 29 38 9 9 19 28 54 81 28 1 49 1 77 69 45 55 51 50 5 64 18 53 45 52 25 75 49 46 47 73 2 19 36 27 82 68 7 41 60 63 25 78 13 47 69 6 57 18 55 61 37 69 34 22
run=4 seed=3 k=83 f=0
10 81 28 27 1 11 34 30 50 73 43 2 72 3 17 40 57 44 31 22 29 56 54 14 60 30 57 59 12 0 37 8 82 51 14 14 77 79 68 45 80 36 60 70 78 54 81 82 41 65 20 48 9 46 24 2 82 27 78 51 22 24 75 15 16 42 23 13 0 36 36 35 50 6 1 55 20 65 13 51 19 71 65 7 62 38 74 44 70 82
run=5 seed=4 k=83 f=0
48 23 10 42 0 59 4 1 71 33 45 31 53 2 9 76 25 67 15 58 68 35 79 60 51 7 24 21 21 4 42 7 66 82 80 1 56 50 37 39 50 20 11 32 27 17 52 4 64 51 34 79 82 61 20 43 70 26 0 63 42 11 11 0 73 80 69 2 28 71 59 79 73 73 35 36 17 80 13 21 42 52 27 29 80 0 16 13 28 76
run=6 seed=5 k=83 f=0
76 41 60 60 8 22 63 72 11 56 44 59 47 39 27 56 56 71 63 75 82 17 71 41 1 6 19 6 50 50 68 34 14 17 29 72 51 42 5 68 29 49 28 0 80 34 53 70 13 21 1 29 77 41 51 62 16 1 1 10 49 46 43 82 81 36 42 20 10 80 0 26 30 82 37 59 47 7 29 33 24 70 82 59 63 59 65 71 13 45
run=7 seed=6 k=83 f=0
81 59 16 57 69 10 62 69 17 72 0 13 34 67 75 65 10 74 28 36 51 4 7 26 9 0 0 61 3 37 27 41 2 33 37 74 31 82 55 50 51 8 62 67 77 58 50 56 22 81 17 73 63 0 23 1 55 18 26 35 39 24 29 44 41 43 41 53 71 46 17 41 48 67 55 46 34 78 62 63 20 82 79 7 15 43 30 10 13 36
run=8 seed=7 k=83 f=0
20 69 0 19 72 29 11 82 56 55 72 24 80 4 37 81 11 68 57 16 30 0 49 74 36 50 82 75 73 34 37 21 69 0 15 16 50 61 54 59 26 77 14 8 8 15 44 21 74 3 67 34 63 34 36 75 0 6 38 73 82 47 13 77 24 44 51 23 53 49 56 80 32 43 20 26 52 58 61 0 65 45 68 46 7 24 41 11 25 28
run=9 seed=8 k=83 f=0
6 4 14 49 54 39 28 82 76 15 43 12 1 81 24 59 7 29 43 57 81 46 52 82 81 42 74 39 17 4 26 35 15 67 6 68 66 11 35 49 36 50 47 81 12 57 36 29 31 51 60 63 73 28 58 52 78 77 8 51 23 27 22 0 4 6 55 70 65 13 36 21 60 41 16 14 19 66 74 54 19 0 66 76 24 33 82 21 75 64
run=10 seed=9 k=83 f=0
0 24 19 26 31 63 69 70 22 82 54 12 24 81 54 57 51 0 43 76 41 0 3 48 65 72 3 47 40 66 63 82 63 9 19 77 69 20 0 18 20 26 56 45 18 30 26 53 44 18 34 3 82 7 79 29 66 78 18 39 34 28 39 39 38 82 13 51 62 15 66 55 58 39 27 37 72 82 9 33 73 50 0 47 33 7 6 57 33 12
run=11 seed=10 k=83 f=0
7 15 44 2 76 50 70 12 73 33 17 30 45 37 78 9 33 57 30 45 33 0 53 63 80 0 50 65 13 19 64 21 30 35 68 77 82 76 54 23 26 80 45 66 71 70 0 31 61 50 76 3 21 49 5 23 2 14 69 58 69 25 41 14 0 60 25 47 55 42 27 42 7 37 81 14 13 82 26 71 63 40 80 64 7 2 41 10 55 73
run=12 seed=11 k=83 f=0
20 31 61 2 12 82 49 12 49 58 23 11 69 25 26 49 57 7 0 72 81 41 63 55 14 15 46 33 59 22 40 19 14 0 47 74 72 33 67 42 8 37 20 40 62 60 79 14 22 37 75 80 69 56 53 5 77 51 52 26 2 35 75 75 76 59 67 79 11 13 63 0 50 79 28 5 71 31 62 43 69 28 25 43 1 1 82 64 14 47
run=13 seed=12 k=83 f=0
69 80 31 59 38 49 34 39 68 28 74 57 42 60 33 33 82 73 25 47 23 71 48 30 40 35 40 20 12 12 70 42 53 62 71 50 46 0 17 13 21 13 9 67 53 27 63 4 75 66 81 0 9 61 22 81 51 79 65 14 0 63 42 46 53 34 54 0 55 0 16 4 42 61 55 29 58 48 34 22 6 78 25 31 1 3 26 73 24 3
run=14 seed=13 k=83 f=0
78 75 69 82 46 39 36 8 27 44 52 44 74 0 35 41 47 76 60 14 58 3 17 31 6 15 23 64 31 46 79 28 48 45 25 33 71 55 71 26 7 36 20 26 79 60 6 63 0 69 70 48 38 0 65 0 74 9 68 24 55 49 73 2 82 50 81 67 81 0 9 16 22 82 29 54 81 14 23 66 19 9 15 36 43 1 82 56 14 58
run=15 seed=14 k=83 f=0
65 11 29 13 33 5 0 21 66 28 43 18 24 21 0 28 27 66 57 14 72 61 43 64 80 15 0 12 7 82 44 48 70 29 76 0 78 13 81 33 34 24 0 60 6 5 4 32 72 82 57 65 61 41 47 54 67 56 32 53 43 36 24 38 36 42 38 68 6 26 21 45 34 14 6 0 20 49 65 9 17 82 75 58 54 41 52 73 15 76
run=16 seed=15 k=83 f=0
32 76 12 70 66 10 37 59 46 43 78 21 47 73 22 62 18 75 54 2 51 6 34 41 4 45 33 82 44 24 3 82 73 82 78 14 1 1 68 57 56 36 15 21 30 37 47 27 52 0 16 22 82 45 51 37 8 11 65 49 38 39 19 64 25 70 62 68 28 61 57 75 68 28 9 58 59 4 14 16 21 72 80 32 43 64 27 80 80 35
run=17 seed=16 k=83 f=0
22 33 14 48 43 55 34 47 80 81 14 52 49 5 28 18 58 35 64 42 68 82 69 4 8 49 38 62 49 13 73 27 17 28 71 0 12 18 0 42 65 78 71 46 50 1 71 24 38 15 81 66 6 0 62 40 55 70 4 70 75 60 47 1 77 65 25 26 51 30 43 30 25 60 82 19 75 75 32 65 37 11 11 9 60 82 66 22 0 22
run=18 seed=17 k=83 f=0
80 76 82 35 40 33 6 51 64 3 28 58 73 57 28 28 7 72 0 73 39 48 38 20 46 61 53 21 77 76 67 61 44 24 65 4 50 65 38 67 25 33 45 40 9 9 54 18 44 52 11 36 81 50 56 78 77 0 54 37 30 82 46 0 6 9 70 60 81 45 13 26 68 36 37 6 48 4 13 82 70 21 0 82 2 59 21 66 23 27
run=19 seed=18 k=83 f=0
73 1 42 35 67 19 19 1 5 36 72 36 49 34 10 16 72 0 4 0 9 47 64 65 9 63 44 56 25 2 6 25 1 48 49 69 82 38 27 23 56 32 9 28 52 68 63 74 9 42 74 1 51 59 68 82 40 42 64 41 17 60 14 22 60 62 10 79 54 82 57 14 26 32 33 14 1 26 42 39 73 82 45 76 18 77 81 14 74 14
run=20 seed=19 k=83 f=0
47 31 67 40 4 49 55 15 10 10 28 18 82 21 60 75 62 8 16 40 51 22 14 20 27 27 32 68 8 52 73 9 41 42 77 60 32 32 1 1 14 33 23 38 53 54 4 19 10 70 81 66 36 25 57 82 57 23 2 65 82 39 36 77 72 60 44 0 81 9 0 80 44 75 17 48 0 0 61 28 43 68 28 65 16 12 53 68 14 47
