run=1 seed=0 k=86 f=0
8 18 66 47 40 76 26 46 9 85 41 50 22 59 83 80 31 14 59 3 34 54 57 61 47 22 74 70 43 84 4 44 3 53 83 27 41 26 34 59 25 28 4 34 12 67 4 18 75 57 15 18 85 18 62 85 9 30 13 67 66 32 26 71 10 40 51 3 74 8 39 21 10 12 47 49 58 36 59 69 0 66 49 82 85 48 0 0 82 79
run=2 seed=1 k=86 f=0
8 18 66 47 40 76 26 46 9 85 41 50 22 59 83 80 31 14 59 3 34 54 57 61 47 22 74 70 43 84 4 44 3 53 83 27 41 26 34 59 25 28 4 34 12 67 4 18 75 57 15 18 85 18 62 85 9 30 13 67 66 32 26 71 10 40 51 3 74 8 39 21 10 12 47 49 58 36 59 69 0 66 49 82 85 48 0 0 82 79
run=3 seed=2 k=86 f=0
0 60 20 25 12 80 18 60 11 43 0 6 41 30 55 41 83 26 60 55 28 49 29 61 25 37 72 35 41 45 11 19 6 85 43 85 64 50 39 75 54 85 16 41 83 29 66 72 44 0 81 63 71 32 70 29 53 85 36 11 13 70 34 7 9 19 47 52 65 0 77 17 22 49 63 7 62 33 45 80 2 75 3 33 13 22 53 10 75 47
run=4 seed=3 k=86 f=0
38 62 56 20 85 35 67 14 45 46 66 56 17 15 4 54 44 63 75 41 85 71 78 36 27 19 51 22 61 66 75 19 55 41 13 48 31 81 50 77 31 31 23 47 10 45 7 2 8 0 42 53 68 67 5 58 48 64 51 81 37 66 23 73 0 67 41 40 10 1 13 0 26 85 53 59 75 11 24 46 38 0 14 32 77 26 80 78 81 29
run=5 seed=4 k=86 f=0
24 73 52 22 3 50 85 14 70 75 6 67 62 4 81 58 0 78 15 44 28 0 34 30 37 70 58 2 50 2 83 49 11 85 57 41 50 3 25 36 37 22 66 9 26 5 72 0 26 61 15 19 46 41 44 61 32 74 63 79 18 11 40 23 76 33 33 48 78 50 53 59 83 20 37 8 83 68 35 54 85 70 24 31 15 45 9 78 76 15
run=6 seed=5 k=86 f=0
62 51 64 0 49 45 23 76 11 13 24 6 78 4 37 85 9 48 18 36 14 40 1 25 54 29 33 48 44 72 19 76 68 7 71 32 74 24 62 85 50 0 33 83 5 20 53 3 46 57 60 73 66 38 67 55 9 11 48 45 22 67 26 16 41 64 36 31 66 16 73 27 81 1 39 54 32 44 7 5 59 27 78 85 82 52 0 83 60 77
run=7 seed=6 k=86 f=0
25 80 39 83 41 0 18 13 58 14 74 36 75 5 84 74 76 34 27 54 37 58 52 5 5 64 26 3 81 60 14 12 61 41 8 68 79 50 63 43 53 0 72 9 83 68 25 74 18 9 35 46 29 19 59 21 59 8 45 44 43 22 42 16 81 85 73 66 85 71 23 57 0 32 85 32 63 14 17 53 51 67 32 4 28 21 54 44 30 46
run=8 seed=7 k=86 f=0
11 34 59 24 21 41 82 19 54 67 77 28 31 5 65 12 31 24 37 61 5 57 10 62 21 0 50 40 71 71 82 82 16 36 58 73 71 85 71 85 14 71 4 32 76 3 27 25 20 61 34 21 9 1 56 12 30 46 16 41 84 1 37 68 28 79 42 57 25 5 15 61 52 56 77 10 0 40 33 9 64 49 66 46 42 78 41 85 51 49
run=9 seed=8 k=86 f=0
40 81 36 63 25 61 30 20 9 63 49 3 6 80 65 66 0 74 16 14 23 52 27 46 84 85 0 83 8 74 16 9 76 66 69 44 70 83 34 50 54 77 47 1 48 14 79 48 76 9 29 18 49 56 13 39 44 28 85 57 68 74 19 23 76 78 59 36 40 12 58 21 18 59 40 20 31 85 69 54 33 0 69 3 60 36 31 20 85 63
run=10 seed=9 k=86 f=0
63 7 75 43 48 59 85 10 24 36 61 46 12 17 41 1 43 67 20 16 23 65 59 1 75 2 85 17 53 67 71 39 79 30 3 30 4 0 82 72 7 84 18 52 85 20 6 75 36 52 29 44 79 68 39 46 28 31 76 53 15 25 68 9 54 85 24 10 47 17 85 81 71 59 24 53 28 35 30 21 58 11 13 75 3 51 61 76 1 33
run=11 seed=10 k=86 f=0
63 64 78 35 1 85 13 45 29 11 1 54 25 19 14 20 84 29 12 63 55 38 65 11 1 51 60 50 40 48 32 5 57 66 85 30 28 1 79 74 76 76 19 12 45 45 2 76 36 14 2 70 68 59 75 36 23 5 44 74 1 60 7 38 30 56 51 29 15 85 45 17 76 84 60 51 44 68 25 76 68 32 66 9 84 37 23 20 83 6
run=12 seed=11 k=86 f=0
32 15 9 83 81 71 41 19 53 1 12 36 10 46 73 30 85 14 49 36 23 64 17 59 19 31 31 41 76 48 24 42 0 34 36 83 7 45 4 21 13 17 25 79 3 63 50 1 77 21 68 29 1 57 0 12 25 52 82 53 56 78 17 61 60 38 62 44 0 6 7 71 47 82 40 65 27 20 70 42 74 8 63 76 53 28 69 75 14 53
run=13 seed=12 k=86 f=0
56 44 22 9 62 48 23 31 83 34 82 73 85 34 48 78 46 30 21 41 23 0 36 55 40 0 47 26 73 73 54 36 9 23 54 30 4 64 15 79 18 16 85 1 29 30 71 10 11 80 85 84 25 70 41 75 0 68 7 14 56 54 61 73 4 20 2 66 57 27 6 20 65 42 17 26 28 2 31 34 49 85 39 51 66 22 37 64 62 61
run=14 seed=13 k=86 f=0
58 69 81 85 60 0 45 11 63 37 0 3 64 34 84 0 0 30 39 20 37 14 49 46 16 12 71 20 83 35 53 85 33 37 3 26 70 75 28 50 16 44 55 20 8 12 33 49 32 76 2 71 21 52 64 83 12 41 8 33 61 54 41 47 45 26 1 70 58 26 6 83 52 78 85 34 71 8 67 74 73 25 9 18 79 24 40 59 24 70
run=15 seed=14 k=86 f=0
21 6 71 35 79 58 63 85 19 0 60 79 36 49 72 30 42 25 23 29 79 53 41 43 58 75 57 56 31 66 82 40 62 67 48 72 33 18 35 43 23 85 79 35 74 53 9 66 1 50 9 79 30 15 46 11 58 85 9 84 60 10 32 3 5 75 45 47 20 85 36 64 21 6 12 34 85 15 72 54 0 66 48 55 46 25 85 77 15 64
run=16 seed=15 k=86 f=0
60 46 27 56 15 74 12 40 59 80 85 37 33 52 84 0 13 51 26 47 67 17 61 77 22 43 16 39 83 46 4 52 8 82 2 76 15 18 9 74 61 21 0 67 8 48 2 2 1 22 71 75 31 45 60 48 71 24 4 69 64 58 30 36 70 24 48 35 30 36 7 6 55 66 71 62 13 0 13 19 37 79 82 27 58 55 85 28 35 79
run=17 seed=16 k=86 f=0
6 81 55 65 39 21 43 77 81 16 28 18 67 83 12 9 78 5 62 5 67 47 3 36 26 46 56 48 33 46 40 33 79 51 48 39 73 29 68 60 14 13 16 73 72 1 20 10 29 12 0 21 61 81 63 57 27 25 76 54 0 1 0 85 9 40 6 80 57 7 24 34 53 42 35 70 49 74 40 2 20 0 68 42 85 53 70 21 78 20
run=18 seed=17 k=86 f=0
31 62 5 83 14 85 43 63 55 61 0 49 1 60 62 68 35 64 48 15 22 3 39 22 27 54 54 79 33 45 46 56 51 20 77 33 66 1 53 19 77 8 38 75 19 57 64 17 14 0 14 2 69 0 49 43 40 8 46 77 85 11 31 28 30 69 25 44 73 7 9 1 24 41 78 64 26 65 81 11 85 30 7 71 37 74 43 32 73 17
run=19 seed=18 k=86 f=0
4 34 17 57 42 10 52 70 41 83 30 18 52 1 37 51 8 65 5 71 63 85 23 1 13 31 65 62 32 36 60 27 82 77 22 74 76 27 49 26 24 56 57 52 81 46 6 23 68 82 48 42 40 34 36 0 65 13 48 0 50 23 50 45 85 81 70 73 0 77 14 36 59 59 22 9 67 18 39 9 16 77 33 5 21 68 0 85 80 74
run=20 seed=19 k=86 f=0
31 24 46 58 14 85 7 57 2 8 53 77 69 12 39 49 3 65 32 63 11 39 13 34 43 21 82 78 44 22 76 80 20 17 83 1 85 26 35 61 67 45 0 11 21 9 83 17 40 12 1 74 53 57 51 44 24 51 73 13 32 59 27 38 68 76 25 75 29 72 45 22 61 27 84 36 61 44 85 78 67 4 37 78 19 1 71 13 38 29
