run=1 seed=0 k=92 f=0
11 40 15 71 29 2 58 24 57 1 85 85 7 64 55 1 82 9 8 10 58 80 0 49 70 67 30 40 75 39 45 90 74 17 17 7 45 69 42 91 21 76 87 79 60 1 22 73 35 26 6 90 15 52 48 37 62 26 66 50 51 17 48 39 55 13 34 33 27 80 74 64 60 81 0 4 30 64 19 33 44 35 90 31 50 18 91 89 10 55
run=2 seed=1 k=92 f=0
11 40 15 71 29 2 58 24 57 1 85 85 7 64 55 1 82 9 8 10 58 80 0 49 70 67 30 40 75 39 45 90 74 17 17 7 45 69 42 91 21 76 87 79 60 1 22 73 35 26 6 90 15 52 48 37 62 26 66 50 51 17 48 39 55 13 34 33 27 80 74 64 60 81 0 4 30 64 19 33 44 35 90 31 50 18 91 89 10 55
run=3 seed=2 k=92 f=0
10 24 44 19 61 16 36 33 49 75 64 74 72 85 17 69 91 77 7 35 90 1 61 91 30 20 10 66 65 46 41 57 4 61 0 15 88 84 45 43 57 19 27 5 16 24 67 30 66 31 76 13 8 86 41 66 75 79 72 84 58 61 6 13 11 57 21 1 81 66 48 55 40 35 0 46 91 29 5 60 41 29 73 70 50 50 83 0 77 55
run=4 seed=3 k=92 f=0
46 49 27 57 69 28 44 57 4 0 70 62 1 79 33 58 59 52 85 61 15 66 14 65 69 29 49 21 8 10 15 0 70 13 22 34 27 66 32 56 71 39 44 60 9 76 1 52 44 70 23 28 0 47 76 37 12 13 7 20 83 41 63 22 87 85 16 52 89 79 91 6 18 85 38 56 72 91 51 52 30 78 18 3 25 42 9 36 55 86
run=5 seed=4 k=92 f=0
41 63 54 47 7 3 75 36 42 89 60 0 45 82 91 23 66 35 86 4 14 72 0 71 33 4 18 5 8 88 47 42 60 69 19 48 50 90 83 33 62 91 8 63 12 66 6 26 19 91 40 25 54 29 45 78 74 11 34 81 11 53 67 16 18 57 63 64 79 2 28 73 82 78 75 54 15 34 48 7 0 65 35 53 25 24 41 55 40 24
run=6 seed=5 k=92 f=0
69 74 42 91 40 88 56 54 29 37 66 46 64 88 46 2 49 69 12 2 14 37 59 21 76 77 47 17 44 35 65 83 91 82 55 21 60 44 10 29 57 76 27 33 48 5 17 7 84 40 9 67 15 68 0 65 5 78 54 89 4 32 48 9 36 39 32 21 91 82 89 12 65 39 58 17 50 74 22 11 60 31 78 18 45 55 31 1 14 22
run=7 seed=6 k=92 f=0
61 68 36 82 35 91 50 15 22 70 27 74 22 56 42 28 34 86 63 75 35 10 76 90 85 71 4 28 9 67 79 91 68 79 0 53 49 66 87 35 17 68 57 74 51 8 55 81 82 26 29 71 0 12 20 1 21 86 84 40 17 59 58 6 43 33 63 16 3 58 40 22 91 57 48 30 43 38 14 1 78 45 14 31 56 78 61 47 39 14
run=8 seed=7 k=92 f=0
31 13 77 87 5 74 81 57 24 21 91 27 0 40 71 74 91 10 67 38 31 64 36 7 86 21 65 7 49 74 1 84 48 18 90 89 43 50 3 64 33 0 88 64 54 91 48 33 6 72 23 9 60 25 37 83 52 14 70 4 35 17 9 28 78 45 70 29 8 15 0 73 51 79 44 77 5 42 58 31 42 16 16 66 48 23 82 54 19 54
run=9 seed=8 k=92 f=0
66 88 82 81 90 38 50 57 81 81 79 75 72 15 60 18 48 55 79 33 54 70 81 37 35 39 61 89 56 7 89 28 44 33 17 43 49 15 45 36 44 84 90 45 7 26 19 4 57 9 30 6 68 66 24 67 5 12 13 52 27 62 42 73 72 51 65 73 0 70 62 19 0 80 84 58 88 53 22 20 38 47 26 4 64 0 18 90 32 30
run=10 seed=9 k=92 f=0
1 47 49 47 74 0 30 90 26 44 66 81 55 1 9 83 29 53 90 79 55 72 15 4 51 84 16 83 57 70 64 29 91 34 23 24 30 79 72 49 52 36 25 89 2 19 0 59 0 37 87 77 58 14 64 51 5 65 88 10 91 33 78 44 56 9 14 65 0 79 5 89 66 41 19 50 22 61 18 23 43 62 41 13 9 78 75 32 45 10
run=11 seed=10 k=92 f=0
39 57 46 66 38 22 73 28 87 91 64 83 24 24 0 5 10 60 22 84 33 67 7 43 64 80 28 54 40 86 3 43 83 36 48 26 31 83 0 12 75 12 74 9 56 89 16 57 62 70 59 0 53 81 16 48 69 48 1 18 1 76 1 25 43 34 62 35 76 5 47 4 17 68 91 29 66 16 53 74 91 61 79 6 24 59 39 52 33 33
run=12 seed=11 k=92 f=0
25 33 65 77 19 19 65 80 46 55 64 48 67 58 0 81 18 51 55 34 53 70 21 21 75 27 89 91 15 3 7 11 55 44 41 23 34 72 54 16 37 85 14 27 40 5 56 57 56 64 50 3 73 31 60 6 75 86 44 90 11 6 34 34 29 89 38 21 26 32 79 62 91 44 1 50 42 12 16 81 63 2 75 87 77 29 41 62 28 84
run=13 seed=12 k=92 f=0
52 90 18 4 1 39 42 89 1 0 68 58 91 46 33 78 63 24 47 59 22 64 20 50 16 32 70 76 13 15 80 37 3 45 40 5 39 54 20 18 91 52 1 30 91 73 1 20 22 71 36 66 0 61 67 61 88 63 1 70 80 30 53 86 77 79 24 56 83 84 17 87 43 10 9 29 90 29 91 42 10 71 9 36 44 82 52 59 6 40
run=14 seed=13 k=92 f=0
26 46 87 35 4 22 88 30 88 15 44 70 43 66 91 0 81 8 64 80 22 8 57 50 45 0 61 66 19 91 38 91 34 87 29 79 9 60 18 84 6 12 76 66 17 76 14 48 35 16 26 1 51 84 50 1 20 59 66 60 59 32 73 29 7 10 29 81 35 73 67 40 25 1 43 46 77 12 2 66 52 75 58 37 57 22 90 81 58 72
run=15 seed=14 k=92 f=0
39 85 79 13 82 77 83 61 87 78 11 4 73 30 33 17 66 0 53 84 0 33 87 90 28 57 67 24 75 78 43 62 8 54 40 41 67 31 25 56 19 6 70 22 70 47 39 46 90 48 3 49 81 30 44 14 20 83 39 9 73 58 70 88 89 1 57 41 50 41 8 16 28 0 37 57 67 25 69 64 91 75 35 80 22 17 18 51 9 12
run=16 seed=15 k=92 f=0
65 53 53 48 24 24 64 73 11 52 79 72 48 43 0 69 60 69 12 90 9 20 57 29 4 14 18 10 72 88 5 85 90 17 68 62 57 57 63 27 55 52 48 91 30 14 28 52 21 81 35 31 49 78 8 40 91 82 0 89 33 47 82 27 35 2 90 18 44 9 41 36 7 41 0 16 79 62 69 13 37 61 68 86 30 70 91 78 8 37
run=17 seed=16 k=92 f=0
83 59 81 11 27 47 67 1 40 72 85 53 31 54 60 67 65 76 7 49 14 27 5 82 38 14 47 18 91 0 84 80 77 18 76 73 24 88 55 42 27 20 28 34 48 9 73 21 30 90 70 41 40 88 41 80 0 69 62 12 21 87 0 7 11 60 57 78 4 21 48 61 81 88 56 11 69 38 71 7 41 54 10 69 33 50 0 57 31 24
run=18 seed=17 k=92 f=0
61 78 19 2 47 29 9 79 9 17 49 70 53 36 18 12 76 89 60 15 36 1 81 85 83 49 20 26 0 11 83 22 70 0 28 87 49 36 91 5 91 54 23 80 31 13 42 55 0 27 70 51 37 3 14 69 16 89 68 52 8 65 73 56 61 43 89 1 84 51 43 33 60 77 67 42 5 59 5 27 91 76 85 73 28 43 18 34 27 3
run=19 seed=18 k=92 f=0
30 20 39 73 20 65 11 4 52 1 74 8 18 70 62 54 58 21 33 83 47 78 39 91 60 43 63 77 18 8 36 26 71 28 12 40 38 48 89 90 53 90 38 54 15 80 70 34 74 32 81 88 16 42 71 82 60 55 0 88 51 45 90 11 17 43 62 69 15 29 4 18 65 26 80 78 6 46 62 78 6 70 23 61 34 3 91 37 46 0
run=20 seed=19 k=92 f=0
3 60 28 84 34 91 54 57 2 76 90 43 17 14 81 15 26 88 3 52 26 47 59 62 9 67 6 90 25 50 33 87 46 64 25 70 22 50 73 53 57 67 22 17 78 9 89 23 91 0 41 87 82 49 4 38 75 69 34 29 36 91 15 76 82 62 2 53 79 26 10 62 52 29 44 13 73 91 1 2 40 58 83 31 18 37 18 73 36 55
