run=1 seed=0 k=110 f=0
10 80 17 35 100 15 66 72 103 1 52 109 60 69 73 26 20 76 2 69 19 8 27 99 92 84 80 43 47 0 109 62 49 58 29 69 22 96 44 32 8 43 36 89 44 87 48 64 58 0 93 29 101 90 106 83 56 104 94 56 33 15 4 47 6 54 76 79 103 67 91 65 42 15 64 10 44 109 28 20 35 78 26 25 1 6 11 44 14 29
run=2 seed=1 k=110 f=0
10 80 17 35 100 15 66 72 103 1 52 109 60 69 73 26 20 76 2 69 19 8 27 99 92 84 80 43 47 0 109 62 49 58 29 69 22 96 44 32 8 43 36 89 44 87 48 64 58 0 93 29 101 90 106 83 56 104 94 56 33 15 4 47 6 54 76 79 103 67 91 65 42 15 64 10 44 109 28 20 35 78 26 25 1 6 11 44 14 29
run=3 seed=2 k=110 f=0
10 19 28 5 1 38 94 47 63 27 77 59 29 53 40 95 108 44 37 0 70 47 69 15 87 62 70 80 76 33 3 106 52 57 102 10 17 27 33 93 25 7 75 52 51 75 6 104 69 0 84 85 99 86 100 16 72 103 92 5 27 41 43 11 106 86 107 108 55 55 88 33 78 63 34 30 2 97 25 77 15 63 72 66 39 2 53 42 37 81
run=4 seed=3 k=110 f=0
66 45 18 104 25 50 2 106 81 44 78 55 0 10 73 11 92 109 101 51 108 62 108 78 93 76 51 57 85 65 104 0 36 63 46 89 105 91 46 8 0 88 80 67 40 16 11 32 83 2 41 49 64 77 30 24 16 45 69 84 35 31 71 13 17 7 23 68 98 13 70 0 100 25 48 61 42 91 25 56 54 36 106 40 8 100 26 31 101 58
run=5 seed=4 k=110 f=0
54 53 84 46 16 67 65 23 48 105 109 44 91 87 40 100 103 51 1 99 7 16 78 109 38 81 3 2 0 18 54 33 24 105 79 109 94 34 2 32 71 40 76 45 90 61 62 90 6 63 97 9 37 107 8 82 60 83 84 68 26 27 21 92 53 101 45 79 67 66 1 74 88 101 16 27 3 78 20 6 74 49 57 42 58 50 72 35 106 31
run=6 seed=5 k=110 f=0
55 67 100 72 10 42 82 99 53 43 80 48 80 105 67 4 0 47 98 66 104 85 59 7 11 30 30 105 22 47 96 77 44 8 83 55 26 91 50 35 65 56 82 65 109 3 77 17 109 40 83 38 82 33 35 71 106 15 1 34 12 63 26 57 23 108 8 53 27 100 20 74 92 103 71 71 6 38 43 108 47 17 34 109 92 94 101 19 108 88
run=7 seed=6 k=110 f=0
58 66 42 85 108 55 86 17 102 108 25 43 95 106 7 88 100 15 63 94 31 80 0 2 49 51 100 18 95 109 19 10 42 29 96 20 69 4 106 89 45 1 47 72 4 36 49 14 109 60 73 72 27 77 96 42 18 105 53 28 1 74 38 107 69 24 59 37 71 55 38 6 10 62 78 27 109 17 109 49 102 43 2 84 62 76 92 29 5 67
run=8 seed=7 k=110 f=0
37 7 19 81 45 18 6 97 35 13 107 1 107 83 15 62 23 89 30 16 24 93 88 56 19 99 71 62 47 90 93 1 46 0 19 31 67 104 43 8 107 75 79 28 83 100 100 47 37 62 3 57 51 91 52 65 37 86 53 72 108 43 59 8 88 6 106 5 83 48 15 93 83 27 43 61 96 12 40 21 105 11 75 37 66 77 72 36 87 33
run=9 seed=8 k=110 f=0
6 104 82 99 101 52 12 58 109 33 79 41 18 106 65 44 76 38 11 67 51 8 107 62 0 46 44 40 65 72 30 72 56 97 61 93 90 78 9 100 3 4 88 30 89 70 93 6 109 84 85 26 63 82 22 69 20 46 99 17 19 108 89 13 104 83 37 50 88 24 69 59 30 32 55 36 103 91 42 109 27 107 60 0 32 80 5 10 76 101
run=10 seed=9 k=110 f=0
109 34 45 42 10 32 40 86 98 12 56 87 47 1 63 85 109 100 56 109 5 101 31 95 79 62 6 73 94 79 19 68 3 52 103 56 20 7 14 54 87 50 43 56 24 38 60 49 79 49 65 84 30 1 69 22 91 100 95 106 95 1 8 90 99 1 14 97 76 25 23 45 70 13 0 29 102 105 86 71 43 20 87 80 38 85 10 56 55 37
run=11 seed=10 k=110 f=0
23 38 8 25 108 87 45 21 67 87 3 83 58 83 84 21 40 51 91 88 49 64 35 2 101 88 62 72 108 86 95 104 13 107 10 56 35 2 9 102 33 42 66 23 52 91 86 98 19 4 8 68 28 72 31 37 63 77 30 29 70 78 47 17 83 58 30 63 15 39 94 10 47 43 60 95 44 52 75 106 1 83 15 43 58 27 104 73 11 78
run=12 seed=11 k=110 f=0
80 84 32 33 53 5 81 23 29 3 90 38 85 4 71 109 21 54 83 78 101 49 17 91 75 35 82 28 44 3 106 16 22 0 22 70 88 38 53 50 38 95 78 12 91 100 65 74 3 109 55 103 77 72 105 84 39 12 66 99 59 20 10 93 13 61 14 34 24 18 27 66 97 58 45 11 43 65 56 46 60 1 105 67 37 35 12 107 90 85
run=13 seed=12 k=110 f=0
30 74 58 8 7 36 47 72 87 94 78 49 107 84 81 44 10 65 57 45 32 109 100 0 38 52 89 13 60 37 18 85 50 55 30 12 40 19 10 89 46 2 29 46 101 17 19 14 2 21 67 28 70 76 5 105 39 66 54 78 82 4 101 77 99 63 36 22 15 108 90 105 60 8 36 106 26 56 69 22 65 96 51 42 24 96 100 74 94 109
run=14 seed=13 k=110 f=0
82 61 18 1 12 64 82 5 79 71 36 99 32 0 65 22 94 68 74 17 69 43 59 56 13 14 15 106 33 99 81 102 50 43 107 10 19 77 24 93 61 61 18 92 96 41 69 54 56 48 88 41 23 38 57 37 52 4 0 86 0 54 106 86 90 10 105 45 89 30 30 62 80 103 108 83 45 68 50 19 6 29 29 102 109 78 38 46 96 5
run=15 seed=14 k=110 f=0
3 102 44 12 73 1 87 100 60 66 108 48 60 89 42 85 106 30 5 81 7 69 69 66 34 22 81 94 73 43 1 36 78 18 62 41 26 39 31 35 98 29 89 98 50 107 73 76 5 13 59 47 36 43 64 10 82 17 47 19 61 98 28 77 73 91 33 77 20 33 0 58 94 53 46 102 51 1 93 98 109 56 36 55 63 9 85 21 9 58
run=16 seed=15 k=110 f=0
83 97 35 68 16 24 13 82 13 95 34 31 44 64 70 5 94 19 64 83 25 40 16 51 70 37 34 37 100 98 15 52 30 89 0 88 0 109 0 13 8 59 100 71 90 58 76 80 109 71 87 55 24 44 64 5 34 94 14 48 13 23 30 45 18 57 24 60 109 17 5 65 62 103 55 21 93 75 96 91 101 73 46 30 46 5 80 109 79 104
run=17 seed=16 k=110 f=0
104 108 37 12 96 23 41 13 61 82 19 83 89 52 0 87 39 94 31 3 76 26 51 74 8 25 38 72 31 109 61 68 35 41 12 34 5 68 104 43 80 108 29 62 49 69 1 34 47 64 4 13 89 23 83 75 52 57 32 57 99 39 84 107 55 96 101 66 99 86 52 24 11 14 0 83 45 98 50 61 0 43 6 6 90 26 77 20 83 16
run=18 seed=17 k=110 f=0
35 7 109 38 69 19 15 68 53 97 90 25 79 6 109 88 49 57 52 4 66 21 33 47 3 3 84 70 29 28 19 107 14 12 96 75 91 1 35 54 70 41 46 31 100 40 20 97 97 83 95 43 12 61 74 86 17 4 13 59 32 39 1 99 55 109 105 22 56 65 92 65 106 21 40 86 62 103 73 91 0 31 39 23 101 63 67 10 67 26
run=19 seed=18 k=110 f=0
95 20 55 45 70 63 95 69 42 73 31 39 32 78 47 83 100 51 51 63 104 45 23 59 33 109 2 105 13 81 26 74 13 11 92 53 22 102 58 64 39 9 37 25 19 109 86 107 92 69 52 86 46 43 76 95 17 5 23 91 78 7 26 1 21 33 70 43 1 33 61 82 10 77 85 109 49 21 92 100 60 34 9 91 80 87 29 69 23 19
run=20 seed=19 k=110 f=0
9 6 108 32 47 10 41 45 2 34 67 80 65 36 79 42 96 59 33 89 23 108 45 72 20 23 108 87 27 46 65 60 94 91 93 32 42 68 77 21 56 76 101 39 104 3 77 34 14 0 91 51 38 68 28 106 1 53 48 96 88 73 91 7 54 51 90 52 97 100 52 60 66 85 76 103 20 19 15 105 86 9 85 18 38 31 105 9 16 44
