run=1 seed=0 k=81 f=0
49 72 18 4 59 25 73 37 6 1 69 8 54 21 7 31 34 22 0 12 39 19 37 60 44 56 46 63 37 37 3 65 24 52 13 53 58 67 4 16 80 25 30 2 23 31 50 75 67 0 29 1 17 51 76 47 42 78 1 13 27 80 16 41 60 58 25 66 56 22 62 38 45 0 9 71 12 14 32 43 8 79 40 15 47 67 80 73 55 70
run=2 seed=1 k=81 f=0
49 72 18 4 59 25 73 37 6 1 69 8 54 21 7 31 34 22 0 12 39 19 37 60 44 56 46 63 37 37 3 65 24 52 13 53 58 67 4 16 80 25 30 2 23 31 50 75 67 0 29 1 17 51 76 47 42 78 1 13 27 80 16 41 60 58 25 66 56 22 62 38 45 0 9 71 12 14 32 43 8 79 40 15 47 67 80 73 55 70
run=3 seed=2 k=81 f=0
24 67 16 62 74 0 0 28 49 50 42 11 34 44 64 45 14 46 64 22 52 0 71 26 73 80 53 9 5 15 65 17 80 65 25 76 0 13 5 73 35 69 76 32 32 40 78 66 21 30 80 28 71 9 56 42 54 16 31 21 41 58 18 23 50 78 66 2 61 41 8 33 50 58 0 1 8 74 76 9 80 38 56 35 11 48 60 2 50 38
run=4 seed=3 k=81 f=0
29 19 70 52 53 79 65 19 69 58 38 79 70 59 55 43 16 55 22 18 11 53 13 39 32 69 9 75 73 0 33 34 34 35 73 72 3 67 75 64 46 49 44 61 69 12 51 8 57 48 80 49 0 6 12 28 15 42 0 13 29 0 34 23 52 54 40 77 26 71 62 50 9 21 80 40 36 61 57 48 62 79 17 1 69 79 38 30 4 6
run=5 seed=4 k=81 f=0
80 6 40 26 0 49 8 67 1 65 29 75 40 43 49 43 32 10 56 10 60 51 69 0 21 49 79 19 75 10 4 15 25 3 73 29 53 33 15 69 70 22 54 77 71 4 13 28 12 0 34 62 23 8 24 40 33 33 1 1 57 11 18 71 80 62 33 52 37 64 17 42 67 17 80 51 6 46 46 74 78 67 71 45 73 62 40 56 53 62
run=6 seed=5 k=81 f=0
61 64 23 54 33 37 62 80 49 76 23 18 47 66 73 70 80 62 49 60 17 0 36 41 21 22 76 41 31 64 53 26 3 45 0 78 51 71 55 34 9 11 26 5 8 79 70 78 59 70 25 72 48 80 16 60 64 11 33 31 29 40 16 34 0 28 10 55 75 15 54 0 38 22 0 21 53 31 4 80 57 42 69 7 48 56 12 0 24 42
run=7 seed=6 k=81 f=0
10 75 70 68 59 62 41 29 37 18 0 21 80 75 46 39 42 7 76 20 28 58 25 29 25 71 57 54 31 40 12 3 20 68 0 8 29 14 75 63 24 43 57 20 47 2 29 52 80 15 0 61 55 18 37 80 33 72 10 80 35 14 74 78 43 1 9 1 80 77 48 41 64 52 28 72 43 6 63 61 67 52 28 22 36 36 1 15 51 61
run=8 seed=7 k=81 f=0
66 19 53 13 43 35 77 74 10 43 16 36 76 70 60 0 17 62 61 33 40 64 72 65 25 51 21 9 18 40 6 28 36 55 34 74 79 28 63 2 79 21 46 6 37 24 24 0 68 25 58 59 0 51 13 21 68 53 3 47 43 57 72 71 8 79 0 71 57 73 33 17 58 44 80 9 47 3 49 48 14 79 60 1 71 13 9 31 11 37
run=9 seed=8 k=81 f=0
79 21 57 80 32 53 79 1 15 45 39 28 0 29 15 71 23 48 55 18 11 32 25 31 63 56 72 59 52 61 77 42 44 18 19 52 4 79 47 67 3 50 60 23 80 22 16 28 46 15 37 21 34 63 35 41 9 36 67 37 6 7 58 0 10 73 70 22 58 8 41 14 63 57 71 37 63 51 4 67 0 26 7 27 77 75 80 17 44 9
run=10 seed=9 k=81 f=0
58 12 29 70 29 37 14 52 48 14 19 67 53 55 36 24 10 34 47 77 42 32 49 31 43 70 59 70 6 5 46 0 1 42 73 53 20 25 66 29 24 36 74 5 8 74 63 0 36 19 15 68 58 64 15 80 55 44 8 75 45 61 72 50 0 19 79 33 69 39 64 6 3 12 80 23 52 79 28 16 80 15 66 7 58 64 28 48 30 0
run=11 seed=10 k=81 f=0
56 72 7 62 75 45 32 32 20 68 26 3 29 17 78 22 70 56 8 47 14 30 7 22 28 43 5 24 26 48 0 63 51 74 59 46 72 64 1 35 56 71 39 70 69 43 58 37 52 27 79 3 9 43 23 6 18 19 38 79 36 39 1 14 12 59 20 60 79 31 0 12 18 62 80 28 13 13 7 69 51 0 28 49 57 1 62 39 70 33
run=12 seed=11 k=81 f=0
0 64 15 8 51 30 76 37 23 46 60 13 11 32 26 44 72 1 10 51 8 22 19 31 54 22 52 73 19 22 10 56 55 55 78 0 78 11 19 33 80 65 44 23 28 5 63 51 55 80 0 49 39 36 68 4 20 67 79 36 47 68 14 34 73 75 28 3 29 39 16 60 30 18 61 46 38 60 16 80 72 1 64 26 41 46 7 73 1 50
run=13 seed=12 k=81 f=0
53 24 1 19 46 11 17 62 49 36 79 57 16 64 76 52 80 45 63 22 7 44 54 79 67 20 27 68 22 10 54 17 39 54 13 65 80 79 30 23 2 29 69 21 11 65 47 3 43 0 38 44 32 72 4 36 55 5 68 2 73 30 77 27 41 27 36 58 59 45 38 15 9 48 60 40 53 59 48 0 80 0 63 16 36 30 51 69 2 12
run=14 seed=13 k=81 f=0
70 7 70 58 6 57 29 17 66 62 44 62 38 0 11 18 46 25 76 3 30 66 34 8 24 10 80 47 23 41 66 52 64 52 16 77 79 1 77 27 52 71 66 8 61 44 16 48 21 70 15 38 30 25 42 27 63 54 21 34 39 43 0 80 8 75 66 3 80 72 16 14 53 0 60 47 36 32 12 51 0 39 17 33 58 74 0 23 7 36
run=15 seed=14 k=81 f=0
53 59 34 9 25 38 38 80 0 79 66 49 79 10 8 16 46 13 76 20 47 24 15 1 45 56 56 67 32 76 62 69 58 70 6 80 4 24 3 21 17 29 49 54 4 13 1 30 35 65 38 54 74 59 61 9 45 44 79 65 18 55 76 79 14 66 63 24 8 45 40 30 9 70 0 14 46 64 40 20 36 0 21 32 55 36 27 30 21 21
run=16 seed=15 k=81 f=0
74 69 22 3 26 0 80 78 38 20 18 2 70 11 0 39 44 51 5 68 61 25 45 39 68 27 48 57 52 12 78 75 9 6 79 48 46 42 25 37 57 0 65 36 59 15 67 29 75 9 21 4 65 67 15 49 36 24 9 11 18 79 75 73 59 61 17 28 32 77 80 62 56 80 0 56 79 29 80 18 17 47 12 31 41 52 36 64 27 59
run=17 seed=16 k=81 f=0
75 63 22 72 31 3 19 25 46 60 69 35 38 16 65 44 11 0 5 58 7 73 0 30 1 32 10 33 74 54 48 23 24 59 50 14 8 68 78 44 35 0 8 54 16 80 12 20 20 70 24 5 58 63 45 39 72 53 30 27 50 80 31 18 50 80 55 51 80 63 25 66 4 71 79 12 28 1 43 79 55 37 59 36 17 14 41 45 67 64
run=18 seed=17 k=81 f=0
72 5 17 17 59 47 28 33 38 20 2 78 23 52 79 21 63 32 50 80 41 59 33 54 55 9 46 55 70 26 35 74 67 40 15 67 8 11 53 42 5 64 20 69 80 50 65 63 0 25 60 19 72 27 59 80 37 33 52 46 37 12 28 2 66 16 78 67 32 68 47 62 16 16 80 46 55 76 24 9 0 9 3 73 15 0 55 37 49 43
run=19 seed=18 k=81 f=0
73 28 49 80 23 20 57 76 13 61 58 59 10 30 20 71 80 58 42 78 20 9 77 31 7 7 72 40 69 13 62 55 0 48 7 78 80 12 67 53 0 14 3 28 18 36 8 79 71 43 23 3 24 80 39 53 61 27 66 38 0 47 49 73 30 62 76 26 39 40 65 2 14 45 32 72 71 61 5 76 1 31 6 23 49 68 52 52 13 18
run=20 seed=19 k=81 f=0
80 4 39 31 48 20 71 69 34 40 38 10 65 16 74 52 37 24 28 3 32 61 14 1 3 0 11 29 0 69 30 73 45 15 56 39 61 2 53 16 52 66 76 69 43 26 28 79 72 80 40 24 57 80 33 42 7 5 55 67 49 17 63 44 28 56 58 34 46 47 67 47 30 35 9 40 12 80 25 15 0 19 0 59 12 55 18 22 49 63
