run=1 seed=0 k=95 f=0
78 94 88 60 20 65 54 34 94 26 77 46 47 29 8 71 60 35 62 17 86 50 27 69 7 50 80 41 62 20 6 42 17 57 4 58 33 91 9 92 93 93 43 51 25 2 28 9 20 87 51 2 40 78 1 17 52 63 1 16 5 36 59 22 84 76 81 84 25 29 79 70 67 25 12 70 24 39 57 92 32 12 86 71 66 84 29 11 69 74
run=2 seed=1 k=95 f=0
78 94 88 60 20 65 54 34 94 26 77 46 47 29 8 71 60 35 62 17 86 50 27 69 7 50 80 41 62 20 6 42 17 57 4 58 33 91 9 92 93 93 43 51 25 2 28 9 20 87 51 2 40 78 1 17 52 63 1 16 5 36 59 22 84 76 81 84 25 29 79 70 67 25 12 70 24 39 57 92 32 12 86 71 66 84 29 11 69 74
run=3 seed=2 k=95 f=0
60 54 23 15 86 37 94 92 5 78 27 69 4 88 67 42 4 33 7 58 2 32 54 85 94 51 6 85 11 58 36 71 39 19 36 9 12 58 65 94 78 51 83 71 15 45 12 29 59 40 69 75 83 26 0 51 0 31 38 85 91 27 58 11 7 13 17 53 15 46 66 3 17 54 74 65 94 27 76 74 80 94 83 47 85 20 26 94 52 62
run=4 seed=3 k=95 f=0
91 52 43 75 10 80 30 50 1 64 21 84 16 59 67 33 67 53 66 53 60 7 22 85 13 7 10 2 18 0 39 17 29 31 88 69 11 94 9 53 29 37 72 10 3 22 76 91 75 46 92 80 58 48 22 67 25 79 29 44 18 75 46 0 87 37 88 57 86 45 38 32 93 4 86 1 56 56 70 94 79 94 21 63 44 41 27 65 71 15
run=5 seed=4 k=95 f=0
63 50 82 76 88 63 37 49 82 0 39 59 77 29 28 94 53 35 50 54 72 18 63 39 13 88 17 53 75 55 39 43 14 85 24 38 24 20 29 35 66 7 74 14 29 6 67 73 44 21 46 19 0 78 57 41 57 70 91 86 30 77 31 46 68 5 46 44 27 6 94 93 12 84 66 37 88 25 14 65 0 65 52 1 82 49 79 90 81 6
run=6 seed=5 k=95 f=0
20 5 40 45 66 7 70 24 58 46 56 13 80 9 70 44 3 89 9 87 25 52 29 65 86 67 0 53 92 12 51 17 14 72 45 71 74 36 93 93 83 0 0 61 30 57 7 77 86 37 38 0 77 84 13 43 35 38 8 66 94 22 69 53 48 29 53 53 64 55 61 0 27 48 20 54 18 28 33 89 93 72 89 81 42 4 46 74 43 30
run=7 seed=6 k=95 f=0
66 65 42 25 53 10 41 17 37 33 74 43 16 53 7 36 60 14 13 52 86 48 22 47 1 6 65 78 72 75 90 94 60 32 6 9 22 43 66 49 40 27 89 22 82 1 59 48 16 74 7 2 51 65 79 73 43 73 61 18 26 90 58 67 4 64 84 46 18 15 0 58 94 86 38 89 84 93 10 0 73 0 2 54 40 27 84 56 30 29
run=8 seed=7 k=95 f=0
53 91 52 46 44 43 86 12 36 28 55 20 36 66 80 40 58 72 89 35 49 73 73 64 1 49 56 67 4 80 25 19 25 37 22 60 12 54 47 3 11 94 64 20 54 42 60 14 83 1 34 36 31 71 5 75 82 61 67 65 10 79 84 92 93 0 76 10 8 4 25 88 68 72 17 61 93 20 24 11 28 0 68 83 80 49 40 91 12 80
run=9 seed=8 k=95 f=0
53 51 22 44 36 17 42 9 2 18 13 80 46 52 18 4 46 64 72 47 30 17 5 57 50 32 34 77 69 88 12 80 32 0 88 37 10 72 34 25 62 56 88 30 13 74 38 56 16 57 5 1 69 64 53 44 20 89 87 62 25 32 49 39 58 78 27 81 69 12 9 44 1 2 78 7 90 21 22 94 93 42 65 20 1 67 94 78 12 5
run=10 seed=9 k=95 f=0
0 44 15 67 21 34 80 93 12 23 86 93 43 43 54 34 26 42 46 29 70 25 91 51 64 58 89 83 31 4 80 59 23 29 6 5 60 10 1 69 22 94 63 48 90 37 70 43 11 34 12 51 49 66 84 22 31 15 47 12 76 82 68 0 76 54 3 42 11 77 16 30 85 78 92 54 1 60 20 11 1 81 82 52 38 94 67 32 40 73
run=11 seed=10 k=95 f=0
10 38 43 90 15 42 40 51 94 87 88 70 16 53 44 11 61 74 36 18 94 49 20 41 18 44 22 58 68 66 94 78 93 92 74 5 38 15 36 1 8 53 57 68 57 85 76 23 32 17 74 1 0 90 1 76 45 24 42 82 90 31 62 37 69 10 59 69 70 30 67 47 78 52 26 26 33 80 60 8 21 0 0 82 30 62 53 0 86 87
run=12 seed=11 k=95 f=0
77 49 48 54 18 75 1 31 84 88 56 40 48 33 71 74 64 71 63 88 28 60 87 19 30 36 10 63 16 63 51 36 24 81 33 68 14 94 71 0 43 79 52 65 94 66 23 17 56 85 0 42 76 87 23 4 70 32 67 19 94 45 67 14 12 56 59 5 10 35 7 51 18 94 46 41 88 85 46 6 53 1 40 40 19 57 27 73 90 0
run=13 seed=12 k=95 f=0
85 4 27 94 34 71 94 3 42 25 20 14 70 57 23 19 48 87 2 32 12 64 85 54 41 30 69 60 5 17 18 90 49 27 44 46 30 79 12 94 26 25 51 64 29 77 79 56 67 80 81 78 92 69 18 89 59 6 74 83 23 9 15 41 36 30 51 65 40 33 72 53 37 62 0 16 46 44 0 89 50 81 1 94 57 36 59 1 39 10
run=14 seed=13 k=95 f=0
7 36 0 1 55 87 82 81 59 26 65 46 37 47 51 49 42 83 88 14 94 58 24 9 43 67 62 81 38 79 11 9 15 38 12 70 34 47 19 90 22 0 63 13 75 77 9 79 86 14 93 1 58 23 72 7 77 24 85 21 78 83 28 21 56 40 55 56 73 17 52 62 25 3 94 31 22 28 48 94 66 41 0 29 25 70 0 46 91 32
run=15 seed=14 k=95 f=0
53 8 51 93 68 78 36 20 24 43 66 44 65 55 45 75 79 9 94 19 0 48 9 38 50 47 20 89 13 48 41 59 1 43 6 64 69 32 10 38 33 52 84 94 10 10 43 88 55 38 70 27 88 38 63 1 87 82 42 84 72 33 63 23 73 37 87 2 81 78 94 23 29 28 0 73 56 6 29 73 23 14 16 55 91 93 15 58 69 69
run=16 seed=15 k=95 f=0
39 25 2 69 46 70 13 77 48 58 28 61 69 29 90 69 50 30 24 49 2 16 3 51 35 41 38 21 89 88 5 31 15 10 35 44 75 0 36 28 64 64 88 43 90 48 51 62 18 76 12 23 86 75 63 17 0 2 10 79 5 49 10 21 54 93 79 4 80 28 57 94 34 57 94 20 33 77 39 61 55 94 81 47 71 35 67 20 69 13
run=17 seed=16 k=95 f=0
59 91 74 24 44 94 62 88 46 75 34 10 17 0 48 85 16 29 68 13 25 40 11 63 43 7 33 41 94 77 23 60 85 22 24 68 70 80 4 94 44 53 40 62 14 79 91 56 27 36 69 33 84 77 49 15 7 35 69 4 76 53 64 70 65 1 6 26 3 51 1 18 46 54 94 88 35 93 46 40 33 18 76 11 83 26 61 5 48 55
run=18 seed=17 k=95 f=0
40 34 5 36 74 49 0 16 79 17 58 10 49 51 28 58 3 81 11 22 46 76 18 56 33 38 83 75 86 73 71 28 11 91 24 1 80 56 44 0 7 86 0 35 42 59 90 11 22 58 17 32 76 52 9 26 40 89 11 68 67 84 92 28 83 63 80 7 94 0 17 27 85 36 49 60 72 43 67 4 19 4 1 74 38 68 94 25 62 64
run=19 seed=18 k=95 f=0
35 3 45 17 38 1 40 72 44 72 5 47 67 63 2 43 34 90 22 68 19 80 71 9 58 44 84 25 94 0 17 9 92 57 82 31 78 47 83 9 54 28 12 23 74 19 5 34 13 83 70 31 62 55 38 92 2 60 48 13 22 26 66 76 21 54 19 83 36 60 69 87 94 39 0 74 68 45 87 80 64 93 14 28 59 52 53 29 79 8
run=20 seed=19 k=95 f=0
9 46 73 17 27 75 1 55 62 20 65 88 50 31 2 0 85 78 8 38 14 58 55 7 37 65 83 67 75 61 8 86 86 70 92 80 25 93 80 79 23 31 61 0 49 63 87 30 41 0 0 21 94 68 28 22 19 37 23 16 72 28 84 15 14 11 50 73 94 75 22 51 11 15 49 58 66 43 0 24 41 77 45 40 50 71 33 93 81 57
