run=1 seed=0 k=70 f=0
48 63 61 55 30 0 54 28 59 24 54 28 52 3 33 15 25 38 46 65 48 24 56 38 8 60 30 17 40 12 18 34 8 6 2 4 56 45 37 0 45 41 56 26 0 14 34 8 36 69 62 68 9 21 65 18 12 41 9 50 53 40 25 14 13 35 17 63 0 22 31 68 18 23 0 51 50 69 29 27 69 60 67 22 18 61 44 0 8 50
run=2 seed=1 k=70 f=0
48 63 61 55 30 0 54 28 59 24 54 28 52 3 33 15 25 38 46 65 48 24 56 38 8 60 30 17 40 12 18 34 8 6 2 4 56 45 37 0 45 41 56 26 0 14 34 8 36 69 62 68 9 21 65 18 12 41 9 50 53 40 25 14 13 35 17 63 0 22 31 68 18 23 0 51 50 69 29 27 69 60 67 22 18 61 44 0 8 50
run=3 seed=2 k=70 f=0
29 66 46 53 69 25 38 69 42 54 59 19 16 68 67 25 44 29 32 11 34 56 22 3 61 16 22 39 32 69 51 16 51 3 13 42 46 12 18 59 38 40 63 18 47 10 25 66 27 0 13 53 60 53 39 50 0 0 69 12 9 37 17 55 31 0 12 0 48 32 22 68 51 33 69 27 8 60 22 38 7 62 57 47 2 25 35 45 64 6
run=4 seed=3 k=70 f=0
35 63 4 26 51 35 31 16 67 60 52 29 6 67 29 12 61 39 42 28 40 24 39 0 21 26 18 18 25 65 42 55 50 56 25 4 13 47 69 0 31 47 6 27 68 43 37 8 37 69 57 10 9 63 65 0 15 59 9 46 54 37 19 14 40 54 42 2 69 10 32 52 18 23 0 37 62 38 61 15 32 1 44 22 18 69 45 47 1 51
run=5 seed=4 k=70 f=0
54 3 4 62 26 33 22 14 69 62 5 17 69 13 43 38 60 29 45 60 48 29 0 54 0 20 20 8 1 0 52 9 19 38 6 62 38 22 29 1 69 33 7 15 69 49 49 43 27 69 29 48 8 17 65 52 66 61 69 52 44 23 17 49 47 4 7 14 22 10 14 68 53 12 0 51 59 35 14 6 57 0 25 57 40 28 35 45 36 41
run=6 seed=5 k=70 f=0
46 42 49 51 5 25 7 69 15 25 53 19 22 34 32 30 44 29 14 15 6 57 49 16 53 16 59 58 45 37 52 49 7 13 31 65 69 1 21 0 21 0 63 18 62 13 41 34 27 0 9 59 60 41 39 51 57 53 63 10 9 1 67 55 34 6 67 39 36 0 22 35 51 41 69 10 69 69 44 47 69 21 60 47 27 62 35 28 19 6
run=7 seed=6 k=70 f=0
45 6 49 36 45 27 6 39 17 1 3 51 7 17 17 53 8 40 36 69 43 65 67 22 60 28 68 54 44 3 36 0 38 59 3 25 10 68 10 67 53 49 32 13 27 1 68 61 19 0 29 24 45 68 4 52 29 25 26 13 35 40 34 21 20 7 36 69 58 60 14 32 60 59 53 40 36 13 15 64 19 9 45 47 35 50 69 44 60 63
run=8 seed=7 k=70 f=0
28 3 57 42 29 0 69 13 38 64 5 17 45 2 69 69 60 29 38 25 40 29 34 59 33 20 21 15 16 1 52 10 54 38 17 62 48 22 31 38 37 33 7 12 60 64 7 29 27 69 65 57 8 54 65 53 65 0 49 42 44 51 10 49 47 69 24 1 59 11 14 57 53 12 0 43 43 31 69 16 22 0 18 57 16 24 35 50 46 41
run=9 seed=8 k=70 f=0
5 63 40 52 15 26 24 44 36 13 65 18 64 30 37 11 61 29 33 24 1 28 1 33 40 41 25 52 67 4 53 69 28 10 66 44 67 1 57 44 16 7 37 57 48 12 32 62 50 69 39 46 24 41 65 51 50 57 53 3 34 59 69 48 31 6 12 27 36 61 55 31 9 0 16 29 18 45 44 10 21 60 43 22 15 19 0 69 60 6
run=10 seed=9 k=70 f=0
22 6 43 55 32 52 53 10 24 8 66 12 33 3 42 41 37 22 4 8 48 23 6 66 63 9 47 63 39 0 25 60 17 31 63 35 37 64 0 49 16 28 40 11 54 5 67 34 20 0 32 66 53 20 4 17 52 69 36 17 62 0 6 48 46 43 23 28 0 24 15 57 44 26 69 43 0 39 55 51 12 69 60 56 17 59 28 9 0 59
run=11 seed=10 k=70 f=0
39 63 40 41 64 54 3 46 66 2 41 1 25 67 16 4 61 21 48 61 30 21 31 54 17 43 0 57 57 19 14 38 2 30 7 46 12 67 3 69 36 0 39 61 69 50 47 2 19 69 48 39 8 23 7 24 32 32 49 32 36 59 12 50 12 33 12 41 69 28 14 24 54 61 0 43 14 10 17 35 13 56 42 58 7 43 27 69 27 33
run=12 seed=11 k=70 f=0
35 63 4 42 30 17 6 0 44 64 52 29 0 15 48 34 61 39 46 61 44 12 9 8 7 26 25 26 44 59 32 55 62 56 19 4 12 46 69 69 0 38 6 27 69 56 44 9 37 69 68 60 9 9 65 34 63 21 18 42 54 19 26 14 13 60 51 58 69 33 32 49 18 42 0 50 52 17 6 69 24 0 0 22 29 30 45 50 69 51
run=13 seed=12 k=70 f=0
24 65 61 30 14 25 63 31 2 60 0 19 20 68 62 28 45 56 0 64 16 3 33 0 12 16 47 8 42 69 53 59 44 3 56 43 39 64 19 69 23 10 12 18 20 4 69 69 27 36 6 15 61 40 40 52 31 55 25 54 9 36 18 29 57 37 30 69 35 13 22 48 52 13 69 19 9 37 44 51 48 69 60 48 53 30 0 59 0 6
run=14 seed=13 k=70 f=0
32 6 66 69 31 43 27 28 32 44 8 40 26 59 41 53 8 30 60 17 42 31 31 6 17 43 24 61 11 15 35 12 17 21 17 65 23 3 69 0 0 36 63 36 40 48 1 19 32 0 51 2 60 5 12 58 44 9 50 0 15 26 52 55 39 9 49 64 0 59 37 69 51 57 69 56 27 44 27 53 22 69 0 47 63 67 24 33 62 18
run=15 seed=14 k=70 f=0
37 63 68 28 48 33 30 12 18 51 8 29 51 13 8 57 61 39 69 24 50 40 41 60 26 26 68 60 65 38 34 29 66 66 20 4 14 48 28 1 46 44 6 25 16 57 45 69 37 69 0 48 9 36 57 0 62 44 69 47 54 35 56 14 37 42 21 64 16 51 32 68 18 25 0 53 54 19 34 0 9 0 10 22 59 33 45 10 9 51
run=16 seed=15 k=70 f=0
44 6 11 31 35 52 8 69 65 68 25 68 48 65 6 63 8 19 44 3 37 22 31 18 54 41 8 53 2 44 16 51 63 28 66 44 2 2 57 32 23 31 37 42 30 56 28 22 50 0 53 59 61 19 62 14 57 13 60 16 34 39 40 48 43 34 37 3 69 0 55 24 15 40 69 40 69 69 46 36 0 10 0 11 16 25 25 60 68 31
run=17 seed=16 k=70 f=0
25 65 65 23 0 52 4 69 3 41 1 19 39 28 60 53 44 29 43 25 32 15 23 8 0 16 38 68 69 59 52 4 51 13 68 42 56 1 34 33 0 38 63 18 69 12 29 67 27 0 16 22 60 12 39 26 29 3 69 61 9 35 59 55 20 43 13 10 46 68 22 47 51 66 69 52 35 30 10 0 22 62 10 47 56 21 35 47 62 6
run=18 seed=17 k=70 f=0
61 27 3 45 69 45 21 51 69 4 33 50 50 39 8 45 25 40 25 69 15 54 36 36 21 53 3 22 9 69 17 64 41 66 42 4 35 5 39 0 31 49 57 52 2 25 30 61 42 69 61 1 9 57 30 17 18 16 23 12 60 31 52 14 12 26 50 59 0 54 47 69 18 57 0 31 35 21 59 0 36 8 2 22 42 65 34 12 63 63
run=19 seed=18 k=70 f=0
38 3 69 14 7 42 27 12 7 2 5 28 16 41 49 48 60 38 22 64 11 40 36 0 42 25 69 25 63 47 32 69 31 47 66 62 12 5 69 58 55 17 56 24 32 22 2 68 36 69 7 0 8 38 65 31 29 3 34 18 53 8 55 13 36 18 47 54 25 60 31 68 17 43 0 49 59 26 44 56 58 1 0 21 53 65 44 37 17 50
run=20 seed=19 k=70 f=0
49 63 53 44 15 51 5 57 64 27 66 57 45 64 69 24 32 47 48 38 46 16 55 52 67 60 68 0 25 17 44 69 13 38 27 34 65 5 47 39 57 20 29 34 1 31 9 9 49 69 1 41 16 6 65 17 41 22 10 40 7 52 55 21 22 42 31 16 0 8 54 11 25 4 0 64 59 36 53 0 59 33 27 13 27 60 41 26 56 10
