run=1 seed=0 k=105 f=0
68 48 72 30 77 61 90 72 99 31 81 82 20 53 83 56 45 68 68 29 63 98 52 104 2 5 47 13 22 56 84 42 3 50 59 0 104 91 16 37 99 18 9 14 104 52 83 44 65 15 38 47 91 50 0 82 32 95 1 16 30 90 74 80 101 5 61 39 73 77 39 45 74 77 59 98 31 14 93 35 7 84 20 22 53 64 103 86 29 27
run=2 seed=1 k=105 f=0
68 48 72 30 77 61 90 72 99 31 81 82 20 53 83 56 45 68 68 29 63 98 52 104 2 5 47 13 22 56 84 42 3 50 59 0 104 91 16 37 99 18 9 14 104 52 83 44 65 15 38 47 91 50 0 82 32 95 1 16 30 90 74 80 101 5 61 39 73 77 39 45 74 77 59 98 31 14 93 35 7 84 20 22 53 64 103 86 29 27
run=3 seed=2 k=105 f=0
60 4 68 80 53 93 86 31 40 72 37 99 2 98 47 61 77 3 74 1 104 13 60 95 8 31 5 20 66 46 20 21 38 49 101 52 43 83 66 31 36 30 24 41 40 80 21 103 60 10 89 25 47 6 15 56 15 9 53 80 91 25 14 62 7 69 7 98 71 59 41 88 19 65 104 45 6 25 63 54 96 83 79 74 89 87 69 15 47 88
run=4 seed=3 k=105 f=0
81 52 74 0 71 70 57 61 81 19 13 89 39 2 57 81 65 30 16 33 92 27 13 48 103 92 89 47 95 58 27 4 76 16 86 61 25 38 92 3 40 23 7 84 57 52 66 51 32 82 74 49 4 63 97 2 53 13 68 73 40 46 61 56 23 20 13 2 58 13 74 67 12 95 104 10 42 102 50 66 38 101 11 46 84 86 21 30 31 43
run=5 seed=4 k=105 f=0
103 31 34 25 18 37 0 0 83 35 89 76 79 29 88 44 37 104 53 80 2 85 48 39 18 73 101 22 60 59 15 23 33 26 94 53 66 77 49 42 87 30 96 5 29 56 68 74 102 92 67 104 27 83 17 102 4 5 14 96 19 7 23 44 33 56 25 74 97 6 11 84 0 20 83 46 13 73 55 11 63 74 92 67 37 97 60 50 91 53
run=6 seed=5 k=105 f=0
85 20 79 16 56 82 80 99 93 18 73 8 90 48 13 28 55 102 103 101 89 53 39 59 77 64 88 28 30 7 96 0 4 13 32 61 98 49 41 60 67 47 68 62 16 18 57 52 104 73 40 15 87 68 93 35 10 70 64 94 96 68 76 5 58 3 103 48 15 50 81 39 0 48 31 23 43 103 28 74 38 77 100 25 6 34 46 24 3 18
run=7 seed=6 k=105 f=0
45 37 94 70 8 80 41 44 22 28 35 28 2 68 52 1 96 23 54 13 60 83 40 57 14 62 33 13 47 45 10 103 62 99 81 48 7 59 6 85 20 42 14 72 87 97 9 88 54 104 99 7 84 69 50 30 91 71 94 63 10 98 3 41 21 39 99 72 76 0 90 36 19 41 3 2 103 12 67 75 17 28 10 77 50 26 72 89 75 32
run=8 seed=7 k=105 f=0
18 54 71 1 50 18 16 67 60 28 5 31 83 6 40 0 58 26 102 77 104 8 3 14 49 94 56 96 22 101 75 34 73 80 64 64 102 9 58 58 32 27 89 1 23 48 29 26 5 103 43 86 21 80 99 34 12 11 45 14 76 93 69 36 24 82 96 70 68 26 0 83 41 0 68 2 46 91 20 51 58 94 6 48 86 29 85 76 57 44
run=9 seed=8 k=105 f=0
91 49 72 104 70 74 67 95 1 18 22 21 82 17 45 104 45 28 89 47 3 85 87 67 70 57 93 52 55 32 33 42 35 40 102 60 1 51 82 10 50 81 12 7 15 29 88 16 89 102 40 25 6 22 63 104 48 64 69 26 76 79 49 87 33 38 82 1 92 59 94 39 35 102 18 6 94 4 102 98 56 31 85 0 11 20 67 14 10 79
run=10 seed=9 k=105 f=0
37 32 10 65 65 89 5 103 21 62 1 13 103 64 74 20 104 47 31 49 84 95 91 15 9 59 99 53 79 79 40 73 83 29 82 62 88 70 36 29 27 38 20 56 79 19 45 78 51 92 0 20 72 91 96 62 46 66 63 102 42 48 48 37 81 31 73 87 27 89 10 0 23 8 2 99 39 56 104 0 56 5 12 54 13 46 82 36 30 16
run=11 seed=10 k=105 f=0
55 1 68 35 17 62 5 16 47 47 53 8 93 33 74 34 59 28 86 3 68 94 10 78 82 92 26 28 73 51 42 23 83 88 35 15 20 35 7 102 88 74 100 53 72 46 16 77 52 104 8 15 68 1 11 2 93 33 86 62 23 100 27 73 76 98 29 6 11 15 47 92 77 12 4 50 29 99 103 43 43 58 39 65 30 2 38 65 61 20
run=12 seed=11 k=105 f=0
69 44 57 13 93 25 19 16 74 88 5 13 38 74 77 34 62 40 42 48 63 0 67 53 95 48 97 104 1 23 26 55 0 99 60 90 44 0 90 55 88 69 65 103 86 64 33 4 3 104 40 67 72 2 53 34 29 22 25 51 55 73 17 17 73 62 84 9 39 61 10 81 21 102 80 86 47 69 95 94 16 101 85 28 80 10 34 4 10 90
run=13 seed=12 k=105 f=0
95 86 99 88 58 70 7 56 2 84 13 61 7 74 103 63 30 37 45 72 35 54 30 62 3 97 104 71 15 78 43 16 38 3 13 104 10 79 92 47 9 0 101 18 74 1 74 84 69 80 56 23 52 86 48 35 76 26 60 93 43 49 76 57 29 61 33 40 91 15 64 76 18 17 9 66 26 46 45 72 26 101 96 22 82 89 0 33 44 86
run=14 seed=13 k=105 f=0
90 82 84 16 15 79 14 70 88 9 61 12 7 32 101 50 102 29 83 84 0 103 64 86 18 4 76 21 69 99 88 90 30 92 2 71 4 18 54 40 41 11 0 104 74 62 19 40 32 22 3 56 78 68 39 97 101 74 75 96 63 66 58 68 11 9 75 3 39 50 55 103 91 52 13 56 24 23 50 44 21 31 65 76 96 16 45 66 26 51
run=15 seed=14 k=105 f=0
43 77 6 102 13 33 67 10 24 86 48 34 30 15 56 65 74 28 1 57 85 94 39 3 10 52 55 79 33 37 42 17 73 93 92 41 0 42 26 95 66 74 60 73 90 9 33 48 15 64 89 102 93 43 0 65 52 19 39 23 6 103 13 11 77 82 52 57 4 78 104 67 24 48 37 63 15 13 12 98 31 101 96 19 23 83 84 24 24 100
run=16 seed=15 k=105 f=0
47 27 72 95 76 104 79 72 58 58 103 67 36 82 89 15 14 97 29 28 86 62 18 104 84 73 24 81 55 3 6 70 1 55 0 78 40 35 11 98 70 9 80 16 3 78 31 41 103 39 42 88 83 60 23 49 84 28 19 34 50 93 0 0 93 87 44 45 49 32 8 14 92 53 30 94 3 62 0 80 100 38 32 45 76 20 59 87 9 65
run=17 seed=16 k=105 f=0
16 18 12 62 37 68 37 83 10 48 39 50 103 66 93 0 54 19 57 6 102 54 21 29 83 86 13 37 101 75 76 43 81 49 20 79 76 58 21 29 83 13 11 44 12 44 91 38 10 95 40 73 24 77 102 0 3 5 81 61 39 27 104 71 30 94 61 101 31 96 2 92 104 59 32 53 80 52 48 16 92 68 52 90 60 67 64 0 28 6
run=18 seed=17 k=105 f=0
70 22 44 2 64 89 40 6 98 92 27 87 29 6 12 83 93 57 16 63 33 56 93 83 28 39 30 50 16 18 25 7 1 81 91 42 78 35 55 36 97 71 47 102 51 101 19 42 0 104 74 100 81 24 0 72 56 20 50 2 62 64 52 18 19 15 60 103 103 39 9 10 51 56 30 1 7 62 78 96 96 41 33 98 91 43 72 49 82 65
run=19 seed=18 k=105 f=0
27 80 25 8 1 18 27 7 29 62 1 104 32 68 11 8 22 90 79 13 53 100 26 94 84 76 19 95 9 70 59 72 46 82 67 24 77 0 89 19 39 96 42 63 50 98 56 10 87 55 83 38 13 16 71 95 47 67 63 16 33 37 76 8 66 54 80 68 21 61 64 52 44 2 100 83 103 104 77 85 89 29 39 28 42 58 1 49 49 47
run=20 seed=19 k=105 f=0
59 11 58 82 39 88 16 30 77 34 22 70 70 36 79 75 65 72 48 1 99 26 5 42 43 1 9 47 26 21 17 84 99 63 65 62 11 99 92 40 73 91 6 37 104 90 20 55 99 80 96 86 45 29 44 21 56 23 64 16 54 57 36 15 39 11 70 28 34 68 104 81 21 2 91 103 70 53 50 87 6 18 45 85 73 33 31 104 46 51
