run=1 seed=0 k=90 f=0
89 4 27 25 23 25 2 40 69 1 84 76 1 73 23 71 62 41 52 46 27 89 87 76 62 80 62 13 37 4 10 39 61 18 42 64 5 49 31 52 31 60 65 11 16 67 68 84 87 34 83 24 0 80 1 60 32 33 76 31 14 45 14 89 72 35 16 77 17 47 55 19 25 44 71 89 74 38 34 53 9 0 6 9 67 84 47 13 44 21
run=2 seed=1 k=90 f=0
89 4 27 25 23 25 2 40 69 1 84 76 1 73 23 71 62 41 52 46 27 89 87 76 62 80 62 13 37 4 10 39 61 18 42 64 5 49 31 52 31 60 65 11 16 67 68 84 87 34 83 24 0 80 1 60 32 33 76 31 14 45 14 89 72 35 16 77 17 47 55 19 25 44 71 89 74 38 34 53 9 0 6 9 67 84 47 13 44 21
run=3 seed=2 k=90 f=0
60 19 76 71 17 48 49 87 72 11 68 37 26 53 17 75 40 9 57 55 62 32 89 63 29 89 89 31 36 0 3 0 81 23 41 6 22 58 37 88 77 48 75 86 12 52 28 38 0 26 44 18 14 7 0 28 71 43 38 66 72 42 84 33 16 5 7 86 12 10 82 78 47 5 65 30 62 37 77 54 25 83 19 43 89 72 56 20 77 20
run=4 seed=3 k=90 f=0
82 59 49 38 15 89 79 76 1 4 54 4 63 19 25 80 24 60 31 75 23 71 58 48 13 78 65 47 61 14 34 0 2 16 84 30 55 38 4 18 53 7 47 7 21 10 21 52 45 53 87 49 65 61 83 62 71 35 15 36 85 45 15 70 67 27 13 60 35 23 1 26 17 77 10 51 42 31 63 72 89 43 72 27 84 86 37 5 31 89
run=5 seed=4 k=90 f=0
59 26 64 26 43 67 15 13 47 41 48 84 4 44 13 88 28 21 25 29 76 7 29 47 63 89 74 82 9 10 0 53 34 31 79 61 0 74 89 72 19 60 40 35 14 41 22 58 8 77 53 89 56 2 61 82 69 50 85 79 16 45 1 11 23 29 51 29 40 39 0 24 35 80 68 10 43 88 0 56 33 18 17 53 67 25 44 65 40 50
run=6 seed=5 k=90 f=0
25 32 58 28 86 67 63 23 33 62 29 38 21 84 0 80 41 64 12 53 41 23 30 3 21 20 13 73 0 37 53 58 82 72 39 65 6 35 60 15 23 17 54 12 35 63 16 54 0 89 64 45 70 74 45 3 29 43 89 49 48 71 82 82 10 18 28 4 9 49 14 84 78 33 29 63 88 58 78 89 0 48 44 0 67 51 58 79 78 5
run=7 seed=6 k=90 f=0
29 24 49 5 68 5 46 33 54 58 65 54 76 22 22 8 26 37 1 29 59 46 70 38 89 79 27 14 32 15 46 18 2 83 59 82 37 44 76 46 65 42 58 29 57 85 9 88 62 89 82 0 17 84 67 23 25 67 11 77 7 68 78 2 9 72 60 46 89 75 73 4 33 11 52 74 15 48 0 30 32 52 37 18 80 56 43 89 15 10
run=8 seed=7 k=90 f=0
11 70 85 31 65 38 86 71 0 43 27 0 31 66 52 14 28 35 80 36 44 6 18 89 8 3 1 72 28 50 88 59 40 15 21 31 27 6 43 89 22 10 89 0 23 17 60 67 48 12 13 41 74 31 24 84 42 61 0 75 40 63 9 69 58 50 49 85 19 41 62 53 21 7 54 51 76 74 80 21 88 73 24 77 65 82 83 65 7 44
run=9 seed=8 k=90 f=0
71 54 12 89 81 8 52 71 87 63 67 17 66 35 42 64 59 89 33 17 26 77 57 22 14 28 74 17 25 63 3 12 80 82 41 44 46 26 2 88 17 60 14 37 55 60 43 76 76 37 55 66 49 22 50 59 52 0 39 86 1 4 49 74 33 43 7 23 48 9 21 29 85 12 8 88 0 38 82 4 0 71 67 62 5 30 67 48 75 43
run=10 seed=9 k=90 f=0
58 34 7 45 20 43 7 57 28 32 16 86 88 49 6 65 89 0 30 49 74 0 31 75 39 37 87 83 68 33 75 44 70 87 73 55 28 35 66 44 25 82 11 67 4 63 0 74 49 7 15 34 80 52 20 82 1 19 37 12 25 48 18 53 25 1 88 87 58 65 43 75 16 54 62 64 12 9 28 61 89 13 57 77 6 37 71 0 75 29
run=11 seed=10 k=90 f=0
30 37 38 0 7 61 5 70 17 77 83 89 0 77 74 1 71 88 37 48 89 64 25 31 86 34 52 51 58 89 27 53 87 31 50 19 21 53 89 67 43 32 0 70 60 12 19 28 0 57 14 48 83 84 41 77 63 46 70 32 8 70 47 64 8 2 74 15 24 75 77 58 27 37 15 41 44 22 60 80 76 13 85 22 3 57 45 63 83 4
run=12 seed=11 k=90 f=0
56 33 54 22 56 69 88 61 45 73 8 5 38 14 71 39 0 74 29 76 24 60 2 31 25 61 7 43 1 73 28 11 49 3 22 17 82 51 81 13 84 35 29 62 51 66 18 15 89 52 55 67 11 4 12 24 89 22 0 0 43 88 77 87 43 1 24 62 52 40 67 36 78 0 36 63 83 15 17 4 68 81 55 20 87 87 25 62 10 46
run=13 seed=12 k=90 f=0
1 18 44 28 10 75 89 63 46 54 88 82 7 83 58 25 14 69 69 40 81 8 0 53 78 23 8 86 60 17 51 49 47 20 40 69 10 39 2 76 43 0 50 82 86 19 29 54 54 76 73 8 63 56 10 88 78 67 73 59 89 3 61 58 31 6 36 40 62 0 29 31 37 38 3 29 24 86 54 72 35 16 15 84 22 26 46 63 74 34
run=14 seed=13 k=90 f=0
25 61 40 31 89 5 2 74 89 71 59 67 82 51 71 54 33 56 38 69 89 44 35 0 63 64 58 6 23 19 70 15 30 83 47 26 85 49 41 48 82 22 0 74 78 36 49 54 0 88 41 11 76 8 37 67 73 12 38 6 8 19 73 13 11 30 75 31 79 9 70 58 50 63 22 56 45 76 50 41 66 31 20 29 4 55 41 49 56 5
run=15 seed=14 k=90 f=0
13 72 51 42 82 38 80 60 9 72 18 29 30 61 57 65 26 63 72 71 80 49 69 78 47 78 70 4 89 87 17 88 88 0 32 41 63 81 11 80 6 42 22 88 16 23 63 48 11 56 29 27 68 52 72 17 62 47 10 24 19 76 58 14 42 75 11 87 34 0 32 54 89 0 45 77 30 19 0 38 4 26 66 51 58 8 3 54 39 37
run=16 seed=15 k=90 f=0
58 85 87 35 9 75 4 12 60 88 54 28 74 14 48 13 56 7 43 42 35 46 63 87 70 31 1 21 76 48 65 24 0 88 60 54 68 0 48 41 25 17 69 33 78 6 76 22 47 73 57 36 0 31 26 41 74 84 6 5 64 33 30 49 34 52 44 60 65 77 14 16 38 54 82 49 4 64 89 19 0 83 88 59 76 33 22 12 18 41
run=17 seed=16 k=90 f=0
43 35 11 22 39 53 72 85 33 78 26 0 29 21 18 2 3 72 50 3 76 16 40 14 8 89 38 52 31 0 58 89 68 32 63 84 73 43 49 59 8 82 13 89 66 89 21 21 27 52 87 13 77 8 23 64 72 36 67 46 10 58 44 82 76 80 1 86 46 51 60 17 68 48 38 54 39 79 36 57 31 22 6 0 58 6 19 65 43 46
run=18 seed=17 k=90 f=0
82 0 9 17 81 89 4 58 53 56 2 15 59 21 3 28 89 55 12 33 54 44 33 65 1 70 28 10 79 8 36 68 76 84 89 87 89 6 39 51 60 75 66 80 88 70 20 27 81 21 44 55 7 59 34 73 19 24 83 60 30 79 37 14 25 45 15 22 23 55 76 40 51 34 41 46 16 89 15 51 37 5 4 47 62 43 61 80 43 1
run=19 seed=18 k=90 f=0
88 15 16 77 19 48 85 20 2 27 5 58 13 68 22 56 64 0 41 41 48 25 41 49 18 12 61 74 24 89 80 89 0 40 82 37 50 7 53 64 39 11 85 63 9 6 26 79 73 30 3 39 21 27 25 35 67 37 32 1 5 67 39 71 75 69 50 47 62 13 78 13 45 84 55 55 89 70 84 40 76 0 22 61 71 57 89 25 4 36
run=20 seed=19 k=90 f=0
29 86 52 22 67 62 71 47 2 4 7 40 20 66 44 7 89 19 36 49 16 25 5 72 87 58 38 89 55 6 0 73 11 55 27 33 73 8 67 82 13 86 31 0 53 63 7 52 24 80 29 24 70 46 84 36 11 51 66 77 51 67 81 46 24 71 40 45 41 57 64 16 4 33 37 54 79 89 32 64 60 0 15 74 79 1 13 47 13 27
