run=1 seed=0 k=94 f=0
85 93 7 23 17 73 1 50 46 31 68 18 70 84 49 56 22 64 30 59 46 71 65 85 50 88 73 17 67 53 35 12 58 91 9 25 0 57 77 77 17 93 27 36 83 9 60 12 41 78 91 90 69 62 82 21 42 92 38 41 51 65 32 43 41 3 48 25 85 37 15 55 60 35 0 53 90 3 29 14 3 77 62 7 20 24 32 63 22 54
run=2 seed=1 k=94 f=0
85 93 7 23 17 73 1 50 46 31 68 18 70 84 49 56 22 64 30 59 46 71 65 85 50 88 73 17 67 53 35 12 58 91 9 25 0 57 77 77 17 93 27 36 83 9 60 12 41 78 91 90 69 62 82 21 42 92 38 41 51 65 32 43 41 3 48 25 85 37 15 55 60 35 0 53 90 3 29 14 3 77 62 7 20 24 32 63 22 54
run=3 seed=2 k=94 f=0
62 29 81 41 57 51 0 5 59 19 91 85 1 73 39 16 31 17 38 75 58 80 21 33 5 41 86 76 42 24 14 50 28 46 47 45 48 73 14 8 47 0 36 0 84 91 42 12 23 93 2 31 61 72 27 66 25 71 42 25 2 66 43 7 80 22 49 34 67 76 53 0 12 81 79 88 38 53 33 10 93 9 82 62 21 18 70 63 21 87
run=4 seed=3 k=94 f=0
46 90 4 90 22 70 16 44 91 84 3 25 0 47 58 38 74 0 5 87 48 0 92 23 75 93 77 23 28 4 82 77 84 77 93 55 89 18 32 77 38 42 38 27 86 19 11 42 61 14 59 41 5 54 88 52 84 9 20 18 81 9 62 49 65 8 93 60 11 31 68 66 33 51 24 0 82 14 71 74 28 64 22 7 57 42 42 67 6 64
run=5 seed=4 k=94 f=0
19 61 93 90 19 38 31 9 86 34 17 0 62 60 13 80 3 15 41 26 53 4 70 9 73 65 80 80 20 44 89 14 46 44 61 70 28 22 62 70 31 36 70 64 93 56 8 28 93 85 53 51 75 49 90 78 0 6 64 57 10 25 51 30 53 15 71 13 44 70 37 42 46 36 56 74 0 0 8 76 29 87 59 0 78 84 21 21 82 41
run=6 seed=5 k=94 f=0
89 57 64 18 80 0 12 79 9 73 2 82 50 82 83 73 54 38 16 76 26 13 75 78 29 79 57 45 54 47 12 49 1 86 67 39 22 48 32 31 5 7 11 81 55 42 9 33 9 28 35 73 63 91 59 93 23 61 42 87 89 45 81 68 67 42 30 63 62 69 0 4 72 70 17 54 53 26 19 39 0 35 18 23 88 10 46 91 60 92
run=7 seed=6 k=94 f=0
1 49 56 15 14 90 26 59 54 24 8 5 5 59 42 78 37 62 23 20 27 68 72 66 57 46 87 61 69 1 26 93 88 28 61 39 50 52 2 11 9 72 42 24 45 82 11 73 57 88 33 16 70 39 84 15 87 30 58 86 30 16 84 75 77 4 5 34 83 58 10 92 79 19 2 31 63 49 45 24 1 51 40 93 36 75 21 40 85 14
run=8 seed=7 k=94 f=0
89 92 48 42 13 91 22 63 83 57 29 22 23 88 63 18 15 44 70 68 46 64 92 52 48 66 27 38 32 65 55 56 47 70 91 73 53 84 43 6 47 8 33 62 38 41 36 43 59 37 8 14 2 30 3 9 63 30 0 3 84 81 53 53 54 21 58 12 37 75 9 64 48 69 77 21 30 17 90 3 86 77 74 20 16 77 28 84 39 93
run=9 seed=8 k=94 f=0
93 28 3 47 67 57 46 17 11 53 63 81 76 89 7 75 40 8 57 27 89 6 17 65 40 50 10 81 17 21 59 34 38 45 38 43 0 0 89 46 33 2 67 27 83 60 65 22 67 1 75 61 92 93 93 39 24 16 53 67 59 91 29 33 79 71 93 20 80 83 75 31 12 26 84 61 46 55 72 30 47 15 82 54 40 88 21 1 36 71
run=10 seed=9 k=94 f=0
85 6 11 78 62 48 20 54 75 16 76 81 74 69 53 48 45 87 16 7 65 19 83 45 8 78 58 5 47 18 26 57 21 65 43 42 27 76 2 42 3 71 15 41 80 66 50 67 21 0 34 56 11 86 6 34 9 92 40 62 71 91 4 23 86 12 66 41 26 69 51 55 93 8 59 20 20 27 50 0 34 1 93 39 93 34 30 86 31 36
run=11 seed=10 k=94 f=0
57 47 11 35 36 62 34 47 14 35 1 3 78 67 2 1 32 0 9 48 89 33 13 57 26 8 44 85 8 70 39 81 63 90 48 11 21 10 28 12 3 29 57 33 91 41 60 92 84 71 25 86 17 62 41 71 75 71 70 54 39 73 67 78 79 22 74 83 57 10 25 92 59 28 51 93 82 18 37 40 43 19 6 66 13 48 93 87 51 87
run=12 seed=11 k=94 f=0
45 64 23 49 91 30 7 7 23 21 12 57 92 16 29 33 36 59 53 70 91 24 35 71 39 69 1 74 65 13 48 42 7 73 4 73 1 37 91 84 58 58 23 47 86 21 0 41 43 27 91 75 9 66 86 0 36 67 30 4 84 78 61 14 81 77 48 48 50 34 3 31 18 38 93 18 67 25 84 63 10 77 93 45 1 51 51 82 32 79
run=13 seed=12 k=94 f=0
83 1 20 88 71 10 81 21 90 2 39 35 24 72 38 52 32 48 21 54 63 82 86 30 30 7 77 15 24 67 93 92 55 63 47 46 20 39 80 8 36 0 15 90 86 62 33 57 14 67 12 35 41 80 72 46 12 74 23 6 23 60 39 0 91 1 44 16 72 56 93 91 57 0 85 60 76 6 86 16 41 30 25 28 8 90 76 47 2 60
run=14 seed=13 k=94 f=0
31 67 21 63 69 24 3 59 9 53 70 5 82 42 73 61 11 88 84 4 77 13 1 46 17 72 85 42 81 76 27 37 63 19 11 93 69 67 76 11 69 65 7 57 9 89 33 46 51 24 16 25 63 52 47 81 31 55 27 88 34 28 61 79 42 72 39 47 45 36 56 78 83 37 0 91 1 10 54 0 0 20 33 29 87 19 43 25 58 37
run=15 seed=14 k=94 f=0
61 26 42 0 89 88 69 70 43 2 8 36 20 76 2 38 32 22 23 25 86 50 61 72 48 48 80 34 19 23 87 16 80 30 70 73 71 45 93 11 67 93 77 51 10 45 57 68 3 81 57 1 17 57 58 10 41 27 44 84 56 68 30 69 83 1 48 29 33 47 40 19 65 93 9 5 35 13 69 64 0 79 17 15 60 52 90 33 35 0
run=16 seed=15 k=94 f=0
77 70 1 83 50 71 84 0 17 26 51 8 84 86 66 38 11 26 21 66 24 15 75 27 73 57 66 59 52 1 4 61 10 9 93 51 53 53 37 1 32 76 78 15 10 72 28 50 78 19 45 31 66 68 91 85 29 93 9 56 40 82 78 35 21 60 42 44 33 11 85 32 93 21 47 15 23 76 41 35 3 87 92 64 93 44 1 52 93 73
run=17 seed=16 k=94 f=0
38 73 13 49 1 83 1 72 67 50 27 29 51 36 60 60 17 88 93 15 81 48 83 0 20 69 18 8 25 40 56 22 93 64 19 40 13 46 87 80 82 70 14 34 44 71 61 1 92 51 7 49 0 85 77 19 48 22 3 35 10 85 58 5 53 92 71 66 90 65 23 59 83 44 31 59 71 26 38 69 10 32 50 37 63 34 60 89 31 42
run=18 seed=17 k=94 f=0
25 42 91 43 15 53 29 1 29 69 52 3 41 26 90 71 58 44 62 11 18 7 49 84 52 36 62 6 3 9 14 55 0 15 30 63 65 61 84 83 89 75 30 24 92 20 16 5 11 92 51 93 73 2 6 91 87 48 83 22 83 12 77 78 43 39 77 40 66 0 0 36 28 29 21 22 82 75 29 54 37 46 14 70 93 13 50 35 61 67
run=19 seed=18 k=94 f=0
80 19 64 31 90 90 29 53 68 59 48 8 60 40 37 84 85 70 35 69 4 45 89 1 13 29 21 52 88 70 73 75 25 22 23 32 92 0 73 2 59 41 81 51 21 31 84 45 68 50 50 9 38 0 61 28 9 16 29 1 0 55 8 43 9 58 0 72 14 42 91 41 59 75 16 81 5 12 57 82 64 51 15 35 86 47 77 93 66 8
run=20 seed=19 k=94 f=0
31 56 68 0 13 77 63 60 84 69 83 3 27 93 85 68 74 88 81 48 77 87 93 10 0 19 76 48 13 22 1 3 0 72 64 15 40 8 33 63 29 27 23 18 58 52 5 66 34 42 42 48 10 46 46 39 55 74 18 10 26 45 45 32 16 27 80 93 61 84 65 22 93 91 53 73 92 57 8 40 34 93 57 0 39 17 82 67 20 61
