run=1 seed=0 k=82 f=0
33 53 41 8 7 19 12 35 10 17 31 46 58 56 49 20 8 33 55 44 68 12 21 46 28 49 25 42 29 79 36 38 28 14 35 32 54 66 72 70 3 0 45 8 79 38 49 38 26 40 15 44 79 74 81 0 62 10 56 71 0 59 55 24 51 61 68 7 80 57 73 3 65 20 58 17 29 33 8 72 47 28 78 5 22 1 17 65 21 69
run=2 seed=1 k=82 f=0
33 53 41 8 7 19 12 35 10 17 31 46 58 56 49 20 8 33 55 44 68 12 21 46 28 49 25 42 29 79 36 38 28 14 35 32 54 66 72 70 3 0 45 8 79 38 49 38 26 40 15 44 79 74 81 0 62 10 56 71 0 59 55 24 51 61 68 7 80 57 73 3 65 20 58 17 29 33 8 72 47 28 78 5 22 1 17 65 21 69
run=3 seed=2 k=82 f=0
37 31 52 18 53 0 58 14 41 15 81 48 51 55 79 7 64 9 39 64 51 60 21 0 34 44 81 64 30 29 5 69 15 39 5 41 59 68 26 22 71 44 59 43 25 5 20 61 26 55 38 71 35 62 77 53 32 69 0 53 72 73 17 29 4 24 79 64 25 50 21 81 13 41 0 13 13 10 37 73 18 78 81 48 9 33 81 60 23 17
run=4 seed=3 k=82 f=0
56 43 46 72 46 57 19 81 48 77 6 22 51 65 0 60 8 23 77 34 18 52 64 30 47 81 53 26 12 11 75 9 74 46 12 77 44 35 24 33 22 0 2 81 23 7 1 40 57 70 39 1 48 66 74 15 21 63 46 37 29 15 61 54 64 27 36 6 71 81 62 70 0 81 40 53 6 45 81 66 30 39 68 11 58 16 16 2 57 32
run=5 seed=4 k=82 f=0
0 22 77 53 42 25 19 1 68 29 54 4 16 56 64 68 7 21 24 64 8 58 20 61 47 60 0 78 46 30 31 38 32 10 79 76 69 32 39 39 12 31 81 64 6 23 52 10 43 28 80 75 81 15 55 49 65 9 45 14 67 81 55 72 70 37 31 37 73 18 1 57 52 76 37 56 1 70 81 80 51 1 75 46 17 52 15 44 62 49
run=6 seed=5 k=82 f=0
27 16 21 81 0 35 70 60 23 5 26 3 50 50 33 6 0 31 70 6 32 74 55 27 49 53 54 17 28 71 60 55 7 49 51 25 54 24 73 64 38 13 13 5 29 74 79 79 33 81 16 1 69 62 77 67 34 41 81 63 46 79 71 64 42 55 12 21 67 43 38 11 60 19 19 75 16 62 39 14 43 22 44 3 48 81 9 1 38 43
run=7 seed=6 k=82 f=0
19 30 61 31 58 34 60 69 77 47 12 71 59 69 71 1 55 31 22 81 68 77 42 66 41 15 56 64 26 22 36 36 0 2 32 57 55 62 40 11 10 62 81 69 64 25 81 2 48 24 1 38 81 80 20 12 5 79 20 9 0 51 48 44 25 23 17 31 54 48 9 3 39 34 73 72 42 75 29 16 14 45 54 52 3 49 64 40 77 5
run=8 seed=7 k=82 f=0
49 58 5 35 0 81 38 39 66 41 78 3 18 10 63 64 0 45 22 68 10 81 14 26 55 19 17 6 51 8 32 73 36 14 70 22 13 52 30 29 81 17 74 35 38 54 14 43 43 9 42 21 63 43 65 8 61 78 1 16 71 28 0 26 21 57 68 80 26 67 38 61 30 69 80 81 73 48 57 73 52 34 26 3 40 1 51 59 3 57
run=9 seed=8 k=82 f=0
80 11 12 33 79 49 78 13 67 9 61 47 28 71 48 72 44 30 31 45 33 57 67 10 62 8 0 41 5 21 27 0 0 78 19 81 5 39 33 67 48 26 69 21 17 75 43 16 24 74 79 44 56 64 3 27 39 58 69 27 1 40 53 61 53 7 61 52 78 42 50 18 65 38 17 54 81 71 7 54 48 13 35 23 19 17 36 62 21 81
run=10 seed=9 k=82 f=0
73 23 38 49 64 81 48 0 59 2 71 3 0 13 44 35 18 45 54 8 77 44 21 9 9 53 40 64 77 19 68 68 35 21 37 56 30 7 77 9 56 59 37 51 27 79 20 35 42 81 31 36 62 81 58 26 23 20 20 81 34 18 8 74 43 45 6 48 51 1 0 52 70 69 27 73 64 75 29 26 3 13 73 66 38 53 10 63 64 4
run=11 seed=10 k=82 f=0
58 56 22 48 74 4 13 50 73 29 41 64 37 19 16 81 61 54 9 74 47 15 27 80 74 9 40 1 74 57 3 69 75 22 65 6 41 13 62 8 27 19 44 65 41 31 8 16 0 18 12 60 73 55 74 80 44 51 0 0 27 52 43 32 33 25 47 17 61 19 67 79 36 22 81 79 51 6 30 29 26 36 36 1 9 62 48 71 35 40
run=12 seed=11 k=82 f=0
75 38 43 81 40 9 14 35 73 10 29 14 13 50 33 32 23 51 6 11 52 78 77 65 23 0 73 18 61 9 40 16 70 78 13 5 62 2 48 53 16 58 67 20 56 21 24 81 72 44 33 73 56 48 28 62 79 6 41 65 64 48 25 37 19 41 3 2 2 52 17 34 30 45 9 33 69 39 74 57 70 25 51 58 65 79 81 0 54 75
run=13 seed=12 k=82 f=0
25 21 62 36 69 60 57 53 27 50 41 4 59 52 19 54 65 56 23 56 47 38 55 65 13 7 7 74 71 51 24 73 44 67 16 68 66 79 23 12 42 33 30 0 80 79 79 68 58 41 80 0 16 42 46 38 60 52 65 31 81 63 1 22 3 7 18 72 81 15 1 41 32 36 74 51 18 74 26 30 10 0 49 13 16 3 50 23 28 35
run=14 seed=13 k=82 f=0
48 54 47 9 0 57 72 12 2 76 72 40 41 14 72 77 31 20 38 0 22 44 47 78 51 57 43 10 37 28 23 5 62 28 78 0 67 0 43 80 52 67 75 33 68 32 63 26 73 81 1 57 5 46 51 69 20 23 81 31 15 9 65 10 21 80 27 21 13 58 37 56 24 13 67 54 9 19 36 51 60 30 40 61 50 0 47 67 46 41
run=15 seed=14 k=82 f=0
54 25 26 54 50 24 75 60 52 10 39 35 58 9 17 57 69 37 28 77 64 7 49 71 23 49 62 32 29 7 56 44 3 30 13 71 75 44 81 66 0 21 15 73 15 46 67 32 60 11 23 19 29 73 6 67 4 24 1 2 42 49 80 62 51 2 36 68 52 41 55 16 81 11 21 60 57 80 14 48 81 35 41 75 29 37 1 31 63 78
run=16 seed=15 k=82 f=0
2 78 69 11 2 53 34 45 65 51 80 45 68 61 24 49 42 64 63 7 0 20 57 2 79 19 36 39 2 65 31 37 51 38 54 63 81 71 62 31 79 44 15 46 28 18 30 81 0 72 19 26 58 81 24 31 20 61 26 4 26 58 74 2 1 40 45 20 60 56 48 10 35 41 81 32 17 27 16 79 10 70 0 56 51 9 9 47 67 52
run=17 seed=16 k=82 f=0
16 49 79 10 41 0 55 54 47 44 3 77 20 3 38 10 72 62 71 13 21 62 3 44 3 6 80 81 41 69 59 36 65 9 16 70 24 73 64 3 36 66 46 13 48 47 35 27 64 42 52 27 21 57 26 80 25 57 29 57 13 40 18 35 31 36 65 18 44 59 0 34 29 11 81 8 52 29 54 54 81 0 62 18 74 77 56 1 75 50
run=18 seed=17 k=82 f=0
25 10 44 75 71 49 77 8 1 12 70 77 69 74 56 42 81 20 24 6 27 73 81 49 36 50 0 74 59 18 7 65 19 79 62 19 50 0 42 1 42 46 31 36 15 9 66 81 66 35 65 0 14 79 56 72 11 32 15 2 1 61 40 9 22 27 53 74 36 8 44 41 57 81 72 30 8 27 60 12 56 1 59 66 81 40 26 58 21 63
run=19 seed=18 k=82 f=0
75 81 71 69 2 81 79 38 49 33 51 55 13 0 41 52 79 67 30 31 45 16 57 19 60 4 59 18 73 5 47 6 24 75 65 31 9 59 15 48 12 38 28 38 79 81 20 68 15 24 40 43 62 18 46 20 47 34 66 21 72 2 24 17 68 2 28 41 23 27 10 65 47 70 54 81 10 51 12 65 72 59 57 0 77 1 38 77 62 32
run=20 seed=19 k=82 f=0
24 63 16 42 17 51 79 39 77 2 49 49 81 44 39 2 26 65 81 25 72 29 21 15 76 15 52 68 58 24 72 39 6 46 42 18 13 58 67 56 81 55 30 80 23 75 71 68 69 43 9 28 59 32 10 24 74 32 80 56 8 35 13 74 76 5 20 15 14 62 53 41 34 64 1 7 33 1 34 58 48 65 42 21 0 49 81 70 4 49
