run=1 seed=0 k=84 f=0
41 29 1 0 32 64 10 73 57 73 6 23 21 67 5 68 31 67 76 21 12 57 75 8 53 52 26 16 43 37 4 42 66 57 17 49 1 32 39 58 57 81 16 38 20 11 62 44 73 83 17 82 43 8 45 81 54 77 64 37 5 7 32 76 25 3 37 81 73 50 37 31 14 47 22 37 74 82 51 59 0 26 12 0 33 33 61 70 50 11
run=2 seed=1 k=84 f=0
41 29 1 0 32 64 10 73 57 73 6 23 21 67 5 68 31 67 76 21 12 57 75 8 53 52 26 16 43 37 4 42 66 57 17 49 1 32 39 58 57 81 16 38 20 11 62 44 73 83 17 82 43 8 45 81 54 77 64 37 5 7 32 76 25 3 37 81 73 50 37 31 14 47 22 37 74 82 51 59 0 26 12 0 33 33 61 70 50 11
run=3 seed=2 k=84 f=0
19 67 12 60 31 30 48 44 61 51 58 80 47 77 5 18 41 48 75 74 82 43 74 11 59 83 1 62 24 51 9 61 34 78 82 10 0 20 26 41 34 22 69 64 48 14 0 49 20 73 68 61 63 9 7 83 54 74 30 5 53 71 15 58 2 72 73 40 50 22 25 28 33 60 14 66 38 40 15 69 0 37 2 37 6 23 3 80 5 29
run=4 seed=3 k=84 f=0
18 61 75 0 69 55 36 32 1 40 43 0 55 79 46 81 44 67 54 52 69 7 34 81 60 34 49 9 28 58 63 47 24 3 44 42 67 47 19 31 37 60 12 7 33 41 50 12 23 74 8 49 6 2 78 64 78 78 31 13 51 72 19 20 59 27 13 2 16 28 28 55 14 11 58 10 42 19 82 38 24 38 74 39 0 2 83 72 69 0
run=5 seed=4 k=84 f=0
13 33 34 70 7 37 58 49 3 43 62 22 57 8 68 39 73 58 53 41 68 59 48 39 9 45 55 22 51 82 80 0 28 70 16 75 0 79 33 35 0 83 12 52 28 63 70 83 56 65 33 41 28 61 29 64 35 79 15 64 15 49 44 0 1 23 75 77 28 6 51 71 6 50 36 71 13 16 76 74 21 46 71 21 6 5 83 25 28 18
run=6 seed=5 k=84 f=0
68 72 68 75 72 39 80 77 9 25 82 32 64 6 34 47 76 83 17 70 30 14 70 57 53 0 67 49 46 7 57 1 6 14 50 82 0 28 34 81 80 77 4 54 83 54 15 31 40 17 37 15 66 25 72 65 8 17 44 66 56 21 76 61 54 83 40 34 53 30 35 10 7 27 49 65 22 46 6 82 60 37 48 43 20 74 26 21 66 11
run=7 seed=6 k=84 f=0
36 17 18 37 52 0 46 63 31 70 71 72 9 5 29 23 58 46 83 16 47 60 40 15 77 35 24 78 39 3 14 68 20 13 24 29 12 39 48 1 54 0 55 7 45 59 51 46 81 10 81 28 0 75 30 79 41 50 26 0 51 34 67 83 21 18 15 16 80 63 76 24 42 40 20 59 65 75 54 54 13 33 56 3 7 68 66 46 75 72
run=8 seed=7 k=84 f=0
29 0 64 43 8 39 38 55 29 49 48 68 4 80 44 63 59 1 50 22 29 55 0 56 12 40 17 81 32 79 48 43 65 44 78 37 40 73 67 16 63 36 17 80 2 50 24 61 5 22 1 65 31 25 26 12 0 74 4 27 47 80 69 52 83 21 54 55 80 8 65 59 76 83 83 57 48 70 13 12 17 71 0 34 61 25 13 34 74 70
run=9 seed=8 k=84 f=0
47 22 9 13 30 14 46 47 21 68 43 0 40 67 3 64 25 18 71 11 78 6 45 46 8 4 62 29 55 75 39 47 56 9 53 40 74 55 61 10 8 60 38 49 35 32 67 75 68 83 21 0 59 22 29 83 38 22 68 55 51 80 49 64 76 65 61 22 30 38 73 62 12 81 44 81 3 27 20 17 14 0 34 0 53 66 33 1 75 77
run=10 seed=9 k=84 f=0
79 80 73 79 78 41 68 83 26 71 64 42 83 1 30 68 8 0 12 0 23 32 7 57 5 83 5 50 37 14 24 52 39 68 67 3 25 7 16 2 43 17 50 27 27 60 41 15 52 74 63 22 36 34 78 57 25 16 83 18 65 58 6 20 25 73 10 45 74 70 57 34 16 75 44 6 64 25 47 8 43 61 33 35 38 67 27 36 58 62
run=11 seed=10 k=84 f=0
55 7 78 21 72 20 47 82 56 35 10 29 72 57 49 48 19 73 27 38 16 33 31 13 70 61 41 7 75 30 26 68 18 4 56 57 44 13 26 79 67 22 39 0 9 4 16 5 12 43 50 0 52 37 56 75 12 34 51 39 68 83 12 83 62 31 8 23 60 57 25 63 77 25 33 45 50 0 29 37 79 4 66 48 74 60 0 81 61 7
run=12 seed=11 k=84 f=0
32 7 0 77 30 67 1 37 75 4 67 83 38 74 6 81 35 42 5 8 55 46 25 54 11 80 36 50 43 12 23 71 15 83 12 37 42 23 14 76 5 0 52 34 39 1 12 57 12 56 63 25 47 50 74 1 77 25 29 0 25 53 17 8 58 11 62 72 16 26 64 18 73 60 18 35 79 69 40 30 23 62 43 31 79 83 0 45 52 68
run=13 seed=12 k=84 f=0
32 24 0 4 79 8 13 81 75 0 34 76 12 82 40 54 22 76 64 18 74 40 72 46 82 57 26 50 65 17 72 31 61 1 7 60 8 55 42 83 10 59 18 83 4 55 53 0 43 69 56 32 34 38 38 67 51 71 8 20 15 70 13 29 24 34 72 40 47 36 50 64 0 0 7 24 19 66 66 30 15 0 49 64 82 22 83 75 2 46
run=14 seed=13 k=84 f=0
6 28 80 27 40 83 56 71 58 74 82 74 70 30 23 47 42 29 26 31 5 79 1 4 54 7 83 41 42 73 75 64 50 45 60 40 64 36 62 14 52 51 3 62 83 1 32 73 33 82 63 77 24 18 77 15 81 79 14 12 0 22 37 54 53 50 8 37 23 36 71 46 50 57 16 8 40 44 44 61 34 73 2 22 58 35 61 16 26 67
run=15 seed=14 k=84 f=0
45 56 27 18 14 80 59 45 3 71 77 5 70 1 56 65 42 0 23 41 4 74 39 64 19 8 76 16 35 38 24 35 83 74 61 40 37 52 5 76 59 10 29 10 8 51 75 64 72 50 11 81 33 0 38 16 43 0 18 29 25 82 34 20 22 26 17 57 27 27 67 64 16 18 59 71 43 5 54 14 50 80 54 12 63 32 83 47 45 77
run=16 seed=15 k=84 f=0
10 17 30 11 30 21 58 75 79 27 19 72 60 24 69 10 80 4 83 56 63 0 5 47 16 20 64 81 76 20 14 51 42 15 60 83 63 28 37 35 6 25 83 39 24 78 52 12 1 11 82 67 50 17 62 68 0 53 44 78 27 60 42 73 1 58 2 42 79 55 56 21 41 27 34 9 3 73 4 7 38 71 33 47 33 16 66 34 21 44
run=17 seed=16 k=84 f=0
0 80 64 58 74 47 35 56 63 48 70 53 65 45 47 48 17 10 6 32 4 28 21 50 62 83 76 16 55 12 28 65 37 67 82 11 30 20 82 8 21 42 29 56 17 71 49 71 65 73 67 73 5 55 77 13 26 58 83 40 34 2 20 0 5 80 61 79 21 33 60 21 45 83 52 0 26 3 49 79 35 13 1 41 58 23 25 41 7 37
run=18 seed=17 k=84 f=0
49 9 3 12 43 48 61 24 35 71 80 44 83 51 27 26 7 65 76 10 64 83 60 22 5 48 4 10 66 54 15 47 2 16 63 52 21 5 54 35 61 71 82 20 35 77 38 83 68 19 74 6 82 4 33 75 83 59 40 61 60 18 9 55 66 57 81 82 31 42 0 0 29 14 74 18 11 67 0 75 13 57 67 43 22 43 38 32 19 25
run=19 seed=18 k=84 f=0
7 34 67 43 64 19 24 54 0 27 21 27 74 13 28 71 51 5 5 57 64 17 47 11 0 17 19 40 50 28 73 83 55 14 44 53 14 30 2 82 81 0 64 56 40 61 14 61 77 60 5 60 0 35 47 8 14 35 31 62 10 9 80 38 37 71 38 81 9 73 23 70 44 44 83 77 82 50 71 22 25 51 39 77 42 3 69 65 70 27
run=20 seed=19 k=84 f=0
42 31 16 83 24 20 41 6 68 76 1 56 49 50 69 4 33 10 55 69 23 62 15 56 22 53 2 8 61 24 19 83 29 48 38 49 3 57 15 62 78 31 29 36 30 74 25 50 12 25 37 23 63 64 0 42 8 20 56 13 40 68 15 83 77 83 70 49 46 73 17 34 79 83 71 78 74 11 38 78 72 16 3 65 10 38 4 44 4 45
