run=1 seed=0 k=100 f=0
83 46 77 46 93 63 86 92 49 21 62 27 90 59 99 99 40 47 72 72 11 68 67 32 0 55 92 9 36 21 29 2 22 58 17 36 53 0 11 2 4 29 68 19 43 35 98 24 19 73 13 26 91 80 87 41 8 70 96 81 62 9 84 33 36 5 4 29 21 55 24 95 82 45 13 67 34 64 43 50 50 59 76 78 87 13 3 76 54 99
run=2 seed=1 k=100 f=0
83 46 77 46 93 63 86 92 49 21 62 27 90 59 99 99 40 47 72 72 11 68 67 32 0 55 92 9 36 21 29 2 22 58 17 36 53 0 11 2 4 29 68 19 43 35 98 24 19 73 13 26 91 80 87 41 8 70 96 81 62 9 84 33 36 5 4 29 21 55 24 95 82 45 13 67 34 64 43 50 50 59 76 78 87 13 3 76 54 99
run=3 seed=2 k=100 f=0
87 19 88 75 21 98 64 77 1 19 30 78 49 77 37 49 81 73 77 90 2 72 69 15 94 23 7 30 96 63 13 25 82 9 52 89 52 39 94 97 20 67 28 45 60 65 56 14 30 40 44 26 99 93 60 66 9 23 78 5 58 30 43 92 16 56 17 68 59 90 66 43 10 0 49 44 78 98 12 4 85 34 24 84 99 72 0 33 37 33
run=4 seed=3 k=100 f=0
25 0 60 2 25 14 45 76 23 64 58 54 77 39 61 31 64 95 1 95 73 42 44 58 73 44 83 99 68 49 54 16 36 22 95 61 15 2 90 68 32 48 40 87 88 47 81 52 27 80 99 23 5 37 57 97 83 85 86 96 17 48 71 71 67 63 33 18 24 23 50 2 99 95 34 11 42 71 35 16 57 66 6 10 4 6 89 40 91 13
run=5 seed=4 k=100 f=0
49 83 74 67 63 37 25 63 56 26 44 99 14 64 98 14 56 69 1 29 22 48 68 79 87 80 99 82 20 20 30 73 0 53 77 92 41 1 83 22 84 39 42 93 44 31 42 98 72 37 44 12 47 50 21 47 86 76 54 6 16 78 31 87 93 6 91 56 7 54 62 65 28 90 96 15 14 38 90 46 32 99 87 32 67 60 5 5 56 11
run=6 seed=5 k=100 f=0
97 29 10 5 76 32 25 62 73 81 31 50 45 98 10 81 20 50 10 86 14 5 79 15 0 9 83 73 71 67 46 94 84 40 99 57 40 71 92 65 39 37 13 65 35 76 37 7 1 99 59 15 33 0 88 53 85 23 69 89 42 73 16 27 48 42 88 49 45 50 78 11 87 91 61 18 78 98 99 73 63 27 94 0 54 34 70 27 58 82
run=7 seed=6 k=100 f=0
41 4 12 57 8 85 86 43 2 78 2 20 5 93 81 16 0 92 23 90 61 94 40 35 89 62 20 28 6 8 55 40 99 79 37 75 11 50 16 59 86 52 34 42 71 75 59 98 69 82 46 72 33 87 69 62 65 89 71 8 41 28 58 7 99 74 64 56 81 95 15 49 99 26 25 97 29 67 24 50 0 31 10 58 13 16 52 79 35 76
run=8 seed=7 k=100 f=0
77 99 17 71 25 43 46 97 0 53 15 15 73 38 99 34 78 46 70 36 4 66 48 4 45 33 61 92 57 33 5 12 30 84 79 47 24 66 53 57 97 98 29 80 98 47 0 70 53 23 13 1 87 0 5 12 37 66 80 0 7 84 29 55 23 87 86 65 27 91 39 33 71 83 14 61 33 19 71 51 88 46 19 75 56 12 62 43 27 94
run=9 seed=8 k=100 f=0
0 88 42 49 11 52 82 65 77 13 79 81 96 94 61 94 90 56 75 97 1 12 30 58 40 39 34 37 55 75 79 52 80 47 1 35 93 1 17 30 0 90 99 71 63 43 4 16 9 72 65 66 99 45 24 39 98 14 71 17 49 7 0 81 33 29 13 26 61 94 63 59 25 52 16 26 63 10 42 24 83 36 90 10 22 70 0 84 36 31
run=10 seed=9 k=100 f=0
15 8 67 86 30 87 41 78 42 52 60 64 58 82 37 15 10 39 46 99 48 27 31 0 7 61 64 63 49 35 95 64 83 57 11 90 78 95 23 0 17 54 48 5 94 9 20 73 99 19 55 1 52 86 15 33 77 94 71 82 44 57 98 26 4 21 98 40 20 95 81 36 0 31 72 94 62 45 31 11 36 5 12 66 88 19 33 76 65 87
run=11 seed=10 k=100 f=0
95 8 78 25 18 95 75 11 47 7 80 73 18 73 44 96 20 42 71 99 68 28 55 78 62 30 12 23 2 66 57 83 0 88 58 45 65 35 69 12 43 92 17 23 44 81 6 38 93 66 32 88 50 30 4 64 42 33 60 79 0 33 8 74 58 78 47 23 36 48 56 41 37 54 11 12 54 92 45 58 52 3 14 26 20 71 84 3 21 97
run=12 seed=11 k=100 f=0
68 93 6 45 3 50 81 13 89 23 0 16 44 44 8 69 13 84 54 69 23 4 17 21 99 40 12 98 1 73 20 41 32 35 72 75 3 5 56 60 28 48 76 57 91 38 68 25 25 99 58 97 89 19 18 40 99 77 90 50 33 32 77 27 93 69 54 6 58 82 46 86 67 52 54 11 93 3 36 66 84 30 15 62 79 85 0 94 20 71
run=13 seed=12 k=100 f=0
0 10 94 8 23 22 91 14 97 64 0 79 57 41 68 4 90 67 43 43 63 48 80 65 38 0 19 48 30 37 8 83 91 3 50 27 96 96 52 35 96 8 29 53 72 51 9 83 64 98 76 49 33 59 45 35 68 16 54 91 54 14 41 11 69 74 36 80 75 57 84 71 43 25 76 17 66 86 90 29 35 99 5 59 22 6 19 46 74 25
run=14 seed=13 k=100 f=0
11 29 90 91 64 37 5 75 29 51 26 60 62 70 51 52 74 48 8 14 97 75 7 46 93 64 57 26 43 66 11 85 80 68 77 67 19 8 94 43 79 21 81 74 71 31 29 4 50 38 18 81 1 31 31 57 92 4 35 36 21 4 73 16 41 46 95 61 59 5 55 72 10 93 98 50 25 25 79 9 41 1 90 0 69 71 88 37 26 25
run=15 seed=14 k=100 f=0
83 21 87 33 73 88 7 37 19 6 90 65 87 50 96 87 98 6 5 41 80 69 59 99 38 61 0 64 63 53 33 98 0 96 24 1 43 58 1 15 86 48 79 0 30 27 63 78 83 75 19 17 38 15 15 50 92 55 29 48 91 77 58 68 73 31 72 17 10 73 32 95 12 76 24 0 23 41 18 28 62 36 42 47 56 68 52 11 29 44
run=16 seed=15 k=100 f=0
0 50 97 86 10 27 74 92 43 28 3 92 44 2 90 90 89 7 22 53 25 80 22 1 60 54 68 81 60 36 31 99 6 47 61 18 49 35 11 23 21 14 84 41 30 58 13 72 10 98 77 82 45 70 59 5 84 34 87 44 37 3 91 17 20 62 34 81 34 97 0 68 61 98 78 94 82 12 76 21 56 43 16 70 66 72 27 50 49 65
run=17 seed=16 k=100 f=0
14 16 34 72 99 7 83 63 83 88 59 42 19 11 88 23 87 4 1 97 67 80 81 12 38 45 58 52 51 99 68 92 3 37 38 4 33 47 19 98 79 85 69 63 52 9 14 41 52 22 3 33 36 47 81 75 58 47 27 96 99 71 60 94 92 16 1 7 40 21 30 57 61 64 13 13 25 38 6 68 33 74 54 55 49 76 77 29 23 58
run=18 seed=17 k=100 f=0
65 57 39 65 79 4 45 11 57 27 1 30 27 76 82 88 99 74 37 23 76 34 62 48 77 33 8 50 99 78 19 18 36 36 11 69 95 49 78 11 41 67 66 20 10 0 50 67 76 51 90 35 63 94 84 28 56 44 85 46 4 99 97 58 60 90 25 62 99 29 93 20 85 54 42 46 79 20 13 11 27 4 47 25 51 72 13 99 1 0
run=19 seed=18 k=100 f=0
98 88 55 17 34 36 1 52 72 89 25 1 52 99 79 63 71 51 1 61 43 52 31 59 48 91 39 5 14 27 59 28 11 99 82 69 62 1 43 34 49 89 86 23 39 85 86 9 99 82 92 33 7 48 64 17 60 44 35 81 46 17 46 12 8 59 50 27 11 85 27 73 58 21 35 21 78 74 82 90 97 74 99 77 2 67 19 6 74 43
run=20 seed=19 k=100 f=0
46 86 48 0 87 15 59 30 52 24 98 80 65 64 96 25 77 99 3 88 47 56 55 49 38 0 38 82 5 86 43 14 37 91 40 32 6 78 10 89 95 81 45 60 52 53 37 32 20 39 21 51 48 31 68 86 21 29 69 73 94 63 8 53 54 41 70 13 6 70 15 97 70 15 26 53 24 58 23 24 96 62 75 4 38 1 60 9 16 11
