run=1 seed=0 k=109 f=0
66 14 8 70 64 89 9 39 33 52 31 75 78 101 48 69 12 4 100 55 76 95 30 105 10 35 52 35 3 83 41 60 98 69 92 107 57 78 0 13 62 82 19 31 91 30 101 103 51 92 91 21 67 46 96 46 15 87 41 25 59 82 24 54 60 13 65 0 23 10 46 103 0 40 25 70 3 34 103 55 35 0 76 104 66 2 81 22 89 74
run=2 seed=1 k=109 f=0
66 14 8 70 64 89 9 39 33 52 31 75 78 101 48 69 12 4 100 55 76 95 30 105 10 35 52 35 3 83 41 60 98 69 92 107 57 78 0 13 62 82 19 31 91 30 101 103 51 92 91 21 67 46 96 46 15 87 41 25 59 82 24 54 60 13 65 0 23 10 46 103 0 40 25 70 3 34 103 55 35 0 76 104 66 2 81 22 89 74
run=3 seed=2 k=109 f=0
49 27 8 79 100 40 41 46 99 26 23 33 39 67 90 94 71 47 26 42 87 37 25 93 60 30 51 13 11 21 105 77 55 7 59 64 62 54 14 82 39 67 34 78 106 7 64 57 14 3 1 73 99 44 104 90 91 25 11 82 53 8 36 17 82 69 81 17 2 70 79 91 42 72 60 33 28 32 108 48 53 19 12 67 98 106 108 60 3 93
run=4 seed=3 k=109 f=0
31 35 98 34 73 70 15 33 39 104 0 70 108 81 93 43 104 41 11 61 7 76 1 101 21 31 76 80 55 65 25 86 9 77 49 106 42 15 48 2 108 94 65 54 61 86 85 12 97 80 7 46 63 103 108 24 40 23 108 3 11 98 90 5 86 3 3 49 69 51 54 16 46 51 71 2 32 14 31 71 24 55 106 97 15 60 89 90 88 18
run=5 seed=4 k=109 f=0
74 53 77 56 48 81 100 57 14 87 33 0 92 5 66 39 71 17 73 11 98 89 18 10 97 32 108 32 67 95 54 0 38 8 100 64 25 47 88 83 42 53 66 34 59 6 7 40 48 80 78 59 59 86 98 2 10 103 75 77 22 10 94 0 26 104 49 68 108 20 40 40 100 17 91 66 24 33 84 78 30 19 62 107 43 57 11 70 38 104
run=6 seed=5 k=109 f=0
16 40 60 53 14 26 32 108 13 103 82 0 95 30 64 107 72 10 25 30 93 4 38 24 20 33 44 50 0 108 52 49 11 20 6 59 75 55 65 38 99 39 37 108 69 53 11 42 82 24 82 47 47 75 46 91 61 105 20 96 15 11 51 64 0 75 96 46 65 69 100 88 108 30 1 108 100 60 8 73 85 100 84 75 55 2 91 14 15 85
run=7 seed=6 k=109 f=0
102 9 55 25 105 14 92 6 65 54 72 77 87 73 30 37 40 4 52 89 96 83 81 72 28 70 103 93 85 45 25 61 0 97 87 108 47 33 22 7 0 13 57 26 15 108 16 56 28 48 53 32 58 43 108 87 3 20 104 72 99 4 24 89 79 0 10 60 48 82 64 38 0 65 79 66 77 95 5 61 22 75 45 43 28 40 18 13 64 102
run=8 seed=7 k=109 f=0
98 19 103 66 5 100 64 94 59 79 85 50 104 68 70 0 87 62 57 30 74 61 15 57 32 14 1 3 91 43 23 41 90 17 108 83 40 86 4 60 50 68 41 26 71 20 79 5 99 37 35 32 57 15 8 76 48 9 97 101 69 11 33 50 25 49 54 86 54 75 94 107 27 76 76 77 69 96 108 34 89 25 39 106 13 47 2 16 73 31
run=9 seed=8 k=109 f=0
52 106 59 45 77 71 2 29 8 33 68 7 83 12 66 73 108 101 16 20 49 13 17 15 84 22 95 23 76 24 30 64 107 36 67 92 16 94 51 91 1 106 3 47 105 61 43 21 51 59 58 92 86 57 16 106 44 42 77 57 0 26 79 81 79 55 16 95 89 82 28 72 68 28 9 95 90 70 7 51 37 0 34 64 31 3 43 34 108 73
run=10 seed=9 k=109 f=0
3 95 86 98 17 108 97 67 85 21 71 20 92 18 60 25 90 39 106 0 108 14 38 0 78 81 8 98 91 76 100 56 46 21 91 38 89 83 40 39 108 9 2 49 36 80 108 17 12 105 61 11 44 73 12 60 46 106 49 7 73 44 4 68 51 99 48 57 30 89 61 50 0 31 30 36 32 24 22 14 82 98 42 100 87 71 53 41 68 6
run=11 seed=10 k=109 f=0
51 46 31 63 63 69 4 106 52 93 27 79 3 71 79 77 95 76 40 6 99 33 51 12 70 26 75 10 12 85 2 91 70 62 10 23 41 53 39 32 38 108 98 88 12 89 11 79 53 11 105 43 62 71 7 30 97 106 40 2 0 60 1 44 2 12 85 21 82 32 69 17 102 59 85 24 21 97 69 55 56 1 40 17 51 20 36 48 18 105
run=12 seed=11 k=109 f=0
56 86 71 91 82 7 94 63 75 102 18 76 75 50 5 92 59 83 27 108 77 24 50 1 84 15 73 30 100 102 87 55 65 91 73 36 13 37 99 106 41 38 73 51 44 85 24 105 6 68 12 34 27 62 108 18 9 95 48 108 105 2 41 22 25 58 75 19 5 65 53 68 44 34 0 91 32 18 28 86 16 99 88 10 69 43 94 54 5 33
run=13 seed=12 k=109 f=0
0 54 5 107 98 105 43 99 46 29 105 60 5 1 46 18 77 98 48 85 27 98 10 69 53 68 43 105 21 52 31 90 83 65 29 73 35 41 7 70 88 8 0 47 77 108 39 79 100 85 78 53 0 83 31 54 71 91 50 4 38 85 2 13 19 17 86 64 65 1 22 44 9 22 108 103 69 12 73 96 35 57 39 80 41 56 47 29 71 57
run=14 seed=13 k=109 f=0
66 91 87 0 84 92 77 2 12 34 11 40 71 48 60 59 82 60 11 108 100 35 20 54 102 52 108 76 95 66 71 0 89 67 65 7 15 38 18 6 27 93 87 51 93 32 10 60 1 22 8 9 97 105 78 103 35 105 62 83 75 30 72 29 53 21 18 5 71 36 43 52 66 82 13 51 6 100 29 24 44 22 33 96 84 47 107 17 33 5
run=15 seed=14 k=109 f=0
47 16 57 83 38 68 59 42 96 62 78 30 106 70 66 61 48 96 54 59 3 42 35 15 14 80 0 1 10 49 17 74 96 74 81 55 12 25 102 55 31 66 55 89 102 24 26 37 3 62 96 78 38 22 15 107 9 74 96 69 101 1 19 33 92 83 1 34 51 105 89 99 73 83 108 30 1 39 19 78 88 106 48 0 36 6 23 63 34 7
run=16 seed=15 k=109 f=0
72 39 16 13 6 63 16 51 5 82 9 80 31 91 41 49 43 26 74 58 27 62 51 99 17 17 87 102 29 57 53 14 94 4 27 8 47 44 106 56 34 67 91 82 66 18 66 21 61 0 0 5 101 38 100 74 52 85 44 86 51 35 101 36 67 36 45 3 97 23 108 96 30 9 76 87 11 46 80 73 105 0 95 60 35 107 86 66 101 68
run=17 seed=16 k=109 f=0
107 15 12 41 22 30 25 36 80 60 70 95 75 40 12 41 30 20 9 5 23 67 68 106 49 91 27 47 84 70 66 102 86 95 30 88 53 79 102 24 18 75 67 1 59 39 42 105 61 51 94 100 11 52 47 12 62 1 59 21 80 33 26 59 52 50 16 88 32 81 5 73 103 66 73 17 89 8 48 57 0 93 65 108 86 97 42 50 3 99
run=18 seed=17 k=109 f=0
20 38 58 64 10 55 26 14 106 49 3 0 87 61 103 93 55 95 100 26 10 103 77 5 5 46 96 0 71 105 14 0 62 105 52 77 11 43 93 69 87 108 67 12 79 78 89 88 64 31 23 55 6 21 3 29 88 46 85 17 14 53 17 75 83 6 46 65 50 39 23 94 91 27 84 79 77 15 99 49 33 64 40 58 71 36 108 56 82 37
run=19 seed=18 k=109 f=0
7 48 5 24 7 1 0 24 67 60 14 27 17 78 48 66 1 53 49 28 6 97 22 1 88 81 102 99 28 37 9 36 70 73 77 78 83 95 40 41 46 0 85 80 30 53 76 92 100 34 92 68 72 16 15 32 25 93 91 9 108 19 49 103 6 18 11 72 108 51 21 67 13 107 43 101 39 86 73 30 57 84 106 60 43 61 91 11 102 66
run=20 seed=19 k=109 f=0
75 79 10 20 8 50 3 7 99 6 15 27 32 93 15 12 36 4 80 72 39 51 79 43 39 104 3 62 57 29 74 24 91 94 16 100 35 68 23 46 13 108 108 99 59 70 83 90 91 54 49 21 45 35 13 32 54 1 0 2 10 91 26 29 76 0 88 20 85 57 63 105 0 100 20 91 72 106 63 9 69 99 81 47 30 54 71 84 34 83
