run=1 seed=0 k=78 f=0
69 19 53 43 4 66 64 8 52 45 76 64 26 29 11 41 22 45 59 23 56 70 3 32 23 70 0 55 59 20 10 0 64 52 38 47 29 0 70 77 38 64 34 28 49 47 44 43 13 30 53 76 52 18 75 22 52 18 46 32 77 12 62 15 40 13 4 2 36 10 8 38 0 5 60 10 5 59 5 51 77 28 74 25 14 40 39 77 15 3
run=2 seed=1 k=78 f=0
69 19 53 43 4 66 64 8 52 45 76 64 26 29 11 41 22 45 59 23 56 70 3 32 23 70 0 55 59 20 10 0 64 52 38 47 29 0 70 77 38 64 34 28 49 47 44 43 13 30 53 76 52 18 75 22 52 18 46 32 77 12 62 15 40 13 4 2 36 10 8 38 0 5 60 10 5 59 5 51 77 28 74 25 14 40 39 77 15 3
run=3 seed=2 k=78 f=0
21 51 9 67 28 57 12 65 7 13 28 57 61 30 70 72 3 30 18 37 65 21 43 53 45 54 22 56 3 10 41 43 9 40 47 1 3 11 53 30 72 56 0 36 56 16 0 26 67 45 59 37 25 10 49 18 67 46 15 6 10 29 42 72 76 74 55 64 77 45 60 39 76 77 17 22 65 0 48 19 34 0 0 23 6 37 36 31 71 64
run=4 seed=3 k=78 f=0
57 75 5 76 60 49 18 9 76 26 21 11 42 37 12 7 77 25 33 11 45 65 4 0 0 40 19 72 23 51 47 54 52 16 5 37 21 2 27 36 58 39 44 61 73 4 39 40 70 0 67 31 31 68 73 67 48 77 31 17 57 50 25 52 62 19 77 37 0 42 8 44 47 28 64 16 28 34 59 59 22 77 4 34 71 68 19 10 67 13
run=5 seed=4 k=78 f=0
23 20 10 14 20 17 3 30 77 69 10 77 12 74 47 73 17 63 0 55 43 5 72 62 55 47 41 60 60 4 3 14 28 23 70 52 33 71 65 0 67 77 5 28 45 54 58 46 60 0 32 29 26 28 42 59 41 65 35 25 68 65 29 54 48 7 21 13 68 24 32 43 40 19 76 7 36 50 0 70 61 50 67 14 26 38 9 77 40 36
run=6 seed=5 k=78 f=0
55 10 1 37 37 20 42 57 29 20 4 37 42 65 17 64 8 59 77 62 33 73 54 11 52 22 19 5 11 68 30 41 61 74 46 19 13 43 10 24 2 69 27 33 14 48 26 38 62 77 76 22 53 8 4 66 19 77 48 25 44 5 14 15 35 8 32 71 23 47 67 67 29 33 36 29 77 27 77 74 0 55 52 51 14 0 0 58 56 47
run=7 seed=6 k=78 f=0
13 4 11 34 38 0 64 39 65 71 53 48 0 53 69 74 28 5 19 11 37 15 40 72 63 42 60 22 25 51 70 50 46 15 0 56 40 74 5 56 39 43 24 67 32 6 20 41 63 12 4 74 0 68 33 58 30 77 77 24 21 9 48 61 63 9 15 40 26 19 68 31 35 17 52 55 26 27 66 63 60 6 72 46 0 34 76 11 39 18
run=8 seed=7 k=78 f=0
32 19 68 67 49 45 44 9 76 76 39 68 28 33 19 7 52 30 63 6 58 48 36 15 0 14 7 43 75 76 65 36 55 1 33 30 48 77 33 12 21 44 64 59 26 4 36 67 24 44 58 17 35 21 39 27 12 77 15 40 77 15 56 21 20 18 0 53 26 42 8 57 0 41 70 54 4 34 76 0 72 0 37 55 66 67 60 51 67 4
run=9 seed=8 k=78 f=0
77 55 74 41 10 37 28 9 63 69 21 6 36 65 27 39 30 52 58 0 73 30 49 77 0 9 21 59 7 68 44 18 72 42 41 65 15 24 49 52 2 52 60 30 47 64 61 46 71 0 34 59 59 77 4 72 32 0 9 75 47 12 8 68 67 14 43 62 44 9 15 36 23 43 77 23 0 58 35 18 3 66 56 33 59 10 38 49 14 19
run=10 seed=9 k=78 f=0
63 34 50 63 30 52 50 69 21 48 58 59 29 1 13 12 16 2 47 67 52 4 72 18 0 63 34 35 25 54 70 61 77 22 77 18 72 61 34 4 77 0 40 26 55 52 59 35 0 25 44 13 38 68 75 0 8 22 44 65 77 42 42 32 48 12 32 77 75 8 69 30 47 41 54 55 67 71 31 48 38 24 76 13 16 59 8 0 74 44
run=11 seed=10 k=78 f=0
77 6 71 23 8 10 59 36 50 5 9 66 71 4 62 76 57 50 30 77 68 34 7 11 18 69 0 40 75 66 15 12 31 43 38 52 25 58 22 51 41 19 16 33 57 37 39 41 31 12 50 38 0 62 75 65 52 6 28 0 77 39 34 5 70 26 26 49 57 33 63 13 44 18 37 72 18 56 49 3 45 2 72 30 40 44 21 76 49 27
run=12 seed=11 k=78 f=0
9 55 44 39 32 0 0 77 65 39 40 61 73 7 23 23 53 6 7 52 30 4 1 0 65 17 21 31 17 77 40 68 14 30 76 73 77 15 7 43 59 45 71 66 77 4 18 26 28 45 30 73 68 16 39 45 0 52 20 44 36 34 18 60 59 54 51 3 11 67 23 17 10 65 77 26 77 47 63 59 38 57 36 50 76 36 0 10 10 33
run=13 seed=12 k=78 f=0
17 3 20 12 24 0 41 56 61 54 45 32 49 2 3 74 46 53 56 0 11 65 72 0 35 29 29 29 54 76 77 31 23 64 34 49 46 43 28 59 69 61 34 77 48 73 11 21 18 68 48 32 9 5 7 13 77 37 71 60 58 19 31 16 18 71 17 10 53 21 23 0 77 12 0 47 39 55 36 33 40 18 51 73 25 66 38 41 63 61
run=14 seed=13 k=78 f=0
0 52 15 38 18 33 74 60 11 65 54 17 4 72 70 23 44 69 7 66 34 70 43 21 59 7 46 54 6 55 63 14 31 24 0 42 7 77 47 77 31 28 2 57 40 24 37 64 67 76 12 53 56 75 39 18 38 49 43 77 26 32 55 51 70 49 27 13 2 3 62 38 0 61 18 58 72 67 19 42 63 50 25 12 77 13 35 76 62 29
run=15 seed=14 k=78 f=0
1 24 23 44 66 39 68 57 3 16 8 8 32 60 58 72 47 34 8 23 1 47 71 55 44 20 28 77 10 9 3 61 6 77 74 15 26 16 67 38 37 13 26 67 36 46 63 31 58 67 19 1 29 50 4 49 39 72 68 53 39 3 58 60 35 22 40 27 77 63 53 65 76 13 11 4 10 77 41 67 20 29 76 44 55 21 0 0 21 73
run=16 seed=15 k=78 f=0
25 17 67 2 69 76 70 45 7 1 39 3 20 63 71 26 29 51 36 22 33 63 15 64 45 0 72 64 4 55 47 43 0 61 47 73 16 16 54 33 17 59 71 6 16 61 22 64 22 66 37 25 12 7 33 0 21 42 2 8 37 58 30 42 9 51 36 77 12 45 6 51 47 77 77 30 27 11 48 33 52 77 40 25 69 50 57 26 45 19
run=17 seed=16 k=78 f=0
27 7 57 22 24 69 36 11 39 69 1 62 52 41 71 51 21 28 34 10 76 37 45 40 77 77 58 57 24 49 4 15 1 74 74 23 12 43 30 46 14 29 52 34 66 22 7 16 30 13 34 56 53 8 4 24 48 37 44 29 44 42 60 66 62 50 67 57 67 76 59 3 70 77 37 38 77 6 53 31 0 59 7 18 21 61 0 67 14 47
run=18 seed=17 k=78 f=0
0 25 6 8 49 54 72 37 23 55 18 9 38 17 48 68 27 61 10 27 12 1 3 28 15 37 68 62 59 18 43 55 21 2 25 34 42 70 76 32 33 5 14 38 40 15 66 0 48 68 77 2 0 76 23 8 65 77 72 50 77 60 61 50 46 31 14 27 40 42 43 23 57 59 8 15 17 52 49 72 20 32 43 31 63 8 18 0 49 74
run=19 seed=18 k=78 f=0
57 52 26 59 40 22 2 52 67 68 7 75 53 8 43 22 28 43 30 50 0 70 25 8 5 68 16 16 45 77 61 12 73 15 16 30 28 70 42 4 54 76 0 49 75 13 8 41 57 12 1 59 48 4 33 59 67 64 64 38 3 59 10 55 77 2 74 49 37 40 62 44 21 37 77 24 14 68 29 0 46 56 31 25 18 21 37 28 28 18
run=20 seed=19 k=78 f=0
9 15 52 56 49 28 23 62 17 60 48 21 70 20 37 31 71 2 2 65 0 69 29 43 39 46 34 19 55 75 63 44 4 12 40 49 46 69 19 76 7 53 50 21 12 60 7 76 0 9 49 77 55 71 41 5 9 26 75 76 38 55 68 60 0 56 64 67 36 14 77 33 64 13 18 30 64 22 7 30 62 19 45 32 26 53 27 0 34 35
