run=1 seed=0 k=87 f=0
65 31 3 25 46 61 23 24 32 28 17 74 71 69 86 52 28 55 28 73 66 7 58 78 68 19 10 1 16 66 60 86 12 14 62 22 52 5 37 43 44 23 78 42 77 4 61 20 36 10 86 40 68 71 32 48 80 29 47 42 60 16 75 86 53 11 85 58 38 35 41 85 82 60 0 54 69 0 30 44 0 14 84 69 58 21 49 53 50 74
run=2 seed=1 k=87 f=0
65 31 3 25 46 61 23 24 32 28 17 74 71 69 86 52 28 55 28 73 66 7 58 78 68 19 10 1 16 66 60 86 12 14 62 22 52 5 37 43 44 23 78 42 77 4 61 20 36 10 86 40 68 71 32 48 80 29 47 42 60 16 75 86 53 11 85 58 38 35 41 85 82 60 0 54 69 0 30 44 0 14 84 69 58 21 49 53 50 74
run=3 seed=2 k=87 f=0
42 57 62 72 17 68 80 33 82 84 3 11 24 77 51 26 30 71 81 44 19 77 68 44 74 60 33 17 59 6 66 6 9 79 35 69 67 18 49 58 51 13 0 5 0 37 1 56 19 4 17 49 76 73 55 11 47 0 83 53 85 64 3 45 86 27 10 44 52 25 24 28 49 80 13 1 35 65 70 36 40 62 47 64 35 72 38 86 26 82
run=4 seed=3 k=87 f=0
30 6 51 54 30 0 77 7 69 85 1 60 69 82 0 35 57 39 73 56 85 64 52 63 43 68 2 14 10 12 18 20 81 23 14 53 4 58 31 49 49 68 82 70 58 75 66 28 35 86 40 46 10 41 48 18 81 40 13 81 21 0 40 15 65 53 30 11 76 77 30 68 44 20 0 25 45 86 35 6 49 4 9 72 44 56 77 32 57 26
run=5 seed=4 k=87 f=0
82 50 22 32 51 10 9 55 1 51 43 23 10 58 37 0 20 62 42 13 27 66 51 57 75 1 72 61 69 82 30 35 46 46 64 6 66 76 17 4 11 55 5 0 83 16 70 38 60 69 51 17 86 78 85 30 29 30 86 15 78 58 15 35 66 48 84 26 73 6 14 40 31 77 53 46 64 41 62 68 10 20 80 24 4 86 42 23 40 9
run=6 seed=5 k=87 f=0
8 23 80 11 81 49 14 84 80 64 30 42 23 3 79 10 57 85 19 50 2 56 6 42 84 39 50 28 35 59 75 69 49 6 40 74 56 15 44 86 17 77 54 60 61 74 3 4 82 17 68 84 69 53 34 66 7 37 86 34 32 51 16 24 22 38 73 70 15 24 63 0 7 65 0 24 28 4 61 70 45 33 73 78 39 12 48 81 54 10
run=7 seed=6 k=87 f=0
57 67 58 62 12 39 31 27 82 82 20 50 53 22 31 2 63 21 72 81 33 24 10 75 65 0 54 48 50 42 80 16 41 14 36 58 70 61 86 23 69 54 5 47 54 81 1 31 17 38 30 59 26 27 81 0 79 0 71 76 86 40 48 31 50 22 82 19 43 13 46 32 7 12 54 5 11 21 0 83 86 64 55 72 10 65 77 5 12 10
run=8 seed=7 k=87 f=0
42 74 14 10 2 28 77 1 84 61 19 0 64 75 76 84 31 0 68 81 37 64 51 38 73 86 0 6 52 69 22 8 0 83 83 54 51 44 11 21 43 55 64 58 56 71 69 64 38 68 58 29 59 42 19 76 24 12 28 48 46 30 12 52 53 49 42 13 47 83 7 78 24 31 77 64 36 52 2 17 17 76 3 34 70 85 15 25 58 41
run=9 seed=8 k=87 f=0
36 46 18 84 0 82 7 29 54 81 53 77 29 3 70 38 61 27 84 32 15 73 37 40 10 86 56 9 21 18 80 59 60 48 35 26 86 36 0 1 66 66 64 58 27 23 4 68 9 0 34 42 33 52 73 11 74 46 42 53 54 19 22 14 19 44 70 1 0 48 80 67 18 14 41 12 25 74 77 52 7 23 0 6 86 81 69 5 32 51
run=10 seed=9 k=87 f=0
34 18 16 4 53 26 63 35 51 24 55 9 4 1 86 41 12 48 24 37 48 3 58 67 6 57 75 44 86 14 40 76 27 6 70 85 82 55 61 71 31 19 15 40 65 50 30 59 27 35 60 49 79 85 75 1 5 60 27 57 71 29 36 86 46 12 40 84 67 26 63 1 44 38 21 45 82 46 7 57 12 59 68 29 82 18 0 84 78 67
run=11 seed=10 k=87 f=0
64 82 37 14 33 83 64 37 76 26 16 40 57 34 0 37 79 0 86 64 51 12 23 74 67 56 40 40 45 60 66 59 31 49 25 1 53 70 4 11 21 71 11 53 27 69 61 46 63 71 80 24 6 9 20 30 44 86 86 47 25 18 35 86 78 65 5 6 4 29 33 78 48 45 41 54 17 51 26 82 78 19 6 62 35 18 15 3 79 29
run=12 seed=11 k=87 f=0
58 17 69 44 85 57 65 71 37 43 47 66 65 17 80 48 75 14 40 62 75 27 55 0 4 61 61 71 57 70 41 1 22 22 33 6 0 64 4 31 5 52 78 8 72 86 12 3 12 45 79 28 21 9 31 48 23 40 20 36 54 80 74 86 85 25 45 55 84 86 69 18 82 54 1 78 41 15 38 50 59 68 13 40 11 7 35 28 79 51
run=13 seed=12 k=87 f=0
8 27 43 46 32 69 59 5 82 60 9 33 4 40 45 62 50 0 55 0 69 15 36 71 18 70 20 83 64 8 5 48 15 54 64 53 73 45 64 64 76 41 74 85 9 86 50 19 59 21 54 29 12 73 25 32 24 38 21 39 77 79 58 63 38 52 18 68 32 63 85 46 4 51 32 15 11 82 57 57 83 5 40 13 78 28 41 34 8 80
run=14 seed=13 k=87 f=0
48 26 7 46 37 73 65 67 5 62 0 86 30 18 14 68 45 24 47 27 83 38 22 11 51 61 57 80 77 70 38 3 53 57 27 47 4 15 31 24 3 42 48 66 20 37 49 51 54 9 28 44 30 14 4 82 85 75 10 33 0 78 28 35 22 34 15 10 19 37 67 15 75 66 85 61 42 86 50 3 55 76 20 79 65 44 18 21 53 72
run=15 seed=14 k=87 f=0
16 82 15 72 11 77 71 53 21 79 1 76 12 45 80 55 73 81 0 47 8 72 24 0 86 52 64 67 85 38 3 16 34 20 71 49 0 70 63 60 78 59 11 26 66 51 3 35 38 16 20 39 86 49 47 86 38 25 78 4 25 36 70 0 28 8 10 24 24 51 58 44 66 72 32 4 61 86 66 22 31 85 45 39 36 43 7 29 24 63
run=16 seed=15 k=87 f=0
54 48 67 0 4 3 70 67 16 37 7 36 14 2 60 39 9 50 56 25 83 74 81 57 60 60 28 30 51 18 77 30 37 57 27 5 64 11 80 23 37 0 24 43 81 85 82 82 53 42 69 13 72 48 76 30 68 3 53 0 16 21 42 34 38 61 5 51 64 46 66 11 28 75 0 40 20 8 35 69 10 19 70 86 44 49 81 81 45 19
run=17 seed=16 k=87 f=0
18 54 59 0 9 3 2 14 41 6 2 48 82 63 73 14 74 67 48 81 28 73 27 32 78 6 67 55 29 16 15 41 47 60 26 65 35 34 70 66 78 34 25 86 30 2 31 81 59 32 42 10 23 77 44 54 0 11 10 22 41 0 62 17 86 72 85 65 19 84 0 86 13 26 51 67 47 7 51 22 58 86 24 78 63 59 83 53 73 38
run=18 seed=17 k=87 f=0
17 85 26 0 82 56 28 48 37 82 55 9 74 58 0 68 72 34 60 44 9 18 21 86 14 12 47 7 82 69 4 0 50 15 10 76 71 66 39 33 33 86 78 44 77 43 62 84 28 0 12 47 81 28 6 73 71 83 74 24 39 54 22 86 1 29 13 42 63 55 47 1 55 62 21 19 19 39 35 6 39 49 5 27 24 26 64 20 1 52
run=19 seed=18 k=87 f=0
5 69 68 19 7 1 36 64 50 60 71 83 29 62 73 61 86 20 54 19 42 10 8 61 21 57 73 40 81 52 35 24 19 31 27 19 24 71 46 66 24 65 12 85 72 43 56 76 5 77 8 15 14 17 52 38 46 55 86 46 38 1 67 43 23 21 65 11 3 85 0 74 47 79 66 74 29 36 29 46 80 35 9 83 54 10 26 1 46 8
run=20 seed=19 k=87 f=0
1 2 13 52 19 0 64 31 14 70 0 27 52 7 15 29 0 59 61 36 85 18 59 72 23 31 21 32 83 2 54 74 77 52 2 35 8 74 8 60 78 46 15 48 50 85 61 34 64 82 30 14 17 81 86 42 68 69 25 13 54 81 66 38 21 79 73 3 54 86 24 43 73 35 9 31 25 11 14 43 39 8 57 66 63 26 45 63 49 69
