run=1 seed=0 k=106 f=0
7 2 5 2 85 47 60 24 59 29 42 101 70 67 44 14 34 12 21 23 69 105 95 83 52 94 54 101 21 30 82 48 17 81 104 87 83 72 13 36 38 79 63 55 72 25 102 22 69 78 97 52 7 94 30 92 42 58 55 25 59 37 69 1 0 9 8 83 31 45 47 93 17 3 104 17 65 12 101 24 61 6 76 38 92 92 26 65 90 43
run=2 seed=1 k=106 f=0
7 2 5 2 85 47 60 24 59 29 42 101 70 67 44 14 34 12 21 23 69 105 95 83 52 94 54 101 21 30 82 48 17 81 104 87 83 72 13 36 38 79 63 55 72 25 102 22 69 78 97 52 7 94 30 92 42 58 55 25 59 37 69 1 0 9 8 83 31 45 47 93 17 3 104 17 65 12 101 24 61 6 76 38 92 92 26 65 90 43
run=3 seed=2 k=106 f=0
34 65 44 45 103 1 34 89 31 99 94 59 63 13 87 85 2 36 39 28 45 99 39 26 18 56 18 68 42 57 23 76 16 74 65 0 22 47 37 53 81 2 22 8 62 1 94 72 70 88 100 19 101 94 104 62 47 97 56 93 49 28 91 95 13 82 55 50 36 66 29 9 40 76 15 81 38 37 103 80 11 23 15 6 70 46 79 7 69 64
run=4 seed=3 k=106 f=0
104 91 97 87 45 86 24 74 25 48 26 81 9 83 54 57 0 40 15 65 35 76 22 57 1 29 7 3 45 42 20 100 44 81 34 63 65 58 90 16 32 8 12 27 94 24 11 43 36 8 63 103 87 80 105 4 54 97 16 68 55 37 63 93 47 97 77 21 0 72 22 8 103 73 75 91 72 17 43 34 23 70 32 68 52 88 46 101 7 65
run=5 seed=4 k=106 f=0
22 31 4 49 71 70 95 39 48 41 6 18 36 30 58 2 15 0 88 21 103 44 40 67 47 100 20 100 86 95 70 52 73 46 55 93 30 62 102 10 37 66 28 81 96 53 40 0 46 7 59 43 27 42 11 90 20 91 94 78 64 56 33 88 77 25 23 33 80 28 21 71 84 104 77 3 103 12 40 44 11 33 13 96 59 82 38 1 68 59
run=6 seed=5 k=106 f=0
17 47 80 18 68 74 16 51 18 83 72 9 60 88 70 14 42 98 6 12 22 105 77 89 89 14 73 49 26 55 67 76 28 105 94 97 56 33 42 3 11 43 61 39 98 84 34 83 62 90 101 43 105 59 20 96 105 95 64 52 71 67 70 49 81 28 96 31 52 64 27 43 35 21 1 26 2 0 101 99 33 85 11 10 2 41 81 33 84 57
run=7 seed=6 k=106 f=0
95 48 30 82 104 18 38 35 98 45 31 103 57 65 46 42 42 50 13 101 67 76 70 42 35 33 0 6 91 93 10 6 89 59 71 27 41 82 50 64 19 82 24 2 52 51 95 10 95 0 104 54 66 59 96 71 0 22 39 18 9 0 24 105 0 53 102 91 53 73 89 72 81 34 74 45 43 63 91 30 98 25 84 14 19 74 56 11 23 17
run=8 seed=7 k=106 f=0
15 36 79 43 66 80 22 47 68 77 43 103 9 58 31 52 100 21 82 83 66 6 78 2 21 77 51 52 1 28 46 16 102 28 92 81 90 40 21 73 105 105 0 52 60 47 58 0 0 68 90 83 40 43 11 97 2 62 26 97 16 0 32 61 63 25 68 9 97 15 46 35 26 83 87 11 88 72 58 89 32 73 10 103 0 21 54 98 9 4
run=9 seed=8 k=106 f=0
28 48 101 104 97 35 42 89 103 65 15 40 41 0 103 103 90 26 41 45 23 73 51 76 92 55 12 78 89 45 33 12 20 66 29 4 95 75 59 2 58 0 45 59 61 63 9 78 21 103 21 27 9 75 94 51 49 86 67 83 62 26 1 3 28 13 79 74 80 32 84 50 32 33 39 20 69 3 98 64 89 57 88 19 36 56 76 92 68 15
run=10 seed=9 k=106 f=0
95 102 5 49 39 23 79 46 3 64 34 21 88 73 41 71 7 86 86 25 14 38 105 38 79 105 66 15 3 83 42 0 25 79 51 86 102 97 58 60 55 7 0 69 53 32 50 13 0 63 31 14 91 19 41 53 105 80 47 91 45 29 34 50 70 85 62 17 66 15 72 70 54 11 26 60 38 3 74 57 98 31 103 19 93 71 35 100 45 16
run=11 seed=10 k=106 f=0
93 5 105 29 68 74 46 3 35 61 57 47 48 37 0 99 50 2 47 14 90 28 83 54 84 11 62 14 92 40 22 79 66 86 34 16 39 25 47 74 103 104 15 32 38 19 82 10 0 73 48 6 27 57 43 52 2 105 68 56 62 23 48 57 32 96 100 71 43 73 102 9 83 86 35 85 0 12 97 101 11 20 60 67 0 29 92 93 29 80
run=12 seed=11 k=106 f=0
95 32 75 7 87 83 45 49 33 41 74 42 49 48 37 20 79 36 75 36 9 98 17 55 100 104 84 4 25 46 0 59 61 1 2 75 52 25 18 12 61 93 100 8 35 79 24 41 97 26 15 34 70 29 56 105 103 29 84 6 61 88 69 17 89 63 18 68 0 36 85 105 13 0 49 21 95 25 26 88 50 41 13 69 105 101 4 74 98 64
run=13 seed=12 k=106 f=0
23 92 50 65 58 79 55 70 4 32 104 75 75 28 32 83 35 54 49 83 14 36 98 14 39 89 73 64 88 104 67 1 45 31 76 28 36 41 98 13 82 98 85 7 22 69 105 90 56 47 55 102 11 34 105 59 12 102 23 100 82 62 99 69 19 16 14 53 53 42 62 91 1 2 24 89 101 24 74 54 105 66 51 10 44 85 101 95 76 77
run=14 seed=13 k=106 f=0
37 74 89 61 95 18 22 103 37 19 20 83 74 92 7 99 5 50 64 102 85 36 83 34 91 20 17 102 13 3 53 26 42 69 23 49 1 0 34 15 72 47 58 101 40 65 3 84 38 90 102 47 99 80 86 92 38 24 71 57 27 70 73 40 13 28 55 25 0 87 105 96 12 89 77 59 49 95 92 13 8 17 60 95 54 52 64 79 32 32
run=15 seed=14 k=106 f=0
87 32 19 88 70 50 65 22 28 70 35 96 49 72 70 0 80 0 99 5 95 17 19 96 46 46 40 0 81 63 29 74 37 58 22 51 29 105 73 9 8 105 83 71 90 55 79 5 15 72 102 35 62 81 10 96 54 19 62 62 105 22 64 31 1 87 56 31 86 49 40 77 5 105 21 33 39 30 21 22 42 10 58 67 49 83 88 73 103 55
run=16 seed=15 k=106 f=0
93 66 83 60 62 63 78 42 71 66 61 97 10 30 25 45 81 33 96 5 33 102 79 93 52 61 72 51 2 31 88 0 100 104 32 22 32 5 79 17 103 52 56 39 27 3 14 9 9 1 47 43 28 78 92 99 8 42 96 91 74 11 92 69 13 50 54 74 87 5 41 84 89 65 17 105 1 21 42 48 70 23 86 26 76 56 52 84 25 101
run=17 seed=16 k=106 f=0
102 53 73 105 71 91 71 65 71 62 25 9 0 47 77 66 13 40 42 13 45 83 65 15 54 101 28 52 97 44 6 20 9 1 24 105 27 33 53 41 84 79 71 61 12 18 21 25 1 86 66 31 57 57 81 100 105 69 71 76 23 35 96 49 9 46 39 0 1 7 94 85 77 92 65 49 37 56 61 23 96 33 0 17 90 32 34 74 91 27
run=18 seed=17 k=106 f=0
59 77 87 19 29 105 81 79 85 69 60 0 97 24 88 86 48 7 18 17 0 27 61 43 33 61 95 40 45 104 0 100 12 0 84 64 21 59 10 33 9 47 97 48 41 79 4 97 85 103 36 91 94 4 84 40 75 48 80 94 41 73 21 22 90 31 59 22 91 71 54 101 12 64 74 64 18 3 105 29 59 36 2 67 71 72 30 56 15 38
run=19 seed=18 k=106 f=0
28 30 9 35 14 84 55 62 51 54 1 3 32 94 81 93 11 32 31 77 70 83 87 0 66 102 104 101 80 9 3 61 55 105 42 99 74 24 91 9 59 87 4 51 79 63 82 33 24 40 22 34 49 1 95 9 73 90 37 26 76 47 92 71 49 101 24 17 53 71 19 38 67 19 58 99 16 48 26 96 104 20 1 81 10 41 90 83 0 84
run=20 seed=19 k=106 f=0
11 3 20 3 5 51 4 5 58 36 55 63 16 68 91 97 101 27 64 96 40 58 39 84 0 0 64 48 10 12 40 49 61 77 23 17 98 92 85 83 23 1 35 2 74 53 13 100 29 9 91 85 84 56 63 21 36 25 21 26 70 82 7 16 42 31 56 17 30 100 46 72 38 1 55 77 42 33 9 104 13 88 83 104 70 73 93 45 24 73
