run=1 seed=0 k=77 f=0
7 4 70 18 67 34 66 40 76 62 13 12 56 50 13 72 59 31 41 42 56 22 21 41 37 9 10 69 2 1 76 10 46 6 75 63 27 23 30 39 24 18 56 41 16 62 48 49 33 41 61 12 68 2 74 12 58 0 76 0 76 58 4 48 49 65 54 48 67 52 15 74 52 19 0 37 1 32 27 7 32 48 19 66 0 76 25 70 28 19
run=2 seed=1 k=77 f=0
7 4 70 18 67 34 66 40 76 62 13 12 56 50 13 72 59 31 41 42 56 22 21 41 37 9 10 69 2 1 76 10 46 6 75 63 27 23 30 39 24 18 56 41 16 62 48 49 33 41 61 12 68 2 74 12 58 0 76 0 76 58 4 48 49 65 54 48 67 52 15 74 52 19 0 37 1 32 27 7 32 48 19 66 0 76 25 70 28 19
run=3 seed=2 k=77 f=0
7 73 46 35 62 11 6 26 66 48 69 1 41 43 25 27 58 28 35 11 37 15 58 71 20 76 27 69 63 44 21 6 63 62 0 56 58 35 6 18 53 76 53 4 50 34 36 30 41 49 1 74 14 13 71 47 54 74 22 10 33 42 43 19 15 20 52 58 61 63 8 26 23 48 0 30 59 19 0 54 68 45 76 43 52 0 66 10 26 38
run=4 seed=3 k=77 f=0
11 5 55 26 66 58 57 41 70 33 73 56 42 37 59 17 67 7 2 21 49 28 20 36 8 31 73 26 28 0 60 76 69 17 50 69 64 75 66 50 53 43 35 69 61 32 22 28 46 14 44 49 1 23 26 48 14 3 1 41 38 51 1 43 54 9 34 23 64 17 60 75 23 23 52 71 38 64 32 53 36 56 19 0 11 15 76 9 2 20
run=5 seed=4 k=77 f=0
17 59 76 33 39 22 45 34 48 72 40 7 70 14 55 2 24 50 56 29 18 36 34 16 62 75 24 42 29 3 46 44 0 3 74 72 26 43 52 76 39 51 69 31 71 35 7 76 15 65 67 20 55 14 59 12 5 63 9 12 45 22 37 17 75 0 68 46 76 75 10 50 31 44 38 34 66 50 58 39 26 65 57 27 0 9 0 59 58 6
run=6 seed=5 k=77 f=0
70 52 63 47 55 16 34 56 8 16 43 13 56 20 17 11 9 39 69 5 76 40 70 8 76 55 0 8 3 59 70 32 47 32 76 5 22 23 66 62 52 60 1 8 19 41 42 70 66 75 40 59 0 24 50 37 41 3 68 65 26 28 41 68 76 61 70 56 16 76 61 49 35 32 18 10 53 20 53 39 48 0 0 12 26 74 45 68 47 29
run=7 seed=6 k=77 f=0
68 10 13 26 60 41 36 24 0 10 16 75 72 29 21 51 41 8 26 70 28 19 15 18 17 67 71 56 7 56 19 76 44 62 72 43 38 71 7 0 0 34 47 2 35 52 40 66 5 51 39 74 14 45 17 32 0 11 5 61 60 70 15 30 55 9 19 1 59 9 0 22 34 27 76 21 24 33 51 5 66 13 51 38 41 60 23 47 1 57
run=8 seed=7 k=77 f=0
34 42 4 24 49 25 72 7 34 56 37 58 71 10 56 33 45 12 23 6 69 1 26 53 27 55 5 76 39 76 26 12 9 73 63 51 22 57 63 42 34 29 48 32 65 50 28 65 67 76 59 49 17 4 39 0 74 63 61 18 7 75 15 22 16 46 0 6 48 67 62 12 26 0 0 18 17 17 76 36 55 40 8 30 22 28 35 43 62 70
run=9 seed=8 k=77 f=0
24 61 65 75 43 76 51 55 68 12 43 30 20 60 1 34 44 15 7 53 2 12 46 12 63 34 1 34 36 23 75 48 64 48 51 42 71 63 12 55 30 38 30 53 54 46 44 59 17 0 48 7 66 27 5 42 0 8 75 74 76 22 23 71 72 9 26 45 19 66 22 0 51 36 58 11 20 42 64 50 69 58 29 39 30 76 9 57 67 26
run=10 seed=9 k=77 f=0
64 56 29 66 36 0 12 7 28 11 30 9 76 39 5 64 0 47 46 8 0 34 42 51 5 12 30 19 3 10 68 76 25 66 16 47 0 54 44 45 61 41 27 9 18 70 38 37 76 40 21 29 52 54 36 19 70 57 59 39 68 27 71 74 76 60 70 55 18 76 6 33 20 16 60 3 69 42 68 61 11 26 49 16 49 35 31 0 44 23
run=11 seed=10 k=77 f=0
66 9 0 58 69 24 67 7 12 54 2 22 45 63 15 41 25 36 54 44 27 49 41 0 12 72 30 75 26 10 6 16 54 29 19 76 41 43 16 31 42 76 76 16 22 60 45 0 51 1 74 53 13 31 67 34 8 7 56 68 64 59 57 8 61 74 15 30 36 22 19 0 32 71 57 49 61 65 11 35 1 63 50 51 69 24 42 50 33 48
run=12 seed=11 k=77 f=0
0 18 75 9 1 76 15 49 43 9 55 51 52 4 29 74 66 0 30 5 49 0 39 67 55 38 29 75 71 0 59 58 61 7 61 68 25 33 0 36 51 25 71 42 64 72 33 1 2 10 39 38 22 16 61 14 51 45 66 34 59 44 8 17 40 54 49 17 33 19 44 63 31 9 52 72 65 76 14 40 8 41 36 25 76 18 76 58 24 28
run=13 seed=12 k=77 f=0
64 63 13 48 71 46 44 76 66 28 52 44 60 64 71 16 7 61 0 33 72 7 31 5 73 41 68 44 32 57 48 57 10 11 39 37 57 53 26 17 12 66 37 67 65 1 74 6 25 15 41 4 67 9 2 19 19 36 13 24 0 51 75 22 62 58 58 35 23 76 47 8 76 49 31 76 26 18 0 39 30 48 35 69 42 25 55 31 26 73
run=14 seed=13 k=77 f=0
39 4 76 23 71 48 49 66 17 54 70 47 21 14 65 25 38 31 56 21 14 52 15 10 31 50 0 7 44 42 73 67 55 20 63 34 73 39 76 27 30 75 10 15 9 13 27 75 57 76 66 63 8 19 71 59 49 2 58 76 26 41 2 62 29 31 33 66 30 52 44 62 66 35 0 11 23 60 6 30 0 39 8 54 46 46 17 74 19 23
run=15 seed=14 k=77 f=0
76 63 30 67 41 45 14 51 76 33 30 70 15 19 59 29 67 49 17 50 37 12 25 76 73 27 11 20 7 43 53 45 0 73 73 23 29 6 66 52 0 25 32 12 4 8 40 26 47 76 26 49 18 53 22 58 10 39 60 40 55 58 6 60 39 36 24 22 76 19 42 15 34 22 0 34 72 34 6 26 68 0 0 14 18 68 9 54 68 37
run=16 seed=15 k=77 f=0
15 58 51 39 7 39 16 26 2 58 35 42 11 6 26 31 56 6 63 44 70 8 33 75 68 39 47 0 41 8 76 49 42 44 46 16 72 76 0 33 69 76 53 0 76 21 10 24 63 48 17 67 11 19 62 16 28 50 14 54 76 23 63 21 68 70 2 13 24 63 33 7 25 2 69 56 57 55 4 20 0 39 9 13 62 66 0 29 35 29
run=17 seed=16 k=77 f=0
60 22 6 0 8 50 9 74 24 51 0 29 28 15 66 38 8 46 71 24 73 3 14 50 0 26 76 76 1 33 57 49 37 39 53 12 21 23 46 44 45 66 56 72 58 73 56 5 60 0 67 24 17 0 13 31 35 53 42 18 41 76 43 64 65 62 68 66 57 12 32 8 69 0 76 76 41 61 33 72 27 17 17 5 10 10 52 20 34 36
run=18 seed=17 k=77 f=0
72 6 75 0 1 18 75 41 50 64 64 56 76 71 60 41 30 69 48 73 50 67 44 15 33 9 53 27 29 34 39 59 20 60 56 28 3 7 13 42 5 8 24 50 11 66 31 39 22 0 62 55 75 23 34 67 67 51 18 0 38 20 10 43 51 2 39 74 0 43 15 12 47 30 54 43 58 70 27 47 76 33 29 76 39 8 63 24 12 19
run=19 seed=18 k=77 f=0
71 41 3 26 6 58 18 16 51 52 75 75 64 11 30 51 56 11 44 25 65 29 68 58 23 44 4 43 31 13 69 20 76 3 52 58 1 71 54 57 76 13 39 50 12 49 42 67 8 0 51 39 25 61 30 44 31 18 57 37 16 68 39 63 64 11 59 3 36 44 50 31 67 40 76 71 27 70 48 1 76 0 1 22 6 9 34 34 7 19
run=20 seed=19 k=77 f=0
39 56 63 56 39 24 41 38 32 47 44 3 50 0 20 12 68 27 66 54 75 47 12 23 76 6 4 6 32 39 41 1 75 65 15 65 53 74 5 27 62 8 11 6 55 9 11 70 33 50 48 51 22 31 46 0 73 64 27 33 41 42 54 36 29 61 23 6 36 76 0 71 13 43 59 49 41 68 15 1 21 59 15 20 67 35 76 14 60 16
