run=1 seed=0 k=101 f=0
32 82 54 60 52 61 8 30 72 16 21 39 65 19 55 48 1 58 89 34 10 0 20 51 3 66 30 2 36 10 51 18 43 71 97 63 48 0 57 78 69 57 24 29 78 93 87 24 55 76 88 89 12 6 49 37 38 15 44 24 46 95 43 88 93 5 72 58 77 41 95 8 20 0 38 24 14 100 89 33 31 66 80 13 98 86 29 76 23 99
run=2 seed=1 k=101 f=0
32 82 54 60 52 61 8 30 72 16 21 39 65 19 55 48 1 58 89 34 10 0 20 51 3 66 30 2 36 10 51 18 43 71 97 63 48 0 57 78 69 57 24 29 78 93 87 24 55 76 88 89 12 6 49 37 38 15 44 24 46 95 43 88 93 5 72 58 77 41 95 8 20 0 38 24 14 100 89 33 31 66 80 13 98 86 29 76 23 99
run=3 seed=2 k=101 f=0
81 7 0 21 89 52 19 100 70 40 23 54 30 40 1 58 23 34 20 41 99 79 68 71 28 2 9 97 67 80 99 47 54 74 7 25 92 21 29 61 28 30 61 70 95 48 16 5 32 65 88 47 75 81 94 14 55 38 11 74 16 85 87 10 4 35 4 15 70 45 88 4 96 22 55 96 80 97 60 17 37 0 63 49 91 85 40 62 81 46
run=4 seed=3 k=101 f=0
61 93 67 27 3 83 56 1 76 46 64 55 70 59 98 63 8 60 54 90 81 3 10 92 29 49 10 3 71 0 38 31 20 71 24 11 35 29 97 78 97 59 42 1 18 6 15 25 83 99 84 42 32 77 12 65 86 88 38 86 65 50 54 86 78 8 22 69 22 18 19 15 40 28 77 68 34 49 52 62 44 99 93 53 73 40 0 75 0 24
run=5 seed=4 k=101 f=0
78 82 59 48 48 10 85 49 98 26 11 39 70 80 21 52 85 53 62 20 59 97 83 59 66 0 68 41 2 39 47 43 89 20 78 6 56 60 31 10 54 86 97 81 33 95 42 26 62 14 21 65 100 95 69 42 5 32 77 75 72 18 87 7 4 73 13 9 0 98 44 47 92 1 36 35 65 78 51 27 24 15 50 88 68 48 25 8 35 75
run=6 seed=5 k=101 f=0
87 58 36 48 86 9 56 63 21 22 49 77 47 62 2 81 41 55 17 95 43 89 71 30 42 19 71 78 12 13 97 100 92 34 35 36 97 16 72 26 2 0 47 93 56 9 7 0 30 93 37 73 50 8 2 42 94 39 61 69 70 10 70 65 83 58 42 96 14 80 25 60 1 66 82 22 75 57 31 76 27 52 28 100 77 19 10 100 85 74
run=7 seed=6 k=101 f=0
73 82 41 98 96 8 41 80 68 13 34 9 7 93 23 52 17 81 37 77 64 15 13 54 78 67 18 39 26 39 53 5 98 21 2 94 34 33 41 56 78 70 72 51 19 15 3 37 88 58 68 81 39 60 62 100 14 46 56 100 29 44 4 90 89 91 53 4 100 84 2 83 74 64 100 43 82 0 20 74 27 84 26 11 47 88 49 30 0 6
run=8 seed=7 k=101 f=0
19 9 99 16 86 15 77 46 37 100 87 63 14 95 42 50 14 68 63 100 69 84 20 2 14 79 32 35 53 45 85 18 28 82 35 56 8 22 4 88 21 78 93 53 97 79 73 85 72 88 74 6 29 3 8 61 55 68 26 1 21 71 9 41 70 72 25 36 60 100 1 48 37 99 50 12 3 89 35 76 40 92 48 31 48 56 97 63 92 58
run=9 seed=8 k=101 f=0
22 28 79 29 26 0 63 29 87 88 22 35 86 89 33 72 77 30 0 0 85 19 41 98 17 60 65 50 26 83 53 100 72 9 54 94 77 83 90 63 36 79 64 69 37 92 56 10 22 13 13 77 100 91 40 96 68 4 52 6 42 83 55 20 58 76 11 51 11 0 71 45 52 27 0 5 19 56 32 7 60 45 37 99 66 18 87 46 94 94
run=10 seed=9 k=101 f=0
72 28 78 74 44 1 96 79 47 45 61 52 47 58 65 85 34 23 71 75 54 42 82 18 39 15 9 94 20 64 41 64 13 72 2 19 99 63 8 85 99 10 31 55 57 22 39 38 44 77 83 38 68 98 98 91 82 32 18 93 96 11 20 49 51 28 13 20 90 29 9 61 1 76 87 51 13 93 46 57 35 26 61 40 100 2 58 40 69 5
run=11 seed=10 k=101 f=0
6 6 73 48 60 64 95 99 87 28 85 98 62 89 53 87 95 25 43 8 94 37 9 29 11 46 66 17 61 98 77 64 75 73 31 50 83 48 12 34 55 71 90 57 25 14 28 78 38 70 39 26 19 14 38 0 97 92 44 71 30 0 34 2 58 22 36 94 25 75 80 59 88 0 11 88 92 84 33 19 78 3 50 18 54 42 61 8 14 84
run=12 seed=11 k=101 f=0
71 85 42 58 37 44 93 36 53 34 17 1 82 39 53 93 62 100 50 54 63 76 76 13 83 34 25 43 86 87 95 1 21 64 61 29 88 19 79 7 53 8 87 7 58 48 64 1 80 91 6 78 71 29 75 98 88 36 25 69 42 40 92 27 2 13 55 3 43 99 10 56 53 63 0 78 34 72 86 32 16 70 60 49 34 0 18 44 33 83
run=13 seed=12 k=101 f=0
93 61 58 19 38 52 55 94 86 75 73 54 13 40 86 17 45 80 6 51 10 96 79 27 38 57 67 63 25 76 77 84 57 87 92 79 46 63 35 70 52 100 42 17 29 79 0 97 90 3 4 10 66 74 10 3 22 23 33 66 38 88 16 71 20 74 72 97 0 47 51 7 24 1 31 61 27 89 24 70 55 46 36 100 90 98 15 36 87 95
run=14 seed=13 k=101 f=0
96 30 0 70 28 6 61 44 55 83 32 19 46 32 88 48 27 50 0 90 4 83 97 10 90 37 1 23 78 38 69 39 65 91 9 98 70 28 17 58 16 19 100 41 15 5 78 47 45 79 58 95 0 87 61 74 96 28 99 74 63 26 79 20 82 88 29 100 57 47 71 50 54 77 8 51 66 96 46 31 64 75 14 1 69 19 88 84 47 95
run=15 seed=14 k=101 f=0
32 68 48 37 13 85 83 19 43 66 91 0 5 76 66 18 61 36 88 42 52 83 14 76 95 4 63 19 99 96 33 97 91 26 58 59 53 0 78 41 45 68 44 11 62 73 34 61 92 21 88 15 50 41 91 50 79 83 0 37 31 73 100 71 34 5 28 51 23 5 10 9 40 25 98 49 72 18 75 29 6 31 34 56 12 48 79 54 55 85
run=16 seed=15 k=101 f=0
26 75 58 27 7 65 3 59 88 95 45 89 84 26 74 82 78 25 32 58 90 54 22 51 10 5 36 51 74 74 92 17 93 15 23 2 33 73 84 64 0 78 47 81 68 20 33 13 60 32 64 50 51 42 0 23 55 2 9 28 43 59 46 96 100 32 18 39 36 14 66 78 100 11 87 94 99 99 28 59 100 63 75 37 0 41 18 90 82 40
run=17 seed=16 k=101 f=0
67 70 26 86 54 38 98 93 30 8 66 11 35 63 59 89 37 44 65 32 15 40 2 29 27 14 38 28 91 1 29 24 96 63 9 48 38 7 72 19 55 44 100 73 3 90 61 66 65 57 97 44 74 34 53 14 0 2 83 58 84 81 4 79 81 57 32 18 53 19 0 52 30 45 23 19 97 63 92 9 99 73 85 34 6 80 93 74 74 87
run=18 seed=17 k=101 f=0
59 96 88 13 33 52 96 25 15 74 16 67 100 84 72 16 73 49 92 62 88 24 20 67 33 21 89 84 14 2 45 40 3 89 0 75 40 16 100 20 55 82 41 71 50 29 9 76 6 35 24 51 91 10 80 95 46 50 73 86 83 62 1 0 75 37 75 23 52 100 11 1 45 82 100 25 4 76 32 55 67 99 28 65 1 12 55 33 32 62
run=19 seed=18 k=101 f=0
54 47 91 32 34 33 54 16 23 68 35 80 14 83 71 89 32 48 81 95 64 75 6 99 28 86 21 86 61 90 10 100 45 26 23 30 64 98 6 20 68 70 68 19 53 38 57 91 53 14 39 16 23 11 81 73 92 92 81 17 95 40 99 0 60 0 41 6 52 3 38 2 5 7 74 58 10 54 9 63 1 41 46 90 19 27 63 76 29 57
run=20 seed=19 k=101 f=0
45 100 11 50 79 99 10 75 33 60 4 21 17 4 100 0 47 28 25 23 42 68 68 23 66 65 39 34 48 7 24 94 73 35 43 29 12 53 27 55 100 73 44 68 44 87 51 25 81 0 83 33 35 87 5 12 11 26 34 80 9 8 52 83 92 62 78 19 81 71 74 2 90 65 16 99 1 93 57 82 61 49 90 61 13 3 56 58 90 97
