run=1 seed=0 k=98 f=0
77 6 37 5 13 2 24 72 11 68 62 47 6 67 69 70 83 76 77 30 50 97 15 37 53 92 96 45 15 27 8 0 94 96 85 81 57 84 9 16 57 9 59 17 90 41 90 58 23 63 87 92 0 95 50 25 46 84 41 62 35 27 73 5 39 47 40 39 87 49 14 3 72 31 42 65 32 14 79 56 35 24 82 28 18 23 54 65 8 31
run=2 seed=1 k=98 f=0
77 6 37 5 13 2 24 72 11 68 62 47 6 67 69 70 83 76 77 30 50 97 15 37 53 92 96 45 15 27 8 0 94 96 85 81 57 84 9 16 57 9 59 17 90 41 90 58 23 63 87 92 0 95 50 25 46 84 41 62 35 27 73 5 39 47 40 39 87 49 14 3 72 31 42 65 32 14 79 56 35 24 82 28 18 23 54 65 8 31
run=3 seed=2 k=98 f=0
1 19 54 47 21 0 76 70 25 93 16 85 5 44 93 90 81 71 5 0 78 58 51 67 53 16 6 27 2 79 23 25 34 78 67 66 22 96 9 53 31 33 26 7 82 45 84 92 74 48 96 11 57 51 35 14 84 78 87 73 94 14 43 88 48 58 59 64 8 22 10 37 30 61 1 14 38 55 54 85 43 97 79 56 69 16 39 38 47 63
run=4 seed=3 k=98 f=0
4 47 28 42 97 42 82 54 80 88 70 73 71 23 18 11 90 51 34 10 64 37 62 51 1 29 60 33 70 82 54 74 9 37 24 19 39 24 30 25 34 2 86 10 26 80 73 18 12 40 95 35 63 59 60 91 46 57 94 80 83 53 47 16 5 69 43 44 30 1 96 97 55 92 71 82 0 27 57 36 87 18 34 77 43 44 3 16 3 80
run=5 seed=4 k=98 f=0
63 3 20 1 91 76 36 28 34 93 40 40 16 50 95 10 72 30 2 29 65 56 62 25 83 8 96 50 3 38 62 34 42 68 43 89 8 19 5 26 19 15 82 5 74 89 70 63 32 23 69 97 52 69 59 53 78 56 0 26 79 97 47 90 89 93 75 53 85 48 14 77 62 72 39 60 27 10 76 60 49 24 15 46 97 1 97 85 14 0
run=6 seed=5 k=98 f=0
29 68 94 48 14 89 80 43 39 81 6 22 48 30 4 77 6 51 93 38 45 97 11 71 3 65 25 70 2 97 18 10 18 9 33 32 94 32 80 40 53 63 60 13 41 67 43 3 73 15 41 71 37 53 20 67 73 83 91 27 57 89 62 42 93 52 26 61 23 58 0 50 84 58 27 97 78 88 70 62 0 84 26 74 56 33 93 10 52 87
run=7 seed=6 k=98 f=0
63 5 14 25 50 87 46 3 64 89 35 21 7 61 24 90 0 45 26 24 62 52 68 0 79 96 12 37 30 60 17 19 74 82 96 29 31 72 20 95 93 56 60 1 45 15 37 40 47 78 50 14 59 75 9 28 85 51 45 70 39 0 33 33 51 18 57 36 11 77 67 8 88 40 23 65 51 69 95 54 38 3 6 92 78 83 14 34 89 53
run=8 seed=7 k=98 f=0
74 94 91 85 15 80 10 67 18 42 75 45 83 34 47 74 16 71 92 88 50 41 38 18 49 38 9 32 62 60 97 63 10 4 50 20 67 15 93 57 23 70 33 62 21 37 38 72 75 88 70 79 0 39 24 49 0 2 14 58 9 36 27 95 39 91 96 7 4 96 64 83 29 97 47 96 32 42 34 71 30 81 3 83 25 25 56 31 69 79
run=9 seed=8 k=98 f=0
15 93 22 67 12 69 32 59 7 39 21 21 40 59 51 16 73 53 53 80 55 46 45 54 91 15 76 84 25 87 89 38 0 89 62 67 29 19 33 96 42 4 76 35 63 72 67 15 45 82 33 1 97 78 10 97 94 63 13 72 8 3 57 66 5 45 89 22 72 26 0 79 36 8 24 48 77 97 92 81 87 27 29 43 63 24 59 14 44 40
run=10 seed=9 k=98 f=0
17 72 59 9 72 83 74 26 61 62 1 59 40 71 8 66 14 86 52 75 85 27 21 85 23 68 58 81 4 49 97 18 67 34 81 52 72 63 57 89 40 31 19 76 89 47 38 43 35 79 21 22 91 39 9 70 61 24 53 32 5 78 6 0 88 97 94 45 10 75 97 0 44 79 56 47 20 33 66 55 3 95 33 49 41 97 24 0 42 31
run=11 seed=10 k=98 f=0
27 42 16 58 21 41 96 35 25 61 25 63 61 47 74 35 60 44 7 54 62 22 31 43 54 10 8 40 63 78 77 79 15 4 0 85 45 89 49 92 38 17 23 67 15 55 58 0 28 95 28 84 19 55 54 60 65 35 38 97 76 72 55 81 76 95 36 23 3 20 67 12 3 84 35 29 50 94 70 32 47 93 18 14 87 5 50 67 13 0
run=12 seed=11 k=98 f=0
15 75 15 21 65 48 57 65 1 53 12 52 10 19 33 19 32 90 2 79 0 86 39 46 39 57 34 78 66 69 50 69 0 97 92 27 24 33 21 71 61 7 53 26 95 43 68 67 17 9 5 25 79 77 75 14 57 83 54 58 95 10 31 2 43 79 84 72 40 78 38 4 64 95 23 20 87 55 25 27 48 31 57 83 96 19 46 88 10 69
run=13 seed=12 k=98 f=0
32 13 14 95 89 55 91 69 65 56 62 63 59 4 82 57 29 67 65 2 77 97 44 29 94 48 65 64 36 20 86 19 39 18 80 45 52 79 91 73 75 71 41 34 4 25 53 28 90 21 12 72 0 30 1 7 50 12 53 26 72 70 13 88 29 95 44 82 88 39 60 41 36 3 8 94 86 87 24 72 39 10 47 52 33 96 81 47 16 96
run=14 seed=13 k=98 f=0
71 74 57 59 18 87 28 29 0 55 82 67 42 86 81 58 72 84 48 1 50 33 15 16 38 63 27 22 37 50 19 68 2 49 37 41 50 65 56 12 0 77 76 11 97 97 5 22 79 53 10 45 29 26 1 41 95 32 39 81 89 28 9 38 95 97 61 9 11 87 22 4 0 57 97 56 77 72 22 93 4 87 58 14 62 65 9 36 82 46
run=15 seed=14 k=98 f=0
1 42 8 4 32 16 25 85 49 26 90 36 9 92 63 65 39 88 41 69 18 32 53 52 80 78 61 47 20 93 66 6 78 9 64 83 57 54 61 97 83 24 73 24 21 15 0 62 51 29 33 53 20 86 33 2 52 25 56 92 97 12 20 46 28 94 38 57 47 70 59 75 11 69 2 15 43 40 1 28 97 76 82 21 38 89 69 19 87 14
run=16 seed=15 k=98 f=0
17 6 92 53 60 52 16 30 60 66 47 97 0 12 82 80 33 97 8 60 41 56 67 97 72 76 30 53 62 66 25 65 34 41 38 48 39 88 81 7 0 30 71 9 52 64 24 44 58 90 91 38 43 21 58 17 72 90 9 34 15 0 70 49 2 96 2 24 0 39 82 83 25 51 2 55 33 20 18 9 96 87 2 21 76 71 67 77 77 18
run=17 seed=16 k=98 f=0
23 11 50 5 63 49 93 13 7 76 95 29 5 3 44 40 14 67 95 75 33 91 63 36 48 26 65 37 45 96 54 1 31 44 33 57 12 56 86 64 29 44 93 21 31 93 8 59 5 48 81 59 62 55 31 81 80 78 84 82 97 7 72 7 23 91 19 91 61 47 0 43 84 52 38 11 3 74 26 23 69 19 38 78 7 86 73 13 35 89
run=18 seed=17 k=98 f=0
33 58 79 37 1 31 89 5 21 43 53 9 74 49 40 43 2 45 55 7 0 18 68 13 63 92 88 10 1 54 13 97 92 23 70 26 65 61 35 56 61 14 82 18 7 28 50 95 43 52 70 23 21 35 72 40 25 18 66 51 67 35 59 9 15 85 11 96 30 78 38 74 85 82 30 50 0 24 92 47 77 86 71 97 41 1 76 97 46 58
run=19 seed=18 k=98 f=0
17 61 39 71 61 96 20 6 28 96 52 29 88 74 26 1 24 17 19 2 78 93 61 45 67 97 89 48 48 0 1 69 40 26 75 21 92 66 19 68 39 57 78 83 30 5 23 88 12 53 54 88 65 49 0 39 7 81 16 51 81 9 76 34 89 55 10 85 44 31 71 38 44 51 88 23 12 22 97 96 37 87 2 48 28 59 4 13 42 59
run=20 seed=19 k=98 f=0
40 6 30 54 56 78 41 46 70 76 0 70 52 96 6 48 64 74 97 93 70 39 89 42 64 1 72 26 1 7 16 13 70 33 67 62 88 16 23 62 87 28 87 64 87 1 81 13 47 81 31 82 28 36 51 28 89 79 45 30 90 20 35 95 60 3 14 7 85 80 22 54 14 13 40 51 42 25 57 34 78 4 87 67 20 95 55 62 32 9
