run=1 seed=0 k=88 f=0
39 54 79 35 82 68 66 30 25 64 26 43 19 0 45 86 87 7 45 0 43 6 71 77 70 51 22 2 36 52 64 14 54 58 29 32 73 14 51 10 10 21 36 24 0 62 70 51 5 71 85 6 37 65 83 41 6 26 60 26 80 37 36 44 72 79 54 57 81 1 0 87 14 0 28 87 34 68 69 86 74 52 4 22 35 34 61 43 85 17
run=2 seed=1 k=88 f=0
39 54 79 35 82 68 66 30 25 64 26 43 19 0 45 86 87 7 45 0 43 6 71 77 70 51 22 2 36 52 64 14 54 58 29 32 73 14 51 10 10 21 36 24 0 62 70 51 5 71 85 6 37 65 83 41 6 26 60 26 80 37 36 44 72 79 54 57 81 1 0 87 14 0 28 87 34 68 69 86 74 52 4 22 35 34 61 43 85 17
run=3 seed=2 k=88 f=0
51 6 28 67 6 26 72 20 1 27 50 32 21 53 80 37 46 19 25 79 58 73 25 36 71 87 26 14 30 56 71 18 30 8 35 51 68 45 32 42 15 10 72 82 60 86 12 18 75 67 84 63 57 66 54 38 56 59 26 1 39 10 87 33 84 64 85 43 1 1 80 19 14 10 2 74 6 47 69 87 47 87 74 62 35 2 26 76 37 11
run=4 seed=3 k=88 f=0
66 52 63 64 11 1 24 85 81 20 10 58 62 70 18 33 48 39 57 81 26 63 86 54 49 22 29 57 53 39 35 86 80 46 46 43 6 70 34 87 13 38 79 50 72 26 33 34 82 0 87 5 65 79 15 25 66 45 57 0 34 9 71 29 61 65 45 27 72 79 87 37 12 72 57 29 42 3 1 12 5 19 18 5 48 34 74 20 79 8
run=5 seed=4 k=88 f=0
13 71 74 46 20 0 65 46 58 24 32 65 50 28 75 28 34 27 1 77 46 20 56 27 69 68 18 2 0 36 84 38 20 74 35 11 31 20 55 56 5 24 37 55 9 83 62 26 22 42 68 22 59 71 86 10 62 40 14 81 0 49 43 6 81 79 79 40 66 87 52 74 87 0 15 7 69 78 58 6 54 87 35 64 3 64 78 57 40 48
run=6 seed=5 k=88 f=0
62 25 34 23 60 0 64 22 9 5 59 50 36 79 0 46 12 38 76 44 36 86 15 69 11 21 15 23 20 47 42 55 45 15 39 15 28 87 5 86 29 82 67 11 19 77 77 39 1 74 61 39 56 0 78 49 17 11 14 64 33 80 59 28 32 27 8 53 67 34 6 42 65 21 47 50 57 4 75 28 8 29 78 55 2 56 83 85 86 62
run=7 seed=6 k=88 f=0
16 78 64 4 5 51 45 77 58 42 43 45 30 85 80 49 81 17 74 72 31 15 44 84 5 53 12 56 33 68 59 40 64 2 52 87 8 24 33 24 45 0 57 36 86 70 2 30 14 72 78 72 33 13 87 42 33 87 22 28 0 64 38 46 11 14 15 78 8 55 39 36 23 53 8 78 79 39 53 18 58 67 2 67 82 1 62 25 27 27
run=8 seed=7 k=88 f=0
37 51 19 15 45 29 70 9 49 57 13 5 59 40 81 40 0 10 74 58 19 0 44 25 85 46 49 3 25 34 14 64 32 24 86 69 27 48 65 11 82 4 58 42 4 71 12 64 57 87 69 57 22 25 82 19 37 52 74 32 78 21 37 73 33 3 1 49 83 59 40 45 14 87 64 16 53 76 30 43 11 53 76 3 44 18 31 4 87 54
run=9 seed=8 k=88 f=0
72 16 25 77 77 80 78 45 9 33 87 61 64 63 87 22 22 57 49 38 8 34 41 30 44 49 22 10 87 67 33 0 20 75 5 52 27 87 16 53 2 69 5 46 6 44 71 28 38 30 41 70 9 28 37 68 42 0 77 79 85 70 63 15 63 40 37 58 46 87 43 15 76 76 68 14 59 48 21 56 61 84 16 25 55 37 0 13 7 79
run=10 seed=9 k=88 f=0
86 59 45 55 6 87 43 30 58 37 18 21 82 1 15 53 63 15 83 38 85 6 75 29 79 38 77 7 25 46 48 44 47 65 25 34 42 74 81 76 87 10 42 58 71 68 54 67 1 71 38 62 54 37 3 22 69 32 66 28 45 16 74 31 10 0 78 45 76 0 24 51 80 57 87 51 14 63 29 71 20 0 31 52 55 1 9 12 33 77
run=11 seed=10 k=88 f=0
55 15 30 69 27 3 67 87 67 43 54 80 80 61 40 21 32 0 2 83 0 87 34 32 37 87 40 66 84 86 77 78 25 36 52 28 14 45 28 87 17 59 21 71 13 74 64 54 68 40 0 24 23 85 55 78 41 5 24 72 5 58 25 80 12 14 4 27 45 23 73 32 51 46 12 18 22 52 9 18 66 33 42 65 71 61 60 9 77 48
run=12 seed=11 k=88 f=0
72 62 18 5 75 3 81 83 73 24 87 3 30 70 0 20 65 87 13 61 50 41 61 71 31 6 60 87 7 80 82 84 19 39 44 10 39 10 47 49 15 36 68 34 3 11 0 29 27 74 33 61 53 28 78 62 1 82 24 46 35 79 85 58 22 17 14 56 5 52 0 60 83 65 45 53 53 44 15 10 58 67 39 29 73 57 17 22 24 24
run=13 seed=12 k=88 f=0
8 46 19 8 50 55 77 41 65 72 34 20 4 62 32 8 17 47 76 52 78 56 12 18 38 8 67 18 82 58 44 22 87 72 7 34 68 63 84 39 23 70 30 10 16 56 85 0 62 75 1 6 29 58 1 19 40 25 43 62 87 26 13 82 6 46 36 47 2 47 23 79 0 12 38 15 26 36 10 64 87 31 73 14 62 73 53 79 20 68
run=14 seed=13 k=88 f=0
74 61 14 23 60 62 16 27 71 27 14 10 54 47 15 67 59 0 27 34 0 30 81 84 57 78 37 42 11 1 32 82 68 67 85 43 19 13 46 35 16 44 56 73 3 81 25 32 2 26 69 41 68 36 33 51 52 47 75 48 52 22 13 47 80 4 83 81 23 53 7 62 35 26 87 69 41 75 56 41 16 7 82 21 65 6 16 61 30 39
run=15 seed=14 k=88 f=0
51 39 63 34 73 28 16 0 55 66 56 32 16 86 83 81 36 44 38 37 1 69 3 68 23 23 6 28 51 43 29 31 56 87 82 55 3 35 9 39 18 51 78 6 50 63 51 83 49 0 59 25 83 62 18 63 25 23 77 62 16 10 6 59 72 47 68 1 86 77 29 80 75 75 9 42 72 27 65 0 18 9 15 51 23 47 66 87 45 72
run=16 seed=15 k=88 f=0
22 70 69 87 64 87 82 64 79 0 42 64 8 16 87 49 78 0 20 17 0 13 21 17 57 87 0 49 56 76 37 77 74 34 72 84 43 56 83 33 26 37 73 42 2 14 32 70 2 29 9 23 46 85 13 5 56 54 52 24 38 34 30 22 23 50 2 82 65 61 7 72 18 81 67 46 60 47 26 25 30 7 24 48 87 65 58 38 38 52
run=17 seed=16 k=88 f=0
7 87 19 3 63 25 31 8 87 56 85 2 23 41 86 37 60 78 53 69 29 76 16 17 79 70 63 72 75 44 87 0 57 55 36 67 40 40 29 15 12 59 20 11 6 66 45 33 82 16 26 57 25 71 87 61 27 77 51 18 52 47 40 30 75 46 13 66 10 81 8 27 34 33 0 17 0 72 38 9 83 44 72 64 21 48 43 54 83 49
run=18 seed=17 k=88 f=0
61 30 87 70 10 67 81 79 9 31 57 6 35 78 53 55 9 16 74 20 2 77 30 20 3 27 28 8 7 79 60 41 82 61 52 15 49 43 6 21 86 63 72 0 47 12 42 31 82 0 53 40 73 18 52 87 0 1 49 21 54 83 24 80 31 56 61 66 11 43 87 40 43 65 36 78 18 59 73 47 26 87 79 23 35 73 64 8 23 46
run=19 seed=18 k=88 f=0
38 81 84 9 48 87 55 67 20 0 2 27 10 34 27 39 55 48 29 19 58 23 35 59 48 0 68 61 44 78 81 13 79 58 69 4 66 36 51 86 17 52 77 3 63 55 42 61 46 33 52 20 87 20 15 9 79 19 44 17 12 73 1 66 83 48 70 87 67 33 41 9 62 33 22 37 30 87 29 2 0 87 75 28 76 43 73 25 82 9
run=20 seed=19 k=88 f=0
50 72 64 71 51 42 41 64 68 12 27 79 39 34 57 0 74 7 76 68 17 83 23 50 70 30 42 74 73 5 49 61 66 87 15 34 3 49 55 86 59 32 78 26 38 45 77 56 10 46 25 51 85 24 69 20 67 31 3 52 55 20 47 60 10 32 2 29 51 34 24 61 64 22 16 81 13 87 87 75 9 43 86 37 77 9 1 15 16 40
