run=1 seed=0 k=75 f=0
55 54 52 52 69 0 61 33 29 66 17 62 1 7 27 60 56 24 39 49 11 45 47 71 16 65 62 12 67 10 21 20 36 52 24 70 5 69 23 43 0 56 42 30 74 16 11 9 26 48 45 1 9 47 13 57 7 74 39 25 39 50 53 4 8 47 46 4 65 38 31 34 0 51 74 74 74 21 4 45 0 32 65 61 26 59 18 30 29 35
run=2 seed=1 k=75 f=0
55 54 52 52 69 0 61 33 29 66 17 62 1 7 27 60 56 24 39 49 11 45 47 71 16 65 62 12 67 10 21 20 36 52 24 70 5 69 23 43 0 56 42 30 74 16 11 9 26 48 45 1 9 47 13 57 7 74 39 25 39 50 53 4 8 47 46 4 65 38 31 34 0 51 74 74 74 21 4 45 0 32 65 61 26 59 18 30 29 35
run=3 seed=2 k=75 f=0
74 6 14 44 1 53 39 65 3 11 54 14 31 6 0 29 46 60 16 63 74 59 14 64 21 19 52 21 56 73 67 50 40 24 42 43 5 1 8 47 13 10 15 66 8 55 3 22 62 0 28 70 74 57 73 30 24 67 18 0 26 38 60 39 40 44 48 54 0 21 67 30 35 24 9 71 7 3 43 49 66 36 73 49 27 11 54 36 13 30
run=4 seed=3 k=75 f=0
13 22 59 11 26 40 72 72 18 43 27 39 17 74 44 41 36 74 0 15 8 54 1 36 50 19 63 51 33 73 25 30 74 15 57 74 2 48 54 67 54 22 5 0 20 23 6 65 47 28 42 64 69 14 24 10 74 32 0 6 12 69 49 64 63 30 41 29 70 25 42 56 60 9 53 40 73 48 59 66 63 48 56 33 36 58 0 0 16 9
run=5 seed=4 k=75 f=0
6 51 47 50 34 63 73 55 37 72 23 68 56 36 21 45 25 68 54 57 14 3 42 65 0 16 8 51 51 19 65 74 33 30 71 21 26 1 39 62 72 40 11 34 18 1 16 15 56 0 57 15 47 1 21 48 11 44 48 59 32 31 3 53 72 74 60 10 32 0 61 37 9 15 39 20 7 28 7 5 25 62 26 45 68 74 74 40 33 6
run=6 seed=5 k=75 f=0
15 45 71 8 23 53 43 15 29 73 9 73 43 63 57 27 47 60 0 28 37 4 25 49 19 38 69 30 74 18 4 51 4 68 60 17 48 7 61 65 42 43 33 1 72 37 55 12 58 0 55 52 22 33 43 74 74 25 58 62 66 35 3 16 49 21 31 7 20 34 53 1 31 11 74 6 64 61 0 28 11 66 40 24 72 74 9 0 20 28
run=7 seed=6 k=75 f=0
61 7 11 42 74 16 30 1 56 70 64 55 56 6 9 67 58 6 15 26 18 43 19 74 10 31 58 51 51 1 37 31 45 35 36 25 15 73 49 74 25 47 61 53 50 66 69 27 47 74 67 39 11 24 26 66 7 2 10 20 65 35 47 43 20 37 14 59 74 32 52 41 38 30 19 68 45 50 36 64 0 60 0 13 54 21 0 14 64 68
run=8 seed=7 k=75 f=0
4 68 2 56 9 13 62 68 2 22 64 23 8 69 55 74 37 7 40 24 55 4 63 27 47 20 74 69 0 4 13 29 22 34 26 39 43 0 7 15 49 0 24 30 23 61 56 23 9 29 34 15 74 48 73 59 71 30 37 15 58 33 73 44 41 36 36 59 11 44 14 53 48 0 65 58 48 17 74 48 63 19 67 52 46 38 1 65 52 55
run=9 seed=8 k=75 f=0
32 19 54 0 36 41 71 35 2 45 26 49 17 49 47 0 63 70 66 69 52 30 41 8 18 45 60 69 66 73 38 12 0 22 17 66 23 10 65 11 31 43 59 0 48 41 8 56 34 25 14 13 0 56 50 73 6 74 3 56 9 40 12 32 45 29 35 72 61 41 39 3 74 65 16 31 64 50 17 36 23 74 20 2 36 28 55 22 22 6
run=10 seed=9 k=75 f=0
32 28 46 12 9 37 20 10 29 64 2 66 68 63 55 45 13 27 67 27 20 62 31 3 55 48 41 1 7 65 74 5 17 44 38 51 49 73 63 24 19 49 54 64 14 37 59 3 2 58 31 57 32 25 17 49 60 8 12 22 74 1 72 0 23 21 73 37 40 24 7 15 41 61 67 0 11 74 68 29 33 74 58 34 56 44 21 51 35 38
run=11 seed=10 k=75 f=0
53 3 59 55 7 2 51 37 72 62 55 65 49 4 33 74 74 40 25 74 27 60 20 29 20 62 47 10 56 19 14 52 67 18 73 41 37 73 7 74 35 0 57 22 1 21 13 10 8 25 62 66 46 42 29 52 32 1 35 34 16 9 36 10 64 42 28 43 9 0 68 28 55 58 0 57 68 72 20 39 16 67 28 47 44 14 34 8 40 52
run=12 seed=11 k=75 f=0
28 1 9 20 4 49 31 15 33 73 45 12 67 42 16 68 65 43 14 30 16 41 73 50 9 27 38 43 1 62 20 24 33 23 21 30 38 8 1 50 13 0 32 27 45 73 47 4 45 74 72 12 5 62 70 58 71 7 74 19 20 53 53 0 38 67 54 0 57 8 50 66 58 22 13 40 16 28 65 42 34 49 40 62 7 58 37 0 70 54
run=13 seed=12 k=75 f=0
17 7 12 20 74 26 52 41 9 3 18 13 57 2 0 70 9 43 27 57 25 37 74 46 64 55 38 26 46 29 17 0 33 50 3 61 41 73 11 72 52 33 59 54 8 64 2 59 21 74 62 72 38 41 5 16 60 50 74 20 29 44 48 23 0 35 9 31 65 1 16 57 47 7 65 20 69 13 6 65 15 50 2 35 43 22 0 74 38 32
run=14 seed=13 k=75 f=0
0 5 12 8 66 30 36 40 0 66 19 48 47 70 33 73 17 63 50 69 44 65 41 73 29 51 0 9 3 31 38 26 67 70 29 15 73 56 62 54 45 61 14 50 59 12 69 62 66 74 23 60 0 2 1 7 42 26 9 9 58 41 12 35 26 21 45 18 53 40 23 35 31 40 8 74 73 55 31 22 35 16 39 47 0 5 42 64 26 27
run=15 seed=14 k=75 f=0
37 71 8 34 9 36 45 20 5 11 62 6 67 73 14 3 46 61 24 19 29 58 52 51 72 9 2 27 51 19 18 37 43 13 1 48 50 68 56 74 57 74 4 44 43 61 31 62 39 0 27 32 66 56 51 27 45 0 0 31 26 63 42 21 32 74 58 54 51 66 34 21 17 31 74 32 0 10 43 59 15 65 16 42 9 23 55 74 12 30
run=16 seed=15 k=75 f=0
23 37 45 1 40 47 70 63 74 34 69 61 68 52 55 30 74 51 4 18 1 48 18 35 20 64 44 62 0 20 10 65 0 72 68 72 74 29 0 48 59 35 40 61 53 40 1 19 53 44 28 43 18 23 4 10 59 31 27 8 27 41 55 13 54 35 59 69 55 11 58 14 9 7 34 46 70 52 8 26 13 74 2 21 42 16 0 73 24 24
run=17 seed=16 k=75 f=0
15 70 26 50 11 0 46 13 39 41 68 19 21 1 33 49 31 42 58 22 62 7 16 36 34 22 60 63 33 26 16 16 57 51 19 28 4 24 43 73 42 53 60 14 23 28 59 9 10 0 9 58 74 3 73 31 40 40 35 12 57 1 63 8 4 48 17 70 44 17 15 54 38 65 66 66 66 1 11 13 74 27 57 34 0 48 48 73 5 54
run=18 seed=17 k=75 f=0
4 72 51 0 74 17 51 11 73 55 60 62 66 1 11 47 45 23 25 70 36 22 44 72 71 10 22 39 73 12 54 13 20 32 49 7 74 53 21 27 38 42 65 40 38 42 3 33 21 0 66 62 68 5 4 46 32 51 28 30 52 0 56 73 74 62 10 19 0 33 16 12 38 0 59 19 25 57 8 27 67 57 1 42 49 35 29 46 25 35
run=19 seed=18 k=75 f=0
7 59 45 42 49 34 0 74 14 67 2 53 65 35 32 68 19 41 15 34 46 19 39 55 74 10 16 48 55 25 73 29 18 23 6 7 28 48 40 59 50 53 62 17 55 45 7 6 39 0 61 46 64 61 5 67 71 74 74 44 26 33 58 70 55 25 74 20 12 1 34 16 74 11 56 19 53 35 24 47 0 39 44 14 64 3 47 70 62 30
run=20 seed=19 k=75 f=0
60 36 47 52 34 14 44 54 73 42 19 67 54 51 16 65 24 57 43 10 45 56 5 74 10 33 0 25 34 36 17 16 65 47 12 26 12 37 67 73 44 0 74 31 29 31 37 49 59 42 27 26 74 58 20 61 69 40 33 21 17 47 6 11 3 25 70 72 73 20 64 0 7 22 0 39 69 60 52 44 7 25 0 29 62 3 51 9 16 68
