run=1 seed=0 k=71 f=0
9 12 3 34 41 10 68 38 34 1 70 2 65 14 51 0 61 13 11 51 22 33 69 48 40 35 10 20 5 1 52 45 42 31 59 63 68 22 14 35 39 16 57 40 61 16 25 69 46 70 27 23 8 27 66 1 3 26 60 26 54 17 16 49 47 50 51 7 7 57 41 52 28 58 0 35 59 21 29 30 54 67 27 6 39 5 19 70 37 25
run=2 seed=1 k=71 f=0
9 12 3 34 41 10 68 38 34 1 70 2 65 14 51 0 61 13 11 51 22 33 69 48 40 35 10 20 5 1 52 45 42 31 59 63 68 22 14 35 39 16 57 40 61 16 25 69 46 70 27 23 8 27 66 1 3 26 60 26 54 17 16 49 47 50 51 7 7 57 41 52 28 58 0 35 59 21 29 30 54 67 27 6 39 5 19 70 37 25
run=3 seed=2 k=71 f=0
58 4 5 0 7 27 69 21 36 25 52 11 54 28 69 29 34 23 60 25 58 21 12 60 65 54 70 7 38 21 14 70 18 14 67 36 33 67 38 48 5 17 58 34 17 63 12 70 43 70 44 7 0 39 1 44 26 2 34 0 61 43 60 41 6 9 53 53 9 52 48 70 27 26 8 55 17 33 65 5 50 1 0 31 43 41 17 12 32 64
run=4 seed=3 k=71 f=0
0 66 67 52 42 69 66 35 11 44 5 42 22 64 55 4 45 32 19 51 12 57 4 28 51 16 20 10 15 0 52 37 64 11 69 19 70 1 57 28 10 0 64 45 70 5 28 39 34 0 43 58 61 27 21 51 55 15 70 24 9 33 20 56 26 60 9 11 22 36 39 58 52 47 70 9 16 70 42 6 48 63 3 48 31 38 26 60 45 6
run=5 seed=4 k=71 f=0
65 57 34 70 15 32 56 39 3 14 0 39 33 47 52 50 42 56 24 56 14 4 24 27 62 16 53 40 68 17 24 32 16 10 67 66 56 1 51 9 36 8 20 66 70 47 23 23 31 0 1 27 61 0 46 59 53 24 47 18 23 28 54 28 70 14 39 6 69 45 36 1 9 70 70 20 50 62 37 41 41 61 41 63 25 0 50 8 10 6
run=6 seed=5 k=71 f=0
5 7 25 33 45 27 16 57 34 20 68 69 10 66 58 20 9 31 29 58 31 62 42 52 41 42 14 70 11 24 35 39 0 22 36 45 14 38 32 46 57 24 13 62 12 27 11 18 51 0 46 53 62 5 4 70 14 36 46 0 16 50 64 49 48 52 34 68 0 65 56 59 35 65 70 65 43 40 8 70 70 53 8 64 17 19 25 5 62 19
run=7 seed=6 k=71 f=0
51 6 64 70 70 69 58 20 34 10 25 69 0 68 65 50 8 57 58 46 69 22 34 31 27 34 23 39 26 60 17 41 9 47 38 57 3 1 7 27 0 63 38 33 11 35 24 18 23 0 39 5 62 6 12 54 47 58 55 64 15 36 2 21 32 9 15 2 0 5 28 18 41 45 70 27 43 51 36 40 32 16 27 64 10 19 50 13 37 44
run=8 seed=7 k=71 f=0
38 55 67 23 68 9 38 37 53 24 15 1 70 40 56 3 53 13 23 43 21 11 25 0 65 33 69 0 50 39 64 62 6 20 0 36 51 69 62 13 28 7 29 48 53 62 9 41 42 61 57 1 8 15 57 0 56 22 52 19 26 42 34 40 50 64 19 31 70 8 47 70 17 33 0 27 18 16 0 27 46 37 28 6 31 44 70 50 62 23
run=9 seed=8 k=71 f=0
47 64 4 52 52 0 26 14 26 58 3 29 59 70 34 58 62 39 70 15 42 25 6 21 22 26 0 65 21 65 33 9 0 23 12 4 6 47 53 15 57 36 66 29 47 53 45 53 37 70 15 10 10 27 57 35 63 24 70 13 55 36 70 15 40 63 60 65 51 29 32 70 19 43 0 45 20 8 29 48 18 0 9 7 60 69 45 37 42 51
run=10 seed=9 k=71 f=0
61 42 5 53 5 27 31 14 51 28 52 1 66 22 12 35 28 56 25 9 58 5 55 35 57 45 27 19 39 44 13 70 47 49 18 25 69 69 23 33 0 0 6 14 0 41 28 19 19 36 70 68 8 62 40 59 32 24 19 46 61 17 10 21 0 36 14 67 28 17 14 10 52 54 0 54 0 60 65 21 13 45 66 31 37 3 70 9 46 64
run=11 seed=10 k=71 f=0
60 6 7 5 47 55 57 61 40 50 55 54 65 69 0 52 51 64 35 8 38 23 33 42 43 9 21 12 15 51 59 70 18 49 66 46 69 37 0 28 0 27 13 70 0 39 14 9 62 0 35 1 26 19 4 18 4 48 47 28 35 18 51 21 70 31 22 68 0 62 57 1 17 6 42 41 47 29 65 10 11 59 0 29 17 56 70 70 34 32
run=12 seed=11 k=71 f=0
44 3 9 51 62 36 1 13 8 70 70 26 40 70 62 58 29 16 26 6 43 16 1 70 64 54 59 20 32 8 6 67 26 58 70 50 57 68 25 34 37 37 6 28 49 67 41 65 18 70 25 50 45 18 49 20 47 14 51 31 61 40 24 40 43 45 15 22 29 42 23 0 36 50 0 57 1 31 21 55 9 0 56 32 61 4 10 18 66 64
run=13 seed=12 k=71 f=0
5 3 27 0 25 55 44 0 35 40 70 12 55 1 11 16 61 22 39 28 46 24 37 16 34 9 8 18 50 28 15 54 70 31 51 63 58 7 13 48 70 20 41 13 62 0 70 70 20 70 57 17 45 2 66 20 12 31 37 7 37 50 14 50 48 43 4 24 8 40 15 68 54 40 0 43 0 64 0 36 31 67 27 58 61 23 28 50 66 34
run=14 seed=13 k=71 f=0
23 3 14 70 22 53 52 15 42 68 29 46 18 4 70 57 61 21 49 19 46 23 31 12 19 43 0 46 40 43 53 32 61 67 11 63 0 28 46 12 65 70 39 44 65 28 70 34 19 70 18 69 8 40 7 62 60 39 54 28 36 8 2 50 0 21 20 38 9 58 14 58 54 50 0 27 0 24 63 54 16 1 9 58 38 5 27 34 7 33
run=15 seed=14 k=71 f=0
39 6 13 48 69 43 45 37 22 17 42 49 46 36 11 65 8 39 5 7 19 36 3 70 53 52 58 56 19 20 45 27 34 30 30 56 66 1 64 27 13 0 56 51 16 1 69 31 41 0 0 11 70 54 69 14 21 18 61 31 24 41 7 19 20 66 63 1 70 7 46 8 15 53 62 38 5 29 32 0 45 12 57 11 52 61 33 40 25 27
run=16 seed=15 k=71 f=0
29 64 4 62 14 8 48 21 38 0 5 7 64 34 35 57 62 31 27 15 43 32 11 38 63 18 10 19 0 0 54 70 47 40 63 14 60 69 31 70 47 0 14 22 1 41 11 16 29 70 27 8 0 39 1 55 48 2 61 37 46 22 66 51 48 28 20 11 52 18 24 50 55 22 8 31 62 55 36 28 8 20 45 59 26 13 37 70 67 43
run=17 seed=16 k=71 f=0
10 63 34 39 70 53 33 47 12 53 61 3 6 55 63 9 0 64 28 23 32 17 40 60 32 36 10 0 6 49 43 0 32 23 52 54 26 1 10 46 32 13 32 19 51 38 52 35 11 20 66 69 59 36 42 62 21 70 53 22 29 70 3 13 69 26 14 43 70 18 6 62 43 18 50 64 8 26 5 43 59 46 70 57 40 53 70 0 45 26
run=18 seed=17 k=71 f=0
62 67 12 41 18 9 33 69 29 6 9 6 0 1 41 56 42 31 70 56 20 29 66 69 34 9 14 23 70 55 56 6 10 14 1 45 28 23 51 70 47 14 4 56 46 57 43 61 51 0 63 50 62 31 63 44 53 18 70 13 16 0 1 49 30 18 20 25 48 32 56 40 35 35 70 23 69 23 35 61 39 63 36 39 0 50 25 5 62 19
run=19 seed=18 k=71 f=0
24 6 64 52 42 70 17 28 13 55 33 69 20 53 66 65 8 56 32 15 39 22 1 11 3 34 0 34 62 61 27 0 6 3 4 57 1 49 56 13 16 27 39 30 49 38 41 25 23 0 36 42 62 19 12 61 62 59 47 27 15 37 41 21 19 0 26 17 70 28 28 48 41 29 70 36 17 42 5 34 10 54 53 64 60 49 50 70 3 44
run=20 seed=19 k=71 f=0
16 64 65 45 1 43 69 51 25 65 58 23 64 51 55 70 62 48 18 48 15 27 26 70 12 26 37 0 26 54 19 53 11 67 69 47 61 5 12 70 11 23 31 24 41 4 47 33 15 70 63 57 42 34 58 17 46 31 0 57 7 2 57 13 23 70 35 29 39 17 20 39 33 47 0 12 53 0 31 41 7 62 3 40 68 20 54 26 12 36
