run=1 seed=0 k=85 f=0
13 66 24 0 83 0 71 82 78 52 22 19 20 19 63 76 68 80 0 31 2 56 2 26 82 0 64 38 82 47 34 25 8 70 74 47 1 59 51 82 77 41 25 74 19 57 3 64 11 60 8 11 25 59 44 14 17 43 63 29 75 10 4 16 36 33 61 39 82 82 32 65 84 32 51 6 83 14 12 55 34 50 53 5 72 74 40 38 39 8
run=2 seed=1 k=85 f=0
13 66 24 0 83 0 71 82 78 52 22 19 20 19 63 76 68 80 0 31 2 56 2 26 82 0 64 38 82 47 34 25 8 70 74 47 1 59 51 82 77 41 25 74 19 57 3 64 11 60 8 11 25 59 44 14 17 43 63 29 75 10 4 16 36 33 61 39 82 82 32 65 84 32 51 6 83 14 12 55 34 50 53 5 72 74 40 38 39 8
run=3 seed=2 k=85 f=0
57 81 36 54 56 43 33 82 34 17 57 7 62 51 74 16 25 59 39 15 30 48 37 22 52 10 76 24 66 45 39 60 2 13 31 0 67 28 73 32 59 52 38 17 84 82 76 79 76 42 15 45 64 10 77 67 0 19 6 64 54 24 23 49 47 11 82 5 76 33 70 47 18 40 84 43 2 68 84 14 69 23 59 3 38 53 33 5 57 0
run=4 seed=3 k=85 f=0
27 77 28 45 45 26 22 70 66 69 23 2 23 14 66 0 75 43 11 32 43 26 56 15 62 6 3 42 73 73 57 70 9 18 76 54 59 9 47 16 39 17 31 62 50 71 1 80 30 84 24 61 48 61 79 55 26 36 51 41 16 31 46 53 84 37 38 22 5 84 69 84 39 45 24 40 72 30 75 41 35 82 16 1 63 54 61 60 51 35
run=5 seed=4 k=85 f=0
31 72 24 18 13 83 80 66 23 17 25 40 69 64 82 57 74 67 83 74 38 21 43 8 36 55 32 10 20 59 81 9 38 78 58 51 78 50 32 54 3 31 20 5 44 46 17 33 9 84 41 55 18 23 37 43 76 5 60 26 33 4 61 12 3 13 71 74 47 71 43 69 63 25 26 41 63 50 15 29 0 67 74 59 84 16 1 84 41 47
run=6 seed=5 k=85 f=0
70 73 65 3 23 13 45 77 62 11 4 4 9 4 0 60 0 7 84 84 52 0 74 18 52 42 73 39 80 47 21 10 30 60 64 45 50 84 17 15 64 17 70 40 41 24 16 32 31 57 28 30 13 3 27 51 44 78 69 79 23 18 6 18 32 0 0 66 40 35 36 61 83 43 76 34 58 58 59 39 29 77 69 48 24 66 66 84 68 51
run=7 seed=6 k=85 f=0
1 0 82 30 23 84 6 70 15 33 39 66 46 52 12 61 3 25 73 54 26 48 40 53 69 42 64 67 12 0 29 84 83 8 62 37 43 18 45 60 37 34 62 44 30 21 74 4 49 57 73 32 76 12 52 38 53 31 18 21 20 53 43 35 27 60 49 10 66 9 70 80 29 6 84 79 69 17 9 34 41 3 22 78 75 72 11 80 60 66
run=8 seed=7 k=85 f=0
11 27 59 56 71 45 6 25 10 68 4 63 51 1 81 20 29 9 45 31 47 7 73 39 74 60 84 26 28 10 37 36 65 0 31 56 47 71 49 57 47 24 56 27 28 72 70 18 22 74 18 76 83 84 37 62 53 36 15 41 14 50 54 19 13 34 36 60 79 67 66 79 36 6 44 41 1 76 68 0 63 1 77 84 58 19 3 27 21 52
run=9 seed=8 k=85 f=0
9 39 71 59 28 9 27 32 72 80 74 54 61 64 15 46 8 38 59 7 62 11 72 42 25 77 10 22 15 78 28 32 35 61 20 72 64 74 13 43 37 84 49 27 83 25 35 81 15 45 52 71 60 67 83 40 10 74 17 67 23 4 14 17 22 59 47 13 53 29 31 32 84 2 68 42 1 68 37 84 76 2 22 5 26 52 0 20 1 54
run=10 seed=9 k=85 f=0
80 13 35 84 34 43 75 23 31 57 58 36 33 7 2 39 33 78 61 3 46 31 11 18 27 10 74 40 24 9 42 23 75 70 80 57 70 14 48 9 59 52 4 63 50 45 50 3 51 64 30 38 0 14 29 82 43 61 84 67 73 77 78 46 34 56 13 4 66 0 39 17 26 24 19 29 71 65 37 51 6 74 22 54 17 84 84 39 54 57
run=11 seed=10 k=85 f=0
38 19 53 49 33 6 25 12 25 67 16 33 33 82 44 63 75 62 11 79 1 42 29 78 47 16 70 4 40 40 59 51 84 55 65 79 61 46 40 52 33 58 21 15 77 1 46 43 48 25 23 48 84 20 71 35 42 74 35 15 67 28 1 32 0 68 4 3 26 16 10 22 57 12 41 4 77 6 46 25 84 73 59 83 65 66 0 58 15 6
run=12 seed=11 k=85 f=0
71 52 63 47 38 84 56 26 68 53 60 42 28 79 18 9 59 71 18 51 38 81 37 39 35 48 17 5 21 3 8 46 58 19 50 31 63 64 5 35 33 32 44 35 26 78 28 45 4 84 55 43 15 0 54 14 78 0 16 73 66 58 37 2 35 3 75 1 73 25 9 21 75 49 38 10 23 83 2 66 66 56 59 79 25 9 24 74 5 30
run=13 seed=12 k=85 f=0
80 72 9 33 83 15 24 54 82 38 24 0 7 39 74 9 69 58 68 8 17 83 15 84 58 42 59 45 62 71 19 0 39 10 7 48 33 27 42 57 26 78 84 42 34 48 27 64 84 16 50 8 53 60 49 5 19 66 34 43 7 22 21 0 76 73 34 78 65 15 36 13 62 18 78 41 23 44 56 62 52 27 48 66 46 28 25 0 84 32
run=14 seed=13 k=85 f=0
20 54 51 61 39 20 22 32 4 41 22 32 84 32 10 69 56 68 62 67 83 28 19 34 24 29 80 63 68 24 1 19 75 25 83 13 80 42 53 56 42 57 60 34 33 69 59 50 20 84 54 50 7 6 8 82 31 39 0 8 63 45 58 17 71 66 40 81 43 4 1 1 72 28 47 14 0 48 9 56 50 76 40 79 34 0 38 12 81 76
run=15 seed=14 k=85 f=0
81 44 16 27 51 0 44 69 57 56 73 56 43 65 26 38 0 30 62 59 52 78 69 14 72 14 80 14 28 48 21 69 76 47 36 17 40 11 30 49 58 45 38 84 24 0 32 38 73 50 7 12 36 19 20 78 76 62 15 49 25 0 4 75 84 23 21 32 27 0 68 27 7 20 59 0 50 71 5 84 9 84 66 3 36 7 82 36 69 44
run=16 seed=15 k=85 f=0
32 81 37 41 1 65 64 11 4 58 68 60 79 78 20 49 65 55 26 13 58 41 3 72 74 0 23 84 20 10 7 19 11 41 55 67 1 72 78 46 50 45 22 1 64 26 57 55 11 28 32 3 41 35 32 47 81 55 84 4 19 13 25 14 54 37 29 84 29 80 6 79 51 36 84 65 28 1 37 31 9 73 84 62 1 65 74 59 74 47
run=17 seed=16 k=85 f=0
74 21 26 26 3 62 2 5 72 43 35 10 6 56 37 77 80 59 84 45 57 1 1 84 7 27 73 11 81 41 13 28 50 48 12 83 81 13 23 30 48 73 67 72 18 44 76 46 2 72 63 33 36 61 32 80 34 62 65 66 54 37 54 0 55 0 44 51 16 16 7 22 63 14 18 22 35 55 6 31 41 50 21 77 81 23 45 0 73 51
run=18 seed=17 k=85 f=0
20 73 67 47 14 69 25 39 43 52 26 46 28 6 82 39 18 7 32 66 82 29 13 0 78 49 78 68 74 58 41 50 48 16 56 21 56 81 8 12 14 76 64 45 8 75 20 77 27 84 30 65 36 0 54 30 84 3 42 0 60 62 52 25 48 21 52 16 58 37 43 84 11 63 70 36 57 69 5 10 69 22 4 33 14 38 0 22 42 78
run=19 seed=18 k=85 f=0
83 77 39 4 63 78 62 34 12 67 81 59 38 29 67 57 62 74 36 7 50 33 81 44 80 40 61 4 74 70 0 15 26 7 7 43 41 25 73 53 37 0 16 1 4 0 46 69 82 4 52 46 49 22 48 60 52 9 27 71 13 19 31 84 0 39 25 43 67 13 55 32 69 76 31 43 17 31 57 56 84 75 50 65 39 17 22 84 5 10
run=20 seed=19 k=85 f=0
0 39 43 2 27 36 51 0 8 60 37 78 22 22 53 11 84 2 58 48 1 52 30 38 38 36 13 75 40 56 50 66 69 82 16 17 40 9 19 28 63 7 42 78 74 58 22 27 0 55 76 16 9 82 51 59 42 15 15 83 67 27 67 62 69 16 0 3 77 21 75 49 28 5 21 54 3 47 28 9 21 34 46 32 60 83 46 29 71 70
