run=1 seed=0 k=89 f=0
61 33 82 81 12 35 59 8 57 22 49 16 2 74 32 1 12 5 24 6 85 10 71 73 13 60 6 15 85 32 46 41 66 65 2 78 47 48 17 75 24 79 29 59 83 56 0 11 38 51 15 10 29 32 87 1 88 9 64 65 0 51 39 77 40 69 26 33 18 42 43 2 88 88 21 47 43 60 36 13 71 55 21 56 27 41 69 50 47 35
run=2 seed=1 k=89 f=0
61 33 82 81 12 35 59 8 57 22 49 16 2 74 32 1 12 5 24 6 85 10 71 73 13 60 6 15 85 32 46 41 66 65 2 78 47 48 17 75 24 79 29 59 83 56 0 11 38 51 15 10 29 32 87 1 88 9 64 65 0 51 39 77 40 69 26 33 18 42 43 2 88 88 21 47 43 60 36 13 71 55 21 56 27 41 69 50 47 35
run=3 seed=2 k=89 f=0
0 63 51 36 52 22 61 56 14 10 87 22 50 79 73 48 57 88 61 34 6 40 36 5 83 66 70 44 16 18 34 78 23 49 75 54 68 69 27 59 10 0 16 63 71 80 11 86 2 46 26 73 16 88 79 7 23 14 58 17 34 4 66 39 40 33 48 33 69 80 26 49 84 38 8 39 41 56 49 67 30 15 75 0 21 87 75 44 34 22
run=4 seed=3 k=89 f=0
53 6 41 62 73 26 38 86 48 76 14 83 3 12 60 41 23 34 31 3 34 22 10 85 26 88 0 86 86 53 54 51 80 54 38 65 35 63 76 16 72 26 10 87 79 48 50 40 75 58 29 22 0 85 19 70 18 25 44 71 16 10 11 81 33 81 3 88 78 38 41 2 30 67 69 8 57 19 70 71 0 62 5 1 87 41 49 10 61 6
run=5 seed=4 k=89 f=0
85 28 76 71 30 4 43 40 22 3 17 0 59 45 32 35 5 38 51 33 55 67 76 80 44 79 33 23 22 56 15 13 0 66 18 7 77 30 75 10 85 25 19 60 25 65 68 44 88 60 64 57 33 0 10 88 63 51 4 17 16 57 0 86 56 79 5 66 44 13 50 36 42 20 25 38 52 5 79 26 83 73 65 0 88 72 70 42 86 54
run=6 seed=5 k=89 f=0
59 6 30 88 33 60 76 19 69 20 73 78 65 84 52 53 26 8 42 9 85 62 10 44 1 58 79 79 58 7 4 29 36 28 22 35 31 88 5 72 70 67 54 78 87 47 39 41 41 0 19 24 13 59 66 33 5 88 36 16 50 25 48 45 40 9 64 71 45 64 20 9 67 2 74 79 1 25 53 83 74 15 18 80 0 14 86 56 8 36
run=7 seed=6 k=89 f=0
12 31 63 42 25 87 19 25 65 80 70 82 16 87 57 74 37 83 36 55 87 66 10 78 25 14 0 48 71 9 48 21 42 34 5 11 53 0 63 26 63 14 18 39 12 36 26 47 44 75 35 38 88 68 68 57 85 2 37 1 21 40 24 46 43 73 79 56 3 70 53 66 2 72 28 31 31 51 79 32 59 47 17 8 27 85 61 23 10 5
run=8 seed=7 k=89 f=0
74 19 49 11 31 35 1 4 46 40 85 69 7 34 58 85 17 55 1 14 51 73 15 0 79 76 22 48 85 53 0 38 67 72 86 33 2 88 62 87 63 78 21 2 45 79 88 56 47 25 74 53 88 66 9 77 57 29 5 5 0 23 82 32 39 26 10 62 61 42 82 57 10 16 41 48 67 85 43 74 11 22 10 47 28 43 62 33 31 68
run=9 seed=8 k=89 f=0
0 25 53 20 57 0 4 64 71 35 3 59 33 77 63 88 30 23 41 44 63 35 52 68 68 0 1 44 58 29 19 0 14 72 20 46 39 41 22 21 12 27 15 64 15 80 1 88 86 69 45 39 52 8 6 54 66 71 85 80 8 6 48 88 48 11 74 55 13 76 80 50 17 6 60 37 24 59 70 50 50 76 34 33 55 88 38 38 26 44
run=10 seed=9 k=89 f=0
40 72 62 29 9 78 22 71 33 28 44 55 35 80 73 53 88 70 30 11 1 26 65 69 22 44 3 56 60 44 52 41 26 63 1 47 86 3 85 16 35 57 40 33 62 47 83 88 27 10 13 9 76 75 15 45 23 64 20 77 19 11 51 24 29 60 1 42 33 78 82 2 64 79 57 46 11 20 88 53 84 66 70 50 77 8 35 60 72 0
run=11 seed=10 k=89 f=0
40 14 1 69 45 0 61 47 26 14 34 81 35 40 7 51 67 79 28 43 22 31 70 58 45 0 48 21 77 38 11 76 85 31 72 65 32 22 12 0 86 15 71 12 82 52 30 44 46 58 29 28 28 63 62 56 7 62 58 5 74 19 5 42 77 84 71 61 68 16 6 69 36 15 17 52 34 78 82 44 39 88 72 53 1 26 87 2 14 50
run=12 seed=11 k=89 f=0
4 76 29 17 61 87 30 61 39 18 24 37 86 52 36 53 79 9 32 0 60 8 12 80 44 19 48 57 75 32 12 68 45 16 52 16 50 26 33 14 85 37 82 54 0 77 58 23 71 62 1 18 44 75 0 74 11 62 79 86 26 62 55 69 6 8 46 77 88 58 34 29 1 23 88 27 34 68 52 52 22 46 67 42 14 0 53 9 85 38
run=13 seed=12 k=89 f=0
52 85 34 62 47 80 86 44 27 33 88 5 60 54 34 28 39 87 21 7 19 73 42 37 77 0 49 24 40 17 70 0 69 71 84 56 84 37 63 42 80 33 53 65 87 19 80 88 13 77 31 68 51 71 28 19 6 0 50 46 67 64 72 16 14 3 10 4 66 0 45 71 32 28 60 16 45 88 26 80 40 57 60 5 79 10 23 73 1 8
run=14 seed=13 k=89 f=0
74 28 18 84 35 10 33 30 86 84 86 52 78 21 1 79 32 47 44 31 38 7 57 49 14 88 74 21 56 37 82 16 15 66 63 45 9 85 47 28 44 0 0 60 30 58 72 1 39 63 11 12 1 88 38 19 9 46 48 88 81 2 14 25 57 77 0 60 74 65 55 65 72 85 9 80 68 4 11 26 55 25 38 76 65 66 18 19 79 69
run=15 seed=14 k=89 f=0
75 14 40 43 43 53 52 9 18 88 22 81 60 45 84 39 11 18 9 8 84 4 37 51 70 29 64 49 2 75 80 26 24 25 2 33 18 83 0 8 88 17 34 76 17 54 25 30 3 88 15 22 38 33 44 67 67 35 42 47 46 56 76 1 57 2 31 27 51 28 78 64 22 45 58 88 11 9 31 38 76 59 39 64 70 71 69 0 77 50
run=16 seed=15 k=89 f=0
31 12 7 76 52 1 62 12 36 49 3 57 61 41 0 79 83 36 65 76 53 88 15 27 16 74 2 83 80 18 10 0 50 77 76 35 45 43 49 74 33 83 6 88 57 88 18 59 17 51 59 70 28 18 68 21 33 24 29 69 3 29 70 15 60 79 52 86 68 48 22 5 67 38 60 57 50 84 20 42 40 9 14 86 45 13 42 66 21 0
run=17 seed=16 k=89 f=0
12 88 35 23 32 2 25 78 83 79 56 82 8 49 63 39 55 87 1 76 69 29 41 57 15 27 5 25 14 66 62 61 17 50 71 21 33 20 65 42 39 88 7 80 87 1 22 74 9 0 85 2 73 19 59 30 43 51 4 6 48 72 22 68 13 43 39 45 14 44 79 58 62 70 15 27 14 33 45 76 80 51 54 33 23 87 38 14 74 44
run=18 seed=17 k=89 f=0
8 36 13 68 11 11 51 26 40 87 85 86 87 10 24 59 48 7 50 55 23 79 54 21 17 39 0 63 33 9 67 6 73 61 81 50 56 83 5 47 43 16 52 32 26 66 43 23 73 0 60 1 19 69 17 72 28 15 73 71 28 0 77 75 35 2 67 41 47 84 68 32 11 80 88 60 48 37 1 59 86 39 65 43 64 4 57 51 18 25
run=19 seed=18 k=89 f=0
78 32 39 31 19 24 41 62 68 10 26 84 73 50 5 15 88 45 37 80 62 88 62 63 21 15 10 51 33 19 24 6 57 74 62 75 1 1 35 14 74 32 19 63 83 47 67 77 8 0 84 66 60 46 10 40 76 32 42 68 22 41 35 55 46 7 6 52 71 53 67 62 51 23 29 13 33 42 1 27 25 55 87 85 17 82 39 0 25 79
run=20 seed=19 k=89 f=0
88 63 1 3 52 8 86 59 48 22 31 40 2 80 81 1 58 22 21 64 71 85 31 84 70 88 60 49 26 42 69 45 39 3 76 54 32 29 88 18 35 38 82 87 39 8 80 37 81 0 13 59 27 66 54 69 87 56 52 49 9 16 28 66 76 20 34 81 7 51 34 65 18 47 47 16 60 74 80 11 58 28 76 14 22 64 73 20 44 38
