run=1 seed=0 k=96 f=0
82 70 9 5 87 31 10 12 5 13 53 64 52 88 95 17 61 68 52 15 59 8 39 45 60 28 14 67 19 31 42 34 10 58 31 25 49 23 67 58 67 93 48 0 68 73 62 20 10 18 77 70 91 41 95 81 14 2 85 1 35 93 92 40 36 41 94 33 1 22 83 39 44 86 3 63 74 92 74 75 79 24 60 75 44 19 53 59 50 79
run=2 seed=1 k=96 f=0
82 70 9 5 87 31 10 12 5 13 53 64 52 88 95 17 61 68 52 15 59 8 39 45 60 28 14 67 19 31 42 34 10 58 31 25 49 23 67 58 67 93 48 0 68 73 62 20 10 18 77 70 91 41 95 81 14 2 85 1 35 93 92 40 36 41 94 33 1 22 83 39 44 86 3 63 74 92 74 75 79 24 60 75 44 19 53 59 50 79
run=3 seed=2 k=96 f=0
90 31 68 47 21 63 0 22 31 72 14 1 50 95 29 12 61 21 63 26 53 20 89 70 83 4 26 14 20 87 45 78 5 93 75 46 58 33 68 77 77 47 0 40 94 85 36 90 24 69 14 85 52 30 48 14 56 43 94 67 95 55 77 11 84 51 42 32 37 34 77 36 15 94 85 9 74 61 60 79 1 87 1 56 71 18 39 0 29 30
run=4 seed=3 k=96 f=0
29 94 24 69 81 9 72 94 1 16 10 75 33 43 58 9 69 2 32 58 67 54 94 90 49 51 77 41 52 60 88 46 16 48 42 17 67 62 25 84 36 92 84 75 40 95 7 55 0 9 23 37 60 21 30 40 60 8 28 85 44 25 31 95 72 21 61 2 82 47 36 56 86 47 78 51 66 0 38 23 75 0 88 14 19 74 26 12 13 17
run=5 seed=4 k=96 f=0
65 36 34 75 5 19 40 91 68 89 8 89 58 44 43 76 22 46 40 53 69 94 0 32 69 95 66 15 0 94 78 58 95 80 91 14 10 65 71 35 13 0 0 71 0 0 22 10 49 30 85 29 40 31 37 44 82 23 26 30 3 51 27 88 57 34 15 9 43 6 60 57 77 82 10 66 61 19 76 86 20 11 83 25 87 69 68 41 64 55
run=6 seed=5 k=96 f=0
82 87 42 13 44 16 1 92 33 13 66 32 8 30 58 68 8 90 4 14 43 59 15 21 95 26 79 25 45 31 66 35 76 5 87 23 5 39 46 95 53 53 30 57 83 87 93 84 49 0 93 63 58 78 81 0 11 66 84 54 79 0 22 63 22 48 88 21 27 43 14 40 95 15 72 63 70 70 1 50 18 95 95 54 75 42 40 3 78 18
run=7 seed=6 k=96 f=0
63 4 2 17 7 53 22 3 10 82 47 58 69 32 27 56 21 35 87 94 63 35 76 30 33 83 47 13 53 95 69 18 56 15 60 86 36 26 64 47 77 25 58 63 65 92 31 45 9 64 6 40 0 50 70 77 95 83 1 91 95 10 63 6 39 90 63 76 10 39 76 72 30 16 51 82 17 0 56 78 73 41 34 89 78 8 41 59 75 92
run=8 seed=7 k=96 f=0
39 79 59 79 79 21 26 15 48 25 6 73 0 6 73 86 0 37 50 60 53 36 60 95 13 76 1 13 34 14 45 22 89 2 11 95 3 72 43 52 25 45 29 46 74 60 84 83 40 8 89 65 67 95 81 55 70 80 75 58 57 41 93 52 94 67 42 1 14 59 45 91 31 19 89 33 4 46 91 8 63 3 36 62 29 28 22 34 55 16
run=9 seed=8 k=96 f=0
88 64 66 29 71 34 94 82 58 33 88 21 5 71 28 84 18 25 33 53 77 11 9 94 7 67 86 75 38 16 91 48 44 16 25 0 2 43 25 51 44 2 4 54 23 78 7 89 95 40 1 54 55 13 62 11 40 14 28 39 30 70 25 93 57 71 13 58 18 38 49 63 86 36 79 85 19 73 66 81 94 59 46 73 38 66 8 56 44 33
run=10 seed=9 k=96 f=0
23 52 37 93 37 29 44 46 74 68 85 69 34 90 85 59 15 23 94 56 79 1 43 21 39 74 84 59 7 61 64 71 15 55 55 95 2 71 1 44 39 64 82 16 51 56 24 3 25 58 27 70 87 10 9 94 85 93 36 18 43 77 42 92 18 84 94 6 20 71 66 12 8 74 1 76 54 8 94 79 44 29 21 38 7 66 33 47 33 47
run=11 seed=10 k=96 f=0
79 21 38 1 66 41 35 47 11 35 23 53 0 52 73 36 0 22 2 81 0 89 43 32 95 47 88 91 25 54 18 71 15 75 74 81 67 31 85 8 64 32 14 71 45 85 16 50 15 37 74 0 95 85 52 1 43 29 95 26 7 58 65 83 62 77 68 11 61 45 58 0 73 48 66 6 93 20 41 66 52 19 18 91 13 39 28 9 85 10
run=12 seed=11 k=96 f=0
32 86 58 77 18 10 20 74 41 19 42 46 38 14 17 92 50 31 30 27 0 14 85 59 82 59 4 2 41 33 28 22 91 56 4 67 54 45 64 64 64 85 5 86 3 7 48 93 33 24 86 61 15 68 19 33 95 73 8 51 75 34 62 66 14 52 78 72 62 46 40 87 95 82 83 37 1 21 92 50 44 53 79 91 75 28 1 95 88 9
run=13 seed=12 k=96 f=0
51 50 28 95 91 63 5 52 1 24 58 93 37 75 83 40 58 69 47 36 94 79 60 0 85 33 59 2 90 77 17 2 95 0 5 15 58 78 71 71 8 53 40 45 75 29 53 72 0 44 68 62 74 32 17 11 81 44 86 55 24 10 55 51 89 87 84 64 71 27 7 79 65 18 95 62 95 50 8 12 23 14 26 29 46 64 85 87 38 3
run=14 seed=13 k=96 f=0
52 3 63 79 28 94 80 54 41 14 68 43 23 66 83 91 40 56 80 18 11 73 1 87 33 88 21 30 48 1 81 23 47 35 93 59 91 19 6 4 58 52 48 10 8 35 32 24 65 9 42 17 51 15 79 85 36 60 83 64 33 54 12 27 26 68 27 85 31 33 95 72 81 77 0 2 45 52 59 40 45 65 2 64 93 14 18 67 1 73
run=15 seed=14 k=96 f=0
91 6 19 90 28 79 23 0 87 10 18 64 0 78 68 12 92 2 70 5 80 60 27 6 76 67 64 52 59 51 48 21 59 39 80 90 27 95 28 83 18 91 50 70 49 37 3 30 54 36 35 9 10 62 15 45 53 13 38 32 18 41 22 59 65 7 52 93 29 24 26 0 74 95 81 11 91 73 56 20 2 45 52 87 69 45 45 82 93 30
run=16 seed=15 k=96 f=0
53 6 93 71 0 81 82 48 31 16 28 15 32 17 41 33 73 66 93 52 84 41 21 22 4 44 12 81 88 95 5 24 58 32 84 68 72 74 85 24 55 6 0 5 61 9 32 64 81 35 33 0 95 56 56 21 72 0 94 89 51 75 40 11 6 94 26 51 61 4 18 32 26 65 87 30 42 80 19 8 13 47 10 93 70 88 60 46 57 29
run=17 seed=16 k=96 f=0
60 78 9 76 3 95 55 21 15 48 35 41 47 15 21 55 45 69 71 74 47 2 69 38 75 27 28 40 83 18 4 18 1 76 49 24 77 52 67 92 68 41 37 83 44 15 47 45 0 84 44 1 74 79 1 32 12 35 25 88 34 63 80 20 45 65 18 26 64 90 57 5 65 84 95 58 75 7 83 94 32 89 24 89 8 66 13 53 67 61
run=18 seed=17 k=96 f=0
30 14 17 35 15 47 49 39 89 15 9 93 50 72 78 7 0 93 90 37 50 41 69 74 67 53 65 43 55 26 12 64 11 58 52 69 6 86 78 21 93 71 18 80 54 70 26 36 46 8 44 79 31 43 4 64 24 60 17 24 86 85 73 70 95 1 69 34 1 82 77 53 22 41 39 95 10 0 59 18 31 80 23 28 91 91 62 55 94 25
run=19 seed=18 k=96 f=0
59 74 79 35 4 78 82 40 68 93 51 15 1 41 10 11 0 45 77 19 35 55 59 43 24 94 0 79 30 64 83 0 31 4 52 42 50 60 11 22 57 45 27 51 39 38 2 29 79 22 20 60 70 86 72 95 16 67 93 85 31 47 58 36 90 15 94 71 81 10 85 4 62 95 55 73 86 26 6 57 66 26 3 17 61 75 8 81 46 14
run=20 seed=19 k=96 f=0
89 56 88 10 22 83 8 33 92 30 1 64 94 30 73 95 70 93 31 28 47 22 47 18 24 85 2 42 73 91 19 11 8 68 42 88 2 0 47 34 40 18 40 29 41 84 13 41 23 44 81 59 35 0 77 17 51 47 92 52 0 79 63 51 90 53 82 61 37 60 28 72 78 59 60 76 4 68 54 79 84 64 75 20 70 25 9 33 40 3
