run=1 seed=0 k=99 f=0
28 55 0 81 56 63 55 6 2 1 41 21 5 3 95 4 89 54 11 72 98 89 60 33 24 98 97 78 91 10 32 20 54 21 95 72 69 96 67 43 51 61 46 28 48 90 59 20 6 37 74 28 46 35 85 72 1 16 49 40 82 81 59 69 58 53 43 57 30 56 1 52 63 81 13 87 79 68 3 86 68 78 37 32 14 24 27 0 80 77
run=2 seed=1 k=99 f=0
28 55 0 81 56 63 55 6 2 1 41 21 5 3 95 4 89 54 11 72 98 89 60 33 24 98 97 78 91 10 32 20 54 21 95 72 69 96 67 43 51 61 46 28 48 90 59 20 6 37 74 28 46 35 85 72 1 16 49 40 82 81 59 69 58 53 43 57 30 56 1 52 63 81 13 87 79 68 3 86 68 78 37 32 14 24 27 0 80 77
run=3 seed=2 k=99 f=0
96 19 17 71 87 12 72 31 67 40 24 27 18 53 34 91 23 49 61 44 37 5 80 46 33 10 95 47 30 33 3 51 61 21 23 62 13 93 54 80 86 31 81 68 82 42 6 97 36 77 62 19 68 42 40 0 98 70 83 70 87 10 54 30 7 75 92 20 68 19 98 55 45 5 58 1 89 79 59 27 15 76 46 71 94 90 0 11 59 90
run=4 seed=3 k=99 f=0
74 67 18 42 69 94 57 83 37 22 1 55 54 82 67 0 15 8 13 93 79 18 31 71 49 58 25 2 20 58 46 54 39 33 31 7 28 23 67 14 11 73 53 79 28 61 51 8 34 0 35 49 98 96 63 47 60 89 29 88 48 98 82 73 9 18 67 36 10 80 40 41 77 80 90 20 29 93 64 12 38 87 62 97 48 22 24 1 13 30
run=5 seed=4 k=99 f=0
79 62 70 57 97 13 87 67 89 30 83 96 94 3 31 69 73 7 78 18 95 23 78 9 36 24 18 46 66 91 54 8 61 0 56 75 88 74 44 24 28 89 20 44 59 15 40 1 57 14 42 9 1 19 61 82 44 6 29 12 38 82 54 52 53 98 24 2 0 66 30 51 47 71 91 66 25 34 74 83 51 36 35 98 58 42 82 0 73 34
run=6 seed=5 k=99 f=0
88 31 12 33 5 65 98 3 42 49 36 92 43 31 0 25 69 5 76 0 79 52 81 3 80 98 24 31 91 91 9 66 10 26 69 19 56 36 61 24 40 98 17 84 88 36 0 28 1 12 56 72 27 55 75 93 28 77 59 4 85 41 70 90 82 9 19 97 45 78 63 13 76 98 49 83 54 49 10 17 35 17 78 55 89 69 40 63 42 59
run=7 seed=6 k=99 f=0
45 81 97 5 86 77 69 8 91 31 47 6 51 38 36 55 3 39 48 61 41 92 88 57 71 63 78 73 93 26 55 21 20 50 24 32 60 94 84 83 48 80 68 6 29 14 27 67 52 75 12 15 87 0 19 59 62 95 31 39 44 86 30 82 36 24 81 1 69 66 57 24 97 1 12 38 32 39 88 84 11 98 46 28 2 65 23 91 60 31
run=8 seed=7 k=99 f=0
81 51 41 4 28 48 50 64 6 66 95 3 4 75 37 0 46 65 45 0 35 67 0 43 38 10 82 18 91 68 32 91 94 4 78 42 27 26 43 44 98 53 35 9 23 71 78 58 36 72 20 68 57 98 56 98 69 53 27 8 19 78 81 87 86 38 29 49 83 59 80 98 91 16 98 6 74 29 12 21 60 18 87 14 46 62 28 91 10 0
run=9 seed=8 k=99 f=0
10 78 93 86 90 84 34 71 42 0 76 30 61 56 87 44 33 16 0 26 18 52 30 40 71 72 10 53 1 54 89 32 71 9 29 38 58 0 53 44 77 6 24 73 62 15 16 94 65 1 19 48 23 50 40 14 98 97 90 15 46 4 67 79 33 50 70 91 66 2 89 81 10 26 53 41 37 93 57 17 74 83 5 65 46 3 98 68 98 61
run=10 seed=9 k=99 f=0
31 63 70 22 65 83 95 3 47 23 34 6 97 67 73 74 98 45 84 76 98 42 31 70 57 71 96 9 23 79 33 55 88 74 37 34 53 31 12 43 54 47 95 38 13 67 27 12 14 27 87 7 40 19 20 55 91 21 87 48 79 91 63 2 42 92 34 38 13 47 9 84 90 35 60 70 3 61 61 16 27 5 21 86 22 2 51 8 16 83
run=11 seed=10 k=99 f=0
11 49 84 98 75 98 23 28 89 32 11 31 43 72 60 67 2 16 44 66 80 18 79 31 16 79 7 73 31 22 96 26 24 42 32 0 90 55 75 80 88 86 66 23 57 3 31 31 9 39 45 57 53 52 33 1 63 68 1 95 71 82 47 94 18 80 38 48 34 66 86 21 98 50 26 40 44 74 55 14 10 97 9 5 45 95 62 58 88 45
run=12 seed=11 k=99 f=0
77 93 87 97 42 47 4 38 95 22 44 82 96 59 1 31 10 62 4 96 24 40 28 58 86 35 16 50 73 25 95 49 85 83 22 7 33 71 7 57 40 64 97 35 69 9 0 78 47 26 51 24 68 75 53 2 98 70 2 45 57 97 41 44 64 61 15 12 80 76 76 0 17 21 89 55 19 5 34 35 14 89 28 13 71 43 0 88 46 80
run=13 seed=12 k=99 f=0
48 84 23 54 1 45 48 2 76 72 36 90 52 29 76 20 20 70 38 79 10 50 45 73 60 56 35 95 60 26 84 31 65 80 85 70 81 98 70 58 2 43 17 54 91 98 74 36 12 77 97 17 65 65 89 26 51 40 24 12 4 3 98 31 11 63 36 83 91 63 38 24 27 30 47 18 92 45 54 0 98 74 18 62 0 8 97 90 83 8
run=14 seed=13 k=99 f=0
30 83 75 9 19 64 95 71 35 61 66 54 10 63 98 66 77 22 37 78 56 74 70 71 90 91 96 51 77 55 48 8 1 56 74 95 76 13 24 67 87 93 0 92 14 46 58 21 24 69 0 21 12 0 46 5 63 91 20 42 44 0 46 84 90 85 39 76 34 38 29 18 2 36 37 84 43 21 43 63 26 49 98 98 2 83 60 30 6 5
run=15 seed=14 k=99 f=0
58 36 69 45 70 36 65 78 56 86 9 49 0 75 23 74 60 32 49 26 44 58 69 56 40 98 37 94 95 21 84 20 41 0 95 88 33 61 20 73 51 80 11 43 6 63 18 66 41 81 65 36 0 62 86 25 42 82 71 94 8 24 94 74 45 16 79 53 1 0 67 3 28 9 47 11 76 76 96 65 29 89 3 94 52 90 18 98 8 24
run=16 seed=15 k=99 f=0
58 69 3 2 98 27 49 42 46 25 22 97 11 44 76 60 52 20 53 62 51 35 54 60 93 4 72 93 57 35 92 18 2 57 90 7 87 83 7 17 7 39 32 40 24 64 76 74 79 27 21 67 36 2 48 2 63 39 87 13 59 78 11 11 73 61 35 39 98 13 42 50 15 26 66 13 93 44 78 69 73 29 35 96 4 52 88 82 90 74
run=17 seed=16 k=99 f=0
94 26 15 67 21 96 79 43 87 78 96 58 26 75 72 60 61 25 2 3 49 68 3 41 8 41 49 41 25 0 5 79 87 85 47 35 23 13 7 32 95 72 73 44 39 44 1 38 87 16 60 13 70 10 2 78 63 2 40 85 0 47 62 34 33 69 46 26 19 32 8 66 78 80 51 88 23 9 27 94 95 33 6 64 57 59 96 20 61 82
run=18 seed=17 k=99 f=0
79 48 98 53 58 18 37 63 53 14 46 1 68 39 97 77 62 14 96 26 2 67 33 94 91 43 64 40 49 17 10 87 58 29 25 15 35 77 6 87 73 8 38 44 47 7 20 84 98 54 87 77 80 42 58 70 74 16 38 6 32 61 91 85 88 9 6 22 54 44 7 50 89 45 23 64 28 1 96 36 19 31 60 98 79 25 70 80 67 2
run=19 seed=18 k=99 f=0
16 26 55 25 68 27 16 86 20 36 24 20 98 23 53 75 28 68 49 6 93 11 68 4 9 85 90 74 96 58 61 1 85 45 37 69 44 3 37 64 32 86 13 36 63 10 3 11 0 48 41 75 97 8 80 62 96 35 78 91 78 40 4 92 54 71 59 25 45 13 61 82 39 77 19 26 85 71 15 38 20 56 42 31 63 21 8 48 40 42
run=20 seed=19 k=99 f=0
20 52 97 83 89 77 34 10 2 67 34 32 35 63 94 95 90 45 69 13 26 61 23 72 13 29 20 74 29 31 51 18 44 26 27 71 1 35 44 51 38 75 54 12 5 25 88 85 47 38 3 95 5 11 68 18 56 86 92 85 13 22 36 83 87 62 13 40 83 56 97 97 79 8 20 37 31 98 66 1 42 1 96 0 47 64 64 47 49 58
