run=1 seed=0 k=80 f=0
23 5 28 37 2 15 25 9 55 61 41 52 52 52 3 56 1 8 71 56 64 14 27 29 35 26 62 11 15 0 35 37 35 64 32 23 30 0 51 42 21 9 30 48 25 58 78 4 10 59 79 6 43 18 55 35 61 79 0 9 33 0 44 38 24 26 46 49 29 53 49 72 68 15 17 51 63 45 72 76 46 78 76 74 20 65 79 9 34 71
run=2 seed=1 k=80 f=0
23 5 28 37 2 15 25 9 55 61 41 52 52 52 3 56 1 8 71 56 64 14 27 29 35 26 62 11 15 0 35 37 35 64 32 23 30 0 51 42 21 9 30 48 25 58 78 4 10 59 79 6 43 18 55 35 61 79 0 9 33 0 44 38 24 26 46 49 29 53 49 72 68 15 17 51 63 45 72 76 46 78 76 74 20 65 79 9 34 71
run=3 seed=2 k=80 f=0
19 52 18 0 22 56 64 6 25 27 74 11 14 53 62 8 25 50 47 7 0 43 9 79 14 79 10 38 14 21 32 17 24 61 1 75 55 13 42 79 74 79 32 26 77 31 3 34 47 58 44 5 1 55 0 70 40 43 24 23 67 38 63 72 52 79 37 54 61 30 8 64 34 69 41 12 42 51 48 40 68 31 3 22 37 2 17 60 77 64
run=4 seed=3 k=80 f=0
0 66 1 24 21 56 45 68 63 11 7 73 49 18 63 49 3 10 7 61 37 16 78 58 76 48 50 18 53 75 76 29 72 44 32 8 31 77 35 55 30 12 0 21 65 8 73 71 59 32 41 34 15 41 28 8 68 40 46 3 23 40 45 61 52 39 13 27 79 66 54 47 41 79 70 52 47 16 24 36 58 0 27 18 70 24 79 4 25 38
run=5 seed=4 k=80 f=0
61 52 4 46 35 52 63 18 79 25 7 17 78 42 43 22 48 64 45 72 0 35 67 59 33 1 2 14 6 15 61 10 21 75 52 63 74 3 57 1 54 39 12 79 4 11 22 41 57 79 70 50 26 68 42 33 18 50 47 79 8 69 11 55 66 68 31 16 27 77 20 38 41 66 34 5 13 38 63 6 58 78 23 28 16 31 70 25 16 16
run=6 seed=5 k=80 f=0
75 41 50 5 54 32 0 39 4 7 72 35 50 73 25 21 9 72 5 40 0 75 79 56 51 58 66 35 52 47 40 33 61 15 39 61 56 56 50 42 26 79 6 11 43 18 77 49 46 79 14 15 67 13 26 77 25 9 18 29 17 11 42 44 0 63 60 0 56 21 51 65 27 31 34 63 40 38 27 0 68 47 19 65 8 71 1 79 35 20
run=7 seed=6 k=80 f=0
61 20 15 40 54 23 6 2 42 18 12 68 39 55 2 29 40 0 19 23 2 64 60 63 12 65 0 52 42 17 5 49 72 17 45 10 35 78 37 79 35 72 43 38 77 45 59 61 2 56 75 19 15 62 52 12 0 12 34 0 47 59 78 9 27 71 79 45 57 55 71 24 79 56 23 28 49 8 44 79 40 9 2 61 79 22 32 28 49 75
run=8 seed=7 k=80 f=0
37 75 74 31 44 43 64 62 0 73 54 44 33 29 2 40 15 66 18 16 65 30 28 23 26 0 1 21 5 79 60 51 49 73 4 17 58 10 39 67 37 23 29 1 60 7 20 77 52 24 52 78 71 69 20 53 32 26 36 7 8 68 29 57 3 67 26 49 2 11 41 0 62 75 79 59 16 44 73 71 79 11 7 49 45 16 33 64 50 45
run=9 seed=8 k=80 f=0
56 15 2 29 71 68 62 26 60 66 8 62 36 7 19 54 17 30 21 34 61 77 57 12 12 58 79 0 39 0 74 45 62 12 61 40 45 1 50 12 24 15 63 39 0 29 23 76 79 9 65 27 35 37 21 45 51 75 69 71 24 35 9 76 77 16 77 26 0 54 52 20 70 52 44 76 53 71 53 25 7 28 30 37 22 5 0 42 17 67
run=10 seed=9 k=80 f=0
4 0 61 68 8 0 3 7 55 48 60 23 0 20 37 43 43 74 52 69 54 18 11 58 15 3 44 72 29 35 79 79 63 56 69 37 41 65 77 79 63 38 47 7 34 69 40 34 14 59 12 54 30 28 15 23 18 55 46 75 50 56 18 36 37 70 78 24 11 1 9 32 79 27 22 57 46 21 22 8 64 2 79 28 31 47 68 78 65 53
run=11 seed=10 k=80 f=0
15 35 41 10 32 56 35 32 27 67 6 29 41 65 28 57 8 75 68 20 46 9 75 24 6 22 70 36 79 38 15 25 54 3 61 65 44 17 63 74 29 52 38 24 79 21 16 78 50 0 58 57 70 42 47 9 75 65 60 48 15 21 17 64 78 43 4 30 79 0 57 1 79 34 32 10 1 48 71 15 16 2 34 26 31 7 42 79 21 53
run=12 seed=11 k=80 f=0
52 20 73 45 79 55 60 5 9 3 0 1 38 23 1 36 7 48 69 21 49 72 66 21 16 35 75 43 52 64 45 3 58 62 52 10 35 78 51 13 38 41 31 7 46 25 48 47 50 26 13 77 16 61 22 68 32 69 65 54 42 77 77 0 42 0 14 27 79 30 55 60 63 45 70 73 33 5 10 13 25 16 18 14 34 78 79 55 40 59
run=13 seed=12 k=80 f=0
0 73 59 52 32 52 15 9 17 24 35 60 33 70 23 22 32 46 70 71 60 31 60 11 65 13 0 66 10 77 50 79 42 27 56 16 48 38 77 9 37 27 17 11 0 17 69 41 68 79 28 78 1 15 0 67 6 79 19 39 51 8 33 71 48 4 36 76 2 42 7 30 24 56 62 66 21 64 10 3 49 38 60 56 44 71 40 21 54 21
run=14 seed=13 k=80 f=0
12 5 50 32 11 37 32 21 9 51 68 41 42 30 79 43 9 65 71 26 13 52 49 67 33 26 0 69 19 79 46 61 0 11 39 23 5 72 62 22 37 7 0 5 79 30 9 24 17 49 58 1 0 30 31 47 52 64 35 9 33 57 53 19 41 79 75 21 77 9 79 78 69 73 40 66 13 49 56 13 0 21 68 54 45 56 59 24 46 75
run=15 seed=14 k=80 f=0
54 46 79 44 16 60 7 47 6 26 14 66 0 14 76 70 48 32 27 3 58 24 42 12 4 23 79 65 43 3 5 39 27 20 68 8 21 39 56 37 62 20 4 45 50 6 16 78 30 0 37 70 79 78 52 69 56 47 74 18 55 31 38 12 28 25 52 64 31 53 63 75 16 70 71 44 33 21 65 38 0 10 15 77 50 58 38 30 29 58
run=16 seed=15 k=80 f=0
42 46 13 49 14 79 34 69 38 32 43 11 61 71 35 19 8 41 5 30 55 35 53 0 38 79 8 66 15 64 35 78 9 34 56 63 79 5 13 0 44 49 57 71 58 19 56 53 39 0 56 23 58 71 25 62 27 28 2 0 22 27 5 65 50 28 74 71 12 24 14 55 71 69 50 36 44 79 73 16 42 62 14 75 21 49 31 32 9 19
run=17 seed=16 k=80 f=0
27 68 8 9 79 54 7 66 11 48 26 34 79 13 3 8 28 15 39 67 60 30 21 52 76 39 27 72 51 18 4 52 14 73 60 78 62 27 19 52 57 45 59 33 66 8 21 19 17 0 74 33 73 2 5 42 11 39 79 18 46 43 64 51 47 76 61 56 15 44 22 1 57 69 65 32 66 63 0 32 23 72 0 35 38 23 9 0 42 79
run=18 seed=17 k=80 f=0
67 78 64 67 50 0 65 53 73 14 48 40 16 1 54 26 57 9 59 22 62 45 45 27 52 37 8 30 40 57 69 14 7 60 10 55 79 17 76 22 32 54 70 52 70 0 10 47 6 65 48 15 74 77 32 39 66 46 7 18 14 5 57 79 10 63 5 79 71 16 22 59 30 71 0 45 77 42 79 63 0 37 9 43 31 34 48 79 46 26
run=19 seed=18 k=80 f=0
8 39 49 16 68 56 7 72 8 77 19 61 42 58 78 45 37 79 0 79 66 24 11 59 54 66 41 19 17 0 73 57 33 6 52 16 38 41 13 55 8 28 62 11 79 27 66 0 77 45 66 76 22 16 32 19 7 67 0 5 30 70 26 17 26 35 28 23 11 33 72 47 0 13 56 62 78 74 52 21 35 74 69 50 43 4 9 50 53 3
run=20 seed=19 k=80 f=0
70 63 4 42 6 38 41 24 52 4 18 3 19 46 4 30 19 32 66 3 43 7 15 0 15 0 16 27 79 79 7 77 54 53 74 17 22 79 60 38 25 12 4 57 53 9 77 3 30 10 65 11 70 22 15 65 51 63 26 38 51 72 31 45 46 12 24 24 69 8 25 56 79 75 60 39 26 35 53 69 0 59 75 71 35 45 38 57 56 76
