run=1 seed=0 k=77 f=0
50 31 72 68 1 0 66 54 36 59 10 41 27 25 36 43 11 18 16 44 23 63 5 44 37 61 33 76 36 20 54 7 10 47 73 13 31 63 39 69 73 29 72 56 29 4 48 9 21 50 5 11 35 57 34 24 39 60 71 73 75 53 59 4 17 75 54 21 52 56
run=2 seed=1 k=77 f=0
50 31 72 68 1 0 66 54 36 59 10 41 27 25 36 43 11 18 16 44 23 63 5 44 37 61 33 76 36 20 54 7 10 47 73 13 31 63 39 69 73 29 72 56 29 4 48 9 21 50 5 11 35 57 34 24 39 60 71 73 75 53 59 4 17 75 54 21 52 56
run=3 seed=2 k=77 f=0
36 74 61 57 56 20 65 14 61 16 48 7 62 42 47 0 24 68 67 0 36 45 58 71 60 10 26 1 10 44 71 9 12 43 45 29 57 75 33 69 64 76 56 39 50 31 28 29 39 52 17 74 0 20 1 49 31 21 67 38 61 21 43 32 62 9 52 76 57 8
run=4 seed=3 k=77 f=0
11 0 7 1 69 46 57 40 15 33 5 68 43 59 59 11 41 65 49 16 74 29 20 34 5 29 73 68 28 25 1 39 29 10 2 60 39 74 23 52 13 56 33 56 61 17 66 32 5 76 46 49 54 32 1 67 22 1 47 44 19 53 52 49 61 7 34 23 65 57
run=5 seed=4 k=77 f=0
35 31 62 57 60 21 41 10 48 72 34 68 72 30 2 52 51 18 34 55 17 7 34 17 58 2 48 57 11 3 43 67 12 26 24 75 50 46 66 20 71 11 57 33 20 28 7 64 14 38 23 20 61 74 70 39 1 63 26 12 23 0 28 9 75 2 68 46 45 30
run=6 seed=5 k=77 f=0
22 76 45 72 49 76 10 22 9 60 14 15 69 20 60 58 55 62 70 66 5 46 4 36 66 8 62 32 32 14 75 33 11 41 61 38 64 69 6 51 48 75 51 56 41 75 22 17 45 70 6 50 33 11 13 0 27 2 53 29 23 2 48 28 58 31 68 20 23 23
run=7 seed=6 k=77 f=0
56 61 42 74 64 3 53 56 36 42 14 21 51 19 41 76 76 6 8 76 53 36 33 35 49 40 45 3 33 13 66 44 20 28 16 8 10 38 44 67 57 0 16 72 17 76 56 59 54 31 1 44 0 33 63 23 73 29 64 28 69 68 27 47 69 46 15 58 27 62
run=8 seed=7 k=77 f=0
4 31 52 15 49 60 17 53 39 35 19 45 48 9 26 25 13 76 8 66 3 70 66 35 63 61 3 53 36 59 27 60 10 2 1 11 60 16 44 74 51 14 68 22 33 16 45 72 68 51 68 2 35 72 39 9 35 38 38 75 20 1 48 30 27 30 56 49 51 26
run=9 seed=8 k=77 f=0
28 4 16 11 13 5 67 16 42 11 10 63 47 45 10 55 2 49 47 26 62 76 52 66 25 36 55 64 76 0 61 20 76 0 39 49 3 27 75 17 31 5 57 35 7 37 60 72 10 73 19 56 54 71 11 52 27 58 35 16 22 68 56 65 38 63 26 36 44 76
run=10 seed=9 k=77 f=0
58 62 45 62 34 6 67 68 72 8 42 20 72 1 3 55 76 22 18 21 0 74 42 15 14 53 30 18 58 2 14 38 25 11 4 29 75 40 1 43 68 51 49 74 2 51 38 63 35 68 21 29 0 63 58 16 25 10 30 69 46 42 41 31 32 26 21 31 10 47
run=11 seed=10 k=77 f=0
52 3 41 56 42 76 12 17 12 4 75 15 58 61 18 20 18 62 73 66 37 70 24 64 49 0 32 70 49 9 7 9 45 24 21 51 65 33 44 36 44 1 9 1 2 25 9 21 75 39 71 35 56 60 53 59 30 5 52 39 30 58 69 72 3 38 1 30 25 22
run=12 seed=11 k=77 f=0
76 11 43 2 9 60 15 2 36 21 13 62 61 4 5 76 18 9 39 55 35 51 39 14 53 57 27 50 23 67 40 60 19 16 22 27 11 35 29 35 60 4 68 76 25 71 33 71 3 75 76 50 34 31 51 23 50 44 68 2 42 33 52 26 45 14 0 67 44 43
run=13 seed=12 k=77 f=0
17 75 4 74 23 44 44 74 65 28 34 2 52 18 68 44 11 76 56 76 54 8 23 20 38 41 0 45 7 59 51 68 10 13 63 34 73 51 40 61 25 40 62 32 4 39 74 55 20 67 42 72 58 13 1 7 31 29 1 61 49 52 31 24 22 24 58 19 26 8
run=14 seed=13 k=77 f=0
41 6 42 31 5 9 49 76 24 27 47 59 29 30 65 22 53 36 55 23 15 52 15 16 46 10 4 7 44 40 76 62 49 43 46 37 74 2 55 19 57 39 28 74 69 35 58 69 46 20 66 63 29 75 16 48 30 0 2 32 70 0 2 64 67 32 2 61 70 52
run=15 seed=14 k=77 f=0
1 24 69 32 62 72 0 16 27 33 20 62 16 64 56 30 51 76 14 48 41 0 25 73 73 27 14 72 7 43 21 67 65 65 29 49 19 1 58 46 55 7 31 10 6 8 40 55 71 17 0 25 36 51 21 47 38 32 60 44 6 54 6 43 40 36 48 22 75 22
run=16 seed=15 k=77 f=0
17 33 58 56 35 49 16 16 2 70 53 53 11 31 26 71 49 62 64 0 47 7 32 73 47 4 22 60 50 0 42 39 41 0 11 22 33 28 69 74 7 76 10 16 24 47 10 21 65 14 63 67 28 1 76 38 56 1 21 13 41 2 63 36 43 72 2 38 61 39
run=17 seed=16 k=77 f=0
12 0 26 56 65 14 9 66 21 34 74 37 50 31 72 73 40 61 20 47 40 15 14 8 41 25 0 62 51 38 5 57 35 9 39 29 22 0 26 2 74 31 20 39 33 44 56 45 53 76 14 24 15 11 32 56 76 57 7 5 66 52 62 47 39 73 68 66 65 26
run=18 seed=17 k=77 f=0
76 21 65 2 36 19 17 73 55 64 40 59 57 6 16 55 30 75 76 56 46 32 44 70 72 1 53 50 29 11 62 64 36 60 57 70 25 12 6 43 75 8 24 55 14 66 31 42 39 53 21 47 17 22 37 31 48 4 72 0 9 42 3 46 52 64 39 33 0 43
run=19 seed=18 k=77 f=0
18 31 11 24 2 60 2 26 1 52 17 74 32 20 61 50 66 7 40 41 71 20 68 4 25 39 40 39 30 14 0 9 46 46 72 3 0 0 7 10 49 64 70 27 74 53 42 33 59 49 74 44 25 16 34 18 28 69 56 58 12 15 48 56 54 75 59 5 0 66
run=20 seed=19 k=77 f=0
43 23 76 54 42 54 6 63 74 34 1 14 39 13 57 35 17 34 55 57 15 51 12 28 46 1 9 19 26 71 72 6 72 47 62 76 53 24 40 29 59 21 75 1 20 3 11 66 36 66 47 51 27 71 13 7 32 64 29 71 44 62 36 59 31 18 35 7 40 17
