run=1 seed=0 k=66 f=0
61 10 39 13 38 10 22 0 34 1 8 55 4 25 29 53 42 54 11 26 65 30 12 33 26 33 3 43 16 62 65 21 54 36 29 40 36 26 58 10 51 59 15 47 44 47 26 20 1 61 41 39 14 2 65 41 50 21 47 6 22 15 62 3 49 53 10 64 37 23
run=2 seed=1 k=66 f=0
61 10 39 13 38 10 22 0 34 1 8 55 4 25 29 53 42 54 11 26 65 30 12 33 26 33 3 43 16 62 65 21 54 36 29 40 36 26 58 10 51 59 15 47 44 47 26 20 1 61 41 39 14 2 65 41 50 21 47 6 22 15 62 3 49 53 10 64 37 23
run=3 seed=2 k=66 f=0
56 47 50 5 45 60 55 20 1 27 64 27 51 53 65 33 32 24 65 37 14 23 47 14 44 43 24 14 11 33 3 58 25 55 55 63 46 31 9 1 40 29 3 37 12 19 6 42 8 17 62 33 55 7 13 50 17 37 50 4 0 54 10 64 45 25 19 20 2 52
run=4 seed=3 k=66 f=0
0 0 59 65 50 20 65 3 37 26 10 37 21 63 9 40 55 37 13 27 50 19 64 12 9 29 1 37 28 53 16 6 58 52 2 60 51 27 33 30 46 44 15 1 65 15 33 10 22 46 35 49 65 31 62 47 60 42 36 48 12 31 64 7 42 57 1 18 65 21
run=5 seed=4 k=66 f=0
64 53 3 41 31 46 21 1 54 17 20 0 0 65 22 36 40 7 45 11 29 62 12 26 3 56 18 5 0 58 32 16 46 26 13 44 30 35 42 54 49 40 16 22 26 40 40 64 24 65 9 13 15 64 61 9 53 11 50 12 32 49 21 49 55 29 57 59 1 0
run=6 seed=5 k=66 f=0
65 50 12 0 1 64 65 34 9 49 28 25 36 15 50 27 22 29 48 11 0 19 15 45 21 8 37 30 26 25 0 36 22 52 39 59 45 3 20 57 53 23 14 21 64 2 33 53 15 43 63 39 65 9 39 27 61 11 65 54 34 41 31 60 44 42 52 9 45 12
run=7 seed=6 k=66 f=0
45 61 64 42 20 35 64 42 1 64 58 49 51 41 15 28 13 57 11 40 6 15 22 24 56 29 12 34 8 60 20 54 40 50 30 42 10 27 13 22 48 0 65 0 65 30 27 52 36 1 1 28 65 44 17 8 62 62 31 4 22 20 60 40 3 22 15 34 22 33
run=8 seed=7 k=66 f=0
60 51 2 37 61 54 50 30 6 13 44 1 37 14 11 57 45 29 8 31 2 27 0 2 30 55 49 32 56 17 64 36 54 0 1 41 27 61 12 44 7 51 49 18 0 65 12 25 35 15 25 35 24 25 38 44 15 18 60 65 64 21 15 8 21 35 18 49 19 59
run=9 seed=8 k=66 f=0
13 58 26 11 57 60 19 5 9 33 43 17 6 12 21 43 0 57 36 59 0 12 63 27 20 34 60 53 63 45 53 65 38 65 48 27 25 49 55 0 37 6 29 0 28 48 49 28 8 50 19 48 62 16 20 40 26 64 33 51 41 4 56 11 35 17 37 60 22 2
run=10 seed=9 k=66 f=0
13 56 1 60 53 57 18 39 14 56 34 42 64 53 7 48 65 12 65 43 27 8 31 4 32 38 30 49 25 13 4 0 42 3 37 34 20 32 12 32 20 60 62 19 15 1 60 45 14 25 39 6 48 10 44 25 25 54 52 60 0 23 30 53 50 1 34 5 18 47
run=11 seed=10 k=66 f=0
51 19 8 47 42 16 37 45 23 65 16 47 47 39 62 11 35 12 4 60 44 64 13 65 18 44 17 37 64 0 28 53 4 21 30 33 58 2 9 14 55 38 31 43 60 41 64 7 65 56 8 45 23 19 52 37 63 27 8 0 4 28 47 63 64 55 26 41 28 33
run=12 seed=11 k=66 f=0
11 9 41 5 9 36 17 8 29 37 32 18 53 26 5 35 43 19 60 11 57 43 61 25 54 34 37 48 7 63 0 16 19 0 22 29 56 57 40 65 16 65 46 4 3 44 0 10 3 59 55 61 24 50 29 21 31 34 2 23 50 64 41 10 65 62 36 14 24 47
run=13 seed=12 k=66 f=0
33 28 56 50 7 28 11 58 51 6 3 59 49 33 10 21 46 25 38 52 14 48 55 40 62 55 23 24 60 59 18 0 65 51 52 5 40 65 22 17 2 30 33 10 29 28 41 36 21 12 11 50 65 65 42 17 18 0 42 12 37 43 13 0 11 3 36 52 60 31
run=14 seed=13 k=66 f=0
30 61 9 10 52 64 53 5 44 5 65 55 56 30 65 13 36 50 63 12 29 47 37 38 59 58 46 18 11 28 64 37 1 31 41 22 12 12 49 49 16 20 42 26 43 35 47 54 28 4 0 41 45 7 0 37 31 23 53 33 14 0 13 20 23 19 65 20 1 63
run=15 seed=14 k=66 f=0
47 58 24 12 33 50 65 12 65 14 42 52 8 49 56 43 65 32 0 59 34 24 3 52 55 5 43 28 29 21 37 52 42 21 42 1 3 61 55 35 0 28 0 10 19 63 51 0 27 46 59 3 14 62 42 35 8 17 3 64 37 8 41 53 29 25 46 33 17 33
run=16 seed=15 k=66 f=0
15 6 3 17 38 37 16 60 13 54 56 65 42 20 65 33 14 63 0 33 25 61 21 31 4 37 65 27 34 54 59 52 52 53 47 18 22 17 7 35 7 6 32 57 21 58 10 5 47 28 43 1 2 59 0 27 27 0 15 13 55 45 32 45 41 65 62 60 43 2
run=17 seed=16 k=66 f=0
60 15 15 40 21 32 31 15 21 12 59 41 23 9 49 56 1 29 38 19 41 26 3 8 30 47 16 28 25 26 40 0 65 53 5 34 53 63 28 0 56 64 5 57 6 11 1 0 20 9 47 61 64 46 20 45 30 35 7 20 55 64 62 38 37 10 18 44 51 62
run=18 seed=17 k=66 f=0
12 24 65 30 63 21 62 47 53 53 14 0 26 25 0 42 17 2 30 45 53 65 33 20 36 39 64 64 4 0 45 18 58 61 52 12 29 37 6 20 9 59 12 44 51 39 20 9 56 48 54 31 65 10 52 0 1 48 5 6 32 59 25 26 30 32 39 22 33 43
run=19 seed=18 k=66 f=0
52 28 55 25 58 28 12 52 20 3 44 56 47 0 28 15 4 42 29 17 65 1 35 34 49 18 7 10 18 65 28 47 57 0 2 41 44 35 7 64 39 9 14 4 63 2 20 55 33 50 48 42 65 40 64 44 21 21 54 24 11 7 35 25 21 12 26 35 33 55
run=20 seed=19 k=66 f=0
19 23 64 10 6 41 14 63 49 34 5 58 43 30 13 45 52 59 55 46 59 2 23 64 28 1 20 6 62 46 11 17 32 47 41 32 1 5 11 65 37 10 26 51 37 25 55 61 18 44 3 23 64 65 35 18 23 53 26 65 10 7 3 16 54 29 46 16 36 56
