run=1 seed=0 k=47 f=0
14 40 43 46 4 35 29 7 43 32 3 25 37 33 46 12 28 38 41 27 20 31 0 16 2 9 0 25 4 26 18 0 8 30 15 6 42 45 39 1 40 8 13 8 26 19 36 2 35 46 10 20 0 33 1 25 24 30 37 46 16 36 30 21 19 16 46 18 46 35
run=2 seed=1 k=47 f=0
14 40 43 46 4 35 29 7 43 32 3 25 37 33 46 12 28 38 41 27 20 31 0 16 2 9 0 25 4 26 18 0 8 30 15 6 42 45 39 1 40 8 13 8 26 19 36 2 35 46 10 20 0 33 1 25 24 30 37 46 16 36 30 21 19 16 46 18 46 35
run=3 seed=2 k=47 f=0
46 6 2 7 13 11 1 39 0 21 43 40 9 8 0 37 18 8 4 22 15 46 16 46 43 37 15 28 19 32 31 27 41 16 33 22 4 1 7 15 41 9 33 38 18 24 29 43 11 0 0 28 46 44 45 21 21 33 34 10 30 0 17 25 26 31 38 29 1 23
run=4 seed=3 k=47 f=0
29 13 21 23 14 22 18 40 2 20 0 7 10 45 39 19 15 8 32 41 34 3 16 31 0 37 15 5 11 46 28 46 24 17 23 41 43 1 7 16 2 8 33 38 9 34 10 43 22 0 38 30 46 0 45 12 40 0 16 27 30 36 16 25 27 31 3 45 25 7
run=5 seed=4 k=47 f=0
34 40 46 8 4 35 11 7 44 42 3 25 7 2 46 12 28 38 42 26 19 30 0 0 18 9 46 15 20 35 41 0 29 30 15 5 10 45 39 1 13 8 13 8 26 41 15 2 35 46 26 45 0 33 1 24 24 20 37 46 16 36 30 21 19 15 32 1 46 19
run=6 seed=5 k=47 f=0
12 6 16 11 42 11 11 39 3 21 43 23 7 13 46 34 18 8 5 31 24 15 1 38 44 37 46 37 42 1 4 46 23 16 31 40 42 1 7 1 33 38 33 38 20 17 3 44 11 0 21 2 46 13 45 21 22 31 9 10 30 0 17 25 26 30 31 28 0 28
run=8 seed=7 k=47 f=0
23 33 17 8 24 24 39 7 44 42 46 39 27 2 39 46 31 21 14 5 12 23 13 0 20 9 36 8 33 45 41 0 18 29 3 5 13 46 39 1 13 19 13 8 38 33 27 3 24 45 27 13 0 33 1 34 43 46 29 10 16 29 29 38 20 15 22 1 38 19
run=10 seed=9 k=47 f=0
29 6 0 38 42 11 7 39 2 21 43 21 39 24 0 34 18 8 4 20 27 15 46 19 44 37 46 10 42 1 4 46 24 16 31 40 36 1 7 45 32 38 33 38 19 5 20 44 11 0 11 15 46 13 45 22 22 16 9 0 30 10 16 25 27 31 34 27 0 27
run=11 seed=10 k=47 f=0
24 13 2 0 34 22 38 40 2 6 0 6 20 42 7 0 15 8 21 41 34 24 26 11 27 37 46 33 10 37 28 46 46 17 42 41 39 1 7 14 5 28 33 38 8 29 31 44 22 0 21 1 46 13 45 12 4 0 18 17 30 36 17 25 27 31 22 45 8 28
run=12 seed=11 k=47 f=0
33 40 0 0 4 5 23 11 15 13 3 12 37 19 46 34 38 25 22 21 14 25 31 31 28 15 14 22 46 46 29 0 9 18 15 5 40 45 38 2 5 8 0 14 10 28 30 31 22 46 37 33 0 41 34 23 29 17 37 18 31 44 1 8 28 40 13 1 46 22
run=13 seed=12 k=47 f=0
46 6 14 8 42 11 31 39 2 6 43 21 6 7 32 34 18 8 4 20 27 16 18 21 28 37 0 23 46 32 29 46 41 16 31 41 36 1 7 0 41 38 33 38 20 27 46 46 11 0 15 17 46 13 45 21 22 16 9 0 30 11 38 25 27 31 0 41 0 46
run=14 seed=13 k=47 f=0
13 19 19 0 37 11 4 32 37 46 36 7 17 2 46 0 36 46 10 0 7 46 1 34 34 22 8 26 11 25 28 32 8 39 28 38 20 0 22 39 40 42 16 35 42 31 9 29 44 1 17 37 13 19 27 44 3 0 15 25 29 15 7 8 7 20 27 6 24 46
run=15 seed=14 k=47 f=0
24 6 20 24 32 12 33 39 2 7 20 12 10 43 38 14 15 8 4 41 34 23 45 35 20 37 0 0 23 46 5 46 29 17 11 41 34 1 7 45 29 28 33 38 37 3 12 44 22 0 17 10 46 20 45 22 40 17 9 29 30 0 17 25 27 31 46 45 0 10
run=16 seed=15 k=47 f=0
23 33 29 10 24 35 12 6 43 44 46 40 0 35 38 46 31 38 14 5 12 23 46 34 20 9 43 9 0 19 15 0 18 29 45 5 3 45 39 31 5 19 13 8 38 12 0 2 24 46 28 21 0 33 1 24 6 45 29 10 16 29 31 21 19 15 45 1 38 0
run=17 seed=16 k=47 f=0
0 40 33 18 33 35 27 7 43 8 3 6 4 5 25 9 28 38 42 24 31 0 10 32 16 9 9 16 39 0 15 19 37 30 14 24 29 45 39 44 46 37 13 8 27 20 21 2 35 46 25 12 0 3 1 25 25 11 12 46 16 36 30 21 20 15 46 2 45 41
run=18 seed=17 k=47 f=0
24 33 43 0 33 24 39 7 43 40 46 39 39 1 10 27 31 38 15 5 12 43 0 33 46 9 10 33 46 46 17 0 19 29 24 5 14 45 39 46 39 38 13 8 38 30 35 3 24 46 25 10 0 7 1 34 46 2 30 10 16 19 30 21 20 15 29 1 21 18
run=19 seed=18 k=47 f=0
0 40 17 20 33 35 36 7 43 42 3 6 4 6 24 18 28 38 42 14 31 0 11 46 3 9 37 33 21 0 42 9 39 30 25 24 20 45 39 46 15 37 13 8 26 29 44 0 35 46 27 46 0 2 1 24 15 11 23 46 16 34 9 21 19 15 12 12 45 10
run=20 seed=19 k=47 f=0
11 17 27 28 11 11 4 40 46 45 34 7 6 24 35 0 43 18 20 1 9 30 0 39 15 29 20 27 12 0 5 39 46 25 44 45 41 0 6 0 34 15 46 41 46 30 9 3 22 1 45 32 13 28 34 20 3 18 46 25 36 35 16 8 15 30 41 6 23 9
