run=1 seed=0 k=73 f=0
69 70 26 17 2 3 47 58 11 60 72 28 20 37 43 41 21 60 48 45 32 2 34 0 72 52 29 13 0 65 66 62 63 49 38 56 36 67 32 2 57 8 17 53 29 10 6 64 63 13 44 11 0 71 40 22 24 53 54 10 45 21 71 30 10 37 60 54 17 51
run=2 seed=1 k=73 f=0
69 70 26 17 2 3 47 58 11 60 72 28 20 37 43 41 21 60 48 45 32 2 34 0 72 52 29 13 0 65 66 62 63 49 38 56 36 67 32 2 57 8 17 53 29 10 6 64 63 13 44 11 0 71 40 22 24 53 54 10 45 21 71 30 10 37 60 54 17 51
run=3 seed=2 k=73 f=0
9 20 57 36 26 22 4 61 42 63 15 37 39 63 29 66 72 3 44 41 59 47 23 15 40 43 5 54 40 64 24 34 4 11 17 0 48 30 70 17 31 72 39 70 14 68 64 14 54 62 54 19 8 54 48 54 8 59 2 52 29 30 26 19 4 1 29 1 25 26
run=4 seed=3 k=73 f=0
42 61 38 5 28 51 69 30 67 69 55 12 28 63 11 69 59 24 56 42 21 8 5 61 6 72 27 33 31 15 16 0 71 6 66 40 64 58 64 18 38 49 45 66 35 5 47 4 22 31 47 4 0 11 35 12 37 52 65 24 51 49 36 14 21 25 59 60 32 71
run=5 seed=4 k=73 f=0
53 58 67 13 8 0 28 17 37 61 26 64 39 59 61 41 53 46 22 8 34 12 72 49 71 37 72 23 35 62 28 65 11 60 35 3 1 69 42 30 41 1 5 40 1 46 33 64 17 70 5 51 8 51 32 26 71 70 55 30 27 50 6 22 52 48 19 16 46 24
run=6 seed=5 k=73 f=0
52 14 30 50 45 63 69 47 42 33 18 63 48 34 32 57 60 21 27 55 70 31 13 70 21 10 40 67 15 60 70 0 61 58 3 23 14 0 24 40 21 36 41 13 35 0 3 18 29 1 7 2 45 14 72 32 60 23 44 44 37 72 71 50 9 6 46 3 8 27
run=7 seed=6 k=73 f=0
28 44 46 70 0 15 57 55 23 63 27 24 55 3 46 14 28 36 28 42 52 3 1 2 21 60 11 12 36 30 67 64 34 24 53 71 50 45 33 71 21 33 64 56 72 62 20 6 39 51 58 48 0 44 5 38 70 6 9 33 12 57 44 72 11 70 13 7 19 46
run=8 seed=7 k=73 f=0
38 42 26 59 5 27 43 14 19 50 71 57 42 36 3 1 64 40 26 2 31 61 26 6 15 10 43 12 61 18 23 12 64 21 53 69 72 71 64 19 72 21 48 0 55 9 33 50 33 1 52 51 49 43 57 7 71 28 39 46 19 34 58 31 35 41 6 69 51 31
run=9 seed=8 k=73 f=0
60 12 58 45 47 14 0 30 3 47 36 20 8 30 46 0 65 37 25 24 58 42 63 72 55 26 14 24 72 31 54 32 18 19 55 50 41 72 51 32 39 16 61 31 17 51 43 68 6 57 3 22 44 66 5 39 38 0 48 36 72 8 61 49 10 48 38 69 71 57
run=10 seed=9 k=73 f=0
64 61 12 18 28 58 27 19 30 19 58 5 17 60 5 20 0 23 13 69 30 1 21 0 45 48 65 33 14 53 70 50 58 51 72 72 27 10 1 41 29 24 31 46 5 51 2 4 66 39 40 36 57 61 72 38 37 71 42 55 18 34 52 62 44 68 44 72 10 8
run=11 seed=10 k=73 f=0
63 0 3 4 1 61 67 25 37 39 42 15 54 70 36 38 32 11 14 29 67 11 42 19 72 21 62 19 59 51 48 48 13 36 37 30 24 18 10 72 37 7 3 32 64 0 54 27 60 68 25 7 6 28 72 46 69 45 18 56 42 4 16 57 66 1 48 20 56 42
run=12 seed=11 k=73 f=0
30 17 32 58 2 17 27 46 60 44 32 41 63 0 21 54 52 41 12 13 1 37 38 30 33 11 12 0 49 47 29 63 48 72 49 48 17 34 21 56 21 41 3 47 69 8 0 71 60 32 68 61 1 33 25 53 19 70 23 4 68 23 21 62 65 28 18 61 72 1
run=13 seed=12 k=73 f=0
34 19 53 25 61 63 22 21 45 11 33 51 13 48 24 54 32 20 28 71 47 62 64 59 39 0 34 57 3 68 62 37 72 48 46 5 17 13 41 65 19 2 4 35 10 1 0 19 25 42 10 56 14 69 70 53 18 45 22 23 72 68 28 60 59 2 37 48 10 45
run=14 seed=13 k=73 f=0
1 48 62 18 25 22 37 8 12 65 65 20 20 0 38 58 50 35 50 56 36 68 9 51 15 59 34 56 52 69 27 0 70 1 34 12 28 71 37 46 44 42 17 11 72 59 0 65 3 42 9 65 71 65 54 47 16 12 20 40 30 25 39 25 26 32 12 4 9 2
run=15 seed=14 k=73 f=0
20 66 45 62 17 17 55 41 9 12 60 11 0 27 72 59 16 4 52 44 14 5 11 39 65 42 54 51 43 15 36 72 26 56 28 37 68 27 2 59 68 1 47 10 29 44 20 37 1 59 0 70 29 65 36 69 37 34 33 17 50 42 0 71 12 58 34 5 23 25
run=16 seed=15 k=73 f=0
57 36 66 15 46 48 69 10 3 13 2 7 11 50 66 72 34 6 37 23 62 16 52 30 28 43 43 42 35 56 69 7 0 40 23 55 72 20 66 19 20 68 29 12 52 38 30 71 15 65 5 6 25 57 70 59 1 49 49 60 0 1 28 57 53 37 18 44 31 68
run=17 seed=16 k=73 f=0
65 28 27 70 59 42 24 11 60 54 56 22 35 52 71 35 33 67 50 36 6 53 52 16 45 16 60 26 13 43 40 15 60 37 72 72 31 56 63 43 21 28 47 11 21 3 62 0 58 0 6 61 48 42 4 69 4 13 46 58 40 67 51 23 21 28 40 4 68 26
run=18 seed=17 k=73 f=0
11 65 7 33 66 25 12 31 9 41 35 34 60 64 40 71 37 72 53 0 51 24 31 9 16 46 55 72 2 0 13 38 26 5 5 14 50 17 41 0 43 29 62 39 3 66 35 58 8 0 26 43 23 45 53 46 15 18 60 46 55 58 38 28 71 68 68 28 11 68
run=19 seed=18 k=73 f=0
8 15 17 72 24 36 46 54 23 27 37 46 23 71 2 39 38 66 46 46 25 50 34 55 18 3 19 71 28 31 11 72 47 30 62 0 31 20 1 16 47 19 7 60 3 40 25 4 20 59 62 54 72 32 42 72 53 61 4 64 28 55 54 51 65 15 14 33 64 0
run=20 seed=19 k=73 f=0
0 6 50 36 9 72 28 6 1 63 10 60 23 6 60 62 63 12 71 62 69 34 66 66 48 54 57 14 38 27 72 43 47 19 47 17 52 51 26 67 17 20 66 34 2 38 58 46 30 0 48 16 43 36 41 14 0 9 28 39 72 10 28 28 58 60 69 26 53 7
