run=1 seed=0 k=58 f=0
37 46 50 25 21 0 0 50 28 57 20 52 21 8 57 57 48 55 5 55 9 32 43 49 10 19 33 48 45 6 27 17 32 23 33 22 25 14 38 14 15 25 44 27 48 45 18 20 31 39 57 21 10 43 34 57 52 0 39 1 0 39 9 5 4 42 56 29 0 41
run=2 seed=1 k=58 f=0
37 46 50 25 21 0 0 50 28 57 20 52 21 8 57 57 48 55 5 55 9 32 43 49 10 19 33 48 45 6 27 17 32 23 33 22 25 14 38 14 15 25 44 27 48 45 18 20 31 39 57 21 10 43 34 57 52 0 39 1 0 39 9 5 4 42 56 29 0 41
run=3 seed=2 k=58 f=0
41 31 14 27 5 47 32 33 29 27 4 0 27 19 16 50 23 44 57 35 15 42 39 13 44 4 3 0 0 37 31 1 6 53 32 7 12 1 13 33 57 9 27 57 25 21 37 20 38 14 45 49 49 20 18 8 41 51 54 17 57 35 3 35 42 38 6 5 25 52
run=4 seed=3 k=58 f=0
21 40 10 54 39 14 16 36 21 56 23 0 17 53 8 3 26 1 14 57 10 19 52 0 10 36 31 1 0 9 7 51 33 9 56 31 13 29 2 52 21 44 57 37 57 27 52 32 45 53 46 33 16 30 20 45 6 41 0 24 7 47 40 43 50 5 44 38 35 39
run=5 seed=4 k=58 f=0
12 6 40 32 49 39 41 4 0 29 11 26 17 0 40 0 20 3 29 40 47 32 22 57 22 29 14 0 9 23 57 14 27 44 20 40 34 11 17 57 39 53 24 19 57 46 12 8 0 48 48 17 11 7 54 30 38 5 3 10 57 49 15 36 35 51 55 40 22 6
run=6 seed=5 k=58 f=0
28 24 18 38 25 48 32 10 25 38 30 18 24 26 34 30 22 0 48 9 2 38 57 12 53 12 50 19 6 3 44 14 50 43 55 57 55 17 0 12 33 21 26 9 0 0 3 56 29 50 19 55 39 36 57 37 5 42 56 8 5 44 16 34 52 3 44 21 45 26
run=7 seed=6 k=58 f=0
57 5 0 23 8 6 2 22 16 40 3 51 29 5 2 54 37 20 43 17 38 21 10 46 15 54 54 48 21 13 14 12 16 57 36 31 33 13 37 23 41 28 1 49 25 8 25 40 0 11 30 36 25 0 41 32 19 43 57 36 44 0 48 30 49 55 47 48 47 2
run=8 seed=7 k=58 f=0
39 14 43 23 31 6 48 0 26 31 41 0 35 46 47 57 31 1 22 54 0 49 14 15 18 50 31 57 8 44 20 38 0 47 2 33 51 38 22 20 54 27 28 23 10 28 9 34 57 8 0 29 40 45 57 15 15 8 8 27 23 42 55 17 10 44 1 51 19 7
run=9 seed=8 k=58 f=0
39 47 18 43 14 47 2 29 25 23 45 57 24 55 0 20 22 10 57 34 55 38 47 51 53 50 29 13 26 20 7 29 56 0 48 7 5 21 39 30 38 8 54 27 3 18 33 0 41 30 0 42 1 36 34 12 23 46 17 43 15 12 51 43 7 37 15 30 0 11
run=10 seed=9 k=58 f=0
0 56 45 37 0 53 42 33 46 40 44 22 4 1 41 41 35 57 22 4 19 0 55 47 57 18 26 15 29 7 10 9 27 48 47 33 46 20 57 34 42 55 39 34 49 10 30 1 1 43 17 20 52 31 0 13 15 55 27 5 9 27 36 28 8 27 54 18 36 55
run=11 seed=10 k=58 f=0
35 56 43 43 5 26 5 32 1 55 37 50 17 0 48 12 8 30 25 12 19 41 6 52 3 42 12 11 46 2 55 1 1 0 46 6 42 39 7 24 38 57 21 4 57 8 32 46 0 16 21 24 25 33 12 56 17 56 29 33 35 21 35 50 51 15 52 49 48 33
run=12 seed=11 k=58 f=0
50 51 37 12 27 4 1 35 39 19 18 11 36 33 26 19 57 0 10 5 12 0 55 50 39 39 28 10 49 41 12 31 45 21 49 36 30 42 0 2 19 23 10 17 57 57 44 12 46 17 56 57 5 38 30 52 3 17 45 5 28 27 0 50 57 24 16 48 56 0
run=13 seed=12 k=58 f=0
12 23 52 43 7 48 54 40 56 0 44 31 47 38 0 29 28 6 50 56 37 47 36 12 21 19 24 31 14 56 57 16 57 25 33 57 52 15 52 41 48 0 34 21 2 6 36 10 12 50 4 0 37 42 57 2 57 26 26 10 0 40 20 42 7 30 8 54 8 34
run=14 seed=13 k=58 f=0
50 51 22 17 40 42 36 14 5 33 8 45 8 50 43 57 42 55 18 54 25 39 51 50 1 23 2 18 19 41 35 3 56 37 25 17 13 7 24 1 11 35 47 0 49 33 49 32 57 9 57 5 0 10 28 53 52 24 16 10 32 22 57 16 0 20 13 41 46 32
run=15 seed=14 k=58 f=0
7 56 36 15 53 34 13 1 21 36 34 50 50 8 1 31 25 57 9 47 40 0 28 26 14 47 4 22 39 35 32 17 34 50 28 22 27 10 16 44 21 57 40 27 23 56 3 13 40 7 49 27 16 44 20 55 0 14 7 5 32 42 51 0 27 45 45 53 26 56
run=16 seed=15 k=58 f=0
57 57 49 8 34 57 38 19 0 34 9 37 14 55 51 41 41 23 9 44 15 6 23 57 47 7 28 1 46 18 19 28 40 12 56 23 7 43 37 23 37 0 52 16 55 46 24 21 0 16 1 23 28 19 1 7 46 32 54 13 48 0 42 34 28 32 10 24 36 48
run=17 seed=16 k=58 f=0
20 8 9 1 2 50 39 21 13 6 51 51 1 43 14 57 11 37 44 42 0 47 27 30 12 54 38 49 14 54 28 37 55 57 32 17 10 7 36 35 6 6 28 0 30 27 43 23 39 2 21 52 22 18 16 41 52 44 14 22 31 2 4 46 0 32 27 39 28 11
run=18 seed=17 k=58 f=0
23 14 38 5 26 28 38 57 19 57 46 42 27 42 0 0 10 55 50 13 40 53 21 40 7 19 49 40 53 23 1 21 12 39 10 30 5 11 5 33 30 57 23 17 15 18 4 55 57 48 12 27 36 34 0 44 43 53 29 37 3 25 38 31 32 3 13 46 5 57
run=19 seed=18 k=58 f=0
23 24 28 51 36 20 7 9 55 40 35 55 9 39 56 50 0 34 0 25 43 12 37 0 9 46 17 47 21 40 54 32 18 2 55 2 13 41 47 2 32 8 26 7 41 43 56 47 29 18 8 50 9 16 14 31 45 34 0 28 39 18 38 57 56 0 36 57 57 25
run=20 seed=19 k=58 f=0
23 2 42 52 19 30 27 7 14 56 14 11 55 12 46 8 8 55 32 3 20 43 1 34 0 28 42 32 35 18 52 56 12 35 45 31 51 15 42 0 25 27 24 8 50 29 3 47 57 38 1 43 17 1 46 57 11 38 49 36 49 26 37 0 52 2 16 17 35 8
