run=1 seed=0 k=52 f=0
25 37 1 23 26 21 10 44 12 4 1 7 21 45 31 17 50 24 36 15 8 26 45 42 10 11 0 40 24 51 5 43 11 16 48 48 16 51 26 50 18 22 32 12 51 36 37 29 42 0 35 0 30 2 4 37 11 2 34 0 18 32 51 40 9 1 30 42 51 12
run=2 seed=1 k=52 f=0
25 37 1 23 26 21 10 44 12 4 1 7 21 45 31 17 50 24 36 15 8 26 45 42 10 11 0 40 24 51 5 43 11 16 48 48 16 51 26 50 18 22 32 12 51 36 37 29 42 0 35 0 30 2 4 37 11 2 34 0 18 32 51 40 9 1 30 42 51 12
run=3 seed=2 k=52 f=0
17 28 11 9 0 28 12 0 46 36 51 21 21 14 37 50 43 1 10 15 8 40 13 27 42 24 19 8 42 44 33 21 51 8 18 1 29 50 33 44 51 45 39 44 33 12 0 2 36 51 0 4 6 28 19 13 37 3 0 6 14 15 19 31 24 37 30 25 33 35
run=4 seed=3 k=52 f=0
20 6 19 13 46 23 44 37 15 33 48 15 15 5 1 13 10 2 4 23 42 27 30 33 49 39 1 10 33 49 47 51 44 18 38 35 51 9 27 37 19 9 43 38 32 6 12 33 0 21 39 11 30 20 31 49 29 28 33 0 46 22 45 51 0 3 25 40 1 25
run=5 seed=4 k=52 f=0
43 27 10 11 41 27 3 33 49 14 51 0 47 14 14 50 42 1 24 10 3 14 20 20 29 24 36 1 39 2 5 37 38 40 31 44 50 50 23 21 50 46 10 44 1 8 28 14 34 51 26 29 15 7 19 5 17 30 30 9 7 20 22 32 0 38 47 39 21 45
run=6 seed=5 k=52 f=0
7 27 43 14 0 20 36 32 51 47 36 35 11 27 0 51 51 17 18 49 42 0 41 50 3 32 32 24 12 23 38 33 35 48 37 18 51 10 16 42 45 23 38 33 40 28 9 28 2 43 0 47 23 10 26 43 48 19 6 13 10 23 14 0 2 0 19 32 15 40
run=7 seed=6 k=52 f=0
51 38 21 34 34 17 29 29 35 43 51 44 19 46 29 19 24 31 51 5 12 48 0 26 25 41 42 7 8 8 34 0 43 22 17 28 23 38 0 0 20 40 6 0 42 34 50 26 17 0 0 18 50 8 51 45 26 12 23 34 9 4 1 14 12 8 1 13 32 50
run=8 seed=7 k=52 f=0
12 4 14 51 28 18 13 30 0 23 38 20 32 50 44 24 17 33 0 22 14 42 36 8 17 42 43 0 19 26 30 51 22 23 48 33 29 40 46 51 13 8 13 27 38 38 36 34 10 26 1 0 0 18 51 8 36 5 0 47 49 8 25 5 3 48 29 30 30 35
run=9 seed=8 k=52 f=0
51 30 3 36 51 14 2 27 32 12 2 10 13 50 4 0 15 31 39 34 41 51 51 0 6 42 19 42 15 9 0 9 36 20 3 17 0 38 44 19 31 47 0 25 16 46 35 41 35 24 43 32 51 31 48 5 19 28 16 24 3 35 9 8 10 51 43 48 25 50
run=10 seed=9 k=52 f=0
1 44 47 35 5 36 11 25 3 32 0 33 45 50 20 0 36 43 46 15 35 10 1 51 17 23 43 12 25 23 15 20 6 18 24 26 48 1 40 27 30 41 51 22 30 15 7 27 8 0 8 3 51 13 30 46 33 38 27 51 16 38 40 10 8 12 33 6 50 1
run=11 seed=10 k=52 f=0
23 21 16 27 0 34 17 20 12 47 34 4 19 33 44 51 42 22 13 24 40 0 7 35 34 8 43 35 12 14 50 31 0 29 35 12 51 13 7 10 22 8 39 44 25 39 25 50 26 34 6 27 17 44 51 2 20 30 48 43 49 17 42 0 46 25 0 8 16 51
run=12 seed=11 k=52 f=0
2 5 47 40 45 5 16 27 13 46 7 30 28 41 8 51 26 42 5 20 13 25 1 0 38 9 48 33 51 31 15 40 42 34 37 45 12 12 41 50 5 0 51 29 30 36 4 23 0 18 23 0 51 19 22 46 28 21 48 9 37 0 0 2 0 37 38 22 32 11
run=13 seed=12 k=52 f=0
45 8 47 36 31 45 41 39 0 23 46 24 6 0 38 26 49 9 13 30 19 43 44 12 33 27 4 14 51 51 36 35 50 51 42 51 9 32 14 0 22 51 20 15 50 18 3 36 42 16 43 6 1 5 0 25 23 31 11 2 34 17 16 40 5 8 25 42 0 27
run=14 seed=13 k=52 f=0
0 35 47 9 29 12 48 34 29 36 22 14 14 44 27 51 17 9 13 51 44 19 50 42 5 32 51 19 35 33 5 0 36 19 49 7 31 1 7 45 26 38 28 33 34 22 1 4 41 0 16 15 50 21 51 41 6 7 10 42 25 26 50 39 46 21 27 17 30 0
run=15 seed=14 k=52 f=0
25 11 36 0 51 51 24 17 21 5 40 19 4 2 44 21 16 31 4 18 2 44 8 48 37 7 26 34 30 35 51 35 18 24 31 30 40 38 47 11 42 9 0 19 29 30 10 13 0 39 17 14 25 42 12 29 17 51 27 50 51 0 40 46 7 2 40 11 51 9
run=16 seed=15 k=52 f=0
31 8 14 26 31 34 35 21 25 22 3 22 6 51 37 35 42 9 10 39 22 43 18 13 41 26 0 46 41 38 6 0 26 29 3 29 9 2 9 0 31 51 39 25 51 42 47 5 35 0 19 0 14 18 51 14 42 51 30 15 49 4 40 19 45 47 9 29 13 50
run=17 seed=16 k=52 f=0
16 30 12 37 20 38 51 44 21 8 48 23 21 19 35 14 9 43 5 39 21 43 45 46 45 27 26 26 9 17 39 51 1 0 12 5 51 51 18 42 51 27 12 4 28 30 33 48 36 17 1 25 0 35 22 28 44 9 11 0 49 36 0 34 33 10 41 20 1 8
run=18 seed=17 k=52 f=0
38 36 3 46 32 35 12 15 19 5 50 30 44 0 8 17 17 8 9 34 44 5 18 38 25 26 9 27 19 18 34 28 33 46 22 23 47 0 6 16 51 0 30 14 42 24 27 27 10 1 26 49 43 51 21 51 40 1 21 50 51 0 39 38 39 8 41 34 12 0
run=19 seed=18 k=52 f=0
37 8 51 20 11 16 11 38 23 3 12 41 44 5 20 43 26 44 25 47 0 51 40 51 10 11 12 11 46 2 18 15 31 51 0 28 16 9 27 50 41 7 21 38 2 25 43 32 2 35 28 34 51 33 31 46 50 6 23 34 18 20 11 0 1 3 25 49 38 35
run=20 seed=19 k=52 f=0
51 42 17 11 51 37 10 0 13 30 14 5 10 43 36 9 0 51 21 5 34 18 18 23 2 20 3 5 30 32 8 0 46 23 4 51 41 14 51 20 16 40 32 27 46 28 46 2 35 11 50 51 46 30 5 46 13 0 50 25 27 37 32 40 41 21 38 16 25 41
