run=1 seed=0 k=50 f=0
27 6 26 29 23 45 24 17 38 7 23 31 17 34 49 41 8 48 6 43 34 49 41 38 47 28 10 0 48 48 17 19 33 31 13 24 20 1 8 11 24 28 40 35 29 3 44 15 46 0 1 10 37 47 12 25 37 41 0 12 15 0 0 21 49 6 2 21 11 18
run=2 seed=1 k=50 f=0
27 6 26 29 23 45 24 17 38 7 23 31 17 34 49 41 8 48 6 43 34 49 41 38 47 28 10 0 48 48 17 19 33 31 13 24 20 1 8 11 24 28 40 35 29 3 44 15 46 0 1 10 37 47 12 25 37 41 0 12 15 0 0 21 49 6 2 21 11 18
run=3 seed=2 k=50 f=0
8 35 49 10 32 29 9 9 13 41 3 4 4 16 30 23 1 42 7 49 9 45 9 36 48 20 0 21 4 19 36 0 41 49 24 17 34 0 18 48 44 36 24 7 40 24 26 21 40 10 29 43 49 48 14 38 14 15 19 11 27 31 1 32 33 47 31 1 28 49
run=4 seed=3 k=50 f=0
15 45 20 10 5 13 33 7 33 44 3 20 42 48 5 16 32 42 35 19 9 24 46 48 31 23 26 28 22 1 4 0 22 49 42 34 0 0 24 48 15 49 18 36 49 10 4 4 40 1 41 12 49 22 28 44 13 33 41 6 13 40 49 8 35 22 45 22 31 34
run=5 seed=4 k=50 f=0
0 10 16 21 19 27 14 5 36 21 39 33 7 0 32 23 47 21 35 49 33 1 2 0 39 7 13 44 19 40 35 42 17 49 47 49 11 40 32 25 26 27 12 7 48 49 23 2 0 39 48 46 16 11 0 18 2 39 7 15 26 6 11 31 23 45 30 29 18 31
run=6 seed=5 k=50 f=0
38 20 34 40 37 20 35 9 13 6 49 13 8 27 32 11 18 41 18 8 34 45 0 15 49 9 0 13 3 26 45 26 43 33 29 5 28 49 43 2 35 41 15 10 0 49 24 28 39 48 9 48 0 49 3 38 5 19 17 31 30 40 47 25 24 0 10 22 0 49
run=7 seed=6 k=50 f=0
9 21 20 16 45 18 18 5 11 31 46 13 5 32 49 0 9 41 29 26 33 9 9 40 46 18 49 40 45 31 0 49 14 13 1 41 0 48 39 21 22 40 33 9 15 43 28 3 27 49 8 4 36 21 0 28 10 34 3 36 2 25 44 25 22 37 35 6 16 0
run=8 seed=7 k=50 f=0
22 23 45 42 49 36 30 29 17 37 1 6 6 23 36 0 9 33 14 24 7 49 22 24 9 18 0 11 43 33 36 29 49 13 35 14 41 1 20 0 13 45 41 17 41 17 37 25 47 0 49 3 27 22 24 8 3 29 15 19 38 33 41 49 47 49 14 49 37 8
run=9 seed=8 k=50 f=0
13 7 28 49 41 20 24 42 2 49 38 35 48 9 38 37 40 17 26 5 15 29 2 35 2 31 2 22 35 12 21 0 8 49 49 43 45 0 16 29 28 33 25 45 48 19 14 40 12 1 42 48 49 10 36 11 19 0 23 11 22 21 15 8 31 29 3 31 46 21
run=10 seed=9 k=50 f=0
35 13 18 8 24 25 30 43 3 25 0 7 13 10 41 49 40 28 34 10 36 25 1 33 40 16 16 8 46 48 32 4 23 36 0 43 17 0 6 48 3 29 20 41 19 30 6 49 24 1 39 1 49 13 48 13 43 0 46 30 33 0 41 9 29 34 21 10 18 25
run=11 seed=10 k=50 f=0
7 24 27 8 49 9 23 26 0 42 11 3 18 32 0 39 37 49 27 22 49 7 7 33 31 0 49 31 45 24 7 17 42 4 20 33 37 41 35 49 16 43 14 0 0 12 47 30 19 10 0 3 28 5 31 19 35 26 32 13 44 47 13 22 48 46 13 22 0 41
run=12 seed=11 k=50 f=0
19 44 48 27 27 44 19 7 35 49 17 15 15 4 0 19 28 2 36 5 32 1 10 40 12 18 0 28 13 9 39 10 49 49 15 25 44 22 28 35 32 23 13 8 48 24 36 27 0 9 49 47 48 3 32 0 45 7 40 40 35 30 7 41 38 17 30 0 49 18
run=13 seed=12 k=50 f=0
37 27 47 27 20 12 42 23 19 48 12 7 22 11 43 49 2 39 36 25 18 40 0 36 42 22 19 8 49 10 36 9 31 46 12 0 25 0 6 16 44 2 17 22 1 48 37 4 41 49 1 5 31 28 29 41 43 0 46 21 14 31 45 9 34 32 29 12 33 49
run=14 seed=13 k=50 f=0
49 40 21 0 10 8 13 28 37 16 24 28 30 48 43 3 25 42 40 38 49 21 23 8 25 7 29 5 19 20 0 32 15 49 1 12 10 35 42 22 13 17 22 29 17 37 10 0 18 34 38 42 49 25 2 17 47 0 0 36 0 45 13 14 12 45 2 9 9 45
run=15 seed=14 k=50 f=0
33 16 30 36 15 38 7 9 17 4 13 22 38 4 49 24 18 41 34 49 36 45 9 44 30 9 0 22 44 10 34 10 0 2 26 5 45 49 42 8 49 19 33 7 49 28 13 46 39 48 20 36 0 42 14 28 4 17 27 0 30 39 8 25 21 0 22 13 0 27
run=16 seed=15 k=50 f=0
10 0 41 29 9 40 11 29 33 21 20 37 6 45 22 20 2 24 0 40 27 10 14 49 14 40 37 49 2 0 16 35 35 17 32 44 26 0 44 0 23 15 35 30 49 17 15 49 11 31 8 21 49 44 48 22 23 43 4 30 19 5 4 9 10 12 49 41 49 15
run=17 seed=16 k=50 f=0
49 27 7 49 27 14 10 41 46 17 11 37 34 46 0 49 40 17 15 49 17 41 28 16 43 5 40 40 35 31 13 7 21 0 2 1 4 49 18 28 1 23 9 43 32 44 30 5 21 48 23 19 31 37 36 23 46 13 0 22 12 11 18 26 28 32 1 1 32 6
run=18 seed=17 k=50 f=0
11 19 47 30 49 5 32 34 46 43 3 0 42 17 0 39 31 20 27 41 49 30 19 14 3 3 22 36 27 0 39 0 26 0 41 7 31 49 21 48 47 34 28 33 13 6 4 38 24 47 8 45 15 7 40 16 18 18 23 23 38 47 1 10 11 25 9 32 12 40
run=19 seed=18 k=50 f=0
13 6 12 13 32 34 14 22 26 33 4 25 49 27 27 28 31 8 15 48 21 43 0 0 20 22 48 40 43 22 15 0 8 29 24 34 46 49 12 1 36 39 0 24 39 32 0 18 40 48 6 4 0 7 17 5 49 20 31 49 14 11 10 38 41 43 37 1 12 31
run=20 seed=19 k=50 f=0
11 14 49 9 37 0 17 27 18 44 46 42 42 7 5 33 28 12 5 30 40 49 21 0 27 0 49 30 23 39 43 24 16 5 28 3 0 19 13 49 32 0 49 25 42 36 37 31 9 20 16 33 48 13 32 43 48 24 17 9 35 18 49 41 37 9 42 0 8 24
