run=1 seed=0 k=76 f=0
62 34 41 3 70 62 10 15 20 45 45 48 0 14 14 10 64 57 50 16 67 21 27 69 26 45 30 7 43 39 4 1 74 2 61 60 33 72 58 54 57 33 41 11 40 21 55 28 71 14 75 26 27 24 20 53 14 42 75 73 5 55 40 33 32 4 62 2 53 18
run=2 seed=1 k=76 f=0
62 34 41 3 70 62 10 15 20 45 45 48 0 14 14 10 64 57 50 16 67 21 27 69 26 45 30 7 43 39 4 1 74 2 61 60 33 72 58 54 57 33 41 11 40 21 55 28 71 14 75 26 27 24 20 53 14 42 75 73 5 55 40 33 32 4 62 2 53 18
run=3 seed=2 k=76 f=0
22 35 2 26 47 36 56 14 5 50 33 61 61 44 51 59 68 39 4 72 2 68 73 75 39 3 3 66 68 39 33 14 33 0 72 44 12 25 41 2 53 27 64 19 20 45 32 59 18 55 12 37 27 38 9 70 56 71 62 9 75 0 28 48 56 50 17 72 50 58
run=4 seed=3 k=76 f=0
34 53 24 56 21 60 9 67 1 64 30 10 13 59 62 17 0 55 9 55 7 25 70 0 4 28 29 21 47 75 21 37 52 22 52 42 27 75 46 44 10 0 33 15 60 3 57 72 58 66 67 1 16 29 4 27 70 71 66 72 75 49 46 41 11 37 69 38 75 39
run=5 seed=4 k=76 f=0
46 43 50 63 31 17 45 70 0 57 8 37 42 24 3 18 66 54 63 17 51 66 63 21 69 32 74 22 3 36 58 5 52 46 43 75 62 9 61 74 9 36 0 26 26 27 10 46 4 23 45 16 47 55 37 56 70 17 73 10 12 1 31 73 24 75 27 51 27 1
run=6 seed=5 k=76 f=0
39 24 58 65 28 64 32 5 20 1 73 43 63 37 74 40 26 19 58 18 62 53 67 13 67 8 47 30 16 31 70 0 52 69 7 15 70 56 44 5 1 36 35 9 11 27 41 73 33 75 57 0 58 49 0 49 73 18 27 29 66 20 8 43 29 32 48 53 10 74
run=7 seed=6 k=76 f=0
73 40 4 41 7 29 6 37 20 30 45 1 65 1 26 75 60 0 51 8 58 14 0 58 41 11 49 40 53 75 71 2 5 16 44 49 60 7 64 12 24 25 70 22 25 20 59 10 33 74 34 40 44 17 54 44 62 46 69 56 25 66 58 38 23 0 27 8 33 15
run=8 seed=7 k=76 f=0
0 45 72 27 23 43 50 35 8 55 2 56 74 10 61 59 59 39 14 44 68 35 16 64 25 68 37 48 32 48 21 5 6 65 66 0 31 16 49 68 74 75 56 50 50 18 60 33 6 14 1 17 50 33 6 0 43 42 16 74 24 9 65 30 74 71 38 65 27 15
run=9 seed=8 k=76 f=0
46 66 22 25 60 5 42 25 21 37 61 9 8 71 27 14 64 8 28 9 21 2 75 75 24 49 34 1 8 15 1 45 36 41 69 31 61 51 1 15 46 56 31 37 51 51 8 29 21 74 59 16 39 6 69 63 19 70 75 41 57 72 49 17 13 43 65 62 34 66
run=10 seed=9 k=76 f=0
75 69 43 67 34 25 4 57 62 40 48 44 39 69 62 75 75 56 56 67 13 59 15 5 34 25 32 47 41 20 4 40 23 73 47 6 1 47 20 12 13 24 8 65 2 70 32 43 61 15 51 75 50 66 32 15 10 52 5 50 37 25 30 0 38 1 22 61 32 43
run=11 seed=10 k=76 f=0
74 0 62 33 42 61 59 51 71 11 45 14 53 53 44 49 23 46 58 72 28 68 20 41 22 11 49 26 68 66 5 36 7 66 32 41 32 75 31 0 27 64 37 12 73 21 0 49 72 33 74 20 63 0 0 25 13 61 7 6 52 63 5 57 18 35 40 37 19 13
run=12 seed=11 k=76 f=0
23 0 41 44 2 21 1 28 65 31 58 44 10 3 57 29 10 75 36 70 18 9 49 69 11 52 7 75 35 30 70 75 43 35 52 58 13 68 52 0 59 25 44 50 59 51 4 9 65 28 21 49 19 68 58 1 11 32 34 67 37 51 45 3 17 37 10 21 46 54
run=13 seed=12 k=76 f=0
62 19 74 46 31 59 37 66 49 28 70 52 37 42 51 0 46 11 56 24 50 32 28 54 18 35 31 10 62 17 8 13 75 29 66 6 32 19 12 23 67 6 73 25 48 1 41 71 13 25 0 2 73 23 50 7 39 44 42 75 61 66 25 1 45 32 20 8 59 73
run=14 seed=13 k=76 f=0
41 10 71 51 40 68 44 75 21 28 62 53 74 50 51 50 45 65 12 14 69 1 5 9 5 2 0 62 19 41 11 29 34 28 69 43 15 37 0 0 60 56 6 0 75 46 9 60 68 22 74 1 31 4 15 45 20 24 47 19 60 59 9 55 20 31 55 37 38 17
run=15 seed=14 k=76 f=0
15 56 55 46 21 40 15 20 67 50 58 32 8 39 41 50 24 75 57 18 0 73 47 38 36 14 7 32 51 67 68 26 64 45 3 9 23 7 29 57 58 11 67 17 10 2 43 30 49 1 31 3 38 38 33 50 68 72 34 68 64 2 6 59 73 75 68 21 44 21
run=16 seed=15 k=76 f=0
65 6 21 39 8 0 59 72 67 75 3 37 60 48 14 44 31 63 75 59 33 72 41 75 5 17 0 21 38 49 5 0 34 29 64 58 56 20 55 47 57 26 11 72 14 26 32 24 65 75 69 23 0 38 49 60 55 6 15 53 47 67 5 39 44 14 15 30 49 17
run=17 seed=16 k=76 f=0
0 65 69 72 25 70 43 11 19 36 53 73 47 63 25 30 33 48 53 13 47 56 35 34 62 70 59 16 73 2 4 20 9 41 16 36 21 57 23 56 11 0 75 23 4 41 53 37 52 20 21 33 61 39 1 29 64 68 27 44 3 12 64 13 65 50 25 22 75 49
run=18 seed=17 k=76 f=0
0 23 47 42 51 54 57 35 73 55 6 29 11 32 74 37 60 10 62 59 46 0 37 0 71 35 64 26 0 54 52 74 56 71 28 68 63 61 18 49 5 67 2 16 18 18 38 23 1 17 75 25 73 12 28 8 41 36 34 8 52 50 1 43 50 41 43 26 17 19
run=19 seed=18 k=76 f=0
30 50 33 55 4 46 35 72 26 53 26 0 10 6 1 43 21 14 73 40 0 23 71 67 20 3 32 62 18 0 52 8 51 0 44 71 73 30 7 39 73 33 55 23 55 57 66 11 12 63 44 63 43 18 40 63 59 20 75 34 33 65 72 70 18 35 2 7 55 21
run=20 seed=19 k=76 f=0
1 8 16 74 16 33 29 17 12 34 33 27 34 2 61 33 62 55 25 0 23 65 71 26 56 47 10 10 37 42 27 42 17 44 45 53 42 75 27 71 67 12 65 40 5 7 60 22 18 72 57 59 0 68 9 3 55 51 72 16 34 47 63 24 59 49 50 73 50 18
