run=1 seed=0 k=54 f=0
35 31 1 44 45 25 46 12 53 52 16 41 12 18 43 0 44 8 29 5 42 21 51 21 25 22 13 26 37 35 4 12 0 19 53 7 9 51 33 19 49 35 0 14 37 29 33 44 0 53 27 28 35 19 39 5 6 53 27 46 15 16 14 29 44 35 9 6 51 4
run=2 seed=1 k=54 f=0
35 31 1 44 45 25 46 12 53 52 16 41 12 18 43 0 44 8 29 5 42 21 51 21 25 22 13 26 37 35 4 12 0 19 53 7 9 51 33 19 49 35 0 14 37 29 33 44 0 53 27 28 35 19 39 5 6 53 27 46 15 16 14 29 44 35 9 6 51 4
run=3 seed=2 k=54 f=0
48 35 16 36 32 28 30 45 37 26 50 44 15 51 30 15 37 44 0 11 4 53 24 4 41 7 28 4 18 19 0 44 53 33 22 21 12 12 6 21 11 37 53 37 23 1 24 8 52 29 44 6 16 8 2 19 53 39 20 31 0 6 23 22 24 51 43 53 29 52
run=4 seed=3 k=54 f=0
51 52 10 36 21 22 48 34 29 2 20 33 47 37 5 46 20 0 3 11 35 7 40 9 11 30 45 28 19 21 53 16 34 27 52 25 9 7 0 41 14 25 43 36 29 0 3 2 47 39 29 5 5 39 16 48 10 19 43 20 13 38 39 51 53 12 13 53 0 53
run=5 seed=4 k=54 f=0
22 28 16 0 53 15 15 27 49 1 15 48 44 3 1 10 43 1 29 24 41 53 19 28 25 53 20 13 25 9 12 19 53 10 14 0 40 51 45 31 48 49 39 45 2 17 39 23 23 15 34 46 6 37 21 5 0 8 33 34 36 43 39 31 0 32 33 53 5 43
run=6 seed=5 k=54 f=0
39 11 37 0 0 21 8 46 11 31 29 46 13 41 45 28 52 18 42 12 35 52 9 22 19 8 49 0 1 40 23 17 34 36 13 22 9 53 7 20 32 24 26 11 10 28 45 50 16 30 7 27 39 50 3 31 33 53 0 2 1 37 25 45 16 40 52 51 45 14
run=7 seed=6 k=54 f=0
30 41 25 38 27 47 28 53 10 20 45 21 34 12 22 1 18 33 11 0 24 15 52 46 7 45 21 45 0 11 39 32 8 13 18 50 2 40 6 15 53 39 22 9 53 42 41 1 36 9 31 37 27 47 2 27 4 51 53 45 0 36 33 52 32 18 47 27 8 1
run=8 seed=7 k=54 f=0
0 53 26 51 4 14 46 43 49 53 3 45 47 53 15 42 34 8 28 39 22 12 30 38 33 48 3 25 39 14 22 0 6 51 38 36 20 32 19 39 44 8 0 47 50 53 7 28 10 18 30 27 1 17 23 5 53 30 30 4 27 24 20 41 10 38 0 14 47 23
run=9 seed=8 k=54 f=0
27 52 0 44 27 40 52 12 7 1 16 33 32 16 21 0 28 53 38 0 44 29 37 52 8 9 22 47 25 13 42 21 0 45 46 12 53 27 33 7 5 53 5 11 51 15 43 19 21 0 33 4 48 13 18 0 3 39 36 17 40 42 26 35 52 50 36 32 8 0
run=10 seed=9 k=54 f=0
0 1 47 48 53 44 14 15 32 25 19 14 35 23 14 20 28 0 29 53 13 40 22 0 35 53 18 49 1 28 35 48 5 8 17 30 32 22 28 42 42 24 49 16 0 53 36 11 38 20 8 44 7 8 32 2 41 22 4 53 46 9 18 41 38 53 52 44 33 37
run=11 seed=10 k=54 f=0
0 37 2 12 49 15 5 53 40 38 28 30 42 41 18 0 35 51 24 42 11 47 7 0 19 26 28 30 0 53 12 31 52 31 15 23 47 44 38 9 5 53 0 36 8 36 45 48 53 15 19 30 44 41 21 6 6 25 3 52 3 42 11 8 11 29 20 29 20 36
run=12 seed=11 k=54 f=0
2 13 15 6 11 20 49 37 28 18 0 6 40 44 8 20 9 23 27 41 31 46 31 31 12 35 48 45 17 15 53 6 19 4 47 38 24 30 24 34 1 15 15 0 41 13 36 40 47 0 23 2 18 36 53 9 0 51 23 53 28 0 0 43 46 49 10 31 53 40
run=13 seed=12 k=54 f=0
24 34 28 10 26 19 17 7 49 45 20 47 45 46 36 22 50 33 9 37 51 0 0 28 13 19 51 14 24 19 12 43 8 24 52 16 32 0 33 1 5 4 53 48 31 17 7 3 39 9 36 4 0 36 13 38 18 53 12 53 26 39 11 42 44 28 36 4 28 43
run=14 seed=13 k=54 f=0
25 28 8 29 0 5 2 43 37 16 31 14 29 17 19 11 31 45 18 42 20 46 37 40 53 10 21 50 53 1 38 34 10 35 9 5 44 53 25 35 46 26 0 39 42 53 50 45 22 52 9 11 0 49 15 30 40 2 53 23 38 0 1 24 9 21 39 33 2 51
run=15 seed=14 k=54 f=0
4 24 32 33 3 39 11 47 30 33 39 0 0 43 24 7 22 42 53 23 33 42 15 6 15 3 51 40 19 17 12 18 33 0 46 53 28 24 18 17 26 11 34 18 29 9 45 52 39 30 0 27 48 37 53 12 27 53 48 47 15 37 21 10 7 3 36 1 0 43
run=16 seed=15 k=54 f=0
45 9 4 1 26 53 17 39 15 9 3 17 3 0 39 15 29 41 46 46 39 0 45 26 22 20 35 17 52 12 10 53 53 48 17 24 0 16 10 32 47 10 0 32 6 23 14 27 44 53 20 31 3 34 25 5 2 10 19 41 36 31 0 8 30 44 8 52 28 53
run=17 seed=16 k=54 f=0
29 48 50 22 17 5 19 32 36 6 42 25 11 16 40 0 52 8 49 1 24 8 4 32 44 20 42 52 25 0 1 39 23 0 42 17 36 53 9 1 8 13 16 34 12 17 12 23 11 31 51 10 40 28 27 43 5 47 32 53 2 31 50 45 22 14 1 22 53 13
run=18 seed=17 k=54 f=0
45 39 4 53 11 49 1 26 30 11 19 22 23 13 0 45 7 24 23 32 25 1 33 34 53 36 45 28 36 12 50 16 40 9 46 51 34 33 39 16 3 53 0 13 37 52 38 38 0 16 28 19 45 3 43 19 31 7 42 27 29 6 1 52 53 7 51 18 8 21
run=19 seed=18 k=54 f=0
38 6 1 31 38 48 3 9 14 27 45 47 44 13 21 31 35 23 8 2 51 19 39 14 12 44 49 9 45 40 27 42 33 16 19 37 14 41 52 53 0 26 32 12 23 26 8 29 20 0 20 30 11 0 4 21 53 2 34 53 28 1 43 53 26 1 18 40 11 6
run=20 seed=19 k=54 f=0
29 20 48 10 48 5 17 36 25 13 40 0 35 12 14 53 32 21 0 12 34 43 30 29 22 7 37 40 29 46 45 26 24 29 31 11 19 44 1 52 53 19 12 34 14 43 25 39 25 40 0 41 16 40 53 17 10 7 49 31 51 5 9 0 22 49 4 42 4 19
