run=1 seed=0 k=55 f=0
27 34 17 35 52 7 11 17 0 11 10 9 23 14 14 25 32 21 0 27 45 54 27 44 32 4 19 43 47 53 39 7 32 0 22 1 18 43 50 50 28 39 29 35 40 40 48 15 25 42 3 29 51 31 54 24 13 0 0 49 16 15 35 11 35 48 21 4 18 10
run=2 seed=1 k=55 f=0
27 34 17 35 52 7 11 17 0 11 10 9 23 14 14 25 32 21 0 27 45 54 27 44 32 4 19 43 47 53 39 7 32 0 22 1 18 43 50 50 28 39 29 35 40 40 48 15 25 42 3 29 51 31 54 24 13 0 0 49 16 15 35 11 35 48 21 4 18 10
run=3 seed=2 k=55 f=0
31 17 36 5 38 37 39 9 21 39 3 54 0 53 45 0 39 54 47 49 35 26 14 22 24 21 13 9 21 36 3 54 54 0 18 43 4 16 54 18 43 42 27 22 16 26 6 29 10 31 28 30 48 30 43 49 3 38 20 8 2 33 12 8 33 3 11 53 11 50
run=4 seed=3 k=55 f=0
25 50 18 24 25 20 2 0 40 44 40 10 43 15 12 12 21 14 54 11 0 36 53 54 38 36 44 0 28 0 49 44 30 54 41 18 50 38 30 37 7 32 6 1 20 17 11 32 44 2 34 38 54 4 26 48 16 5 53 2 28 29 16 46 16 8 51 50 24 12
run=5 seed=4 k=55 f=0
48 4 48 46 13 11 10 0 42 25 41 39 39 39 54 25 44 54 50 1 12 46 17 0 42 24 54 9 51 24 6 35 26 38 29 19 21 47 54 33 17 18 28 23 8 12 7 2 52 10 32 28 0 42 5 33 2 3 28 54 32 0 21 17 20 52 42 17 54 12
run=6 seed=5 k=55 f=0
49 49 40 21 15 16 10 44 9 41 25 42 53 0 0 11 46 29 42 11 40 30 20 3 17 8 38 10 22 12 15 20 43 11 25 5 27 37 31 36 51 34 21 7 26 6 22 40 54 36 29 50 24 5 53 26 50 15 1 0 16 37 53 1 3 1 32 53 54 46
run=7 seed=6 k=55 f=0
1 49 36 5 10 31 31 25 11 27 0 41 5 10 28 0 45 52 48 20 35 26 0 31 13 3 14 13 22 46 31 15 42 18 18 6 8 0 48 35 0 6 9 14 22 17 49 3 54 13 38 53 22 28 41 54 39 50 54 31 32 54 42 27 36 20 4 44 44 22
run=8 seed=7 k=55 f=0
46 16 19 27 43 38 6 18 54 36 51 3 39 23 15 10 0 41 25 11 45 36 33 46 19 20 19 6 47 36 38 54 0 2 51 25 11 48 42 22 10 20 24 54 0 51 45 16 35 9 1 14 46 34 13 7 7 31 0 30 54 43 45 32 33 26 28 52 28 54
run=9 seed=8 k=55 f=0
53 48 32 40 47 31 48 8 43 40 46 23 36 12 10 42 0 36 35 13 0 19 52 0 1 20 8 0 0 17 48 8 21 43 1 36 5 1 36 45 24 54 52 47 52 15 8 5 54 29 33 26 43 24 25 15 15 29 38 13 7 31 24 13 20 54 37 22 29 54
run=10 seed=9 k=55 f=0
28 36 35 51 10 38 40 53 24 46 0 12 53 54 7 50 39 0 0 54 11 27 31 40 17 28 17 38 1 0 22 19 16 43 48 1 21 20 7 0 45 5 33 27 34 34 5 51 54 18 8 48 6 29 11 2 38 43 33 42 46 7 8 51 27 14 23 26 45 27
run=11 seed=10 k=55 f=0
0 37 49 14 47 37 45 15 20 18 0 53 4 1 18 19 39 20 35 33 46 28 0 54 26 29 6 9 53 45 11 54 40 32 17 5 35 0 6 47 35 40 54 14 1 12 31 54 22 47 21 13 0 26 43 27 8 26 22 11 13 42 47 8 48 8 4 52 13 29
run=12 seed=11 k=55 f=0
16 25 4 19 53 5 26 41 12 3 37 39 54 10 38 0 21 8 25 23 54 34 17 35 21 30 27 26 32 51 49 15 0 16 18 6 31 28 54 48 40 30 0 43 42 21 49 51 0 45 0 17 54 8 50 21 39 8 3 11 14 50 0 37 9 36 1 34 45 10
run=13 seed=12 k=55 f=0
33 0 33 26 40 35 45 14 47 9 54 26 38 29 1 46 50 13 8 8 28 12 45 48 38 23 0 50 5 35 40 36 28 48 31 54 41 21 4 20 19 0 30 44 25 53 19 16 16 6 54 21 32 54 0 54 15 8 43 4 43 17 31 38 41 7 36 53 19 8
run=14 seed=13 k=55 f=0
30 6 9 1 1 28 27 0 46 4 47 46 34 17 24 22 43 15 33 36 14 42 4 16 16 1 53 44 0 44 27 51 50 51 26 28 19 41 32 9 10 8 23 47 8 40 39 54 13 54 35 41 22 44 6 18 17 0 25 0 36 37 35 31 13 9 50 49 0 26
run=15 seed=14 k=55 f=0
17 48 6 12 19 26 32 32 9 9 13 32 10 28 0 26 54 33 37 25 0 18 14 4 1 42 21 30 18 43 9 8 47 52 0 39 5 40 6 38 35 42 0 48 14 53 18 0 17 26 52 47 0 50 10 16 29 24 54 54 8 44 43 19 21 54 2 33 33 29
run=16 seed=15 k=55 f=0
0 19 14 8 54 25 15 8 0 50 33 7 4 11 54 46 4 47 10 15 8 36 43 51 14 22 0 9 46 41 39 0 32 1 3 28 37 54 21 16 19 42 39 5 31 24 21 10 54 13 32 23 34 18 17 34 28 47 25 23 42 54 30 29 46 49 6 2 54 25
run=17 seed=16 k=55 f=0
36 23 11 12 16 8 42 2 51 27 9 32 9 34 54 29 41 5 38 0 51 4 43 21 8 29 38 20 53 54 22 12 31 46 27 39 15 15 28 47 47 20 36 31 0 24 1 0 9 17 4 13 0 47 24 41 2 2 33 54 48 44 13 54 53 20 25 17 42 29
run=18 seed=17 k=55 f=0
41 48 54 0 14 9 38 31 40 4 8 27 21 46 7 29 32 46 42 23 40 18 33 41 51 0 54 26 29 29 13 54 46 4 35 3 53 53 14 14 5 47 38 33 1 33 11 48 43 54 20 4 21 22 26 19 6 0 32 10 11 37 23 16 45 0 50 22 0 10
run=19 seed=18 k=55 f=0
43 20 38 45 1 5 54 17 13 21 42 47 38 0 22 26 34 54 15 30 1 35 4 0 32 44 14 33 9 24 23 46 48 10 52 54 28 46 52 15 38 20 37 15 53 54 31 42 0 26 53 31 16 39 22 31 29 6 53 41 8 11 35 2 1 54 15 0 11 33
run=20 seed=19 k=55 f=0
6 15 40 30 8 46 16 35 2 44 25 43 10 4 23 51 47 23 42 1 36 5 45 20 19 9 53 32 22 6 30 21 38 52 25 29 27 1 19 16 15 14 41 7 27 1 22 54 20 0 38 51 37 0 14 28 34 48 54 38 54 10 36 32 8 17 35 1 45 45
