run=1 seed=0 k=60 f=0
43 53 57 26 10 54 46 10 27 55 2 6 59 19 6 59 1 8 52 59 16 37 27 47 30 50 3 32 7 35 29 6 38 18 45 26 14 0 31 23 42 33 59 14 44 0 38 19 35 15 53 32 59 20 45 36 0 50 25 1 43 19 44 27 50 5 24 10 48 17
run=2 seed=1 k=60 f=0
43 53 57 26 10 54 46 10 27 55 2 6 59 19 6 59 1 8 52 59 16 37 27 47 30 50 3 32 7 35 29 6 38 18 45 26 14 0 31 23 42 33 59 14 44 0 38 19 35 15 53 32 59 20 45 36 0 50 25 1 43 19 44 27 50 5 24 10 48 17
run=3 seed=2 k=60 f=0
30 19 8 35 22 19 14 52 45 41 23 11 11 53 0 13 16 33 52 50 2 28 29 27 7 5 57 50 36 1 28 59 35 42 41 36 57 59 33 17 21 18 13 49 37 5 36 54 25 58 44 25 41 6 0 28 32 43 10 47 49 23 3 23 5 9 46 57 39 10
run=4 seed=3 k=60 f=0
7 9 48 0 45 46 12 15 1 38 58 34 54 19 22 20 31 59 0 18 51 42 58 18 14 47 8 30 28 42 0 34 0 27 37 0 57 36 42 48 35 9 51 7 28 27 21 13 15 23 59 49 5 57 0 22 17 39 1 5 54 49 31 13 5 57 2 58 26 51
run=5 seed=4 k=60 f=0
1 33 13 32 32 36 13 42 25 52 38 11 34 44 15 27 35 20 20 25 44 0 48 24 37 59 40 25 6 51 53 52 6 56 11 21 31 0 7 42 0 59 31 26 46 20 22 58 3 43 13 34 26 40 47 16 0 59 16 5 52 16 51 9 21 5 51 59 7 6
run=6 seed=5 k=60 f=0
54 1 30 16 55 58 20 13 43 1 56 28 0 15 10 14 34 11 45 15 47 22 39 33 20 25 43 30 32 7 6 59 59 29 36 36 6 41 47 46 53 0 53 48 2 36 57 7 42 59 23 4 16 8 20 34 25 23 39 41 50 52 16 2 1 23 52 32 30 58
run=7 seed=6 k=60 f=0
51 38 27 24 12 7 30 1 22 20 53 16 45 43 20 19 21 51 0 26 59 49 40 59 29 0 0 28 17 33 59 32 11 59 36 25 36 18 11 59 12 44 27 0 57 25 35 59 8 44 51 52 30 25 37 49 54 2 15 43 56 4 39 10 43 30 5 13 6 44
run=8 seed=7 k=60 f=0
57 56 55 31 5 44 26 0 28 43 18 3 53 48 32 0 58 15 48 53 46 21 48 44 6 0 1 12 19 21 6 11 1 31 31 39 27 22 12 39 37 40 6 0 38 47 22 36 33 48 13 41 24 18 52 58 57 17 3 52 10 16 49 41 38 8 6 25 28 59
run=9 seed=8 k=60 f=0
51 24 24 45 58 13 22 42 34 33 52 16 16 47 45 13 0 58 0 38 45 58 57 31 7 27 14 22 58 3 33 33 2 7 11 3 59 49 0 10 40 26 31 0 21 26 43 5 43 10 25 6 53 41 20 56 50 35 9 38 35 29 49 41 25 23 37 47 18 55
run=10 seed=9 k=60 f=0
54 14 25 53 57 54 20 12 42 32 16 59 58 4 37 34 31 0 25 34 27 0 31 45 3 10 24 23 49 0 42 8 3 59 33 47 10 26 39 44 59 51 49 11 50 19 0 34 3 39 15 34 52 16 35 19 1 30 43 42 24 20 25 17 3 1 58 58 59 35
run=11 seed=10 k=60 f=0
57 27 3 30 34 13 35 31 54 47 0 52 48 33 11 50 0 17 8 48 13 4 55 20 24 49 51 0 7 6 57 39 25 46 56 44 42 57 9 18 42 30 25 30 0 3 16 25 11 33 14 16 23 17 37 4 46 33 21 35 59 15 17 7 18 41 44 59 59 59
run=12 seed=11 k=60 f=0
18 11 15 22 3 23 1 36 30 47 4 5 59 6 29 49 2 27 42 18 56 0 37 1 9 14 46 1 23 13 39 23 47 0 50 39 52 9 27 37 28 11 18 34 17 23 48 39 58 46 55 37 34 30 41 48 59 10 46 28 21 59 4 54 55 59 54 0 35 33
run=13 seed=12 k=60 f=0
39 30 54 32 34 15 3 33 37 24 58 0 34 14 13 4 28 11 25 43 22 12 0 50 53 45 8 5 30 20 0 51 25 3 0 59 31 40 10 47 41 16 50 33 44 18 29 26 52 19 56 38 6 59 24 56 42 56 1 19 38 36 1 58 19 47 46 10 35 0
run=14 seed=13 k=60 f=0
30 43 39 31 4 5 32 11 44 13 46 52 18 11 58 49 41 25 25 9 59 34 49 40 36 15 0 6 27 49 51 0 0 18 32 26 21 45 59 38 58 41 0 14 9 11 49 24 32 58 18 41 0 55 54 37 12 47 28 57 8 18 13 34 32 57 15 1 19 9
run=15 seed=14 k=60 f=0
21 28 39 43 13 9 47 44 39 46 52 52 0 30 56 8 34 54 22 41 20 45 39 18 39 22 51 30 19 3 5 58 9 4 3 37 14 25 19 38 38 30 37 0 30 27 27 18 43 0 12 57 10 38 15 51 52 47 12 0 59 17 58 45 59 31 9 57 0 33
run=16 seed=15 k=60 f=0
52 30 54 36 51 1 34 15 11 28 43 16 41 44 27 46 33 23 17 13 2 20 33 7 34 0 28 16 24 48 6 37 59 49 0 59 45 30 24 2 13 59 39 8 9 35 20 54 25 52 57 53 42 30 59 44 43 11 26 54 9 0 30 14 5 21 14 22 51 18
run=17 seed=16 k=60 f=0
24 34 57 47 39 35 55 26 3 48 40 12 59 51 48 0 15 32 21 0 47 8 21 14 38 59 58 7 21 0 28 28 36 17 47 54 41 0 59 0 8 35 53 26 49 29 1 21 48 25 40 13 38 59 41 10 12 17 55 17 1 59 44 8 47 56 39 26 17 27
run=18 seed=17 k=60 f=0
57 53 59 47 19 1 25 34 59 47 1 45 29 37 42 59 48 33 30 35 17 41 33 8 10 58 0 10 4 38 13 4 16 26 1 31 35 41 18 23 21 11 6 22 45 52 50 27 10 23 30 55 38 53 52 11 43 4 49 0 2 19 37 15 57 46 45 35 27 57
run=19 seed=18 k=60 f=0
58 6 55 2 16 22 10 41 5 14 45 27 0 45 22 29 57 39 41 15 22 57 11 54 52 31 22 45 58 40 16 49 31 59 34 42 18 15 52 38 9 8 27 0 9 49 26 46 12 0 32 36 21 59 48 33 24 7 33 1 50 37 39 7 8 57 50 23 0 14
run=20 seed=19 k=60 f=0
18 31 28 22 12 16 41 55 32 40 59 40 25 5 43 24 45 21 44 28 46 55 35 39 57 35 30 30 33 6 52 37 7 11 2 3 59 38 45 50 59 17 29 59 0 0 37 52 24 58 14 22 8 52 50 6 29 35 9 15 16 48 22 0 1 43 10 31 0 50
