run=1 seed=0 k=69 f=0
34 0 6 68 45 30 52 24 49 1 18 16 29 40 40 40 53 36 55 58 67 11 1 3 47 62 60 63 16 34 68 21 51 43 17 51 45 54 34 10 27 3 66 48 5 57 68 20 5 22 50 24 41 29 2 61 62 68 49 25 31 63 2 12 11 9 34 14 34 11
run=2 seed=1 k=69 f=0
34 0 6 68 45 30 52 24 49 1 18 16 29 40 40 40 53 36 55 58 67 11 1 3 47 62 60 63 16 34 68 21 51 43 17 51 45 54 34 10 27 3 66 48 5 57 68 20 5 22 50 24 41 29 2 61 62 68 49 25 31 63 2 12 11 9 34 14 34 11
run=3 seed=2 k=69 f=0
32 46 7 65 15 60 36 33 49 6 49 36 59 62 2 1 44 37 50 0 38 21 38 38 28 19 56 47 22 13 12 30 25 0 26 12 19 9 42 68 0 65 24 29 58 51 16 2 64 29 32 52 7 7 51 16 41 10 11 41 54 66 26 68 67 39 67 17 57 22
run=4 seed=3 k=69 f=0
66 49 24 3 0 5 21 48 24 8 12 40 25 10 7 8 18 44 47 0 18 66 37 66 52 34 35 44 31 13 58 39 16 30 36 31 3 21 39 33 45 29 68 61 16 49 14 52 25 10 23 55 68 60 53 14 12 59 46 25 57 0 40 2 61 32 6 68 55 56
run=5 seed=4 k=69 f=0
64 14 31 68 21 10 42 42 20 20 23 49 34 35 44 63 12 45 39 59 36 0 0 48 33 58 6 55 54 19 24 28 23 26 61 23 28 65 14 2 63 68 53 17 15 59 52 34 39 4 42 2 68 5 0 58 51 11 11 55 31 7 62 36 33 47 63 44 45 31
run=6 seed=5 k=69 f=0
58 68 42 45 17 19 34 51 6 37 32 44 62 66 46 29 32 57 68 1 14 37 36 21 64 41 1 0 44 68 17 57 7 12 61 0 29 68 23 68 58 8 29 7 2 53 30 32 7 50 29 21 63 46 46 40 37 15 50 50 22 11 67 1 61 57 55 21 24 36
run=7 seed=6 k=69 f=0
48 7 13 50 46 53 4 12 46 1 50 68 15 38 42 1 65 26 25 61 41 56 7 0 62 1 27 28 22 39 56 68 68 33 0 21 18 44 3 35 17 14 58 0 51 6 25 31 12 53 8 45 31 36 17 23 59 60 22 43 44 32 12 8 66 68 63 16 31 66
run=8 seed=7 k=69 f=0
56 57 65 64 66 59 5 0 66 67 41 68 8 60 22 30 1 56 0 59 2 20 36 56 17 14 19 30 41 5 24 51 63 27 36 10 35 12 20 48 34 26 43 18 8 14 48 27 41 49 49 32 62 16 68 37 57 1 11 38 29 63 9 35 55 49 24 52 68 29
run=9 seed=8 k=69 f=0
1 10 36 68 19 61 31 53 12 12 46 24 27 14 53 60 0 7 36 56 24 1 12 1 43 21 56 20 49 16 65 51 44 16 6 36 49 68 28 61 44 15 41 25 68 6 49 4 68 58 31 6 30 44 32 46 27 34 33 31 44 16 68 50 3 35 19 52 68 38
run=10 seed=9 k=69 f=0
40 68 49 2 5 0 20 68 26 28 64 44 31 1 57 0 29 66 67 44 30 59 37 45 61 58 37 14 55 25 46 38 3 27 46 51 53 37 18 64 13 12 46 23 11 9 0 64 1 10 65 31 38 55 6 13 28 20 3 33 22 20 9 17 57 55 45 42 21 56
run=11 seed=10 k=69 f=0
53 10 23 0 40 26 29 20 37 68 68 16 24 33 68 67 56 31 9 15 51 21 44 46 50 45 28 9 19 63 65 35 15 38 2 60 62 52 30 35 52 27 6 46 27 43 16 1 68 24 11 0 5 19 15 61 48 2 59 41 36 4 47 63 45 10 44 17 4 19
run=12 seed=11 k=69 f=0
23 38 66 8 42 34 44 28 20 55 32 48 5 31 33 25 36 29 11 60 7 16 67 67 18 51 23 47 61 46 18 55 55 5 64 0 2 54 45 62 54 21 64 22 37 28 33 57 68 22 1 6 6 1 14 0 29 40 44 64 58 5 8 44 19 43 15 45 68 31
run=13 seed=12 k=69 f=0
29 44 6 4 19 40 35 60 1 0 34 50 34 13 49 34 17 46 47 66 27 59 66 24 54 55 32 59 61 59 1 10 5 29 28 0 10 10 22 41 50 1 1 52 66 19 47 66 34 26 67 7 64 56 65 17 38 68 48 24 8 5 46 37 50 26 24 40 18 15
run=14 seed=13 k=69 f=0
0 68 54 68 4 60 23 8 41 38 49 53 28 36 68 55 24 67 41 24 39 29 34 50 45 57 30 12 16 16 51 8 57 41 29 19 7 52 18 19 61 68 30 21 33 38 34 49 0 36 3 47 12 49 14 1 20 47 60 63 45 24 17 4 65 33 9 4 16 41
run=15 seed=14 k=69 f=0
38 55 26 30 46 57 59 44 66 10 60 4 33 64 67 42 16 0 32 26 35 9 27 10 28 58 49 1 29 60 5 1 43 52 17 19 51 29 2 60 20 66 62 44 67 24 39 0 66 39 38 3 48 55 20 14 8 14 15 14 29 59 27 9 68 38 16 0 50 2
run=16 seed=15 k=69 f=0
42 53 30 2 65 13 13 0 34 31 10 68 2 38 34 0 63 54 35 57 65 38 57 50 14 13 17 18 23 41 5 16 67 61 12 10 6 32 17 50 55 5 46 68 48 21 50 52 44 35 66 31 26 54 6 41 43 59 48 63 1 24 2 21 68 25 44 40 28 32
run=17 seed=16 k=69 f=0
12 60 12 55 27 46 12 0 67 3 57 38 8 5 60 1 42 49 63 3 11 23 51 14 67 13 46 22 68 0 34 36 31 66 4 47 65 18 51 45 62 43 27 39 48 17 4 5 53 31 24 56 22 55 7 60 18 1 29 9 0 18 23 58 36 30 34 32 66 38
run=18 seed=17 k=69 f=0
61 61 1 59 62 62 55 10 32 36 45 35 44 66 18 22 30 66 0 26 35 5 12 15 64 0 43 49 34 3 57 67 55 56 28 28 14 25 67 4 10 9 36 9 32 66 65 20 22 9 24 19 41 52 16 46 42 30 56 54 53 44 67 48 1 3 42 8 17 35
run=19 seed=18 k=69 f=0
64 38 0 67 39 67 24 12 27 24 7 28 41 27 30 32 58 18 54 37 46 61 62 58 58 43 21 8 18 31 10 0 1 40 29 21 38 50 56 55 3 66 62 56 15 13 47 4 51 68 41 42 34 20 3 20 9 23 26 67 6 5 52 27 31 36 62 46 15 8
run=20 seed=19 k=69 f=0
34 14 28 7 4 51 2 0 11 63 61 61 64 31 12 63 41 65 49 52 6 44 59 37 40 11 45 0 50 57 58 36 42 17 59 54 16 43 9 25 67 0 28 12 23 55 43 34 48 23 18 41 1 15 5 60 42 5 29 31 34 0 43 56 36 22 25 9 20 26
