run=1 seed=0 k=70 f=0
43 46 60 59 43 14 66 2 54 31 25 7 20 39 68 16 10 1 23 16 69 28 47 9 2 42 67 13 57 40 48 61 52 68 69 0 26 57 51 1 29 53 19 49 34 38 33 44 32 54 3 45 21 10 36 29 32 60 36 67 65 55 4 27 42 63 26 46 3 23
run=2 seed=1 k=70 f=0
43 46 60 59 43 14 66 2 54 31 25 7 20 39 68 16 10 1 23 16 69 28 47 9 2 42 67 13 57 40 48 61 52 68 69 0 26 57 51 1 29 53 19 49 34 38 33 44 32 54 3 45 21 10 36 29 32 60 36 67 65 55 4 27 42 63 26 46 3 23
run=3 seed=2 k=70 f=0
60 39 68 15 21 28 34 1 5 37 5 69 19 47 47 11 24 3 62 60 67 2 9 25 5 35 40 3 66 64 17 55 65 22 31 26 22 41 33 10 57 47 69 35 40 53 56 64 0 45 5 25 9 4 50 56 69 33 18 50 56 19 43 61 14 16 17 28 34 50
run=4 seed=3 k=70 f=0
46 37 41 0 6 0 22 64 24 54 9 6 54 9 29 11 35 65 38 65 25 53 48 48 33 52 24 65 28 57 19 1 6 55 31 61 25 13 22 38 64 58 42 7 68 68 31 69 45 12 39 49 0 17 30 37 66 15 33 44 28 21 61 21 48 50 13 2 42 12
run=5 seed=4 k=70 f=0
32 6 30 36 17 37 35 44 48 49 54 54 69 64 53 49 1 11 41 28 37 59 21 26 16 34 12 0 18 61 50 22 14 59 59 69 64 24 3 42 42 69 69 1 64 20 42 8 46 62 0 7 25 6 50 64 32 5 14 26 16 0 23 41 33 17 61 36 0 51
run=6 seed=5 k=70 f=0
15 22 40 2 56 12 25 29 23 4 56 10 58 48 33 28 20 32 68 66 50 41 39 43 45 45 53 63 1 68 62 16 10 48 25 64 0 39 20 25 35 0 68 26 3 40 57 60 30 55 13 15 69 36 59 0 45 51 31 59 2 36 6 7 5 50 68 13 8 30
run=7 seed=6 k=70 f=0
21 57 42 25 22 48 46 15 27 33 20 64 13 33 52 6 0 64 56 33 14 23 40 2 49 26 10 69 20 46 45 69 62 34 36 33 56 24 6 3 65 62 43 2 17 26 9 18 19 48 55 0 38 47 54 60 0 36 53 28 11 40 38 16 69 8 29 68 41 35
run=8 seed=7 k=70 f=0
47 19 59 1 15 27 66 69 60 63 49 31 43 2 5 44 69 31 28 66 34 54 38 14 0 23 51 32 57 60 13 2 52 2 36 64 67 44 23 12 33 59 55 20 58 37 10 0 5 38 68 17 56 69 64 37 47 22 10 11 48 23 69 10 14 12 26 35 25 27
run=9 seed=8 k=70 f=0
38 65 37 39 2 38 32 58 7 48 11 21 26 17 45 34 10 29 55 47 5 26 17 13 0 58 69 57 55 57 33 14 0 22 11 53 30 13 0 10 50 30 43 7 63 54 53 16 47 2 5 11 69 22 63 69 66 64 69 10 39 44 49 51 33 26 47 23 58 24
run=10 seed=9 k=70 f=0
26 43 45 37 30 3 49 68 12 60 36 13 0 18 36 52 69 51 66 49 15 60 21 15 9 24 46 53 9 65 40 7 47 61 53 27 40 35 28 64 27 0 19 69 44 19 10 59 49 36 57 64 60 38 9 42 13 7 25 32 5 0 48 0 54 30 38 18 69 5
run=11 seed=10 k=70 f=0
53 36 68 0 27 40 5 51 47 34 18 5 58 35 4 21 58 11 51 38 58 69 45 41 0 0 22 63 44 63 16 3 69 22 0 15 46 2 9 22 53 31 63 53 39 11 16 64 65 30 8 28 21 65 46 17 13 33 10 62 50 30 6 37 30 28 64 12 46 31
run=12 seed=11 k=70 f=0
43 33 57 12 44 47 1 54 39 53 40 6 38 48 61 69 13 44 53 55 62 44 67 23 25 2 62 8 37 33 26 19 52 10 22 55 57 37 0 20 18 35 28 68 11 29 36 15 47 23 5 67 37 2 19 5 60 68 12 0 67 38 65 53 63 59 14 59 27 50
run=13 seed=12 k=70 f=0
60 0 8 18 27 65 9 53 28 14 48 53 17 4 54 45 67 37 37 30 12 67 30 41 33 50 69 36 50 27 24 54 3 3 0 27 10 45 22 47 13 63 29 53 4 66 39 14 34 7 56 58 19 16 15 35 48 26 20 58 43 22 41 59 10 0 68 69 40 6
run=14 seed=13 k=70 f=0
20 13 49 69 25 44 42 16 37 2 60 49 42 31 51 41 52 29 48 44 0 33 5 16 53 4 25 10 54 59 17 55 30 49 37 22 39 67 33 69 9 11 10 57 17 61 19 64 32 69 38 21 43 64 38 27 2 4 25 27 60 9 23 19 1 3 5 64 69 3
run=15 seed=14 k=70 f=0
43 42 41 32 13 14 17 53 59 18 45 35 30 56 56 65 62 31 34 65 17 56 39 51 10 52 20 9 8 8 38 48 17 23 22 25 23 38 6 0 66 39 59 69 20 48 33 48 8 0 0 67 20 58 47 29 0 69 4 1 69 30 8 10 69 1 52 57 29 43
run=16 seed=15 k=70 f=0
3 40 37 25 2 30 25 2 23 58 38 32 69 0 44 15 69 27 64 68 5 49 53 1 69 12 54 30 67 44 23 33 20 56 54 63 40 67 11 63 35 44 35 51 41 8 66 12 47 3 7 53 58 26 18 45 10 52 56 54 21 23 0 43 26 60 44 1 21 67
run=17 seed=16 k=70 f=0
23 53 47 12 67 38 37 13 63 15 49 15 19 31 9 0 18 35 41 0 43 67 26 26 48 27 48 2 21 38 43 9 35 43 13 31 42 58 4 64 2 36 22 9 17 29 21 20 6 62 69 3 49 27 67 49 52 51 57 26 40 57 53 2 29 1 61 66 17 61
run=18 seed=17 k=70 f=0
35 62 41 37 29 28 5 22 63 57 15 44 29 15 58 53 69 57 67 63 41 11 23 48 63 3 26 10 29 68 47 20 40 33 56 0 65 0 48 1 61 1 66 20 7 20 10 7 12 24 0 65 35 13 44 38 39 51 50 39 52 29 17 10 58 50 36 18 29 15
run=19 seed=18 k=70 f=0
35 10 25 47 36 1 27 16 58 58 36 3 31 68 12 41 14 32 61 13 64 23 61 59 28 41 23 25 44 0 3 54 47 69 19 32 42 57 30 54 53 29 7 13 4 19 56 69 50 58 32 36 27 69 48 25 7 67 45 50 67 15 6 21 43 40 10 65 1 10
run=20 seed=19 k=70 f=0
59 46 58 12 0 69 41 63 42 37 42 35 35 36 53 5 56 49 12 8 36 26 5 42 52 1 32 12 65 56 24 55 68 14 67 62 46 41 50 29 17 30 32 0 34 3 67 24 68 10 48 51 41 40 23 56 21 20 68 16 20 42 1 66 4 11 0 63 16 0
