run=1 seed=0 k=72 f=0
55 70 9 43 41 50 10 12 33 24 17 64 42 1 28 22 60 53 52 64 39 8 15 18 3 26 10 67 19 55 40 59 10 66 5 53 1 23 3 36 71 45 45 71 32 50 19 42 11 2 29 46 45 69 36 61 14 21 0 14 33 45 68 15 56 17 70 57 27 65
run=2 seed=1 k=72 f=0
55 70 9 43 41 50 10 12 33 24 17 64 42 1 28 22 60 53 52 64 39 8 15 18 3 26 10 67 19 55 40 59 10 66 5 53 1 23 3 36 71 45 45 71 32 50 19 42 11 2 29 46 45 69 36 61 14 21 0 14 33 45 68 15 56 17 70 57 27 65
run=3 seed=2 k=72 f=0
21 34 32 71 37 13 9 30 49 9 36 5 61 53 0 9 38 71 17 3 26 68 17 35 55 29 26 38 0 15 21 42 70 64 25 60 14 55 18 53 5 62 24 47 28 32 22 66 66 46 61 37 55 71 0 38 5 43 12 0 21 46 31 9 46 4 61 70 50 46
run=4 seed=3 k=72 f=0
66 71 0 40 33 4 48 54 35 40 58 10 9 19 0 7 7 55 49 12 43 54 22 63 30 43 31 48 28 22 70 22 28 15 4 0 19 38 22 35 3 69 47 11 64 43 57 16 26 34 54 13 16 15 26 65 60 53 2 16 60 45 55 67 31 45 39 54 33 71
run=5 seed=4 k=72 f=0
32 60 1 62 43 23 33 17 68 65 50 66 2 44 67 5 19 61 31 32 41 19 24 45 45 70 18 17 26 28 54 53 37 28 1 11 42 3 71 54 36 23 48 71 68 8 22 58 48 35 4 2 3 13 39 10 65 23 2 24 26 36 27 12 58 42 15 11 70 71
run=6 seed=5 k=72 f=0
43 5 66 0 68 64 8 70 28 30 0 56 36 54 10 44 71 35 58 41 70 61 63 21 3 24 31 1 68 55 18 19 26 27 39 33 20 3 34 71 5 53 43 54 35 63 45 10 0 49 45 32 40 12 12 18 1 50 8 13 14 23 52 61 49 36 57 69 27 71
run=7 seed=6 k=72 f=0
14 25 16 0 68 33 46 51 19 58 31 19 41 44 58 56 22 7 39 5 63 42 52 47 71 35 60 28 5 15 55 0 21 15 48 50 36 26 39 3 29 24 57 52 21 68 27 70 9 0 71 16 60 8 45 5 32 50 49 12 71 32 60 66 63 42 63 47 13 39
run=8 seed=7 k=72 f=0
45 51 59 31 59 7 50 1 24 25 59 1 17 30 1 24 10 2 15 0 65 35 36 56 61 39 1 10 66 40 45 45 61 32 6 8 37 62 47 53 61 28 13 36 2 7 1 15 17 28 13 41 67 37 71 55 69 26 20 71 59 40 45 50 22 67 18 49 11 20
run=9 seed=8 k=72 f=0
0 27 66 53 0 71 70 41 33 9 31 21 69 38 25 62 50 0 9 53 13 70 57 61 28 63 12 17 7 27 57 48 44 66 29 53 49 34 4 61 68 40 47 40 20 6 7 4 40 14 1 30 31 55 9 59 17 34 21 2 5 38 49 26 18 23 61 52 0 38
run=10 seed=9 k=72 f=0
67 24 61 7 2 29 68 70 60 11 16 41 71 49 37 18 17 36 46 33 41 55 67 21 52 27 36 47 1 61 64 8 15 10 55 34 26 63 57 56 71 65 0 71 60 9 0 37 49 70 15 37 4 25 21 46 37 0 49 2 61 29 18 51 37 6 28 69 0 47
run=11 seed=10 k=72 f=0
31 40 62 53 66 17 59 10 35 59 25 26 0 68 56 28 34 70 44 8 18 63 43 70 34 23 13 68 34 30 59 71 15 28 19 9 45 55 0 8 43 32 37 32 20 36 40 46 67 1 2 48 49 55 5 68 9 63 44 50 57 1 63 14 62 2 20 10 0 21
run=12 seed=11 k=72 f=0
30 14 69 53 51 31 49 58 41 10 24 47 1 25 14 1 2 35 62 0 51 40 37 11 23 56 3 50 58 37 50 30 67 0 4 63 6 66 16 38 16 44 52 41 12 54 0 69 32 71 65 13 41 20 22 6 71 22 9 54 24 34 53 9 38 18 30 43 67 22
run=13 seed=12 k=72 f=0
9 33 50 64 34 71 53 7 49 0 38 13 61 2 40 0 70 21 47 4 18 8 32 10 6 60 35 50 42 46 12 71 16 0 65 66 33 51 20 23 56 54 13 5 20 3 29 0 39 5 20 62 29 10 30 38 24 68 30 28 49 58 61 41 65 23 36 40 63 0
run=14 seed=13 k=72 f=0
66 47 63 31 52 28 56 35 57 35 26 71 46 54 13 0 45 71 18 44 61 15 25 59 9 24 45 6 29 1 10 69 30 42 29 27 19 51 6 52 64 5 0 38 37 39 49 48 13 34 18 65 3 43 19 13 63 0 35 22 57 54 37 8 58 66 3 68 52 71
run=15 seed=14 k=72 f=0
55 62 15 18 18 17 47 24 63 45 34 28 0 30 68 56 19 44 49 53 28 13 51 57 24 70 71 22 59 3 1 70 16 64 32 41 3 32 71 35 39 22 54 68 0 63 27 3 57 4 11 9 34 62 0 46 4 47 42 8 49 34 22 11 8 37 21 69 0 45
run=16 seed=15 k=72 f=0
0 70 21 71 8 57 58 48 14 16 66 15 19 68 28 0 11 60 44 55 48 34 45 25 8 49 40 57 16 14 34 63 71 0 60 58 24 28 35 35 0 14 68 7 71 6 40 40 65 30 57 5 21 30 15 21 69 48 6 40 4 51 30 39 9 66 26 25 25 5
run=17 seed=16 k=72 f=0
60 69 33 4 59 71 55 29 33 24 39 41 47 30 36 1 71 21 69 21 45 25 21 14 31 12 55 16 11 36 4 16 2 53 20 52 50 4 46 68 44 64 37 10 42 31 17 21 24 32 64 69 61 7 64 58 36 11 31 64 4 12 8 45 17 44 37 50 55 71
run=18 seed=17 k=72 f=0
25 13 63 35 66 71 31 59 36 12 49 7 59 48 6 50 10 21 42 15 24 65 69 13 19 44 64 46 16 55 36 7 40 37 28 31 35 28 21 69 21 71 66 9 71 16 2 63 24 62 6 55 53 19 52 16 1 51 57 0 71 38 1 3 7 45 69 58 34 44
run=19 seed=18 k=72 f=0
69 62 55 7 4 30 39 40 2 45 10 13 10 50 0 22 8 18 14 43 36 7 59 62 0 31 30 53 6 40 15 56 31 0 21 43 26 10 65 60 57 0 51 4 63 37 26 50 0 55 68 27 71 44 61 71 31 47 69 30 23 49 58 38 19 15 14 71 27 49
run=20 seed=19 k=72 f=0
33 27 16 28 64 37 17 57 25 4 33 40 1 30 49 33 20 55 55 51 71 44 23 18 61 43 2 16 6 47 49 0 38 13 47 14 71 64 71 56 67 40 47 70 69 12 61 52 60 0 57 59 33 24 4 18 11 23 20 49 50 22 63 28 24 0 34 13 59 37
