run=1 seed=0 k=51 f=0
7 43 3 0 0 7 44 24 29 50 28 27 3 41 50 50 0 10 42 50 21 31 32 33 10 24 50 26 30 12 14 8 13 2 49 2 0 17 11 33 5 15 30 25 27 41 48 20 8 34 23 9 49 33 50 36 23 21 0 19 17 38 0 41 43 45 19 0 38 41
run=2 seed=1 k=51 f=0
7 43 3 0 0 7 44 24 29 50 28 27 3 41 50 50 0 10 42 50 21 31 32 33 10 24 50 26 30 12 14 8 13 2 49 2 0 17 11 33 5 15 30 25 27 41 48 20 8 34 23 9 49 33 50 36 23 21 0 19 17 38 0 41 43 45 19 0 38 41
run=3 seed=2 k=51 f=0
25 32 29 13 22 24 39 17 13 42 23 0 43 43 0 14 35 1 0 10 3 43 35 5 22 14 39 11 14 22 7 26 30 10 47 20 17 49 43 37 0 18 29 14 39 8 42 46 42 50 30 28 26 8 39 5 32 50 35 5 7 50 0 21 0 34 49 31 50 47
run=4 seed=3 k=51 f=0
15 35 1 48 24 6 39 12 48 25 44 8 10 50 25 13 23 42 0 0 50 4 49 3 38 32 23 36 34 32 15 41 42 0 9 26 29 50 22 49 8 20 28 34 29 20 18 15 40 49 41 25 2 34 18 40 48 0 10 47 16 21 2 9 35 25 4 5 29 15
run=5 seed=4 k=51 f=0
33 35 1 12 38 33 12 8 41 42 3 7 29 16 50 42 41 7 20 24 17 0 20 20 2 21 28 7 50 50 34 9 40 0 13 24 46 50 44 14 7 31 38 43 33 23 34 11 30 49 42 23 0 2 16 24 46 2 39 15 14 50 19 28 29 2 44 24 50 1
run=6 seed=5 k=51 f=0
9 21 0 37 19 38 11 18 49 29 9 15 27 13 38 13 27 43 39 0 41 5 11 10 19 18 19 45 2 49 50 49 17 25 46 30 24 50 42 1 42 34 0 21 27 33 39 15 39 9 29 22 0 1 13 5 10 50 17 35 50 0 22 34 33 28 44 47 26 2
run=7 seed=6 k=51 f=0
14 0 24 24 49 32 4 44 4 43 2 6 19 45 29 25 41 29 13 12 36 16 38 13 19 3 50 50 33 33 9 6 8 9 2 44 22 0 27 37 18 42 37 42 42 45 33 50 33 12 0 17 50 32 49 22 20 0 28 50 24 34 27 19 17 12 27 9 50 42
run=8 seed=7 k=51 f=0
25 33 26 1 5 11 0 17 49 4 13 20 20 32 6 25 49 42 43 32 6 16 16 29 47 17 19 50 50 50 0 50 37 0 23 45 32 50 7 14 43 0 23 18 0 1 36 0 10 27 10 42 37 13 32 38 34 45 22 9 2 37 32 8 43 26 18 18 40 37
run=9 seed=8 k=51 f=0
22 3 8 34 34 46 9 19 0 49 43 50 26 41 0 27 35 23 13 31 11 46 38 44 42 0 0 13 4 10 17 38 50 32 42 33 4 2 10 32 24 50 41 36 50 16 45 17 27 9 50 20 44 5 14 26 24 41 0 7 18 17 37 49 50 8 28 33 20 19
run=10 seed=9 k=51 f=0
24 45 19 16 28 14 8 33 49 36 0 38 38 50 18 0 43 8 11 12 32 16 29 8 6 34 0 6 17 48 5 24 50 19 20 8 0 0 45 32 38 5 39 34 40 44 11 4 50 1 23 34 13 45 50 24 36 11 40 29 22 50 32 27 7 41 24 17 50 30
run=11 seed=10 k=51 f=0
14 36 22 50 50 30 38 24 13 50 34 43 10 32 44 46 14 7 35 21 28 0 35 31 40 39 39 27 18 1 46 15 0 0 10 10 6 37 50 37 8 40 18 13 9 49 50 21 30 50 25 48 1 23 46 5 0 22 49 30 21 20 36 26 11 43 10 0 7 17
run=12 seed=11 k=51 f=0
0 10 36 8 0 45 8 7 11 12 29 26 4 14 24 28 30 42 42 13 35 20 32 27 22 7 50 49 23 17 45 50 13 50 17 44 8 15 41 32 1 24 34 9 13 19 50 3 37 16 33 35 50 8 2 29 33 43 43 38 0 5 36 23 22 20 44 48 3 42
run=13 seed=12 k=51 f=0
14 11 33 0 18 31 37 23 2 3 19 5 7 17 34 0 39 28 43 29 48 33 27 30 50 2 8 44 1 44 47 24 19 36 3 41 39 0 6 26 25 14 17 22 8 49 11 39 32 50 36 49 15 31 45 12 50 0 40 28 23 19 21 9 50 48 24 38 5 16
run=14 seed=13 k=51 f=0
40 46 45 22 37 14 18 31 50 18 36 34 44 35 34 17 50 17 46 15 0 9 11 38 37 31 30 3 23 50 0 33 19 48 29 27 47 39 10 27 16 41 0 33 26 0 38 42 13 40 7 47 22 5 26 5 14 9 50 50 3 2 32 8 20 23 2 11 23 0
run=15 seed=14 k=51 f=0
11 4 36 8 50 21 40 15 2 26 8 44 44 6 25 22 1 18 0 18 48 38 31 34 14 39 0 39 46 48 32 11 6 35 7 16 1 0 50 50 16 42 44 50 42 30 12 12 23 50 40 12 11 33 9 30 17 18 0 50 32 30 49 27 25 41 23 5 27 23
run=16 seed=15 k=51 f=0
50 19 3 34 0 15 0 44 40 5 50 44 7 46 18 50 41 28 18 0 43 28 30 25 23 15 42 25 9 10 32 5 45 21 9 10 14 0 31 38 20 37 37 42 41 30 21 48 24 1 1 37 50 26 49 26 46 0 22 0 34 33 30 8 11 6 29 14 13 50
run=17 seed=16 k=51 f=0
43 6 49 50 50 29 19 22 9 27 26 15 39 34 50 41 19 43 16 5 14 31 2 19 33 9 42 15 47 0 3 0 28 3 42 23 35 50 44 0 14 21 34 8 25 22 25 20 41 0 27 0 32 7 15 39 32 9 38 49 50 10 34 26 10 1 30 1 49 34
run=18 seed=17 k=51 f=0
11 46 48 30 15 39 4 16 22 20 12 7 50 7 41 26 21 33 45 30 19 34 23 22 32 4 38 31 34 47 45 9 17 25 3 0 47 50 44 24 16 50 0 20 2 34 29 11 40 13 0 15 50 32 9 30 23 1 2 50 28 13 49 42 35 2 41 41 41 9
run=19 seed=18 k=51 f=0
33 5 50 42 50 12 49 23 19 9 41 40 0 46 9 42 21 9 25 24 31 50 50 30 48 37 50 44 30 9 12 18 38 50 15 24 5 41 35 25 25 46 17 22 10 47 29 3 30 46 0 2 1 35 0 30 4 16 0 29 14 0 37 28 5 47 20 20 10 19
run=20 seed=19 k=51 f=0
25 29 34 16 27 6 23 29 48 35 20 37 0 49 41 35 42 25 16 50 14 45 26 29 28 33 8 50 1 50 15 23 9 36 38 6 4 49 43 17 36 31 17 43 50 46 14 14 12 50 23 9 1 5 0 22 48 32 39 11 20 0 28 9 11 34 40 42 0 0
