run=1 seed=0 k=62 f=0
41 5 3 49 15 36 38 12 6 53 25 13 9 36 61 56 10 17 4 38 13 33 13 41 9 0 2 18 45 32 27 22 28 41 26 46 33 4 50 49 56 61 57 11 41 21 51 27 53 30 15 2 40 46 26 19 35 0 0 0 61 18 47 49 32 55 24 33 51 23
run=2 seed=1 k=62 f=0
41 5 3 49 15 36 38 12 6 53 25 13 9 36 61 56 10 17 4 38 13 33 13 41 9 0 2 18 45 32 27 22 28 41 26 46 33 4 50 49 56 61 57 11 41 21 51 27 53 30 15 2 40 46 26 19 35 0 0 0 61 18 47 49 32 55 24 33 51 23
run=3 seed=2 k=62 f=0
28 38 22 27 57 24 10 11 55 60 0 54 24 49 0 31 43 17 15 45 6 18 55 17 1 0 0 18 40 43 7 61 12 4 29 47 36 41 20 45 22 37 29 0 51 5 6 6 14 24 60 19 33 46 59 34 0 59 54 11 61 42 15 50 52 46 33 24 26 53
run=4 seed=3 k=62 f=0
24 21 48 0 13 6 46 47 55 60 7 0 28 9 52 61 59 25 2 57 0 12 32 8 35 41 61 1 20 48 0 52 13 38 48 38 8 61 16 36 31 36 0 19 46 57 0 24 16 6 40 35 50 21 52 33 58 45 26 26 30 17 11 13 28 42 5 8 44 26
run=5 seed=4 k=62 f=0
26 4 56 16 40 61 35 29 10 35 24 42 2 24 42 36 18 38 10 35 50 19 14 27 29 61 1 52 44 61 6 27 58 56 19 57 19 19 13 9 54 44 6 13 2 49 6 27 25 10 35 17 0 54 47 1 0 33 12 48 33 14 51 28 41 38 50 57 61 48
run=6 seed=5 k=62 f=0
19 13 58 10 15 31 12 25 61 4 50 38 36 14 8 34 18 0 43 34 41 26 51 22 23 41 39 31 23 48 52 59 46 46 7 0 12 17 0 57 60 0 37 9 1 2 43 45 49 7 3 35 32 52 61 53 25 26 8 48 59 9 21 27 10 2 49 57 19 31
run=7 seed=6 k=62 f=0
44 0 58 21 25 36 2 53 2 12 41 11 54 45 14 44 5 33 0 24 11 53 44 48 4 54 0 60 17 30 29 19 31 24 40 37 51 61 6 3 58 32 12 7 13 37 29 55 61 17 38 26 42 50 0 45 9 21 3 23 27 61 31 47 31 22 37 32 60 11
run=8 seed=7 k=62 f=0
61 3 7 56 19 35 47 41 8 13 0 13 34 54 21 61 0 38 4 17 37 48 2 40 21 9 48 29 13 20 42 25 12 61 30 30 44 48 26 53 61 43 5 54 33 26 34 59 36 58 31 35 47 51 16 0 11 4 8 8 22 41 43 27 11 19 20 55 56 5
run=9 seed=8 k=62 f=0
28 61 24 47 39 6 6 61 14 37 23 32 61 8 49 54 16 60 5 0 7 18 37 8 0 45 0 15 61 33 31 28 0 50 13 39 57 18 42 8 52 35 30 45 22 18 40 38 0 8 20 27 25 48 0 25 61 42 57 11 52 46 60 38 10 52 49 60 43 61
run=10 seed=9 k=62 f=0
3 61 13 28 24 25 4 53 0 52 57 7 8 43 33 28 0 48 37 39 8 43 15 45 46 26 4 20 9 57 52 52 50 30 12 22 38 10 2 61 35 32 20 1 0 28 32 43 45 35 21 37 17 45 39 61 3 15 0 56 53 13 35 58 44 15 46 22 18 13
run=11 seed=10 k=62 f=0
9 1 27 49 6 3 55 59 46 34 17 42 0 22 30 39 39 61 21 44 23 48 61 57 46 30 26 47 47 35 57 58 40 22 40 12 61 41 7 22 9 1 50 55 13 14 60 16 6 19 0 34 48 31 13 27 49 52 35 25 56 5 55 0 32 36 6 57 9 15
run=12 seed=11 k=62 f=0
14 47 61 23 11 3 61 47 11 37 23 54 43 26 34 7 22 52 31 50 29 20 3 9 51 43 48 25 55 57 12 38 53 8 3 1 46 40 34 0 0 59 28 33 60 21 2 53 15 60 39 5 6 51 18 61 21 61 0 42 36 26 41 0 56 25 44 16 12 32
run=13 seed=12 k=62 f=0
0 5 52 31 60 23 32 29 0 36 37 28 59 46 6 11 9 33 3 9 61 32 55 52 58 25 21 27 4 43 16 53 41 52 36 21 10 61 19 19 36 26 41 8 28 48 41 54 0 47 59 14 56 46 15 36 14 33 18 49 38 40 9 2 3 45 22 17 0 6
run=14 seed=13 k=62 f=0
23 36 31 45 16 26 4 61 49 15 54 42 5 53 59 11 46 59 59 3 61 20 17 24 52 12 1 0 29 10 37 44 48 5 29 5 55 47 12 11 18 37 31 53 24 28 7 59 61 23 61 13 0 51 18 0 0 37 14 32 53 0 11 39 38 40 35 43 27 33
run=15 seed=14 k=62 f=0
30 60 19 0 60 37 15 31 59 19 16 17 36 32 14 0 56 44 20 61 32 13 27 20 59 20 60 4 22 29 4 54 52 24 2 47 57 3 9 43 15 39 53 58 8 1 43 0 31 0 43 61 9 47 13 19 28 23 24 34 39 24 42 33 47 49 29 43 5 9
run=16 seed=15 k=62 f=0
40 61 21 47 0 55 0 61 35 10 19 50 55 39 6 54 53 60 10 37 30 13 60 20 47 19 35 21 56 6 3 42 35 22 38 37 26 39 31 61 61 61 50 32 28 1 9 43 12 44 26 9 30 21 0 15 48 16 51 0 4 20 7 9 7 24 28 36 3 56
run=17 seed=16 k=62 f=0
32 16 61 4 17 37 29 43 18 18 25 24 8 1 61 6 19 11 57 39 46 35 47 29 51 28 37 3 43 57 52 22 18 32 9 0 13 57 8 54 10 30 23 18 28 0 3 60 7 61 21 19 37 42 2 50 0 39 56 42 52 61 2 44 17 26 55 0 11 48
run=18 seed=17 k=62 f=0
19 25 31 59 59 8 29 43 26 5 38 38 61 21 3 42 0 12 12 0 14 34 43 20 32 32 11 49 51 48 44 5 36 19 2 54 27 29 12 11 35 55 3 23 22 53 40 61 7 61 2 15 19 36 56 36 27 44 22 61 46 1 13 41 61 51 45 50 47 30
run=19 seed=18 k=62 f=0
40 14 5 23 40 38 41 51 45 61 27 44 11 51 60 26 61 23 54 56 4 35 29 54 37 0 35 19 61 45 29 61 35 43 20 55 14 60 17 0 15 11 6 17 45 28 46 55 20 38 1 26 10 32 32 11 1 49 19 18 29 9 16 52 0 29 54 0 44 8
run=20 seed=19 k=62 f=0
19 51 36 60 21 43 41 27 10 32 47 45 24 61 7 28 33 50 9 21 60 12 41 48 22 42 19 61 23 28 12 43 33 60 60 38 11 20 4 0 53 52 37 27 37 39 17 2 26 57 4 9 2 0 0 54 31 55 6 58 18 3 39 10 13 33 30 13 35 38
