run=1 seed=0 k=75 f=0
58 58 27 20 33 16 61 42 24 47 0 52 65 34 38 49 15 38 22 56 11 68 13 54 32 5 62 73 67 10 57 29 1 31 44 21 43 0 61 11 49 74 21 44 59 32 18 74 65 45 2 1 74 5 56 66 62 20 46 16 33 0 59 68 11 5 46 70 37 32
run=2 seed=1 k=75 f=0
58 58 27 20 33 16 61 42 24 47 0 52 65 34 38 49 15 38 22 56 11 68 13 54 32 5 62 73 67 10 57 29 1 31 44 21 43 0 61 11 49 74 21 44 59 32 18 74 65 45 2 1 74 5 56 66 62 20 46 16 33 0 59 68 11 5 46 70 37 32
run=3 seed=2 k=75 f=0
15 19 38 50 31 48 39 34 70 27 67 41 24 1 60 26 36 66 17 42 2 47 44 1 67 16 18 0 21 62 63 36 7 74 4 71 32 27 53 47 32 51 1 56 54 65 6 39 5 25 8 70 49 73 11 62 59 74 23 0 61 12 18 44 16 6 53 37 11 40
run=4 seed=3 k=75 f=0
21 10 18 4 0 8 72 1 69 64 58 50 43 64 52 67 37 62 28 13 33 42 13 33 73 47 51 72 43 62 4 50 61 33 56 61 40 53 40 12 19 23 14 37 58 26 6 18 73 0 74 21 56 12 23 60 36 0 4 4 30 16 46 71 67 27 58 32 73 13
run=5 seed=4 k=75 f=0
61 14 49 26 13 37 0 30 53 35 44 54 65 14 28 39 8 16 2 74 0 50 18 16 48 58 7 51 45 70 30 21 4 55 49 69 19 64 8 72 61 29 2 30 73 10 41 73 0 42 37 34 25 67 46 22 58 41 61 6 33 59 6 72 17 12 66 16 9 51
run=6 seed=5 k=75 f=0
41 65 60 10 53 72 20 44 48 31 51 31 60 48 4 0 70 51 44 22 14 55 54 48 6 43 58 73 2 67 11 27 34 0 24 47 65 21 10 11 34 62 38 15 35 54 73 7 1 18 18 58 59 73 63 31 10 23 4 73 9 23 16 29 58 56 38 48 39 0
run=7 seed=6 k=75 f=0
68 10 62 65 31 12 61 56 52 28 35 73 32 68 11 41 0 49 48 11 51 20 40 57 14 31 45 18 0 0 54 0 50 69 66 28 6 29 46 59 35 27 38 43 72 26 9 73 65 57 8 22 21 12 19 2 55 41 73 33 43 53 33 9 7 24 32 2 61 17
run=8 seed=7 k=75 f=0
27 24 74 50 50 17 63 49 0 74 17 31 31 51 8 74 28 14 25 48 55 38 63 71 49 37 61 42 7 5 67 63 19 34 38 5 12 69 23 58 22 70 0 30 9 47 0 63 18 72 13 26 0 1 43 8 12 67 30 58 59 18 54 53 58 37 36 40 8 41
run=9 seed=8 k=75 f=0
55 71 42 74 36 48 7 0 27 63 22 6 46 47 30 44 0 73 15 47 1 60 72 0 10 14 59 11 18 49 8 27 5 26 54 18 43 40 67 73 24 66 53 22 56 16 31 2 59 29 40 66 49 5 5 14 74 64 37 67 39 34 36 64 33 61 52 1 12 15
run=10 seed=9 k=75 f=0
40 74 40 10 5 62 6 11 17 2 31 9 58 64 46 66 59 15 46 70 59 5 31 0 12 44 39 16 49 61 12 26 6 57 73 16 62 70 20 29 72 53 37 51 20 19 1 3 35 68 30 19 0 13 24 44 62 74 19 57 26 32 48 5 2 33 73 72 41 20
run=11 seed=10 k=75 f=0
7 58 42 55 18 2 50 46 67 32 23 39 3 48 44 31 18 7 71 55 74 19 55 18 2 36 37 73 13 66 57 8 23 60 35 46 15 17 69 62 23 66 32 23 42 53 31 13 72 27 6 63 63 48 74 37 57 33 0 53 1 65 28 52 8 53 74 23 40 45
run=12 seed=11 k=75 f=0
53 32 72 20 3 56 31 8 14 73 3 66 73 59 11 20 74 62 13 18 11 70 67 46 5 35 37 23 1 58 26 38 32 23 22 0 18 32 74 42 51 45 1 6 47 60 18 0 48 8 70 22 21 62 14 69 74 1 28 28 57 58 29 42 43 38 54 39 57 10
run=13 seed=12 k=75 f=0
0 14 44 58 73 30 21 62 22 39 69 69 7 64 43 4 10 68 43 10 37 23 30 32 63 19 44 66 9 2 33 65 53 7 7 58 10 51 17 32 71 30 36 3 29 61 59 39 39 47 26 53 0 56 24 12 18 74 1 48 29 74 54 59 44 67 36 16 50 15
run=14 seed=13 k=75 f=0
15 54 54 25 64 22 32 50 29 26 1 4 11 4 26 28 12 73 8 10 46 73 34 71 18 1 0 51 68 53 36 60 0 62 20 14 22 34 69 43 46 68 17 43 0 56 4 54 32 21 18 56 63 53 6 12 42 74 23 36 43 50 73 49 41 0 45 61 34 39
run=15 seed=14 k=75 f=0
58 2 51 72 6 38 32 74 69 31 4 49 15 0 71 35 5 56 55 68 49 15 9 64 10 22 25 48 67 12 74 73 28 33 47 26 18 4 26 9 36 29 47 28 0 40 63 8 58 43 47 42 31 17 15 54 67 0 39 67 66 43 58 71 60 19 22 22 58 56
run=16 seed=15 k=75 f=0
48 0 72 5 19 74 33 2 64 28 63 67 58 14 40 65 51 1 74 72 25 13 18 36 10 61 55 6 3 18 67 56 70 25 60 45 55 37 11 23 41 1 68 63 30 33 9 22 17 38 27 43 74 42 56 30 9 13 36 19 29 51 0 15 51 53 59 0 48 47
run=17 seed=16 k=75 f=0
69 42 29 22 69 23 52 38 33 59 69 50 44 13 63 62 57 4 51 0 17 33 6 14 2 66 73 52 26 2 0 73 1 63 20 4 11 12 19 24 53 11 31 59 27 58 46 66 73 22 39 40 37 2 72 0 42 34 52 38 13 19 44 49 54 51 1 71 26 64
run=18 seed=17 k=75 f=0
40 0 71 47 4 60 70 22 53 15 14 55 34 51 16 51 44 26 44 48 74 11 3 23 58 8 36 25 33 1 21 63 61 49 16 42 20 11 3 48 66 56 66 20 20 4 50 42 31 61 12 10 71 70 35 74 32 69 5 30 17 4 22 1 40 5 0 69 27 74
run=19 seed=18 k=75 f=0
73 20 34 22 1 73 28 52 47 55 46 1 47 23 22 57 72 0 26 58 69 29 56 34 48 42 64 41 39 1 4 6 61 38 41 39 18 29 68 34 49 15 11 48 34 53 11 34 12 58 11 6 32 50 20 60 67 7 23 12 49 67 18 65 5 9 50 0 36 43
run=20 seed=19 k=75 f=0
74 26 73 52 37 15 61 9 2 64 59 45 40 51 51 64 1 49 28 13 47 56 5 72 42 17 9 32 5 36 70 8 63 41 57 74 57 0 49 0 43 1 31 60 73 28 37 47 10 65 61 26 54 15 22 36 71 15 68 1 37 13 21 8 72 27 70 52 35 20
