run=1 seed=0 k=65 f=0
13 58 37 30 53 54 42 10 14 46 31 41 27 25 52 1 35 20 17 54 47 27 42 60 52 12 2 61 62 40 46 39 18 49 44 17 23 31 58 34 16 63 0 14 63 57 18 39 64 52 53 11 26 30 40 64 4 6 7 33 5 9 49 59 24 26 56 24 20 21
run=2 seed=1 k=65 f=0
13 58 37 30 53 54 42 10 14 46 31 41 27 25 52 1 35 20 17 54 47 27 42 60 52 12 2 61 62 40 46 39 18 49 44 17 23 31 58 34 16 63 0 14 63 57 18 39 64 52 53 11 26 30 40 64 4 6 7 33 5 9 49 59 24 26 56 24 20 21
run=3 seed=2 k=65 f=0
30 21 33 0 46 15 64 42 22 41 56 63 15 21 50 28 59 8 3 44 62 36 39 30 48 16 12 5 31 63 3 51 62 34 61 44 12 62 1 21 54 32 53 0 40 43 26 34 50 29 44 50 38 21 25 6 10 0 13 7 1 17 55 43 11 49 0 60 0 20
run=4 seed=3 k=65 f=0
11 64 9 55 45 5 57 63 56 0 21 2 3 18 22 0 62 40 62 11 28 51 43 13 58 28 30 37 33 64 50 36 31 10 31 16 64 26 50 53 5 4 0 47 30 17 26 29 10 54 39 44 45 17 58 38 54 42 61 9 35 21 46 18 33 17 6 47 44 0
run=5 seed=4 k=65 f=0
46 23 49 1 63 47 55 63 23 35 32 34 11 37 23 58 42 33 51 8 15 48 33 64 43 61 43 6 60 30 20 40 54 3 44 64 19 40 52 61 6 23 13 64 18 40 32 58 12 51 52 29 27 31 56 8 11 0 62 6 1 27 51 22 20 31 21 64 0 11
run=6 seed=5 k=65 f=0
45 50 48 56 53 27 36 64 43 35 60 33 20 53 35 0 25 32 23 51 42 10 59 10 27 40 48 13 12 32 5 34 3 57 44 23 64 46 40 55 63 4 22 63 40 40 22 52 8 0 18 60 54 13 5 17 64 28 27 18 62 54 61 14 0 2 3 63 18 1
run=7 seed=6 k=65 f=0
33 2 37 36 43 14 10 42 3 8 38 24 1 14 27 21 30 0 7 59 11 43 40 7 29 20 20 48 2 45 41 35 17 23 25 64 4 57 51 64 64 1 9 27 58 38 49 39 46 56 29 27 9 15 34 64 61 55 24 13 37 49 26 49 2 48 54 1 51 59
run=8 seed=7 k=65 f=0
12 64 33 51 35 42 38 0 24 2 62 56 49 1 59 53 42 56 15 31 19 36 23 62 59 10 23 30 47 9 64 0 36 47 26 5 64 63 13 23 57 40 6 23 23 42 10 2 35 26 33 56 0 60 30 52 7 3 11 31 49 10 13 17 23 33 26 40 48 41
run=9 seed=8 k=65 f=0
1 54 3 2 51 10 2 47 22 43 57 64 48 39 35 60 25 44 42 5 35 1 22 32 29 9 59 17 10 42 64 12 61 27 31 27 53 64 14 10 15 64 3 38 18 40 48 58 47 34 50 27 0 4 18 32 20 28 24 38 16 8 44 56 38 0 17 49 48 24
run=10 seed=9 k=65 f=0
44 34 47 7 55 8 50 49 62 22 37 40 40 20 15 12 49 64 45 54 24 0 1 19 49 24 54 8 64 29 35 59 63 21 3 47 55 56 64 1 12 18 30 0 4 22 5 53 16 57 45 29 0 36 44 37 27 31 45 64 8 28 3 13 1 24 13 37 7 62
run=11 seed=10 k=65 f=0
50 58 63 10 56 0 20 19 7 12 33 64 33 11 11 51 16 48 10 18 42 14 20 54 3 37 32 38 38 1 27 64 62 28 35 34 30 55 44 19 48 27 64 19 31 42 6 59 0 24 63 53 53 0 12 37 48 4 54 20 8 40 42 3 6 50 32 63 5 20
run=12 seed=11 k=65 f=0
12 8 3 24 0 30 26 36 50 55 27 52 38 58 54 48 21 9 55 41 34 23 27 60 0 55 49 33 31 33 41 15 18 50 22 64 4 59 4 45 8 62 25 44 36 25 18 63 13 46 17 47 1 42 0 19 31 63 52 28 30 59 1 38 13 7 64 19 0 0
run=13 seed=12 k=65 f=0
17 54 13 33 43 30 63 9 22 54 32 25 27 54 52 36 43 50 57 19 26 64 20 9 30 10 18 61 15 59 23 0 0 16 11 45 48 57 64 7 39 52 36 63 48 57 24 54 33 19 1 41 62 21 4 45 33 37 44 14 2 4 36 26 25 1 31 63 8 50
run=14 seed=13 k=65 f=0
20 46 1 36 52 0 12 44 24 0 10 7 37 62 1 23 12 48 64 64 57 37 33 16 58 3 45 59 48 5 36 7 10 7 42 0 40 64 27 50 27 0 38 58 41 31 24 14 20 63 54 1 53 17 16 32 33 64 43 31 30 15 38 25 56 52 40 6 28 61
run=15 seed=14 k=65 f=0
50 6 7 11 25 64 42 57 19 24 51 59 10 38 35 0 11 61 10 16 45 28 49 28 34 42 1 64 58 63 27 54 58 1 57 38 13 38 11 3 51 4 49 44 20 41 63 3 32 53 19 3 0 38 15 31 47 25 34 43 21 64 58 29 23 51 27 6 64 38
run=16 seed=15 k=65 f=0
22 15 52 0 39 50 13 1 42 2 34 4 4 30 16 56 8 18 23 56 40 0 28 33 19 41 63 51 5 24 15 31 63 45 4 26 12 10 16 43 38 49 57 41 46 54 61 20 20 50 52 38 60 15 28 35 59 29 21 64 34 38 30 0 63 61 24 10 9 45
run=17 seed=16 k=65 f=0
24 31 57 22 26 64 12 39 2 33 35 51 20 6 64 37 37 30 13 0 8 64 6 54 9 54 11 0 21 0 63 50 11 57 5 19 6 13 24 44 29 30 0 39 21 59 46 10 26 11 44 51 0 57 48 32 40 34 43 0 44 45 49 21 6 21 41 61 22 36
run=18 seed=17 k=65 f=0
30 55 14 47 14 40 20 53 22 48 57 39 34 56 0 48 11 18 32 0 28 12 38 58 58 43 9 10 44 26 36 64 53 25 25 20 60 1 18 21 19 7 62 48 8 5 35 57 50 2 0 30 63 42 34 10 56 44 19 25 32 0 36 54 44 30 0 42 37 35
run=19 seed=18 k=65 f=0
33 55 4 42 29 54 37 22 11 17 57 64 37 48 47 14 0 51 51 48 64 1 1 64 30 19 54 55 59 30 13 34 21 29 63 23 26 44 36 4 37 41 3 38 22 58 21 19 47 9 6 21 29 5 14 63 17 13 11 6 38 42 36 61 9 0 10 58 26 14
run=20 seed=19 k=65 f=0
53 3 13 60 12 55 36 25 64 39 64 18 15 44 46 20 0 23 55 0 58 46 55 43 33 15 52 9 25 21 63 30 24 40 22 37 31 62 47 64 33 37 31 45 41 40 23 29 8 60 11 51 45 3 4 11 45 3 23 12 28 51 41 51 16 1 62 61 12 2
