run=1 seed=0 k=64 f=0
39 6 57 21 62 63 10 48 41 13 52 14 45 30 18 12 61 46 5 61 35 21 39 13 42 25 54 56 51 31 9 45 34 57 13 63 48 28 22 26 38 29 4 22 25 59 30 52 41 53 0 20 1 52 37 16 38 3 9 1 32 52 28 13 11 7 62 33 0 63
run=2 seed=1 k=64 f=0
39 6 57 21 62 63 10 48 41 13 52 14 45 30 18 12 61 46 5 61 35 21 39 13 42 25 54 56 51 31 9 45 34 57 13 63 48 28 22 26 38 29 4 22 25 59 30 52 41 53 0 20 1 52 37 16 38 3 9 1 32 52 28 13 11 7 62 33 0 63
run=3 seed=2 k=64 f=0
58 5 13 18 43 63 0 42 23 16 0 26 13 5 1 38 63 19 31 39 63 20 25 27 23 29 58 30 28 49 45 54 52 9 62 44 8 0 25 45 13 47 48 26 48 19 4 50 0 12 38 53 50 15 34 14 5 35 28 61 36 11 0 56 55 37 37 0 10 4
run=4 seed=3 k=64 f=0
58 21 9 40 17 56 8 6 1 48 10 1 1 31 24 9 4 49 38 41 34 55 30 63 17 18 0 41 52 30 62 46 35 13 4 63 29 34 50 10 13 63 23 28 61 19 47 10 57 42 22 37 32 53 0 41 30 46 26 42 11 32 63 59 63 21 61 2 2 51
run=5 seed=4 k=64 f=0
29 51 2 27 51 9 25 58 0 57 32 42 8 5 43 0 54 44 41 21 39 28 32 55 63 36 19 3 32 36 14 61 24 14 21 11 51 51 39 14 45 46 0 38 13 0 22 48 18 4 63 61 27 31 63 32 4 63 54 47 61 21 59 22 25 23 46 35 8 6
run=6 seed=5 k=64 f=0
27 6 42 1 44 58 48 25 1 1 34 31 32 2 46 63 27 3 17 7 14 23 24 56 35 58 15 55 20 47 49 0 12 11 61 55 60 39 48 38 62 50 63 25 54 22 61 47 0 38 29 63 14 9 52 32 25 4 42 45 47 12 28 19 0 17 26 21 58 37
run=7 seed=6 k=64 f=0
63 55 2 49 62 53 1 21 10 18 15 22 37 53 2 20 0 41 42 56 63 30 44 31 51 19 57 52 63 18 25 0 58 48 35 41 6 14 0 44 44 24 30 20 10 28 43 2 61 34 6 40 50 51 5 62 6 15 36 60 9 35 46 59 39 34 31 1 45 39
run=8 seed=7 k=64 f=0
21 49 59 47 15 45 58 15 11 57 23 63 35 38 12 19 31 7 46 32 57 27 60 20 0 60 1 1 63 11 13 4 26 0 0 35 32 30 49 52 25 63 21 13 10 7 52 37 1 43 57 1 20 25 39 55 37 42 42 41 12 53 29 53 62 3 42 30 12 31
run=9 seed=8 k=64 f=0
56 19 34 62 23 24 30 63 57 46 55 34 36 50 63 54 1 21 1 21 61 46 41 6 20 41 54 14 63 19 17 27 20 49 13 3 0 39 5 27 32 34 30 45 9 46 7 33 14 63 0 22 51 42 58 11 57 9 2 63 27 41 19 9 16 2 13 29 11 38
run=10 seed=9 k=64 f=0
56 47 37 12 8 43 44 1 5 36 55 4 2 17 21 15 49 3 63 14 61 0 11 42 7 40 52 43 29 29 0 32 62 37 55 37 25 50 63 12 7 4 15 9 50 38 24 35 31 63 63 6 19 40 59 26 20 48 44 58 11 42 18 28 21 56 59 21 24 2
run=11 seed=10 k=64 f=0
47 55 38 0 2 15 10 21 8 18 25 7 30 33 8 28 0 54 55 16 47 36 43 48 34 12 56 63 24 34 61 7 17 36 48 15 36 63 51 56 5 41 45 29 45 24 48 47 50 41 42 0 31 21 6 0 33 1 0 0 63 60 54 19 11 38 43 11 63 13
run=12 seed=11 k=64 f=0
0 19 11 13 44 35 41 24 20 8 7 28 6 14 49 9 63 38 20 48 61 0 23 37 60 24 4 34 55 63 41 53 59 15 4 35 54 46 0 12 32 15 60 19 29 40 48 61 1 55 48 25 15 35 29 6 63 22 39 49 43 40 45 4 54 52 7 15 30 24
run=13 seed=12 k=64 f=0
16 18 1 38 59 60 5 25 1 56 3 63 37 55 48 26 27 42 47 28 62 0 28 18 20 12 59 2 25 50 18 54 63 32 0 8 52 49 40 26 4 21 5 24 12 43 63 40 1 35 31 62 48 32 17 11 9 8 13 34 56 43 48 63 56 30 52 0 39 9
run=14 seed=13 k=64 f=0
47 36 35 15 60 34 48 8 20 19 22 43 10 12 19 28 53 29 48 37 45 6 1 26 39 63 53 62 23 1 3 19 53 57 37 58 14 22 41 27 40 54 48 62 0 59 25 12 31 9 62 31 19 12 13 0 25 0 0 63 0 53 5 39 30 43 59 13 63 34
run=15 seed=14 k=64 f=0
27 5 23 62 45 56 18 38 16 10 50 34 2 60 49 18 55 39 9 37 44 29 59 44 48 0 0 18 27 19 16 54 12 62 16 63 5 13 0 62 50 25 22 0 38 54 35 30 25 46 37 44 9 62 50 6 36 41 10 0 17 58 1 30 28 44 52 29 0 28
run=16 seed=15 k=64 f=0
7 38 61 23 30 63 50 47 31 16 32 48 17 44 35 63 40 0 4 20 46 24 10 9 0 51 63 49 56 42 5 13 26 27 46 3 40 7 1 63 15 38 36 47 42 54 7 4 9 61 33 10 22 22 56 21 60 0 6 55 30 9 14 15 14 40 32 34 55 53
run=17 seed=16 k=64 f=0
28 56 1 9 0 31 55 63 58 48 13 41 16 51 51 26 13 28 61 61 47 1 37 38 18 61 28 8 19 54 36 16 1 54 28 11 13 20 26 60 44 54 37 62 45 23 21 41 50 21 63 33 0 38 7 1 10 35 23 36 34 6 48 46 45 12 45 57 32 18
run=18 seed=17 k=64 f=0
23 55 14 0 31 15 21 53 7 4 8 6 19 8 46 22 48 61 6 34 63 39 37 52 44 0 39 14 55 11 18 49 8 46 52 31 41 8 26 53 29 27 20 54 14 0 26 63 63 12 61 47 36 42 37 0 19 32 16 0 23 59 41 28 63 29 5 34 0 23
run=19 seed=18 k=64 f=0
22 30 15 43 4 41 42 8 58 42 0 60 3 40 42 63 57 9 44 47 40 20 27 9 5 33 59 10 30 32 20 52 63 36 23 3 0 27 52 54 0 59 62 55 28 13 34 33 24 16 50 56 42 14 47 15 32 35 27 37 50 48 26 0 20 3 6 16 9 17
run=20 seed=19 k=64 f=0
25 34 34 60 9 56 9 1 28 10 39 13 33 62 0 62 8 0 33 63 10 20 15 10 56 17 34 42 17 43 42 43 56 12 53 48 51 63 49 63 50 16 30 20 14 6 13 47 39 26 24 27 55 0 41 35 24 18 28 38 63 4 63 50 21 7 48 29 51 2
