run=1 seed=0 k=57 f=0
41 34 3 19 37 0 7 26 21 7 8 28 46 10 56 10 0 41 56 46 17 53 27 11 38 31 44 0 29 1 19 41 32 48 23 4 52 33 15 12 56 33 5 27 2 4 33 56 39 11 35 51 49 48 19 10 14 23 25 19 21 48 49 56 55 41 43 29 0 28
run=2 seed=1 k=57 f=0
41 34 3 19 37 0 7 26 21 7 8 28 46 10 56 10 0 41 56 46 17 53 27 11 38 31 44 0 29 1 19 41 32 48 23 4 52 33 15 12 56 33 5 27 2 4 33 56 39 11 35 51 49 48 19 10 14 23 25 19 21 48 49 56 55 41 43 29 0 28
run=3 seed=2 k=57 f=0
34 13 13 56 1 20 18 56 9 11 29 42 42 52 8 33 46 0 26 19 2 23 35 48 39 28 9 47 3 38 39 54 22 25 51 49 27 8 2 15 31 9 50 55 8 0 51 29 21 7 18 37 55 41 37 44 17 52 37 0 35 17 55 17 15 0 46 53 46 1
run=4 seed=3 k=57 f=0
45 24 41 47 15 56 15 20 1 37 49 0 49 17 12 36 21 34 5 30 3 46 45 39 12 56 55 2 37 0 1 56 28 0 33 14 8 42 36 56 8 10 51 4 20 22 0 23 29 6 29 45 47 44 25 31 23 36 40 28 39 51 46 13 8 14 31 1 18 20
run=5 seed=4 k=57 f=0
10 56 31 20 13 16 45 41 46 43 5 23 5 5 27 18 20 55 28 15 26 0 16 39 34 43 12 0 18 55 37 9 50 9 43 38 56 48 54 34 47 33 0 5 42 42 18 25 50 12 27 56 3 56 26 33 3 17 50 50 30 5 1 35 20 56 27 24 41 3
run=6 seed=5 k=57 f=0
0 17 39 9 47 7 51 1 37 10 32 11 24 54 56 23 31 0 56 18 0 53 48 51 50 8 17 38 35 33 42 35 7 43 39 29 52 34 50 17 26 27 13 18 12 42 32 55 22 47 1 20 56 4 54 27 16 31 8 41 38 2 21 24 22 46 10 30 44 42
run=7 seed=6 k=57 f=0
9 38 4 41 23 28 14 17 8 52 22 44 42 20 56 31 40 51 51 46 11 2 19 7 24 7 25 35 9 16 48 19 14 33 14 51 1 43 5 28 2 27 11 37 7 20 21 19 33 16 34 40 56 41 22 56 5 49 35 56 25 15 39 0 50 0 27 46 56 50
run=8 seed=7 k=57 f=0
18 22 29 46 44 25 29 18 10 28 25 2 55 11 4 28 5 21 13 56 10 50 17 29 21 48 37 50 34 17 25 37 41 32 34 42 11 56 49 34 51 20 0 50 0 47 43 45 17 28 1 17 37 55 43 37 4 25 44 55 56 8 31 12 9 2 0 45 0 8
run=9 seed=8 k=57 f=0
55 48 3 41 11 22 4 16 38 18 56 30 30 14 8 55 27 43 27 47 29 39 39 55 43 11 1 46 31 12 39 7 17 33 2 14 12 9 26 24 46 35 52 37 35 50 19 13 20 36 25 54 2 43 0 45 52 40 0 0 56 22 49 18 40 56 46 12 18 32
run=10 seed=9 k=57 f=0
6 38 44 10 8 12 42 26 2 19 44 56 44 31 19 31 22 29 54 33 56 18 34 24 0 53 35 26 22 1 8 2 0 56 42 7 41 47 38 50 17 49 7 1 39 13 51 24 1 14 51 55 34 16 18 33 27 31 24 12 46 48 41 39 0 52 6 25 11 44
run=11 seed=10 k=57 f=0
15 41 33 41 40 53 22 8 14 44 39 10 6 12 26 48 5 27 31 51 33 18 20 22 20 44 0 36 53 9 21 10 46 48 15 3 31 36 30 0 47 44 0 6 1 40 19 0 25 34 31 39 16 55 13 25 4 56 24 56 51 37 29 56 20 41 2 11 0 52
run=12 seed=11 k=57 f=0
47 29 3 53 45 21 1 15 11 56 42 56 29 56 39 39 33 18 29 51 7 47 49 3 33 0 34 24 28 25 21 56 56 36 53 18 35 7 0 0 43 23 26 31 19 18 42 50 24 10 9 49 49 0 47 41 11 9 15 10 40 1 26 56 55 2 35 49 34 16
run=13 seed=12 k=57 f=0
50 40 19 32 3 24 19 9 3 38 14 27 35 43 0 20 56 49 56 44 27 7 41 16 14 24 50 29 33 41 0 49 56 42 44 54 4 2 49 13 27 35 19 37 42 21 41 12 47 3 10 2 36 14 30 55 23 43 56 0 16 34 29 10 35 44 51 52 0 3
run=14 seed=13 k=57 f=0
39 50 54 14 34 51 44 45 19 12 25 4 35 47 0 10 25 48 3 5 38 0 43 47 48 7 6 24 38 27 13 30 18 20 52 23 29 38 1 52 20 15 11 16 56 44 28 43 16 56 55 20 34 23 29 6 42 10 46 18 42 36 0 0 56 33 5 27 55 36
run=15 seed=14 k=57 f=0
34 17 51 10 40 31 53 9 3 6 54 8 27 18 41 11 11 45 3 29 36 0 34 34 54 0 1 13 6 53 48 24 7 26 10 49 45 2 44 0 39 17 15 20 46 16 24 12 31 23 28 27 54 32 55 49 51 56 6 38 39 29 25 34 35 40 12 20 46 21
run=16 seed=15 k=57 f=0
56 15 21 31 0 33 21 56 51 10 20 32 42 29 9 8 17 2 56 10 33 44 3 51 16 56 21 19 49 3 5 23 33 41 47 1 14 22 28 48 36 40 50 55 38 0 13 43 8 38 12 13 47 15 13 0 31 25 0 27 25 50 28 30 6 17 41 0 51 41
run=17 seed=16 k=57 f=0
46 27 21 34 4 7 43 13 45 36 22 35 50 3 9 13 24 11 35 51 38 56 33 5 5 42 52 16 19 43 35 0 28 39 28 45 23 20 47 56 28 17 56 43 22 41 34 16 9 52 12 52 0 54 1 27 45 2 30 51 17 40 2 31 32 54 25 30 8 22
run=18 seed=17 k=57 f=0
39 18 46 48 11 13 19 56 30 18 1 48 6 51 46 56 23 16 2 40 10 36 18 0 33 45 56 11 12 39 34 46 23 39 51 1 3 48 32 31 27 16 8 56 16 15 14 42 38 55 6 28 9 38 28 22 25 53 53 24 30 42 52 0 17 1 42 7 29 19
run=19 seed=18 k=57 f=0
32 50 7 55 4 16 54 28 44 53 7 28 2 42 56 56 16 33 47 16 0 20 18 28 12 25 46 23 18 17 52 10 13 21 26 35 5 9 56 40 34 52 46 41 34 19 47 5 56 42 8 5 1 17 0 35 40 49 27 2 9 43 12 54 40 52 32 26 44 0
run=20 seed=19 k=57 f=0
49 10 16 55 36 28 16 42 19 10 8 56 55 21 25 31 14 23 19 35 56 39 40 45 43 52 26 18 56 35 46 1 8 56 44 49 33 15 24 1 10 27 6 0 51 14 49 37 21 2 0 2 38 8 34 51 54 42 18 14 30 23 4 43 0 10 31 2 46 17
