run=1 seed=0 k=49 f=0
37 9 0 32 22 11 32 22 3 47 0 19 18 17 43 16 23 8 34 21 36 25 26 40 10 48 0 6 7 9 34 3 32 44 0 45 1 1 7 25 27 29 28 48 48 48 8 20 39 0 47 23 13 43 17 39 9 11 12 39 31 30 48 36 34 30 13 1 48 21
run=2 seed=1 k=49 f=0
37 9 0 32 22 11 32 22 3 47 0 19 18 17 43 16 23 8 34 21 36 25 26 40 10 48 0 6 7 9 34 3 32 44 0 45 1 1 7 25 27 29 28 48 48 48 8 20 39 0 47 23 13 43 17 39 9 11 12 39 31 30 48 36 34 30 13 1 48 21
run=3 seed=2 k=49 f=0
36 14 48 40 35 37 43 9 3 10 19 6 32 1 8 8 18 31 44 28 1 33 39 0 0 9 8 48 11 29 38 23 23 23 27 43 29 1 42 0 22 39 48 7 29 41 33 48 35 0 47 26 48 16 14 28 3 15 11 18 26 38 12 40 33 19 18 48 48 16
run=4 seed=3 k=49 f=0
5 5 46 1 13 12 11 23 19 23 14 41 0 32 41 39 21 28 4 38 48 31 48 30 48 38 38 14 19 47 6 17 24 35 23 23 19 48 42 34 25 9 17 22 25 10 3 1 30 47 13 0 1 33 0 30 45 48 25 0 14 12 34 9 5 40 26 33 0 20
run=5 seed=4 k=49 f=0
26 46 33 18 43 43 38 7 16 43 3 38 22 16 8 35 41 21 15 31 12 26 0 28 29 9 0 36 7 9 28 0 42 28 33 5 48 14 21 1 48 48 38 8 48 31 23 2 24 32 36 24 0 7 1 33 24 15 20 10 16 19 48 48 47 24 1 1 40 43
run=6 seed=5 k=49 f=0
48 10 1 23 36 13 25 7 33 39 0 27 27 17 13 0 23 46 11 35 48 31 22 33 33 33 11 32 48 2 6 40 43 38 48 20 9 0 31 0 28 5 18 34 23 36 48 3 48 1 41 33 14 28 27 43 19 20 14 15 40 44 18 8 48 24 13 6 23 48
run=7 seed=6 k=49 f=0
0 8 43 19 4 34 14 21 1 11 3 24 38 17 11 14 48 7 26 16 23 37 0 30 39 21 45 43 8 0 1 0 23 14 45 45 16 0 30 32 25 9 45 18 47 5 26 24 39 30 36 47 12 35 26 9 19 48 31 4 0 30 17 37 39 47 0 20 48 9
run=8 seed=7 k=49 f=0
13 5 33 29 32 38 10 7 1 41 31 41 17 13 7 36 37 8 4 9 46 14 1 44 30 18 9 26 3 0 30 27 39 15 24 22 20 0 48 0 23 40 33 19 44 29 5 47 11 48 38 23 1 12 44 28 48 47 20 0 30 9 22 25 22 12 40 21 0 17
run=9 seed=8 k=49 f=0
48 32 24 27 6 18 19 7 36 1 20 0 34 31 0 26 17 48 41 8 48 4 18 14 18 3 35 9 14 0 42 13 25 0 48 20 31 41 48 18 21 0 23 4 0 6 45 10 46 38 8 47 26 20 12 29 33 41 29 37 10 46 0 31 34 46 28 9 38 48
run=10 seed=9 k=49 f=0
30 42 27 14 4 18 48 7 26 10 3 48 20 13 36 11 45 38 22 12 19 32 43 28 2 9 47 48 43 37 33 0 8 48 45 5 23 29 23 1 6 27 13 8 48 14 37 3 36 28 21 31 0 35 1 43 14 43 39 37 16 27 14 21 36 34 5 17 48 0
run=11 seed=10 k=49 f=0
38 5 16 29 30 35 16 41 27 16 45 23 42 1 12 20 18 40 13 21 28 40 46 48 26 27 5 23 11 14 43 48 0 30 22 14 6 48 15 48 34 34 21 26 0 17 46 9 0 47 22 35 9 5 11 0 42 28 11 9 34 35 43 2 5 19 25 45 0 40
run=12 seed=11 k=49 f=0
13 0 10 2 41 23 20 17 43 40 44 8 28 0 42 6 40 19 30 1 28 39 17 48 34 5 39 23 15 15 30 48 7 37 9 19 47 47 5 0 8 35 11 41 16 19 17 15 25 48 23 48 14 0 0 32 23 35 20 24 33 44 27 28 27 3 30 0 11 31
run=13 seed=12 k=49 f=0
31 24 33 40 44 11 11 23 3 8 27 6 27 1 37 12 48 8 23 11 4 43 47 12 28 21 48 18 25 0 11 30 7 46 34 35 24 1 7 0 35 48 16 21 37 15 26 26 41 0 19 33 30 0 28 34 9 46 37 0 13 48 16 38 39 48 47 19 19 27
run=14 seed=13 k=49 f=0
9 44 44 46 26 43 11 7 1 42 3 37 40 47 24 22 18 8 11 48 9 32 34 27 30 33 10 0 30 0 5 0 14 15 3 16 19 0 39 46 40 16 48 20 39 3 30 25 10 1 20 41 48 34 27 34 44 32 26 6 25 48 48 40 22 13 2 16 39 35
run=15 seed=14 k=49 f=0
0 41 26 15 44 27 44 41 9 24 45 26 24 1 10 24 29 40 12 27 0 32 43 0 30 10 25 38 34 34 19 48 48 13 22 7 43 48 5 18 48 40 32 8 39 5 19 0 36 47 8 26 0 4 1 18 31 31 9 2 17 16 48 22 23 36 6 47 18 43
run=16 seed=15 k=49 f=0
24 44 2 5 21 43 24 10 27 37 6 38 20 8 36 25 19 8 2 47 0 34 15 13 31 33 48 48 30 31 43 10 7 17 13 16 0 0 24 14 0 40 48 21 40 29 43 16 10 1 22 1 48 48 28 34 32 43 28 48 26 6 39 40 39 5 13 17 19 40
run=17 seed=16 k=49 f=0
13 15 48 19 48 13 20 7 35 33 0 29 48 24 31 0 46 8 21 48 34 24 16 42 17 32 0 40 41 30 5 42 8 48 3 48 45 0 19 1 14 28 25 30 30 36 39 4 10 1 48 31 23 13 37 43 36 21 18 8 39 38 47 17 31 22 1 48 8 8
run=18 seed=17 k=49 f=0
41 41 31 0 32 27 4 1 46 13 22 0 37 1 26 26 29 0 44 0 33 4 47 14 19 15 36 6 27 27 44 17 0 32 11 12 30 48 42 19 20 39 8 13 9 11 44 19 36 47 8 37 6 2 20 37 23 48 10 35 22 48 33 40 15 6 17 1 48 46
run=19 seed=18 k=49 f=0
15 33 29 48 2 11 35 38 3 23 48 42 40 7 29 48 1 24 33 17 41 13 18 32 0 39 0 0 20 23 45 23 9 45 26 4 34 0 7 48 15 8 16 41 9 3 3 31 11 48 38 0 29 16 33 21 45 22 30 18 19 27 16 8 26 47 44 39 0 9
run=20 seed=19 k=49 f=0
24 17 26 40 9 11 10 41 2 43 0 48 20 14 8 37 45 8 26 34 48 29 29 12 31 31 21 36 2 0 37 3 47 48 48 8 17 0 6 0 7 41 27 43 45 41 48 48 24 1 48 21 13 18 36 20 33 31 22 13 38 22 40 18 15 31 30 0 12 29
