run=1 seed=0 k=67 f=0
19 10 61 40 21 30 0 51 38 1 36 38 0 9 11 42 64 9 11 24 2 33 52 56 23 41 48 38 26 12 0 62 66 23 4 19 27 63 42 58 20 16 1 18 50 6 4 47 48 26 63 39 14 36 46 7 48 44 45 58 56 5 21 34 13 56 50 33 54 31
run=2 seed=1 k=67 f=0
19 10 61 40 21 30 0 51 38 1 36 38 0 9 11 42 64 9 11 24 2 33 52 56 23 41 48 38 26 12 0 62 66 23 4 19 27 63 42 58 20 16 1 18 50 6 4 47 48 26 63 39 14 36 46 7 48 44 45 58 56 5 21 34 13 56 50 33 54 31
run=3 seed=2 k=67 f=0
59 5 31 29 19 66 10 29 18 43 22 25 37 6 25 23 20 7 42 7 44 32 55 63 1 32 10 5 52 1 62 14 13 0 3 55 34 21 15 49 36 37 61 56 59 19 23 35 43 65 22 42 0 29 38 45 49 66 53 50 13 38 54 48 51 7 61 10 62 51
run=4 seed=3 k=67 f=0
27 0 52 3 45 34 31 40 25 14 65 12 55 5 43 50 41 31 59 41 57 36 13 27 1 9 36 6 40 66 62 6 19 24 1 64 51 15 49 35 46 30 62 7 32 3 27 1 29 19 16 17 56 17 45 55 66 62 13 42 48 21 39 1 5 64 65 65 22 56
run=5 seed=4 k=67 f=0
0 20 44 23 46 32 44 56 11 38 5 42 5 64 41 6 46 29 58 40 65 46 60 59 50 56 51 27 25 14 35 26 66 37 65 0 8 49 28 34 6 0 0 13 41 18 37 2 27 66 42 15 12 18 62 23 38 56 14 63 35 30 55 19 12 66 55 21 53 33
run=6 seed=5 k=67 f=0
27 45 15 33 36 44 15 16 24 0 28 66 23 63 47 53 4 11 46 54 65 1 12 2 40 42 41 39 4 12 32 31 66 39 58 36 17 23 49 4 24 41 61 66 62 36 1 9 50 29 51 48 60 13 0 32 1 58 9 21 20 12 53 53 7 59 56 30 18 61
run=7 seed=6 k=67 f=0
50 58 28 49 15 1 34 24 53 14 16 16 54 24 18 19 40 48 31 3 66 41 59 0 36 13 66 65 47 20 54 8 31 32 1 49 58 41 61 40 10 51 6 13 63 23 39 18 33 1 38 62 65 43 57 66 61 6 35 27 25 1 37 20 50 29 0 52 25 30
run=8 seed=7 k=67 f=0
5 40 56 45 44 66 10 49 11 20 66 61 29 12 18 27 66 5 60 26 4 18 5 4 2 21 25 47 51 14 30 48 63 17 28 54 24 57 9 36 37 10 43 11 39 44 38 20 12 47 62 41 0 0 26 1 19 53 36 13 30 66 62 35 34 40 21 54 57 54
run=9 seed=8 k=67 f=0
66 37 4 56 13 34 5 65 26 58 60 12 61 48 11 56 41 61 35 47 13 24 46 21 22 8 29 41 0 44 23 66 32 39 58 46 20 5 21 51 13 40 14 19 2 38 55 0 0 18 66 25 29 49 26 46 23 4 2 41 66 31 42 48 53 58 60 10 31 4
run=10 seed=9 k=67 f=0
19 16 45 11 66 20 5 32 57 30 56 36 54 42 32 28 12 52 2 47 40 53 22 21 66 0 48 60 31 34 56 61 45 25 39 3 50 13 62 4 26 32 4 58 37 13 10 3 61 30 1 19 21 12 37 49 50 65 22 8 43 47 16 66 42 66 60 17 7 56
run=11 seed=10 k=67 f=0
41 34 24 4 20 33 15 6 0 33 43 27 29 1 11 42 37 30 57 4 49 0 39 47 3 61 55 21 63 13 11 13 65 40 45 8 48 23 49 58 33 64 0 59 27 17 51 65 54 46 23 24 0 36 66 16 2 2 20 66 16 18 12 9 60 47 39 48 29 38
run=12 seed=11 k=67 f=0
18 39 32 29 53 48 0 40 17 55 29 6 64 61 2 57 30 43 43 44 9 65 33 21 38 64 66 27 47 3 38 17 38 32 11 28 61 23 54 51 52 24 13 66 5 32 61 56 46 54 15 19 0 63 58 8 32 11 1 13 16 22 4 5 63 28 10 49 52 58
run=13 seed=12 k=67 f=0
8 48 7 48 54 66 9 60 18 20 29 12 58 25 39 0 43 63 66 18 39 57 20 4 62 19 63 63 4 32 58 13 25 32 29 26 30 41 1 48 39 61 23 28 35 0 49 36 61 5 10 51 52 20 54 10 44 17 51 43 34 52 6 12 49 47 38 10 5 22
run=14 seed=13 k=67 f=0
23 31 55 36 28 20 21 9 30 56 52 16 27 2 56 52 63 15 17 61 20 65 4 53 44 54 17 34 52 1 43 0 15 2 37 46 4 57 42 49 31 10 66 7 8 62 29 12 26 39 61 63 9 62 47 37 49 39 28 35 0 60 52 29 25 0 35 21 39 45
run=15 seed=14 k=67 f=0
43 8 33 43 53 0 36 26 58 18 22 36 5 21 60 39 42 62 18 54 16 27 40 65 50 11 51 32 11 19 59 59 18 16 65 45 2 55 42 11 1 43 6 12 0 48 7 44 64 21 31 27 54 7 46 36 25 26 3 12 0 65 15 29 65 21 59 29 34 7
run=16 seed=15 k=67 f=0
27 41 13 63 37 39 45 31 14 8 27 31 66 52 13 26 27 19 8 58 16 53 46 21 66 57 48 1 19 12 65 63 37 63 59 0 63 12 6 44 36 46 45 59 48 6 52 65 17 9 3 34 46 0 2 21 18 54 35 37 65 18 34 35 51 53 60 1 5 29
run=17 seed=16 k=67 f=0
64 3 66 54 54 6 62 57 49 37 66 37 59 48 5 65 19 61 14 0 58 17 36 20 19 40 44 52 17 32 5 27 41 1 66 47 1 13 19 26 25 9 26 21 40 48 29 16 10 31 65 40 56 1 35 66 43 15 49 10 66 31 23 50 42 39 51 56 38 5
run=18 seed=17 k=67 f=0
19 66 44 59 48 54 64 25 36 10 62 3 4 7 13 15 0 23 39 34 41 7 49 10 25 41 32 28 19 1 26 56 34 49 10 23 66 7 42 57 45 3 36 31 1 24 8 64 49 16 66 55 62 65 66 0 26 43 49 62 33 43 7 57 14 17 32 34 20 22
run=19 seed=18 k=67 f=0
5 39 60 48 1 3 10 23 56 35 42 53 36 37 26 17 31 53 37 11 2 66 10 65 41 13 9 48 62 0 2 46 58 8 25 26 30 62 35 65 54 61 17 23 8 12 33 38 20 63 29 25 47 53 41 30 12 43 20 0 6 60 12 0 52 48 40 27 33 39
run=20 seed=19 k=67 f=0
29 33 6 65 15 43 14 66 50 61 22 42 62 56 23 63 39 48 55 44 10 0 5 44 6 30 29 49 43 55 11 19 39 18 23 57 66 27 56 7 19 32 0 65 34 52 48 21 3 14 0 34 63 47 9 34 2 16 66 47 23 25 4 58 39 59 66 15 52 7
