run=1 seed=0 k=48 f=0
13 41 0 30 16 21 31 42 0 5 38 34 17 34 7 47 39 8 25 47 27 16 31 38 39 30 9 37 15 0 4 35 47 26 32 7 20 1 7 0 23 20 35 40 11 41 20 45 47 0 46 47 13 6 47 12 41 29 10 0 23 29 17 18 17 30 8 19 0 17
run=2 seed=1 k=48 f=0
13 41 0 30 16 21 31 42 0 5 38 34 17 34 7 47 39 8 25 47 27 16 31 38 39 30 9 37 15 0 4 35 47 26 32 7 20 1 7 0 23 20 35 40 11 41 20 45 47 0 46 47 13 6 47 12 41 29 10 0 23 29 17 18 17 30 8 19 0 17
run=3 seed=2 k=48 f=0
11 5 18 29 1 29 47 40 0 22 18 24 40 42 25 22 0 8 37 42 35 14 46 13 16 38 38 32 0 47 29 47 6 15 44 42 37 1 7 46 6 8 34 39 8 0 44 47 10 18 22 13 47 16 46 20 30 18 27 32 31 0 36 26 25 9 36 41 0 0
run=4 seed=3 k=48 f=0
15 5 20 7 21 21 5 39 45 36 47 40 9 10 0 14 18 9 4 9 33 44 47 29 47 37 45 27 42 16 31 25 40 16 31 20 4 46 5 47 24 39 33 40 39 32 45 2 11 47 0 29 1 47 0 11 11 22 18 0 30 31 16 25 27 30 16 21 0 37
run=5 seed=4 k=48 f=0
0 40 22 8 32 36 28 6 46 42 14 13 43 36 11 0 8 39 22 0 20 31 39 22 27 17 0 24 20 39 27 11 30 21 15 6 47 47 41 37 14 27 0 5 47 6 0 0 0 46 47 42 34 42 12 27 4 19 37 36 24 18 10 29 32 16 12 8 47 30
run=6 seed=5 k=48 f=0
6 30 23 14 6 35 0 7 44 27 18 0 34 7 0 24 18 39 40 8 47 4 24 5 9 3 47 16 19 23 42 15 47 0 47 39 31 47 40 40 0 0 21 5 0 12 35 0 25 46 31 37 34 31 12 26 21 21 27 44 10 34 11 29 31 17 28 18 36 39
run=7 seed=6 k=48 f=0
45 20 12 47 22 42 39 22 18 11 29 26 23 16 14 14 32 8 4 42 35 46 46 37 22 23 21 36 25 12 41 26 0 37 11 8 18 0 6 7 5 18 16 21 39 40 34 3 47 1 31 47 13 44 28 11 32 31 10 0 39 31 47 45 47 33 4 47 0 0
run=8 seed=7 k=48 f=0
32 42 12 16 28 20 35 26 31 22 17 6 6 2 22 22 30 40 43 39 2 12 0 30 37 9 8 11 47 47 16 33 37 33 36 28 16 47 0 0 40 8 15 29 8 27 0 1 37 0 23 19 47 16 4 38 0 45 26 0 18 47 46 23 9 11 6 16 47 0
run=9 seed=8 k=48 f=0
11 5 46 22 31 27 47 47 18 43 30 40 7 21 37 13 37 7 4 19 45 35 47 32 19 17 47 21 12 0 30 27 27 14 11 21 32 0 38 1 7 39 32 18 39 18 0 45 10 47 38 0 0 20 42 9 47 45 10 0 29 47 0 24 23 36 29 29 0 13
run=10 seed=9 k=48 f=0
28 34 2 10 0 11 5 47 1 46 23 7 24 40 40 10 22 8 35 14 0 20 33 37 17 47 45 4 0 19 13 28 10 16 25 44 35 0 6 18 5 6 25 20 47 0 26 45 29 1 30 25 38 16 42 36 43 47 38 39 14 2 19 33 31 27 16 26 47 0
run=11 seed=10 k=48 f=0
36 42 19 47 47 12 6 41 3 24 37 7 32 44 7 0 16 8 11 0 7 22 47 10 17 38 39 17 0 27 28 34 23 18 39 14 29 1 7 0 5 27 34 39 27 14 44 47 23 0 19 21 47 19 46 23 4 44 15 38 31 47 39 26 28 32 31 6 47 0
run=12 seed=11 k=48 f=0
14 34 45 13 21 11 16 47 3 42 19 7 10 25 29 0 47 8 33 0 7 23 45 26 17 21 47 5 40 3 4 15 39 16 12 44 34 0 31 46 18 28 25 20 47 0 9 44 28 1 32 8 38 42 42 36 3 21 38 38 14 28 21 33 7 27 30 8 47 39
run=13 seed=12 k=48 f=0
36 41 33 0 4 36 13 7 45 25 3 24 22 39 42 47 29 39 36 47 14 31 27 39 40 9 31 17 28 19 16 0 8 31 46 5 46 46 40 1 5 8 13 8 27 14 46 2 36 47 47 46 0 19 1 18 29 29 37 19 17 10 10 22 23 27 1 1 24 10
run=14 seed=13 k=48 f=0
40 33 3 0 42 11 12 40 2 5 13 6 35 34 7 0 45 8 24 0 7 43 43 47 20 20 39 15 1 30 14 16 21 47 12 24 47 1 7 28 23 47 16 42 47 12 33 47 38 0 7 22 29 33 27 33 3 0 37 11 13 38 39 36 22 24 44 29 27 15
run=15 seed=14 k=48 f=0
47 3 5 0 43 13 16 7 35 2 44 27 7 46 31 35 1 40 25 18 11 22 47 47 44 24 39 24 35 19 15 47 42 47 32 42 37 0 23 13 5 39 29 34 0 21 22 4 8 33 27 26 47 5 19 42 14 0 0 8 16 17 18 10 37 26 1 29 29 10
run=16 seed=15 k=48 f=0
0 40 45 39 0 35 31 6 43 8 26 6 4 40 24 32 28 38 43 15 0 10 47 21 38 9 47 33 10 12 19 21 40 30 36 26 20 47 19 47 5 6 13 8 5 29 34 2 35 46 31 46 0 14 1 24 27 11 37 47 16 15 9 21 39 15 19 25 46 0
run=17 seed=16 k=48 f=0
34 40 45 37 43 27 25 7 0 11 20 12 30 14 12 47 9 39 34 47 32 16 1 1 18 18 45 22 41 15 24 24 39 0 27 5 27 47 41 3 31 39 22 4 10 18 32 44 34 46 7 1 0 5 13 36 16 47 9 0 25 30 9 30 31 17 9 41 0 24
run=18 seed=17 k=48 f=0
16 6 47 28 1 36 12 5 18 42 34 41 1 23 10 47 18 39 25 47 40 28 47 19 30 27 37 25 34 46 43 15 39 31 18 20 5 46 40 32 14 8 21 16 38 22 34 1 11 47 1 2 2 33 0 26 44 47 22 10 34 0 46 9 14 10 41 19 0 8
run=19 seed=18 k=48 f=0
7 17 17 28 15 29 16 41 13 47 32 24 11 12 47 47 19 8 24 0 26 4 4 36 38 38 18 33 23 8 30 35 22 15 31 41 16 0 7 40 41 19 34 39 0 30 0 47 10 1 0 2 47 6 46 20 41 0 44 29 31 9 39 26 25 5 41 20 11 47
run=20 seed=19 k=48 f=0
29 5 18 13 26 5 47 38 13 5 18 22 47 14 8 31 47 8 4 35 24 15 0 0 38 17 21 38 0 30 31 40 24 45 44 45 43 15 9 1 39 9 0 40 47 34 8 30 10 38 6 28 0 18 33 22 34 16 47 10 29 0 0 24 27 47 37 24 0 47
