run=1 seed=0 k=61 f=0
33 18 36 46 7 49 47 60 28 23 39 47 41 44 9 24 51 21 60 50 58 43 36 29 30 5 0 48 60 58 24 34 54 33 25 0 17 14 45 0 37 17 0 27 16 60 60 19 34 59 11 0 14 49 55 40 40 26 27 6 26 53 44 44 22 8 16 39 5 18
run=2 seed=1 k=61 f=0
33 18 36 46 7 49 47 60 28 23 39 47 41 44 9 24 51 21 60 50 58 43 36 29 30 5 0 48 60 58 24 34 54 33 25 0 17 14 45 0 37 17 0 27 16 60 60 19 34 59 11 0 14 49 55 40 40 26 27 6 26 53 44 44 22 8 16 39 5 18
run=3 seed=2 k=61 f=0
33 31 56 50 22 47 48 39 2 10 43 41 57 34 2 38 29 50 31 5 60 9 25 31 4 38 0 44 59 60 45 0 38 0 60 51 60 24 54 51 10 53 33 5 17 28 10 29 13 4 19 13 56 45 60 16 6 17 15 46 21 56 11 11 9 56 31 27 25 41
run=4 seed=3 k=61 f=0
39 36 30 44 25 37 54 5 55 17 11 15 54 57 14 13 52 14 50 38 20 53 6 60 3 24 52 60 34 7 3 0 45 21 59 27 50 51 32 4 39 45 42 7 40 21 45 25 0 60 17 21 9 7 0 16 35 30 60 32 45 59 2 34 58 46 1 23 30 31
run=5 seed=4 k=61 f=0
42 17 42 32 18 44 49 10 14 59 41 11 38 58 4 9 53 9 55 52 26 35 47 50 49 44 21 52 2 0 29 45 13 28 0 51 21 60 19 32 9 13 39 34 31 47 4 27 0 25 43 31 35 37 0 53 28 57 1 1 60 40 59 18 48 3 9 17 60 58
run=6 seed=5 k=61 f=0
60 50 10 49 23 28 57 34 39 39 13 10 44 39 10 28 31 24 49 26 35 4 4 5 2 45 32 20 51 58 7 19 34 5 12 59 48 50 44 27 23 0 15 0 13 17 37 9 38 1 14 10 54 39 39 58 60 0 43 45 18 54 2 60 21 19 30 21 56 40
run=7 seed=6 k=61 f=0
27 0 4 32 60 40 5 58 3 4 54 22 32 1 20 41 6 52 50 20 48 57 37 17 59 60 60 43 54 4 32 27 10 45 8 9 51 0 36 60 22 0 13 58 6 38 40 15 45 28 39 41 15 18 32 50 38 0 35 33 37 14 55 21 24 27 16 24 12 50
run=8 seed=7 k=61 f=0
49 35 35 47 44 16 37 29 5 9 1 12 45 60 7 29 2 12 1 28 18 8 59 59 37 47 0 37 21 21 9 50 28 41 60 0 57 4 53 0 30 12 21 52 13 34 18 26 40 56 39 50 18 22 60 36 34 20 41 60 26 46 59 31 11 46 28 21 58 9
run=9 seed=8 k=61 f=0
59 7 40 48 59 30 1 0 44 26 12 32 0 3 10 30 9 2 37 48 60 44 20 39 12 58 16 33 27 7 49 15 26 35 26 20 6 60 53 45 33 0 24 9 21 53 4 4 0 40 58 43 26 46 49 18 8 18 34 50 51 2 13 16 43 55 52 41 23 28
run=10 seed=9 k=61 f=0
9 43 38 11 15 41 21 47 59 21 9 54 43 7 1 50 51 28 4 44 2 60 35 37 58 20 56 54 26 1 35 35 60 36 32 25 46 60 25 37 17 25 15 52 41 28 5 32 13 0 46 40 60 58 6 20 46 19 53 13 34 0 50 44 0 9 12 32 17 26
run=11 seed=10 k=61 f=0
47 54 10 20 39 19 53 39 47 10 57 28 51 49 41 30 34 41 53 17 37 12 35 0 58 25 11 59 21 31 1 60 28 14 29 2 36 50 23 0 41 45 29 34 1 22 41 57 60 48 59 35 8 19 60 9 3 13 0 22 18 49 31 3 4 0 0 38 25 50
run=12 seed=11 k=61 f=0
41 37 40 21 22 15 59 23 57 52 19 30 30 7 54 28 12 1 48 28 54 2 46 6 34 41 29 5 42 38 35 16 16 60 13 10 60 44 53 23 16 60 9 54 57 10 22 47 4 57 48 21 24 40 28 4 4 0 9 20 48 44 10 19 33 37 1 2 45 58
run=13 seed=12 k=61 f=0
60 30 57 55 1 16 57 22 5 32 50 37 11 37 2 17 32 39 29 13 0 9 54 20 46 17 12 41 20 43 46 44 28 11 41 52 8 60 40 18 60 21 28 6 38 55 27 27 25 59 0 49 5 54 50 35 10 46 36 3 44 25 57 0 1 45 6 56 59 32
run=14 seed=13 k=61 f=0
15 43 26 35 55 7 29 59 0 25 19 19 42 32 56 60 4 20 2 38 0 24 21 52 54 37 14 47 7 5 23 50 10 52 13 7 60 33 27 2 40 31 12 57 20 36 9 39 49 57 59 51 13 39 0 17 23 24 57 31 30 12 30 44 43 48 18 40 10 23
run=15 seed=14 k=61 f=0
49 19 23 56 52 55 39 30 26 6 50 0 35 57 56 8 17 52 39 40 27 36 14 22 23 3 37 25 34 2 9 47 3 60 15 52 32 0 16 11 48 56 22 11 31 19 32 18 60 39 28 23 26 0 43 37 24 42 4 43 10 60 48 31 7 5 11 14 13 11
run=16 seed=15 k=61 f=0
59 17 0 46 18 14 60 24 39 51 13 9 53 18 12 60 3 58 0 0 28 46 29 23 25 50 34 5 42 11 28 10 34 9 58 54 44 46 37 26 54 22 0 24 52 18 38 31 60 41 1 8 23 32 33 54 43 0 57 4 31 34 22 18 59 4 22 44 39 59
run=17 seed=16 k=61 f=0
44 14 12 2 39 7 36 46 60 26 50 36 54 7 10 34 51 20 9 33 42 26 39 31 40 33 13 33 16 59 60 53 20 0 47 59 14 30 56 60 25 14 12 51 20 4 24 15 22 43 37 0 10 1 39 23 29 28 60 49 2 1 42 58 18 35 53 58 6 48
run=18 seed=17 k=61 f=0
11 0 6 49 14 36 47 42 11 59 12 37 22 39 60 25 33 2 58 28 49 33 13 57 4 16 30 0 26 8 51 6 6 31 42 12 55 50 56 44 1 20 22 27 41 16 55 59 24 54 18 6 7 31 60 0 0 32 57 17 45 52 46 40 5 19 33 31 40 39
run=19 seed=18 k=61 f=0
56 31 56 58 10 55 47 34 23 26 0 51 60 38 48 1 27 15 39 36 43 55 35 22 20 47 48 0 11 39 18 16 27 43 2 22 43 25 18 17 3 59 60 48 49 34 26 15 12 4 30 55 60 29 0 7 46 5 23 60 40 11 33 35 51 41 34 33 8 11
run=20 seed=19 k=61 f=0
45 10 60 22 11 34 2 6 15 28 0 31 12 10 59 16 24 5 48 60 24 45 4 31 0 45 50 21 46 40 39 4 50 13 28 60 15 27 45 6 59 41 60 18 32 25 30 23 54 16 1 20 0 57 40 54 19 36 51 40 38 55 46 52 20 0 37 10 33 13
