run=1 seed=0 k=53 f=0
7 3 3 9 14 36 33 25 0 21 49 43 11 11 30 20 0 10 44 17 42 12 42 27 49 36 48 48 44 18 23 52 20 17 1 33 25 1 9 37 32 8 31 26 0 51 49 8 8 26 2 52 17 33 52 45 24 0 0 28 50 38 32 43 40 20 8 13 28 40
run=2 seed=1 k=53 f=0
7 3 3 9 14 36 33 25 0 21 49 43 11 11 30 20 0 10 44 17 42 12 42 27 49 36 48 48 44 18 23 52 20 17 1 33 25 1 9 37 32 8 31 26 0 51 49 8 8 26 2 52 17 33 52 45 24 0 0 28 50 38 32 43 40 20 8 13 28 40
run=3 seed=2 k=53 f=0
34 21 26 44 20 24 34 38 15 4 33 14 52 5 28 11 17 39 39 22 52 36 39 32 17 2 21 47 45 0 30 27 19 19 30 5 24 0 47 0 39 15 31 15 0 43 41 52 35 27 51 21 52 48 51 7 3 9 0 43 44 31 2 9 12 33 1 52 43 13
run=4 seed=3 k=53 f=0
25 41 0 16 51 37 2 25 45 3 39 0 11 39 0 8 3 50 31 52 33 16 22 3 44 29 46 38 49 25 20 47 32 32 2 52 8 9 16 17 32 12 0 27 0 52 11 0 36 11 9 12 45 21 20 52 38 43 25 35 22 23 29 40 47 14 24 14 0 37
run=5 seed=4 k=53 f=0
20 12 30 0 23 19 11 6 0 42 36 52 36 27 52 1 10 25 11 27 52 22 10 14 7 34 22 0 16 41 0 32 26 14 2 37 33 32 45 12 52 18 0 5 46 4 40 10 27 18 7 43 46 39 52 39 48 43 44 27 3 16 29 41 23 48 22 36 6 30
run=6 seed=5 k=53 f=0
27 51 11 18 9 21 18 27 0 36 9 12 48 25 16 41 17 24 21 0 30 6 42 37 16 7 29 9 2 2 41 14 32 44 52 20 52 1 37 1 11 37 11 40 33 21 32 29 46 38 52 43 29 1 33 49 28 41 21 1 0 25 39 52 17 8 52 47 46 45
run=7 seed=6 k=53 f=0
41 31 34 9 23 12 46 45 29 15 25 15 10 8 0 37 29 15 4 13 52 9 17 41 52 50 0 27 36 32 44 19 36 7 38 45 5 52 17 51 17 31 33 0 13 30 42 48 39 0 52 1 9 47 24 38 11 21 2 26 22 0 7 42 0 21 23 43 42 22
run=8 seed=7 k=53 f=0
15 48 17 24 18 27 22 6 43 24 11 29 11 29 31 38 52 22 28 1 30 5 25 2 44 43 52 52 48 33 3 14 43 50 9 22 38 40 23 4 10 23 0 46 52 49 5 2 0 8 42 9 17 0 12 18 47 23 52 0 36 10 10 31 33 52 34 32 43 15
run=9 seed=8 k=53 f=0
23 43 7 33 0 26 42 37 33 51 11 19 8 45 46 34 49 42 13 0 17 26 27 25 40 15 0 36 11 42 30 5 18 52 51 52 42 12 5 2 20 30 31 36 50 51 32 7 27 35 52 22 0 21 1 47 41 31 38 9 8 0 51 22 19 17 51 21 49 14
run=10 seed=9 k=53 f=0
0 7 17 23 51 8 39 1 52 23 5 40 18 20 43 0 9 24 38 40 16 34 52 52 29 43 0 31 3 14 37 45 5 31 1 24 48 41 47 12 46 10 13 35 9 34 27 44 2 17 30 26 29 20 52 26 31 25 52 51 50 19 34 0 19 17 9 42 27 38
run=11 seed=10 k=53 f=0
31 48 49 45 26 40 40 14 32 10 22 16 35 32 45 37 51 28 47 34 0 29 52 0 43 13 10 20 23 30 5 19 14 35 34 9 38 21 28 6 40 52 8 14 11 25 29 24 2 42 52 2 33 4 46 52 13 52 8 2 23 52 17 0 2 0 52 29 42 18
run=12 seed=11 k=53 f=0
42 48 46 8 23 52 45 7 1 13 52 33 38 39 48 42 30 38 52 4 35 0 17 52 36 52 35 33 25 26 13 10 0 45 15 26 52 31 38 24 47 47 1 6 28 6 26 11 42 9 1 5 0 2 13 19 33 15 27 20 18 5 30 23 24 42 18 48 18 17
run=13 seed=12 k=53 f=0
2 6 6 52 52 18 2 47 52 46 9 23 21 0 8 25 28 52 4 33 52 41 49 28 19 9 20 16 30 1 15 15 44 31 20 31 39 1 38 30 35 46 13 35 47 13 52 44 0 38 45 49 47 38 42 8 29 52 22 0 16 10 35 21 24 27 14 35 1 10
run=14 seed=13 k=53 f=0
17 6 46 10 52 18 22 51 2 25 19 21 22 26 9 45 18 52 4 41 25 36 30 40 39 9 18 49 13 1 41 16 0 13 21 52 5 0 6 32 34 9 41 6 23 52 34 26 37 45 51 47 0 33 24 35 42 43 51 10 28 0 52 33 29 46 2 52 0 28
run=15 seed=14 k=53 f=0
17 45 47 25 26 28 35 45 51 51 26 52 37 26 52 0 18 11 37 0 8 17 41 0 43 49 17 28 50 34 35 30 12 4 47 35 33 52 16 3 6 21 39 0 52 24 26 39 9 0 44 2 40 13 22 9 3 44 51 11 25 24 4 31 33 19 44 33 40 51
run=16 seed=15 k=53 f=0
26 9 30 29 0 33 25 45 2 13 23 45 10 12 43 28 32 8 43 12 0 52 26 52 50 42 20 1 32 1 25 19 31 52 22 34 36 0 6 52 37 48 38 43 12 4 47 24 14 1 46 43 51 35 26 11 8 18 31 39 23 2 39 17 16 50 1 21 40 10
run=17 seed=16 k=53 f=0
38 14 20 4 5 28 18 22 8 1 41 7 42 24 32 0 10 24 22 0 27 44 46 19 50 43 38 52 46 28 3 52 7 6 29 35 45 41 47 24 52 36 16 11 38 1 32 19 29 0 13 31 19 14 52 1 45 15 19 18 50 29 36 33 32 49 39 9 9 47
run=18 seed=17 k=53 f=0
27 24 30 18 29 23 28 7 1 6 39 46 8 24 45 6 2 44 48 9 16 42 4 41 38 18 0 13 14 27 48 34 22 0 40 0 35 51 29 0 9 1 13 7 14 16 18 12 29 52 35 38 38 21 35 42 11 52 27 52 9 29 52 26 19 32 6 0 52 52
run=19 seed=18 k=53 f=0
28 36 9 0 38 41 2 19 23 0 29 16 32 14 41 30 0 44 2 7 0 12 25 45 39 19 37 16 42 24 25 42 2 52 9 24 35 1 36 48 6 34 25 20 16 10 50 6 42 9 52 34 30 24 13 30 48 21 20 48 50 7 14 35 45 50 24 24 52 15
run=20 seed=19 k=53 f=0
10 48 48 45 27 47 22 41 20 23 46 14 41 15 18 12 0 26 46 0 40 4 31 29 0 18 0 1 52 9 42 32 51 52 39 21 46 2 8 35 24 51 14 20 20 5 13 38 39 8 35 32 52 1 35 29 18 26 15 28 31 38 4 44 22 12 3 52 24 18
