run=1 seed=0 k=74 f=0
71 72 5 24 41 32 62 52 59 31 70 16 28 39 41 2 50 18 73 0 49 59 16 3 66 6 51 59 55 61 27 29 10 43 51 9 45 65 4 2 19 22 26 47 47 54 28 42 31 39 73 70 62 8 0 13 66 64 12 35 23 25 70 73 19 22 48 13 39 33
run=2 seed=1 k=74 f=0
71 72 5 24 41 32 62 52 59 31 70 16 28 39 41 2 50 18 73 0 49 59 16 3 66 6 51 59 55 61 27 29 10 43 51 9 45 65 4 2 19 22 26 47 47 54 28 42 31 39 73 70 62 8 0 13 66 64 12 35 23 25 70 73 19 22 48 13 39 33
run=3 seed=2 k=74 f=0
58 42 36 68 15 6 4 53 64 73 72 15 53 13 43 68 32 44 58 36 12 54 1 3 20 55 44 28 34 34 65 24 68 26 1 62 48 35 0 21 27 63 60 50 30 31 0 22 72 0 58 19 9 38 14 71 71 0 48 7 22 38 53 69 42 44 57 52 3 21
run=4 seed=3 k=74 f=0
26 62 60 4 39 18 50 8 31 2 0 15 53 35 7 56 57 49 65 71 6 41 26 60 69 19 39 60 70 50 44 33 16 59 4 50 73 30 22 36 10 45 39 5 1 63 25 0 26 34 27 23 4 17 72 51 72 46 53 10 70 24 11 11 67 69 39 38 24 15
run=5 seed=4 k=74 f=0
53 26 72 34 63 11 3 21 28 71 60 0 18 19 60 36 66 19 21 20 1 16 42 12 25 30 24 23 38 51 46 69 47 72 29 60 10 32 1 38 7 7 43 25 3 73 40 62 17 51 71 11 39 45 5 48 54 29 41 65 8 55 19 59 53 37 29 45 31 64
run=6 seed=5 k=74 f=0
49 67 20 34 12 24 72 43 49 20 64 43 54 50 18 16 0 42 50 18 26 47 41 7 55 73 57 11 24 25 32 73 64 50 33 3 0 59 0 27 18 55 13 73 28 35 57 40 51 61 43 1 12 66 4 67 22 73 5 8 22 37 72 29 30 10 16 65 40 68
run=7 seed=6 k=74 f=0
55 43 10 61 26 54 62 47 34 10 1 62 65 51 49 57 0 46 11 16 64 73 60 46 0 67 12 28 0 73 39 4 22 59 66 16 72 32 38 15 21 36 6 64 31 40 51 70 25 54 31 11 9 44 73 21 18 6 27 48 35 22 46 19 68 1 41 70 49 38
run=8 seed=7 k=74 f=0
7 21 35 11 47 39 28 73 4 47 69 35 54 16 15 42 73 65 18 0 13 73 0 3 11 30 35 22 71 64 5 5 31 54 72 63 51 25 61 60 44 34 1 49 28 69 54 55 0 49 55 44 58 55 12 18 11 42 48 54 10 1 67 42 34 30 62 69 26 27
run=9 seed=8 k=74 f=0
66 72 28 39 56 7 15 13 45 31 9 35 2 61 59 24 32 60 7 67 41 16 71 24 57 52 14 7 7 69 71 62 15 26 27 49 51 67 61 22 2 48 35 53 35 72 35 28 66 42 49 54 9 73 0 20 16 42 33 1 22 44 63 16 51 73 73 16 1 60
run=10 seed=9 k=74 f=0
37 0 59 20 22 14 66 52 46 62 17 63 18 72 31 72 66 32 62 69 59 12 71 35 3 56 55 13 11 5 37 48 3 59 69 26 24 39 0 48 25 32 71 45 42 9 34 71 73 47 45 41 14 0 23 30 14 57 5 17 37 55 10 5 10 4 55 29 40 65
run=11 seed=10 k=74 f=0
25 26 42 11 68 33 57 11 59 5 55 13 48 47 16 47 28 72 26 68 37 64 43 28 66 16 19 59 64 62 36 15 65 20 4 72 53 61 72 1 0 60 39 15 9 35 21 24 46 7 54 32 67 41 51 4 50 73 22 22 58 0 15 0 28 69 12 57 1 39
run=12 seed=11 k=74 f=0
59 16 53 43 24 29 23 13 49 25 44 37 32 4 10 0 21 12 15 64 7 26 19 5 49 31 68 40 33 57 47 73 51 23 1 51 45 45 51 70 12 55 65 2 59 25 17 59 4 43 27 51 68 46 56 71 65 0 19 21 60 32 21 73 33 39 72 11 34 34
run=13 seed=12 k=74 f=0
26 36 72 66 7 52 53 13 1 46 51 58 71 37 0 2 22 49 52 0 71 62 26 32 34 11 41 56 26 57 58 20 45 57 64 47 50 38 44 35 50 57 73 20 42 5 65 44 41 30 14 63 73 35 6 29 26 19 30 12 3 73 19 65 23 61 6 22 9 1
run=14 seed=13 k=74 f=0
26 7 43 67 2 72 0 58 65 53 68 1 0 8 69 13 26 68 54 36 29 51 35 56 5 35 33 60 37 6 63 41 21 32 46 22 43 41 8 12 72 7 14 27 23 64 63 37 56 44 20 71 15 65 3 21 26 52 60 66 73 34 11 54 48 52 25 43 19 45
run=15 seed=14 k=74 f=0
53 38 41 24 67 36 19 0 5 40 71 45 28 9 18 47 24 5 40 8 24 67 51 11 22 72 54 66 57 35 44 14 44 12 30 53 25 50 22 9 16 63 41 23 32 58 69 55 65 15 1 27 33 54 30 17 6 71 42 73 0 61 40 63 57 69 49 5 0 66
run=16 seed=15 k=74 f=0
19 16 19 1 24 33 2 68 73 10 55 70 26 4 12 73 54 63 48 67 45 26 33 59 0 21 10 65 68 21 27 59 50 24 9 52 58 55 47 36 39 17 38 49 8 44 31 6 11 43 51 59 32 40 8 18 70 0 36 65 2 41 14 72 3 63 40 28 7 68
run=17 seed=16 k=74 f=0
0 22 55 40 51 45 61 26 73 8 31 13 11 63 31 16 49 10 9 17 39 50 17 68 23 73 10 24 25 0 5 73 63 70 69 68 73 52 41 40 54 2 1 27 44 21 43 2 0 38 32 39 29 27 34 62 41 52 66 32 56 60 36 21 7 20 51 69 57 19
run=18 seed=17 k=74 f=0
5 1 65 48 31 40 11 0 16 37 5 41 55 0 38 73 28 37 41 59 50 65 64 14 0 73 6 28 25 28 58 9 20 56 50 30 15 27 34 69 43 0 66 0 17 61 54 69 21 62 72 73 53 60 46 8 15 46 36 46 9 55 27 18 73 59 47 28 25 59
run=19 seed=18 k=74 f=0
60 13 43 55 5 0 45 58 11 13 0 7 51 34 38 1 53 71 27 49 66 43 67 65 45 17 29 45 54 38 2 19 12 50 56 55 32 10 17 1 47 39 28 54 35 71 14 49 24 34 15 17 65 72 40 73 13 20 58 64 0 73 42 60 67 25 64 23 31 7
run=20 seed=19 k=74 f=0
11 20 52 32 28 29 7 1 38 37 17 7 63 68 51 43 62 5 57 41 29 54 36 24 64 17 73 72 39 6 30 0 4 14 42 66 47 72 36 25 51 22 59 18 34 17 39 56 73 50 14 17 36 70 41 64 10 38 7 73 0 13 22 26 46 11 72 53 61 44
