run=1 seed=0 k=56 f=0
13 53 29 22 1 55 36 42 1 42 36 23 55 11 19 13 55 7 21 47 27 0 47 33 55 19 54 26 20 3 35 39 38 14 48 44 31 0 51 0 27 55 23 18 45 8 6 23 38 30 45 1 1 32 37 9 10 46 7 35 12 5 51 47 29 33 54 25 18 12
run=2 seed=1 k=56 f=0
13 53 29 22 1 55 36 42 1 42 36 23 55 11 19 13 55 7 21 47 27 0 47 33 55 19 54 26 20 3 35 39 38 14 48 44 31 0 51 0 27 55 23 18 45 8 6 23 38 30 45 1 1 32 37 9 10 46 7 35 12 5 51 47 29 33 54 25 18 12
run=3 seed=2 k=56 f=0
19 34 12 32 36 0 12 21 41 51 37 51 15 47 54 55 54 47 47 18 0 25 9 40 43 31 2 41 19 51 37 40 27 28 54 8 36 55 4 9 27 32 39 34 9 45 28 50 23 1 12 53 13 4 8 14 21 0 9 30 42 17 6 20 46 26 3 0 50 22
run=4 seed=3 k=56 f=0
0 35 6 0 41 18 8 40 0 15 6 15 14 13 24 22 53 21 3 54 12 0 6 55 28 30 45 37 1 30 36 48 48 33 30 55 7 55 49 55 6 18 13 47 36 41 17 52 23 9 22 21 0 55 1 7 10 32 28 10 46 44 41 41 24 27 46 54 40 15
run=5 seed=4 k=56 f=0
22 6 34 22 39 17 49 23 38 30 17 32 55 54 28 27 4 20 20 8 34 50 48 41 36 37 30 42 36 52 44 13 0 40 3 18 5 54 32 14 0 55 0 44 1 38 14 50 24 55 14 13 13 47 11 5 30 47 42 55 44 45 10 30 47 29 26 9 0 6
run=6 seed=5 k=56 f=0
43 40 46 18 55 48 24 0 4 31 47 8 47 0 13 46 16 23 4 9 53 13 55 26 0 36 55 6 42 41 49 25 0 14 11 31 18 55 38 53 31 18 32 0 18 38 29 35 25 46 9 15 55 33 42 27 42 29 37 55 0 36 53 6 21 16 3 9 1 2
run=7 seed=6 k=56 f=0
32 4 0 42 4 47 46 35 54 40 7 10 37 5 55 46 45 21 25 44 53 38 27 0 21 13 52 19 55 30 29 10 8 42 48 17 44 10 26 1 37 0 0 38 34 16 51 31 55 35 22 26 0 17 30 17 38 25 22 55 26 0 38 53 55 5 15 12 31 12
run=8 seed=7 k=56 f=0
32 29 42 37 19 0 10 24 51 40 55 54 28 47 55 35 3 27 55 31 49 20 35 0 18 50 9 23 1 46 38 5 10 16 1 0 3 55 49 48 55 24 7 20 27 40 52 11 34 11 29 40 20 45 45 32 32 18 12 9 42 46 19 36 37 41 26 0 40 19
run=9 seed=8 k=56 f=0
0 24 2 53 55 55 46 27 23 26 22 37 14 44 35 18 40 50 35 5 37 46 29 44 44 15 9 45 55 19 25 0 23 43 23 9 17 20 11 8 36 30 0 26 10 29 39 43 47 30 0 14 3 43 34 6 6 55 14 53 55 30 51 8 51 15 5 2 55 28
run=10 seed=9 k=56 f=0
51 0 45 23 19 47 12 0 28 33 55 33 55 1 29 55 39 14 8 37 22 11 35 15 27 4 44 4 37 33 18 31 46 52 1 41 9 7 30 39 54 15 42 0 37 0 34 55 47 55 9 22 27 42 23 37 52 18 4 16 19 4 42 32 17 15 50 48 47 0
run=11 seed=10 k=56 f=0
55 5 45 21 1 17 19 50 34 28 55 28 41 5 30 23 31 14 55 18 44 35 3 55 42 0 12 10 24 30 17 11 50 3 28 55 45 43 10 22 39 50 34 8 31 35 16 54 11 41 48 47 50 37 55 27 19 5 29 0 19 15 7 24 22 0 36 51 0 0
run=12 seed=11 k=56 f=0
15 41 48 38 51 55 1 18 11 4 47 22 1 40 36 47 6 23 24 34 55 18 53 55 55 55 20 26 15 9 28 8 20 50 5 3 40 31 6 50 0 42 0 17 1 30 29 25 46 14 47 53 37 32 10 45 17 8 25 28 29 37 2 42 39 36 22 18 0 28
run=13 seed=12 k=56 f=0
50 8 13 32 55 11 22 22 30 14 32 35 29 19 19 17 11 53 44 42 55 25 33 16 55 44 24 38 10 46 0 35 55 29 2 48 26 46 38 5 37 49 16 23 9 13 53 1 55 20 54 30 29 27 2 55 11 43 14 1 0 40 18 37 7 41 44 30 0 8
run=14 seed=13 k=56 f=0
31 9 15 26 13 6 0 44 14 23 22 51 6 3 51 41 55 10 52 38 1 33 1 0 48 30 55 16 39 35 21 19 25 37 37 25 10 17 53 0 45 47 26 41 27 19 33 46 37 45 10 49 5 5 49 31 25 42 12 3 17 13 37 0 1 55 19 35 55 17
run=15 seed=14 k=56 f=0
5 30 42 18 42 20 16 48 38 26 0 44 50 1 28 24 48 32 13 12 38 48 11 38 55 7 46 44 35 3 19 4 0 25 1 14 53 41 35 14 10 19 2 9 36 23 19 52 0 22 55 26 37 31 53 30 50 35 27 9 55 0 6 15 8 0 52 46 55 28
run=16 seed=15 k=56 f=0
55 44 31 39 15 40 18 34 23 1 0 38 41 12 14 1 42 35 36 50 8 54 53 25 19 21 8 36 25 54 53 23 0 18 4 17 5 0 11 27 46 30 27 14 10 19 24 31 11 50 31 39 0 45 55 49 54 48 16 29 30 49 14 8 44 5 2 40 39 0
run=17 seed=16 k=56 f=0
19 15 1 0 51 14 26 46 53 48 13 7 0 35 34 0 45 8 20 0 32 50 13 20 11 18 41 5 44 9 5 9 25 21 12 42 30 55 29 52 28 55 0 49 45 14 21 0 36 53 50 17 0 28 41 34 37 43 43 37 26 55 8 32 6 25 52 25 23 33
run=18 seed=17 k=56 f=0
23 7 26 55 15 43 33 1 51 15 23 15 45 48 54 29 12 20 4 42 15 55 22 0 53 42 25 0 0 34 36 47 17 27 54 22 48 36 17 31 5 9 9 14 21 39 43 4 2 51 16 23 27 40 55 22 25 7 0 0 35 43 17 0 50 31 53 9 34 43
run=19 seed=18 k=56 f=0
20 46 15 15 35 0 55 30 12 8 36 55 16 11 26 52 0 35 8 47 30 18 1 45 0 51 55 53 30 0 45 39 37 15 55 2 44 55 42 0 25 24 24 29 27 31 42 20 20 28 37 4 40 46 46 37 15 9 0 35 12 13 55 7 8 49 19 46 11 30
run=20 seed=19 k=56 f=0
53 23 16 25 44 12 31 37 27 3 0 35 49 26 1 38 21 9 16 34 52 5 12 42 46 40 2 20 9 14 46 29 35 17 53 44 8 30 7 42 55 21 44 24 0 17 53 35 52 29 33 51 3 8 0 50 35 26 43 55 14 11 55 54 55 3 42 21 13 50
