run=1 seed=0 k=71 f=0
37 18 54 50 44 58 56 19 67 69 58 69 55 61 21 53 66 15 6 35 10 45 27 70 1 57 29 5 18 18 51 70 46 63 25 60 51 51 44 61 40 18 0 68 61 0 42 11 30 48 7 10 10 34 40 31 59 13 26 29 38 14 45 26 8 2 33 39 0 59
run=2 seed=1 k=71 f=0
37 18 54 50 44 58 56 19 67 69 58 69 55 61 21 53 66 15 6 35 10 45 27 70 1 57 29 5 18 18 51 70 46 63 25 60 51 51 44 61 40 18 0 68 61 0 42 11 30 48 7 10 10 34 40 31 59 13 26 29 38 14 45 26 8 2 33 39 0 59
run=3 seed=2 k=71 f=0
35 7 29 56 49 41 3 59 18 49 66 51 69 70 49 45 55 62 66 39 31 55 13 13 39 1 2 61 9 22 40 1 29 70 58 64 0 19 45 18 31 8 29 56 29 40 40 70 70 21 48 17 45 24 49 4 38 56 48 70 34 19 49 8 9 31 63 9 16 41
run=4 seed=3 k=71 f=0
22 27 4 0 52 47 33 31 35 39 2 0 15 65 4 6 25 0 61 23 63 17 36 44 55 61 11 31 26 24 44 48 70 52 7 36 8 40 16 58 31 69 22 58 29 35 21 23 54 70 54 41 12 19 9 67 40 49 55 66 45 44 4 32 60 14 69 19 33 65
run=5 seed=4 k=71 f=0
37 63 22 27 7 49 66 41 63 48 7 1 31 61 58 17 6 43 60 50 0 39 6 19 65 20 68 25 15 52 50 70 44 1 24 25 19 31 70 10 42 13 61 66 45 50 12 24 57 69 3 33 37 35 13 7 49 66 21 54 48 9 11 53 24 36 6 27 30 37
run=6 seed=5 k=71 f=0
42 33 1 52 4 40 27 48 56 32 38 25 48 55 22 10 59 21 55 6 24 59 11 25 2 0 33 60 11 43 40 0 37 10 42 42 55 66 23 0 6 15 54 59 70 66 30 70 49 68 18 0 16 30 31 15 63 11 53 37 8 18 35 46 2 4 17 48 70 65
run=7 seed=6 k=71 f=0
0 65 4 29 4 70 29 45 37 48 67 53 29 65 7 43 70 20 53 43 51 20 0 19 35 56 39 24 42 4 23 29 60 52 13 0 32 0 59 14 11 36 39 62 61 69 43 52 18 46 51 7 37 22 11 17 68 45 1 5 9 15 59 30 22 29 62 70 11 61
run=8 seed=7 k=71 f=0
44 39 57 14 31 47 52 25 68 70 59 59 49 1 27 0 41 26 62 1 14 55 36 39 37 11 5 60 44 70 61 70 7 52 47 6 2 35 41 17 34 26 62 70 45 66 43 20 21 70 25 66 50 8 17 2 18 36 36 66 31 26 53 0 69 60 30 55 45 51
run=9 seed=8 k=71 f=0
7 22 69 43 25 35 53 9 42 52 38 30 56 47 70 35 18 43 48 18 46 13 5 31 20 27 69 25 19 3 56 68 46 16 16 3 0 25 49 15 24 29 56 11 5 38 15 55 67 36 11 5 48 59 0 68 0 63 54 57 59 44 0 65 63 20 29 66 6 60
run=10 seed=9 k=71 f=0
27 19 29 54 47 21 60 30 1 51 25 13 22 13 52 56 65 58 9 6 46 28 66 41 3 16 25 61 68 10 36 0 7 0 38 70 46 68 40 0 46 52 10 5 24 33 65 33 54 32 0 26 41 66 36 45 28 70 35 42 4 33 11 47 16 62 37 63 61 63
run=11 seed=10 k=71 f=0
6 10 1 16 41 10 57 44 3 21 69 38 68 70 0 27 60 35 54 51 42 19 33 52 60 5 24 63 15 62 45 62 41 2 29 1 58 70 63 25 37 15 57 41 5 13 52 65 21 51 5 1 30 69 25 32 3 49 6 69 67 47 26 13 15 51 22 37 33 32
run=12 seed=11 k=71 f=0
48 54 47 34 17 34 35 28 69 62 7 27 52 6 33 31 14 62 8 27 19 1 25 24 39 23 60 14 16 69 66 61 64 51 43 10 55 21 39 5 29 13 10 68 51 21 7 61 70 33 42 48 3 25 1 46 68 40 36 22 46 68 50 40 68 12 59 13 49 4
run=13 seed=12 k=71 f=0
41 40 42 56 41 6 12 48 70 20 16 46 46 3 10 61 65 32 28 25 32 69 2 67 2 6 9 64 63 31 29 20 30 1 15 0 69 39 10 52 22 47 68 63 50 3 19 54 34 24 39 22 15 67 56 17 0 18 58 12 58 34 45 47 61 28 50 68 7 46
run=14 seed=13 k=71 f=0
44 42 36 15 58 70 37 43 13 61 38 10 23 19 60 0 49 30 48 52 28 62 7 43 6 39 52 2 42 62 66 70 32 22 15 51 26 51 4 70 9 22 60 44 14 49 2 5 32 69 0 1 4 40 0 36 31 16 14 34 20 57 32 13 66 25 24 22 5 28
run=15 seed=14 k=71 f=0
5 5 3 32 55 27 29 16 49 14 56 66 41 24 61 41 8 66 18 4 27 70 20 18 35 43 70 33 62 61 15 59 26 52 10 14 38 9 63 48 54 48 0 42 0 0 25 36 20 28 40 7 60 31 21 70 70 15 15 55 50 25 64 36 40 4 15 8 36 7
run=16 seed=15 k=71 f=0
32 17 9 12 69 15 43 66 5 59 29 23 56 30 23 41 47 18 1 18 70 7 31 38 29 68 0 6 67 27 6 23 65 10 29 63 40 32 54 14 51 36 42 54 58 3 50 59 57 29 19 51 13 51 61 25 9 49 55 50 38 12 29 1 3 48 20 69 46 62
run=17 seed=16 k=71 f=0
7 28 63 25 17 58 49 32 23 40 10 40 57 0 24 37 19 45 0 1 63 5 12 6 61 10 60 70 42 49 27 22 37 52 29 13 31 8 20 63 37 55 63 16 50 46 20 69 52 70 70 61 1 68 25 39 7 16 33 70 60 18 32 34 70 3 7 30 44 16
run=18 seed=17 k=71 f=0
32 12 42 67 55 39 19 16 46 10 48 37 22 10 41 31 32 60 65 59 4 55 51 44 0 41 34 65 56 57 65 41 4 0 5 24 45 47 35 54 24 12 10 19 14 11 24 6 0 50 2 35 19 20 70 30 35 70 27 70 67 50 20 25 64 59 63 61 70 19
run=19 seed=18 k=71 f=0
9 64 17 17 21 4 52 41 27 25 37 28 1 58 54 70 31 61 30 11 23 34 45 59 55 69 42 32 45 4 5 58 24 19 54 1 61 48 66 45 24 66 35 28 4 16 41 44 9 22 33 32 53 13 10 56 44 70 0 21 40 12 36 0 26 70 3 44 49 67
run=20 seed=19 k=71 f=0
8 29 61 11 22 29 10 55 70 29 60 61 14 44 65 59 58 51 0 1 37 8 52 55 51 14 70 58 66 40 20 48 30 10 7 53 17 69 23 39 27 26 41 0 42 50 4 60 70 23 0 35 41 65 19 47 40 1 69 22 2 70 0 32 35 6 55 13 16 20
