run=1 seed=0 k=68 f=0
27 47 57 26 49 10 54 26 45 53 22 31 31 19 63 22 54 30 39 61 35 8 19 1 14 22 42 2 31 16 67 66 10 16 57 56 39 44 6 19 6 17 57 23 31 57 27 64 0 11 53 62 43 4 67 0 29 48 44 43 65 61 4 3 36 31 10 5 53 65
run=2 seed=1 k=68 f=0
27 47 57 26 49 10 54 26 45 53 22 31 31 19 63 22 54 30 39 61 35 8 19 1 14 22 42 2 31 16 67 66 10 16 57 56 39 44 6 19 6 17 57 23 31 57 27 64 0 11 53 62 43 4 67 0 29 48 44 43 65 61 4 3 36 31 10 5 53 65
run=3 seed=2 k=68 f=0
24 59 43 55 61 0 56 14 53 43 34 15 28 53 7 65 24 17 51 66 45 24 65 3 35 9 26 14 32 38 1 10 58 26 5 5 64 38 44 49 45 56 5 10 20 0 17 18 42 67 16 45 33 27 48 66 41 35 17 0 50 47 35 57 60 28 65 56 1 66
run=4 seed=3 k=68 f=0
18 31 48 17 45 17 56 62 49 52 2 5 54 31 2 49 36 0 29 46 22 66 38 6 25 8 57 66 1 47 65 8 11 22 37 40 61 43 10 48 22 16 52 60 58 38 1 28 16 48 39 37 27 0 31 2 60 29 34 12 59 0 63 67 36 38 21 36 56 31
run=5 seed=4 k=68 f=0
66 39 58 21 47 67 29 27 13 52 64 45 18 48 52 54 37 28 13 26 18 4 60 45 17 2 66 2 20 4 61 67 40 8 59 27 35 20 49 26 29 0 62 13 0 9 34 50 20 12 39 57 51 39 53 2 20 59 10 62 67 32 27 44 37 33 3 8 47 54
run=6 seed=5 k=68 f=0
56 55 14 20 0 1 28 17 25 9 13 33 67 58 8 61 0 65 24 56 47 17 23 1 19 29 40 1 4 55 35 8 40 24 11 40 16 48 42 48 25 29 57 29 52 61 57 15 67 20 13 47 46 37 8 67 50 27 67 28 11 0 40 38 33 55 65 37 0 65
run=7 seed=6 k=68 f=0
25 1 48 17 40 5 6 51 34 50 19 67 29 13 62 48 3 44 16 61 38 10 40 36 5 26 8 10 44 51 35 25 48 23 0 19 36 32 41 3 22 32 10 38 31 57 23 54 49 61 59 32 12 63 66 17 9 18 4 40 33 62 0 54 0 26 64 23 53 27
run=8 seed=7 k=68 f=0
61 2 19 39 49 0 52 44 67 41 34 30 50 50 37 15 24 46 2 0 28 59 56 56 57 67 67 6 25 10 60 45 66 64 19 51 47 36 19 24 18 8 27 52 66 2 36 21 57 38 1 17 8 57 15 9 37 11 20 36 17 25 37 3 57 59 2 9 66 27
run=9 seed=8 k=68 f=0
16 17 24 25 47 50 10 33 21 1 67 25 37 33 26 66 13 67 26 42 49 30 17 3 8 2 38 67 15 58 45 11 61 45 57 5 34 7 13 54 20 20 19 61 55 43 39 12 49 60 67 54 31 39 28 40 5 6 59 47 41 38 65 53 57 2 67 22 0 11
run=10 seed=9 k=68 f=0
17 14 1 35 42 50 24 7 22 41 11 55 51 7 35 23 52 45 16 0 44 65 11 0 34 10 24 3 41 9 59 36 23 0 63 4 30 27 20 64 67 50 55 33 0 7 16 3 19 62 47 14 39 29 67 14 4 44 19 50 28 9 10 17 38 40 56 62 58 57
run=11 seed=10 k=68 f=0
6 67 48 41 50 12 38 59 66 36 35 17 62 29 44 58 20 38 66 26 43 32 23 13 30 64 55 15 14 31 45 19 32 31 12 5 65 67 5 52 67 0 17 23 9 1 12 3 40 28 6 48 11 37 1 49 25 24 64 40 48 50 21 57 44 34 4 20 10 21
run=12 seed=11 k=68 f=0
66 54 25 10 55 7 5 1 59 19 42 19 43 67 21 9 60 4 67 56 19 64 37 53 35 51 0 54 55 37 32 46 7 39 42 3 46 65 12 0 16 13 27 35 1 57 44 45 67 35 25 41 26 24 56 17 3 34 0 58 11 24 37 19 51 29 30 48 34 62
run=13 seed=12 k=68 f=0
45 42 26 16 15 17 41 29 65 30 6 49 41 22 0 60 55 62 41 36 13 32 32 50 67 46 27 7 67 61 32 22 55 3 33 6 60 51 41 23 9 46 12 7 52 13 33 48 66 29 40 13 1 4 35 58 54 32 57 26 16 17 21 21 64 39 58 8 66 4
run=14 seed=13 k=68 f=0
20 17 65 58 15 36 56 3 21 7 38 61 26 22 63 7 37 0 40 60 0 45 53 66 13 12 29 47 48 41 57 29 5 50 48 53 11 59 67 40 15 21 41 7 59 32 25 66 4 67 6 12 48 67 19 13 4 56 51 67 25 34 53 30 24 46 36 24 12 21
run=15 seed=14 k=68 f=0
15 48 27 46 45 17 15 24 39 26 44 20 8 6 60 57 36 22 21 65 16 4 35 64 44 45 12 48 45 2 19 37 20 11 33 65 38 31 2 67 58 10 40 52 66 0 63 28 6 14 35 29 27 2 59 46 60 53 53 12 56 30 50 3 51 67 0 3 27 21
run=16 seed=15 k=68 f=0
67 61 32 59 52 65 30 43 11 24 37 36 6 60 54 24 11 60 43 20 49 40 37 17 59 33 27 11 11 40 41 0 26 18 61 18 16 35 61 0 67 10 8 14 67 62 21 28 24 67 49 3 53 18 48 56 36 45 66 4 1 47 42 26 2 0 46 30 29 1
run=17 seed=16 k=68 f=0
50 53 33 0 15 37 19 14 20 60 55 61 54 6 44 26 0 9 65 30 0 43 1 30 17 65 56 28 47 14 15 35 65 2 28 10 13 48 63 36 25 8 29 67 56 2 25 29 31 39 38 62 49 47 57 7 58 22 67 48 23 3 60 18 23 53 37 34 16 67
run=18 seed=17 k=68 f=0
44 21 43 18 31 5 19 59 55 35 9 35 39 40 30 38 4 37 16 37 30 12 13 56 47 55 0 66 14 9 23 4 51 52 65 51 59 12 42 13 66 21 0 28 63 24 6 43 43 28 30 31 15 51 21 35 42 4 61 0 62 27 1 67 30 65 57 10 46 39
run=19 seed=18 k=68 f=0
46 3 50 4 58 10 53 32 57 4 53 61 42 39 66 49 22 2 42 67 32 57 47 27 28 66 66 37 30 36 60 9 7 25 24 20 14 44 62 54 18 1 55 60 19 1 9 1 8 41 52 12 55 66 16 67 35 32 45 67 29 37 14 34 1 39 42 11 17 13
run=20 seed=19 k=68 f=0
51 0 37 2 27 67 9 47 0 20 63 23 65 26 2 64 30 58 7 48 23 56 47 54 2 19 30 38 57 20 41 33 18 12 49 46 10 40 57 59 63 40 2 17 52 41 5 44 54 38 11 67 7 58 24 7 67 32 4 28 67 16 59 48 29 33 34 37 13 42
