run=1 seed=0 k=63 f=0
1 25 9 61 25 52 10 30 41 10 21 39 7 25 41 50 42 55 16 5 59 35 33 51 21 17 29 52 45 19 5 0 24 12 59 10 61 21 58 16 56 45 1 28 41 47 41 16 2 62 38 19 29 7 46 7 33 32 29 30 49 5 32 34 40 62 61 56 13 1
run=2 seed=1 k=63 f=0
1 25 9 61 25 52 10 30 41 10 21 39 7 25 41 50 42 55 16 5 59 35 33 51 21 17 29 52 45 19 5 0 24 12 59 10 61 21 58 16 56 45 1 28 41 47 41 16 2 62 38 19 29 7 46 7 33 32 29 30 49 5 32 34 40 62 61 56 13 1
run=3 seed=2 k=63 f=0
40 9 26 17 51 5 27 42 16 30 37 0 54 35 26 2 61 45 33 19 61 23 44 42 48 3 26 16 45 58 17 42 35 57 59 33 22 18 12 62 50 28 27 62 18 7 42 57 39 53 9 7 25 9 36 49 20 47 5 59 17 38 36 10 0 30 52 8 52 1
run=4 seed=3 k=63 f=0
57 53 30 33 43 47 57 23 1 40 1 1 17 37 2 18 8 0 58 22 61 27 13 48 62 50 23 26 28 58 56 4 34 59 33 40 20 9 51 44 13 11 29 55 32 52 3 25 34 62 0 49 25 24 18 34 51 10 47 9 15 46 11 38 40 62 13 24 37 8
run=5 seed=4 k=63 f=0
33 61 55 26 7 58 42 6 10 2 26 0 58 8 19 24 4 62 59 48 32 52 6 36 9 27 54 51 51 10 18 43 28 46 52 7 62 29 18 44 31 0 12 7 0 14 2 22 34 55 42 62 46 18 0 36 36 5 58 36 16 47 54 38 54 48 33 18 11 1
run=6 seed=5 k=63 f=0
43 35 46 19 14 20 17 14 54 35 0 26 39 0 50 41 21 62 24 45 26 61 18 61 15 30 4 23 23 28 54 3 4 50 0 19 11 27 34 60 14 35 8 55 57 20 36 10 3 12 43 36 45 49 40 2 59 32 54 31 54 49 34 0 58 45 6 6 11 51
run=7 seed=6 k=63 f=0
0 35 7 32 25 60 46 43 51 44 62 29 49 26 31 46 22 48 39 34 21 59 61 43 33 62 21 55 51 9 10 29 20 55 6 7 60 17 0 13 1 53 37 42 3 5 60 25 54 0 61 7 42 61 4 10 17 39 2 24 15 14 16 29 27 34 36 59 12 51
run=8 seed=7 k=63 f=0
61 33 59 22 30 52 15 46 13 7 5 10 13 48 26 61 37 49 45 57 13 0 55 56 28 13 37 41 31 46 7 26 3 23 0 42 18 10 16 34 16 19 40 31 4 44 24 40 2 56 62 23 28 9 62 3 54 53 36 37 20 15 27 0 31 21 54 49 48 5
run=9 seed=8 k=63 f=0
55 45 32 12 30 55 6 49 42 47 22 20 62 2 24 62 23 9 43 5 13 25 55 4 23 38 61 4 34 29 44 0 35 41 11 5 28 62 12 13 52 38 27 48 35 1 25 14 60 51 19 21 14 22 18 6 52 43 48 10 31 52 62 0 33 31 61 1 57 38
run=10 seed=9 k=63 f=0
58 44 38 58 2 35 5 56 47 13 8 34 62 14 1 21 46 9 36 47 2 11 49 35 30 19 7 33 0 16 35 53 18 22 58 62 25 49 31 8 27 17 40 17 59 40 45 62 12 54 42 43 0 28 61 0 46 51 61 40 27 49 27 32 15 10 52 4 33 49
run=11 seed=10 k=63 f=0
52 49 47 0 21 10 5 4 44 61 40 29 0 54 59 62 32 7 50 3 27 10 52 20 7 22 43 28 31 30 0 43 15 46 61 36 45 18 31 8 62 35 37 0 30 36 58 61 54 43 7 21 13 0 27 52 9 23 17 54 1 16 20 58 62 35 44 41 54 57
run=12 seed=11 k=63 f=0
0 23 24 35 55 7 22 18 32 46 49 4 61 32 26 17 7 0 46 6 43 0 46 49 39 58 9 33 49 18 41 35 39 27 21 62 21 40 34 53 25 28 62 32 60 45 54 15 15 48 56 4 30 2 53 47 11 11 20 9 39 52 59 17 2 24 42 30 57 1
run=13 seed=12 k=63 f=0
16 39 49 46 35 51 60 19 58 0 34 7 20 57 58 54 53 37 0 58 28 62 9 28 60 17 62 50 15 17 30 7 38 45 49 14 62 30 0 29 0 39 13 18 13 53 23 0 34 0 9 44 44 24 4 40 15 2 20 30 24 21 34 60 62 24 9 40 47 36
run=14 seed=13 k=63 f=0
50 39 0 58 61 1 36 8 17 10 56 46 54 9 0 13 18 26 20 12 47 61 43 20 24 42 39 22 23 10 30 4 30 15 11 21 36 60 33 61 50 41 46 20 41 5 40 57 11 33 1 56 57 28 37 28 49 15 24 33 1 0 37 7 22 48 12 58 33 31
run=15 seed=14 k=63 f=0
20 56 36 18 16 2 38 16 45 0 27 16 30 55 14 0 40 17 57 0 48 31 60 0 35 52 8 40 14 57 3 20 5 33 1 7 27 24 50 54 24 11 58 52 26 36 14 20 62 0 47 5 31 44 44 38 31 45 60 46 23 61 13 8 6 60 52 15 38 36
run=16 seed=15 k=63 f=0
0 33 53 12 53 49 58 23 37 55 3 25 11 61 56 62 35 46 8 28 20 43 18 61 41 2 40 23 34 3 9 0 29 39 29 5 62 0 53 38 49 48 59 35 24 17 31 58 42 12 21 4 59 39 28 8 16 47 58 13 51 50 0 19 13 17 44 4 11 32
run=17 seed=16 k=63 f=0
38 60 60 42 30 11 60 5 42 53 0 49 47 24 11 54 54 17 3 48 32 6 54 24 62 9 6 23 53 54 37 43 62 47 20 14 57 62 20 4 62 12 38 43 12 20 28 3 0 34 15 31 43 62 0 32 51 29 57 25 22 35 62 27 54 22 19 46 23 33
run=18 seed=17 k=63 f=0
7 22 0 52 12 14 19 27 43 31 53 52 50 48 33 34 8 54 0 42 62 10 45 41 14 17 31 56 6 62 60 49 22 20 59 42 44 47 10 15 12 5 4 62 56 2 38 0 27 0 22 37 37 26 38 56 39 61 31 26 59 5 10 29 61 35 60 40 17 1
run=19 seed=18 k=63 f=0
62 17 46 18 24 39 1 33 47 7 44 7 53 5 39 10 43 22 3 35 62 53 59 31 47 14 59 28 51 49 32 40 12 61 61 45 33 0 13 19 39 15 48 54 18 0 35 61 62 1 25 39 53 32 9 20 49 46 5 36 31 58 13 36 54 5 59 26 27 9
run=20 seed=19 k=63 f=0
38 62 16 30 31 13 62 28 5 13 43 50 31 57 57 0 23 30 62 22 54 18 25 0 22 46 21 47 2 42 40 27 9 49 2 41 61 2 8 1 49 48 38 62 37 44 25 26 15 56 12 23 35 15 19 54 39 23 35 58 1 8 36 10 60 43 49 49 5 56
