run=1 seed=0 k=59 f=0
58 53 17 37 58 0 43 34 23 32 13 37 26 53 7 35 40 33 47 47 0 27 16 0 52 1 16 48 21 55 7 16 38 56 40 44 23 26 4 0 26 23 17 41 22 45 37 15 29 21 46 9 58 9 8 49 31 14 38 3 10 12 4 47 43 58 0 43 58 8
run=2 seed=1 k=59 f=0
58 53 17 37 58 0 43 34 23 32 13 37 26 53 7 35 40 33 47 47 0 27 16 0 52 1 16 48 21 55 7 16 38 56 40 44 23 26 4 0 26 23 17 41 22 45 37 15 29 21 46 9 58 9 8 49 31 14 38 3 10 12 4 47 43 58 0 43 58 8
run=3 seed=2 k=59 f=0
27 19 27 48 17 37 4 57 49 57 0 2 10 33 34 31 21 32 48 43 50 7 28 37 41 46 5 2 24 15 0 58 57 25 55 43 13 7 33 50 43 26 42 52 0 22 41 12 28 12 56 55 37 5 16 0 37 41 34 23 53 52 28 58 48 22 13 12 14 24
run=4 seed=3 k=59 f=0
17 52 40 35 16 46 41 35 2 31 39 0 13 54 37 2 46 53 44 49 13 32 43 3 38 37 17 0 2 26 22 21 25 0 56 43 41 22 16 54 8 28 41 4 58 32 13 11 26 18 42 10 58 36 12 55 8 6 5 11 9 26 35 30 7 28 25 50 58 55
run=5 seed=4 k=59 f=0
2 22 11 37 44 37 12 44 58 18 0 31 35 0 57 55 8 30 30 46 32 3 28 53 37 49 10 11 19 26 27 40 48 14 0 46 53 23 33 41 58 22 4 50 17 7 26 20 16 0 44 49 37 9 58 9 52 22 58 8 56 26 33 42 53 0 33 48 14 2
run=6 seed=5 k=59 f=0
37 2 1 37 56 24 26 43 35 45 21 8 33 42 9 42 4 48 31 40 33 15 27 16 1 26 8 16 31 46 13 24 50 0 47 51 55 57 14 23 56 3 37 42 9 42 38 16 17 58 22 48 35 17 10 50 38 0 49 20 43 58 44 19 28 3 57 35 58 0
run=7 seed=6 k=59 f=0
5 37 51 22 17 58 57 7 13 47 55 0 16 13 48 43 9 22 32 42 16 7 22 43 9 40 4 28 43 56 57 52 37 52 58 23 43 42 36 55 49 25 30 35 0 10 20 45 16 49 37 6 28 5 13 0 39 23 33 28 58 18 31 2 21 25 30 54 0 13
run=8 seed=7 k=59 f=0
24 50 34 45 50 21 25 43 57 0 6 0 1 3 51 44 48 0 22 38 24 34 38 11 55 57 19 43 46 28 26 14 19 54 58 7 36 10 16 11 39 0 26 58 3 46 21 47 23 31 58 36 12 37 37 3 8 58 47 27 40 18 8 18 32 30 16 36 56 2
run=9 seed=8 k=59 f=0
12 6 57 18 19 49 50 16 0 34 58 53 17 54 53 0 48 22 29 5 52 33 22 29 16 58 38 41 19 55 5 44 7 32 48 18 22 56 45 0 24 37 4 28 8 46 33 34 11 0 47 27 37 58 41 9 4 33 22 39 27 58 58 13 25 22 11 25 13 3
run=10 seed=9 k=59 f=0
34 44 31 29 25 14 51 55 2 52 14 38 0 55 9 33 41 8 41 30 2 11 47 18 27 17 37 16 7 57 25 58 29 48 34 23 4 37 20 44 13 20 0 43 19 23 54 22 10 31 1 33 0 51 24 30 0 58 47 48 52 0 41 58 6 50 21 10 38 46
run=11 seed=10 k=59 f=0
7 6 38 9 47 58 49 52 21 30 37 34 11 6 20 57 31 2 15 25 43 18 55 17 37 40 1 46 42 45 21 32 1 10 56 50 16 26 19 58 56 10 46 51 1 50 28 31 0 58 36 33 10 39 35 5 26 41 54 11 24 23 47 18 0 41 15 46 1 27
run=12 seed=11 k=59 f=0
58 21 23 56 53 49 53 15 25 6 51 31 43 55 23 34 3 19 24 37 13 47 2 19 17 48 45 13 20 31 38 58 53 26 33 5 47 8 0 37 12 19 44 1 9 16 34 11 41 12 0 34 25 0 55 38 11 5 4 42 57 0 42 36 33 58 42 55 27 7
run=13 seed=12 k=59 f=0
31 8 12 1 54 0 42 6 30 14 0 36 10 45 37 58 10 3 0 21 34 25 17 56 49 51 38 56 35 29 0 42 46 13 45 47 51 58 51 4 20 5 23 28 12 26 33 8 58 30 11 53 42 30 46 18 17 17 55 4 17 20 49 37 34 39 27 35 13 47
run=14 seed=13 k=59 f=0
6 56 17 49 23 58 43 33 2 46 22 44 10 54 0 47 58 7 37 50 31 6 31 35 57 19 8 23 0 58 13 18 48 0 2 23 18 51 8 30 44 11 15 45 0 38 34 30 4 50 29 35 33 53 28 22 44 56 0 13 12 33 18 39 42 39 20 23 40 22
run=15 seed=14 k=59 f=0
16 26 27 0 49 18 25 46 0 26 50 58 57 55 42 45 30 23 4 21 6 53 27 8 11 39 18 51 1 28 13 14 21 36 11 36 38 58 25 4 36 58 0 41 29 47 7 10 0 8 48 34 52 38 12 31 23 29 42 20 17 0 37 47 7 52 16 51 33 56
run=16 seed=15 k=59 f=0
34 28 16 34 18 28 17 41 36 17 16 43 0 58 28 34 25 42 42 58 10 19 10 44 46 7 52 5 36 18 47 0 39 58 31 58 10 49 32 50 29 24 12 6 13 58 34 11 35 51 10 7 16 57 21 0 6 19 49 5 0 24 22 33 5 56 55 58 39 1
run=17 seed=16 k=59 f=0
3 37 40 31 39 29 28 35 15 15 57 43 32 50 13 20 9 58 29 48 3 54 50 20 56 46 54 23 37 44 23 43 41 51 17 13 28 42 12 58 1 24 6 11 0 8 48 58 53 27 14 16 18 7 19 1 50 49 16 8 0 33 25 34 24 48 54 46 32 7
run=18 seed=17 k=59 f=0
1 21 16 36 34 39 16 3 48 14 16 43 44 20 55 15 46 0 0 25 46 30 20 58 5 25 26 39 37 2 6 38 33 44 25 8 51 28 51 26 42 11 19 49 24 8 27 23 2 15 13 50 36 53 9 56 44 17 2 57 53 48 6 58 35 14 7 37 58 49
run=19 seed=18 k=59 f=0
1 19 7 58 25 0 7 13 19 52 17 43 38 1 58 31 14 28 51 8 39 0 6 44 15 40 27 45 17 0 55 13 13 21 16 50 8 37 44 32 36 45 7 17 43 52 49 11 58 3 9 52 23 3 58 30 36 21 26 58 33 5 41 47 53 49 26 25 58 16
run=20 seed=19 k=59 f=0
51 40 0 10 18 19 22 6 1 26 38 23 0 12 20 8 27 48 52 8 15 31 27 48 33 18 2 39 55 57 45 23 10 30 2 49 5 56 50 32 22 58 0 26 41 45 46 53 11 58 34 3 36 33 39 45 45 58 48 0 3 58 28 9 23 35 33 19 0 27
