run=1 seed=0 k=51 f=0
8 45 20 49 32 36 43 22 8 6 0 16 20 50 33 50 45 16 14 17 49 50 36 50 2 0 29 4 39 30 17 43 0 4 20 43 37 10 33 0 6 8 32 29 25 35 14 22 46 12 4 39 9 27 14 38 28 18 8 50
run=2 seed=1 k=51 f=0
8 45 20 49 32 36 43 22 8 6 0 16 20 50 33 50 45 16 14 17 49 50 36 50 2 0 29 4 39 30 17 43 0 4 20 43 37 10 33 0 6 8 32 29 25 35 14 22 46 12 4 39 9 27 14 38 28 18 8 50
run=3 seed=2 k=51 f=0
23 4 9 40 19 41 34 15 20 36 1 9 1 2 47 45 35 6 29 45 32 43 11 16 27 28 7 24 24 29 45 31 0 24 14 9 11 28 45 44 37 38 29 34 37 50 7 50 19 17 15 29 13 0 48 18 41 0 21 50
run=4 seed=3 k=51 f=0
22 42 5 23 45 34 40 36 50 1 13 50 6 35 37 15 18 44 28 18 0 48 2 15 32 14 29 4 22 27 23 6 50 9 10 41 25 47 11 48 19 0 1 7 31 0 19 0 33 46 41 25 10 31 16 34 16 45 39 31
run=5 seed=4 k=51 f=0
34 33 50 15 13 9 9 50 41 41 28 33 1 50 22 12 49 47 15 23 20 18 33 27 0 35 34 19 0 5 50 8 0 45 35 50 46 37 6 16 37 13 15 20 42 0 34 41 16 3 11 4 0 27 29 26 28 24 42 45
run=6 seed=5 k=51 f=0
7 25 21 0 14 14 6 2 46 2 41 5 3 23 49 21 46 44 42 35 32 34 2 28 30 12 22 0 28 22 50 10 50 50 39 21 50 37 32 7 4 50 16 36 35 27 14 0 14 32 48 30 9 40 47 43 22 12 17 18
run=7 seed=6 k=51 f=0
8 47 10 49 23 20 42 0 38 13 44 3 26 32 26 34 29 44 14 7 9 50 50 34 21 0 31 10 29 34 1 18 0 5 38 41 36 44 23 20 6 20 29 27 36 29 14 50 15 35 50 49 17 21 5 24 2 13 1 12
run=8 seed=7 k=51 f=0
35 20 0 9 11 14 18 7 22 19 16 10 46 1 16 30 22 6 8 48 11 0 14 42 0 46 39 3 31 36 47 30 0 50 30 50 30 38 17 7 32 23 8 21 37 41 26 28 23 25 19 40 28 33 50 14 3 50 45 50
run=9 seed=8 k=51 f=0
14 40 25 7 30 21 0 4 18 39 30 50 35 50 37 36 32 6 8 10 29 11 0 35 50 46 37 16 39 45 50 48 0 50 23 42 16 7 24 45 17 17 19 28 1 40 22 50 25 15 0 3 25 32 11 34 44 17 11 7
run=10 seed=9 k=51 f=0
43 11 50 36 14 22 42 38 11 23 15 9 28 43 5 24 38 7 10 24 20 49 47 36 0 23 6 27 50 24 46 48 0 19 49 29 47 10 19 17 41 0 2 15 20 29 7 50 37 14 43 32 39 0 0 35 1 12 6 34
run=11 seed=10 k=51 f=0
14 41 27 46 1 21 22 26 17 50 35 31 36 12 39 24 19 7 8 40 42 50 39 35 1 9 12 49 9 18 17 49 0 13 29 28 48 16 39 4 17 0 2 43 9 3 41 50 0 0 20 41 24 34 35 30 27 31 47 50
run=12 seed=11 k=51 f=0
34 0 13 50 50 16 18 48 22 17 4 45 34 7 36 42 10 6 28 42 28 11 17 0 1 4 32 20 11 40 32 13 50 0 1 9 0 48 19 30 45 22 24 23 9 34 26 41 9 27 2 40 39 42 26 50 20 27 46 30
run=13 seed=12 k=51 f=0
23 0 0 9 40 30 26 11 41 0 36 5 50 18 30 47 50 6 42 1 4 43 38 16 16 20 29 44 28 21 24 19 50 16 10 9 43 0 33 24 22 50 50 37 13 50 2 0 30 47 37 33 35 35 50 31 18 29 5 17
run=14 seed=13 k=51 f=0
38 17 14 4 22 50 19 15 23 49 6 11 35 39 50 15 12 6 44 1 20 38 27 16 0 36 35 50 36 50 41 47 0 10 5 9 28 10 20 44 27 28 47 24 28 31 0 31 45 27 24 30 0 45 13 23 0 50 35 0
run=15 seed=14 k=51 f=0
43 49 38 50 28 9 33 48 11 36 30 14 5 6 28 12 41 30 15 41 50 6 26 36 50 17 19 32 44 37 8 1 0 43 22 27 22 30 6 49 44 0 38 20 0 23 15 50 14 8 34 13 19 0 45 25 43 1 8 23
run=16 seed=15 k=51 f=0
43 0 22 0 45 11 27 33 38 7 22 0 0 26 13 19 26 26 5 27 28 1 40 36 50 44 47 12 39 13 43 15 20 18 1 29 17 35 14 49 45 50 50 0 24 50 42 50 8 35 19 37 37 8 17 31 45 10 15 9
run=17 seed=16 k=51 f=0
26 6 24 43 0 19 10 45 6 8 12 34 11 35 36 18 0 44 13 50 40 0 10 0 49 0 24 21 50 29 31 33 50 50 50 41 4 36 4 41 27 19 45 8 39 19 38 33 19 16 23 15 16 31 26 15 27 37 32 8
run=18 seed=17 k=51 f=0
15 4 38 50 46 36 44 40 31 15 24 18 1 6 20 21 4 9 8 2 23 33 30 50 46 2 50 50 44 50 25 17 0 16 22 43 29 47 33 42 26 7 39 29 16 8 0 22 18 11 12 31 31 25 37 11 38 38 11 29
run=19 seed=18 k=51 f=0
7 14 44 8 45 35 50 10 20 19 48 43 8 29 17 33 29 14 13 40 19 23 46 21 19 35 26 25 31 1 47 2 50 15 50 28 40 27 38 40 45 16 41 42 35 30 39 0 48 26 23 12 5 0 0 31 0 11 2 5
run=20 seed=19 k=51 f=0
12 46 48 0 29 0 23 27 8 37 0 10 17 13 19 3 12 44 6 34 23 6 47 34 18 29 47 38 50 15 14 16 50 34 21 41 44 36 30 4 14 39 0 26 23 42 50 19 27 39 41 50 8 14 0 29 5 39 32 19
