run=1 seed=0 k=60 f=0
59 46 41 0 53 14 47 13 8 1 23 18 50 19 54 46 0 24 20 59 11 4 27 0 37 14 2 11 46 55 0 42 38 18 29 29 25 16 52 57 9 33 14 7 59 30 38 47 35 24 39 46 31 59 37 27 2 10 16 1
run=2 seed=1 k=60 f=0
59 46 41 0 53 14 47 13 8 1 23 18 50 19 54 46 0 24 20 59 11 4 27 0 37 14 2 11 46 55 0 42 38 18 29 29 25 16 52 57 9 33 14 7 59 30 38 47 35 24 39 46 31 59 37 27 2 10 16 1
run=3 seed=2 k=60 f=0
0 19 8 36 12 16 24 59 28 33 22 16 9 53 17 13 1 59 22 50 2 32 29 35 55 46 34 54 36 3 30 6 44 42 41 9 49 57 59 15 2 47 48 27 38 15 51 53 39 55 44 25 5 0 0 12 29 43 8 7
run=4 seed=3 k=60 f=0
32 25 17 2 45 40 10 14 25 0 0 19 29 19 37 21 24 55 1 59 0 48 58 25 44 47 9 17 28 58 34 34 16 33 31 59 55 38 10 48 34 8 52 6 59 41 21 49 2 28 59 57 4 57 10 1 18 14 36 47
run=5 seed=4 k=60 f=0
30 23 38 27 56 15 45 11 16 17 47 54 41 36 1 56 22 24 21 32 17 31 48 37 5 52 40 7 34 40 59 57 4 56 51 51 34 4 10 42 43 25 36 44 44 0 22 59 14 19 27 29 13 8 1 49 51 35 14 6
run=6 seed=5 k=60 f=0
59 5 30 43 59 51 37 9 53 1 32 4 41 18 3 30 2 6 20 26 14 25 39 28 51 20 43 13 26 43 22 17 12 49 42 0 8 51 32 26 46 17 53 44 30 0 58 37 1 56 59 8 42 12 48 33 25 23 59 49
run=7 seed=6 k=60 f=0
21 16 52 5 13 7 47 3 43 43 49 43 45 23 23 56 0 15 14 10 3 10 40 42 29 14 18 45 17 26 4 30 32 18 36 49 36 14 38 59 27 58 34 0 57 58 39 58 0 40 54 50 24 29 0 53 24 18 13 0
run=8 seed=7 k=60 f=0
59 39 59 31 35 9 54 58 21 13 10 1 31 56 24 36 58 52 51 52 44 23 17 43 49 4 1 15 24 50 0 34 27 37 6 36 38 22 13 32 2 40 29 0 48 45 0 18 5 42 16 41 6 15 25 7 57 26 0 54
run=9 seed=8 k=60 f=0
16 24 45 12 0 9 21 41 59 33 23 15 16 47 56 49 0 58 44 17 45 14 57 23 24 0 9 15 55 1 33 0 52 6 41 0 39 55 58 28 36 31 45 39 8 30 49 32 29 27 8 55 59 38 20 59 1 34 9 46
run=10 seed=9 k=60 f=0
56 14 25 5 59 17 20 9 52 32 18 43 58 49 58 35 29 10 11 35 45 38 19 40 59 14 24 25 3 49 40 44 3 57 43 47 13 23 36 4 27 57 28 24 3 30 0 31 49 37 15 13 51 46 19 7 1 9 53 31
run=11 seed=10 k=60 f=0
55 29 40 59 12 18 35 31 47 57 58 53 17 2 50 40 0 49 12 13 8 45 55 0 22 8 52 8 11 6 57 23 27 53 20 45 45 55 21 29 52 19 48 7 0 1 16 37 0 17 38 48 17 25 41 23 33 33 7 2
run=12 seed=11 k=60 f=0
27 14 57 6 3 51 0 57 26 43 17 48 9 14 39 5 1 44 45 9 3 7 14 1 38 15 52 38 8 28 0 0 19 21 52 36 18 45 5 9 28 38 34 58 48 40 48 10 33 49 55 23 27 32 32 54 59 22 32 23
run=13 seed=12 k=60 f=0
51 14 14 59 43 16 30 2 35 24 58 9 0 14 26 31 47 1 0 7 22 13 0 34 18 49 26 26 42 26 1 50 59 53 58 9 10 39 30 19 39 51 49 41 56 21 44 25 24 40 56 33 36 7 5 35 48 56 27 21
run=14 seed=13 k=60 f=0
32 20 39 16 35 1 31 35 27 11 59 19 22 54 1 41 57 22 7 54 34 14 49 58 19 48 9 9 51 5 51 45 40 22 17 19 2 49 54 1 35 41 0 12 42 0 49 49 32 58 3 41 57 8 26 37 12 8 35 10
run=15 seed=14 k=60 f=0
43 32 0 42 0 8 49 44 11 46 19 4 29 30 56 5 16 26 25 49 20 13 39 17 29 18 37 4 38 32 20 58 35 59 23 0 3 16 13 35 6 59 1 58 53 26 3 51 45 8 11 59 10 34 15 41 57 47 54 50
run=16 seed=15 k=60 f=0
50 30 58 32 56 38 39 59 43 28 47 15 44 44 10 45 54 7 44 52 10 9 33 23 15 1 35 21 40 29 5 25 13 54 0 59 58 35 27 16 5 53 16 31 49 16 0 1 14 48 57 35 38 24 12 45 24 24 6 4
run=17 seed=16 k=60 f=0
33 3 33 52 39 0 7 37 3 5 9 5 59 51 45 2 32 46 39 59 47 46 21 14 38 13 17 52 41 0 31 45 25 17 58 7 41 28 19 44 48 28 49 59 12 28 59 52 0 22 32 13 21 40 27 23 12 47 7 55
run=18 seed=17 k=60 f=0
50 37 51 31 19 59 25 50 14 48 59 45 59 36 39 2 6 40 42 3 7 18 33 9 43 5 24 10 21 36 0 35 0 0 30 26 35 1 14 15 52 12 6 19 47 42 9 34 11 18 30 55 24 58 4 29 49 24 50 0
run=19 seed=18 k=60 f=0
58 50 55 11 16 12 17 13 29 59 34 1 50 36 22 23 59 43 0 43 24 59 11 21 48 44 19 21 54 41 4 53 31 49 52 40 2 59 25 25 9 28 27 5 39 3 25 49 12 0 32 1 10 35 46 32 37 40 33 18
run=20 seed=19 k=60 f=0
28 53 4 19 39 15 25 45 59 4 22 40 56 21 43 43 46 22 21 28 47 56 35 44 58 31 38 2 5 29 43 1 54 0 57 8 26 38 48 28 59 16 31 0 17 12 37 35 2 56 21 11 8 48 49 20 11 23 17 52
