run=1 seed=0 k=58 f=0
41 38 5 25 17 2 0 27 52 57 40 47 42 6 57 52 30 35 33 4 7 34 43 48 10 34 34 1 10 5 27 16 11 19 50 55 0 34 5 11 25 20 54 27 48 10 56 20 51 14 57 40 9 42 32 12 22 0 20 1
run=2 seed=1 k=58 f=0
41 38 5 25 17 2 0 27 52 57 40 47 42 6 57 52 30 35 33 4 7 34 43 48 10 34 34 1 10 5 27 16 11 19 50 55 0 34 5 11 25 20 54 27 48 10 56 20 51 14 57 40 9 42 32 12 22 0 20 1
run=3 seed=2 k=58 f=0
36 3 43 28 39 56 49 33 53 27 4 11 11 16 56 14 30 30 42 44 18 42 39 19 3 2 25 14 22 16 37 15 9 8 0 27 30 1 15 11 4 51 54 48 21 21 57 0 54 13 46 49 47 36 57 30 41 21 54 39
run=4 seed=3 k=58 f=0
12 35 0 32 39 19 57 12 17 56 2 57 4 30 23 22 28 42 40 57 27 50 57 0 7 11 31 43 8 20 53 48 48 6 14 27 33 46 4 50 13 43 24 34 0 25 36 57 56 51 19 4 16 43 22 29 14 41 36 28
run=5 seed=4 k=58 f=0
29 3 4 22 11 36 39 25 30 29 42 19 6 0 37 34 10 3 23 57 0 32 45 45 57 56 14 47 0 5 27 3 57 0 35 0 26 18 50 54 39 53 20 18 54 49 18 10 52 46 31 17 36 11 42 57 38 1 28 10
run=6 seed=5 k=58 f=0
40 55 27 38 48 57 32 40 57 35 30 34 37 12 0 45 42 23 24 35 2 54 35 1 55 13 49 19 44 1 46 11 48 46 29 15 28 15 54 4 7 19 27 8 10 22 14 33 53 51 25 55 40 5 0 37 45 16 24 5
run=7 seed=6 k=58 f=0
57 53 6 22 14 41 0 46 41 31 2 30 35 5 44 8 34 22 28 28 13 21 41 50 27 57 54 19 21 57 7 19 10 51 57 19 56 46 38 23 45 8 14 33 41 11 37 0 5 14 1 40 24 30 48 44 22 1 51 42
run=8 seed=7 k=58 f=0
46 13 43 34 31 53 48 0 26 17 56 13 21 45 52 6 28 28 22 44 6 23 16 38 49 20 31 57 22 32 27 9 0 7 2 31 13 42 57 12 45 43 33 17 39 15 40 9 0 0 29 52 48 57 8 2 53 57 38 4
run=9 seed=8 k=58 f=0
44 48 15 43 57 51 20 56 25 23 45 24 57 1 57 38 2 30 57 51 15 27 47 36 10 1 30 13 35 16 23 8 23 11 51 8 5 21 29 30 17 8 56 15 5 34 2 0 35 30 6 42 40 52 35 42 47 24 17 49
run=10 seed=9 k=58 f=0
45 31 43 34 0 53 21 2 51 28 24 9 55 12 23 37 11 6 9 37 19 39 29 38 57 4 46 15 47 17 56 16 22 47 51 31 44 12 57 33 42 55 42 14 48 10 30 0 1 14 35 20 21 57 38 0 31 2 46 28
run=11 seed=10 k=58 f=0
39 36 33 42 4 23 48 10 15 55 46 39 28 16 21 44 47 53 5 36 4 40 19 32 10 0 20 11 24 0 2 1 13 5 39 56 49 41 28 8 40 56 27 0 57 23 31 46 2 11 13 24 45 57 30 52 17 31 54 6
run=12 seed=11 k=58 f=0
47 56 10 1 21 9 35 31 39 40 18 0 0 12 51 24 29 16 15 47 47 2 10 0 39 27 26 25 49 41 35 8 23 23 46 32 54 37 4 17 53 25 10 57 1 53 12 40 9 18 41 57 48 45 32 48 23 50 0 14
run=13 seed=12 k=58 f=0
47 26 21 49 13 26 1 19 6 48 45 5 29 22 56 6 9 41 40 56 38 12 32 1 18 12 13 54 14 38 10 26 55 25 29 9 44 7 29 39 48 28 37 33 2 33 57 17 16 30 21 0 43 41 35 47 54 56 50 51
run=14 seed=13 k=58 f=0
26 16 54 23 40 56 15 11 6 7 1 57 34 49 43 57 37 33 32 56 25 22 6 19 15 34 21 51 28 35 7 46 41 30 26 12 5 16 53 2 24 17 43 49 29 40 51 4 56 9 20 15 1 0 57 57 42 46 21 6
run=15 seed=14 k=58 f=0
19 6 0 31 52 46 20 27 13 36 17 21 12 8 18 33 2 57 12 47 45 11 53 37 42 52 6 20 56 35 32 38 27 48 28 53 29 20 43 43 20 46 52 7 46 57 2 0 39 9 49 15 14 39 0 42 53 12 22 4
run=16 seed=15 k=58 f=0
15 36 55 28 56 3 16 33 20 34 7 36 39 2 0 0 42 30 9 1 54 57 18 57 54 9 28 1 46 41 19 54 48 2 51 33 6 48 0 22 17 0 52 40 46 47 24 24 57 44 22 13 13 36 26 9 26 32 4 14
run=17 seed=16 k=58 f=0
49 9 11 45 45 7 39 43 0 55 24 48 27 1 37 56 53 38 43 19 21 6 35 32 1 55 38 57 1 56 19 9 57 51 26 0 35 11 28 17 19 34 34 15 28 31 15 23 48 3 42 39 51 22 13 45 0 43 9 16
run=18 seed=17 k=58 f=0
33 0 52 0 49 26 57 36 45 41 27 45 45 20 42 50 44 4 48 4 20 50 26 40 7 17 50 33 4 20 46 19 11 41 10 0 13 2 23 0 30 57 20 19 14 12 4 57 53 8 12 27 39 25 4 10 30 36 16 32
run=19 seed=18 k=58 f=0
32 38 16 26 6 39 10 14 51 31 27 33 32 46 56 2 30 54 26 38 42 21 37 3 18 4 55 16 52 38 54 3 18 0 40 57 10 51 42 2 13 4 46 10 0 43 56 48 2 46 8 56 11 34 21 29 23 55 47 17
run=20 seed=19 k=58 f=0
27 2 42 52 27 19 10 41 6 12 18 22 55 1 13 48 8 4 33 34 41 48 1 45 23 32 46 35 51 57 11 55 10 36 47 1 24 16 49 31 22 34 42 38 50 27 2 55 47 0 1 21 20 19 57 20 6 41 52 9
