run=1 seed=0 k=53 f=0
6 2 22 48 32 27 7 12 3 1 42 15 17 14 35 34 28 42 0 24 36 0 42 52 52 13 49 47 36 22 37 35 36 17 8 45 52 40 30 36 20 48 12 20 19 29 52 13 7 0 45 52 52 40 41 30 25 15 1 5
run=2 seed=1 k=53 f=0
6 2 22 48 32 27 7 12 3 1 42 15 17 14 35 34 28 42 0 24 36 0 42 52 52 13 49 47 36 22 37 35 36 17 8 45 52 40 30 36 20 48 12 20 19 29 52 13 7 0 45 52 52 40 41 30 25 15 1 5
run=3 seed=2 k=53 f=0
34 39 27 44 35 27 38 16 34 23 41 13 33 13 18 26 22 12 40 51 46 30 36 2 15 5 9 15 22 8 24 23 18 22 30 9 22 42 24 0 31 0 0 45 6 0 51 52 15 52 7 41 30 13 51 45 2 6 50 36
run=4 seed=3 k=53 f=0
52 50 44 7 45 30 22 18 31 21 36 21 48 30 0 13 31 37 36 0 19 43 22 7 1 16 8 11 49 26 24 46 44 1 38 0 12 4 27 16 50 8 18 23 36 52 11 16 36 28 10 51 0 37 5 33 28 44 9 0
run=5 seed=4 k=53 f=0
7 15 5 14 18 14 41 37 32 50 27 0 19 29 21 34 16 1 0 0 50 8 4 28 52 47 16 5 52 45 52 44 52 0 23 35 30 44 17 8 10 13 23 21 44 52 18 43 2 35 29 43 0 26 37 32 10 42 28 21
run=6 seed=5 k=53 f=0
0 18 26 44 15 13 21 47 15 50 19 5 42 35 51 49 52 6 7 4 22 10 24 37 12 9 52 49 43 0 29 26 28 52 20 44 3 11 16 3 33 26 3 20 9 37 29 52 24 34 34 43 37 1 26 41 52 42 35 52
run=7 seed=6 k=53 f=0
45 36 49 13 25 22 7 25 3 33 46 5 20 12 38 50 42 37 39 31 14 0 17 52 5 23 9 8 29 12 50 18 31 19 20 0 45 33 25 50 14 38 24 15 0 39 52 8 8 0 51 1 13 31 43 42 0 28 33 18
run=8 seed=7 k=53 f=0
0 41 33 0 33 23 15 44 11 24 29 50 50 45 51 51 46 13 29 37 13 35 28 41 4 21 0 26 1 19 2 22 52 25 39 16 32 40 45 6 1 10 11 34 51 52 6 7 17 8 25 52 19 41 11 48 0 15 20 34
run=9 seed=8 k=53 f=0
31 48 15 43 51 38 37 41 33 12 14 19 33 33 51 20 37 13 15 8 19 20 28 7 52 0 0 0 51 33 32 24 23 28 46 0 42 52 41 4 32 8 23 45 8 52 1 52 21 23 6 19 40 8 25 12 0 7 13 28
run=10 seed=9 k=53 f=0
44 52 36 15 0 23 41 45 29 12 1 25 41 24 7 7 18 15 17 39 2 32 46 37 37 50 50 15 52 16 42 20 52 21 51 30 49 7 4 7 47 7 36 0 6 8 52 9 19 26 13 34 27 0 45 2 28 27 0 39
run=11 seed=10 k=53 f=0
35 35 49 29 15 14 35 45 40 28 0 26 48 0 37 11 48 45 43 6 37 28 30 0 42 9 17 20 39 8 4 32 52 13 34 7 29 5 17 23 34 16 17 21 51 21 52 28 39 18 11 9 27 1 43 41 16 3 15 4
run=12 seed=11 k=53 f=0
17 17 14 30 14 29 45 49 40 39 32 52 16 23 37 22 25 46 23 15 5 16 43 10 0 52 23 9 21 3 0 0 1 36 45 43 52 25 32 3 6 40 50 36 27 9 25 52 44 22 0 31 40 1 52 31 34 12 17 7
run=13 seed=12 k=53 f=0
52 43 52 0 50 28 7 30 45 33 0 4 22 18 9 31 35 44 46 35 14 41 52 14 0 21 20 10 35 11 33 10 37 25 25 21 39 31 31 13 6 47 14 7 22 16 50 0 3 42 45 44 0 34 5 19 50 16 6 24
run=14 seed=13 k=53 f=0
35 38 19 46 3 19 52 48 37 13 21 30 21 39 34 17 4 48 13 28 30 32 52 42 38 9 42 10 13 8 1 14 0 15 21 52 11 43 23 34 36 38 7 8 48 3 41 28 33 0 6 47 16 26 28 22 2 24 11 52
run=15 seed=14 k=53 f=0
21 25 4 19 29 14 34 24 29 8 7 50 20 20 26 27 30 35 37 1 41 17 1 45 46 51 15 0 17 38 34 49 29 0 14 52 29 52 11 48 23 30 43 7 49 43 52 0 36 40 28 36 16 11 42 6 1 38 9 0
run=16 seed=15 k=53 f=0
8 13 29 45 9 27 39 43 16 38 25 19 13 51 52 45 49 37 15 31 33 14 26 0 15 10 9 52 32 0 37 52 43 51 32 34 52 5 24 3 4 52 24 20 3 5 31 52 42 0 47 16 45 22 23 46 21 0 37 6
run=17 seed=16 k=53 f=0
32 0 10 0 18 7 40 36 31 1 0 32 0 51 43 37 42 45 13 5 45 29 3 39 51 52 50 52 48 20 37 21 51 6 24 0 27 19 45 8 30 12 20 18 9 15 51 25 39 34 14 33 28 23 40 45 52 26 18 4
run=18 seed=17 k=53 f=0
7 52 45 4 47 14 21 25 15 23 7 14 39 2 26 29 52 36 39 0 27 13 41 52 20 35 48 4 45 51 18 34 30 30 31 21 46 6 48 16 5 37 9 44 39 40 0 0 30 12 0 40 28 52 10 44 17 4 9 28
run=19 seed=18 k=53 f=0
35 31 6 17 27 52 0 15 28 9 33 43 32 49 43 44 5 7 29 42 10 40 28 17 13 52 22 1 19 4 22 8 1 10 15 10 21 46 48 24 39 27 43 24 13 47 24 43 14 25 5 34 49 34 40 52 1 52 40 52
run=20 seed=19 k=53 f=0
23 8 21 36 0 16 10 25 6 39 12 28 11 15 12 31 47 46 43 17 49 35 39 30 0 0 0 41 52 2 30 33 52 52 23 9 19 1 34 6 24 40 0 38 18 43 18 1 46 46 42 32 47 28 52 47 28 10 18 18
