run=1 seed=0 k=54 f=0
15 16 37 25 41 22 42 20 48 52 44 16 13 7 9 23 7 37 40 14 43 0 34 31 0 0 27 33 5 37 5 5 53 8 0 0 37 52 25 46 12 26 37 45 50 32 53 8 25 52 29 28 27 17 21 46 5 42 17 49
run=2 seed=1 k=54 f=0
15 16 37 25 41 22 42 20 48 52 44 16 13 7 9 23 7 37 40 14 43 0 34 31 0 0 27 33 5 37 5 5 53 8 0 0 37 52 25 46 12 26 37 45 50 32 53 8 25 52 29 28 27 17 21 46 5 42 17 49
run=3 seed=2 k=54 f=0
8 37 35 15 9 36 0 37 50 39 46 24 5 53 7 1 8 15 14 11 44 53 51 22 31 24 25 51 53 4 13 0 53 9 23 29 22 39 39 46 6 14 48 44 28 29 20 0 48 53 33 32 19 43 0 31 13 16 38 0
run=4 seed=3 k=54 f=0
42 1 41 12 51 9 46 14 50 4 26 4 30 37 5 1 24 28 48 3 43 53 40 18 31 26 19 35 46 41 20 40 0 19 44 25 1 38 14 32 40 20 40 53 10 34 7 34 11 53 53 18 29 0 24 29 20 14 5 34
run=5 seed=4 k=54 f=0
37 23 4 24 43 7 17 53 36 52 28 43 24 8 14 23 46 15 13 0 45 34 14 30 32 42 20 53 34 21 36 46 45 0 0 0 12 4 26 18 53 3 46 53 14 9 43 21 48 32 53 33 3 50 27 11 36 5 38 12
run=6 seed=5 k=54 f=0
7 53 26 0 18 24 6 47 13 49 18 0 0 0 8 19 2 1 0 23 26 25 9 38 35 38 35 45 25 11 0 3 53 53 37 31 10 45 21 15 48 53 17 45 24 32 40 14 30 48 9 27 36 19 9 34 19 26 42 42
run=7 seed=6 k=54 f=0
17 53 13 40 32 0 28 52 32 40 26 49 53 51 53 2 30 25 23 10 18 35 37 46 22 3 0 5 20 14 30 44 31 9 18 53 0 8 3 45 37 41 15 39 21 19 0 10 45 22 30 0 42 48 10 45 26 50 13 8
run=8 seed=7 k=54 f=0
46 51 24 13 17 53 44 5 39 43 28 9 49 31 36 52 1 24 9 0 11 37 18 39 7 4 19 36 20 14 27 47 1 0 53 21 5 36 35 14 50 46 17 14 0 53 22 30 17 50 31 23 41 31 7 7 27 30 36 0
run=9 seed=8 k=54 f=0
38 18 0 49 5 0 25 13 37 40 45 34 4 29 22 44 24 24 21 53 45 32 53 9 7 31 0 27 51 0 39 25 30 41 0 53 11 50 3 10 35 24 0 16 53 5 53 45 41 8 21 48 33 16 14 8 32 34 39 8
run=10 seed=9 k=54 f=0
26 8 14 53 2 19 9 51 22 14 14 7 52 31 34 32 35 40 12 46 34 44 49 46 21 43 28 29 31 25 49 7 34 18 7 53 26 42 40 26 4 39 41 7 22 0 35 0 19 3 23 52 34 28 42 1 1 2 12 48
run=11 seed=10 k=54 f=0
26 40 5 28 47 19 0 53 12 39 16 7 0 3 37 1 53 47 32 48 12 29 34 0 13 52 34 0 22 43 9 1 53 21 32 44 45 37 16 8 23 35 25 37 53 36 8 10 18 15 41 23 32 44 15 50 27 21 44 50
run=12 seed=11 k=54 f=0
0 32 15 44 53 44 20 16 24 18 2 6 38 34 6 50 30 36 38 39 32 53 3 30 23 53 52 14 21 26 50 9 8 11 40 23 24 51 48 10 1 48 44 16 3 32 40 53 15 35 28 0 21 0 26 6 6 38 45 36
run=13 seed=12 k=54 f=0
36 53 14 24 20 24 0 5 38 12 34 8 52 3 53 27 53 53 30 28 46 26 35 43 47 44 12 14 24 13 2 46 0 18 32 50 13 3 21 23 38 40 11 17 41 52 43 10 33 6 38 43 29 32 49 35 24 7 12 48
run=14 seed=13 k=54 f=0
31 23 19 28 30 24 2 33 50 53 0 19 10 0 0 48 45 16 18 42 29 53 1 53 38 9 21 6 50 9 51 8 10 45 25 46 38 49 4 34 26 41 15 0 41 14 24 38 20 53 36 11 1 36 19 31 0 12 53 29
run=15 seed=14 k=54 f=0
46 50 8 44 0 34 13 18 28 52 0 24 48 43 51 2 44 13 40 40 37 43 15 7 52 19 32 40 35 9 14 11 19 24 17 0 4 25 12 36 24 53 36 27 24 52 34 53 39 31 6 26 6 1 32 2 16 23 6 45
run=16 seed=15 k=54 f=0
7 49 0 33 32 0 5 53 14 0 0 4 2 9 41 1 53 25 53 30 35 32 45 41 31 53 22 18 34 9 29 46 31 48 24 22 20 11 37 35 8 26 14 48 6 40 18 14 29 17 21 47 41 25 53 1 42 12 6 44
run=17 seed=16 k=54 f=0
42 51 35 53 3 9 46 50 14 13 22 36 11 39 17 2 9 20 48 3 53 10 39 0 15 8 45 38 46 1 23 35 26 18 20 17 35 19 4 32 39 28 3 53 12 29 38 35 44 26 24 49 43 0 27 32 0 47 25 9
run=18 seed=17 k=54 f=0
17 43 48 17 1 24 43 20 39 38 29 34 23 12 24 0 53 32 30 0 53 11 16 0 40 33 46 28 43 2 18 13 38 25 46 53 35 47 4 33 22 53 4 46 10 53 35 9 1 9 6 20 35 1 52 49 14 7 26 17
run=19 seed=18 k=54 f=0
39 53 1 53 5 46 29 16 25 27 31 52 8 16 31 50 43 32 33 0 0 52 25 9 10 11 50 31 42 0 7 9 25 7 10 53 44 53 13 21 42 24 13 17 24 45 37 0 36 40 17 53 0 19 40 20 21 0 33 6
run=20 seed=19 k=54 f=0
46 45 52 13 49 7 19 51 23 21 14 4 37 33 38 12 52 0 1 46 2 8 40 21 22 4 38 0 29 42 31 4 38 0 27 14 44 28 25 9 44 20 37 30 14 36 27 53 0 26 22 41 24 44 5 53 11 5 0 47
