run=1 seed=0 k=52 f=0
51 21 38 51 15 14 8 17 4 33 28 34 26 43 23 13 10 6 8 23 42 37 3 35 44 14 48 45 22 51 12 35 0 22 1 28 33 14 39 18 22 3 51 21 4 44 0 44 40 1 0 50 39 31 25 27 50 27 32 11
run=2 seed=1 k=52 f=0
51 21 38 51 15 14 8 17 4 33 28 34 26 43 23 13 10 6 8 23 42 37 3 35 44 14 48 45 22 51 12 35 0 22 1 28 33 14 39 18 22 3 51 21 4 44 0 44 40 1 0 50 39 31 25 27 50 27 32 11
run=3 seed=2 k=52 f=0
0 27 24 51 30 12 41 27 37 50 43 23 1 21 44 30 26 41 6 14 23 49 17 51 50 3 50 18 51 36 51 3 35 11 9 44 12 49 15 45 22 13 45 19 38 19 0 26 29 16 44 36 11 31 3 6 39 7 0 5
run=4 seed=3 k=52 f=0
26 17 46 19 45 0 51 33 0 24 9 1 2 11 3 2 12 40 6 49 40 2 23 19 33 29 17 9 26 47 50 26 34 25 30 43 47 10 15 40 24 18 44 11 28 41 15 51 38 38 33 3 0 8 36 39 28 46 51 40
run=5 seed=4 k=52 f=0
7 23 23 13 47 51 28 24 32 9 36 32 42 37 5 49 42 41 27 1 17 11 19 14 29 50 46 5 8 1 49 16 35 19 31 44 30 21 18 51 4 43 15 22 40 43 51 0 12 39 0 0 31 0 17 37 50 11 6 51
run=6 seed=5 k=52 f=0
35 42 39 50 45 12 44 40 4 29 0 5 43 14 9 30 33 22 0 18 22 51 10 28 44 30 35 13 22 16 33 47 51 35 21 19 15 7 9 0 37 34 26 5 51 25 8 42 25 0 29 39 18 15 4 1 33 18 51 45
run=7 seed=6 k=52 f=0
8 30 12 23 14 21 17 25 36 50 14 18 14 1 50 3 0 14 15 46 7 0 40 44 29 0 20 48 41 46 16 5 0 8 22 51 23 46 25 11 37 8 51 37 41 51 32 30 5 31 51 43 8 42 34 23 34 18 48 0
run=8 seed=7 k=52 f=0
37 51 32 51 9 15 18 13 3 17 51 27 1 51 22 24 27 45 43 44 27 0 15 0 51 41 23 16 17 22 5 33 51 45 45 22 50 40 11 36 4 40 23 7 41 27 36 30 9 0 33 1 30 9 25 29 18 0 6 3
run=9 seed=8 k=52 f=0
43 25 36 6 51 11 0 48 43 17 28 0 8 7 46 18 12 26 5 34 17 41 49 36 37 27 0 40 10 5 4 19 51 32 24 29 1 28 14 36 41 35 37 0 13 13 22 20 19 18 37 0 45 51 32 16 46 26 5 45
run=10 seed=9 k=52 f=0
0 38 19 2 18 24 24 0 47 10 22 38 2 49 50 45 49 14 30 37 41 7 1 51 23 41 29 46 4 31 10 8 8 51 3 17 21 29 47 28 1 16 3 35 26 14 42 42 13 11 19 41 51 33 34 20 50 9 14 51
run=11 seed=10 k=52 f=0
7 43 42 51 38 14 10 24 6 47 51 21 20 8 25 33 45 45 20 44 40 17 20 39 51 16 32 51 7 2 9 15 51 29 14 32 10 51 44 24 5 42 20 25 1 37 45 0 42 34 0 0 27 0 20 36 29 2 37 34
run=12 seed=11 k=52 f=0
7 34 38 0 31 30 43 39 30 23 14 9 1 41 9 17 21 45 42 51 7 25 9 0 31 49 0 0 31 0 51 22 51 34 48 22 26 37 33 36 10 20 14 37 24 7 51 14 13 27 18 8 43 18 15 9 47 51 0 45
run=13 seed=12 k=52 f=0
44 0 36 47 16 0 41 11 19 28 27 51 0 2 1 26 3 19 38 34 22 21 50 9 10 26 3 22 18 36 33 43 25 31 42 16 50 17 3 11 46 2 27 33 44 0 51 51 8 16 40 51 9 8 36 6 32 37 18 31
run=14 seed=13 k=52 f=0
7 33 5 23 36 44 0 5 31 14 44 21 16 23 50 24 20 15 13 0 29 19 32 0 46 14 25 7 35 28 23 16 21 10 29 51 41 25 41 40 5 12 41 37 15 51 36 30 48 35 0 1 51 43 46 47 8 12 7 48
run=15 seed=14 k=52 f=0
43 2 48 1 49 15 7 44 33 25 0 14 36 2 10 4 21 36 37 5 14 35 51 29 15 21 37 24 35 20 41 22 51 25 44 8 23 47 18 31 45 6 20 22 31 15 51 0 9 30 51 13 14 41 38 12 1 37 0 25
run=16 seed=15 k=52 f=0
44 1 51 42 9 31 26 44 32 20 28 34 4 32 29 1 27 38 37 6 45 51 49 16 10 20 51 24 50 20 49 21 0 36 4 9 36 23 20 41 27 0 11 24 17 15 7 51 49 9 40 51 32 0 45 31 12 19 34 11
run=17 seed=16 k=52 f=0
8 3 5 51 39 37 10 49 14 6 40 46 4 19 38 16 13 27 31 33 51 17 38 15 3 29 4 32 11 6 12 22 0 25 44 22 45 36 40 0 10 28 37 44 24 0 34 51 26 17 18 26 44 43 51 51 14 30 20 36
run=18 seed=17 k=52 f=0
51 1 27 38 33 25 32 51 20 51 14 28 47 6 51 22 32 10 31 44 38 39 42 0 1 14 8 9 42 5 36 29 16 10 20 7 23 31 22 0 39 20 16 37 23 0 24 44 13 4 17 41 50 46 14 49 5 13 7 1
run=19 seed=18 k=52 f=0
8 42 40 51 26 33 9 49 14 1 6 0 19 51 11 39 34 48 27 0 0 18 1 42 51 20 27 31 21 38 16 41 0 44 20 51 26 8 36 45 9 13 27 22 2 25 0 15 42 2 29 8 51 33 36 51 51 25 15 42
run=20 seed=19 k=52 f=0
43 38 46 11 51 36 51 0 31 0 9 51 39 18 28 17 14 3 30 39 31 33 30 18 39 1 18 47 29 46 11 48 51 5 7 0 18 6 14 26 46 38 18 25 29 23 15 9 28 19 0 36 4 39 42 24 47 3 48 20
