run=1 seed=0 k=59 f=0
58 22 24 34 16 28 58 0 54 54 11 38 1 39 10 22 13 40 44 6 39 27 45 9 6 0 18 48 29 54 36 28 0 5 21 35 20 52 13 1 22 18 45 49 0 46 38 18 13 49 56 31 55 15 7 10 31 29 36 5
run=2 seed=1 k=59 f=0
58 22 24 34 16 28 58 0 54 54 11 38 1 39 10 22 13 40 44 6 39 27 45 9 6 0 18 48 29 54 36 28 0 5 21 35 20 52 13 1 22 18 45 49 0 46 38 18 13 49 56 31 55 15 7 10 31 29 36 5
run=3 seed=2 k=59 f=0
25 21 28 57 0 42 6 0 35 46 47 21 26 24 10 33 1 52 48 54 55 54 8 32 22 47 7 29 31 12 10 16 17 40 56 58 15 5 37 19 22 39 44 0 38 23 31 7 52 0 48 39 54 15 15 2 38 40 29 6
run=4 seed=3 k=59 f=0
17 5 33 19 43 42 25 38 4 58 29 21 13 0 58 30 52 52 23 46 39 45 43 0 12 43 56 47 1 6 22 22 58 0 25 49 45 57 38 35 9 52 30 7 36 12 58 32 26 8 50 10 57 51 16 14 1 1 19 11
run=5 seed=4 k=59 f=0
20 22 32 15 31 40 47 42 52 18 32 56 35 49 22 58 8 33 5 19 19 0 37 13 25 41 10 47 1 51 33 1 49 37 58 58 43 24 32 44 43 22 5 0 13 8 26 27 11 5 44 25 39 58 6 16 52 17 52 12
run=6 seed=5 k=59 f=0
8 0 9 43 25 1 26 7 31 45 51 14 26 6 34 3 6 44 58 0 33 45 57 38 18 53 12 57 31 22 40 23 50 35 33 24 3 17 44 21 4 0 50 31 9 58 14 16 55 18 6 52 32 0 16 30 44 26 40 55
run=7 seed=6 k=59 f=0
7 58 33 5 44 14 38 8 13 52 36 4 2 6 16 0 29 28 32 21 16 45 22 0 10 44 3 20 47 56 49 52 49 19 0 23 10 26 42 47 16 28 32 37 38 28 0 58 57 25 37 36 4 58 15 13 49 50 58 14
run=8 seed=7 k=59 f=0
58 21 5 47 50 18 19 42 26 17 17 12 3 8 14 28 25 51 52 34 21 33 38 9 55 57 47 7 46 24 58 57 34 53 1 25 55 30 4 54 39 56 41 0 33 0 11 44 14 29 58 39 0 39 26 1 39 5 13 37
run=9 seed=8 k=59 f=0
58 58 17 41 12 51 35 21 4 55 40 2 31 24 50 1 43 27 28 32 10 28 22 20 50 28 50 32 34 53 5 13 11 58 18 2 22 55 48 29 55 11 49 43 22 48 0 36 12 1 19 1 37 10 42 19 39 33 57 58
run=10 seed=9 k=59 f=0
9 55 58 15 39 43 36 13 40 24 50 16 56 0 3 39 1 58 37 30 42 22 47 16 27 24 2 16 39 58 41 21 52 8 8 0 6 48 46 43 7 3 13 32 27 0 44 25 30 43 1 33 0 51 51 31 15 58 18 28
run=11 seed=10 k=59 f=0
51 12 9 57 21 58 51 0 24 32 36 28 9 45 19 12 29 27 45 41 45 21 21 17 58 45 54 46 4 45 31 8 3 5 38 24 37 23 10 51 56 12 43 40 1 14 30 33 1 0 17 14 58 37 8 57 54 3 44 57
run=12 seed=11 k=59 f=0
44 44 30 58 18 28 52 0 45 6 50 42 44 49 10 32 58 12 50 37 14 43 46 37 21 21 5 12 20 9 22 28 58 25 0 7 30 6 25 15 33 58 57 0 5 15 34 18 21 42 0 36 29 3 58 2 55 5 27 31
run=13 seed=12 k=59 f=0
0 37 12 0 54 26 42 2 27 27 11 36 11 6 40 57 13 7 6 42 49 25 38 48 47 49 34 29 53 46 57 53 58 7 45 40 41 1 29 0 20 19 20 33 10 18 34 15 54 30 42 36 0 58 19 15 24 30 53 7
run=14 seed=13 k=59 f=0
11 54 17 50 18 18 43 38 32 1 7 57 45 43 1 37 41 28 42 53 54 16 28 0 57 26 27 22 0 47 40 18 56 0 10 25 22 30 4 54 50 21 12 48 4 58 25 34 4 35 24 35 33 10 28 32 12 14 1 13
run=15 seed=14 k=59 f=0
9 56 25 57 49 18 17 28 4 26 0 31 57 58 0 20 23 3 2 37 51 58 56 28 0 45 58 44 55 36 0 13 58 41 14 35 4 39 24 4 44 12 12 42 20 50 8 49 25 9 47 34 29 32 8 24 15 35 42 20
run=16 seed=15 k=59 f=0
35 27 11 33 56 26 0 43 4 31 9 1 0 20 24 18 22 43 41 26 22 35 10 10 46 42 52 49 36 21 58 16 49 27 37 19 10 56 5 52 30 58 46 0 39 58 50 58 43 52 13 7 14 18 0 11 33 57 1 27
run=17 seed=16 k=59 f=0
0 58 40 55 39 31 28 53 32 18 25 18 30 50 13 32 28 54 40 1 56 35 1 22 43 0 11 23 32 10 5 40 48 48 12 57 22 41 28 57 1 40 38 15 48 18 1 8 53 22 3 3 18 8 28 17 11 51 37 48
run=18 seed=17 k=59 f=0
23 23 1 58 34 7 16 50 22 42 18 0 38 20 50 44 47 37 39 13 46 57 35 47 55 41 2 44 37 11 3 41 31 45 0 14 55 26 51 31 4 29 11 0 53 6 26 56 0 25 12 55 39 33 9 38 17 15 9 58
run=19 seed=18 k=59 f=0
27 2 0 58 23 1 30 56 24 34 34 42 1 1 35 4 7 38 33 49 38 1 48 58 18 47 1 45 17 26 25 10 11 40 16 42 8 48 53 41 3 8 19 49 13 16 49 20 28 21 10 50 31 7 56 35 57 57 24 0
run=20 seed=19 k=59 f=0
58 35 2 38 42 33 30 56 49 3 7 30 57 12 14 17 8 50 52 14 20 37 27 43 41 24 0 14 51 14 45 26 10 45 36 0 48 7 37 58 28 22 20 26 54 19 0 19 39 55 14 26 26 9 20 58 28 55 47 2
