run=1 seed=0 k=61 f=0
33 58 32 54 7 42 15 37 19 53 9 47 41 20 11 40 52 26 24 57 47 0 12 8 2 41 15 48 60 21 24 30 51 28 60 0 17 33 13 44 37 31 33 17 1 46 60 60 5 23 11 0 18 6 35 40 54 26 33 1
run=2 seed=1 k=61 f=0
33 58 32 54 7 42 15 37 19 53 9 47 41 20 11 40 52 26 24 57 47 0 12 8 2 41 15 48 60 21 24 30 51 28 60 0 17 33 13 44 37 31 33 17 1 46 60 60 5 23 11 0 18 6 35 40 54 26 33 1
run=3 seed=2 k=61 f=0
42 19 52 43 24 34 37 20 60 44 41 26 56 35 9 33 59 54 0 51 50 8 25 14 0 22 11 36 12 33 45 2 24 0 0 51 16 24 10 51 18 0 33 5 7 28 54 60 38 31 19 13 51 14 57 60 6 17 44 47
run=4 seed=3 k=61 f=0
49 24 28 50 28 42 0 9 4 47 27 51 25 57 18 60 46 17 16 47 47 51 22 8 10 41 59 56 17 60 3 34 57 33 37 0 4 16 29 4 40 0 60 33 34 20 42 24 33 58 7 21 48 12 12 17 56 30 55 34
run=5 seed=4 k=61 f=0
44 15 41 32 34 60 54 28 16 60 60 8 36 15 10 52 58 8 38 0 10 35 36 51 4 60 52 26 32 3 4 36 16 12 7 0 17 56 56 31 9 43 39 33 46 46 21 26 2 19 51 43 60 0 1 50 26 24 15 17
run=6 seed=5 k=61 f=0
33 28 8 47 24 51 54 50 31 39 6 0 44 54 27 56 31 24 39 20 28 43 38 0 2 18 0 4 46 29 51 42 60 2 45 17 10 24 4 60 23 59 7 44 37 13 21 9 1 60 33 9 60 37 15 14 58 49 18 16
run=7 seed=6 k=61 f=0
31 49 36 48 46 38 54 31 4 59 14 23 16 24 7 5 29 25 55 22 0 24 37 47 50 60 45 57 54 49 38 60 9 9 10 0 50 5 42 54 22 41 60 60 6 41 0 18 28 28 47 0 27 18 35 16 37 21 15 1
run=8 seed=7 k=61 f=0
41 59 30 60 22 30 37 33 4 14 9 19 22 60 0 25 21 0 60 54 15 58 59 48 7 44 0 26 58 0 5 45 21 48 32 3 57 10 34 2 43 49 21 55 34 25 17 12 38 21 47 53 48 10 42 42 30 44 38 28
run=9 seed=8 k=61 f=0
44 15 30 44 37 37 60 26 0 18 46 8 0 3 12 30 49 10 12 57 59 53 20 4 41 53 31 33 40 18 6 12 27 13 26 60 17 27 0 59 32 59 0 19 60 35 4 51 43 3 32 43 26 22 49 42 8 10 2 50
run=10 seed=9 k=61 f=0
49 40 38 58 58 42 21 47 0 21 10 50 7 47 4 21 52 58 56 26 36 57 59 32 35 48 56 48 3 28 60 17 8 42 28 25 29 57 37 3 46 40 26 0 4 33 4 17 38 29 23 40 32 12 11 17 46 44 10 59
run=11 seed=10 k=61 f=0
47 55 59 23 46 39 53 1 47 19 51 55 26 36 32 31 36 3 9 17 54 26 16 21 57 0 28 42 8 60 1 59 30 17 29 0 36 45 36 55 48 39 29 14 21 33 43 57 8 41 15 5 12 8 60 9 0 7 48 22
run=12 seed=11 k=61 f=0
41 46 15 0 8 16 60 12 56 59 26 30 36 45 50 3 60 34 35 35 16 2 42 7 52 30 49 16 50 40 35 3 25 22 3 0 44 25 53 38 44 59 27 57 57 45 32 48 4 41 11 21 0 8 27 54 54 17 9 2
run=13 seed=12 k=61 f=0
36 29 59 48 26 14 14 0 10 58 47 37 38 9 41 0 10 21 42 18 19 7 54 59 44 20 56 55 54 60 11 32 28 54 2 0 8 60 19 18 34 17 58 7 38 40 23 50 17 7 30 40 5 31 50 42 47 25 33 3
run=14 seed=13 k=61 f=0
46 3 26 39 52 60 18 2 47 25 15 54 60 43 54 59 15 40 54 10 51 25 7 14 31 12 42 47 7 37 22 58 23 51 33 7 0 13 29 2 40 45 11 0 38 32 9 34 49 3 43 60 29 60 12 57 23 23 39 21
run=15 seed=14 k=61 f=0
17 3 11 2 0 50 39 43 29 32 53 5 35 57 56 8 57 34 33 58 27 10 33 41 43 23 37 60 17 0 36 7 9 59 11 0 52 2 47 48 25 28 22 26 28 17 25 60 11 33 60 23 16 48 44 52 19 22 4 39
run=16 seed=15 k=61 f=0
54 49 0 52 18 11 60 56 43 51 19 23 49 42 12 14 45 0 60 24 38 47 29 20 51 22 32 41 42 28 29 12 46 15 60 3 8 60 34 22 15 5 0 38 6 5 38 29 40 40 1 8 60 30 33 21 23 4 37 13
run=17 seed=16 k=61 f=0
42 60 27 18 29 2 38 55 60 54 11 25 56 7 0 34 25 26 48 25 42 31 3 35 12 54 4 33 5 45 48 48 20 50 18 60 49 30 31 36 40 17 26 53 20 2 22 11 19 44 37 0 11 10 41 8 4 47 56 49
run=18 seed=17 k=61 f=0
12 11 34 46 6 36 28 43 60 51 10 38 14 16 13 44 24 60 59 52 38 0 13 20 4 22 30 1 26 32 57 2 0 38 60 43 7 59 32 42 13 59 19 27 32 17 55 51 29 54 1 31 44 6 24 49 50 37 53 17
run=19 seed=18 k=61 f=0
58 48 15 58 33 51 46 60 33 1 19 51 55 42 48 45 27 31 32 53 29 53 60 24 20 39 45 2 11 39 25 8 42 11 8 0 43 25 20 17 49 1 7 8 39 1 29 15 12 5 37 55 59 22 21 18 3 5 49 28
run=20 seed=19 k=61 f=0
0 36 8 23 12 40 2 37 15 28 0 8 10 1 59 57 14 7 6 60 3 21 2 31 31 32 50 59 60 45 15 7 51 60 37 60 49 30 45 6 27 16 47 15 25 52 30 22 39 49 23 20 2 41 51 6 19 42 49 40
