run=1 seed=0 k=50 f=0
14 0 48 26 27 35 20 49 15 35 22 16 40 14 18 39 35 6 8 42 11 29 49 49 21 9 31 16 43 0 49 4 0 44 22 42 47 6 32 0 25 34 32 28 41 36 8 21 15 39 26 42 21 1 4 38 30 5 10 6
run=2 seed=1 k=50 f=0
14 0 48 26 27 35 20 49 15 35 22 16 40 14 18 39 35 6 8 42 11 29 49 49 21 9 31 16 43 0 49 4 0 44 22 42 47 6 32 0 25 34 32 28 41 36 8 21 15 39 26 42 21 1 4 38 30 5 10 6
run=3 seed=2 k=50 f=0
7 15 18 43 6 33 37 22 33 27 41 49 49 47 30 36 0 43 27 0 2 0 7 14 47 0 10 31 0 32 40 48 49 49 11 40 19 27 18 40 4 8 6 22 0 7 15 0 41 10 21 20 49 25 36 24 9 17 32 28
run=4 seed=3 k=50 f=0
42 40 25 0 9 35 31 35 10 23 1 6 23 45 7 31 42 6 29 18 38 42 10 16 19 37 26 22 39 14 49 43 0 6 14 9 45 33 20 5 45 49 10 24 3 49 23 49 1 46 46 30 27 16 36 0 10 1 35 30
run=5 seed=4 k=50 f=0
42 48 42 10 12 35 27 12 0 42 22 49 45 0 3 37 40 6 29 41 32 43 11 16 0 21 5 1 36 31 10 29 0 17 25 9 14 26 20 5 40 1 32 24 38 36 4 49 36 33 8 49 25 49 31 23 0 19 30 26
run=6 seed=5 k=50 f=0
7 17 44 17 11 19 49 22 32 1 36 31 46 48 10 14 49 43 13 0 3 15 1 33 40 1 17 7 0 45 49 43 49 40 42 40 19 11 22 14 4 10 36 26 28 8 0 0 1 35 7 31 0 26 21 31 37 30 25 49
run=7 seed=6 k=50 f=0
35 33 37 18 7 14 42 38 7 15 18 13 45 46 26 49 45 6 8 49 7 49 16 42 29 49 3 42 49 0 13 31 0 33 35 49 29 1 17 21 34 29 5 21 49 25 11 28 37 10 21 0 22 1 29 20 14 3 8 4
run=8 seed=7 k=50 f=0
7 33 1 43 7 33 49 0 9 38 30 37 32 48 36 31 27 43 27 25 2 24 8 14 46 22 15 13 23 11 22 49 49 5 2 40 39 6 18 43 9 49 16 22 42 17 38 0 16 13 12 20 0 31 28 45 48 0 36 4
run=9 seed=8 k=50 f=0
42 41 18 28 46 30 13 17 8 33 41 13 10 12 5 33 7 6 36 22 25 6 43 16 1 37 2 14 32 27 1 31 0 22 21 9 3 46 27 49 45 0 17 23 23 49 35 49 28 46 20 40 32 0 4 47 37 18 26 45
run=10 seed=9 k=50 f=0
42 0 4 49 12 21 43 37 20 29 49 31 39 39 40 22 9 6 8 43 28 18 49 35 31 26 16 23 14 6 42 2 0 0 2 28 11 49 18 44 40 23 10 14 30 11 27 49 30 16 3 18 18 34 49 33 20 0 37 40
run=11 seed=10 k=50 f=0
42 8 30 20 32 14 49 7 44 7 22 10 28 23 47 13 27 6 8 29 18 42 49 35 36 2 49 24 39 15 48 14 0 26 0 28 11 1 17 12 44 49 38 21 17 35 0 49 20 38 47 38 0 12 44 32 43 2 20 29
run=12 seed=11 k=50 f=0
7 1 23 34 4 33 28 32 7 23 47 14 32 38 43 14 0 43 27 24 38 11 23 14 40 1 12 9 37 24 26 39 49 40 29 40 18 5 18 18 10 6 17 22 41 18 2 0 41 15 1 47 32 49 14 48 49 32 7 28
run=13 seed=12 k=50 f=0
7 14 38 11 0 14 43 49 29 40 40 14 19 18 18 36 15 43 20 17 35 7 8 33 47 49 25 30 23 29 39 6 49 34 46 40 28 49 29 3 11 0 2 25 48 0 16 0 40 3 4 25 22 23 9 22 9 0 31 46
run=14 seed=13 k=50 f=0
14 0 14 49 14 35 19 47 23 6 34 39 1 49 26 0 41 42 41 41 28 26 48 7 17 5 2 25 21 15 16 12 49 9 19 0 19 9 32 1 12 0 37 28 44 0 40 21 32 41 49 30 31 32 37 49 42 32 8 10
run=15 seed=14 k=50 f=0
42 0 0 19 46 30 5 0 9 8 29 13 40 26 12 15 9 6 36 24 33 22 48 16 32 49 39 21 43 49 48 48 0 44 2 9 21 29 27 31 45 35 10 23 30 36 13 49 3 39 20 40 40 28 16 39 11 0 19 3
run=16 seed=15 k=50 f=0
7 40 0 27 37 35 49 0 37 28 29 24 44 16 34 21 3 43 41 49 31 42 49 14 12 43 19 31 49 10 20 9 49 33 10 21 10 35 32 23 8 37 27 28 0 15 23 0 22 19 16 43 11 7 49 3 1 41 36 3
run=17 seed=16 k=50 f=0
42 35 4 49 38 16 9 46 30 23 4 49 29 14 15 47 16 6 22 41 12 25 24 35 10 24 25 21 24 13 3 11 0 0 6 9 37 45 31 49 40 40 18 27 47 18 34 49 10 33 16 32 10 41 0 44 21 33 1 0
run=18 seed=17 k=50 f=0
14 0 22 49 15 35 40 31 36 5 1 49 35 33 42 37 32 6 8 6 8 48 47 49 10 8 49 8 27 20 27 21 0 26 49 42 1 49 32 11 25 41 16 28 45 15 7 21 10 32 43 40 36 0 24 34 25 2 19 5
run=19 seed=18 k=50 f=0
14 15 45 17 30 35 11 15 6 43 37 12 35 17 9 0 13 43 41 30 14 31 20 7 34 0 22 23 49 44 41 48 49 49 35 0 8 0 32 26 13 23 35 28 49 24 1 21 44 30 18 6 7 38 0 7 26 48 40 3
run=20 seed=19 k=50 f=0
14 15 49 0 38 35 42 38 11 15 21 17 13 49 27 42 25 6 8 47 47 49 1 49 18 36 32 34 49 0 43 3 0 6 9 42 6 28 32 41 17 9 30 28 4 30 15 21 49 14 5 0 49 22 23 25 40 49 34 26
