run=1 seed=0 k=55 f=0
16 21 14 46 24 23 9 18 54 38 44 10 5 14 26 51 20 2 0 11 37 0 27 44 41 0 27 11 30 35 54 2 54 40 29 37 49 41 48 47 29 54 33 30 3 29 50 8 32 35 52 6 46 21 51 28 17 5 0 21
run=2 seed=1 k=55 f=0
16 21 14 46 24 23 9 18 54 38 44 10 5 14 26 51 20 2 0 11 37 0 27 44 41 0 27 11 30 35 54 2 54 40 29 37 49 41 48 47 29 54 33 30 3 29 50 8 32 35 52 6 46 21 51 28 17 5 0 21
run=3 seed=2 k=55 f=0
46 53 22 0 1 38 38 43 34 39 1 49 10 53 42 36 2 23 0 49 47 24 14 13 27 12 15 25 21 34 3 26 54 7 17 20 2 25 34 47 42 7 28 6 35 17 54 29 50 31 29 30 44 47 11 16 39 50 40 38
run=4 seed=3 k=55 f=0
21 40 15 45 4 51 0 47 28 40 20 9 43 52 54 11 18 43 45 5 35 31 53 14 30 6 13 0 28 4 54 54 37 53 46 7 50 7 54 8 19 36 17 0 28 38 12 28 27 32 21 31 9 22 18 23 16 44 36 44
run=5 seed=4 k=55 f=0
46 53 28 46 15 11 16 25 12 50 53 28 22 39 19 19 15 33 5 43 0 47 40 39 6 37 7 1 11 38 13 33 27 32 23 18 39 13 33 44 49 19 21 0 31 0 8 53 2 7 42 32 41 54 6 27 54 54 0 1
run=6 seed=5 k=55 f=0
0 10 54 21 44 47 49 44 34 16 54 48 25 30 28 25 0 40 41 14 42 2 41 23 11 0 1 48 20 25 31 24 33 30 39 15 50 36 27 23 53 34 19 54 0 9 17 7 1 12 13 6 38 40 53 38 9 33 54 4
run=7 seed=6 k=55 f=0
0 50 15 6 45 22 0 25 54 53 35 43 25 9 27 8 11 34 28 0 31 15 0 44 45 48 45 29 18 5 0 10 54 31 3 37 41 4 48 34 19 54 9 15 17 42 50 7 54 39 9 18 38 22 24 41 13 22 53 28
run=8 seed=7 k=55 f=0
17 53 22 0 40 38 6 22 50 54 3 19 15 31 43 44 13 3 32 11 21 54 33 24 24 12 46 7 47 37 18 36 9 17 1 0 27 49 41 23 53 11 24 54 33 30 45 47 35 54 39 46 0 38 15 0 7 51 6 32
run=9 seed=8 k=55 f=0
8 49 34 43 52 30 7 54 2 33 32 37 46 12 9 21 18 38 36 37 40 0 52 44 0 54 7 41 50 23 28 22 0 49 6 23 29 5 48 45 7 6 35 54 0 15 38 15 54 18 30 26 14 27 20 14 20 42 32 17
run=10 seed=9 k=55 f=0
14 34 0 17 53 44 11 15 7 12 25 53 53 34 52 6 54 51 8 54 5 39 31 30 48 27 1 42 19 48 3 41 0 54 28 54 20 0 41 7 26 7 48 37 25 32 3 21 45 37 10 19 11 45 0 28 36 21 40 37
run=11 seed=10 k=55 f=0
8 38 0 24 54 33 45 49 15 41 0 28 54 20 48 52 19 40 27 42 48 19 1 15 13 9 7 47 53 10 29 31 0 4 10 54 35 0 37 51 10 42 14 22 2 37 28 46 20 34 40 0 23 54 32 53 12 38 30 16
run=12 seed=11 k=55 f=0
16 9 25 7 53 54 31 46 35 32 29 43 8 4 0 52 35 30 32 0 24 23 44 0 20 41 52 28 53 6 0 16 24 1 22 7 1 52 51 50 17 18 46 38 36 54 39 45 21 51 0 13 22 17 44 51 39 12 2 34
run=13 seed=12 k=55 f=0
32 21 13 4 13 0 44 8 40 53 46 17 52 0 37 2 47 15 38 30 32 25 26 25 38 50 22 51 0 39 40 53 53 54 30 18 40 19 4 17 46 30 10 43 4 18 0 9 9 22 36 7 32 31 45 15 0 11 54 50
run=14 seed=13 k=55 f=0
20 6 16 7 37 13 29 5 33 16 37 9 32 25 25 25 42 43 1 14 12 53 1 27 13 54 28 17 53 44 26 50 37 0 52 46 19 8 31 30 18 20 20 6 43 21 12 54 42 36 16 8 52 45 2 34 52 54 20 0
run=15 seed=14 k=55 f=0
0 8 35 15 32 27 30 0 44 40 35 49 16 20 8 30 54 47 6 29 0 9 5 18 40 24 20 39 18 44 17 8 54 39 7 44 48 39 31 35 23 29 35 11 54 52 19 36 8 49 4 47 25 3 1 51 27 17 24 39
run=16 seed=15 k=55 f=0
30 0 44 54 16 0 31 18 37 33 33 11 44 49 26 5 49 44 6 28 25 40 30 23 15 9 11 53 45 54 9 51 38 48 27 47 0 11 19 13 28 0 43 54 35 3 11 14 52 0 3 42 23 21 6 22 34 39 21 24
run=17 seed=16 k=55 f=0
47 51 37 10 54 54 17 13 21 1 28 34 34 40 3 19 39 29 31 3 23 4 47 23 33 54 38 5 44 21 20 53 39 50 25 16 11 0 5 51 52 53 29 9 12 42 34 0 42 45 8 13 37 27 32 45 52 0 7 16
run=18 seed=17 k=55 f=0
47 7 54 0 14 17 14 45 10 33 0 4 24 24 7 53 8 26 23 22 46 21 45 54 14 20 53 34 41 30 16 31 8 50 41 32 35 1 14 18 49 14 31 0 47 37 6 40 42 44 10 53 25 29 0 40 53 25 35 50
run=19 seed=18 k=55 f=0
40 20 16 51 37 1 21 17 36 54 46 41 32 23 25 28 25 48 46 12 42 52 40 33 8 42 29 50 2 25 10 54 23 12 42 8 22 47 29 9 17 10 37 15 29 4 40 54 14 1 52 31 44 30 4 3 2 53 2 20
run=20 seed=19 k=55 f=0
9 6 53 34 47 47 27 45 22 34 15 52 10 21 25 3 41 22 25 38 37 53 34 16 13 44 53 52 3 31 38 6 38 40 27 54 31 46 44 16 8 21 46 30 23 0 9 0 22 4 32 4 32 16 11 17 1 53 48 40
