run=1 seed=0 k=57 f=0
40 34 7 20 29 2 12 31 53 1 20 28 20 10 56 10 45 30 34 1 29 56 37 11 26 45 44 7 43 1 44 11 56 26 56 25 52 41 7 16 0 9 3 18 52 39 47 47 3 33 35 39 15 0 20 19 11 1 6 56
run=2 seed=1 k=57 f=0
40 34 7 20 29 2 12 31 53 1 20 28 20 10 56 10 45 30 34 1 29 56 37 11 26 45 44 7 43 1 44 11 56 26 56 25 52 41 7 16 0 9 3 18 52 39 47 47 3 33 35 39 15 0 20 19 11 1 6 56
run=3 seed=2 k=57 f=0
48 16 13 56 13 24 34 54 41 4 45 14 42 50 38 6 9 40 42 0 2 27 33 2 43 4 8 47 30 38 35 33 56 0 56 9 31 6 20 17 29 22 7 16 1 20 10 34 18 28 50 37 54 47 27 56 54 52 2 0
run=4 seed=3 k=57 f=0
9 0 11 42 21 2 16 12 20 9 42 48 12 40 24 36 56 53 29 53 22 48 10 16 19 51 32 37 16 4 10 5 46 56 29 56 30 44 20 17 10 26 52 24 44 28 36 37 20 33 29 1 16 0 56 22 54 0 47 37
run=5 seed=4 k=57 f=0
8 53 14 37 49 25 43 35 49 26 45 3 4 5 45 21 28 55 56 16 53 0 40 39 11 26 29 22 12 55 39 5 0 30 43 46 43 17 21 12 28 23 3 32 29 21 10 16 56 4 38 55 9 56 17 16 30 52 2 49
run=6 seed=5 k=57 f=0
56 2 37 8 47 7 17 3 48 20 19 44 24 38 55 15 28 0 1 56 5 10 0 16 48 27 37 34 35 50 51 11 47 56 14 38 56 36 10 54 26 26 29 23 11 32 42 30 49 45 0 1 39 0 28 21 16 38 8 14
run=7 seed=6 k=57 f=0
18 37 4 39 50 30 26 56 30 1 40 53 42 16 24 9 3 49 24 46 48 2 19 39 41 55 13 0 8 48 52 0 10 10 30 46 20 56 34 11 2 27 45 1 11 18 34 56 33 15 0 40 29 47 24 17 5 56 50 18
run=8 seed=7 k=57 f=0
23 39 26 36 23 30 20 53 8 31 17 35 55 9 4 4 1 15 17 28 42 38 54 9 20 14 37 48 45 24 21 0 0 30 56 37 18 29 48 38 25 0 53 44 2 45 3 53 47 48 24 17 12 56 43 10 6 35 45 8
run=9 seed=8 k=57 f=0
48 12 9 42 36 41 4 30 16 18 1 24 46 0 35 23 33 16 35 47 21 47 42 23 51 51 36 20 7 12 39 8 56 36 50 8 37 13 19 25 47 53 50 30 27 56 20 0 2 19 56 7 1 27 56 0 28 13 1 43
run=10 seed=9 k=57 f=0
37 15 55 4 11 0 10 56 14 44 29 33 43 31 34 5 41 20 6 34 51 20 34 30 14 20 46 30 22 4 0 0 56 51 16 23 18 55 50 0 42 50 26 46 40 43 35 14 4 46 0 55 51 28 22 46 31 56 24 42
run=11 seed=10 k=57 f=0
28 19 5 14 55 21 0 11 32 11 55 16 6 2 21 49 9 41 15 47 0 34 1 56 32 56 22 1 1 46 10 2 47 51 17 0 37 20 40 49 27 26 37 10 30 41 19 35 30 36 35 39 44 26 23 56 51 42 26 50
run=12 seed=11 k=57 f=0
24 2 5 49 39 17 0 15 31 31 2 6 29 14 17 42 28 50 30 41 44 54 55 56 1 39 20 44 50 30 32 55 43 35 5 0 51 12 52 19 13 39 25 35 56 23 45 8 39 26 19 49 15 12 23 9 2 13 36 26
run=13 seed=12 k=57 f=0
47 26 56 6 30 22 0 4 42 9 56 33 37 45 23 19 14 29 0 34 31 38 4 13 34 34 50 11 24 17 42 13 56 30 37 32 19 0 17 23 48 43 18 6 4 22 47 40 12 45 5 2 35 14 54 53 56 44 50 51
run=14 seed=13 k=57 f=0
56 50 48 0 47 27 43 50 22 26 38 14 0 12 7 15 18 48 50 33 50 1 38 13 24 16 12 15 4 19 30 3 42 55 1 20 34 23 9 54 30 44 12 34 3 10 27 4 11 25 36 40 39 34 34 39 43 5 30 53
run=15 seed=14 k=57 f=0
38 56 56 28 40 54 51 39 16 49 56 19 18 7 47 56 33 44 18 34 38 14 9 31 0 2 1 13 32 47 30 25 0 22 55 47 0 8 27 2 39 7 36 23 46 7 32 10 30 11 55 27 8 42 18 1 49 44 17 42
run=16 seed=15 k=57 f=0
22 6 20 4 40 56 25 8 34 51 28 1 41 29 44 40 56 30 28 0 52 53 3 15 16 55 19 21 49 16 56 52 36 38 45 1 1 20 42 18 52 35 17 8 33 46 0 47 8 31 12 4 47 13 14 30 30 33 27 22
run=17 seed=16 k=57 f=0
56 27 20 32 22 16 47 11 43 36 49 35 47 6 52 11 39 4 0 54 41 18 30 49 46 11 23 16 5 0 56 1 25 56 0 9 56 22 45 56 18 55 13 33 42 25 36 40 7 40 12 28 1 3 52 8 33 2 22 25
run=18 seed=17 k=57 f=0
56 13 47 23 1 7 0 56 34 39 41 48 11 51 31 44 3 0 1 26 2 24 18 21 9 10 7 56 15 34 33 48 48 51 21 14 35 47 42 33 33 3 21 29 49 16 8 37 56 56 38 9 40 40 28 46 22 51 40 27
run=19 seed=18 k=57 f=0
56 27 7 55 55 30 37 33 41 15 45 28 29 44 33 5 2 15 36 25 19 9 14 21 25 23 56 19 13 19 52 14 9 28 25 0 5 50 17 49 44 54 13 41 36 0 51 49 12 47 44 37 5 15 0 44 40 46 31 1
run=20 seed=19 k=57 f=0
49 21 8 56 17 17 14 32 0 27 10 28 31 38 17 33 10 24 43 51 53 41 41 56 17 45 27 29 56 18 46 42 8 4 50 27 23 15 14 33 1 46 32 0 11 23 50 35 6 26 0 2 38 35 56 56 46 56 23 38
