run=1 seed=0 k=56 f=0
38 46 49 18 1 31 12 29 0 28 14 34 34 11 27 1 10 48 44 22 40 2 47 16 30 6 6 24 53 48 33 37 0 24 45 23 15 0 12 21 29 23 5 8 55 54 40 55 51 41 8 54 18 33 36 17 26 18 36 0
run=2 seed=1 k=56 f=0
38 46 49 18 1 31 12 29 0 28 14 34 34 11 27 1 10 48 44 22 40 2 47 16 30 6 6 24 53 48 33 37 0 24 45 23 15 0 12 21 29 23 5 8 55 54 40 55 51 41 8 54 18 33 36 17 26 18 36 0
run=3 seed=2 k=56 f=0
19 48 5 23 21 41 38 21 34 8 12 44 5 40 55 54 38 5 47 7 43 45 9 26 44 46 26 5 25 5 37 42 11 53 31 2 36 49 38 13 22 36 21 34 12 0 28 55 18 31 14 53 31 14 0 15 27 22 0 55
run=4 seed=3 k=56 f=0
18 18 5 54 15 28 10 40 31 40 7 2 1 51 37 51 48 40 12 23 34 51 6 0 33 17 49 26 54 30 54 14 46 35 34 35 11 55 25 10 41 46 0 7 44 0 21 55 26 26 39 21 32 45 0 5 44 15 26 16
run=5 seed=4 k=56 f=0
23 39 31 19 46 16 48 22 52 9 44 26 2 36 1 38 30 55 53 13 37 30 52 39 12 42 28 50 38 54 21 37 0 38 3 9 50 11 35 14 45 0 53 47 12 0 15 30 32 55 15 24 27 8 55 4 22 1 42 8
run=6 seed=5 k=56 f=0
48 13 48 18 24 40 43 1 10 35 41 8 32 6 27 28 22 9 12 54 50 14 43 31 3 1 15 48 55 50 26 28 0 6 0 24 4 55 35 53 47 21 2 17 55 34 25 55 44 37 2 15 38 55 43 38 17 11 35 30
run=7 seed=6 k=56 f=0
16 33 10 23 36 45 44 19 38 22 42 37 1 5 41 43 0 35 39 30 26 36 12 23 32 50 52 54 9 50 8 10 55 14 48 30 44 10 48 39 0 0 0 0 45 55 27 9 33 31 22 30 20 3 14 21 54 50 25 54
run=8 seed=7 k=56 f=0
7 19 6 17 29 14 11 5 32 49 19 40 54 39 35 33 2 48 47 24 48 34 52 0 43 54 11 33 1 46 50 48 29 0 22 38 26 16 17 44 9 12 27 21 2 41 55 55 33 44 29 9 42 25 15 7 5 17 37 53
run=9 seed=8 k=56 f=0
0 48 18 55 20 22 35 31 47 0 9 13 1 31 39 5 42 12 6 39 41 52 17 55 28 9 21 1 0 18 38 0 31 13 53 15 55 27 25 5 51 47 21 39 8 23 43 46 45 29 37 14 27 1 44 28 10 50 35 55
run=10 seed=9 k=56 f=0
55 2 48 20 29 14 53 18 29 41 40 27 26 1 32 34 41 21 20 54 20 34 2 28 47 9 24 55 53 48 40 11 37 13 10 46 3 35 11 32 53 1 47 7 19 3 25 0 45 0 5 22 10 41 50 8 53 24 53 44
run=11 seed=10 k=56 f=0
54 0 50 28 42 38 45 0 12 19 39 5 17 7 41 20 32 4 32 46 44 30 3 47 42 0 8 35 24 10 21 25 10 5 25 1 26 0 41 45 55 48 27 27 9 55 18 19 36 15 50 0 47 36 53 52 9 11 52 34
run=12 seed=11 k=56 f=0
14 31 51 22 51 39 7 12 3 9 50 55 29 0 33 29 7 7 8 55 35 19 53 21 39 13 20 55 39 1 2 42 0 55 36 55 41 21 35 48 25 27 12 47 42 29 37 30 51 0 47 24 23 44 18 46 8 22 0 15
run=13 seed=12 k=56 f=0
7 2 0 36 24 17 42 25 8 0 34 39 45 46 11 16 11 25 23 44 54 11 44 47 33 48 3 17 55 46 44 18 31 30 39 40 38 23 14 54 52 19 21 54 31 53 2 0 0 25 28 30 53 17 12 35 8 0 24 2
run=14 seed=13 k=56 f=0
13 55 7 28 12 48 0 36 51 3 7 11 55 30 55 50 53 0 42 2 5 29 1 20 25 37 26 4 51 16 19 14 29 11 36 55 11 35 1 20 11 24 7 37 27 21 55 6 1 16 29 45 43 45 51 46 44 17 11 41
run=15 seed=14 k=56 f=0
40 12 8 20 41 33 26 54 32 32 28 48 16 17 28 31 0 47 46 40 43 45 39 19 52 43 48 45 35 20 23 6 1 37 55 26 31 39 15 11 6 11 3 10 34 13 1 54 1 0 8 25 50 51 7 30 52 24 18 1
run=16 seed=15 k=56 f=0
47 1 39 55 30 7 7 12 3 16 44 22 32 54 26 1 21 31 28 49 51 0 53 55 34 13 7 25 5 52 53 21 38 17 4 0 12 43 11 35 46 30 37 23 10 34 26 16 23 0 15 46 19 46 40 45 0 9 14 48
run=17 seed=16 k=56 f=0
24 54 33 11 51 55 26 30 41 43 54 15 18 1 44 2 5 17 18 49 39 46 21 1 12 20 20 2 3 9 20 8 32 37 26 41 52 44 5 36 52 24 7 48 40 0 18 10 34 3 50 17 29 55 11 32 3 43 51 40
run=18 seed=17 k=56 f=0
48 28 31 10 33 38 25 29 21 15 0 6 43 24 3 42 47 2 0 7 18 36 34 23 53 50 52 38 50 45 48 41 8 4 9 31 51 5 41 29 14 19 0 16 7 55 16 55 21 18 14 55 16 42 44 10 30 4 22 33
run=19 seed=18 k=56 f=0
40 8 40 17 36 47 55 49 33 55 19 46 18 26 10 15 50 6 34 25 36 31 34 0 0 49 42 53 13 3 44 1 21 23 12 54 42 52 6 40 16 55 50 29 18 8 42 12 30 30 4 2 28 0 47 15 0 8 21 37
run=20 seed=19 k=56 f=0
16 16 15 26 28 0 37 55 49 20 35 0 49 11 1 55 39 10 22 30 8 29 47 45 0 43 2 24 9 14 55 13 30 19 52 7 18 38 49 31 14 22 33 38 6 0 45 54 6 52 33 0 48 8 37 1 27 23 12 44
