run=1 seed=0 k=62 f=0
41 4 52 9 19 48 38 12 17 53 25 31 54 37 61 36 60 25 5 38 11 31 13 57 49 0 2 14 45 52 43 51 13 47 27 22 31 4 61 48 52 61 59 0 34 57 3 32 43 31 38 8 52 23 0 21 20 5 40 1
run=2 seed=1 k=62 f=0
41 4 52 9 19 48 38 12 17 53 25 31 54 37 61 36 60 25 5 38 11 31 13 57 49 0 2 14 45 52 43 51 13 47 27 22 31 4 61 48 52 61 59 0 34 57 3 32 43 31 38 8 52 23 0 21 20 5 40 1
run=3 seed=2 k=62 f=0
28 41 61 29 1 61 23 61 13 35 28 51 21 49 37 19 44 11 55 55 6 16 61 17 1 3 0 61 35 43 51 45 47 55 28 8 53 43 21 4 38 3 0 38 24 36 6 0 9 16 60 19 33 46 11 34 33 35 52 11
run=4 seed=3 k=62 f=0
42 27 20 0 13 9 6 2 10 60 42 18 33 24 54 61 20 51 48 49 21 14 32 19 13 41 16 1 28 51 10 28 57 36 44 26 45 7 12 4 39 36 54 33 41 57 23 0 16 29 51 35 18 49 52 60 60 46 57 8
run=5 seed=4 k=62 f=0
33 49 56 29 61 45 35 25 41 35 13 7 2 24 21 42 4 56 39 32 31 58 14 26 29 8 54 37 32 39 0 2 0 20 56 59 18 54 48 30 16 53 24 18 8 49 7 10 28 45 45 17 18 0 43 30 41 60 46 17
run=6 seed=5 k=62 f=0
20 13 59 17 23 35 11 15 28 15 50 42 35 43 8 34 14 27 26 20 54 26 51 54 60 34 39 27 22 35 47 58 44 43 7 61 60 9 50 57 0 0 37 11 1 3 61 4 43 25 3 35 58 52 52 54 25 0 25 61
run=7 seed=6 k=62 f=0
61 1 61 22 33 39 0 51 6 12 41 11 27 45 14 44 32 6 9 58 33 8 54 48 3 51 1 58 57 21 31 18 30 16 52 0 0 40 52 6 43 0 52 14 13 29 58 21 57 35 19 26 42 43 20 45 11 20 39 26
run=8 seed=7 k=62 f=0
20 43 15 51 59 11 42 2 7 13 59 25 21 45 27 60 41 28 26 16 13 49 34 45 48 1 51 28 13 20 57 40 2 11 22 61 43 8 49 52 18 44 16 53 10 25 34 34 61 36 31 35 22 61 3 0 53 4 15 54
run=9 seed=8 k=62 f=0
27 60 24 47 11 2 6 58 10 37 33 49 22 55 1 56 4 33 8 1 7 27 11 20 38 34 44 15 27 43 39 26 48 38 61 59 57 42 34 48 25 19 33 13 49 18 51 39 0 13 37 22 25 61 0 1 14 21 32 11
run=10 seed=9 k=62 f=0
37 47 9 24 41 2 4 0 16 52 22 7 0 27 33 31 43 10 8 41 29 48 19 24 3 53 12 35 46 57 11 50 53 39 2 17 38 11 28 60 40 37 59 61 0 31 12 44 45 44 21 18 17 61 8 18 55 11 53 61
run=11 seed=10 k=62 f=0
0 34 30 49 6 7 1 33 57 48 52 27 0 59 61 8 61 51 49 44 49 46 29 58 40 9 26 47 58 10 57 1 31 24 40 40 27 41 11 22 22 41 5 23 16 15 61 16 15 19 33 0 42 40 27 19 61 53 12 2
run=12 seed=11 k=62 f=0
61 10 61 23 53 25 55 4 50 37 26 0 29 26 5 23 31 47 31 59 55 20 3 9 42 43 46 42 11 51 60 16 53 9 48 16 3 47 45 61 22 59 30 36 23 34 42 0 11 31 39 5 1 0 14 36 21 58 16 32
run=13 seed=12 k=62 f=0
7 0 32 18 41 25 27 31 9 4 40 58 59 30 6 51 61 14 61 1 29 12 1 0 25 57 21 8 8 0 20 54 42 36 36 17 10 1 48 19 36 47 41 33 56 47 61 53 18 41 36 50 33 1 15 51 43 38 43 18
run=14 seed=13 k=62 f=0
18 11 24 0 7 32 19 53 37 47 22 18 40 56 59 5 45 39 26 16 61 43 17 61 59 12 1 0 2 11 49 45 46 6 29 0 31 49 39 4 56 31 40 54 25 29 61 11 16 40 9 13 60 50 37 35 0 36 52 49
run=15 seed=14 k=62 f=0
27 24 17 39 54 34 33 6 49 4 54 18 3 32 46 45 55 9 12 32 10 13 32 20 12 8 41 50 1 29 15 21 51 23 11 42 57 21 57 43 26 37 61 61 43 61 43 0 47 58 43 61 8 0 19 56 32 1 24 50
run=16 seed=15 k=62 f=0
41 22 16 0 18 34 9 17 35 0 61 38 1 51 47 57 23 27 9 6 57 2 1 21 44 29 26 53 12 46 5 43 1 22 38 59 26 39 31 61 40 54 50 14 60 53 31 50 19 61 23 9 33 41 28 15 48 35 50 0
run=17 seed=16 k=62 f=0
11 61 9 23 17 37 29 7 57 32 25 29 51 55 50 6 3 53 56 39 7 38 47 28 18 37 61 11 43 61 52 14 47 53 26 2 25 40 33 60 10 15 41 61 24 45 19 19 13 60 18 46 33 0 5 5 0 29 35 2
run=18 seed=17 k=62 f=0
21 51 47 59 28 7 29 44 16 5 35 17 27 52 23 42 0 15 14 3 12 61 34 44 11 37 50 3 51 25 40 28 30 20 61 51 56 46 36 45 2 7 0 0 13 52 11 61 35 13 2 15 23 4 37 33 19 50 24 60
run=19 seed=18 k=62 f=0
42 14 5 26 60 35 43 24 47 26 41 3 24 36 41 12 40 24 48 19 50 51 55 7 34 56 54 53 18 33 40 2 61 19 20 27 39 60 12 0 1 57 1 0 32 61 10 18 11 14 42 9 23 34 44 26 1 5 47 28
run=20 seed=19 k=62 f=0
10 43 36 61 21 0 41 36 10 10 51 9 9 56 7 21 18 44 46 56 45 8 41 30 32 16 18 14 19 25 61 43 19 31 26 37 54 17 3 47 14 42 20 61 28 0 17 54 26 25 31 1 2 53 39 54 35 55 6 58
