run=1 seed=0 k=71 f=0
17 46 53 50 15 15 56 48 46 69 63 21 59 54 67 53 32 64 64 40 36 45 28 70 48 45 8 5 18 21 49 51 46 63 25 60 43 11 26 46 40 11 27 22 16 6 19 14 30 48 7 22 70 34 19 9 16 8 36 3 52 14 57 0 2 30 33 0 1 43 24 7 37 40 30 70 66 32 70 26 44 63 50 24 68 66 15 7 3 51 36 63 38 10 70 61 32 4 0 34 1 25 35 61 36 14 4 58 55 60 58 19 55 12 3 38 9 51 6 12
run=2 seed=1 k=71 f=0
17 46 53 50 15 15 56 48 46 69 63 21 59 54 67 53 32 64 64 40 36 45 28 70 48 45 8 5 18 21 49 51 46 63 25 60 43 11 26 46 40 11 27 22 16 6 19 14 30 48 7 22 70 34 19 9 16 8 36 3 52 14 57 0 2 30 33 0 1 43 24 7 37 40 30 70 66 32 70 26 44 63 50 24 68 66 15 7 3 51 36 63 38 10 70 61 32 4 0 34 1 25 35 61 36 14 4 58 55 60 58 19 55 12 3 38 9 51 6 12
run=3 seed=2 k=71 f=0
33 8 27 56 48 30 3 21 18 1 70 48 1 21 18 60 21 65 70 49 56 55 13 15 39 30 38 45 38 20 28 2 29 70 12 12 36 69 17 18 31 8 29 2 70 26 66 13 32 21 52 60 36 26 67 0 16 12 70 54 27 50 64 36 9 34 63 9 19 39 1 48 10 16 3 0 54 23 13 46 62 25 63 22 31 2 38 62 45 68 41 8 6 57 62 70 68 26 55 69 67 42 44 53 48 53 68 1 16 39 48 38 44 44 17 2 33 4 61 51
run=4 seed=3 k=71 f=0
22 35 0 70 24 47 33 70 27 56 2 0 21 11 51 6 65 56 43 0 43 17 41 36 63 29 11 14 27 7 32 48 1 51 7 36 21 40 67 15 39 69 23 54 12 35 21 23 38 48 54 39 63 43 7 49 14 49 58 5 33 32 4 60 43 11 45 16 27 65 23 51 62 20 10 52 58 56 35 43 0 49 4 63 69 39 67 2 30 7 65 17 40 30 28 57 9 26 43 52 45 26 55 68 33 68 7 35 13 19 15 62 55 47 12 19 59 55 8 7
run=5 seed=4 k=71 f=0
49 62 24 30 19 4 33 18 60 3 7 38 1 61 58 56 6 48 8 45 3 39 9 19 39 43 22 25 59 52 22 68 21 70 21 25 31 13 20 10 26 67 60 17 57 37 12 14 55 69 3 60 37 40 1 1 3 66 26 54 48 1 11 44 13 36 6 27 30 39 18 66 29 58 10 47 53 40 0 30 69 31 49 14 4 47 68 30 43 12 44 21 48 0 35 68 30 27 24 11 31 16 44 16 40 53 67 65 2 27 35 18 61 70 44 0 64 66 55 52
run=6 seed=5 k=71 f=0
42 67 17 67 32 40 11 44 56 39 42 47 48 32 16 2 3 21 50 20 22 33 8 18 64 2 33 37 33 52 36 11 68 66 8 70 55 66 4 0 35 15 42 43 70 66 30 9 25 17 58 0 29 30 41 8 63 11 53 8 8 18 12 44 0 0 17 70 70 64 70 38 9 58 50 49 70 27 8 23 55 27 37 14 46 16 60 40 50 42 48 14 20 43 60 57 28 63 21 8 53 29 1 1 47 70 5 60 57 50 24 0 40 34 62 26 6 61 57 16
run=7 seed=6 k=71 f=0
20 63 56 29 11 39 6 13 37 48 67 65 19 65 65 51 41 45 54 35 21 20 0 19 52 56 0 24 32 39 46 54 60 34 13 15 69 66 39 17 19 36 39 6 66 59 69 66 43 25 51 62 29 12 49 10 68 24 1 34 1 2 59 27 22 1 45 70 35 28 13 34 22 12 37 17 26 40 39 0 67 44 33 33 56 3 53 54 3 5 59 49 3 7 9 49 40 9 8 8 21 21 50 48 66 16 54 10 57 24 5 47 31 70 55 18 25 26 30 41
run=8 seed=7 k=71 f=0
44 18 11 14 70 54 28 25 68 3 9 62 36 56 61 15 49 39 62 1 0 49 36 29 48 16 48 53 56 70 61 12 18 39 47 34 2 35 48 0 34 29 62 43 21 66 43 24 0 65 7 16 52 61 18 22 11 35 36 21 30 26 32 28 16 10 30 39 70 51 42 4 40 1 22 14 69 62 22 8 20 23 62 30 44 35 53 37 30 30 52 40 4 0 52 9 67 31 52 0 56 7 39 43 9 7 70 36 33 69 58 13 52 0 45 61 70 57 5 67
run=9 seed=8 k=71 f=0
48 31 24 19 68 65 53 68 42 52 51 57 54 47 20 42 8 47 30 4 26 20 36 62 20 7 2 26 48 0 16 60 46 17 16 61 4 29 31 4 41 29 58 27 5 38 27 55 61 4 68 5 46 66 27 68 38 25 46 17 59 52 0 62 22 46 55 14 8 1 42 46 18 29 35 55 70 12 39 23 0 53 5 3 0 56 32 10 69 15 37 29 48 6 53 41 14 13 37 63 70 8 68 70 68 63 35 65 14 34 65 33 65 42 39 12 23 28 54 33
run=10 seed=9 k=71 f=0
27 70 0 54 70 21 60 30 31 51 11 13 57 43 60 60 9 70 9 69 46 29 65 41 52 65 38 2 68 40 13 24 19 27 38 59 46 58 0 37 38 70 10 5 24 33 70 33 20 26 6 65 24 68 13 45 23 29 35 40 4 15 40 57 16 3 51 54 59 28 29 35 28 0 12 62 30 66 61 48 19 69 8 16 47 5 54 52 40 53 14 4 19 43 48 35 39 52 58 0 5 32 50 8 48 23 66 10 61 16 8 69 37 31 39 17 2 1 33 8
run=11 seed=10 k=71 f=0
3 13 0 1 11 18 48 13 3 21 59 55 70 16 0 27 51 65 70 51 58 3 32 2 44 56 24 47 60 70 37 68 41 4 10 41 54 64 48 11 37 46 57 65 53 17 1 65 21 51 57 62 29 63 42 48 3 13 34 69 44 11 31 23 15 61 22 36 31 30 22 16 5 10 52 1 24 35 36 7 44 41 70 36 55 55 55 67 34 37 31 29 11 18 62 23 68 44 20 53 4 42 23 40 50 5 70 22 0 45 43 40 8 49 16 8 63 9 38 3
run=12 seed=11 k=71 f=0
53 21 58 64 34 20 35 63 4 70 63 45 56 6 20 44 14 27 2 55 26 17 26 49 39 37 4 14 48 51 65 61 14 53 10 16 2 54 16 54 29 9 28 46 70 21 7 61 31 27 69 48 20 26 1 46 11 28 60 59 69 69 43 34 21 53 59 13 54 4 18 8 13 55 61 60 24 23 32 32 70 50 41 5 38 2 11 49 70 0 37 8 68 47 43 42 12 64 25 40 3 49 24 2 67 14 31 50 4 0 26 7 21 66 0 16 30 23 27 5
run=13 seed=12 k=71 f=0
29 60 36 47 41 13 19 49 54 33 41 55 70 3 0 62 41 27 1 25 32 32 1 5 50 30 40 20 11 29 33 61 60 1 37 1 70 41 10 52 22 50 68 68 56 3 70 54 4 23 2 26 15 41 37 23 0 15 42 50 54 31 26 9 63 42 50 63 61 18 3 65 11 0 69 57 4 43 60 22 52 34 17 41 27 60 52 61 47 20 9 66 9 27 21 10 48 33 66 43 3 70 38 70 70 21 36 14 56 11 29 50 54 52 60 44 26 70 22 2
run=14 seed=13 k=71 f=0
68 0 70 1 58 50 37 64 13 68 24 60 33 26 69 67 0 30 48 19 16 64 5 30 56 61 11 2 41 12 61 70 9 14 26 36 26 52 4 70 9 43 70 44 42 49 2 51 40 51 24 48 2 40 26 52 8 29 14 18 44 57 47 29 66 25 52 24 6 33 21 17 47 42 0 16 17 22 67 54 26 60 0 13 30 67 34 22 56 64 59 6 38 18 50 7 44 58 59 11 31 25 58 37 11 7 16 62 30 36 1 19 14 21 70 62 47 70 55 39
run=15 seed=14 k=71 f=0
30 4 34 50 68 24 29 2 49 14 56 7 26 24 59 17 3 17 34 4 27 69 17 14 46 4 34 31 55 61 70 18 26 54 37 41 38 39 59 48 54 8 26 34 0 65 65 67 20 31 40 54 63 68 27 35 70 51 5 56 18 26 44 50 63 4 15 8 43 42 56 56 38 60 33 39 43 0 45 35 10 2 30 11 22 64 46 2 9 21 23 46 8 10 69 49 22 13 16 17 44 1 4 10 22 64 13 37 38 50 29 60 24 42 0 26 69 0 29 40
run=16 seed=15 k=71 f=0
31 48 9 57 34 21 43 66 10 59 52 67 16 54 25 51 47 32 40 64 62 12 0 38 31 68 0 28 10 26 68 23 61 37 59 70 59 32 45 14 34 32 45 36 21 40 7 67 69 30 20 51 6 68 49 26 9 49 65 39 9 12 19 34 50 48 9 19 40 70 43 47 31 11 56 20 54 8 16 26 1 70 35 38 47 69 6 2 21 52 22 64 56 11 55 44 60 2 2 60 0 4 24 42 0 46 49 19 19 25 45 2 61 17 44 69 58 6 15 30
run=17 seed=16 k=71 f=0
19 60 26 1 39 20 51 22 23 35 10 9 70 0 24 0 66 45 65 42 8 69 12 6 31 36 60 12 39 19 19 52 31 56 14 43 31 8 8 54 37 45 63 68 0 47 20 66 53 70 70 62 0 42 18 28 7 24 38 62 58 17 47 35 70 5 7 30 44 1 23 41 65 28 68 19 4 48 29 57 26 33 7 41 4 35 16 51 27 8 53 0 37 45 67 17 50 37 6 11 57 12 26 46 66 51 56 22 57 59 69 19 52 6 33 55 41 33 28 52
run=18 seed=17 k=71 f=0
16 35 60 1 55 52 41 28 46 70 48 21 0 52 41 70 39 63 22 59 3 1 51 29 20 40 34 26 62 9 59 10 25 17 56 24 45 15 67 3 58 39 10 33 14 36 38 6 63 49 65 34 52 5 55 30 63 49 16 58 30 32 40 21 56 15 63 63 22 19 9 4 32 12 70 69 28 64 4 70 46 70 21 53 33 35 43 10 13 28 2 3 46 49 42 47 8 66 66 22 15 23 19 69 28 19 67 51 51 1 28 59 31 0 13 30 39 39 6 8
run=19 seed=18 k=71 f=0
12 23 16 22 2 4 52 10 27 55 43 46 24 18 54 68 8 32 20 11 23 70 46 13 54 5 59 32 46 0 5 58 33 54 35 36 18 48 12 45 24 51 23 28 8 16 47 22 4 64 48 33 16 38 10 15 44 35 7 20 40 47 4 31 26 1 49 61 52 15 4 25 58 12 29 4 31 47 58 68 0 20 61 39 12 33 40 63 35 61 10 35 61 47 69 70 2 31 64 57 13 43 15 39 35 40 65 3 47 61 69 39 42 52 40 60 67 22 53 48
run=20 seed=19 k=71 f=0
9 46 61 29 46 15 10 36 61 9 60 50 46 68 61 31 58 60 21 10 54 8 52 55 16 23 22 69 40 38 20 49 12 10 7 53 3 17 18 64 27 38 24 0 23 50 0 48 70 25 0 29 64 44 19 47 53 55 65 33 2 59 0 30 35 39 45 15 18 24 52 43 46 5 35 30 69 39 54 12 25 14 1 18 2 55 26 11 32 0 70 63 57 0 10 70 67 30 34 55 54 46 5 1 61 37 70 25 36 14 42 34 60 19 0 69 70 26 6 6
