run=1 seed=0 k=61 f=0
47 38 45 29 9 49 32 58 58 23 33 4 34 19 48 34 15 42 1 29 54 46 17 22 7 3 15 49 28 52 60 22 12 26 21 10 17 12 0 45 37 27 2 34 27 0 60 19 5 31 4 3 12 8 31 12 54 16 27 39 20 53 20 8 0 49 56 38 25 0 26 37 12 59 60 53 0 2 12 52 8 60 51 57 10 1 19 34 58 46 2 38 39 29 60 29 29 23 2 21 39 21 12 32 13 47 38 55 0 14 44 57 41 23 43 0 38 16 40 48
run=2 seed=1 k=61 f=0
47 38 45 29 9 49 32 58 58 23 33 4 34 19 48 34 15 42 1 29 54 46 17 22 7 3 15 49 28 52 60 22 12 26 21 10 17 12 0 45 37 27 2 34 27 0 60 19 5 31 4 3 12 8 31 12 54 16 27 39 20 53 20 8 0 49 56 38 25 0 26 37 12 59 60 53 0 2 12 52 8 60 51 57 10 1 19 34 58 46 2 38 39 29 60 29 29 23 2 21 39 21 12 32 13 47 38 55 0 14 44 57 41 23 43 0 38 16 40 48
run=3 seed=2 k=61 f=0
35 47 60 25 19 34 59 43 35 2 41 41 60 39 52 4 32 52 35 30 11 9 34 60 4 18 18 59 8 27 44 41 24 38 11 51 14 24 1 51 10 53 33 9 44 27 10 29 50 30 5 6 35 47 40 60 21 56 44 18 60 29 11 9 11 59 31 27 24 42 17 22 56 1 33 44 20 52 22 0 39 59 1 57 44 57 36 5 14 19 41 51 17 0 0 0 24 1 29 14 39 48 52 17 41 56 7 10 27 47 46 0 46 40 28 52 8 32 25 54
run=4 seed=3 k=61 f=0
14 22 9 19 18 50 10 18 50 27 44 31 14 36 0 30 17 58 33 12 9 33 27 4 59 58 5 59 58 52 23 6 25 11 22 52 1 34 60 54 30 59 18 7 37 23 43 47 0 18 55 39 49 37 18 60 32 3 50 0 35 19 43 60 28 6 44 26 14 44 50 47 29 42 60 49 52 18 53 43 7 11 35 32 38 38 19 28 8 0 60 36 25 53 0 54 46 24 1 0 7 0 16 42 60 15 27 2 0 28 6 4 60 33 32 17 24 55 12 60
run=5 seed=4 k=61 f=0
41 20 8 32 27 2 35 4 0 8 13 8 60 1 37 57 57 40 9 46 0 29 42 8 31 47 52 26 21 15 50 44 54 12 23 50 36 56 59 13 9 0 21 39 52 51 59 1 53 25 56 32 23 49 2 46 2 21 15 17 59 2 55 34 59 2 9 16 60 8 48 21 59 20 50 14 27 18 17 6 34 9 26 10 49 24 36 19 45 43 35 0 40 0 60 44 2 52 48 42 28 58 44 26 19 59 13 34 57 32 44 5 41 48 15 0 32 1 24 54
run=6 seed=5 k=61 f=0
47 5 42 59 56 50 1 34 33 56 34 44 29 11 8 31 31 24 24 4 2 0 28 3 55 18 33 44 46 35 49 43 54 15 60 22 0 17 52 26 57 6 39 60 8 15 31 9 43 0 56 11 0 38 0 28 58 43 49 45 16 24 2 60 12 13 30 25 51 47 2 18 23 7 31 60 14 0 46 57 4 38 59 32 37 3 19 23 53 53 8 25 60 38 51 39 19 56 7 20 19 28 37 13 28 0 14 24 13 43 0 20 37 22 40 0 51 12 28 53
run=7 seed=6 k=61 f=0
39 32 44 16 41 39 33 41 23 12 4 60 37 46 18 32 39 3 50 60 24 57 9 58 4 30 45 60 55 37 60 22 10 9 37 51 50 5 34 58 56 44 3 21 29 22 40 16 45 21 56 53 26 18 26 19 10 0 42 29 9 1 55 60 52 4 14 33 12 50 7 19 55 27 1 39 29 3 56 9 46 32 60 1 52 22 0 30 14 14 60 3 25 60 0 59 22 35 1 17 23 8 60 24 49 0 55 44 20 50 57 35 13 15 0 52 40 31 15 5
run=8 seed=7 k=61 f=0
20 38 45 41 40 16 37 0 5 58 23 23 51 60 58 24 37 32 1 45 7 55 17 48 12 44 2 50 60 52 0 29 20 39 39 3 57 43 22 28 53 42 21 2 27 13 37 60 38 21 29 60 20 3 42 0 30 16 42 29 23 46 60 8 59 46 32 48 45 14 0 37 55 51 1 30 17 1 14 8 44 30 50 0 16 8 8 50 16 2 13 22 7 30 60 32 55 28 1 36 10 57 53 32 20 23 26 36 44 10 17 33 59 23 27 0 59 10 31 12
run=9 seed=8 k=61 f=0
22 8 0 48 26 37 51 35 60 3 12 31 0 5 9 30 47 7 36 56 59 2 20 1 40 41 22 15 40 13 48 14 13 60 16 60 43 27 37 45 32 10 23 27 30 51 24 4 49 40 52 40 22 22 22 42 8 20 17 50 17 7 0 43 0 9 52 50 27 44 3 7 55 58 35 14 25 52 18 16 7 20 60 15 44 26 32 53 6 32 15 60 36 0 60 0 32 1 10 56 59 11 30 35 51 60 2 23 37 10 40 55 47 26 33 51 28 60 34 11
run=10 seed=9 k=61 f=0
47 40 52 58 20 4 47 24 51 37 9 50 20 37 6 16 6 10 16 8 60 59 9 52 27 48 28 54 26 45 60 32 11 34 0 3 43 60 13 35 21 28 26 19 19 11 54 46 40 45 31 33 43 60 11 17 4 56 54 13 47 26 49 26 0 23 12 12 50 29 9 39 23 38 39 32 13 5 4 37 0 18 34 15 22 48 46 54 3 58 28 46 11 49 0 0 5 33 53 7 56 14 42 34 27 57 23 37 41 29 32 0 59 15 50 60 55 32 41 55
run=11 seed=10 k=61 f=0
9 48 60 20 24 57 53 55 6 19 57 45 27 32 6 30 29 3 10 3 60 20 33 4 16 23 13 38 21 53 7 9 28 14 29 52 22 35 33 42 41 54 9 9 45 38 41 60 38 32 57 35 19 1 54 2 0 47 58 10 39 52 45 17 35 0 60 47 45 53 20 23 18 32 15 57 15 19 53 0 49 7 28 38 0 28 44 32 5 3 60 12 53 58 0 0 24 19 2 60 0 7 28 40 39 43 41 48 48 3 44 30 59 27 42 9 59 12 29 11
run=12 seed=11 k=61 f=0
4 13 60 0 25 15 59 26 57 31 19 30 10 45 34 50 51 21 1 11 2 2 26 28 1 30 51 20 60 43 38 24 21 60 25 2 11 18 53 38 36 25 36 21 16 15 22 9 38 59 33 31 0 33 11 54 4 22 44 46 16 44 49 0 9 37 3 60 46 54 56 38 44 40 8 49 3 0 15 45 33 2 23 24 39 46 32 45 0 41 11 24 29 59 51 40 46 27 25 19 46 7 41 33 13 57 25 55 35 49 0 13 53 20 54 8 46 59 16 49
run=13 seed=12 k=61 f=0
18 35 0 55 24 14 21 44 38 32 57 37 37 11 0 16 11 8 60 27 60 0 22 48 58 17 46 24 31 7 60 59 28 33 47 40 41 60 19 18 34 6 58 45 12 40 23 51 28 57 8 53 29 54 56 21 10 54 43 3 41 8 48 60 2 48 57 5 47 50 47 34 1 28 33 14 25 0 0 46 55 9 34 25 60 23 54 9 11 6 14 22 11 12 43 15 50 15 9 0 42 1 3 29 59 35 41 36 1 26 24 38 37 16 14 52 24 17 55 21
run=14 seed=13 k=61 f=0
11 39 51 32 52 7 1 11 0 24 17 59 59 38 34 59 5 40 35 20 0 24 0 22 10 32 24 50 53 44 21 58 54 19 6 12 0 13 45 40 40 52 4 4 28 2 32 34 49 3 0 47 29 35 2 33 52 60 17 44 26 9 30 8 56 60 47 17 9 9 12 38 58 49 43 25 44 13 27 35 16 45 22 27 2 42 5 19 31 10 54 41 41 1 60 60 20 51 27 0 39 54 11 33 30 15 16 25 0 57 49 57 17 24 9 16 60 37 51 39
run=15 seed=14 k=61 f=0
27 20 60 8 60 50 12 40 28 52 26 0 60 57 51 25 16 34 8 21 45 0 0 60 31 12 56 46 54 15 0 7 9 59 19 0 52 9 44 17 38 12 22 48 10 13 35 35 12 60 2 7 49 0 44 49 56 47 6 14 23 19 31 34 42 20 31 33 57 14 39 21 35 19 39 35 46 19 1 37 5 48 59 58 5 42 22 5 4 28 43 43 13 31 51 0 46 28 32 29 44 24 18 26 29 40 60 54 12 3 0 39 53 6 20 42 0 45 36 15
run=16 seed=15 k=61 f=0
2 21 9 50 21 13 8 24 28 51 18 4 46 18 12 53 44 58 0 6 29 51 43 49 32 51 27 5 52 16 27 24 16 30 56 59 44 60 36 22 52 2 39 60 53 41 34 36 40 25 46 8 54 60 33 12 30 44 59 4 4 0 15 35 21 16 12 38 32 53 18 22 2 36 44 10 12 25 40 60 5 45 8 32 14 41 29 36 48 30 42 22 58 28 0 60 57 56 43 18 57 1 43 27 1 29 23 48 56 4 46 22 47 49 36 60 37 6 33 0
run=17 seed=16 k=61 f=0
12 30 42 39 59 6 36 28 60 17 35 47 13 4 5 2 23 12 19 30 42 14 8 43 13 59 0 22 6 35 51 14 20 42 54 59 35 30 55 11 31 28 34 49 19 15 26 12 60 9 60 2 37 10 41 23 6 52 56 49 33 26 16 0 30 35 15 10 5 49 0 29 2 23 25 27 0 50 42 43 33 21 45 48 30 33 9 13 19 60 1 49 57 43 51 19 21 56 54 22 56 16 60 24 54 23 58 39 13 39 38 47 0 15 60 60 35 52 16 47
run=18 seed=17 k=61 f=0
0 47 60 47 15 37 6 11 59 51 33 9 18 16 54 14 39 60 58 42 48 51 24 18 5 60 30 0 24 17 60 1 60 43 2 59 6 43 39 42 13 25 27 27 44 42 41 49 16 4 15 2 43 31 5 6 50 25 56 13 6 52 10 9 22 19 33 35 42 41 14 34 39 0 24 31 46 27 46 32 0 44 35 26 18 22 0 32 59 58 25 14 35 47 0 60 33 10 29 52 39 54 43 39 5 5 13 8 23 44 19 60 29 30 9 52 53 24 51 26
run=19 seed=18 k=61 f=0
56 5 33 40 52 29 22 37 33 60 42 6 41 14 23 52 39 15 50 21 44 50 10 0 53 52 47 1 47 40 11 8 2 13 17 21 43 5 0 44 49 34 30 45 20 55 30 19 12 7 45 4 27 21 59 20 14 60 7 49 9 59 46 51 53 43 0 17 5 0 50 45 6 58 38 3 54 8 56 0 32 41 2 16 28 12 33 60 28 22 38 14 37 45 60 32 23 2 0 60 58 51 56 25 28 35 3 43 59 25 51 60 17 16 20 0 17 56 37 49
run=20 seed=19 k=61 f=0
55 48 60 22 52 35 2 39 59 51 0 41 34 26 23 37 10 59 47 60 29 14 35 57 1 49 50 59 60 53 17 33 47 14 28 60 45 31 39 22 59 59 8 14 25 50 30 2 21 0 5 47 26 29 51 36 34 13 58 40 43 5 54 0 19 16 60 18 54 12 16 47 60 13 35 41 52 31 54 43 22 48 6 29 21 58 27 0 41 5 21 31 42 6 9 5 21 7 38 9 21 8 60 42 33 2 46 11 58 21 9 28 37 29 0 18 0 46 41 58
