run=1 seed=0 k=65 f=0
13 57 34 55 0 40 51 5 14 46 39 46 0 4 39 1 35 31 62 11 45 8 25 22 38 39 2 11 62 18 48 52 27 64 44 54 21 31 5 57 14 63 16 16 13 47 18 39 30 0 47 10 25 30 41 23 37 32 1 36 19 39 49 43 60 30 27 34 63 64 64 56 60 15 51 57 8 19 43 41 29 23 54 31 30 29 15 26 21 7 62 20 56 4 64 57 2 51 19 56 55 20 29 51 37 61 63 48 47 0 56 43 8 9 17 0 7 49 34 64
run=2 seed=1 k=65 f=0
13 57 34 55 0 40 51 5 14 46 39 46 0 4 39 1 35 31 62 11 45 8 25 22 38 39 2 11 62 18 48 52 27 64 44 54 21 31 5 57 14 63 16 16 13 47 18 39 30 0 47 10 25 30 41 23 37 32 1 36 19 39 49 43 60 30 27 34 63 64 64 56 60 15 51 57 8 19 43 41 29 23 54 31 30 29 15 26 21 7 62 20 56 4 64 57 2 51 19 56 55 20 29 51 37 61 63 48 47 0 56 43 8 9 17 0 7 49 34 64
run=3 seed=2 k=65 f=0
30 21 9 0 46 13 64 42 20 14 29 49 13 56 11 24 18 22 2 43 62 57 43 21 6 16 7 5 0 16 3 61 62 58 7 46 12 62 0 35 52 56 15 1 33 21 26 34 50 36 44 51 21 43 25 6 39 33 24 5 37 34 31 0 33 62 62 28 21 20 11 59 16 40 55 30 46 17 22 38 53 48 19 3 64 47 40 30 5 43 55 9 50 35 52 1 59 50 13 64 8 28 48 64 27 39 56 44 59 32 39 41 16 37 29 26 2 10 61 7
run=4 seed=3 k=65 f=0
11 57 0 33 45 50 57 36 9 19 18 4 0 3 22 41 22 42 31 10 0 52 35 13 59 24 25 22 29 27 23 7 12 9 17 11 60 45 50 53 44 32 30 47 45 17 28 31 64 57 39 55 64 0 18 37 41 42 47 37 61 26 55 16 32 48 38 27 26 36 11 22 32 13 6 50 52 1 20 38 59 61 21 2 14 40 4 54 41 41 2 4 61 41 64 12 26 62 37 46 61 8 0 8 29 55 62 47 46 62 26 4 6 41 10 52 0 0 43 18
run=5 seed=4 k=65 f=0
53 59 46 61 9 12 55 4 1 15 45 21 55 54 0 64 49 31 16 43 17 52 24 50 13 60 6 6 0 39 3 61 54 56 8 64 46 34 19 35 6 21 21 35 56 57 32 33 12 51 21 33 14 36 60 33 11 0 43 6 37 27 48 9 18 41 18 25 2 54 11 34 2 44 45 42 11 47 25 27 37 34 25 2 13 23 57 27 39 11 24 20 40 64 0 62 35 4 20 64 40 49 1 17 0 46 1 24 63 28 57 61 59 30 44 64 49 26 42 49
run=6 seed=5 k=65 f=0
62 44 29 42 20 2 19 27 33 16 61 33 23 53 29 0 25 58 39 3 52 10 64 7 33 40 49 13 15 49 12 11 19 57 55 51 20 46 40 55 63 41 48 20 54 0 24 47 51 42 33 5 57 7 26 19 11 62 27 4 0 48 33 0 43 33 3 64 41 45 63 43 14 13 8 44 54 29 63 63 39 19 8 9 21 17 34 59 1 8 63 57 64 50 12 35 19 14 36 47 64 26 60 37 0 29 61 7 27 61 7 1 57 58 32 21 47 32 14 17
run=7 seed=6 k=65 f=0
31 18 49 35 9 14 51 53 47 3 25 46 19 53 53 8 63 7 8 15 47 40 58 31 1 20 20 43 1 42 52 23 10 29 33 63 61 59 51 44 5 0 0 27 7 49 45 15 4 28 62 27 36 15 34 63 8 49 15 13 31 38 20 0 42 54 44 1 50 40 54 17 11 56 18 8 29 2 0 9 57 63 22 4 35 6 31 64 49 17 37 38 57 0 34 59 40 20 63 64 63 43 56 12 36 9 63 26 14 63 11 11 38 64 43 25 5 15 38 13
run=8 seed=7 k=65 f=0
12 41 56 63 40 37 31 27 0 44 25 3 48 8 25 50 45 56 56 31 31 3 0 50 20 14 46 42 38 36 0 33 35 8 46 64 28 14 13 23 57 40 21 36 31 22 10 2 35 52 51 35 56 64 40 55 7 11 39 23 53 0 49 18 23 30 26 20 48 62 5 43 18 17 1 31 61 56 45 30 5 17 59 0 32 54 47 16 7 14 35 57 62 57 9 11 29 16 3 12 46 10 57 26 27 63 23 23 39 54 56 13 4 48 21 64 52 59 29 64
run=9 seed=8 k=65 f=0
64 10 39 0 54 13 48 51 22 31 57 56 3 18 37 9 25 30 20 2 0 3 15 34 24 12 7 29 9 46 29 46 13 38 0 23 53 49 7 10 0 62 63 36 51 1 48 46 19 3 32 40 11 20 45 34 20 60 57 64 16 64 44 23 38 13 55 32 41 25 41 6 25 42 8 31 15 0 64 36 64 12 62 41 22 52 50 45 1 51 40 19 55 62 64 62 48 31 52 56 55 26 55 0 25 46 63 63 53 27 62 15 40 55 47 31 4 11 43 20
run=10 seed=9 k=65 f=0
60 6 13 63 43 3 18 7 62 22 5 38 26 49 19 30 49 25 46 33 25 60 45 15 63 24 49 8 64 0 35 34 63 57 3 64 64 0 1 25 12 3 27 40 57 22 43 51 16 54 46 64 54 39 44 37 6 9 45 34 60 17 14 64 1 2 13 0 23 34 46 5 36 13 52 39 58 19 28 9 0 26 62 34 35 42 10 6 55 57 8 31 43 27 30 13 25 61 7 17 11 56 29 52 4 0 22 2 35 34 11 0 36 39 44 21 17 49 57 39
run=11 seed=10 k=65 f=0
50 39 64 24 41 2 20 34 7 57 53 13 19 63 32 51 12 43 35 51 50 29 26 32 12 49 32 38 25 0 28 23 62 28 18 35 9 31 36 54 48 64 50 0 36 3 6 0 0 26 15 0 54 19 23 40 43 5 10 17 4 60 13 11 1 63 39 27 20 21 7 5 47 57 12 12 3 17 55 48 61 53 63 32 45 18 21 56 36 50 47 41 57 52 53 62 1 21 32 10 42 39 63 19 31 8 48 31 44 30 43 4 44 32 37 44 16 10 19 44
run=12 seed=11 k=65 f=0
0 48 18 5 15 20 26 20 32 23 60 50 0 47 36 20 43 41 38 18 7 37 0 42 6 55 59 33 6 43 40 54 9 50 46 31 11 50 1 34 8 62 0 13 38 16 8 60 29 58 15 47 29 42 48 19 34 30 52 40 26 28 57 8 13 17 64 56 4 0 64 49 22 32 50 44 32 45 32 51 60 46 35 57 25 12 0 59 10 26 0 37 13 28 63 42 24 2 62 12 55 63 10 54 28 23 38 0 5 6 10 64 47 34 22 26 19 50 19 64
run=13 seed=12 k=65 f=0
19 5 64 64 44 30 36 30 22 54 58 24 26 54 16 46 0 44 57 17 22 3 12 15 6 40 7 61 15 56 11 20 62 18 55 64 26 44 13 28 36 55 34 63 24 45 26 24 34 17 52 60 18 53 8 64 58 36 50 9 0 4 24 39 1 37 31 10 17 53 19 33 18 53 30 21 48 1 45 64 33 45 11 42 54 16 27 63 43 5 0 56 10 8 48 36 32 12 46 3 42 1 44 19 54 22 40 37 31 13 11 45 2 28 40 0 63 49 5 49
run=14 seed=13 k=65 f=0
54 22 45 36 48 2 63 43 24 53 59 59 63 29 1 26 42 9 38 43 40 49 0 16 23 9 45 41 49 38 40 5 10 8 62 62 62 64 54 40 27 4 24 64 10 36 24 17 22 42 11 32 51 18 27 32 47 62 10 32 28 46 36 64 56 11 40 6 12 57 46 33 53 18 17 6 55 34 20 28 1 24 15 41 54 64 63 9 8 20 4 59 1 33 54 64 34 54 5 10 55 54 56 28 7 1 28 62 37 25 33 64 0 6 19 17 58 39 49 24
run=15 seed=14 k=65 f=0
18 8 64 42 47 63 9 7 62 16 58 26 11 54 24 32 6 3 60 16 0 29 40 22 35 42 15 24 29 24 26 13 26 15 3 25 51 34 43 5 26 58 2 64 29 37 63 64 0 8 50 52 43 0 15 10 47 39 34 43 64 63 58 16 43 51 27 14 20 38 11 9 45 53 6 2 46 8 36 64 19 62 51 59 0 1 18 16 64 11 0 52 41 14 1 31 36 0 48 1 2 35 4 47 26 13 23 54 0 58 52 50 21 33 35 56 42 38 6 60
run=16 seed=15 k=65 f=0
23 32 9 0 64 26 44 46 33 39 28 16 0 33 25 50 21 52 49 14 42 8 27 37 1 41 63 34 33 56 15 30 54 24 59 23 10 10 54 43 47 33 48 63 17 18 5 12 62 14 52 38 61 1 31 35 59 29 21 64 2 38 6 0 9 57 24 10 44 49 50 51 6 39 34 39 64 41 1 42 10 38 26 5 56 52 0 13 19 0 51 59 64 18 64 56 42 20 51 27 7 34 12 46 17 9 12 28 6 51 22 17 40 21 54 37 59 2 18 19
run=17 seed=16 k=65 f=0
29 21 64 22 44 1 15 28 47 33 34 41 47 18 26 37 40 29 41 33 18 64 8 54 61 55 58 25 24 46 64 48 40 57 5 13 1 56 22 44 12 28 34 9 40 59 46 13 12 22 5 38 22 44 27 45 24 22 1 1 53 31 49 0 63 56 41 0 55 35 24 20 49 9 11 38 7 63 0 34 0 33 6 58 42 61 52 2 58 6 63 50 6 63 54 63 43 27 61 56 7 38 59 15 47 64 49 32 0 33 21 18 6 36 15 28 64 3 26 8
run=18 seed=17 k=65 f=0
44 59 19 47 64 0 53 48 35 12 4 63 64 1 2 0 58 17 32 59 51 43 64 14 23 38 8 17 44 12 40 6 16 51 59 60 60 1 18 21 50 49 58 50 32 35 35 57 52 51 14 0 18 40 4 10 44 5 29 25 32 26 22 0 3 5 15 41 64 23 0 7 24 31 14 61 32 42 63 24 14 34 62 5 8 13 17 43 12 26 43 3 34 40 45 8 29 14 50 55 32 59 15 27 55 27 37 24 10 6 48 0 42 36 7 54 45 32 44 28
run=19 seed=18 k=65 f=0
33 51 0 42 15 23 38 2 38 17 57 16 46 48 37 48 41 29 51 63 7 7 46 64 14 6 49 62 8 30 55 28 62 25 29 25 33 59 19 4 64 7 45 38 24 59 35 19 47 64 22 29 38 4 21 64 12 7 18 6 25 42 36 64 6 44 20 58 23 64 1 35 32 4 0 3 14 40 30 0 33 42 24 8 32 50 34 54 12 16 50 49 0 22 10 49 42 0 58 21 33 63 58 19 57 58 34 10 19 44 13 53 18 39 64 56 10 37 29 12
run=20 seed=19 k=65 f=0
38 59 1 39 12 20 36 10 2 29 52 0 15 0 1 54 31 11 16 38 55 25 54 61 31 21 51 39 2 8 64 60 47 11 45 37 29 58 22 36 12 35 34 50 24 27 10 1 36 57 11 51 4 3 54 0 21 27 45 19 21 48 63 36 59 1 37 29 15 48 64 42 46 30 35 8 8 23 25 55 37 24 5 20 32 56 16 64 21 61 48 48 48 26 16 41 49 62 0 24 7 5 57 47 55 9 47 63 34 64 18 57 47 28 44 64 43 7 29 60
