run=1 seed=0 k=60 f=0
2 22 59 37 41 11 21 30 0 8 27 18 7 41 5 5 10 1 59 0 33 19 27 19 6 59 30 50 32 52 52 23 34 23 38 26 15 34 1 35 59 30 44 21 37 47 0 42 12 56 42 59 36 56 19 51 30 23 8 17 52 45 17 9 35 34 2 0 38 14 30 47 0 54 27 11 0 17 48 16 57 4 44 13 30 25 23 59 59 22 48 3 10 57 0 21 51 12 11 24 0 59 52 42 56 30 45 59 39 46 54 0 42 33 43 17 15 4 53 48
run=2 seed=1 k=60 f=0
2 22 59 37 41 11 21 30 0 8 27 18 7 41 5 5 10 1 59 0 33 19 27 19 6 59 30 50 32 52 52 23 34 23 38 26 15 34 1 35 59 30 44 21 37 47 0 42 12 56 42 59 36 56 19 51 30 23 8 17 52 45 17 9 35 34 2 0 38 14 30 47 0 54 27 11 0 17 48 16 57 4 44 13 30 25 23 59 59 22 48 3 10 57 0 21 51 12 11 24 0 59 52 42 56 30 45 59 39 46 54 0 42 33 43 17 15 4 53 48
run=3 seed=2 k=60 f=0
20 52 16 58 22 18 24 50 1 27 0 42 10 31 0 9 45 33 27 13 59 36 39 6 20 13 51 31 38 46 35 27 3 0 51 36 58 57 33 17 7 50 53 0 29 2 46 51 59 55 9 55 25 20 0 26 1 59 41 5 48 42 10 0 16 11 37 34 8 13 41 51 45 5 40 22 18 38 19 59 29 23 49 27 24 42 3 32 12 11 17 53 44 18 59 6 43 3 26 44 28 10 58 24 13 45 29 14 0 57 42 17 39 33 0 8 57 49 19 16
run=4 seed=3 k=60 f=0
0 21 9 37 19 7 56 53 12 54 43 48 1 28 10 59 21 15 25 0 49 0 42 9 49 44 1 13 50 16 16 14 2 0 31 18 37 22 8 30 56 52 44 5 32 17 45 29 59 28 56 32 46 49 53 9 27 32 21 4 28 22 35 50 39 10 21 59 33 1 24 22 26 27 43 40 30 50 50 59 8 33 3 10 6 59 51 56 12 57 36 33 22 59 0 37 30 58 22 24 23 44 18 27 14 36 21 39 57 53 42 53 38 36 39 58 47 18 1 12
run=5 seed=4 k=60 f=0
54 22 59 34 0 2 6 58 38 59 15 59 0 30 35 59 13 27 58 41 29 0 37 57 5 58 18 40 50 52 47 22 12 50 6 4 28 21 54 25 49 18 59 49 25 5 51 20 52 41 14 25 35 4 13 43 33 13 21 32 9 16 25 9 51 19 17 17 24 44 58 47 3 49 59 16 39 6 8 29 20 0 9 3 55 14 31 22 38 59 14 35 31 26 0 51 46 46 0 12 51 41 15 30 17 0 55 46 49 39 48 9 31 43 56 17 40 33 9 43
run=6 seed=5 k=60 f=0
8 29 59 13 56 25 20 0 33 1 11 32 37 48 42 6 40 59 28 56 48 20 8 58 3 18 43 14 31 34 0 27 4 28 49 9 20 51 10 15 3 30 9 39 18 3 57 34 1 25 39 14 45 38 7 33 28 9 47 41 18 53 43 0 13 48 28 33 41 27 10 28 47 3 0 44 49 22 10 8 17 0 59 21 52 7 39 11 18 11 17 52 0 20 42 6 48 19 41 24 50 51 50 23 23 0 36 44 42 7 5 59 40 14 58 51 52 27 34 53
run=7 seed=6 k=60 f=0
59 38 50 5 8 19 46 49 22 5 33 43 45 55 21 56 14 12 46 30 53 50 17 43 2 11 33 11 38 43 0 53 42 39 55 23 46 13 59 59 5 36 34 46 27 0 39 49 6 14 18 57 24 31 3 59 27 17 13 48 39 0 18 0 39 54 21 16 41 30 12 37 13 52 47 17 59 4 7 30 52 53 21 3 18 56 30 59 45 8 31 24 26 1 59 0 29 25 21 8 15 28 51 32 1 38 37 33 27 30 1 1 0 23 17 8 40 23 58 34
run=8 seed=7 k=60 f=0
21 30 42 48 33 14 52 20 50 23 55 59 0 28 0 8 41 32 30 15 6 2 17 49 1 52 41 33 6 35 54 24 12 20 31 32 59 12 11 0 50 21 28 43 7 48 13 0 26 2 39 10 37 1 57 35 21 45 59 46 23 44 7 0 6 40 0 57 42 50 55 29 44 23 15 21 34 58 21 15 59 37 47 55 26 30 18 59 5 13 58 31 49 55 59 43 48 59 32 27 46 0 35 24 23 8 56 39 2 18 3 15 49 11 44 50 13 10 4 49
run=9 seed=8 k=60 f=0
38 52 7 29 50 13 51 42 11 33 5 21 18 45 19 18 33 58 59 28 0 36 31 27 21 27 0 41 53 0 27 12 5 5 37 3 50 47 0 2 53 9 23 59 41 30 43 25 29 14 29 4 56 25 13 46 38 13 59 59 27 34 52 23 33 53 0 14 18 59 38 51 59 44 8 1 59 34 23 0 11 47 3 20 0 55 22 42 41 38 24 21 58 30 59 37 1 36 47 47 43 5 15 46 10 15 38 48 58 52 27 10 8 37 36 15 29 54 41 31
run=10 seed=9 k=60 f=0
29 8 43 15 48 53 10 47 2 34 16 43 43 29 0 36 15 0 46 20 40 0 20 58 40 14 59 23 3 13 0 44 45 57 43 51 50 55 32 44 27 15 34 50 30 20 26 3 49 42 20 35 25 1 19 22 1 1 45 9 31 12 18 59 29 1 58 57 56 13 41 7 40 33 22 29 22 30 9 31 51 1 57 39 41 9 10 59 3 59 18 39 49 33 0 6 49 33 6 9 56 26 24 35 32 38 40 12 14 1 24 10 57 26 58 51 50 32 37 17
run=11 seed=10 k=60 f=0
46 7 59 25 38 15 1 4 27 33 51 59 47 26 57 13 32 7 7 39 7 26 28 56 45 32 48 38 16 35 1 48 15 47 39 13 31 5 40 37 15 54 54 59 18 0 58 22 42 49 27 59 18 5 59 35 9 19 46 0 21 21 28 43 56 40 46 51 59 0 49 8 32 36 13 27 40 6 0 24 56 31 17 55 31 0 5 49 23 47 21 37 0 34 0 30 36 30 29 33 41 43 58 13 59 12 55 54 40 4 14 17 16 22 10 51 1 2 16 41
run=12 seed=11 k=60 f=0
21 29 0 21 59 55 1 4 15 57 57 37 20 7 48 47 1 46 43 53 32 4 50 0 17 35 28 38 38 24 2 39 57 21 52 15 8 45 16 28 28 38 16 59 40 49 48 14 33 39 9 52 11 32 58 49 59 4 37 30 8 58 2 16 8 1 22 40 42 25 4 30 24 12 0 31 50 29 16 30 7 45 55 55 51 29 22 38 2 13 6 23 59 11 59 18 38 32 44 44 23 7 43 35 13 48 41 5 25 1 2 26 56 44 59 8 37 11 26 26
run=13 seed=12 k=60 f=0
46 21 9 32 43 15 29 46 31 46 56 49 59 59 25 2 51 7 47 41 18 15 34 16 53 52 59 26 30 16 50 15 17 46 15 11 10 57 21 47 5 31 21 12 44 38 29 52 24 54 56 37 20 56 9 34 48 3 54 37 9 34 31 51 14 3 36 53 47 34 19 22 33 23 59 48 24 11 24 43 16 29 1 38 40 57 45 51 50 5 21 56 59 2 0 0 30 16 59 9 44 1 24 27 9 44 45 32 38 5 42 5 36 40 0 59 58 9 0 28
run=14 seed=13 k=60 f=0
59 29 41 35 50 4 53 51 29 11 46 19 0 40 41 45 57 28 36 19 19 12 8 53 1 4 47 59 48 34 51 25 30 36 17 19 19 53 54 40 16 33 18 14 18 40 44 16 56 58 46 28 39 10 13 37 1 9 59 36 33 0 46 0 41 30 34 3 22 9 37 28 0 59 25 26 42 0 50 21 30 1 50 3 41 50 30 0 25 19 2 3 29 3 50 58 20 3 50 59 55 24 41 23 57 23 13 50 10 55 6 3 22 14 9 59 21 31 19 14
run=15 seed=14 k=60 f=0
52 37 0 33 12 7 0 41 39 47 18 13 9 30 59 44 13 26 25 12 36 11 24 2 51 22 40 52 24 7 20 43 28 9 0 39 1 56 49 35 6 51 39 58 34 32 0 15 40 58 6 46 27 37 57 1 52 59 16 8 50 17 24 50 35 31 52 1 47 29 32 12 26 57 42 19 30 38 17 0 48 56 6 28 24 25 48 3 0 40 19 6 32 20 59 22 15 47 4 58 0 45 19 17 41 3 16 5 13 13 12 59 9 30 39 42 22 30 41 16
run=16 seed=15 k=60 f=0
3 13 50 35 58 45 41 18 43 28 3 52 59 48 47 13 35 7 44 16 32 34 28 54 1 29 28 25 49 43 19 46 10 50 51 58 33 53 7 48 13 52 59 38 16 57 16 59 26 48 41 12 2 58 31 45 24 31 6 40 16 19 36 0 57 1 18 40 52 25 45 38 51 16 0 34 5 32 25 26 14 23 0 32 0 58 38 38 9 21 6 0 8 32 59 7 23 35 15 34 23 0 17 21 32 56 22 47 56 7 16 18 55 34 43 8 11 41 22 53
run=17 seed=16 k=60 f=0
3 31 17 43 25 0 24 55 46 23 57 34 59 59 9 30 57 7 24 52 17 18 51 12 20 47 58 0 42 36 39 27 37 22 59 31 7 55 35 45 1 0 53 39 41 0 12 48 31 40 23 11 20 58 58 44 37 41 13 50 36 43 5 59 0 56 28 3 4 57 33 30 3 18 44 56 15 58 1 6 24 43 25 56 39 26 54 1 41 49 0 12 11 52 0 50 11 33 34 31 23 54 11 25 4 19 11 16 57 9 19 27 47 45 50 9 13 48 3 44
run=18 seed=17 k=60 f=0
0 30 15 43 57 52 9 34 35 0 37 28 38 32 8 18 6 15 40 47 25 26 51 25 56 57 59 59 44 8 59 56 25 26 24 58 8 57 2 43 15 45 3 21 41 2 33 40 59 48 49 29 9 36 55 45 30 0 19 14 0 47 52 59 40 8 44 17 52 47 49 31 3 1 34 38 24 49 1 52 31 13 32 20 1 8 0 19 16 21 25 11 33 53 0 40 39 54 32 0 2 35 0 36 23 13 24 11 59 4 13 14 21 45 16 23 4 7 39 46
run=19 seed=18 k=60 f=0
19 37 51 30 9 59 15 10 31 16 22 0 39 59 0 13 5 10 22 0 39 40 17 52 7 6 22 44 45 32 7 34 49 59 56 37 0 4 27 59 12 46 54 23 27 57 1 36 33 46 47 30 0 50 38 1 22 38 46 27 26 40 31 9 32 59 16 17 50 46 43 38 46 45 59 40 53 2 40 14 32 0 57 3 27 14 17 19 11 10 54 0 19 24 0 53 57 32 9 59 17 2 5 43 9 51 39 56 31 42 40 10 8 23 23 59 22 6 34 47
run=20 seed=19 k=60 f=0
13 39 51 22 24 13 41 31 32 0 37 47 27 37 33 44 19 0 43 13 16 56 17 56 5 31 59 0 33 44 37 40 0 10 53 46 27 51 47 10 2 7 36 0 27 11 37 52 49 19 27 44 53 57 58 13 11 24 21 11 0 17 51 9 54 28 10 8 5 47 4 38 0 35 57 58 50 23 49 59 42 18 29 1 15 1 43 10 16 2 58 24 29 19 0 39 57 59 26 1 30 30 32 32 58 19 51 39 34 44 43 44 7 23 15 59 48 22 26 21
