run=1 seed=0 k=59 f=0
1 30 42 35 35 14 32 34 9 47 31 57 58 34 52 8 0 20 27 47 45 5 9 48 57 55 48 25 9 35 29 58 5 40 38 33 0 32 16 31 26 48 34 0 19 28 23 58 12 13 21 40 12 51 7 45 41 11 24 3 17 32 20 58 2 53 6 2 21 26 39 29 38 6 9 3 15 32 42 36 46 27 18 8 0 27 57 0 25 17 58 55 13 44 0 58 48 4 55 21 25 42 14 24 50 23 0 47 1 30 24 54 36 15 3 50 11 58 40 52
run=2 seed=1 k=59 f=0
1 30 42 35 35 14 32 34 9 47 31 57 58 34 52 8 0 20 27 47 45 5 9 48 57 55 48 25 9 35 29 58 5 40 38 33 0 32 16 31 26 48 34 0 19 28 23 58 12 13 21 40 12 51 7 45 41 11 24 3 17 32 20 58 2 53 6 2 21 26 39 29 38 6 9 3 15 32 42 36 46 27 18 8 0 27 57 0 25 17 58 55 13 44 0 58 48 4 55 21 25 42 14 24 50 23 0 47 1 30 24 54 36 15 3 50 11 58 40 52
run=3 seed=2 k=59 f=0
37 30 42 57 0 42 4 1 16 58 47 21 9 33 33 40 5 49 48 21 39 58 9 57 4 0 9 29 25 35 0 23 28 58 56 38 15 5 34 19 42 25 44 52 19 35 0 5 25 20 49 20 41 2 41 1 53 43 29 10 58 47 19 58 15 29 10 28 39 46 44 29 1 31 9 4 38 14 41 57 16 22 52 3 22 26 37 21 11 54 48 44 51 17 0 15 21 58 58 32 54 14 37 24 32 25 0 45 1 46 42 10 7 15 48 50 13 6 17 53
run=4 seed=3 k=59 f=0
0 37 49 33 27 50 6 26 35 22 14 9 49 22 0 33 15 40 29 5 35 21 16 21 11 40 24 4 32 42 29 43 7 49 21 30 15 53 9 58 30 58 9 0 26 2 47 26 56 1 15 13 3 26 18 48 26 37 15 39 8 56 18 8 30 56 7 58 0 42 55 36 5 0 18 13 0 17 36 9 56 12 1 57 57 40 39 56 47 20 12 45 39 31 58 49 28 17 41 21 40 58 56 31 33 48 15 45 22 15 9 30 8 22 38 0 44 41 10 43
run=5 seed=4 k=59 f=0
20 13 58 14 58 38 33 54 51 58 45 48 9 45 28 3 7 7 34 29 34 2 34 2 39 3 57 33 39 8 24 16 30 17 58 49 58 26 6 44 46 52 9 24 24 2 20 49 16 31 36 17 37 40 34 36 52 4 44 12 49 26 0 42 0 0 31 1 29 12 17 14 53 28 40 13 33 9 13 58 19 27 49 27 22 2 7 3 25 51 40 29 42 52 0 22 52 58 6 46 44 51 11 19 38 53 22 58 0 40 17 56 45 28 0 50 55 8 48 28
run=6 seed=5 k=59 f=0
9 21 33 39 30 29 14 18 41 58 27 18 10 40 48 12 57 48 27 21 22 45 0 31 48 22 4 20 16 26 20 32 35 37 58 10 46 5 18 40 49 33 12 0 10 8 22 28 17 0 0 0 27 26 25 58 46 36 36 30 56 57 3 49 23 42 33 43 7 3 0 20 1 57 16 21 3 44 8 50 31 39 53 54 0 51 9 38 43 52 47 44 52 23 58 10 39 16 56 58 7 21 28 15 15 48 10 58 31 12 27 32 55 6 41 41 47 38 51 35
run=7 seed=6 k=59 f=0
54 37 49 58 49 42 46 33 47 24 4 25 58 38 0 11 16 0 0 20 41 31 16 58 7 5 10 46 29 42 32 24 29 33 41 16 19 11 44 9 37 51 38 25 26 37 49 57 49 36 3 5 39 58 22 57 29 35 7 1 9 3 10 8 53 8 14 27 42 34 58 36 55 34 58 17 8 39 31 45 1 44 33 15 26 52 21 23 41 9 58 51 0 11 58 18 28 44 35 14 18 5 4 31 12 52 18 6 27 33 3 17 55 22 23 0 1 21 43 52
run=8 seed=7 k=59 f=0
10 29 41 27 58 3 30 55 12 42 56 9 51 48 25 39 20 40 25 31 19 49 8 38 1 42 20 22 58 34 34 51 54 12 56 9 0 50 58 31 37 58 33 57 18 5 57 48 41 31 21 9 23 47 46 21 9 17 44 0 41 32 52 0 54 18 5 30 13 12 58 28 11 49 49 36 7 0 11 41 27 48 0 3 29 58 14 34 27 15 23 47 58 3 58 1 53 2 17 0 29 11 38 23 24 28 37 9 7 21 1 5 39 14 16 49 40 0 14 45
run=9 seed=8 k=59 f=0
24 30 42 32 47 23 19 42 45 1 26 0 49 50 0 2 53 57 54 14 6 39 9 48 56 30 48 29 30 35 33 19 28 12 55 53 45 31 35 31 30 23 24 20 19 56 9 41 57 34 5 17 8 54 45 9 6 1 30 26 56 25 42 58 42 43 42 36 48 29 57 29 5 11 13 47 12 51 0 40 19 27 49 14 22 41 19 38 37 37 17 5 57 40 0 22 48 29 2 58 57 2 26 24 37 11 52 9 3 2 7 1 19 15 0 50 13 13 36 28
run=10 seed=9 k=59 f=0
23 12 0 14 2 44 11 6 56 37 28 35 16 49 58 0 47 21 51 30 37 36 33 54 43 30 57 44 22 7 49 32 43 53 1 14 37 10 49 53 3 7 30 2 23 33 1 33 55 58 32 56 35 9 0 46 3 21 58 25 27 23 39 41 39 43 55 12 1 44 3 13 49 0 19 45 58 16 26 41 9 54 12 44 58 36 32 10 38 3 48 52 22 33 58 51 51 35 40 0 25 5 51 18 27 18 27 7 38 8 27 13 11 27 28 49 18 17 42 45
run=11 seed=10 k=59 f=0
58 37 49 26 8 47 23 30 55 40 9 37 9 27 53 12 11 56 33 49 47 58 16 55 6 33 12 33 58 42 30 57 47 54 22 58 1 33 50 7 19 58 47 0 26 16 49 4 22 28 0 0 43 41 29 36 31 17 7 6 33 27 13 8 44 0 51 58 29 17 25 36 46 1 41 35 46 26 7 37 2 4 50 18 49 39 15 0 56 48 19 27 20 2 58 24 28 54 36 52 19 17 18 31 34 41 8 57 58 15 5 0 20 22 21 0 43 42 24 15
run=12 seed=11 k=59 f=0
3 38 50 47 0 58 40 16 54 0 48 24 9 50 41 41 12 6 4 21 34 18 17 52 4 35 15 55 51 43 18 0 10 23 3 20 13 16 30 57 42 32 12 26 27 43 39 17 11 11 27 38 54 4 44 0 5 10 57 29 23 47 34 9 48 54 10 47 37 58 13 37 0 35 15 15 57 34 43 25 35 54 29 15 8 14 38 49 22 22 47 5 46 51 0 9 56 16 37 0 26 1 46 32 22 0 28 0 41 45 35 28 29 23 45 58 4 58 3 29
run=13 seed=12 k=59 f=0
49 30 42 57 0 41 8 41 31 24 31 47 34 58 29 58 36 3 54 21 15 14 9 56 4 23 35 38 3 35 0 11 7 14 17 38 4 49 56 4 27 25 51 16 19 11 16 30 54 0 22 47 56 45 36 40 1 0 31 57 51 33 27 58 55 48 34 23 47 42 33 29 13 26 9 42 51 0 28 43 27 9 45 13 54 33 21 21 1 49 8 57 21 36 0 35 5 36 18 19 16 21 49 24 52 45 0 44 1 0 57 3 9 15 10 50 17 8 30 5
run=14 seed=13 k=59 f=0
39 29 17 30 49 56 17 16 14 43 8 1 9 29 58 3 7 22 31 38 27 57 50 13 57 47 37 40 27 24 58 28 45 11 52 12 23 5 0 48 50 49 4 0 40 1 2 32 33 55 52 44 24 33 56 15 45 50 39 29 11 58 18 58 28 37 10 2 0 20 58 30 27 48 33 34 40 56 17 18 47 43 1 2 17 42 51 0 17 13 20 58 49 4 0 39 11 46 2 34 27 3 57 35 19 55 12 8 33 25 23 27 9 44 0 9 7 23 4 54
run=15 seed=14 k=59 f=0
1 21 9 56 0 0 34 20 23 47 3 29 0 12 23 45 58 40 47 40 56 14 42 45 4 44 6 53 44 16 41 14 13 14 2 23 34 5 58 26 31 25 0 51 32 35 32 0 22 4 58 9 58 22 57 56 11 31 19 14 15 0 43 50 52 41 24 29 44 49 7 22 49 20 35 52 7 20 57 52 23 28 45 14 9 26 0 8 10 2 56 10 37 58 0 41 30 16 41 33 50 45 27 27 38 32 14 29 57 8 40 26 27 36 16 58 18 30 16 48
run=16 seed=15 k=59 f=0
3 37 25 4 58 57 10 58 53 24 43 29 49 21 49 10 34 50 18 58 2 32 58 0 11 15 38 51 55 32 58 53 43 25 2 1 45 34 21 43 15 20 17 43 48 8 15 34 4 37 22 30 0 1 56 55 32 38 47 58 18 36 6 9 24 51 55 44 11 9 1 38 28 18 27 25 4 4 0 26 17 18 39 56 58 14 10 41 15 0 46 43 41 35 0 35 46 27 9 10 52 45 41 43 54 35 33 17 45 28 20 0 6 52 40 17 33 24 52 22
run=17 seed=16 k=59 f=0
24 13 58 0 43 36 3 39 0 26 25 42 29 31 57 30 43 54 29 15 25 54 34 0 40 4 11 58 3 8 0 16 33 49 12 1 22 41 55 49 1 38 39 22 24 55 57 2 45 35 36 16 7 7 30 32 11 56 24 48 0 36 29 42 47 20 49 33 6 9 44 14 58 26 19 30 10 11 40 20 36 57 36 1 41 20 15 31 4 22 10 13 23 49 0 51 52 48 41 44 24 48 43 19 29 58 57 52 20 36 52 14 12 28 53 50 6 36 44 58
run=18 seed=17 k=59 f=0
10 29 41 11 26 21 6 15 55 3 4 48 47 11 35 44 49 36 43 27 42 33 8 13 1 41 27 0 18 34 14 57 3 35 9 58 52 16 25 57 37 0 9 20 18 28 49 11 57 14 56 38 21 16 21 22 18 16 39 40 58 7 42 0 56 25 27 50 15 17 46 28 35 1 0 50 24 52 57 6 40 8 17 3 40 31 29 48 10 57 30 0 58 56 58 10 47 34 0 30 33 41 11 23 24 49 54 20 55 1 25 48 7 14 58 49 34 27 36 1
run=19 seed=18 k=59 f=0
39 30 42 56 27 25 31 27 39 51 0 9 14 12 10 21 6 47 14 27 44 26 9 39 4 18 19 29 58 35 29 25 53 43 26 21 0 23 52 27 40 58 35 36 19 0 30 37 52 42 21 22 42 10 57 42 22 48 10 12 18 35 58 58 38 58 42 0 12 36 10 29 42 36 50 52 45 1 22 36 24 50 28 46 58 49 58 2 15 31 2 11 50 20 0 56 5 0 13 51 7 0 43 24 0 56 13 16 35 6 56 4 35 15 2 50 21 20 53 8
run=20 seed=19 k=59 f=0
39 21 9 45 58 17 58 5 58 37 35 11 45 41 0 24 1 1 1 21 32 45 42 46 4 27 38 42 32 16 57 45 12 57 22 17 11 1 53 55 19 17 28 57 32 42 58 51 26 4 2 12 34 32 23 2 21 48 40 49 8 0 37 50 26 43 49 24 56 17 1 22 52 29 48 24 38 35 11 8 19 32 56 57 0 8 14 26 42 6 26 54 8 30 0 42 30 32 0 0 2 34 9 27 41 2 54 19 50 14 12 17 53 36 26 58 18 11 32 51
