run=1 seed=0 k=64 f=0
3 36 44 51 16 63 10 10 41 13 26 43 49 33 42 3 0 2 16 61 24 39 16 11 48 1 24 35 55 31 9 15 38 13 13 21 49 24 1 37 37 33 5 23 26 41 31 19 10 50 13 40 19 22 20 17 55 2 33 1 50 61 28 0 48 41 62 32 1 7 42 37 62 33 62 23 42 28 6 25 14 56 28 26 44 26 2 30 50 7 60 32 62 24 53 0 61 26 57 1 59 40 42 9 19 44 17 53 33 51 56 51 58 22 62 63 9 57 30 57
run=2 seed=1 k=64 f=0
3 36 44 51 16 63 10 10 41 13 26 43 49 33 42 3 0 2 16 61 24 39 16 11 48 1 24 35 55 31 9 15 38 13 13 21 49 24 1 37 37 33 5 23 26 41 31 19 10 50 13 40 19 22 20 17 55 2 33 1 50 61 28 0 48 41 62 32 1 7 42 37 62 33 62 23 42 28 6 25 14 56 28 26 44 26 2 30 50 7 60 32 62 24 53 0 61 26 57 1 59 40 42 9 19 44 17 53 33 51 56 51 58 22 62 63 9 57 30 57
run=3 seed=2 k=64 f=0
63 27 42 15 19 53 0 48 41 8 20 3 16 5 4 40 29 47 31 17 56 33 6 37 45 31 38 19 52 35 49 45 22 63 61 44 1 1 18 0 13 24 57 61 30 20 0 49 0 35 8 38 61 33 16 14 11 53 28 61 31 51 48 14 60 14 14 9 53 63 42 55 46 29 49 34 58 32 22 42 0 33 23 56 11 2 7 38 29 10 23 63 0 56 62 43 48 40 41 30 2 22 26 50 51 51 44 60 17 1 26 42 57 0 7 22 60 63 55 22
run=4 seed=3 k=64 f=0
1 7 21 38 0 60 8 17 1 9 10 4 13 11 58 9 40 30 17 0 33 34 55 26 18 39 13 43 53 28 62 57 48 33 22 1 17 63 1 20 14 23 2 48 4 61 61 62 54 42 30 54 29 53 0 17 51 45 27 20 24 63 11 63 45 52 4 63 47 49 27 43 40 47 16 16 32 0 35 0 20 58 8 39 13 51 38 8 23 6 29 29 26 28 36 42 46 27 12 38 39 1 40 48 17 58 18 21 3 15 41 58 7 0 47 12 44 62 3 4
run=5 seed=4 k=64 f=0
23 44 25 52 51 62 25 55 36 57 0 0 45 0 37 46 16 45 41 19 31 63 39 8 29 50 34 24 51 53 11 61 2 12 55 11 0 18 39 14 45 20 0 39 58 43 22 60 24 47 4 0 26 31 52 34 40 35 17 39 63 53 59 9 57 0 31 42 11 4 62 48 43 14 24 4 29 31 12 4 22 11 30 33 4 40 49 16 6 11 30 60 52 12 0 11 54 57 3 35 54 3 30 63 21 62 20 40 53 18 8 42 29 33 57 17 36 38 25 17
run=6 seed=5 k=64 f=0
14 38 45 8 41 53 48 7 1 9 20 0 3 30 26 36 31 26 36 14 32 29 15 53 7 44 15 55 57 32 29 52 23 5 30 0 61 39 26 24 21 53 0 62 27 40 61 47 49 33 50 36 14 45 52 14 25 3 43 45 50 13 50 54 59 23 56 21 59 9 0 37 63 35 58 18 39 29 1 22 10 31 22 22 12 0 7 18 38 50 18 0 22 15 63 1 3 55 45 46 8 63 14 22 14 10 20 63 58 21 62 38 8 9 63 0 44 3 37 54
run=7 seed=6 k=64 f=0
25 50 37 2 54 60 54 28 10 51 15 43 34 53 16 44 0 12 55 8 63 30 55 46 62 19 30 52 14 30 18 63 24 28 48 5 36 40 8 47 27 57 36 41 16 3 43 9 52 32 4 42 0 0 6 8 6 49 18 60 3 19 46 63 48 18 1 11 45 36 59 25 63 21 45 24 48 33 27 25 55 15 2 58 20 8 40 27 26 36 23 44 2 5 2 22 14 37 20 63 51 48 31 11 45 11 34 61 35 29 58 59 1 21 8 45 24 37 5 51
run=8 seed=7 k=64 f=0
19 27 55 61 48 27 58 21 16 62 51 41 36 22 0 56 40 10 50 43 40 44 32 34 52 51 1 48 0 47 20 2 50 12 22 29 35 32 49 52 17 0 29 60 42 61 47 1 15 19 37 53 44 25 39 63 37 16 12 39 23 62 0 11 45 3 42 32 35 63 21 5 63 51 15 9 51 39 14 27 15 35 4 1 60 45 54 34 23 30 9 47 19 38 20 9 61 36 7 63 24 35 10 0 59 6 7 29 50 28 56 6 25 38 8 63 12 1 16 2
run=9 seed=8 k=64 f=0
40 49 36 61 9 14 30 21 25 1 32 33 32 7 23 31 2 22 1 46 17 41 0 49 29 39 54 9 23 54 8 16 44 49 13 54 1 15 25 58 44 62 2 17 12 48 18 17 63 63 1 45 56 59 20 10 18 19 53 41 31 38 35 27 43 7 48 63 50 42 47 21 54 1 0 14 51 55 58 41 60 59 14 12 35 34 2 57 44 37 32 7 61 33 63 50 20 32 49 0 26 6 51 7 7 25 43 1 26 61 63 26 49 17 17 44 37 18 30 12
run=10 seed=9 k=64 f=0
11 19 34 23 53 57 44 62 47 36 19 3 46 17 20 14 61 63 1 10 2 0 0 9 38 42 35 49 28 27 63 32 55 28 55 0 2 57 20 12 7 32 11 50 22 51 58 35 8 23 40 37 18 56 59 31 21 48 51 50 33 45 35 63 6 9 30 25 44 10 43 57 40 49 63 11 22 20 62 11 39 34 21 3 9 17 63 40 27 19 14 3 61 31 43 45 54 35 36 55 7 6 8 52 55 5 39 0 26 21 28 23 45 6 0 14 2 35 29 7
run=11 seed=10 k=64 f=0
14 41 0 26 63 9 51 23 11 3 33 18 8 18 54 13 0 36 55 60 20 51 46 38 24 12 56 54 26 7 63 7 15 36 60 17 48 63 41 56 31 25 45 29 58 48 48 46 44 39 24 0 54 21 21 5 19 13 60 56 4 58 1 28 9 62 36 36 62 13 3 12 6 46 27 63 38 31 44 18 58 51 18 2 8 39 28 41 53 40 31 5 19 37 19 46 55 23 29 32 6 63 33 53 63 4 0 0 24 47 22 28 2 62 46 36 33 13 52 14
run=12 seed=11 k=64 f=0
63 25 33 13 2 35 23 25 25 2 52 28 9 14 50 49 25 52 38 33 56 62 57 37 48 27 1 34 63 10 26 54 46 5 4 39 12 45 0 0 32 58 0 61 5 13 63 61 1 23 14 63 35 40 34 21 63 19 40 54 42 22 45 49 17 48 54 17 30 23 8 26 44 63 11 22 17 21 4 52 31 62 47 55 43 27 33 35 24 48 12 4 54 33 18 30 39 56 48 0 7 44 7 0 22 44 5 1 39 37 59 13 14 63 43 41 53 9 53 48
run=13 seed=12 k=64 f=0
56 17 63 0 43 55 5 25 31 17 48 61 37 61 56 61 27 26 33 28 63 7 39 1 46 32 47 2 45 32 28 55 63 50 42 59 14 47 20 7 2 44 43 7 6 61 50 43 0 25 4 59 7 29 17 61 35 12 14 34 34 42 58 47 57 3 52 0 39 11 1 15 54 38 24 2 63 26 42 1 12 25 9 28 14 43 38 2 63 53 8 32 32 6 24 18 35 57 25 20 13 33 52 1 45 16 13 55 34 1 62 22 15 10 52 55 61 29 42 47
run=14 seed=13 k=64 f=0
52 8 63 15 61 56 48 56 8 2 20 32 21 32 18 26 53 0 6 50 53 9 31 26 40 24 62 63 27 24 30 21 62 5 35 59 16 21 29 50 40 54 21 62 19 49 25 52 2 10 40 49 4 43 11 52 4 0 27 48 0 58 38 0 57 42 52 33 59 9 44 6 63 41 39 34 46 0 18 37 0 1 34 29 14 46 17 30 46 60 37 17 31 28 46 24 21 57 42 61 44 36 61 14 12 0 24 36 23 7 43 44 32 37 11 55 60 35 51 41
run=15 seed=14 k=64 f=0
61 19 26 26 40 9 43 39 23 10 60 16 32 29 31 17 28 60 31 37 48 37 6 47 59 38 0 50 63 33 60 16 24 39 16 25 27 39 1 51 50 5 19 18 38 21 35 30 13 44 3 0 45 57 18 54 36 47 10 0 4 10 45 45 49 58 54 13 46 56 16 18 54 35 20 43 40 1 6 52 2 39 62 12 12 45 23 11 29 12 53 36 63 44 63 63 34 22 5 23 53 18 59 13 55 46 56 58 3 1 6 5 13 0 14 53 27 0 7 56
run=16 seed=15 k=64 f=0
21 35 19 7 18 17 54 49 31 16 43 48 32 42 34 1 14 33 5 35 45 30 40 52 16 48 24 49 56 26 15 52 26 27 20 42 20 7 59 51 40 50 0 55 31 2 8 33 9 61 52 55 22 36 35 21 28 0 6 0 0 11 14 0 17 34 61 9 53 52 21 6 27 61 62 63 25 58 14 8 45 49 0 2 6 56 36 7 57 29 26 19 40 10 63 27 13 25 1 0 44 46 41 11 58 32 29 17 32 4 48 61 51 46 63 54 41 0 9 39
run=17 seed=16 k=64 f=0
31 37 0 12 0 31 55 31 47 62 13 41 12 47 31 2 34 5 61 24 48 0 14 38 55 61 25 23 19 7 36 23 6 52 26 4 13 20 35 60 4 48 6 19 34 9 21 63 50 40 6 43 21 43 27 19 15 35 27 32 39 63 30 51 45 12 12 62 43 9 42 24 1 63 56 33 55 16 34 28 46 1 56 53 8 47 9 21 35 26 53 58 36 48 62 16 23 51 11 3 26 1 22 29 29 2 21 47 62 36 6 59 0 20 63 43 19 28 52 54
run=18 seed=17 k=64 f=0
60 49 0 1 9 16 49 41 17 8 17 52 18 63 39 32 7 61 58 23 49 9 24 56 4 29 24 14 54 9 51 49 8 1 52 39 59 37 9 22 29 11 24 52 14 0 0 63 63 20 7 3 58 43 36 0 4 36 14 56 18 22 52 63 39 29 5 32 50 0 5 47 26 41 55 42 0 43 41 44 63 48 21 19 27 59 30 28 55 28 47 13 37 62 40 63 35 49 48 36 25 8 63 31 35 15 35 53 58 59 3 58 14 18 27 55 15 42 36 12
run=19 seed=18 k=64 f=0
22 13 53 35 4 51 38 61 36 57 2 45 53 12 43 48 4 10 0 5 37 23 8 20 56 59 59 61 19 46 16 53 63 36 20 3 20 7 11 17 17 38 16 51 41 51 34 15 37 13 47 33 0 2 40 56 7 42 31 42 63 29 52 26 21 49 6 24 11 17 29 32 28 1 55 32 61 31 63 27 36 41 5 2 52 43 49 26 14 62 22 10 0 12 62 49 34 27 60 44 3 26 47 1 12 38 15 41 0 31 61 45 57 37 7 18 62 61 0 12
run=20 seed=19 k=64 f=0
29 20 33 41 5 26 44 58 28 52 33 18 33 44 42 57 35 34 36 18 48 21 15 20 37 3 1 28 17 8 51 22 0 43 61 30 34 39 59 9 51 24 34 12 58 9 13 20 44 44 61 19 0 0 26 60 22 48 28 21 62 15 63 42 55 0 18 27 51 33 28 48 5 59 54 33 4 7 53 44 26 48 11 11 38 63 38 24 56 40 62 54 13 12 0 14 49 61 42 11 63 6 12 63 2 33 51 48 16 40 10 2 21 52 60 25 59 9 31 40
