run=1 seed=0 k=67 f=0
32 47 0 50 21 12 0 23 38 46 18 38 0 58 9 34 64 65 24 15 37 33 59 6 31 41 6 10 26 7 65 11 46 57 65 17 20 63 42 58 52 26 66 20 50 6 4 27 50 54 13 41 10 65 17 8 56 44 45 34 0 5 28 34 13 40 28 66 0 30 42 22 63 21 44 66 43 65 48 58 36 33 0 56 50 43 61 62 40 19 25 46 41 16 15 54 63 10 38 50 57 30 6 66 55 1 60 17 66 54 4 22 62 26 18 42 21 58 29 32
run=2 seed=1 k=67 f=0
32 47 0 50 21 12 0 23 38 46 18 38 0 58 9 34 64 65 24 15 37 33 59 6 31 41 6 10 26 7 65 11 46 57 65 17 20 63 42 58 52 26 66 20 50 6 4 27 50 54 13 41 10 65 17 8 56 44 45 34 0 5 28 34 13 40 28 66 0 30 42 22 63 21 44 66 43 65 48 58 36 33 0 56 50 43 61 62 40 19 25 46 41 16 15 54 63 10 38 50 57 30 6 66 55 1 60 17 66 54 4 22 62 26 18 42 21 58 29 32
run=3 seed=2 k=67 f=0
1 7 29 25 18 41 63 47 65 12 5 59 57 22 42 56 60 12 41 7 58 13 38 63 49 54 33 1 1 12 48 45 18 27 3 0 34 30 15 52 24 5 35 12 59 19 36 12 32 49 36 31 41 49 38 45 7 36 0 59 27 63 54 46 40 66 36 0 57 51 61 4 25 3 64 31 17 35 3 35 10 34 11 54 43 66 53 10 65 50 21 42 66 8 20 36 64 26 60 23 27 49 33 54 22 46 17 61 6 28 48 22 55 0 66 66 45 49 18 14
run=4 seed=3 k=67 f=0
28 34 41 3 19 40 25 17 63 47 65 12 22 47 40 13 14 57 65 25 57 38 13 27 62 30 32 65 29 4 61 55 58 55 25 64 22 15 32 35 46 30 30 13 23 39 27 1 29 18 46 4 54 42 45 59 39 9 11 0 48 7 2 57 64 6 65 34 9 28 2 33 10 48 10 21 39 38 39 0 66 27 36 21 28 31 50 0 58 48 37 6 19 3 66 66 3 55 66 12 18 18 60 28 18 4 66 47 45 56 43 49 32 19 47 49 60 44 3 42
run=5 seed=4 k=67 f=0
0 50 43 22 50 41 51 59 26 11 24 60 10 33 41 6 49 29 61 40 35 46 16 10 46 52 13 20 25 9 39 42 35 33 65 21 14 49 28 35 21 30 27 13 4 4 41 49 8 31 38 66 0 52 53 56 16 20 40 63 62 65 1 24 63 54 42 21 37 13 55 30 64 3 28 20 3 60 22 57 34 2 14 16 0 14 27 1 38 12 1 66 11 56 65 6 60 46 27 47 15 33 57 35 39 0 66 28 24 7 16 65 11 0 19 55 66 60 40 29
run=6 seed=5 k=67 f=0
32 40 47 25 36 42 22 38 61 0 21 64 22 16 45 53 49 12 12 54 66 1 12 15 42 42 1 7 11 19 32 31 40 30 10 32 62 40 55 25 22 15 24 65 0 19 8 45 55 41 63 10 59 1 33 32 1 30 43 22 20 12 64 27 52 62 56 1 41 58 57 59 43 34 7 51 56 25 47 0 66 15 65 16 17 53 24 28 7 29 54 44 58 52 66 51 7 3 17 50 65 62 16 5 32 24 9 0 42 3 49 49 26 55 41 35 5 65 28 28
run=7 seed=6 k=67 f=0
53 8 31 39 66 8 23 24 38 14 14 16 55 33 42 24 25 2 31 46 10 41 66 62 12 13 66 65 12 24 39 11 63 32 61 49 1 1 57 40 62 48 6 24 5 60 39 57 34 3 19 14 63 40 57 66 61 6 14 26 57 18 26 49 34 20 0 47 27 30 3 19 46 48 21 40 66 1 8 31 44 63 26 34 46 16 55 50 8 19 65 1 16 52 40 0 62 55 6 5 35 31 0 0 37 50 57 10 19 40 26 53 66 15 21 57 51 3 28 35
run=8 seed=7 k=67 f=0
12 50 57 45 66 65 31 66 32 49 66 0 61 12 18 27 63 38 58 26 10 50 16 54 63 21 25 47 55 32 50 49 61 9 11 61 16 20 55 36 37 10 18 51 37 43 29 66 31 2 34 39 16 0 28 38 9 53 1 13 35 65 62 66 54 20 1 58 10 52 44 26 14 13 43 33 42 33 39 33 12 34 24 59 56 38 8 26 55 3 39 21 2 28 0 0 25 7 58 3 2 52 36 9 65 31 19 15 5 59 65 26 48 22 24 45 18 0 4 29
run=9 seed=8 k=67 f=0
29 49 0 56 13 32 64 62 28 58 27 40 35 11 45 9 21 13 34 47 59 57 44 37 22 5 26 49 0 37 50 2 7 35 36 31 27 5 54 51 13 0 41 35 66 54 4 41 36 22 38 43 26 17 30 48 17 4 24 40 22 64 59 20 44 51 60 51 66 4 12 7 19 1 31 64 58 16 0 14 45 57 66 1 0 15 3 65 44 11 12 29 25 60 29 37 9 66 23 6 22 6 24 12 38 43 47 63 47 18 19 13 9 62 66 54 22 5 49 18
run=10 seed=9 k=67 f=0
30 52 44 11 66 26 64 39 10 29 34 3 54 37 32 32 6 52 66 18 42 52 0 17 31 0 20 57 31 57 66 44 30 9 46 62 50 36 62 4 26 39 44 49 62 9 10 3 61 20 1 17 33 23 36 0 35 61 22 50 51 1 16 35 42 38 60 26 7 1 30 51 8 40 20 26 15 50 30 23 61 63 54 63 21 57 13 58 27 18 0 41 37 8 18 12 12 5 55 45 61 34 1 27 39 22 46 12 20 13 19 65 54 66 0 9 48 46 8 5
run=11 seed=10 k=67 f=0
41 34 53 45 12 33 40 6 33 57 0 27 29 45 49 42 25 0 62 52 20 31 39 47 23 9 55 26 8 8 11 0 4 57 45 8 33 22 49 58 13 64 64 16 13 17 66 63 48 46 9 51 39 6 0 16 2 2 24 38 65 18 12 66 33 17 55 32 9 38 22 60 35 64 2 0 45 49 24 56 66 13 57 57 36 58 41 28 24 51 0 40 2 56 0 56 21 32 16 1 32 8 62 18 65 64 17 19 1 30 8 52 5 45 20 29 37 57 1 15
run=12 seed=11 k=67 f=0
18 41 34 54 16 37 0 40 17 35 29 5 64 3 2 61 33 43 57 44 8 65 15 48 38 42 64 32 49 0 46 1 38 3 47 43 38 64 53 8 11 26 58 66 5 37 61 54 8 1 50 21 54 18 0 40 31 14 5 20 44 28 23 65 27 28 27 61 1 53 62 27 54 25 27 15 57 22 37 15 24 42 51 27 42 1 17 63 38 0 9 61 15 66 48 35 1 8 65 32 0 10 55 22 12 15 19 8 3 8 31 49 19 9 5 57 28 19 0 0
run=13 seed=12 k=67 f=0
16 53 66 12 28 65 61 21 60 34 8 22 57 55 2 6 5 2 22 6 39 60 6 4 18 2 41 65 47 32 42 12 18 38 29 26 30 6 61 48 37 64 21 28 38 24 64 44 48 5 38 49 15 20 6 33 39 61 66 43 19 48 54 14 15 52 38 60 40 66 11 50 58 32 53 33 18 0 45 35 66 42 23 9 53 4 55 45 37 60 18 11 12 42 23 10 28 11 23 2 33 19 13 45 0 19 49 26 58 51 15 3 39 0 26 58 34 21 37 31
run=14 seed=13 k=67 f=0
65 12 46 36 17 19 32 5 32 2 66 7 28 35 32 53 3 66 17 11 9 12 0 53 43 54 48 8 54 7 44 55 60 31 38 66 1 58 11 0 30 64 65 24 66 36 10 46 26 47 31 37 51 42 14 56 12 57 1 36 0 61 52 20 25 30 14 25 3 42 10 13 60 27 53 9 35 15 3 18 66 63 50 22 58 47 35 61 44 28 25 45 23 11 29 66 57 63 42 0 25 3 42 38 28 44 62 0 42 0 21 40 41 62 9 54 19 36 45 59
run=15 seed=14 k=67 f=0
43 12 0 20 65 41 15 66 58 43 21 33 9 26 29 57 32 61 16 54 57 14 50 65 45 46 51 26 24 7 66 10 50 11 15 51 2 10 35 11 54 25 6 13 15 52 7 43 63 23 54 32 53 43 32 38 32 36 66 61 46 65 18 22 8 37 7 4 0 11 0 28 52 5 38 61 49 64 50 59 38 14 23 29 34 59 49 2 8 12 31 4 50 6 41 22 64 64 55 18 16 28 44 57 42 35 11 5 32 61 36 59 29 32 0 66 58 44 29 42
run=16 seed=15 k=67 f=0
27 66 53 63 39 6 58 57 14 8 53 0 40 66 13 29 7 26 59 14 60 18 44 31 21 43 49 14 19 60 61 63 37 63 20 24 44 55 53 50 28 14 55 26 8 34 52 42 11 0 58 32 48 8 5 66 31 54 41 37 51 18 1 20 15 14 12 23 4 29 1 65 25 36 66 7 0 52 5 54 66 48 36 42 23 41 58 5 46 56 65 44 35 49 0 0 6 22 18 6 1 19 21 37 11 34 54 7 22 56 42 46 40 12 25 28 65 40 61 15
run=17 seed=16 k=67 f=0
44 7 66 54 0 6 49 66 65 13 53 22 57 48 35 41 65 62 11 16 16 18 40 45 28 42 43 52 0 33 66 35 55 21 58 47 28 49 46 26 12 6 7 21 19 18 29 66 11 60 15 47 21 4 49 66 38 66 44 2 64 64 61 48 28 19 8 30 38 9 32 4 29 31 23 35 50 35 2 27 43 17 5 56 45 63 56 48 39 57 37 9 0 43 57 42 35 54 65 36 0 26 25 24 61 29 15 9 0 0 1 28 34 0 14 12 43 24 64 4
run=18 seed=17 k=67 f=0
19 28 21 4 63 56 48 12 36 20 58 45 43 2 13 13 66 25 66 17 55 9 41 10 56 27 11 56 20 1 17 56 39 22 59 37 2 10 8 57 45 36 61 35 6 54 28 32 49 52 62 0 66 65 66 37 26 61 54 62 26 31 34 55 18 11 14 34 19 40 0 29 14 35 49 66 9 65 23 60 34 31 41 53 0 64 65 0 24 11 1 2 43 2 65 6 10 47 40 52 25 15 64 34 50 63 42 8 61 53 46 28 34 47 27 13 15 33 45 22
run=19 seed=18 k=67 f=0
53 23 45 22 18 3 19 23 41 50 63 49 37 1 60 23 31 14 52 58 66 9 60 56 48 33 64 48 62 38 19 22 58 5 13 58 14 18 66 66 3 62 42 16 8 42 1 30 1 21 63 12 47 56 28 21 50 18 4 13 52 37 12 15 33 38 66 33 38 39 30 22 51 37 27 55 44 13 29 8 51 8 40 31 0 14 53 0 15 6 29 21 65 49 30 5 4 12 35 0 1 32 26 53 48 55 43 41 18 5 56 55 66 66 28 0 60 47 28 57
run=20 seed=19 k=67 f=0
63 32 8 48 15 0 35 64 64 14 22 26 3 56 46 33 33 13 65 45 7 0 47 12 19 30 55 9 25 54 28 40 39 41 23 66 60 5 46 20 53 49 31 6 35 36 6 65 33 46 0 44 11 2 37 15 54 30 64 37 38 25 18 17 42 57 66 52 40 58 61 59 63 65 1 19 66 1 40 17 46 27 51 42 29 13 8 31 14 5 27 62 48 65 66 23 55 12 9 56 15 28 8 40 36 19 39 20 17 12 38 60 26 25 37 0 0 6 48 32
