run=1 seed=0 k=73 f=0
67 1 20 67 67 3 47 58 44 60 69 28 72 37 56 41 21 60 7 2 32 2 35 28 48 11 39 58 9 64 22 31 63 3 32 41 51 6 10 49 57 6 14 53 4 0 3 49 52 13 37 11 0 71 40 22 2 44 69 50 48 22 25 43 10 22 60 19 45 39 1 59 62 17 26 19 45 10 29 62 27 42 59 27 72 24 33 17 4 33 27 50 34 9 72 6 14 57 6 34 36 56 17 28 67 45 33 20 54 68 66 65 70 54 53 12 18 36 59 42
run=2 seed=1 k=73 f=0
67 1 20 67 67 3 47 58 44 60 69 28 72 37 56 41 21 60 7 2 32 2 35 28 48 11 39 58 9 64 22 31 63 3 32 41 51 6 10 49 57 6 14 53 4 0 3 49 52 13 37 11 0 71 40 22 2 44 69 50 48 22 25 43 10 22 60 19 45 39 1 59 62 17 26 19 45 10 29 62 27 42 59 27 72 24 33 17 4 33 27 50 34 9 72 6 14 57 6 34 36 56 17 28 67 45 33 20 54 68 66 65 70 54 53 12 18 36 59 42
run=3 seed=2 k=73 f=0
27 11 57 23 22 59 13 29 42 0 39 38 72 34 31 66 31 48 68 56 37 56 6 29 22 43 5 21 39 64 27 67 56 12 17 11 1 14 39 37 4 41 39 70 71 68 64 40 68 40 65 51 35 54 45 0 53 27 62 48 72 30 26 21 26 27 8 0 26 63 2 15 19 72 54 17 15 29 17 47 56 71 50 34 61 10 17 13 32 4 22 24 49 38 30 46 50 3 8 4 14 31 60 39 30 25 45 3 39 61 58 72 52 0 63 48 63 10 51 12
run=4 seed=3 k=73 f=0
18 49 41 72 0 56 12 42 47 69 55 64 23 15 42 69 17 21 33 42 21 3 0 36 22 57 0 40 31 15 61 0 40 7 62 40 31 58 67 42 38 0 45 33 64 5 60 51 26 0 64 31 54 18 68 12 20 52 65 51 51 51 29 23 42 25 22 9 34 71 2 10 13 36 27 48 7 1 53 47 67 11 20 34 64 11 51 11 37 23 19 55 22 15 32 64 10 69 61 14 8 47 48 70 46 2 30 27 60 70 38 71 6 6 38 55 34 46 18 71
run=5 seed=4 k=73 f=0
53 66 50 49 33 33 28 30 37 61 26 62 39 44 49 41 15 0 1 14 55 12 72 49 30 13 72 72 32 58 28 70 11 50 5 3 0 0 21 14 41 56 24 6 3 12 20 64 5 69 5 51 71 61 66 63 2 68 38 30 0 11 15 16 55 53 66 16 40 24 30 63 56 18 61 43 46 21 34 64 1 11 48 39 29 22 70 71 18 23 12 56 2 69 25 42 31 61 39 10 32 66 60 8 2 55 4 47 54 22 21 55 45 34 19 42 40 70 39 60
run=6 seed=5 k=73 f=0
52 72 0 72 59 63 69 26 42 55 71 10 37 71 42 68 16 21 27 55 70 17 14 43 49 58 40 11 64 66 10 24 50 25 20 23 35 0 70 40 45 61 39 37 29 0 3 1 5 32 33 45 54 17 72 32 55 1 24 12 50 54 1 46 62 48 46 9 56 27 27 71 15 55 16 33 0 19 16 28 49 8 48 22 34 31 38 7 55 57 66 11 47 71 37 36 62 64 23 18 33 50 12 24 18 29 0 59 53 4 32 66 40 8 72 57 63 28 11 62
run=7 seed=6 k=73 f=0
69 45 22 4 36 60 34 10 16 63 27 29 54 34 72 32 30 53 28 68 54 3 1 5 28 41 17 14 72 72 44 48 34 24 53 71 68 46 55 19 21 61 72 60 48 47 20 6 51 48 58 5 70 44 5 38 41 6 55 33 12 4 8 31 11 9 13 63 19 46 24 57 14 42 27 67 0 40 54 36 7 0 33 26 70 47 65 19 72 58 2 21 51 62 64 0 8 63 64 27 20 69 67 39 43 21 23 58 53 0 25 60 1 52 15 10 10 64 18 48
run=8 seed=7 k=73 f=0
17 37 68 2 72 29 43 2 19 50 26 57 60 53 56 68 64 37 11 2 18 60 32 65 26 43 22 46 47 61 72 12 42 24 72 69 34 59 54 43 44 21 38 70 56 9 58 55 17 1 72 51 42 5 57 8 71 32 0 34 36 62 58 24 17 41 62 64 51 25 61 17 6 71 44 64 53 35 25 27 36 4 50 63 72 65 37 12 67 22 24 71 14 64 10 7 5 49 9 11 10 13 50 0 21 34 50 3 41 3 2 30 64 52 0 42 70 35 18 31
run=9 seed=8 k=73 f=0
66 14 58 23 0 13 0 30 64 47 29 57 56 28 46 58 53 38 14 67 37 18 0 7 52 12 72 24 72 31 29 32 19 15 55 4 41 39 19 32 70 16 4 45 18 49 17 68 6 57 3 22 42 66 61 39 46 4 71 29 18 8 61 49 10 35 38 51 63 57 16 65 12 5 30 3 46 0 71 36 19 1 58 28 8 63 26 9 51 27 72 59 33 11 72 71 39 51 8 65 53 49 9 41 65 62 31 38 30 22 1 49 24 22 4 9 43 43 69 11
run=10 seed=9 k=73 f=0
25 31 45 70 2 1 61 9 30 19 4 10 17 36 39 68 71 23 15 10 30 39 70 52 28 28 40 33 11 53 72 50 58 17 72 71 25 64 1 26 29 53 46 20 6 0 9 4 71 45 40 35 26 61 48 20 37 40 53 35 13 9 69 62 72 60 44 68 64 62 40 17 60 55 48 71 37 48 3 45 30 27 64 52 72 64 0 20 31 37 55 51 56 8 24 55 14 69 10 3 42 35 21 12 17 54 16 27 55 13 10 8 30 1 61 37 6 45 65 49
run=11 seed=10 k=73 f=0
63 25 3 23 13 61 54 68 37 18 1 15 0 70 28 40 39 47 14 20 22 11 41 13 0 19 4 8 59 10 28 66 13 64 55 30 24 62 10 61 15 52 3 32 72 12 54 47 34 40 11 8 62 50 10 64 69 56 26 9 66 33 41 33 10 1 4 36 56 42 65 26 21 35 51 39 11 69 50 71 33 1 52 42 35 53 18 59 68 4 71 46 20 72 18 0 53 66 38 20 36 69 25 48 13 59 11 60 31 41 7 72 26 68 42 60 44 44 5 54
run=12 seed=11 k=73 f=0
30 19 32 58 71 48 12 68 55 44 46 20 0 0 21 3 17 40 12 32 1 58 41 30 62 11 2 50 49 13 44 63 64 61 49 13 69 17 22 56 49 58 3 47 68 8 35 71 14 70 68 51 22 33 7 25 28 19 64 4 12 43 16 61 51 25 59 61 67 43 44 54 39 31 34 20 7 22 18 71 27 13 32 44 30 23 3 58 62 67 62 58 10 1 5 27 53 51 46 13 16 6 67 49 25 72 72 44 53 32 27 40 64 72 34 24 67 1 63 40
run=13 seed=12 k=73 f=0
32 72 50 9 61 66 50 21 3 11 33 46 25 19 24 12 12 72 54 7 49 43 25 53 37 54 34 57 3 67 47 25 0 27 20 32 51 55 14 71 47 2 5 2 16 29 58 19 72 42 10 56 13 39 27 53 61 45 22 67 40 68 45 0 39 2 9 31 10 3 19 6 65 24 15 70 33 72 47 63 18 28 47 23 3 1 60 33 7 41 20 55 36 49 41 71 62 64 38 39 66 58 18 32 9 27 39 47 0 71 38 66 21 12 72 58 54 61 40 5
run=14 seed=13 k=73 f=0
8 72 58 18 52 65 46 24 12 65 33 43 42 46 68 36 71 71 50 72 14 69 67 0 39 31 34 60 57 22 64 15 70 8 47 25 44 43 63 46 47 55 17 67 27 34 36 1 3 14 48 18 31 72 67 44 4 12 55 6 34 25 39 40 26 0 0 6 10 0 52 8 57 54 24 16 34 13 8 22 2 2 37 1 40 2 11 42 43 25 56 45 51 6 0 61 17 21 35 72 45 11 30 32 62 54 30 23 42 22 28 28 63 13 9 50 27 20 43 49
run=15 seed=14 k=73 f=0
20 28 45 61 17 8 55 10 68 56 11 0 51 27 0 21 16 50 18 44 7 24 9 39 65 56 14 72 68 16 11 72 45 56 45 45 31 27 65 62 37 2 51 8 32 44 69 29 1 36 0 70 21 11 36 69 37 34 45 21 50 49 0 62 9 4 34 42 55 36 67 21 51 40 26 35 44 65 48 60 5 48 57 70 0 31 18 65 65 58 9 23 36 9 72 59 55 63 1 38 54 68 61 1 39 19 22 16 14 70 13 7 29 36 29 53 24 31 49 1
run=16 seed=15 k=73 f=0
42 49 29 16 46 48 69 32 3 13 2 30 11 49 19 72 44 4 53 23 28 21 44 30 70 19 39 29 72 58 65 7 39 40 29 33 16 20 66 12 37 55 34 12 53 51 69 0 14 21 60 72 26 57 20 52 61 34 26 60 55 47 0 0 44 2 70 14 41 68 47 13 34 56 35 9 21 47 31 35 60 30 8 21 13 5 59 6 43 1 47 24 60 10 66 0 13 44 53 2 61 23 27 37 1 62 64 23 20 0 58 72 14 9 47 21 63 63 57 41
run=17 seed=16 k=73 f=0
67 0 23 1 24 18 62 11 60 54 56 51 53 52 71 4 67 67 39 64 65 6 54 16 45 61 25 60 16 6 26 50 40 23 66 6 30 35 1 43 21 72 72 38 34 55 62 11 41 18 38 35 18 42 4 27 2 13 46 43 40 56 51 14 20 28 13 4 64 15 39 1 26 37 59 4 60 50 3 8 33 66 51 24 36 47 2 32 72 41 72 72 44 4 63 52 58 57 54 0 56 10 39 39 10 25 31 26 58 32 5 18 10 48 43 72 24 31 55 71
run=18 seed=17 k=73 f=0
71 38 67 56 10 25 51 64 34 61 72 34 51 53 40 38 49 72 12 34 71 24 33 9 72 46 5 19 42 60 67 38 14 5 5 20 30 17 66 69 72 9 58 13 55 9 32 71 8 50 58 43 27 48 53 46 15 68 3 41 22 58 72 48 63 68 68 2 15 31 28 42 66 17 51 57 24 0 40 60 72 52 16 7 50 7 37 65 26 66 1 32 32 24 9 57 20 60 61 17 33 63 23 0 71 21 46 62 41 58 46 66 26 27 0 18 7 61 24 35
run=19 seed=18 k=73 f=0
53 64 71 72 53 34 46 53 29 0 29 28 40 31 2 2 38 64 52 46 61 48 42 49 66 3 19 57 31 25 11 6 47 47 62 36 31 38 41 55 47 60 64 60 0 19 25 41 20 56 14 0 18 63 42 35 33 61 4 64 44 15 1 51 53 44 14 71 0 15 19 12 60 55 33 63 72 19 7 49 2 45 71 3 32 63 26 25 51 43 16 55 7 57 33 8 26 16 9 66 30 24 23 7 63 50 7 71 35 38 11 25 68 16 25 59 6 64 9 33
run=20 seed=19 k=73 f=0
33 0 67 4 42 27 0 61 1 36 10 72 23 28 61 65 63 12 71 63 14 60 53 66 48 22 57 14 7 60 10 43 47 23 47 12 1 19 55 67 5 44 66 58 11 32 0 58 34 46 48 49 2 47 41 2 55 9 16 58 53 10 33 26 33 65 69 67 27 7 70 1 27 43 30 22 32 71 6 72 16 0 44 66 35 70 25 72 63 69 26 44 51 38 44 24 59 53 50 38 26 61 23 6 52 37 16 6 19 11 11 42 34 18 58 35 36 54 43 30
