run=1 seed=0 k=63 f=0
1 48 9 62 25 53 10 10 15 8 62 2 41 25 42 48 24 36 16 37 16 35 35 51 6 32 26 10 47 16 53 39 45 40 59 30 0 25 58 16 15 9 54 56 45 31 41 2 2 57 60 20 29 19 8 9 3 58 22 20 34 28 32 27 60 2 43 60 16 52 55 21 29 45 10 12 32 60 49 16 7 17 33 37 52 39 42 62 49 1 49 59 25 18 62 3 15 62 39 0 33 0 38 1 8 12 14 20 28 21 34 45 25 41 62 53 46 41 13 49
run=2 seed=1 k=63 f=0
1 48 9 62 25 53 10 10 15 8 62 2 41 25 42 48 24 36 16 37 16 35 35 51 6 32 26 10 47 16 53 39 45 40 59 30 0 25 58 16 15 9 54 56 45 31 41 2 2 57 60 20 29 19 8 9 3 58 22 20 34 28 32 27 60 2 43 60 16 52 55 21 29 45 10 12 32 60 49 16 7 17 33 37 52 39 42 62 49 1 49 59 25 18 62 3 15 62 39 0 33 0 38 1 8 12 14 20 28 21 34 45 25 41 62 53 46 41 13 49
run=3 seed=2 k=63 f=0
59 14 21 17 0 30 25 4 46 4 36 36 0 24 28 0 18 45 12 17 8 18 46 4 52 17 55 14 46 8 39 1 34 50 59 19 20 21 12 57 50 62 3 41 36 60 43 61 62 52 2 46 30 33 42 55 42 42 11 61 52 42 23 54 60 30 52 23 48 62 53 13 50 4 15 3 25 6 59 55 34 20 0 26 23 9 45 41 25 23 35 13 31 5 0 35 33 0 16 19 22 40 58 62 40 8 61 42 62 29 9 40 22 40 10 29 30 10 60 61
run=4 seed=3 k=63 f=0
51 25 0 44 56 62 58 56 1 53 49 4 36 2 0 17 45 37 58 21 24 15 53 57 37 50 25 47 29 8 61 52 34 59 44 39 28 38 34 45 13 44 9 62 13 42 8 9 26 61 60 4 26 3 35 2 29 53 47 16 47 42 19 38 12 47 13 33 37 17 2 22 61 53 39 6 23 40 29 0 10 62 53 43 21 0 33 30 18 16 31 62 29 7 62 9 6 16 0 17 57 33 3 46 23 40 16 0 47 21 58 54 36 18 52 30 13 7 26 43
run=5 seed=4 k=63 f=0
61 48 41 9 62 58 16 48 20 2 0 51 62 8 6 13 59 25 6 29 0 56 17 35 1 49 38 1 28 54 0 41 43 34 58 29 27 31 17 0 51 41 12 42 7 56 20 22 39 55 10 29 7 46 16 47 36 48 1 12 15 58 54 0 54 44 33 54 17 48 11 49 56 0 37 34 34 52 61 13 43 37 60 38 61 22 18 29 28 9 39 0 41 26 62 24 27 15 36 21 17 46 60 24 2 0 31 31 51 23 46 26 34 11 51 33 23 9 56 38
run=6 seed=5 k=63 f=0
56 40 54 46 14 19 50 55 18 4 0 36 27 27 55 20 23 57 57 36 23 31 15 49 1 3 4 28 33 8 8 3 4 55 12 26 12 27 34 5 51 36 9 57 25 41 36 9 10 60 27 19 47 46 41 48 2 18 20 51 39 62 39 0 33 45 19 6 22 0 1 41 30 27 31 28 43 50 13 53 17 56 26 49 37 54 42 47 52 60 13 6 2 45 33 62 10 5 62 0 24 38 11 46 36 43 0 59 45 33 58 61 21 21 62 62 13 42 11 35
run=7 seed=6 k=63 f=0
1 46 62 32 57 9 39 0 1 56 3 58 45 3 44 19 51 48 5 29 17 61 32 62 10 60 2 55 3 16 0 39 6 0 55 0 8 11 48 11 2 52 50 51 21 31 9 26 54 48 34 23 62 62 3 32 57 59 6 21 8 31 24 8 27 62 11 49 20 35 59 45 14 20 0 15 25 13 25 17 57 17 0 61 48 43 39 23 33 22 33 41 7 18 53 28 19 43 55 9 58 52 30 40 7 33 61 38 32 23 41 40 14 25 33 0 43 28 6 38
run=8 seed=7 k=63 f=0
61 6 15 22 28 60 25 32 41 47 42 10 61 48 19 60 37 47 8 33 62 53 37 51 57 20 37 18 2 22 35 55 3 52 15 0 39 9 46 16 16 17 9 27 27 10 18 9 0 55 48 22 0 4 36 19 1 14 45 35 37 24 27 52 32 41 54 54 62 5 0 8 20 0 45 61 44 44 62 28 19 20 8 39 25 31 61 56 55 26 26 54 0 52 61 13 23 23 6 50 27 15 13 44 29 38 51 33 38 7 61 38 49 31 8 0 51 10 40 41
run=9 seed=8 k=63 f=0
59 49 16 45 10 55 1 44 42 18 25 21 40 30 26 30 42 7 27 59 20 14 62 4 20 36 62 38 34 33 0 6 35 0 11 61 12 54 40 6 50 60 30 50 38 47 8 58 59 52 9 16 31 21 23 41 59 3 53 28 35 58 49 0 33 37 61 2 34 62 29 48 11 36 44 6 28 17 0 20 56 20 0 41 45 3 9 0 44 24 0 13 23 2 25 55 34 13 38 49 53 13 27 55 43 8 26 8 12 25 30 5 46 42 9 8 54 51 57 62
run=10 seed=9 k=63 f=0
58 47 62 58 14 17 5 32 0 14 40 34 8 1 0 62 62 10 62 49 36 7 33 58 11 17 45 32 2 18 20 0 60 6 40 62 24 49 57 8 27 54 1 25 23 43 43 0 49 53 38 43 0 41 46 28 46 5 39 24 62 14 61 10 60 3 52 24 59 46 32 45 15 0 30 9 46 25 10 38 15 50 12 3 13 48 0 55 30 57 33 24 47 20 0 6 19 34 28 60 11 37 18 40 5 61 26 52 23 34 21 20 21 27 29 53 60 1 29 51
run=11 seed=10 k=63 f=0
20 12 46 35 51 62 55 28 31 5 11 52 24 54 9 21 50 7 44 3 33 43 0 39 61 4 43 62 31 7 0 41 18 46 14 14 56 19 30 8 25 31 37 37 23 55 57 28 25 23 29 12 46 3 43 52 9 12 17 40 0 12 24 62 62 33 44 62 33 24 50 13 35 20 42 19 8 38 16 62 15 13 32 39 0 48 4 59 61 0 49 44 16 29 37 17 52 62 56 37 56 11 48 28 25 27 27 9 0 20 54 7 9 19 53 54 38 56 12 4
run=12 seed=11 k=63 f=0
50 57 9 41 51 4 13 58 32 46 40 49 22 32 62 55 19 58 50 6 10 12 44 49 12 8 34 44 1 18 7 49 40 21 57 26 11 53 43 55 6 29 28 52 54 27 54 15 24 35 18 0 45 2 18 60 36 56 47 9 39 62 57 29 7 16 42 31 3 3 22 23 62 18 16 46 42 6 61 62 12 62 1 6 26 52 31 27 10 58 62 39 35 31 0 22 40 41 31 35 49 29 52 37 45 19 61 60 34 28 18 51 3 50 53 62 7 56 20 16
run=13 seed=12 k=63 f=0
62 30 1 47 62 30 44 62 58 0 17 9 21 0 13 62 53 37 2 61 46 62 43 39 13 25 20 51 15 50 31 5 38 33 49 53 10 46 29 5 38 0 13 18 33 0 9 12 27 62 51 42 13 41 17 35 51 20 0 30 22 19 59 17 29 18 9 54 47 39 0 55 62 56 30 45 44 28 45 7 37 38 54 0 40 62 7 0 2 62 39 26 20 20 62 5 7 26 44 50 54 0 6 9 18 33 15 0 46 61 5 5 36 37 60 25 27 56 3 27
run=14 seed=13 k=63 f=0
2 38 0 58 62 21 61 8 17 47 20 29 25 6 19 62 18 13 20 15 44 62 14 10 49 46 39 30 62 7 8 6 30 39 0 26 48 58 33 61 55 32 45 60 35 21 17 6 11 61 62 49 59 24 30 28 9 41 53 5 11 12 59 54 24 39 12 1 38 35 56 26 5 1 53 56 0 23 50 53 35 31 2 19 57 38 40 3 47 46 34 6 15 9 45 25 28 29 17 16 0 9 41 21 45 23 47 45 14 37 37 2 5 31 42 62 23 52 1 31
run=15 seed=14 k=63 f=0
43 55 48 18 50 62 38 31 45 61 10 56 7 57 12 44 44 44 16 11 18 31 9 26 33 50 11 34 14 62 30 34 7 9 7 41 53 25 47 53 24 16 24 21 19 36 50 62 57 20 27 22 62 18 38 2 31 1 60 31 59 62 39 32 6 1 27 42 19 36 0 56 47 27 0 50 0 26 33 56 24 15 25 17 4 54 50 27 3 62 7 3 55 62 0 6 5 44 10 48 54 32 49 24 41 4 7 16 30 40 33 45 55 15 39 40 59 38 13 0
run=16 seed=15 k=63 f=0
45 33 18 5 9 62 58 32 37 49 37 25 61 59 0 17 41 34 8 32 56 18 54 1 12 4 15 1 29 0 12 28 34 28 59 22 61 56 2 35 7 30 11 23 44 18 31 47 47 41 11 3 53 39 26 61 49 46 42 13 47 51 21 62 28 59 44 25 5 31 62 34 60 53 62 47 0 62 0 47 7 38 53 24 13 16 11 18 0 36 3 57 54 22 8 38 1 50 53 39 56 46 28 39 6 35 37 23 30 52 11 33 25 48 21 26 16 56 28 16
run=17 seed=16 k=63 f=0
61 24 38 40 0 26 37 27 42 6 60 0 52 3 9 62 32 19 6 62 46 21 62 16 43 11 10 14 39 55 17 43 49 43 55 62 21 58 50 50 16 37 33 30 50 60 28 6 49 37 6 5 43 31 18 42 45 22 13 19 18 6 61 0 51 13 48 58 10 27 58 25 41 60 52 32 0 56 24 9 22 5 24 34 38 1 33 61 7 1 51 48 50 36 17 37 52 54 28 62 22 15 7 30 47 59 48 30 17 40 23 0 43 46 29 8 37 31 23 13
run=18 seed=17 k=63 f=0
62 7 20 36 22 26 19 24 59 30 50 61 47 48 32 43 9 14 51 60 11 14 62 23 5 19 46 54 41 27 38 49 36 18 28 42 61 47 6 58 0 8 1 26 50 51 58 0 3 22 41 58 31 26 48 61 40 36 48 3 62 36 10 35 27 9 39 50 23 1 55 41 9 2 44 9 28 61 1 62 21 44 34 23 9 43 19 53 40 2 14 31 33 11 0 38 53 17 18 14 50 9 47 55 2 11 58 28 16 60 18 43 39 46 0 12 25 35 55 5
run=19 seed=18 k=63 f=0
19 13 61 51 17 12 48 19 43 62 58 4 53 8 40 8 47 62 5 38 57 16 26 50 1 14 40 50 59 8 29 19 37 24 19 1 35 3 29 19 39 61 42 27 36 42 52 42 2 39 28 36 5 0 6 52 27 14 7 14 8 58 13 0 35 28 40 25 37 31 43 14 24 23 0 25 2 19 60 22 34 3 60 55 0 3 26 51 49 5 23 16 61 61 44 46 38 46 27 44 47 58 56 19 16 0 33 56 29 52 29 29 17 32 13 53 53 10 3 62
run=20 seed=19 k=63 f=0
13 57 32 40 38 6 11 34 55 33 34 49 11 57 22 7 13 28 55 43 46 26 0 62 24 40 16 23 38 39 34 6 9 47 18 41 40 21 26 45 31 55 9 15 10 52 25 0 15 16 1 50 41 15 12 0 56 29 39 58 2 0 30 23 60 49 49 27 44 55 31 54 49 62 13 19 48 53 8 0 29 14 23 31 15 31 46 30 4 61 3 6 36 43 47 62 41 0 25 61 19 54 17 15 52 24 20 29 43 3 40 60 34 6 22 62 6 54 48 17
