run=1 seed=0 k=69 f=0
34 44 29 25 50 46 38 24 46 1 19 16 28 40 28 56 7 33 10 58 62 12 50 0 32 62 53 4 34 0 38 36 51 13 17 40 22 55 46 10 27 47 20 20 6 1 20 65 5 30 68 66 8 31 2 64 62 26 44 49 41 63 40 13 11 59 34 33 54 11 47 41 45 7 2 51 68 41 48 59 43 1 39 56 23 33 23 68 56 13 66 65 47 39 59 18 1 36 63 17 18 0 32 68 32 6 64 10 18 46 7 32 67 37 0 21 66 68 7 53
run=2 seed=1 k=69 f=0
34 44 29 25 50 46 38 24 46 1 19 16 28 40 28 56 7 33 10 58 62 12 50 0 32 62 53 4 34 0 38 36 51 13 17 40 22 55 46 10 27 47 20 20 6 1 20 65 5 30 68 66 8 31 2 64 62 26 44 49 41 63 40 13 11 59 34 33 54 11 47 41 45 7 2 51 68 41 48 59 43 1 39 56 23 33 23 68 56 13 66 65 47 39 59 18 1 36 63 17 18 0 32 68 32 6 64 10 18 46 7 32 67 37 0 21 66 68 7 53
run=3 seed=2 k=69 f=0
14 33 47 33 29 60 36 33 59 0 56 54 43 39 50 0 38 25 33 20 44 5 38 47 68 10 0 8 31 54 34 30 25 57 26 12 20 33 49 68 11 14 15 29 59 41 30 33 66 66 53 62 51 68 51 35 44 2 26 22 58 39 2 0 67 39 67 0 44 6 56 6 40 11 15 0 2 15 5 58 16 29 1 41 23 27 42 38 22 8 50 66 65 34 19 67 68 61 28 8 7 42 64 64 47 50 18 47 38 43 11 52 24 10 25 28 12 28 57 20
run=4 seed=3 k=69 f=0
9 47 22 25 26 43 21 19 58 12 1 17 24 10 7 60 18 52 16 0 60 66 8 21 49 50 35 44 31 15 34 47 31 29 3 67 4 20 22 33 37 48 49 61 43 52 24 52 23 40 35 55 13 14 13 14 12 59 29 1 41 66 35 0 64 59 34 68 31 16 21 68 64 8 52 15 57 16 68 42 9 32 48 54 24 65 8 34 55 39 51 67 5 22 54 0 61 47 0 63 9 3 63 63 67 25 56 67 42 15 68 57 31 39 0 31 3 10 35 46
run=5 seed=4 k=69 f=0
0 31 24 68 16 10 4 12 20 5 60 1 34 50 39 60 0 43 26 59 56 68 0 8 28 24 18 16 54 17 14 20 10 26 55 43 37 61 30 67 52 68 37 17 12 67 52 67 39 22 39 52 21 47 22 25 51 0 11 32 31 7 65 68 33 62 63 67 8 48 36 62 48 55 0 13 26 40 37 62 9 62 17 19 52 20 45 62 6 27 14 42 1 60 55 6 60 46 51 2 26 48 12 45 51 1 30 31 24 35 36 45 10 6 45 36 1 18 44 40
run=6 seed=5 k=69 f=0
58 68 0 45 16 19 49 35 6 0 66 53 57 25 46 54 31 30 31 2 40 0 63 21 68 35 1 40 50 37 66 64 38 0 65 25 29 36 21 64 5 8 29 61 53 6 35 68 7 12 6 21 48 46 52 42 21 14 12 43 56 11 7 26 61 57 55 1 25 7 67 32 44 64 34 30 1 28 67 14 23 8 19 18 49 53 31 24 60 59 67 68 60 27 9 68 48 40 11 30 60 9 31 18 43 46 33 11 0 13 53 17 21 57 39 46 25 34 41 9
run=7 seed=6 k=69 f=0
4 59 14 36 57 19 4 47 16 1 68 52 23 38 19 1 11 43 63 26 12 1 0 9 56 28 27 39 33 21 5 46 68 63 0 49 18 25 3 35 64 66 7 3 63 8 9 31 12 26 24 40 31 51 16 62 59 51 22 63 35 32 27 29 36 57 47 1 27 66 51 45 24 11 48 17 59 46 19 44 0 68 6 33 56 2 44 3 39 50 41 66 14 10 52 25 44 32 67 53 54 49 12 68 31 60 64 22 20 14 64 49 44 6 14 37 0 44 19 67
run=8 seed=7 k=69 f=0
57 1 60 64 5 42 5 24 66 24 41 25 8 60 43 39 1 56 64 39 20 27 34 32 54 1 35 30 47 67 24 40 63 53 36 68 66 12 34 41 10 46 20 18 24 63 48 10 3 59 21 32 0 19 64 47 57 14 0 38 60 5 9 50 62 16 24 52 68 29 58 0 56 10 68 54 15 45 5 38 29 49 68 44 0 53 13 13 19 23 0 11 61 54 8 37 68 29 27 65 15 16 46 41 26 52 31 21 36 67 20 37 53 28 56 17 3 51 12 15
run=9 seed=8 k=69 f=0
1 41 34 35 52 61 4 53 42 50 22 9 21 63 62 23 37 27 66 56 44 1 10 1 49 39 67 9 55 27 9 51 34 34 68 68 56 61 63 61 7 37 57 25 63 3 25 0 11 58 31 58 31 43 47 44 14 34 36 34 35 16 67 50 19 5 19 67 66 13 16 42 56 44 27 21 28 57 47 43 14 28 50 48 49 27 64 4 32 31 12 65 18 0 19 21 60 39 24 0 14 12 34 58 6 10 50 41 40 57 15 27 16 67 68 1 68 38 8 39
run=10 seed=9 k=69 f=0
40 7 43 1 5 56 20 67 63 20 64 25 28 1 67 26 52 66 67 40 30 43 58 49 14 7 39 15 34 23 68 1 3 66 46 49 53 37 42 50 12 18 51 54 28 56 0 40 10 39 20 0 36 33 7 58 28 18 3 29 43 20 9 15 54 58 37 13 23 52 23 5 55 14 20 27 45 61 14 61 2 9 48 67 8 27 39 36 18 45 8 19 0 12 68 61 53 45 64 51 32 8 48 51 67 25 46 50 32 17 24 34 21 0 9 35 1 2 68 21
run=11 seed=10 k=69 f=0
64 52 26 65 16 55 50 42 16 68 58 38 25 33 68 49 28 16 65 15 8 22 10 43 4 11 28 10 40 44 44 64 45 19 64 60 28 52 36 35 52 35 28 65 64 17 0 25 34 12 11 3 57 58 65 11 0 24 59 41 37 4 47 0 41 27 44 28 4 59 38 49 19 3 0 45 17 1 55 51 61 64 27 22 54 36 2 24 10 33 21 6 37 10 35 51 42 46 55 11 54 8 39 18 8 20 45 63 48 0 5 65 35 68 68 57 20 49 23 19
run=12 seed=11 k=69 f=0
55 41 8 59 8 0 19 45 42 10 41 48 65 35 38 25 34 29 55 42 68 24 67 45 56 59 7 38 9 46 36 13 64 47 1 0 59 54 43 16 26 45 64 7 51 0 33 57 57 59 1 51 11 68 62 6 29 68 44 21 55 7 0 59 0 43 15 33 68 25 64 39 5 38 47 28 53 31 28 17 41 17 49 18 0 30 37 16 28 48 67 56 17 19 25 0 30 17 48 28 7 43 40 34 28 47 11 44 40 23 33 52 3 16 1 0 4 10 29 59
run=13 seed=12 k=69 f=0
29 20 44 4 68 39 23 29 49 0 34 20 59 8 26 1 17 46 44 26 7 59 68 12 32 50 32 46 68 61 32 31 5 30 66 58 38 9 20 41 50 68 68 42 5 34 47 66 7 13 59 21 39 56 23 17 42 15 48 24 58 66 7 12 8 33 24 49 50 15 19 19 0 62 0 25 44 56 1 25 52 37 63 40 24 21 28 39 55 45 39 8 37 43 27 34 3 20 14 1 36 68 12 36 0 60 54 15 47 36 58 1 66 0 14 52 9 65 27 65
run=14 seed=13 k=69 f=0
3 41 20 58 36 68 55 14 41 26 33 10 32 66 0 43 12 49 41 57 44 45 36 50 41 28 1 0 65 0 0 39 15 66 64 34 7 17 14 19 61 68 30 20 64 29 18 52 52 7 16 50 24 54 62 1 66 33 40 63 57 24 5 11 61 51 9 5 16 27 23 5 26 24 68 38 20 61 2 57 48 46 35 29 25 5 9 12 15 19 46 1 37 51 56 19 51 25 47 9 34 42 23 28 67 39 16 7 58 58 6 56 66 68 41 47 4 66 34 61
run=15 seed=14 k=69 f=0
16 68 52 30 45 14 34 63 11 57 30 4 18 0 27 29 9 52 34 23 37 10 0 48 8 58 22 46 34 60 3 33 51 7 2 1 21 31 45 59 18 46 63 33 21 13 39 0 66 28 26 10 54 37 24 43 41 14 28 47 6 58 1 14 65 19 16 22 50 15 8 65 52 67 61 39 68 59 66 60 49 58 39 4 68 63 18 53 5 4 67 22 34 68 35 68 58 50 35 40 39 0 10 26 29 43 40 10 45 8 45 23 4 6 27 44 68 58 28 32
run=16 seed=15 k=69 f=0
23 54 68 67 47 9 13 24 39 57 10 2 0 50 13 46 26 60 32 43 55 20 39 43 4 13 21 60 49 19 42 16 67 6 18 2 68 6 36 50 60 27 0 28 51 21 66 23 44 35 39 33 51 53 8 58 39 15 48 19 29 24 12 27 31 25 44 18 29 2 39 14 67 41 63 10 55 0 62 10 68 51 5 63 14 19 64 21 18 1 45 35 39 52 0 39 12 8 30 61 11 0 23 9 13 2 52 33 0 35 26 68 46 45 19 59 28 63 19 6
run=17 seed=16 k=69 f=0
2 60 17 30 27 47 67 26 63 3 44 38 45 33 50 38 41 22 63 3 64 23 68 6 57 41 9 56 68 34 29 34 54 5 32 35 65 19 55 59 62 1 40 19 49 2 51 21 53 67 24 68 36 46 9 60 1 52 13 59 42 26 63 0 34 14 13 55 4 12 62 39 35 62 0 14 21 0 7 7 52 19 42 46 48 23 3 35 25 22 27 31 12 21 26 19 35 38 22 15 12 14 49 44 8 67 0 63 37 58 10 32 0 53 59 8 28 16 30 3
run=18 seed=17 k=69 f=0
45 27 59 34 1 62 13 28 32 56 52 54 68 44 61 38 10 22 0 54 35 45 14 56 64 19 43 0 0 22 24 67 55 54 40 27 47 14 60 51 39 1 36 11 1 25 65 9 65 47 9 48 39 7 16 7 67 30 56 6 53 16 12 35 1 18 66 19 14 28 21 29 37 8 45 9 34 49 28 17 44 53 29 62 31 3 40 16 4 68 39 58 67 14 68 9 18 36 6 7 65 48 41 6 11 57 25 19 1 50 51 22 9 43 55 51 61 26 4 62
run=19 seed=18 k=69 f=0
64 36 17 9 43 53 24 43 58 24 7 28 59 50 16 29 41 18 56 28 60 61 62 58 4 43 40 11 67 31 25 14 1 45 12 15 38 48 59 50 31 66 20 15 25 3 47 36 54 6 13 18 49 5 3 41 36 43 49 67 6 22 52 45 63 30 62 32 15 52 55 37 20 68 66 35 52 23 39 8 20 11 0 51 50 3 34 35 46 46 35 55 1 39 0 23 23 20 32 0 57 34 1 9 40 5 62 66 68 26 20 28 65 68 36 53 24 37 21 65
run=20 seed=19 k=69 f=0
52 16 28 7 0 51 2 59 36 7 61 43 50 37 56 25 15 60 27 52 62 41 59 6 31 22 29 44 43 21 59 0 42 8 48 32 68 50 29 23 58 37 25 9 36 55 66 18 48 23 0 42 27 53 5 32 41 5 59 57 34 19 15 8 36 14 3 8 7 46 67 14 68 19 15 25 30 68 47 21 64 10 1 32 55 37 19 27 13 9 42 33 0 66 49 22 63 0 43 12 8 25 54 67 58 64 63 30 34 54 63 65 37 40 3 0 48 22 62 68
