run=1 seed=0 k=74 f=0
62 73 9 9 19 27 1 52 67 31 72 17 26 20 67 2 11 54 10 52 29 4 48 3 73 6 42 59 56 68 59 57 65 10 17 7 52 10 37 30 19 11 25 32 26 0 73 25 27 41 35 69 39 72 0 13 66 64 72 20 1 25 41 0 35 51 70 46 39 52 55 16 33 65 10 26 42 16 59 73 33 25 6 12 69 58 45 37 59 43 62 66 32 31 39 60 52 36 14 17 47 70 54 21 67 43 37 42 37 51 46 48 21 30 50 59 15 52 13 9
run=2 seed=1 k=74 f=0
62 73 9 9 19 27 1 52 67 31 72 17 26 20 67 2 11 54 10 52 29 4 48 3 73 6 42 59 56 68 59 57 65 10 17 7 52 10 37 30 19 11 25 32 26 0 73 25 27 41 35 69 39 72 0 13 66 64 72 20 1 25 41 0 35 51 70 46 39 52 55 16 33 65 10 26 42 16 59 73 33 25 6 12 69 58 45 37 59 43 62 66 32 31 39 60 52 36 14 17 47 70 54 21 67 43 37 42 37 51 46 48 21 30 50 59 15 52 13 9
run=3 seed=2 k=74 f=0
73 46 35 45 15 6 2 15 21 70 14 13 54 13 43 67 66 63 73 44 34 56 12 3 73 37 24 40 10 27 63 55 15 30 72 62 10 57 41 57 27 17 62 65 43 23 0 22 72 44 58 8 44 19 66 30 71 57 48 26 63 61 53 69 19 17 57 51 44 5 27 22 32 72 27 50 47 7 51 0 37 13 63 32 51 14 41 55 7 2 11 58 0 52 2 73 23 37 29 72 40 56 16 60 49 21 36 73 5 49 0 18 5 18 29 51 37 36 61 24
run=4 seed=3 k=74 f=0
29 36 56 62 0 18 26 16 31 0 13 4 53 33 33 57 50 72 65 71 21 60 31 60 6 19 53 35 14 49 44 22 69 8 52 52 27 21 50 36 10 64 40 63 40 55 25 19 73 40 44 29 6 17 10 51 33 41 2 10 69 42 66 11 11 16 39 38 44 11 0 17 64 33 44 23 0 49 3 37 66 46 17 71 65 8 26 57 49 7 67 44 1 4 2 52 19 50 60 21 14 38 56 73 57 55 49 29 33 72 4 24 30 24 73 64 71 3 25 59
run=5 seed=4 k=74 f=0
53 22 29 60 63 11 3 21 65 71 60 0 0 10 15 33 66 19 29 51 51 5 43 66 25 66 32 21 43 36 46 26 54 72 29 4 10 32 43 4 7 26 38 73 53 73 40 62 18 51 41 11 67 1 21 70 17 69 25 27 28 55 65 70 53 63 0 42 31 73 43 0 72 43 36 48 73 8 56 18 28 20 3 8 0 0 63 44 49 60 17 6 46 8 7 4 1 2 45 56 40 38 56 16 29 24 70 28 11 44 51 55 45 49 37 60 68 40 33 32
run=6 seed=5 k=74 f=0
15 61 44 0 12 24 72 71 67 20 54 60 40 36 59 24 28 42 26 18 24 47 0 72 55 1 33 60 46 26 31 73 64 50 33 3 0 9 26 27 19 14 13 23 21 31 57 69 30 44 40 0 21 11 73 69 34 44 5 73 33 37 43 53 65 35 16 65 19 72 70 62 38 9 45 58 6 43 61 69 16 31 20 28 8 35 41 1 2 73 29 2 37 27 69 52 4 73 53 61 4 49 0 35 2 46 68 54 52 55 49 1 12 17 52 9 12 63 11 8
run=7 seed=6 k=74 f=0
55 43 9 61 13 25 38 53 58 10 71 69 66 1 35 45 0 46 3 69 50 50 18 46 13 71 18 53 56 59 39 11 18 16 66 68 72 17 38 33 21 53 33 64 64 40 51 66 13 0 34 58 8 25 10 21 18 30 55 42 22 0 66 51 72 36 41 30 62 3 29 73 19 33 44 0 31 37 55 14 73 19 60 12 10 70 4 63 41 9 31 26 2 55 0 73 72 19 47 47 3 2 43 25 67 29 11 25 45 10 47 41 61 68 23 34 0 5 22 0
run=8 seed=7 k=74 f=0
9 22 49 58 0 20 28 61 4 13 5 42 65 16 73 42 61 12 6 0 18 56 0 26 9 30 51 23 71 64 9 26 12 73 18 1 13 24 63 34 36 31 1 72 58 43 22 5 28 50 55 55 43 55 54 46 63 69 70 61 38 1 29 14 34 35 65 68 65 27 13 20 39 73 60 23 40 52 26 51 28 42 51 64 16 65 60 8 11 34 73 7 35 40 72 49 38 62 43 21 67 34 20 32 67 43 3 29 4 51 70 9 15 6 0 41 23 73 42 5
run=9 seed=8 k=74 f=0
33 73 27 39 0 7 62 47 9 31 4 29 43 61 33 36 64 69 13 18 8 16 18 42 10 21 15 25 55 34 0 18 56 65 65 60 11 67 61 22 2 64 35 28 5 68 23 17 59 42 19 54 10 46 0 47 16 42 24 1 25 73 54 59 39 69 73 17 40 60 17 65 51 56 69 48 34 73 52 16 5 27 68 42 52 68 1 46 14 27 15 39 1 15 42 40 7 2 57 72 40 23 41 0 43 43 48 7 6 4 21 70 32 12 26 51 61 26 34 63
run=10 seed=9 k=74 f=0
31 14 59 55 20 73 66 52 20 62 71 63 18 21 47 63 73 28 62 32 57 12 73 35 3 32 8 33 1 38 72 48 25 3 67 70 17 39 73 32 27 39 73 45 43 9 34 71 3 1 45 61 4 42 23 36 51 70 6 12 1 55 10 4 41 45 8 29 44 64 61 10 53 39 73 54 8 11 52 55 64 1 17 55 21 3 28 12 43 37 50 27 55 40 30 39 23 7 46 45 1 12 20 48 51 71 46 47 38 58 54 65 73 67 31 21 70 59 15 12
run=11 seed=10 k=74 f=0
62 24 42 11 9 1 57 73 71 1 11 61 53 47 70 47 28 72 0 6 24 46 54 15 39 72 18 11 64 62 73 15 65 20 4 59 69 61 49 0 63 60 61 18 67 35 40 40 34 31 12 3 66 33 51 1 31 69 22 22 61 58 6 1 41 67 12 33 26 39 8 26 4 38 53 15 0 72 55 12 45 67 28 69 4 25 54 1 21 55 49 5 54 29 33 47 49 22 30 37 16 68 39 72 45 32 46 23 22 39 35 69 10 9 21 18 35 65 50 16
run=12 seed=11 k=74 f=0
59 73 54 45 23 19 23 39 8 14 62 2 23 33 41 71 21 12 15 8 11 26 19 5 49 41 68 40 73 37 44 0 51 23 1 73 15 41 66 70 57 0 8 2 62 27 50 59 39 4 27 51 69 46 56 47 40 53 62 24 73 32 53 45 33 39 9 2 15 64 62 71 45 36 55 66 66 7 68 6 53 21 71 52 31 69 9 4 2 11 60 43 66 29 9 31 2 60 34 60 14 30 15 0 2 19 9 19 53 55 28 0 25 66 35 28 37 53 61 17
run=13 seed=12 k=74 f=0
68 1 73 11 55 73 0 13 1 46 36 59 73 24 73 47 52 48 43 66 67 62 14 16 34 32 35 56 26 48 59 20 60 66 58 1 73 56 44 39 68 18 73 71 42 5 73 5 54 29 14 42 3 8 59 29 27 4 37 20 38 26 19 33 10 61 6 22 9 28 35 2 46 26 46 66 0 36 36 11 44 50 73 40 16 32 19 18 14 15 9 57 42 6 23 8 49 8 29 51 29 65 6 7 25 55 51 69 68 14 42 0 23 65 35 57 3 23 48 30
run=14 seed=13 k=74 f=0
46 67 44 45 2 54 39 25 65 53 73 1 0 18 26 13 54 65 54 59 32 30 35 22 5 2 33 68 37 62 43 41 66 2 57 5 24 41 8 10 62 59 14 72 0 72 72 34 0 44 35 71 34 56 19 7 28 30 67 33 51 34 37 54 45 15 37 15 61 42 27 68 48 19 68 60 11 58 25 66 28 3 60 21 25 27 20 17 36 13 23 47 52 35 26 60 13 39 64 53 8 70 59 73 15 53 7 46 37 23 11 43 66 9 21 17 69 11 49 7
run=15 seed=14 k=74 f=0
53 21 13 0 67 47 19 50 18 40 71 32 35 42 18 40 32 10 17 12 24 35 55 12 64 72 54 52 53 37 44 14 52 11 25 22 25 49 1 9 45 64 3 22 32 37 69 20 2 13 70 4 58 58 39 64 10 71 42 54 33 67 39 63 69 33 34 13 12 55 14 20 23 63 0 48 71 33 49 0 62 32 59 60 44 67 50 8 65 70 5 8 73 43 45 42 38 3 1 20 70 36 25 27 72 64 24 2 23 7 2 25 55 73 11 4 2 59 37 70
run=16 seed=15 k=74 f=0
7 1 19 1 24 49 16 22 73 10 55 70 26 27 12 39 19 11 48 67 54 26 64 59 0 21 30 65 68 72 73 53 19 24 54 52 58 1 47 57 34 64 32 5 5 44 68 6 11 41 40 59 48 71 22 45 40 38 57 23 73 1 14 56 66 0 40 0 0 63 10 49 1 21 39 60 43 32 12 55 9 54 18 54 15 40 3 48 71 52 60 29 51 2 36 32 25 73 35 16 53 26 63 11 27 57 60 45 36 31 26 73 29 45 1 27 63 35 51 38
run=17 seed=16 k=74 f=0
0 47 54 2 53 43 39 67 73 8 23 35 11 63 28 16 45 14 9 17 35 59 17 68 10 1 72 55 37 0 46 22 18 71 34 68 41 25 67 58 38 2 65 27 44 7 0 46 0 52 58 39 28 27 33 43 28 33 21 30 62 9 36 8 7 20 51 0 50 71 64 27 73 51 42 43 31 64 36 65 20 31 48 27 0 73 71 7 15 73 39 53 30 57 63 15 68 71 41 73 8 33 21 36 40 13 57 37 9 20 46 11 45 23 56 72 19 32 52 50
run=18 seed=17 k=74 f=0
5 68 8 63 3 33 51 5 67 37 23 41 65 0 38 50 70 72 30 18 52 65 39 60 53 61 6 72 17 29 42 9 20 58 22 29 4 27 34 32 43 17 49 24 65 29 71 27 45 0 52 73 35 15 42 8 15 44 36 18 68 66 27 18 0 54 47 28 53 59 12 24 2 23 12 72 32 8 41 55 1 73 55 33 17 1 19 25 63 57 49 39 39 47 57 19 43 9 54 23 69 12 22 48 35 15 47 45 26 73 5 0 21 0 9 73 0 36 51 46
run=19 seed=18 k=74 f=0
60 0 43 63 8 23 45 29 50 36 14 51 42 34 42 21 15 72 27 19 73 57 72 65 5 17 29 61 32 36 29 30 71 50 56 3 39 6 17 59 47 65 31 70 30 9 14 28 46 23 24 60 11 2 50 21 13 69 50 45 34 73 42 8 1 70 64 23 39 66 47 20 2 5 51 39 52 42 6 22 62 60 73 42 0 39 29 17 34 0 62 46 71 31 52 0 34 40 6 1 8 54 25 25 37 25 13 15 20 47 26 8 56 16 73 61 7 29 3 50
run=20 seed=19 k=74 f=0
11 20 3 70 61 29 7 45 38 52 17 60 56 68 72 0 62 43 57 26 34 36 65 63 55 36 20 33 21 73 47 33 4 53 65 66 27 72 61 25 51 64 11 18 25 41 39 13 62 22 63 17 36 70 42 73 61 39 31 1 21 13 41 57 66 11 25 53 49 44 31 16 32 1 0 7 39 73 45 73 0 50 39 36 24 59 11 11 2 67 30 32 66 52 46 6 72 31 64 7 25 15 49 11 6 58 49 40 22 6 4 0 0 29 29 37 65 7 27 68
