run=1 seed=0 k=72 f=0
55 61 9 43 41 7 54 12 33 5 0 51 50 43 56 22 47 18 52 64 50 8 71 69 25 26 62 54 71 55 41 18 54 36 5 39 1 16 30 6 69 70 45 13 32 63 13 13 16 70 15 0 22 10 44 65 14 11 32 49 4 45 68 46 43 30 70 71 49 65 0 62 54 33 20 15 25 0 3 14 4 24 60 26 68 18 51 11 26 55 60 39 29 13 19 28 34 18 30 32 27 28 2 38 35 57 71 40 69 36 52 20 61 28 62 1 15 41 58 56
run=2 seed=1 k=72 f=0
55 61 9 43 41 7 54 12 33 5 0 51 50 43 56 22 47 18 52 64 50 8 71 69 25 26 62 54 71 55 41 18 54 36 5 39 1 16 30 6 69 70 45 13 32 63 13 13 16 70 15 0 22 10 44 65 14 11 32 49 4 45 68 46 43 30 70 71 49 65 0 62 54 33 20 15 25 0 3 14 4 24 60 26 68 18 51 11 26 55 60 39 29 13 19 28 34 18 30 32 27 28 2 38 35 57 71 40 69 36 52 20 61 28 62 1 15 41 58 56
run=3 seed=2 k=72 f=0
42 71 44 71 43 62 0 71 35 3 31 15 45 25 53 9 38 45 38 1 32 9 18 35 60 10 26 46 18 26 21 71 49 66 41 15 1 57 57 69 5 62 24 50 31 27 60 27 66 25 61 37 56 21 59 38 35 43 71 71 61 42 51 0 19 48 71 8 50 71 39 51 38 5 1 36 29 37 5 69 52 65 1 8 71 18 28 26 17 11 41 63 17 32 9 17 25 13 49 3 4 51 6 36 51 35 36 63 7 57 13 58 68 58 12 66 21 1 15 26
run=4 seed=3 k=72 f=0
59 53 0 16 33 4 48 64 1 7 38 39 9 19 58 9 66 55 60 39 43 54 17 44 7 40 29 60 3 59 0 10 16 44 62 43 19 38 58 36 22 31 37 31 64 43 57 37 5 34 71 26 17 29 8 17 60 53 31 16 21 1 70 35 11 22 13 53 71 71 14 51 59 71 10 34 42 67 69 60 29 26 62 45 19 67 48 49 31 57 69 19 2 29 44 3 25 46 18 69 42 42 10 27 41 58 25 47 69 24 22 26 7 10 51 71 4 13 35 36
run=5 seed=4 k=72 f=0
61 71 1 11 42 49 33 34 68 14 70 67 14 44 19 49 22 28 33 57 61 29 28 17 51 70 42 32 48 35 54 53 16 8 43 3 17 4 71 38 13 23 37 34 68 59 22 58 48 47 41 47 65 59 18 13 54 23 2 30 52 1 27 52 70 71 15 11 20 30 48 40 54 58 0 42 62 70 52 38 69 11 35 16 1 40 56 8 64 27 39 10 44 55 10 70 32 13 9 29 42 19 6 60 2 3 3 26 69 50 22 66 61 44 0 19 28 36 65 20
run=6 seed=5 k=72 f=0
30 7 62 0 32 50 8 3 33 13 18 56 36 54 10 44 4 21 44 32 16 10 12 66 3 7 31 1 24 40 19 39 4 28 49 2 53 42 33 65 56 69 53 45 35 12 66 55 1 49 45 8 54 66 12 37 1 59 15 24 58 5 43 28 49 36 64 69 27 23 10 46 71 42 1 2 11 22 1 45 71 42 62 54 35 18 26 45 34 42 58 33 62 42 71 40 18 22 53 63 50 63 38 20 70 16 36 68 54 37 67 71 12 0 0 54 30 51 29 26
run=7 seed=6 k=72 f=0
45 25 18 41 21 5 46 51 9 58 47 51 45 53 58 61 48 12 23 18 65 62 51 17 69 13 60 0 0 58 4 66 56 15 0 1 8 40 44 32 18 21 69 42 28 38 27 70 32 66 36 16 61 27 61 1 62 50 56 12 4 55 6 66 38 42 63 32 13 48 1 39 7 29 12 29 38 39 3 12 23 44 10 0 21 56 24 35 40 17 47 60 50 69 9 41 56 61 13 70 33 16 39 34 61 24 66 9 35 48 25 36 14 45 30 0 52 71 37 8
run=8 seed=7 k=72 f=0
45 51 59 31 29 71 50 23 24 38 59 12 67 30 1 24 10 61 6 0 8 3 0 25 42 4 1 0 0 15 47 37 62 32 57 1 65 0 4 52 25 12 53 12 10 71 60 13 69 30 13 35 56 49 23 26 69 26 12 71 39 15 9 43 22 49 44 49 49 59 69 52 31 43 17 13 59 45 56 19 52 2 61 25 69 53 46 46 41 62 9 39 61 36 23 71 66 68 10 6 71 16 58 32 11 20 7 54 42 70 34 38 17 6 28 71 33 19 40 14
run=9 seed=8 k=72 f=0
16 0 31 53 59 37 60 53 33 70 31 21 7 69 15 46 60 70 3 53 21 68 47 38 28 63 44 17 26 5 52 48 44 67 69 51 31 43 13 10 68 0 46 1 64 17 38 4 3 16 52 45 35 58 20 38 13 34 21 1 71 22 0 71 33 28 17 10 50 38 37 10 56 12 50 6 14 34 10 41 71 18 70 37 42 66 10 5 44 34 59 49 28 3 56 30 25 48 41 20 18 6 27 40 53 37 26 53 4 52 21 58 64 14 64 22 64 18 30 1
run=10 seed=9 k=72 f=0
67 33 40 5 2 29 68 6 0 25 26 64 34 49 37 34 17 54 46 67 31 56 64 21 37 26 36 47 55 57 16 40 26 69 55 34 0 67 48 44 63 65 62 3 30 13 16 3 1 63 15 42 59 10 19 46 37 24 21 48 56 58 17 20 60 1 70 69 68 47 41 4 39 19 21 4 27 40 36 8 68 5 14 59 16 57 34 71 61 34 6 46 29 6 11 15 4 9 28 0 56 14 0 71 23 61 40 61 50 16 12 7 21 0 49 48 66 11 65 26
run=11 seed=10 k=72 f=0
60 46 8 62 66 4 49 18 35 69 47 29 0 45 30 10 15 70 71 5 12 70 41 5 33 52 20 19 54 26 17 71 65 28 68 9 46 55 6 70 43 32 54 59 21 37 27 55 36 39 2 48 24 58 5 25 9 21 44 50 52 35 65 67 62 56 20 35 61 21 59 61 53 43 41 19 62 71 65 42 28 68 50 33 34 39 8 6 14 9 1 67 43 13 53 0 18 16 28 9 38 15 57 16 39 36 54 1 0 2 15 4 2 35 71 0 17 19 12 60
run=12 seed=11 k=72 f=0
23 5 71 53 37 13 49 54 57 19 20 7 0 14 11 1 7 20 4 42 45 45 37 13 31 20 70 26 45 46 50 56 67 47 25 62 70 69 63 68 26 32 52 70 51 13 0 17 33 71 64 20 42 20 26 5 71 22 60 34 3 34 2 29 10 25 6 29 57 23 44 63 59 36 51 22 18 42 52 26 35 35 55 51 71 25 67 70 42 57 52 71 35 1 12 60 42 36 36 9 55 65 7 58 16 60 3 8 1 37 36 13 16 21 64 0 61 65 29 69
run=13 seed=12 k=72 f=0
8 66 50 64 10 39 53 65 49 0 34 45 61 57 40 18 35 3 25 4 31 25 71 48 39 4 33 51 8 57 12 50 47 27 58 16 44 39 20 6 62 54 70 45 62 53 29 0 0 42 20 4 29 35 46 57 24 68 30 70 49 8 3 41 65 63 36 71 47 0 58 29 54 20 20 18 2 32 14 20 71 38 9 45 9 16 18 63 27 64 57 41 40 69 1 58 56 34 17 47 26 25 60 10 68 24 0 63 2 65 10 16 54 33 38 21 29 69 12 16
run=14 seed=13 k=72 f=0
66 6 71 31 52 50 56 35 0 35 70 19 46 23 35 67 15 40 56 51 29 46 23 26 9 64 71 2 59 1 34 69 70 11 18 27 19 13 63 52 32 59 71 38 47 49 49 53 20 11 18 64 3 44 5 13 25 69 35 3 43 54 50 31 48 66 45 13 6 61 65 37 14 9 0 13 0 32 30 9 39 11 2 47 40 38 57 21 38 5 61 24 60 27 13 69 39 3 26 20 12 3 5 42 45 13 61 18 19 55 43 29 24 62 71 54 31 57 14 55
run=15 seed=14 k=72 f=0
32 68 19 5 25 20 16 24 63 49 46 38 48 60 36 59 44 50 0 53 3 12 55 52 22 70 60 4 54 0 66 70 16 16 32 41 27 7 20 65 52 11 51 34 6 63 27 30 55 4 11 59 34 46 15 29 4 67 70 70 55 0 60 28 41 55 10 69 62 45 32 65 1 28 10 40 37 53 43 28 71 61 9 52 43 45 18 71 71 4 17 13 71 1 46 17 1 11 37 19 40 69 67 11 71 22 34 65 3 49 24 21 37 61 1 36 44 35 14 9
run=16 seed=15 k=72 f=0
29 6 19 71 60 57 0 48 3 16 67 16 56 68 10 33 53 64 14 1 52 32 0 38 52 49 40 55 16 12 26 61 56 66 60 58 2 47 35 35 7 17 44 7 42 6 0 40 45 68 16 33 64 24 8 21 67 48 6 40 1 51 30 53 46 34 26 42 59 25 21 32 51 31 36 22 46 8 60 0 37 68 57 69 71 16 14 46 30 29 27 62 0 20 71 71 39 23 57 8 68 6 41 27 40 15 46 23 30 38 71 13 43 36 71 61 0 6 55 19
run=17 seed=16 k=72 f=0
60 51 31 4 3 71 55 71 42 24 69 41 47 47 62 14 45 64 70 21 23 26 17 14 65 60 12 71 11 24 38 16 70 28 20 52 53 4 67 27 56 64 37 35 47 50 9 21 35 34 15 12 0 7 50 51 47 11 67 62 54 36 22 40 32 44 12 32 10 71 62 56 41 28 16 17 5 54 54 56 68 41 0 37 45 32 17 29 6 0 71 35 60 45 0 41 25 4 67 28 8 49 7 61 29 71 21 35 53 4 56 1 61 10 19 71 8 57 66 60
run=18 seed=17 k=72 f=0
25 31 71 35 57 71 41 65 17 47 49 11 60 24 8 50 0 21 42 15 2 65 8 68 56 60 64 11 46 26 1 49 40 36 28 15 59 38 6 69 70 71 71 8 47 34 6 63 39 60 6 43 52 19 52 16 25 60 52 24 67 43 1 54 7 35 69 35 3 21 55 33 18 55 48 10 15 28 1 24 69 1 47 43 43 17 70 39 31 20 69 55 55 62 18 14 64 52 0 9 5 0 47 39 65 39 49 19 34 51 64 31 18 2 33 62 22 26 16 20
run=19 seed=18 k=72 f=0
31 65 58 7 4 30 70 40 20 71 48 61 30 50 28 61 34 18 29 60 13 7 49 67 32 31 50 11 3 42 53 5 31 40 68 51 26 64 35 46 57 69 45 69 7 37 26 0 0 1 6 9 0 71 35 71 0 11 63 37 60 49 16 34 9 65 40 33 25 49 66 22 62 41 19 53 11 45 6 45 71 2 51 17 18 0 17 39 22 14 14 26 33 43 15 69 43 19 68 62 22 22 31 2 43 14 55 67 56 61 32 58 54 26 20 70 30 37 3 49
run=20 seed=19 k=72 f=0
65 6 52 58 33 15 71 54 20 4 25 47 0 51 21 33 22 66 55 4 70 43 1 18 29 23 2 0 71 19 67 59 6 11 45 14 48 62 71 63 1 41 27 12 14 25 66 25 68 44 56 60 8 24 8 13 11 23 1 31 56 39 65 27 42 23 58 16 34 1 4 40 59 35 10 1 11 16 70 49 62 14 51 20 71 1 61 41 16 36 54 14 50 61 61 47 38 9 34 30 47 25 44 35 34 0 42 38 70 32 31 59 31 44 19 71 25 9 47 38
