run=1 seed=0 k=66 f=0
46 17 49 28 26 37 22 22 27 1 51 6 39 65 56 25 42 54 46 9 50 7 1 6 34 0 44 45 62 56 65 35 42 36 47 9 0 52 13 10 51 46 0 23 20 50 26 53 29 35 0 31 14 54 54 44 50 51 16 45 17 65 26 33 64 53 10 63 37 35 0 61 42 15 44 21 28 2 40 20 0 12 48 27 12 46 57 0 14 7 61 35 20 2 10 5 61 14 22 53 20 58 8 25 22 51 3 62 61 30 16 57 65 65 7 41 39 65 52 45
run=2 seed=1 k=66 f=0
46 17 49 28 26 37 22 22 27 1 51 6 39 65 56 25 42 54 46 9 50 7 1 6 34 0 44 45 62 56 65 35 42 36 47 9 0 52 13 10 51 46 0 23 20 50 26 53 29 35 0 31 14 54 54 44 50 51 16 45 17 65 26 33 64 53 10 63 37 35 0 61 42 15 44 21 28 2 40 20 0 12 48 27 12 46 57 0 14 7 61 35 20 2 10 5 61 14 22 53 20 58 8 25 22 51 3 62 61 30 16 57 65 65 7 41 39 65 52 45
run=3 seed=2 k=66 f=0
48 16 8 5 45 60 55 3 1 48 64 33 42 53 18 36 2 21 15 44 12 26 48 59 11 0 12 14 17 33 1 18 0 54 61 29 26 27 33 47 53 11 6 38 28 54 62 65 18 19 62 16 56 2 12 38 17 27 50 5 0 63 28 56 62 42 19 63 2 54 65 38 24 47 27 30 49 7 25 63 8 27 0 38 21 26 9 65 34 37 37 45 45 41 65 37 31 1 37 33 52 36 43 23 39 64 16 29 5 9 41 60 51 42 24 0 19 53 33 48
run=4 seed=3 k=66 f=0
63 50 16 42 3 14 24 1 37 45 2 64 21 49 35 33 14 55 13 27 50 19 65 12 2 41 29 41 28 41 0 7 62 2 2 61 61 4 21 30 46 14 28 58 46 55 33 15 54 0 35 8 44 11 48 46 60 37 14 22 12 52 49 0 37 51 64 30 10 65 20 55 23 2 56 39 41 25 7 60 5 0 62 3 48 6 28 44 37 63 13 46 56 46 33 21 26 65 12 34 37 34 30 8 11 19 52 5 45 28 62 65 43 59 51 24 54 31 65 56
run=5 seed=4 k=66 f=0
19 53 38 64 48 1 34 9 21 65 51 41 26 50 39 30 32 50 45 29 31 62 65 9 3 19 21 46 0 58 65 11 46 7 13 9 0 34 38 27 49 41 38 11 26 17 0 64 24 19 9 53 15 15 61 16 8 40 46 56 4 56 65 0 28 35 57 22 1 16 23 51 38 10 59 27 18 38 64 58 49 1 35 64 12 28 54 25 3 9 45 65 55 0 18 65 44 7 14 35 10 55 18 46 63 1 46 22 45 34 4 30 55 30 7 9 12 42 47 45
run=6 seed=5 k=66 f=0
60 21 0 6 20 64 32 20 28 49 36 26 39 42 54 14 24 58 1 55 38 58 16 3 61 13 37 37 45 26 54 1 22 24 7 61 50 3 28 57 53 65 42 21 41 3 29 61 1 5 39 47 11 63 27 27 58 11 65 37 29 41 4 56 44 43 52 65 20 10 64 32 11 15 44 50 8 29 64 17 63 38 56 28 3 30 13 63 42 12 18 30 51 36 65 0 12 34 17 25 4 41 20 8 28 4 54 44 18 31 15 10 24 36 0 48 3 64 47 33
run=7 seed=6 k=66 f=0
45 7 64 23 1 47 64 20 58 64 41 41 52 41 16 20 31 32 15 28 9 14 22 24 47 61 12 7 59 13 62 54 47 51 48 53 30 26 18 23 23 45 0 6 35 39 27 65 21 42 56 14 5 41 52 59 46 62 29 6 24 3 63 48 3 0 15 63 52 33 0 8 31 0 42 5 8 14 23 18 1 65 46 0 32 57 37 61 10 23 16 48 44 63 0 49 26 37 13 26 24 8 39 30 55 51 37 55 25 26 7 25 49 39 37 56 16 65 10 43
run=8 seed=7 k=66 f=0
15 57 42 37 29 8 65 32 6 0 49 1 36 45 38 36 46 29 8 0 4 5 0 2 11 58 49 17 0 49 45 37 54 2 29 8 58 60 43 34 7 5 22 5 54 51 52 25 35 18 4 0 25 25 23 42 15 20 60 44 20 12 63 8 19 27 22 59 62 11 15 22 61 16 65 39 53 10 62 19 29 65 0 48 44 25 28 51 43 7 33 61 54 46 64 44 30 37 45 11 30 58 46 17 41 32 45 65 6 40 46 30 46 26 64 34 57 25 30 50
run=9 seed=8 k=66 f=0
28 39 56 11 57 61 39 37 9 32 43 29 58 23 21 44 65 18 36 44 65 50 0 30 59 0 44 53 43 48 39 56 30 35 17 10 25 42 31 65 36 6 29 7 42 55 49 65 65 40 19 48 25 13 20 22 20 28 55 61 41 4 1 26 33 19 37 16 0 0 61 10 58 53 10 36 50 3 64 31 21 3 16 0 40 36 46 49 32 13 2 5 15 45 17 30 10 54 0 0 56 0 9 64 52 48 21 23 28 28 57 61 0 6 14 34 41 18 60 8
run=10 seed=9 k=66 f=0
25 60 1 55 35 17 46 46 51 19 0 0 64 1 53 41 5 9 34 43 24 8 26 37 31 48 30 29 27 52 1 58 3 3 57 39 20 31 12 4 41 27 61 19 57 1 60 10 15 27 38 40 21 52 25 30 25 6 38 48 1 65 42 44 52 1 8 9 65 44 41 16 65 41 65 10 35 61 52 44 17 5 21 5 37 45 60 12 33 59 9 38 49 22 35 59 17 15 40 53 50 25 36 10 14 37 3 19 32 64 0 22 46 20 10 65 64 47 5 31
run=11 seed=10 k=66 f=0
55 49 12 47 44 65 23 24 23 48 9 2 42 50 62 2 18 57 41 0 28 57 36 31 16 44 40 38 0 43 57 2 57 57 31 33 64 14 9 14 55 20 26 23 0 21 24 23 29 56 36 32 2 46 32 37 63 47 8 65 5 31 5 21 50 14 4 56 1 35 53 48 65 18 13 65 49 50 31 26 35 28 42 1 12 27 18 52 55 45 3 55 65 49 56 19 63 6 6 65 6 36 51 29 63 60 6 32 0 15 57 46 50 4 9 65 36 19 6 48
run=12 seed=11 k=66 f=0
38 58 17 5 38 49 37 13 29 13 5 32 9 56 0 9 43 62 62 12 46 40 26 39 21 49 42 29 22 42 19 5 36 17 38 33 0 57 40 28 16 55 46 1 4 49 0 45 32 59 25 61 35 50 0 18 21 31 2 24 57 25 34 34 13 41 10 24 50 13 40 57 11 18 65 9 65 22 34 0 57 23 61 45 0 13 51 22 46 63 46 35 59 19 50 6 7 6 18 45 2 26 61 9 6 18 65 54 54 31 6 10 52 0 28 65 15 23 11 53
run=13 seed=12 k=66 f=0
33 40 0 52 1 33 28 14 43 53 31 60 19 62 48 22 11 0 35 42 10 5 9 16 4 0 23 0 54 17 10 52 65 13 52 0 41 63 62 54 35 34 38 28 22 25 41 36 42 9 5 50 40 32 23 21 18 51 54 26 37 4 57 65 42 63 36 22 14 28 1 42 64 13 16 7 26 56 54 46 36 11 36 61 27 8 61 62 3 63 17 16 46 34 56 55 16 23 41 2 0 43 0 47 51 12 63 9 25 45 10 65 47 26 60 34 65 51 24 31
run=14 seed=13 k=66 f=0
30 17 9 1 3 64 38 5 35 47 58 55 0 30 65 1 32 46 44 12 47 48 40 10 60 58 15 30 15 55 19 0 6 60 48 17 49 13 24 52 16 35 42 7 50 41 63 54 20 6 0 63 45 38 44 33 30 49 53 38 15 7 13 32 23 54 39 55 0 32 1 18 14 25 41 62 42 37 0 59 49 49 40 49 21 50 63 57 5 5 25 24 7 27 65 24 56 22 2 28 48 30 6 24 33 17 19 13 19 24 22 65 33 46 9 0 58 29 47 36
run=15 seed=14 k=66 f=0
25 14 65 25 6 50 44 12 30 22 42 41 65 42 56 46 62 32 49 59 20 1 8 18 52 22 64 57 23 40 19 52 42 21 6 64 3 61 33 35 18 55 9 10 26 55 52 0 27 34 59 1 39 63 21 48 16 17 60 8 36 12 28 0 6 16 36 61 20 27 2 35 61 9 44 65 42 11 63 33 3 56 36 49 50 34 18 65 9 10 43 45 37 0 48 50 39 29 13 49 62 15 61 57 23 0 0 28 14 49 14 65 6 30 10 19 43 55 39 25
run=16 seed=15 k=66 f=0
38 24 9 38 39 27 34 31 41 58 55 49 46 20 4 34 0 7 14 42 24 62 65 59 4 37 21 12 24 16 64 49 52 57 58 21 22 17 64 35 7 5 6 49 21 63 10 65 41 37 2 0 22 42 46 27 60 63 54 46 56 2 30 57 40 0 2 65 34 17 52 51 8 59 30 3 30 44 56 16 7 29 2 14 4 64 15 63 65 41 29 50 21 22 38 47 50 29 12 36 13 12 11 0 9 65 46 26 63 10 32 50 45 47 55 29 19 16 31 11
run=17 seed=16 k=66 f=0
60 51 16 34 23 0 48 35 21 12 63 44 22 39 5 0 39 25 9 50 41 31 65 8 31 47 16 28 51 9 40 65 20 38 11 34 8 46 33 55 56 63 11 11 48 43 1 45 38 52 21 9 47 49 21 45 39 35 21 25 32 19 54 33 33 43 28 64 52 14 64 39 11 54 49 1 15 55 60 5 65 41 52 31 14 26 14 60 46 16 65 28 65 63 0 55 5 22 1 57 36 9 31 25 23 0 63 6 33 58 30 0 31 44 31 56 7 19 42 0
run=18 seed=17 k=66 f=0
15 7 65 56 24 41 37 57 2 53 24 3 33 1 14 44 65 18 30 64 4 62 12 32 7 18 27 65 55 44 52 46 58 0 52 15 35 12 53 21 9 26 24 45 49 40 65 28 46 45 54 9 44 19 52 4 1 48 14 6 33 61 10 36 55 0 39 65 33 42 43 58 18 65 55 64 40 37 60 3 12 62 35 34 7 19 21 63 1 20 32 28 52 37 0 49 45 40 6 19 5 0 59 19 52 9 9 19 24 27 21 42 21 53 61 28 7 13 49 27
run=19 seed=18 k=66 f=0
25 16 55 62 1 30 12 28 20 3 11 16 3 56 28 20 40 0 54 19 51 1 21 54 28 19 52 49 30 48 26 63 13 0 4 41 57 36 29 64 17 42 37 3 4 43 20 59 48 62 6 16 48 40 12 55 61 44 45 30 11 7 24 29 21 9 29 65 41 59 0 43 59 42 19 59 52 38 48 12 21 56 9 64 30 21 29 45 40 8 50 0 13 36 65 37 43 31 32 36 0 47 6 38 37 40 7 6 48 60 56 64 0 0 62 11 18 25 33 56
run=20 seed=19 k=66 f=0
42 52 65 10 24 65 41 13 2 34 1 58 58 33 13 32 52 30 11 65 59 49 6 62 25 1 20 8 15 32 49 17 43 47 61 5 58 46 11 21 37 16 13 12 37 25 55 25 57 44 3 30 40 24 35 20 23 53 6 63 34 0 3 24 54 17 46 7 29 1 12 18 47 1 65 37 65 65 59 34 44 42 63 14 16 31 31 43 16 57 24 1 37 20 45 50 31 49 58 22 1 56 15 13 0 25 45 56 24 38 21 62 1 0 8 57 51 40 22 65
