run=1 seed=0 k=70 f=0
43 36 59 23 43 45 66 2 29 21 40 3 27 69 18 33 6 36 2 16 33 47 69 44 2 1 12 9 57 9 18 42 52 68 58 37 1 56 14 20 29 66 61 49 33 17 48 44 11 69 3 38 60 24 36 23 32 60 41 3 65 55 4 20 19 59 12 53 3 9 54 14 2 60 0 37 35 0 23 0 42 38 27 28 18 34 63 51 56 29 12 69 54 34 50 24 65 32 12 49 25 16 24 28 8 61 7 62 17 42 4 36 11 0 9 41 69 69 34 14
run=2 seed=1 k=70 f=0
43 36 59 23 43 45 66 2 29 21 40 3 27 69 18 33 6 36 2 16 33 47 69 44 2 1 12 9 57 9 18 42 52 68 58 37 1 56 14 20 29 66 61 49 33 17 48 44 11 69 3 38 60 24 36 23 32 60 41 3 65 55 4 20 19 59 12 53 3 9 54 14 2 60 0 37 35 0 23 0 42 38 27 28 18 34 63 51 56 29 12 69 54 34 50 24 65 32 12 49 25 16 24 28 8 61 7 62 17 42 4 36 11 0 9 41 69 69 34 14
run=3 seed=2 k=70 f=0
13 36 68 21 65 10 34 18 5 37 0 29 22 50 47 49 38 3 26 60 22 11 9 16 41 44 44 14 5 17 10 67 16 57 58 26 22 54 33 27 57 1 68 6 33 45 56 64 60 45 54 49 59 8 16 52 49 33 18 0 56 42 39 59 61 16 17 1 36 38 67 23 40 65 29 10 30 32 38 53 15 13 34 4 21 2 3 16 24 21 67 33 2 1 0 11 24 65 51 69 54 48 58 28 42 29 38 43 29 67 22 28 2 43 42 51 57 45 53 34
run=4 seed=3 k=70 f=0
25 53 30 34 55 0 53 28 1 53 31 9 46 46 32 1 40 65 56 65 25 62 46 48 25 26 45 47 33 60 56 4 25 24 64 0 68 38 30 38 47 33 42 7 65 58 31 31 11 69 39 38 7 54 28 18 16 15 26 44 15 16 60 21 1 8 13 0 53 43 10 55 43 25 69 69 10 61 36 66 3 66 46 7 16 16 56 5 1 13 17 49 69 8 12 63 0 23 16 16 43 41 38 39 30 68 59 7 1 50 10 4 47 69 25 3 20 22 33 52
run=5 seed=4 k=70 f=0
21 53 23 63 61 2 67 53 48 65 55 54 36 44 52 24 2 21 41 69 37 42 47 39 28 38 12 16 30 61 52 23 14 32 18 1 46 8 54 42 36 61 26 5 56 21 34 8 32 13 7 69 28 67 51 62 3 48 14 26 16 7 11 39 33 51 50 0 69 6 11 10 6 45 24 12 13 56 20 45 63 39 57 32 37 50 0 69 66 51 56 39 0 44 69 46 63 59 15 19 33 39 46 15 49 30 26 46 23 58 32 51 27 31 5 2 69 16 21 10
run=6 seed=5 k=70 f=0
15 41 8 2 45 62 10 61 23 68 56 68 15 48 20 69 45 36 32 66 54 48 36 43 31 3 53 39 2 47 24 26 4 48 34 18 60 41 20 25 53 46 33 15 52 67 27 25 31 0 1 34 5 12 58 13 45 53 1 59 2 33 6 28 23 38 68 25 21 31 33 20 37 27 10 10 8 14 62 39 30 7 54 56 2 54 41 62 66 18 48 52 59 66 60 67 66 12 41 56 30 21 60 69 46 28 41 54 22 42 6 68 56 16 66 0 62 7 59 48
run=7 seed=6 k=70 f=0
21 29 0 25 8 16 46 42 22 37 32 63 66 33 52 39 0 32 53 10 46 10 34 42 24 61 10 69 20 42 47 37 12 55 35 18 16 54 59 39 65 26 35 2 17 6 9 18 19 62 64 33 56 47 68 63 22 36 53 28 60 28 12 59 69 0 44 18 41 69 55 7 49 41 38 37 59 47 67 40 52 3 12 8 60 47 44 16 5 67 47 30 26 27 69 27 44 15 53 14 63 6 51 12 21 21 59 31 31 52 1 1 26 22 5 51 64 55 11 0
run=8 seed=7 k=70 f=0
19 43 68 1 15 10 15 10 15 63 19 35 40 6 5 60 11 26 29 66 24 53 38 69 55 65 51 32 33 31 12 2 10 1 36 25 42 44 56 2 37 33 19 20 26 61 12 47 5 2 2 2 56 11 65 35 47 46 10 35 69 23 69 58 0 47 26 37 28 58 35 16 48 67 31 51 63 69 36 50 17 63 44 56 16 39 22 41 27 44 52 5 8 52 9 47 30 60 13 69 19 60 6 21 10 52 19 38 26 14 68 43 19 0 24 48 51 59 54 29
run=9 seed=8 k=70 f=0
56 24 0 39 3 13 32 63 64 30 27 21 24 17 44 38 2 0 11 47 66 18 17 32 54 57 49 49 58 33 33 16 0 68 25 53 3 55 32 10 50 46 43 40 63 30 65 16 42 40 5 55 69 22 30 69 10 64 1 7 36 44 62 51 14 0 47 28 3 22 59 26 0 61 58 6 64 6 34 40 49 69 50 37 62 24 32 13 16 15 21 67 25 65 41 50 65 26 48 0 29 56 55 68 6 65 68 43 16 32 37 35 60 59 10 8 39 54 8 15
run=10 seed=9 k=70 f=0
65 47 54 37 30 55 40 45 26 59 9 16 13 29 57 64 69 30 66 57 15 60 68 15 50 11 61 53 7 29 35 14 53 27 53 1 40 35 67 33 27 3 19 4 44 19 10 43 49 19 35 60 22 18 9 42 11 34 25 49 69 7 48 0 46 31 46 52 69 46 11 34 20 1 2 64 62 5 38 28 55 63 31 7 13 24 55 21 65 48 68 36 36 65 9 38 25 51 42 68 18 66 4 39 39 19 12 31 49 62 14 0 4 62 48 20 2 29 57 1
run=11 seed=10 k=70 f=0
19 29 69 35 66 61 5 51 34 47 53 43 55 37 8 21 60 28 51 69 58 24 45 41 28 28 16 59 37 14 9 23 2 0 56 13 45 5 9 22 53 62 67 21 9 11 4 28 15 67 8 16 39 65 50 0 39 33 10 37 45 30 27 37 48 28 64 3 45 19 13 56 25 52 35 57 69 52 15 46 19 23 4 62 5 27 69 52 40 49 57 65 13 27 22 27 55 60 62 26 42 69 13 61 33 48 11 37 42 5 13 34 40 51 0 0 57 69 54 69
run=12 seed=11 k=70 f=0
43 49 57 35 23 25 1 51 39 47 40 6 55 4 34 69 25 44 53 12 56 52 67 34 61 40 62 8 48 33 23 56 19 50 22 55 38 2 46 39 18 0 58 68 38 37 68 24 21 12 5 69 35 2 18 4 29 22 12 20 65 26 17 16 24 2 14 43 28 49 64 48 57 16 13 11 32 55 26 6 63 31 0 27 45 44 43 5 10 55 34 19 35 63 25 0 63 62 2 14 40 8 52 43 52 48 53 1 23 29 66 68 44 8 42 0 7 62 13 27
run=13 seed=12 k=70 f=0
34 44 13 18 26 65 48 53 37 15 59 9 13 4 68 44 67 37 42 15 59 46 31 67 58 62 0 36 58 67 55 57 51 3 0 27 10 52 22 47 36 36 69 53 5 10 39 14 27 7 5 31 22 68 15 35 8 26 14 58 1 30 41 59 23 51 16 40 5 50 7 41 53 28 17 66 26 58 66 0 39 52 61 22 66 41 0 34 44 18 67 30 25 5 22 11 69 0 2 69 27 11 34 0 39 35 54 0 18 26 10 55 22 37 46 51 30 19 10 5
run=14 seed=13 k=70 f=0
25 7 49 51 5 68 33 64 59 41 25 39 42 44 51 43 67 28 40 68 45 33 26 16 52 4 17 56 17 57 61 55 35 35 33 1 1 9 7 49 42 15 10 34 41 1 19 64 61 10 61 10 52 68 37 53 2 19 18 52 69 28 23 34 63 60 20 32 69 60 0 62 0 60 39 10 49 17 52 28 56 31 47 41 28 24 10 29 19 35 69 45 2 23 69 17 17 3 10 69 57 44 41 1 17 12 3 48 67 65 47 42 26 20 3 12 55 47 60 24
run=15 seed=14 k=70 f=0
43 68 0 32 13 41 24 34 0 26 48 4 30 3 52 9 16 49 55 41 22 61 33 1 10 52 65 44 67 26 52 49 7 23 22 41 31 39 38 25 24 39 69 27 21 5 68 17 69 18 19 0 19 58 35 30 52 67 4 58 31 68 34 9 58 1 61 57 40 43 55 69 10 13 69 57 4 37 47 45 23 66 26 54 66 23 14 61 59 30 49 39 2 27 61 5 28 24 3 10 45 7 59 52 41 18 56 54 9 33 12 11 12 17 61 43 18 15 41 69
run=16 seed=15 k=70 f=0
3 34 21 15 46 38 44 25 23 58 33 32 4 24 37 15 49 65 48 60 6 61 56 25 3 30 8 31 20 39 23 35 20 47 60 8 40 35 11 63 69 69 38 51 68 8 45 2 13 19 51 53 63 60 26 6 14 34 56 27 27 23 0 0 28 35 44 15 50 67 55 14 53 53 0 48 12 61 66 57 67 0 46 10 11 47 67 20 5 28 69 37 69 52 47 58 60 5 11 32 42 26 25 8 22 0 2 37 39 10 2 23 25 64 45 29 9 42 63 40
run=17 seed=16 k=70 f=0
34 26 43 61 9 33 37 13 63 1 39 15 19 68 30 12 21 4 41 18 53 19 18 64 2 25 48 53 31 50 28 8 35 37 5 44 1 39 69 6 63 68 12 9 7 9 21 69 6 34 64 3 42 27 30 52 61 7 43 60 39 57 21 0 65 66 61 66 65 60 2 27 52 24 47 53 45 18 55 54 0 33 13 6 8 6 24 69 63 40 11 69 44 54 34 18 54 29 21 62 61 18 49 68 47 45 69 0 60 37 16 28 1 12 10 59 19 48 55 33
run=18 seed=17 k=70 f=0
35 29 12 37 30 51 11 41 63 57 62 45 27 6 68 18 50 57 2 63 45 30 42 40 25 63 18 10 69 49 10 7 15 43 56 44 65 26 48 1 61 1 66 20 32 20 34 27 7 24 0 65 35 35 35 40 54 44 25 67 54 24 17 21 5 15 13 22 0 15 13 5 25 27 39 37 39 53 59 61 5 44 57 55 38 43 34 0 47 30 1 55 59 4 59 6 46 39 18 18 43 68 5 0 65 47 0 66 52 38 10 50 67 36 47 68 25 15 9 0
run=19 seed=18 k=70 f=0
55 5 27 57 41 46 27 9 12 0 36 11 36 68 12 43 29 20 53 13 57 65 0 51 30 41 2 27 44 69 11 13 24 13 20 10 5 46 45 54 39 29 18 23 39 34 43 19 52 60 32 46 65 35 69 25 36 22 44 51 68 54 68 18 61 19 10 33 1 3 0 64 44 37 26 49 68 64 32 4 61 11 39 14 8 17 19 49 14 12 30 24 57 37 47 20 68 8 28 19 50 8 63 57 52 58 69 35 64 2 64 48 38 35 54 10 26 19 15 0
run=20 seed=19 k=70 f=0
10 46 58 69 46 21 13 57 42 34 13 0 35 28 68 2 10 49 41 1 38 26 1 18 12 1 58 16 17 51 69 55 44 61 16 42 46 25 17 31 25 56 32 50 34 3 67 69 64 10 61 51 19 69 23 40 21 23 68 0 22 34 1 67 4 52 58 63 0 0 28 45 56 29 56 33 0 53 15 62 26 19 10 1 38 11 53 29 46 51 18 68 7 31 18 11 24 62 4 9 7 40 52 40 38 39 54 26 66 66 55 48 27 8 44 27 0 32 9 1
