run=1 seed=0 k=62 f=0
56 47 34 7 19 49 10 26 17 30 60 28 51 37 2 54 60 60 42 1 11 32 52 43 57 2 41 35 45 27 61 21 36 44 45 61 26 60 1 48 34 33 59 47 13 9 20 9 51 38 26 0 9 12 58 10 0 50 40 1 61 61 24 0 49 49 24 34 43 41 45 22 39 16 28 57 4 60 7 15 31 36 2 38 50 0 19 54 9 20 10 0 16 11 61 49 10 58 36 39 19 24 50 8 11 15 35 26 59 58 26 2 27 17 24 42 27 19 13 57
run=2 seed=1 k=62 f=0
56 47 34 7 19 49 10 26 17 30 60 28 51 37 2 54 60 60 42 1 11 32 52 43 57 2 41 35 45 27 61 21 36 44 45 61 26 60 1 48 34 33 59 47 13 9 20 9 51 38 26 0 9 12 58 10 0 50 40 1 61 61 24 0 49 49 24 34 43 41 45 22 39 16 28 57 4 60 7 15 31 36 2 38 50 0 19 54 9 20 10 0 16 11 61 49 10 58 36 39 19 24 50 8 11 15 35 26 59 58 26 2 27 17 24 42 27 19 13 57
run=3 seed=2 k=62 f=0
45 38 15 27 0 58 46 12 55 36 1 51 21 3 44 14 52 11 1 49 36 16 61 14 21 51 0 32 15 8 53 6 12 0 33 58 58 43 33 43 15 1 58 34 49 5 5 21 49 21 29 42 33 46 1 34 36 40 52 13 15 23 27 24 28 44 42 24 26 53 31 40 26 36 30 48 28 41 10 46 37 22 5 0 51 40 41 8 11 60 50 24 9 20 0 60 56 61 21 61 60 5 8 54 55 21 18 3 45 7 16 44 31 45 9 32 14 59 44 3
run=4 seed=3 k=62 f=0
61 14 0 0 12 44 3 13 3 60 20 9 59 9 2 61 61 21 17 30 20 12 35 29 57 56 57 0 9 8 0 10 59 11 13 39 45 45 30 36 52 52 54 48 25 27 22 17 0 6 22 35 7 21 52 47 22 52 30 50 29 4 34 52 41 31 0 44 58 38 44 13 43 35 55 61 30 31 41 46 37 8 18 31 50 6 53 47 27 53 14 18 40 26 61 61 40 1 12 24 45 25 10 20 27 20 53 7 0 30 36 24 59 29 15 44 58 35 61 53
run=5 seed=4 k=62 f=0
25 49 61 14 60 60 35 57 8 35 41 42 52 1 44 29 55 5 39 61 14 34 9 0 25 58 54 41 44 54 0 5 38 1 19 59 20 42 32 26 25 45 27 40 38 10 0 7 27 26 2 18 38 57 45 2 4 33 46 48 35 47 36 23 13 9 27 27 61 21 38 48 34 28 8 60 14 56 48 25 34 29 55 14 25 34 21 52 6 2 15 19 50 0 0 0 33 56 55 8 22 46 30 43 3 15 22 17 50 6 60 11 20 15 61 31 14 16 32 46
run=6 seed=5 k=62 f=0
26 34 22 50 12 16 53 12 61 18 48 42 46 0 23 21 44 0 26 49 29 29 0 15 56 60 9 32 37 29 25 23 46 46 7 60 1 31 41 57 33 38 37 11 45 58 43 4 61 30 59 4 32 55 2 54 26 9 4 51 0 15 18 52 59 2 38 55 20 36 33 35 19 25 61 10 53 40 53 9 0 42 22 17 13 43 11 51 37 18 8 28 61 2 61 46 10 16 39 17 10 34 10 40 1 23 58 56 50 49 43 0 38 6 61 14 15 5 37 40
run=7 seed=6 k=62 f=0
49 38 0 21 34 36 17 54 2 33 15 60 17 45 44 48 6 30 0 20 20 30 23 4 57 7 10 57 25 7 32 18 51 27 30 1 0 40 61 3 51 61 12 14 12 36 59 5 6 14 26 25 45 37 46 47 28 39 39 23 52 10 44 51 51 42 21 61 61 13 18 35 29 45 0 55 42 14 35 0 59 9 26 7 35 14 0 26 57 11 50 46 20 60 61 6 14 25 55 8 37 54 51 30 60 53 5 43 51 40 55 1 50 17 52 43 42 24 51 37
run=8 seed=7 k=62 f=0
61 30 43 2 57 37 17 55 8 15 20 13 34 54 24 48 59 24 16 0 41 47 25 42 6 24 55 23 0 50 53 26 2 10 30 59 61 42 55 52 10 27 2 36 56 23 0 31 11 36 40 12 2 33 15 29 55 10 8 24 32 3 45 9 60 9 4 49 56 15 43 15 45 45 0 5 41 60 42 8 48 20 2 3 5 18 36 47 26 37 49 14 38 40 0 7 51 50 1 61 17 28 22 61 11 12 61 43 60 50 57 16 25 19 19 35 28 0 57 24
run=9 seed=8 k=62 f=0
60 31 53 25 41 5 1 50 53 37 33 49 17 57 50 41 37 32 30 42 0 18 18 22 33 27 59 15 61 46 46 28 30 54 13 14 23 17 1 48 52 32 33 14 28 22 53 1 51 25 17 61 26 34 60 1 14 3 54 61 16 47 60 0 39 43 49 33 9 25 13 6 19 15 7 52 9 61 20 53 30 57 45 2 48 19 30 61 39 45 3 4 26 18 38 56 44 61 16 38 54 38 31 11 25 37 54 21 34 1 41 41 6 24 1 61 4 59 34 10
run=10 seed=9 k=62 f=0
2 23 7 23 57 0 37 50 18 52 61 7 1 23 35 26 60 16 47 42 29 44 44 4 35 44 31 36 14 0 17 50 55 4 1 16 60 29 23 21 1 33 59 1 20 35 25 45 1 37 44 10 27 44 36 18 3 53 53 61 5 13 27 36 43 5 61 20 28 48 15 54 46 57 14 2 8 61 30 47 23 0 33 33 21 39 8 22 24 43 0 53 52 26 61 41 54 59 60 39 6 12 48 15 26 9 49 1 54 17 38 10 19 50 56 28 41 14 39 61
run=11 seed=10 k=62 f=0
56 15 0 49 1 32 1 5 57 50 17 26 0 24 37 37 11 56 21 61 29 60 36 61 31 30 13 47 46 7 9 44 35 13 45 41 61 32 18 50 27 27 18 12 12 15 61 19 50 15 36 33 49 30 22 26 41 0 12 2 57 6 55 28 49 28 6 42 43 48 15 47 33 40 23 37 52 58 57 21 30 57 1 5 28 19 38 15 11 61 23 3 2 6 61 10 45 36 4 58 52 61 33 52 43 49 6 8 24 61 1 35 6 42 40 20 33 5 40 17
run=12 seed=11 k=62 f=0
48 32 61 28 29 37 9 59 11 60 24 4 28 24 61 32 31 52 31 61 55 46 27 58 2 43 43 18 14 54 61 57 53 7 22 51 46 47 34 56 1 14 28 36 7 22 42 61 61 9 9 50 36 61 14 36 0 44 16 1 39 26 49 0 32 25 5 12 8 19 28 17 2 14 47 35 21 25 55 0 56 39 7 58 38 19 53 7 30 3 34 46 0 33 46 0 18 0 26 8 4 57 17 12 60 16 1 12 48 57 56 56 47 21 43 37 19 52 7 20
run=13 seed=12 k=62 f=0
3 22 9 46 33 18 27 55 17 37 41 24 59 29 24 33 61 33 3 43 41 12 44 18 5 61 61 8 6 27 27 54 40 53 31 21 2 60 48 49 36 50 41 48 54 43 12 18 59 45 48 45 8 40 22 51 14 60 35 53 16 14 31 61 3 61 22 1 30 7 36 32 35 10 48 58 43 1 16 14 52 52 27 58 37 36 44 56 9 16 4 26 60 12 0 61 34 25 13 35 61 1 54 37 61 38 54 49 14 0 0 22 52 50 0 17 3 1 25 22
run=14 seed=13 k=62 f=0
18 36 9 45 18 36 40 37 5 11 46 18 59 5 0 57 38 54 47 38 61 61 23 13 60 12 1 0 26 16 40 45 48 17 30 1 31 35 60 16 23 21 55 47 48 54 57 10 16 22 28 13 49 41 37 6 0 10 33 30 52 6 23 61 11 40 40 5 25 36 32 33 2 27 27 35 52 22 33 9 45 3 22 58 50 58 54 8 29 7 48 15 32 61 0 43 45 16 57 32 31 16 7 53 43 22 6 38 12 57 45 41 4 29 0 41 60 55 41 24
run=15 seed=14 k=62 f=0
34 21 61 46 56 30 15 54 49 4 27 6 42 32 6 45 54 36 7 44 25 1 34 55 7 26 60 31 61 16 0 42 61 22 36 51 57 21 16 6 24 27 7 60 44 13 42 0 53 60 0 61 9 37 18 21 32 59 38 15 47 0 42 8 47 33 9 37 61 18 23 22 2 21 31 51 12 9 49 21 5 55 7 59 38 11 30 39 35 27 28 37 15 43 52 0 46 25 59 33 21 53 4 27 0 1 2 54 37 51 58 49 16 40 51 0 14 8 13 17
run=16 seed=15 k=62 f=0
40 47 61 47 23 61 0 47 10 41 9 55 18 13 32 45 20 27 10 30 50 2 17 61 5 34 40 35 4 42 1 38 2 0 61 18 26 54 61 53 1 59 27 22 37 53 61 52 18 49 3 9 26 14 28 58 41 1 50 0 0 51 54 9 12 27 45 37 31 59 34 27 46 10 44 14 11 10 2 32 61 19 42 58 61 6 27 7 59 38 32 26 16 53 0 15 26 39 9 42 20 18 9 32 55 56 32 26 2 4 20 43 55 23 51 52 11 53 48 56
run=17 seed=16 k=62 f=0
40 26 61 4 21 37 55 44 31 18 25 59 51 2 61 61 39 26 57 45 30 40 38 60 16 39 17 13 18 31 21 49 19 49 21 1 25 56 57 56 10 32 23 23 48 47 50 41 10 60 50 4 61 5 45 51 0 12 35 42 10 39 32 18 11 26 56 38 17 0 59 25 35 50 49 38 58 28 34 0 30 49 18 60 54 27 28 40 61 60 9 6 0 29 9 55 2 17 14 12 54 61 37 53 35 11 13 7 25 48 48 61 42 44 42 0 1 2 15 25
run=18 seed=17 k=62 f=0
57 44 32 59 0 1 15 55 60 48 35 19 0 56 60 42 26 47 35 28 8 17 0 54 18 8 10 53 8 39 47 7 20 20 2 60 27 31 45 45 35 7 40 0 47 52 40 61 5 30 11 12 22 61 23 52 54 12 24 6 26 1 13 16 4 13 35 49 45 43 29 10 15 33 17 14 55 26 24 16 42 20 41 1 38 9 61 52 53 61 21 31 6 10 61 36 26 51 0 61 38 38 43 52 55 16 23 13 0 43 41 30 0 6 35 24 11 26 61 30
run=19 seed=18 k=62 f=0
37 26 61 59 61 48 41 58 14 28 13 3 52 36 2 15 49 12 43 48 34 1 47 32 7 29 35 54 23 54 61 12 61 44 23 57 7 60 52 0 59 23 31 0 13 61 46 0 22 36 4 38 5 33 32 53 1 26 9 19 52 21 16 39 18 0 44 22 35 43 21 23 52 23 16 52 2 32 8 42 10 56 4 17 24 37 29 27 42 3 8 35 10 34 0 10 55 59 17 17 46 18 59 18 39 52 7 41 48 11 38 61 14 9 31 31 12 47 5 46
run=20 seed=19 k=62 f=0
1 54 9 60 21 3 44 21 11 32 43 52 10 34 8 21 60 9 43 22 47 6 32 26 43 40 18 10 25 16 61 33 16 31 3 40 38 47 27 47 53 52 0 60 21 57 49 2 61 60 27 43 0 58 39 51 30 37 11 23 38 48 15 40 38 17 10 13 35 54 60 53 2 33 30 18 3 39 27 39 48 14 45 38 53 13 29 0 12 32 4 7 45 41 0 61 18 0 26 31 27 22 54 48 1 19 49 61 51 52 39 24 33 25 19 61 34 18 7 54
