run=1 seed=0 k=68 f=0
27 53 0 51 47 3 54 35 35 53 22 62 52 0 14 22 28 30 63 7 38 9 14 5 20 22 42 55 46 39 17 51 10 44 28 67 37 44 12 37 17 0 50 35 66 60 33 64 33 14 4 60 44 4 0 67 34 50 44 5 29 61 21 22 0 46 10 9 41 65 28 56 11 13 56 51 9 38 55 38 2 12 39 20 15 40 55 22 46 34 24 16 32 36 31 0 43 38 14 30 26 20 62 61 3 64 65 3 45 44 7 0 25 8 67 48 65 53 30 21
run=2 seed=1 k=68 f=0
27 53 0 51 47 3 54 35 35 53 22 62 52 0 14 22 28 30 63 7 38 9 14 5 20 22 42 55 46 39 17 51 10 44 28 67 37 44 12 37 17 0 50 35 66 60 33 64 33 14 4 60 44 4 0 67 34 50 44 5 29 61 21 22 0 46 10 9 41 65 28 56 11 13 56 51 9 38 55 38 2 12 39 20 15 40 55 22 46 34 24 16 32 36 31 0 43 38 14 30 26 20 62 61 3 64 65 3 45 44 7 0 25 8 67 48 65 53 30 21
run=3 seed=2 k=68 f=0
46 10 32 33 25 1 6 65 53 43 16 15 58 53 9 4 62 26 4 66 40 45 67 29 35 36 46 14 21 15 24 10 2 46 3 54 64 1 1 49 45 39 34 10 57 13 8 58 38 67 65 44 31 22 3 66 41 41 20 21 0 54 58 1 60 28 65 54 54 66 37 7 32 64 34 62 2 32 21 48 37 67 25 53 40 43 11 48 57 31 33 54 25 16 41 17 22 45 13 15 64 58 22 24 47 0 20 49 4 49 30 2 60 61 67 50 17 62 15 6
run=4 seed=3 k=68 f=0
18 27 49 53 67 36 56 29 8 58 23 12 55 51 50 49 52 3 45 38 0 63 40 6 63 0 21 67 61 22 26 66 60 22 42 12 59 30 10 48 22 16 52 11 0 1 1 32 33 67 7 37 4 36 15 2 5 29 18 48 58 1 28 13 31 37 21 22 48 31 2 30 62 63 6 51 8 43 5 33 20 22 50 35 0 22 9 18 0 41 23 11 14 24 67 13 59 55 36 67 9 46 43 5 41 34 0 19 14 64 67 38 19 34 44 57 64 57 36 49
run=5 seed=4 k=68 f=0
65 53 38 0 48 37 29 7 40 50 64 9 18 64 39 54 62 49 49 57 33 36 59 56 6 14 66 2 12 45 7 49 22 38 59 11 15 20 43 18 21 47 60 39 30 39 31 45 24 42 33 29 59 61 53 8 15 38 52 62 66 27 32 10 37 19 52 21 54 57 41 50 44 18 14 18 31 14 0 53 1 21 30 2 67 27 0 27 7 55 3 28 26 30 1 2 23 9 10 37 2 7 46 66 57 26 62 31 67 2 67 17 62 26 67 18 12 2 9 45
run=6 seed=5 k=68 f=0
67 15 8 56 0 47 13 3 25 33 6 8 67 58 21 8 0 18 12 66 66 13 20 26 12 45 39 67 29 37 1 49 2 24 11 41 16 47 10 49 25 51 57 37 63 18 52 34 49 21 41 32 16 54 2 65 5 27 46 67 10 1 40 48 33 5 0 49 39 42 52 42 58 27 60 6 58 58 29 37 10 43 18 58 46 6 0 33 34 62 0 52 3 30 29 27 2 47 25 45 42 63 34 0 30 8 34 20 6 17 59 30 60 67 23 56 65 19 53 58
run=7 seed=6 k=68 f=0
17 56 44 13 9 1 27 51 34 50 19 67 67 27 62 7 42 44 39 20 43 28 61 34 11 7 32 44 34 51 43 54 48 23 43 21 16 14 48 3 5 52 66 53 17 17 3 54 35 62 27 32 12 63 30 57 53 46 38 30 18 36 31 10 64 13 16 57 49 27 39 27 67 57 51 55 27 37 47 58 8 1 50 48 64 20 24 37 43 67 39 48 2 5 34 1 0 57 45 0 25 51 7 22 13 35 64 15 27 64 5 13 25 67 19 2 64 7 1 24
run=8 seed=7 k=68 f=0
28 48 8 35 46 65 6 43 44 53 51 1 67 67 37 20 65 46 62 48 31 59 26 2 36 40 57 31 25 54 42 42 31 64 55 45 47 28 1 24 13 8 23 16 59 3 36 58 34 22 1 25 49 10 13 16 66 2 48 63 20 57 37 17 30 3 2 8 27 2 27 49 43 17 65 41 18 42 32 55 11 10 40 39 0 53 2 11 63 58 9 48 49 18 41 55 61 41 36 34 52 27 18 64 51 24 43 9 66 63 16 7 11 32 0 0 18 11 29 16
run=9 seed=8 k=68 f=0
16 43 26 30 59 13 46 33 21 1 15 50 44 35 15 67 8 22 21 56 49 26 17 21 8 27 41 4 16 48 7 32 23 26 57 51 59 8 3 6 16 20 19 61 53 42 39 12 65 25 1 54 27 50 36 39 10 3 53 17 35 38 65 35 66 66 13 20 55 6 61 42 26 1 43 0 52 59 0 0 59 19 2 51 21 38 11 28 52 33 61 25 33 67 67 67 62 31 45 66 38 56 23 58 38 51 66 49 50 44 65 47 12 11 35 0 27 6 11 11
run=10 seed=9 k=68 f=0
47 36 0 35 64 47 52 22 2 64 8 27 61 12 28 12 1 12 10 35 34 64 14 49 67 2 3 43 42 7 2 20 23 20 63 6 30 56 36 7 67 21 55 61 24 25 16 4 37 35 22 16 44 58 63 14 32 44 47 50 53 6 10 45 38 57 30 1 49 19 61 39 44 57 40 11 14 65 50 51 7 19 0 11 36 9 30 6 53 53 26 65 28 55 62 11 57 25 20 27 32 22 0 53 10 38 67 54 51 48 16 0 65 20 36 31 38 19 9 67
run=11 seed=10 k=68 f=0
27 45 1 60 56 41 55 59 55 67 5 33 67 67 46 0 50 67 27 38 13 32 16 13 4 56 49 15 24 9 27 31 23 24 12 21 65 7 5 52 10 38 9 23 60 54 12 35 22 39 6 48 20 36 1 49 25 21 64 50 37 50 44 67 6 56 4 1 41 21 63 48 64 24 7 7 14 6 33 44 1 14 42 20 67 51 28 30 12 64 31 37 59 61 31 66 36 48 16 8 12 11 18 55 23 15 2 45 32 43 39 1 66 22 55 40 5 53 37 31
run=12 seed=11 k=68 f=0
22 34 56 55 56 33 5 39 65 19 0 40 33 62 21 9 27 24 7 43 66 64 29 53 34 39 15 54 0 39 15 46 7 39 16 3 1 9 55 52 16 50 24 18 44 53 28 45 9 46 42 4 60 28 36 41 16 14 0 58 11 67 48 12 61 13 30 48 49 42 27 6 23 64 1 32 57 23 52 66 10 39 48 59 3 18 20 33 56 39 36 21 17 36 67 28 4 23 8 44 64 48 35 0 2 9 9 35 13 1 48 33 37 48 24 20 65 37 65 19
run=13 seed=12 k=68 f=0
12 4 67 16 16 66 41 29 65 59 6 49 57 22 0 18 30 8 46 7 38 30 33 50 15 50 59 46 41 60 35 17 55 5 10 0 26 17 11 23 60 47 63 33 0 67 39 64 64 11 40 42 0 53 33 39 52 32 15 26 25 38 21 17 1 20 0 8 21 47 56 23 20 32 64 58 66 30 54 6 50 26 10 31 53 10 47 32 0 4 49 19 12 27 42 54 24 28 54 14 5 27 36 51 65 14 53 39 2 40 42 0 66 27 23 9 43 43 60 63
run=14 seed=13 k=68 f=0
54 45 52 27 56 36 56 19 33 7 38 67 67 22 66 21 30 0 62 46 39 67 67 21 13 55 42 46 8 37 40 45 58 35 5 55 11 61 66 40 8 60 15 3 42 35 25 28 48 66 6 33 6 0 11 32 4 56 51 40 29 51 41 11 17 46 64 13 24 46 63 5 58 51 21 50 2 67 10 54 45 23 6 37 8 5 42 9 30 25 17 60 60 40 29 1 63 18 22 25 1 16 13 0 49 35 61 38 15 45 43 1 36 60 14 20 32 13 30 61
run=15 seed=14 k=68 f=0
12 59 10 67 51 20 41 24 39 26 22 59 48 6 60 31 42 46 21 33 18 45 35 2 44 45 12 48 11 54 58 30 1 58 23 65 12 1 21 67 58 41 21 27 49 19 55 67 5 36 35 29 4 2 59 12 60 11 36 12 42 38 30 1 25 6 0 65 30 25 32 60 15 3 34 63 23 37 41 34 0 8 66 4 18 57 50 2 28 32 45 52 4 13 67 9 23 63 5 17 24 8 11 28 56 54 32 54 23 33 48 63 30 42 67 18 44 57 67 54
run=16 seed=15 k=68 f=0
33 18 67 35 52 17 30 62 11 24 63 52 26 25 37 14 0 23 12 47 44 40 41 37 61 11 43 56 67 10 42 37 34 22 4 13 32 53 58 31 67 61 17 35 15 6 48 28 6 63 49 67 55 3 40 57 51 20 66 4 1 47 42 57 12 31 46 30 49 12 1 51 19 9 63 38 11 44 58 35 47 39 48 26 66 28 23 26 54 29 38 58 9 20 25 19 7 3 57 17 8 58 5 34 64 67 0 19 54 60 64 0 39 47 3 0 13 26 3 8
run=17 seed=16 k=68 f=0
48 29 67 0 15 63 19 41 12 60 15 32 8 31 42 26 37 8 13 39 51 1 45 34 16 1 57 67 45 11 62 28 65 37 28 12 15 67 63 36 48 42 48 67 26 13 25 44 30 38 38 28 48 53 59 40 2 3 13 0 24 5 58 19 27 54 14 66 52 33 24 6 49 48 6 37 1 55 6 54 67 53 4 65 32 12 61 57 39 0 49 22 12 49 36 0 8 64 15 36 32 25 39 0 42 43 42 7 66 52 46 22 45 51 19 59 11 62 26 58
run=18 seed=17 k=68 f=0
6 17 30 47 50 66 25 59 3 20 9 57 39 64 15 33 4 3 14 51 32 1 9 2 35 49 20 60 33 23 22 11 12 7 67 51 18 13 42 13 57 9 29 28 53 24 11 43 42 28 34 67 29 51 2 64 37 29 46 0 62 27 67 67 11 65 37 21 33 39 63 18 30 37 2 2 46 25 45 63 11 0 27 49 67 55 18 23 59 56 37 43 15 46 0 8 56 34 48 53 37 16 3 58 53 6 30 53 9 15 59 50 3 38 0 46 41 24 39 45
run=19 seed=18 k=68 f=0
64 6 21 37 0 67 31 60 12 33 38 61 42 46 50 55 14 2 53 67 34 58 40 11 4 66 47 37 30 33 60 24 43 24 24 56 46 44 39 54 59 34 29 59 50 39 46 1 48 25 52 53 26 65 63 67 0 27 45 65 64 17 14 67 19 0 1 45 15 13 37 28 22 21 28 9 0 10 31 67 50 62 3 29 65 51 30 40 10 2 6 21 49 4 58 20 15 62 36 17 64 6 55 0 50 10 27 19 16 37 61 5 19 46 8 13 26 1 23 3
run=20 seed=19 k=68 f=0
41 16 66 2 1 67 9 0 36 20 61 50 28 10 21 62 30 59 7 48 65 53 57 54 34 19 30 36 57 10 54 51 50 0 1 44 46 59 67 4 62 21 11 28 5 41 0 44 44 12 25 16 7 25 53 4 39 60 48 54 11 7 59 49 18 33 34 31 15 42 28 15 0 39 57 29 13 18 62 65 3 6 63 51 58 57 35 29 20 11 66 19 27 65 40 49 2 42 14 46 2 34 4 0 56 51 15 8 18 44 47 65 23 31 37 23 39 25 66 60
