run=1 seed=0 k=34 f=0
20 32 9 17 15 1 29 14 11 19 22 33 20 1 29 1 1 24 6 14 1 8 19 5 32 22 8 21 31 26
run=2 seed=1 k=34 f=0
20 32 9 17 15 1 29 14 11 19 22 33 20 1 29 1 1 24 6 14 1 8 19 5 32 22 8 21 31 26
run=3 seed=2 k=34 f=0
12 21 32 33 27 24 3 31 19 9 26 0 22 19 9 31 32 18 17 32 2 6 7 33 1 11 9 14 15 15
run=4 seed=3 k=34 f=0
18 29 14 31 28 18 0 32 31 18 25 3 23 31 16 15 18 12 11 1 5 32 4 6 17 7 24 25 1 22
run=5 seed=4 k=34 f=0
31 1 24 0 13 23 4 15 6 27 30 8 8 30 31 20 32 17 15 23 3 2 12 9 17 2 32 31 20 31
run=6 seed=5 k=34 f=0
19 31 14 24 13 11 28 3 25 11 6 33 24 10 0 26 0 17 3 32 32 17 23 1 17 28 0 1 12 7
run=7 seed=6 k=34 f=0
17 23 33 16 6 0 29 17 0 16 19 33 29 13 28 14 0 8 5 20 22 10 6 0 30 7 24 23 14 17
run=8 seed=7 k=34 f=0
17 3 19 33 11 18 6 7 10 19 17 1 29 32 1 20 22 12 28 14 28 25 30 5 23 6 24 4 2 10
run=9 seed=8 k=34 f=0
16 10 26 25 30 12 29 33 21 1 33 33 10 1 3 21 16 18 21 13 15 21 17 8 32 27 4 5 0 4
run=10 seed=9 k=34 f=0
27 14 1 1 8 15 24 6 22 6 32 21 28 24 29 23 1 9 10 1 21 1 20 15 30 10 30 9 8 9
run=11 seed=10 k=34 f=0
7 30 4 25 16 7 21 28 21 33 1 33 2 29 29 15 16 0 27 6 8 32 23 13 0 22 16 7 24 16
run=12 seed=11 k=34 f=0
17 8 25 16 21 7 11 9 31 19 2 33 28 28 3 9 0 24 7 2 31 30 3 19 9 5 0 20 21 17
run=13 seed=12 k=34 f=0
12 20 1 33 15 11 7 29 31 0 6 4 24 22 0 26 21 17 29 14 33 32 32 16 4 14 26 6 8 11
run=14 seed=13 k=34 f=0
20 2 32 25 13 6 22 9 21 7 4 33 26 22 29 17 29 0 6 33 3 11 19 32 13 12 12 33 17 7
run=15 seed=14 k=34 f=0
0 14 33 13 11 0 16 24 5 26 22 21 8 6 26 23 14 30 21 31 0 11 1 30 16 16 6 14 2 23
run=16 seed=15 k=34 f=0
19 12 31 0 31 31 13 2 11 24 29 16 28 26 20 13 1 25 12 0 11 6 3 16 8 1 7 3 10 20
run=17 seed=16 k=34 f=0
6 23 13 0 15 15 27 9 23 6 20 33 4 5 27 26 22 8 13 31 3 10 31 16 25 31 22 4 13 0
run=18 seed=17 k=34 f=0
3 21 33 16 31 32 28 25 9 1 9 24 5 6 14 4 7 0 14 21 6 1 13 15 27 19 9 32 23 3
run=19 seed=18 k=34 f=0
12 33 23 7 12 20 33 2 12 33 30 27 8 12 1 21 14 0 19 5 32 17 13 18 28 29 14 3 30 2
run=20 seed=19 k=34 f=0
7 1 23 2 27 33 15 21 6 20 33 18 5 26 16 23 30 27 7 14 5 22 13 20 2 19 9 4 23 32
