run=1 seed=0 k=28 f=0
15 1 9 20 1 6 16 16 1 17 2 12 6 11 27 14 24 0 16 23 21 20 19 9 2 26 27 27 0 27
run=2 seed=1 k=28 f=0
15 1 9 20 1 6 16 16 1 17 2 12 6 11 27 14 24 0 16 23 21 20 19 9 2 26 27 27 0 27
run=3 seed=2 k=28 f=0
18 11 0 7 21 20 24 21 5 23 2 27 5 21 5 21 10 0 19 13 12 16 16 11 3 3 14 6 24 23
run=4 seed=3 k=28 f=0
18 27 0 19 0 6 22 21 1 12 14 0 1 23 18 25 20 27 9 15 11 6 22 20 5 15 12 17 8 10
run=5 seed=4 k=28 f=0
21 13 6 19 2 6 24 11 20 9 12 27 27 25 11 10 2 0 13 1 22 0 20 18 9 10 12 22 20 27
run=6 seed=5 k=28 f=0
15 0 22 19 0 6 22 1 9 25 14 0 26 21 20 10 20 12 3 10 26 6 13 1 27 8 27 21 12 5
run=7 seed=6 k=28 f=0
21 7 0 20 20 6 17 15 22 14 7 12 9 5 10 1 0 0 1 15 4 15 12 14 21 19 27 20 17 27
run=8 seed=7 k=28 f=0
5 13 3 19 1 6 22 25 4 21 19 0 21 6 12 16 17 27 19 24 20 11 27 0 13 24 12 4 1 18
run=9 seed=8 k=28 f=0
0 24 3 19 27 6 23 9 3 25 11 27 2 26 3 6 17 0 13 7 13 18 12 18 0 15 12 22 27 19
run=10 seed=9 k=28 f=0
23 2 17 7 24 20 24 5 26 20 11 27 26 2 7 27 23 14 10 16 1 4 7 1 22 10 0 11 9 27
run=11 seed=10 k=28 f=0
4 13 26 20 14 7 3 5 19 25 11 0 16 5 4 21 4 27 8 24 27 24 3 6 14 12 13 7 24 19
run=12 seed=11 k=28 f=0
21 0 14 20 23 7 3 9 25 11 12 0 22 18 5 13 5 13 11 0 14 2 25 21 11 12 27 22 15 5
run=13 seed=12 k=28 f=0
8 0 14 8 23 21 4 25 9 0 6 0 17 4 12 16 11 15 23 16 3 20 24 16 10 20 27 25 2 5
run=14 seed=13 k=28 f=0
6 13 27 7 12 21 10 26 17 27 26 15 14 13 23 24 25 0 20 2 4 5 1 17 24 4 27 14 3 19
run=15 seed=14 k=28 f=0
15 0 27 20 27 6 16 20 3 26 6 12 16 18 0 9 20 0 13 6 12 17 6 10 24 10 27 1 7 15
run=16 seed=15 k=28 f=0
17 26 9 8 4 21 5 16 23 16 19 0 4 5 26 1 1 27 8 21 20 0 0 26 12 25 15 25 20 17
run=17 seed=16 k=28 f=0
20 26 5 20 23 6 17 27 7 20 3 0 19 3 0 26 14 12 13 21 11 22 21 9 27 25 27 16 3 12
run=18 seed=17 k=28 f=0
21 1 23 7 2 21 12 27 21 15 25 15 15 0 26 6 22 0 2 7 18 1 9 20 26 17 27 23 5 16
run=19 seed=18 k=28 f=0
10 25 7 8 8 21 5 9 12 1 22 27 18 16 26 15 22 0 5 27 0 2 19 3 10 27 15 25 2 0
run=20 seed=19 k=28 f=0
17 4 27 19 24 6 22 9 0 20 1 0 21 22 1 5 6 12 27 8 15 12 18 14 1 15 27 26 14 11
