run=1 seed=0 k=30 f=0
13 2 9 22 23 8 17 29 9 1 23 14 20 27 5 16 0 29 22 16 11 8 27 9 2 20 2 3 7 20
run=2 seed=1 k=30 f=0
13 2 9 22 23 8 17 29 9 1 23 14 20 27 5 16 0 29 22 16 11 8 27 9 2 20 2 3 7 20
run=3 seed=2 k=30 f=0
0 19 8 29 21 15 6 27 25 12 22 9 9 23 11 9 14 0 27 8 2 2 29 5 14 1 22 20 23 1
run=4 seed=3 k=30 f=0
6 12 19 0 15 23 3 16 1 22 28 17 3 24 6 21 13 29 1 15 25 12 3 18 9 17 8 5 28 28
run=5 seed=4 k=30 f=0
1 23 4 29 28 6 18 13 8 16 14 21 9 14 7 1 22 0 21 29 17 4 18 9 23 28 12 22 0 11
run=6 seed=5 k=30 f=0
25 4 27 0 26 22 26 9 3 10 6 29 14 10 10 20 10 7 28 2 17 25 9 15 21 20 16 0 2 16
run=7 seed=6 k=30 f=0
6 29 22 21 8 7 16 3 22 28 5 13 15 23 22 18 0 29 3 8 28 20 10 12 29 11 0 28 29 2
run=8 seed=7 k=30 f=0
27 9 29 16 5 29 4 7 0 13 5 0 1 28 25 0 28 23 20 6 14 23 1 14 22 4 9 12 21 14
run=9 seed=8 k=30 f=0
16 24 12 29 24 6 25 11 27 3 7 21 16 17 0 26 0 0 15 28 15 28 29 22 8 27 12 17 25 3
run=10 seed=9 k=30 f=0
25 14 27 7 25 23 19 28 2 10 2 15 7 19 7 5 29 0 16 2 15 20 1 15 9 6 29 23 19 19
run=11 seed=10 k=30 f=0
25 17 8 1 1 23 14 1 24 17 23 17 18 3 10 1 0 29 11 18 18 4 25 1 12 17 8 13 28 0
run=12 seed=11 k=30 f=0
23 14 27 0 3 23 3 1 29 13 20 29 8 11 22 19 1 8 13 18 28 4 7 1 24 5 17 8 14 0
run=13 seed=12 k=30 f=0
20 14 25 28 13 15 6 3 7 24 28 9 7 14 28 4 17 0 17 0 22 8 0 4 29 22 21 26 0 8
run=14 seed=13 k=30 f=0
0 24 9 0 26 13 23 5 29 11 4 19 22 15 11 16 27 28 8 24 17 13 29 26 3 4 7 6 15 19
run=15 seed=14 k=30 f=0
13 29 21 13 12 0 26 0 9 16 4 29 11 0 26 27 2 20 25 11 20 19 9 18 28 22 6 4 23 0
run=16 seed=15 k=30 f=0
23 12 27 0 26 14 24 12 13 28 13 20 1 16 10 15 29 7 14 23 3 20 3 21 10 1 29 23 10 18
run=17 seed=16 k=30 f=0
24 5 12 22 9 0 9 23 3 18 9 6 29 15 27 2 27 15 21 28 17 19 21 14 8 5 29 22 11 0
run=18 seed=17 k=30 f=0
25 15 29 22 0 8 18 21 23 17 1 14 29 6 12 8 18 2 12 25 26 11 3 22 13 23 29 28 11 22
run=19 seed=18 k=30 f=0
28 16 25 8 16 21 25 22 2 27 16 29 2 8 7 23 10 0 11 25 25 25 11 29 18 1 15 5 24 2
run=20 seed=19 k=30 f=0
29 12 24 22 7 6 19 15 2 15 7 0 25 6 19 15 16 29 13 18 28 26 0 12 28 18 13 2 5 7
