run=1 seed=0 k=33 f=0
28 21 1 15 23 6 27 20 3 9 8 31 5 2 13 26 9 22 13 22 32 26 27 0 16 17 0 10 25 10
run=2 seed=1 k=33 f=0
28 21 1 15 23 6 27 20 3 9 8 31 5 2 13 26 9 22 13 22 32 26 27 0 16 17 0 10 25 10
run=3 seed=2 k=33 f=0
30 19 27 3 3 26 6 3 1 27 31 32 28 20 28 0 2 20 25 11 14 5 14 26 5 10 11 14 21 0
run=4 seed=3 k=33 f=0
13 1 18 9 21 26 5 7 4 22 31 32 21 16 1 0 15 18 13 27 13 18 31 12 1 29 0 29 28 10
run=5 seed=4 k=33 f=0
13 20 0 31 21 6 27 1 26 17 2 0 28 17 7 30 7 12 12 28 29 29 12 9 3 25 21 13 14 25
run=6 seed=5 k=33 f=0
22 32 5 7 5 32 11 0 9 16 3 26 30 21 19 14 22 0 23 11 28 19 15 27 0 8 17 4 11 25
run=7 seed=6 k=33 f=0
12 28 8 0 20 14 19 12 25 31 2 22 18 11 32 20 12 8 15 28 9 14 22 24 5 29 32 7 25 0
run=8 seed=7 k=33 f=0
24 18 31 9 23 26 4 31 6 13 29 1 4 9 13 3 13 32 5 0 2 5 0 2 19 25 16 18 25 24
run=9 seed=8 k=33 f=0
28 7 19 11 26 25 14 5 9 0 3 32 25 9 11 11 0 19 24 31 18 19 30 7 22 3 4 31 10 12
run=10 seed=9 k=33 f=0
15 23 1 22 32 6 25 13 14 23 1 31 31 31 7 8 6 12 1 10 1 8 31 18 24 5 0 29 25 13
run=11 seed=10 k=33 f=0
22 16 1 0 2 32 23 10 23 32 11 26 3 32 29 21 18 16 8 0 15 19 27 31 16 11 7 4 31 9
run=12 seed=11 k=33 f=0
11 32 15 0 15 26 4 13 17 25 2 11 8 26 5 5 10 20 28 12 24 29 6 9 20 2 32 17 23 25
run=13 seed=12 k=33 f=0
8 0 23 14 1 0 11 30 10 32 1 6 19 29 10 22 11 22 2 19 18 23 12 7 0 19 32 32 27 5
run=14 seed=13 k=33 f=0
30 17 9 1 14 26 5 5 2 19 25 20 12 30 32 1 9 11 23 12 23 10 32 5 24 24 32 18 19 2
run=15 seed=14 k=33 f=0
25 14 3 0 7 17 12 12 0 22 9 9 27 14 23 8 29 32 16 26 17 25 31 18 7 22 23 28 9 21
run=16 seed=15 k=33 f=0
17 0 31 0 17 14 3 17 13 25 22 31 11 14 4 27 26 8 20 28 25 29 12 18 4 4 22 13 1 21
run=17 seed=16 k=33 f=0
27 15 24 0 21 23 11 2 21 12 30 8 14 27 0 23 6 30 9 3 8 7 10 8 21 14 17 12 20 0
run=18 seed=17 k=33 f=0
13 7 32 16 25 7 3 24 4 20 4 0 13 3 13 11 30 23 30 12 2 32 0 13 25 14 32 25 7 17
run=19 seed=18 k=33 f=0
28 20 12 25 25 11 0 28 20 3 13 17 32 32 9 27 25 5 29 7 1 1 2 4 15 19 32 17 6 25
run=20 seed=19 k=33 f=0
1 17 31 32 25 18 5 12 30 1 1 24 3 30 13 32 19 12 22 1 4 29 1 6 13 1 0 8 29 24
