run=1 seed=0 k=32 f=0
7 17 9 18 17 31 14 12 30 13 26 10 18 9 3 21 28 1 20 2 27 8 0 13 22 26 25 3 5 31
run=2 seed=1 k=32 f=0
7 17 9 18 17 31 14 12 30 13 26 10 18 9 3 21 28 1 20 2 27 8 0 13 22 26 25 3 5 31
run=3 seed=2 k=32 f=0
18 31 4 18 3 31 5 28 29 11 0 2 13 5 29 9 0 11 31 26 18 20 25 27 11 31 25 27 24 18
run=4 seed=3 k=32 f=0
26 17 24 0 17 25 4 16 1 16 10 31 1 28 26 9 8 19 17 7 3 22 2 26 17 7 9 19 20 10
run=5 seed=4 k=32 f=0
29 19 2 30 19 7 25 30 4 25 0 22 26 12 31 14 22 13 9 21 5 28 31 23 5 30 1 2 0 11
run=6 seed=5 k=32 f=0
21 29 6 31 4 7 3 25 1 13 2 0 4 30 26 4 28 24 4 14 14 13 15 21 3 12 14 25 20 23
run=7 seed=6 k=32 f=0
29 4 24 20 12 7 23 23 10 18 15 1 5 21 2 24 0 13 23 3 31 30 9 30 14 14 28 8 21 31
run=8 seed=7 k=32 f=0
21 3 19 11 13 24 6 17 16 25 19 31 3 22 0 24 18 18 18 0 24 3 28 30 13 12 1 16 27 8
run=9 seed=8 k=32 f=0
24 30 0 29 0 16 3 21 25 1 23 0 4 7 31 22 30 22 1 28 17 14 9 30 14 19 9 9 23 19
run=10 seed=9 k=32 f=0
3 18 1 9 4 25 12 6 10 4 24 1 2 17 21 28 17 31 30 25 13 0 11 30 6 10 17 15 29 29
run=11 seed=10 k=32 f=0
15 24 6 21 2 7 3 10 11 3 13 0 6 13 26 13 0 14 23 28 20 24 29 21 2 4 29 27 24 19
run=12 seed=11 k=32 f=0
31 22 12 11 11 24 8 25 9 19 20 30 6 14 1 22 2 18 7 30 28 6 31 5 23 27 0 2 23 5
run=13 seed=12 k=32 f=0
16 7 18 0 5 23 27 25 1 24 26 31 5 0 24 8 27 7 15 28 30 0 28 18 6 8 16 31 11 1
run=14 seed=13 k=32 f=0
10 29 8 31 28 6 16 3 9 19 22 12 19 6 19 27 21 0 29 18 13 9 20 26 12 24 21 5 11 1
run=15 seed=14 k=32 f=0
27 0 9 20 25 6 23 8 23 10 18 12 0 30 4 17 20 31 27 5 16 29 27 6 12 6 0 7 27 19
run=16 seed=15 k=32 f=0
21 6 29 7 22 31 10 16 31 16 11 16 0 12 2 1 13 0 23 1 13 24 13 1 26 28 25 17 24 20
run=17 seed=16 k=32 f=0
3 29 9 0 3 14 23 31 26 16 13 20 15 15 25 2 13 8 29 7 15 2 18 6 30 29 29 24 1 1
run=18 seed=17 k=32 f=0
25 13 31 2 31 15 26 7 25 10 25 31 3 8 2 0 16 9 26 19 18 9 5 20 0 21 21 14 23 23
run=19 seed=18 k=32 f=0
22 30 16 31 20 17 4 8 4 29 2 1 23 2 10 15 14 10 13 18 4 23 7 11 24 23 24 29 30 0
run=20 seed=19 k=32 f=0
29 4 24 10 7 23 7 1 28 20 1 0 25 30 30 25 6 17 22 8 15 20 15 18 1 3 29 10 17 31
