run=1 seed=0 k=31 f=0
10 19 3 8 19 23 11 6 28 22 29 16 23 6 30 5 29 29 4 25 11 1 13 8 18 0 1 19 14 30
run=2 seed=1 k=31 f=0
10 19 3 8 19 23 11 6 28 22 29 16 23 6 30 5 29 29 4 25 11 1 13 8 18 0 1 19 14 30
run=3 seed=2 k=31 f=0
28 0 22 29 26 6 18 11 9 16 5 21 21 9 12 0 26 12 15 22 6 16 6 17 1 20 0 20 9 30
run=4 seed=3 k=31 f=0
14 27 20 0 13 15 6 16 24 18 20 9 2 28 4 30 20 30 16 5 21 12 1 27 13 10 21 1 28 8
run=5 seed=4 k=31 f=0
25 1 23 16 30 30 4 25 8 28 6 0 2 26 14 21 4 9 22 4 20 27 14 27 19 8 23 9 13 7
run=6 seed=5 k=31 f=0
21 13 27 30 12 15 27 30 30 15 17 22 13 10 3 1 23 0 26 20 23 27 18 13 30 3 9 12 7 4
run=7 seed=6 k=31 f=0
1 8 27 21 30 8 4 22 2 12 10 0 27 14 14 13 30 30 17 27 2 30 13 17 3 20 14 27 19 20
run=8 seed=7 k=31 f=0
23 8 15 23 26 7 20 20 20 13 28 13 8 9 16 29 29 0 4 29 7 16 2 11 21 24 30 2 2 26
run=9 seed=8 k=31 f=0
28 16 24 19 29 6 22 24 22 6 2 27 18 24 18 11 14 0 17 6 7 18 11 8 30 15 12 3 30 2
run=10 seed=9 k=31 f=0
10 20 0 23 24 0 4 19 27 21 3 7 0 27 2 25 20 16 20 10 12 13 15 26 3 8 30 4 9 26
run=11 seed=10 k=31 f=0
22 8 30 14 6 0 27 11 26 16 17 30 0 0 17 6 24 21 21 13 28 3 2 26 7 30 7 16 13 20
run=12 seed=11 k=31 f=0
7 20 30 23 0 6 10 19 25 6 24 0 23 26 26 5 0 30 0 19 9 17 3 28 9 12 15 21 11 14
run=13 seed=12 k=31 f=0
19 28 1 16 2 30 21 0 9 26 9 24 28 1 20 10 30 0 3 15 29 21 20 2 27 30 9 0 4 12
run=14 seed=13 k=31 f=0
18 7 0 7 16 30 18 30 18 25 1 15 0 19 28 28 14 24 26 12 8 19 28 24 4 12 0 0 21 15
run=15 seed=14 k=31 f=0
8 24 16 7 26 29 19 22 18 4 15 23 5 1 16 14 1 0 15 25 10 1 3 20 12 26 14 4 19 29
run=16 seed=15 k=31 f=0
10 30 21 13 18 0 24 12 4 12 23 21 1 7 6 26 23 30 10 28 30 2 1 27 13 25 6 16 14 8
run=17 seed=16 k=31 f=0
11 17 30 20 17 7 3 7 0 18 25 0 20 24 4 6 17 27 26 8 29 3 8 12 18 30 13 15 30 1
run=18 seed=17 k=31 f=0
27 20 7 30 1 6 17 9 19 5 4 21 27 25 23 11 0 0 14 3 12 20 25 20 11 6 12 23 20 0
run=19 seed=18 k=31 f=0
11 29 5 23 29 7 20 12 13 30 3 1 24 5 16 27 26 30 1 18 4 20 24 7 30 29 15 9 18 15
run=20 seed=19 k=31 f=0
8 21 5 29 27 16 7 27 10 1 20 10 9 3 7 29 13 22 25 15 14 6 16 30 21 10 0 14 23 28
