run=1 seed=0 k=29 f=0
22 9 27 28 17 6 15 24 18 28 25 12 8 2 28 23 1 21 15 26 7 5 17 20 10 17 0 1 16 2
run=2 seed=1 k=29 f=0
22 9 27 28 17 6 15 24 18 28 25 12 8 2 28 23 1 21 15 26 7 5 17 20 10 17 0 1 16 2
run=3 seed=2 k=29 f=0
13 0 15 0 10 22 12 1 24 12 21 16 7 19 24 27 1 28 23 1 18 13 24 2 12 0 7 3 22 6
run=4 seed=3 k=29 f=0
6 0 10 8 10 21 3 7 19 27 2 0 17 20 1 26 28 15 15 28 27 22 28 15 7 13 28 14 10 18
run=5 seed=4 k=29 f=0
12 3 28 20 4 7 23 26 28 0 19 28 9 19 13 0 22 1 0 12 23 7 11 14 25 1 13 20 3 19
run=6 seed=5 k=29 f=0
5 26 19 28 22 15 5 2 3 25 1 9 24 11 5 2 20 0 19 0 14 26 10 13 26 0 21 19 6 3
run=7 seed=6 k=29 f=0
28 7 0 20 28 7 23 25 24 18 11 1 6 20 2 8 14 13 14 28 13 22 24 17 7 26 28 28 21 13
run=8 seed=7 k=29 f=0
13 0 23 21 2 7 18 1 26 3 1 13 6 3 18 26 14 28 5 23 25 23 12 9 17 18 1 17 23 5
run=9 seed=8 k=29 f=0
7 19 4 9 5 22 5 2 25 0 16 1 24 20 28 3 2 16 26 11 15 7 24 11 1 27 28 13 10 14
run=10 seed=9 k=29 f=0
7 25 16 7 0 22 10 2 0 26 11 28 26 15 12 7 11 15 22 4 19 4 0 21 28 4 0 15 0 7
run=11 seed=10 k=29 f=0
18 7 28 9 4 22 6 8 2 26 6 28 15 23 16 10 17 1 8 16 22 13 19 27 9 13 16 23 24 2
run=12 seed=11 k=29 f=0
25 19 12 20 0 7 3 27 8 14 18 0 7 2 26 19 28 13 11 17 18 2 26 24 9 22 27 10 20 2
run=13 seed=12 k=29 f=0
12 26 16 21 0 7 18 21 24 9 18 0 4 18 25 6 21 28 6 27 9 2 7 4 12 12 13 25 14 0
run=14 seed=13 k=29 f=0
21 1 28 28 11 15 6 13 14 4 14 9 5 15 2 28 1 0 18 27 25 28 19 28 5 28 21 5 19 12
run=15 seed=14 k=29 f=0
25 6 13 21 0 7 17 23 21 7 28 13 18 8 22 8 2 28 26 18 8 11 23 9 28 23 1 20 10 0
run=16 seed=15 k=29 f=0
18 7 28 7 27 22 11 14 17 5 7 15 0 2 17 10 8 0 27 14 11 28 0 3 25 9 28 1 17 18
run=17 seed=16 k=29 f=0
18 9 2 7 28 22 13 14 13 6 22 16 27 1 14 8 24 0 16 9 6 8 14 3 19 26 28 26 0 25
run=18 seed=17 k=29 f=0
4 28 1 0 27 22 13 8 27 2 26 16 16 0 2 21 9 7 23 15 11 11 21 19 7 17 28 7 24 12
run=19 seed=18 k=29 f=0
5 20 13 9 0 22 5 10 15 2 14 1 0 5 27 22 4 28 27 12 13 1 1 3 18 14 16 12 23 25
run=20 seed=19 k=29 f=0
27 2 10 21 19 7 3 7 14 3 5 0 1 12 10 22 8 28 6 26 0 19 25 14 0 2 14 3 25 18
