run=1 seed=0 k=114 f=0
102 100 6 79 29 103 10 91 21 64 25 67 113 67 69 10 77 42 98 101 113 38 27 11 86 63 44 7 83 1 9 46 36 80 89 80 109 34 13 16 57 34 98 48 54 97 104 72 40 94 35 109 104 59 21 7 14 0 3 73 7 104 95 70 72 41 96 27 91 113 57 57 49 63 14 51 62 22 75 98 21 106 53 2 55 84 31 71 50 53 52 44 45 48 0 108 92 24 42 83 39 34 20 86 84 90 41 32 88 0 16 2 113 99 18 67 113 53 80 101
run=2 seed=1 k=114 f=0
102 100 6 79 29 103 10 91 21 64 25 67 113 67 69 10 77 42 98 101 113 38 27 11 86 63 44 7 83 1 9 46 36 80 89 80 109 34 13 16 57 34 98 48 54 97 104 72 40 94 35 109 104 59 21 7 14 0 3 73 7 104 95 70 72 41 96 27 91 113 57 57 49 63 14 51 62 22 75 98 21 106 53 2 55 84 31 71 50 53 52 44 45 48 0 108 92 24 42 83 39 34 20 86 84 90 41 32 88 0 16 2 113 99 18 67 113 53 80 101
run=3 seed=2 k=114 f=0
45 73 14 19 110 24 18 111 66 64 9 67 1 43 95 93 78 4 43 72 108 61 35 81 85 13 90 104 79 39 33 81 24 39 29 6 87 63 3 32 25 65 92 112 3 53 108 48 44 55 50 113 106 73 83 56 17 109 38 47 36 37 39 48 46 104 55 110 50 58 113 76 26 17 98 56 0 103 28 51 24 101 73 30 87 60 88 8 71 23 71 57 13 15 56 77 100 95 31 33 88 103 112 0 96 6 84 95 113 61 18 76 9 70 28 0 69 13 8 7
run=4 seed=3 k=114 f=0
72 33 24 18 21 4 11 104 94 25 35 46 51 35 15 44 77 57 85 45 80 102 2 107 13 49 29 59 94 86 113 53 42 65 56 18 54 74 58 6 10 29 111 80 26 79 57 113 70 27 70 1 108 99 35 29 47 24 60 112 1 58 103 20 49 69 31 38 21 77 43 64 61 113 91 38 17 37 89 0 66 13 47 85 6 98 11 60 109 5 89 27 68 89 104 94 54 37 42 99 0 96 18 85 113 83 73 22 51 64 71 10 85 100 79 109 100 13 74 45
run=5 seed=4 k=114 f=0
44 53 72 63 91 13 87 28 0 95 44 22 65 62 110 20 27 88 12 56 113 62 6 39 69 56 53 15 12 112 40 5 52 81 77 99 6 106 17 36 85 95 0 48 100 101 10 82 81 107 33 78 93 57 37 94 30 89 75 48 73 0 103 98 99 113 27 89 103 26 18 75 34 28 66 18 29 76 34 93 39 83 71 60 25 11 44 17 100 78 0 91 80 59 34 70 105 61 45 4 68 112 71 0 3 24 18 34 3 113 12 42 60 98 9 49 10 51 109 2
run=6 seed=5 k=114 f=0
1 10 96 1 33 74 84 35 100 48 23 113 23 4 112 23 88 63 58 45 61 76 105 51 105 7 9 91 92 31 29 103 60 107 45 43 55 93 10 9 113 29 25 9 11 29 45 1 0 73 57 54 24 82 42 83 73 100 70 66 95 52 46 81 67 111 10 94 89 97 18 72 51 77 35 64 23 107 109 89 113 51 32 0 4 42 104 18 24 54 69 99 15 26 35 50 102 83 107 50 98 15 46 65 82 34 60 62 78 17 36 52 15 69 79 14 112 58 0 38
run=7 seed=6 k=114 f=0
103 52 4 41 110 29 1 95 64 0 17 43 99 77 64 5 27 12 88 46 105 39 76 108 34 49 50 38 53 75 102 76 13 45 69 11 60 87 8 111 6 83 69 93 63 19 21 112 107 73 34 40 90 51 22 16 42 72 113 18 82 100 96 0 63 102 27 46 31 15 61 51 98 29 113 101 52 23 91 0 96 23 74 102 2 43 18 66 87 57 83 80 50 81 72 35 111 1 97 81 33 27 14 34 55 89 65 2 59 66 67 55 44 94 91 59 40 110 13 45
run=8 seed=7 k=114 f=0
36 38 104 103 105 59 86 19 66 85 14 62 15 66 61 78 58 98 14 23 70 58 54 21 25 106 43 112 51 74 7 94 6 30 66 103 0 0 43 22 109 82 83 20 50 47 60 109 70 79 0 17 12 55 13 37 7 80 102 98 20 9 27 113 112 47 0 38 43 65 65 107 51 91 89 18 71 52 32 87 28 111 6 55 52 40 2 34 31 73 99 96 107 55 64 7 24 34 75 89 87 89 84 96 63 74 41 99 12 32 88 9 15 94 113 0 44 73 37 92
run=9 seed=8 k=114 f=0
112 102 60 85 5 43 75 79 21 75 56 48 46 55 62 112 104 36 39 44 25 0 39 2 55 51 110 82 7 68 39 89 74 63 107 69 17 99 1 1 30 32 108 81 66 54 19 94 33 60 14 62 0 82 5 68 23 27 109 43 41 22 49 17 39 11 103 100 72 35 78 63 8 101 27 0 27 21 94 94 98 52 76 46 8 36 112 58 29 67 87 20 105 31 83 30 98 75 17 52 73 92 22 86 66 95 86 83 76 81 83 58 106 43 3 16 95 89 62 112
run=10 seed=9 k=114 f=0
37 34 91 21 80 101 80 112 55 50 10 55 100 12 19 73 107 25 107 92 51 18 91 86 80 2 108 83 72 38 64 2 8 46 70 84 46 67 74 27 27 113 7 1 40 0 34 81 78 61 46 112 49 98 79 35 14 90 79 12 100 28 30 38 0 72 66 99 68 5 113 72 9 67 93 54 21 13 22 49 59 87 63 87 42 113 70 95 21 55 78 58 57 4 112 97 100 21 58 111 22 107 84 40 34 63 99 43 68 33 107 88 9 57 62 29 16 17 37 41
run=11 seed=10 k=114 f=0
85 71 98 1 92 84 55 13 50 13 21 7 54 15 15 36 10 52 43 75 63 106 1 74 22 113 22 76 48 64 81 55 45 69 28 0 69 91 33 108 41 9 6 11 68 60 39 4 28 90 92 96 99 109 39 28 61 0 113 48 37 113 110 106 56 42 2 78 31 51 16 35 81 89 63 80 74 34 41 6 85 18 102 25 90 81 46 112 67 0 27 83 103 56 4 100 69 19 88 20 74 102 58 54 3 6 90 93 14 34 49 70 62 103 95 98 74 111 0 24
run=12 seed=11 k=114 f=0
23 1 3 51 94 76 1 87 65 31 20 7 86 110 95 59 85 21 31 108 33 46 49 106 11 4 88 7 73 25 32 17 43 96 52 22 108 2 9 50 100 25 81 88 23 79 42 9 38 77 59 93 16 68 113 42 11 70 98 84 111 35 83 35 104 19 101 66 7 37 10 98 63 12 102 79 107 75 59 32 111 40 97 50 74 113 93 6 52 57 58 66 77 43 106 28 41 28 84 61 103 74 50 54 42 64 11 35 13 66 83 25 54 68 52 90 44 58 1 24
run=13 seed=12 k=114 f=0
106 72 68 31 19 21 71 3 61 66 51 113 37 14 4 0 19 91 112 0 87 33 66 16 18 69 107 49 65 78 55 14 113 44 40 41 76 56 72 23 26 7 65 0 80 99 81 89 12 101 98 2 34 103 35 49 84 67 43 108 61 9 25 77 83 76 108 46 60 55 5 85 26 44 50 54 8 92 105 103 95 68 39 16 76 84 85 63 20 9 57 98 19 98 61 27 84 1 89 29 49 55 0 93 35 13 39 14 44 41 113 41 102 6 27 23 112 106 31 103
run=14 seed=13 k=114 f=0
108 107 33 1 13 52 33 23 69 83 82 113 94 54 17 67 110 66 50 92 10 98 43 43 54 16 69 24 95 81 87 86 70 112 106 47 42 83 0 52 105 113 12 20 113 77 85 60 68 59 36 77 33 42 29 7 96 62 52 78 23 8 85 75 59 78 6 30 1 93 88 19 80 87 41 7 105 14 26 106 34 77 44 96 39 35 0 27 110 101 7 71 84 65 42 45 22 10 98 91 0 90 78 97 109 0 63 97 52 8 63 12 27 113 103 18 50 37 60 46
run=15 seed=14 k=114 f=0
0 13 51 84 97 2 53 96 57 88 78 84 35 47 90 64 87 41 109 87 34 23 9 0 113 50 57 108 89 105 0 82 66 81 68 47 49 103 113 97 96 11 72 85 44 27 81 12 57 78 13 10 68 38 27 50 48 113 69 98 95 52 82 59 35 37 106 21 44 20 108 39 1 9 10 105 24 72 27 26 91 56 112 90 110 81 35 46 69 112 55 63 17 71 12 0 64 17 25 64 77 7 74 103 55 22 4 70 113 30 97 105 91 36 31 2 20 19 21 16
run=16 seed=15 k=114 f=0
17 77 21 77 8 87 19 81 44 112 0 85 66 86 110 113 107 61 80 78 18 47 3 85 70 82 111 26 106 12 8 26 10 41 102 59 39 96 17 48 0 85 50 106 90 105 70 111 97 35 69 61 44 72 71 26 93 90 60 42 7 105 76 28 34 52 98 30 106 42 89 75 21 29 0 112 33 23 98 99 1 53 62 104 69 76 67 58 77 93 1 25 45 95 15 113 99 113 27 78 17 0 26 53 52 56 33 101 92 74 9 9 15 34 53 35 14 6 43 41
run=17 seed=16 k=114 f=0
28 28 21 61 63 84 43 11 57 36 15 35 47 63 69 68 32 10 3 47 40 19 28 110 62 53 52 53 77 43 4 95 85 18 92 106 112 31 61 102 100 76 89 53 54 41 91 75 88 44 12 109 23 48 104 97 102 59 65 82 3 99 26 73 41 20 25 26 56 88 97 6 69 93 62 26 35 78 84 33 32 113 46 49 0 8 113 1 5 93 23 76 96 15 74 111 85 77 67 110 81 51 40 12 29 0 104 67 27 106 102 108 7 71 109 9 82 2 17 48
run=18 seed=17 k=114 f=0
97 26 47 29 36 69 19 76 35 17 61 10 80 33 36 72 106 43 47 21 10 95 75 40 54 0 64 64 72 92 90 104 106 113 54 17 73 53 95 87 82 29 6 92 23 16 14 99 79 56 112 87 30 97 28 46 69 26 111 84 88 4 73 81 13 3 99 95 51 19 36 34 47 58 12 89 77 73 73 15 62 79 23 103 85 49 98 103 43 63 1 45 93 104 111 68 55 111 78 10 17 60 41 66 33 9 55 16 52 22 0 52 111 8 43 40 72 86 6 6
run=19 seed=18 k=114 f=0
3 18 7 55 71 97 111 55 44 15 66 11 112 2 40 77 14 59 105 75 0 44 71 85 59 81 27 101 79 76 35 10 13 76 82 110 62 67 113 92 112 33 29 53 93 19 104 81 74 38 45 12 5 17 0 15 97 80 105 5 66 69 58 111 23 111 53 83 93 10 87 106 102 52 95 60 23 98 19 4 26 51 33 47 84 30 52 63 22 71 68 99 60 39 112 9 88 45 92 41 0 24 55 30 42 74 43 70 37 106 57 28 2 18 50 113 23 91 42 62
run=20 seed=19 k=114 f=0
47 7 16 112 19 72 29 93 100 106 59 62 75 78 1 33 10 76 103 32 53 25 71 102 50 84 24 113 20 42 103 42 66 4 45 75 80 32 53 12 70 86 61 39 68 27 49 84 0 56 57 59 38 27 48 108 96 89 19 16 46 85 63 97 84 11 88 41 78 16 90 70 30 53 67 1 94 81 94 49 61 111 45 13 68 109 107 3 100 113 36 112 20 1 26 39 33 18 112 0 53 93 46 99 7 99 3 38 64 92 104 26 55 88 112 11 21 22 72 64
