run=1 seed=0 k=96 f=0
69 86 71 22 7 28 10 22 56 36 6 54 54 14 38 36 51 21 69 20 67 9 72 41 47 42 9 78 23 71 76 59 3 3 55 45 42 63 70 95 46 85 33 39 20 12 62 48 81 60 83 70 90 45 47 79 23 86 52 0 26 93 92 85 39 16 94 30 93 62 76 23 35 28 12 64 8 94 74 77 78 15 66 55 43 20 0 0 81 29 63 82 90 83 56 15 34 72 30 95 95 64 64 18 61 49 44 38 31 5 29 9 0 54 73 0 69 91 32 56
run=2 seed=1 k=96 f=0
69 86 71 22 7 28 10 22 56 36 6 54 54 14 38 36 51 21 69 20 67 9 72 41 47 42 9 78 23 71 76 59 3 3 55 45 42 63 70 95 46 85 33 39 20 12 62 48 81 60 83 70 90 45 47 79 23 86 52 0 26 93 92 85 39 16 94 30 93 62 76 23 35 28 12 64 8 94 74 77 78 15 66 55 43 20 0 0 81 29 63 82 90 83 56 15 34 72 30 95 95 64 64 18 61 49 44 38 31 5 29 9 0 54 73 0 69 91 32 56
run=3 seed=2 k=96 f=0
67 82 91 45 41 23 0 38 64 7 87 63 0 82 27 50 60 37 89 22 60 26 40 6 85 95 26 14 93 86 73 17 58 80 14 92 34 71 18 81 52 45 12 65 11 72 36 34 24 8 0 48 78 72 55 87 82 9 10 58 32 69 17 27 95 50 64 39 77 95 19 46 53 95 86 63 42 63 0 80 4 33 94 63 68 18 69 35 29 2 42 31 50 95 0 48 9 0 73 7 23 17 32 40 55 89 9 74 57 17 39 82 0 77 30 95 46 3 54 25
run=4 seed=3 k=96 f=0
78 5 88 3 57 23 72 9 40 34 75 35 32 43 65 32 38 4 88 36 69 78 94 62 15 95 79 41 94 92 59 11 12 43 81 59 17 77 19 86 69 61 90 38 41 26 75 13 0 11 22 37 64 20 15 95 29 95 26 84 45 24 31 57 84 82 61 0 85 46 21 8 88 46 72 41 47 38 16 52 50 95 58 34 45 74 29 15 82 48 2 2 24 93 74 64 87 76 12 65 66 68 6 53 94 58 6 71 55 17 55 63 2 31 54 0 81 52 73 30
run=5 seed=4 k=96 f=0
93 65 80 89 28 26 12 0 57 21 5 3 58 73 3 81 86 29 5 52 14 34 25 81 0 0 64 14 83 3 7 57 88 80 95 49 43 53 69 77 14 0 21 41 45 9 22 7 70 95 53 25 54 50 90 74 12 24 28 95 24 11 0 72 30 47 48 73 42 73 7 62 79 50 62 80 61 28 66 13 90 21 94 37 84 68 42 43 64 48 36 59 44 54 36 46 93 17 81 0 67 87 24 32 19 30 93 82 19 37 95 17 37 35 27 73 14 12 36 58
run=6 seed=5 k=96 f=0
71 78 8 86 58 46 4 18 33 86 53 33 7 14 58 54 39 91 0 13 61 27 15 21 4 10 95 21 25 60 3 18 76 82 88 7 1 38 0 95 33 47 24 54 83 87 93 79 23 0 46 63 48 10 4 95 25 38 85 63 56 43 54 62 9 65 88 24 3 39 16 50 95 14 71 64 20 71 23 90 69 94 88 49 74 49 85 1 45 20 28 31 67 78 33 68 68 74 77 31 42 17 89 65 95 44 76 24 28 79 41 70 7 9 92 34 30 57 79 49
run=7 seed=6 k=96 f=0
9 48 45 17 21 52 50 77 25 83 20 87 69 21 33 4 0 14 87 45 91 81 82 95 71 81 25 49 30 1 57 16 42 44 1 24 28 22 29 94 48 9 57 75 53 3 80 43 70 61 69 40 19 34 35 7 95 82 0 93 94 31 1 89 93 17 63 21 69 39 75 38 34 13 51 83 30 86 77 7 42 60 92 3 54 56 8 62 75 67 22 11 90 0 62 84 89 54 85 63 73 15 11 43 62 75 25 34 54 38 33 61 83 78 45 26 27 67 49 95
run=8 seed=7 k=96 f=0
60 6 67 79 24 17 51 80 46 7 84 73 64 88 34 86 8 57 61 5 68 23 60 70 17 70 0 0 15 10 78 12 15 10 6 57 95 1 26 51 95 19 37 46 29 21 84 87 88 0 64 65 52 44 75 55 34 78 59 66 80 78 28 85 43 65 42 1 39 19 46 28 35 40 95 65 6 48 48 24 52 0 36 64 95 86 26 31 77 32 5 18 93 88 95 53 37 13 3 26 71 45 22 63 73 70 7 2 41 45 30 34 76 55 37 77 17 93 91 0
run=9 seed=8 k=96 f=0
0 86 50 29 89 1 94 7 86 94 52 37 16 78 41 34 12 5 76 5 22 48 9 38 54 83 71 21 7 95 89 0 93 17 64 7 45 39 70 54 45 39 48 21 26 76 5 78 70 43 1 54 0 8 88 53 48 9 89 42 27 71 25 65 81 95 13 12 13 86 77 29 61 85 34 81 30 22 76 3 95 56 41 57 32 65 52 54 34 73 32 95 78 63 85 0 36 91 5 61 19 81 24 19 43 69 64 65 9 57 62 43 16 62 3 69 95 26 28 42
run=10 seed=9 k=96 f=0
22 40 35 14 50 30 44 17 74 7 57 94 84 40 63 13 73 16 95 39 74 84 43 24 66 27 86 89 30 41 3 0 17 24 5 30 2 9 63 38 48 88 42 70 76 68 28 3 80 0 77 57 36 21 79 95 70 54 17 24 51 89 25 57 72 83 68 39 8 70 67 14 20 30 95 61 41 0 67 74 56 34 64 33 28 8 10 61 15 46 95 49 35 58 2 88 22 44 4 20 41 73 13 59 81 47 77 12 32 64 95 90 50 95 49 46 86 0 79 91
run=11 seed=10 k=96 f=0
27 29 37 0 34 80 48 21 11 51 25 49 0 50 54 12 0 19 95 70 0 88 43 68 35 46 92 91 20 54 40 65 14 2 72 42 39 12 50 6 63 30 42 47 82 87 16 41 24 35 83 0 58 4 59 91 42 71 94 25 82 61 72 28 76 64 68 91 57 45 52 78 68 32 75 13 30 19 45 79 50 21 18 95 8 95 8 10 85 65 45 84 86 17 44 65 5 15 28 6 58 0 31 95 16 62 54 25 36 13 37 55 0 26 70 77 89 33 85 94
run=12 seed=11 k=96 f=0
38 71 28 75 26 60 26 37 29 1 6 42 27 13 0 92 45 20 63 49 29 81 85 86 23 59 0 65 63 12 24 20 91 54 15 5 58 44 71 13 53 87 31 36 3 5 48 93 82 27 94 47 0 72 1 76 95 71 38 55 15 34 20 68 91 51 78 43 66 46 87 28 52 34 95 32 22 66 15 6 46 9 41 79 75 42 36 21 88 76 80 23 56 85 12 62 70 91 36 86 82 76 33 66 83 22 70 67 29 88 95 81 8 38 67 0 8 14 53 2
run=13 seed=12 k=96 f=0
70 6 66 40 95 65 5 46 14 7 61 0 77 87 13 37 81 62 44 7 95 53 30 17 57 40 74 0 0 55 31 64 95 76 60 83 22 54 86 87 47 89 36 44 82 36 53 39 65 73 24 62 25 30 10 3 78 5 81 68 33 14 59 88 17 89 84 24 72 31 46 79 92 59 3 39 74 0 26 35 10 1 21 24 43 45 56 83 38 50 28 0 54 33 0 68 14 49 71 28 69 41 60 11 51 50 20 31 64 95 34 80 50 92 95 19 17 95 51 8
run=14 seed=13 k=96 f=0
44 5 38 80 19 21 80 27 9 83 83 59 23 4 83 81 21 4 28 62 90 46 1 32 33 79 22 18 27 0 14 15 74 37 5 25 92 85 17 6 85 39 49 63 42 29 45 31 0 95 41 65 9 48 13 72 94 54 74 0 33 95 62 28 67 53 16 9 31 48 62 70 86 65 43 24 81 59 52 6 58 67 2 75 9 14 70 93 40 89 39 95 62 51 61 0 74 40 0 93 74 14 34 49 43 33 60 89 68 64 21 0 41 9 22 0 55 58 85 48
run=15 seed=14 k=96 f=0
72 52 80 95 95 24 23 9 17 90 4 90 20 83 66 27 95 6 71 13 35 7 73 70 76 77 61 26 30 80 70 18 56 34 22 82 32 81 75 13 90 87 57 15 85 84 3 7 57 16 39 1 36 53 71 43 78 42 49 95 28 58 88 49 51 94 52 16 95 1 42 64 70 3 63 7 86 10 80 37 0 42 67 21 25 95 0 47 73 24 77 64 8 7 36 91 52 48 37 53 12 23 4 8 41 50 92 31 32 44 72 70 76 18 45 62 86 0 31 12
run=16 seed=15 k=96 f=0
45 50 22 68 87 84 82 95 16 54 87 56 31 75 17 72 26 43 42 16 95 39 59 20 23 35 0 82 60 79 84 11 52 28 15 28 93 57 80 1 52 34 89 74 56 37 0 43 19 94 27 0 76 65 2 23 75 24 26 64 0 81 50 81 67 34 38 38 60 59 70 74 85 60 62 92 63 95 43 8 20 52 95 19 0 86 10 45 10 16 71 9 43 14 95 36 40 66 57 13 29 7 67 45 54 64 48 72 35 4 75 61 6 88 0 82 53 48 4 94
run=17 seed=16 k=96 f=0
61 19 0 36 45 95 55 54 15 0 86 37 49 74 81 71 95 66 0 95 48 83 69 16 77 4 28 27 93 69 62 11 0 46 95 1 74 9 80 95 7 18 0 18 93 56 85 87 88 80 44 0 71 80 84 69 32 42 0 7 52 58 80 57 63 39 31 41 66 0 34 83 62 65 14 72 78 78 30 32 25 89 24 92 77 9 43 87 67 49 22 16 90 68 50 71 19 10 43 32 64 46 84 29 43 15 21 50 95 38 57 1 59 57 17 39 23 24 53 10
run=18 seed=17 k=96 f=0
25 74 57 37 4 48 19 24 16 60 77 80 51 33 80 9 95 44 22 38 18 30 69 67 85 21 90 46 95 2 65 60 33 58 55 44 39 7 0 64 53 0 17 38 76 0 26 71 6 37 11 79 70 41 89 63 72 87 87 66 14 36 58 30 34 94 69 95 68 19 1 11 88 17 78 13 12 44 25 23 49 80 28 67 54 95 61 76 59 10 7 46 41 2 44 95 83 50 48 78 87 20 42 28 62 73 88 38 58 0 6 88 3 28 53 95 53 81 32 74
run=19 seed=18 k=96 f=0
10 51 71 82 44 41 22 81 86 19 76 75 5 55 45 16 33 7 33 17 9 61 69 21 54 42 90 36 45 63 79 79 84 15 20 30 92 0 8 24 26 48 54 32 4 16 2 21 9 58 3 64 95 94 64 95 11 67 86 24 17 84 58 88 90 76 38 72 40 52 81 0 67 33 24 74 50 41 32 93 69 26 64 36 55 59 1 11 7 50 75 25 28 62 92 45 38 47 92 84 85 38 68 86 65 55 87 30 32 14 95 48 12 73 45 1 74 72 59 94
run=20 seed=19 k=96 f=0
89 74 93 12 82 87 71 54 11 52 24 61 5 28 67 55 2 9 36 35 11 21 28 88 24 95 3 12 7 21 15 29 82 0 25 4 2 63 7 47 65 17 37 43 71 38 13 52 51 42 81 59 33 0 72 20 58 17 95 46 88 84 63 49 31 29 82 63 81 60 27 70 13 57 58 8 68 71 51 36 88 66 95 80 2 25 67 51 40 85 95 45 53 37 1 16 90 24 10 3 95 95 47 80 69 76 51 40 43 74 59 2 78 34 12 43 20 94 75 36
