run=1 seed=0 k=121 f=0
104 35 59 2 117 62 0 17 80 34 96 54 13 3 80 41 98 65 96 63 90 50 49 22 48 50 66 87 36 76 109 72 54 89 40 64 62 37 2 21 29 21 57 20 11 98 26 108 73 106 15 56 89 2 6 72 83 32 38 29 81 19 21 76 48 97 19 68 119 111 44 79 18 4 31 10 12 46 28 86 60 111 87 23 14 108 0 36 113 40 117 71 97 0 119 103 120 41 82 31 26 113 58 9 85 44 48 40 84 21 5 56 120 102 87 102 116 115 52 86
run=2 seed=1 k=121 f=0
104 35 59 2 117 62 0 17 80 34 96 54 13 3 80 41 98 65 96 63 90 50 49 22 48 50 66 87 36 76 109 72 54 89 40 64 62 37 2 21 29 21 57 20 11 98 26 108 73 106 15 56 89 2 6 72 83 32 38 29 81 19 21 76 48 97 19 68 119 111 44 79 18 4 31 10 12 46 28 86 60 111 87 23 14 108 0 36 113 40 117 71 97 0 119 103 120 41 82 31 26 113 58 9 85 44 48 40 84 21 5 56 120 102 87 102 116 115 52 86
run=3 seed=2 k=121 f=0
63 54 105 27 23 82 17 51 67 71 75 71 40 53 113 0 120 36 10 110 35 106 35 92 115 99 37 25 120 18 80 61 85 67 89 16 117 16 0 4 66 5 105 96 38 53 39 43 0 62 7 8 9 108 58 27 55 76 50 88 26 66 86 75 117 119 96 53 13 53 83 108 113 23 51 30 34 119 84 49 95 118 57 7 100 68 42 81 81 3 15 41 57 45 28 30 94 93 114 112 47 80 22 34 60 102 63 95 44 110 23 36 1 112 100 70 90 93 79 33
run=4 seed=3 k=121 f=0
31 20 95 79 91 116 101 73 109 55 101 108 90 27 24 87 120 74 79 64 57 7 86 34 27 34 106 66 110 69 89 31 47 23 27 38 17 64 1 118 39 49 103 82 50 72 18 10 27 67 97 56 99 11 9 89 60 101 23 102 91 120 71 0 94 43 89 111 109 59 112 1 50 83 57 72 22 117 91 12 67 0 55 85 81 4 80 20 46 107 111 14 59 90 15 32 53 60 23 36 110 77 77 11 44 11 115 29 89 17 120 83 0 5 62 40 43 53 98 4
run=5 seed=4 k=121 f=0
15 117 95 53 29 67 105 34 13 82 6 0 50 6 113 70 120 104 89 88 0 27 78 119 25 3 80 35 21 3 109 97 2 72 2 10 28 81 0 96 71 13 59 0 78 86 29 108 43 30 61 42 65 21 9 22 67 77 73 46 78 93 32 113 53 46 90 112 35 111 48 108 56 10 16 120 120 31 64 105 106 48 57 25 113 39 94 90 117 75 22 106 58 55 15 41 28 19 33 35 113 62 51 102 29 67 65 99 102 36 19 41 87 16 5 57 86 97 80 82
run=6 seed=5 k=121 f=0
66 65 9 28 5 112 43 119 74 16 80 24 36 119 19 113 88 13 58 99 3 13 59 113 10 50 81 81 37 94 64 22 120 85 50 85 73 3 56 101 53 32 72 21 30 30 110 39 59 41 6 105 69 66 97 27 94 88 109 78 100 52 56 57 47 64 19 100 118 45 112 118 77 48 120 17 49 104 50 84 45 83 12 24 59 6 2 63 0 106 57 16 73 36 67 39 100 109 116 78 119 92 75 16 67 26 67 92 72 21 90 21 103 18 0 74 31 106 103 46
run=7 seed=6 k=121 f=0
1 71 75 110 10 1 97 54 37 119 0 10 106 8 93 119 113 106 44 120 98 3 99 13 27 15 58 18 22 27 36 54 7 74 74 41 58 83 63 84 119 21 37 57 100 113 36 52 99 48 67 61 76 1 119 103 29 33 43 83 61 15 16 96 45 90 48 111 82 0 88 72 120 20 68 115 43 85 74 51 36 91 112 22 10 65 33 40 5 27 77 104 120 49 68 113 50 26 13 11 62 105 82 0 33 40 15 77 76 91 60 119 26 101 92 67 6 7 102 101
run=8 seed=7 k=121 f=0
81 95 91 4 96 27 61 89 61 93 119 89 103 20 116 80 115 22 35 0 46 8 77 68 50 100 79 18 86 91 38 116 54 47 112 0 8 114 79 67 51 92 35 77 22 29 111 118 108 69 113 46 46 69 94 18 28 96 83 63 28 31 4 62 99 102 95 104 24 15 77 56 38 40 87 39 85 119 62 45 15 54 10 6 33 3 55 25 75 31 88 19 30 2 88 107 63 120 23 50 44 74 5 19 41 44 10 81 32 75 72 113 37 100 119 102 13 69 6 54
run=9 seed=8 k=121 f=0
114 13 48 44 90 28 17 38 43 66 11 109 118 89 21 105 106 54 33 37 84 74 104 95 99 46 66 6 109 111 10 56 49 80 21 50 91 61 21 100 102 28 15 106 117 43 115 17 56 7 54 62 115 112 119 112 42 74 19 61 87 26 100 32 88 94 4 46 99 2 39 81 27 10 97 51 37 37 91 103 9 0 59 0 109 58 66 19 32 24 1 29 81 12 72 103 40 35 107 84 78 2 80 18 63 31 76 72 83 61 46 7 0 28 36 120 74 70 70 120
run=10 seed=9 k=121 f=0
14 48 26 113 87 120 104 79 59 23 74 119 42 82 52 30 46 39 116 100 38 63 11 18 46 27 8 93 91 91 70 95 24 61 70 24 0 15 114 63 23 47 6 74 68 89 38 111 6 75 54 40 61 60 96 44 14 98 84 18 34 6 30 53 32 100 60 37 111 0 116 29 15 35 105 34 3 105 29 5 78 23 12 70 120 73 92 80 22 0 115 45 102 55 109 22 120 41 73 84 39 102 14 111 9 77 47 19 65 98 55 3 69 43 81 4 84 88 104 108
run=11 seed=10 k=121 f=0
26 118 20 89 5 24 12 10 89 76 70 99 48 72 18 10 114 32 72 32 80 108 2 64 53 0 0 10 119 119 29 47 57 43 98 29 68 3 53 118 95 63 120 56 99 109 31 109 91 105 52 66 24 85 97 48 39 5 2 21 16 91 69 79 92 33 103 107 94 15 86 43 62 84 9 76 11 41 102 8 56 116 99 111 41 92 38 31 22 46 102 23 70 62 118 61 107 78 36 68 108 1 17 51 85 35 6 6 110 84 13 113 78 79 36 20 70 74 28 92
run=12 seed=11 k=121 f=0
33 84 79 115 9 16 70 2 91 120 59 51 8 42 39 14 54 38 103 82 120 98 28 34 54 101 104 62 18 91 73 49 85 46 119 5 77 56 31 94 25 31 24 71 3 57 11 100 120 15 55 83 44 85 108 41 94 1 69 112 75 36 3 83 101 118 3 89 0 10 61 102 34 114 1 77 32 43 8 24 58 111 61 10 105 50 92 77 112 115 68 92 103 46 27 115 64 65 51 4 66 23 10 109 50 18 57 82 68 31 17 21 52 1 72 40 68 78 22 90
run=13 seed=12 k=121 f=0
104 9 81 45 1 78 55 8 3 52 0 22 41 113 32 91 5 47 79 30 120 34 89 35 45 96 101 73 104 89 65 68 98 39 96 0 93 30 18 83 0 87 2 98 101 4 32 69 53 87 9 83 32 61 67 114 40 64 57 72 103 59 51 12 101 41 91 85 103 19 78 39 42 26 60 73 59 80 79 70 49 111 86 54 14 52 112 112 6 118 119 113 78 113 11 93 38 13 41 16 31 120 16 69 70 12 41 20 68 74 43 32 104 59 28 22 21 85 10 27
run=14 seed=13 k=121 f=0
13 6 119 45 27 64 49 82 75 5 42 69 25 96 120 0 56 89 92 103 23 96 59 60 46 66 120 73 55 99 25 31 105 12 118 85 100 120 68 63 82 65 53 48 114 52 102 109 0 114 3 107 19 41 24 18 8 4 119 64 105 11 46 80 59 97 72 82 89 90 73 30 47 36 98 83 87 9 72 85 106 16 28 1 10 94 29 18 21 108 45 112 68 106 20 93 113 92 13 7 78 118 74 78 33 83 30 1 74 12 80 89 39 33 36 49 37 102 99 45
run=15 seed=14 k=121 f=0
93 93 47 34 114 17 45 60 1 77 106 40 104 64 1 118 73 66 2 59 66 80 69 7 51 37 119 49 40 43 84 20 40 111 40 33 118 0 71 82 106 7 42 104 68 74 117 55 48 1 71 25 28 62 32 76 71 32 97 109 105 87 94 82 7 86 68 41 42 94 22 58 10 97 57 109 27 84 74 26 104 52 36 51 0 64 120 19 9 114 54 85 119 27 98 15 0 66 112 95 82 16 52 88 23 20 107 105 111 19 115 40 65 59 8 29 96 100 89 31
run=16 seed=15 k=121 f=0
61 53 58 83 60 60 27 69 22 80 11 42 1 86 36 65 38 95 86 98 27 73 76 47 37 13 0 115 22 120 114 18 26 2 96 9 53 11 44 7 27 1 23 82 4 91 51 50 110 88 54 78 57 9 74 104 114 72 61 90 100 49 80 108 118 94 46 16 120 18 32 120 21 15 47 24 16 33 111 113 101 79 3 63 48 98 78 9 62 5 80 105 87 70 104 81 44 29 7 114 44 1 99 66 35 44 90 32 108 72 88 14 120 67 28 39 119 54 53 30
run=17 seed=16 k=121 f=0
104 26 92 56 14 10 85 113 109 1 24 53 2 75 79 81 39 66 119 15 0 62 43 8 30 58 104 17 20 22 51 36 112 53 94 90 93 25 89 46 44 29 95 108 47 24 21 46 3 20 63 99 74 73 43 83 84 61 98 113 110 67 95 1 0 101 108 55 113 34 8 80 99 14 85 50 67 117 71 50 106 20 116 75 44 70 47 93 6 115 36 34 23 41 98 103 87 33 34 37 3 9 96 120 56 28 63 3 70 14 84 66 31 80 20 8 29 16 64 34
run=18 seed=17 k=121 f=0
101 34 76 35 36 65 81 57 40 75 11 28 2 6 62 103 31 89 96 90 46 86 46 75 36 9 119 112 67 50 38 74 14 45 19 60 80 74 94 55 89 0 13 56 25 115 16 97 74 82 110 51 43 61 102 109 86 92 57 113 21 6 3 111 116 9 28 67 108 14 96 45 51 21 68 41 36 59 79 113 12 116 24 28 99 41 0 97 114 17 29 64 96 94 56 3 77 99 6 118 5 15 103 109 36 86 96 31 24 60 23 75 87 1 83 30 120 84 50 85
run=19 seed=18 k=121 f=0
82 10 88 101 25 83 77 17 26 48 101 120 118 69 6 83 111 50 76 111 71 105 90 34 70 61 73 39 85 25 1 92 57 27 95 113 12 58 40 64 17 65 67 102 8 21 64 15 103 16 52 117 28 52 12 4 116 30 56 99 45 61 37 118 51 108 4 109 45 44 84 93 54 111 74 103 30 0 84 12 38 12 97 0 5 76 95 91 18 22 48 92 24 2 41 77 106 80 65 73 108 34 43 68 24 107 51 67 66 10 120 119 54 118 18 29 38 113 0 34
run=20 seed=19 k=121 f=0
83 66 64 50 119 105 118 65 53 34 70 51 10 56 0 12 115 68 37 80 120 0 42 83 24 101 97 19 18 61 11 112 72 80 93 44 67 14 88 44 88 32 58 45 4 35 88 26 108 20 69 95 62 67 25 117 45 25 15 107 93 70 91 0 52 0 2 46 95 118 9 9 77 120 52 21 97 21 103 111 75 87 85 35 39 53 30 39 27 90 92 3 63 58 85 109 32 86 80 7 26 117 47 2 60 102 100 34 15 81 25 44 75 110 97 56 41 99 6 73
