run=1 seed=0 k=100 f=0
83 97 13 99 62 24 86 85 68 28 68 8 90 48 63 25 39 32 52 82 75 65 94 54 2 11 91 4 31 35 84 0 22 4 28 45 53 70 48 14 60 99 17 99 98 0 23 37 18 74 16 5 92 79 43 54 88 74 91 77 57 86 84 87 11 15 43 12 8 23 25 95 83 46 50 56 89 68 19 42 15 34 76 79 28 99 1 7 52 21 31 60 81 20 33 37 2 67 94 61 6 38 70 30 1 42 69 98 44 99 51 59 1 80 58 43 64 94 69 57
run=2 seed=1 k=100 f=0
83 97 13 99 62 24 86 85 68 28 68 8 90 48 63 25 39 32 52 82 75 65 94 54 2 11 91 4 31 35 84 0 22 4 28 45 53 70 48 14 60 99 17 99 98 0 23 37 18 74 16 5 92 79 43 54 88 74 91 77 57 86 84 87 11 15 43 12 8 23 25 95 83 46 50 56 89 68 19 42 15 34 76 79 28 99 1 7 52 21 31 60 81 20 33 37 2 67 94 61 6 38 70 30 1 42 69 98 44 99 51 59 1 80 58 43 64 94 69 57
run=3 seed=2 k=100 f=0
90 94 88 75 40 17 64 85 31 75 61 70 49 95 16 45 61 69 62 27 2 23 23 19 21 18 99 30 76 64 12 13 85 3 51 63 52 78 71 9 57 67 12 99 29 1 56 90 39 76 44 45 99 96 57 66 0 23 48 5 54 37 21 27 52 54 17 68 89 90 84 81 9 94 47 77 74 38 39 4 82 33 43 41 99 73 0 28 98 36 59 19 41 60 96 32 69 88 1 33 8 15 25 29 10 99 0 81 9 82 74 46 7 0 87 56 91 96 20 51
run=4 seed=3 k=100 f=0
2 86 45 32 70 47 78 20 36 64 59 93 52 26 61 77 65 22 1 99 32 12 10 92 70 46 65 75 68 49 54 55 36 12 78 68 11 59 0 68 16 48 42 99 85 46 81 56 58 15 98 89 99 98 33 93 34 88 82 43 39 60 71 72 51 77 33 19 72 11 53 34 3 79 91 7 67 73 40 16 24 64 15 97 3 6 29 40 16 9 25 67 44 80 98 77 76 22 56 5 42 51 86 74 27 98 60 3 21 36 19 64 27 0 28 90 81 86 16 1
run=5 seed=4 k=100 f=0
68 54 77 30 66 37 75 64 5 32 76 60 23 66 74 62 24 42 1 91 22 85 68 79 75 34 99 58 20 20 3 73 97 91 27 31 79 1 22 12 59 81 82 30 93 29 42 98 69 78 12 41 47 18 18 73 90 1 58 5 9 43 61 71 55 48 6 24 4 71 64 51 90 90 98 10 63 38 29 46 35 99 22 28 67 54 0 5 56 12 63 99 84 88 54 46 75 39 85 88 57 98 93 17 38 39 26 14 88 84 13 28 82 47 14 50 57 10 42 46
run=6 seed=5 k=100 f=0
0 58 10 72 25 30 20 85 39 20 68 49 59 85 10 52 17 82 9 83 14 79 79 18 29 52 80 28 66 38 45 99 93 0 37 23 83 92 43 40 55 56 10 23 40 70 37 7 63 99 27 33 77 46 38 56 17 23 22 69 36 88 15 59 99 69 88 3 39 47 44 57 1 4 69 76 78 98 7 0 64 31 87 20 48 33 88 89 58 4 50 55 43 77 61 76 12 29 1 44 71 96 36 10 30 64 2 48 62 93 93 78 96 2 12 0 26 64 88 74
run=7 seed=6 k=100 f=0
41 76 90 65 34 84 86 45 2 78 37 23 98 78 70 38 74 95 24 46 12 90 40 43 18 35 12 28 0 75 56 51 61 79 17 32 56 53 16 9 85 63 39 20 79 77 59 49 67 83 49 72 4 87 70 93 77 34 73 9 42 98 58 11 99 74 98 71 82 95 18 84 99 1 26 9 29 23 0 31 4 99 64 88 21 16 52 57 35 46 87 28 6 0 31 5 29 91 13 5 68 47 98 13 92 50 51 11 3 19 57 79 37 36 59 30 61 62 42 39
run=8 seed=7 k=100 f=0
34 65 16 71 25 90 16 20 0 53 16 23 98 44 0 17 67 44 57 99 43 3 35 4 47 81 61 13 57 30 35 34 28 51 79 52 4 69 79 84 97 21 30 80 99 17 0 18 46 0 13 1 29 0 5 46 40 66 68 82 38 91 29 60 62 35 86 65 81 91 75 97 90 53 12 61 27 21 89 12 74 50 63 85 28 74 99 46 27 93 41 0 87 74 8 94 88 72 63 55 87 12 4 58 48 60 63 53 53 52 58 98 9 81 28 10 21 39 95 75
run=9 seed=8 k=100 f=0
86 62 1 42 26 86 14 99 7 98 36 53 96 82 55 94 31 94 44 97 13 49 68 59 40 41 34 40 55 18 91 21 80 44 0 29 93 0 17 7 0 90 34 72 59 25 58 52 11 68 65 66 99 64 21 39 99 16 28 79 89 9 69 83 26 15 98 28 57 94 76 61 20 43 59 51 63 49 45 24 72 6 31 10 67 70 1 84 36 7 32 86 88 48 19 53 46 36 77 99 14 71 15 81 75 74 78 23 27 75 0 48 77 8 0 81 50 69 35 24
run=10 seed=9 k=100 f=0
15 47 57 7 99 13 15 74 42 47 56 58 19 21 42 29 7 46 46 14 21 90 31 25 20 99 16 63 49 87 40 61 83 53 58 13 77 97 26 1 0 51 20 65 94 10 20 3 91 82 55 33 51 16 1 86 67 68 32 80 66 53 98 89 45 22 98 0 99 99 39 86 0 99 73 90 78 45 70 11 74 7 57 10 41 33 24 62 65 16 53 85 94 8 41 63 79 43 2 39 37 97 65 34 93 24 82 64 34 29 0 51 32 70 69 83 59 35 25 93
run=11 seed=10 k=100 f=0
56 80 30 25 81 58 75 40 47 38 11 99 28 21 42 45 71 39 0 91 71 14 55 80 62 27 0 23 64 63 48 86 0 93 70 6 68 32 64 13 40 77 13 66 54 85 85 38 43 51 73 88 12 38 22 2 95 35 55 94 20 73 17 78 53 80 24 23 99 35 65 2 34 49 2 15 90 93 44 56 29 7 29 46 20 73 89 17 13 57 99 0 10 48 11 85 31 76 52 9 22 28 92 60 28 77 99 96 52 83 36 24 70 9 83 63 98 73 49 5
run=12 seed=11 k=100 f=0
0 37 0 49 0 70 81 82 89 40 18 25 13 33 89 70 82 90 41 0 46 15 17 21 88 16 12 51 75 73 95 24 60 64 74 80 16 99 57 67 41 52 75 20 78 37 68 57 74 98 83 43 31 17 11 0 99 80 75 48 9 20 77 36 92 14 3 62 60 35 22 58 65 97 57 84 49 1 39 67 91 33 40 51 97 28 0 91 20 68 44 28 35 73 6 5 62 87 92 81 57 95 6 51 67 22 53 33 65 24 86 50 24 99 33 7 45 42 66 87
run=13 seed=12 k=100 f=0
92 95 94 8 72 79 98 72 97 4 36 43 77 41 68 5 0 65 91 67 20 47 96 71 38 99 19 16 30 28 8 84 3 2 80 29 57 20 52 29 93 28 32 54 66 97 9 48 63 52 1 5 34 51 47 37 2 11 55 99 71 14 41 11 13 0 36 85 75 51 40 69 7 49 78 12 71 86 90 95 35 62 59 89 0 36 18 43 74 86 22 80 45 22 75 60 80 81 20 27 17 0 69 90 45 41 65 67 99 58 9 85 14 63 53 99 26 99 42 17
run=14 seed=13 k=100 f=0
63 79 39 91 63 22 32 78 12 72 27 58 59 98 50 24 55 48 99 13 97 41 10 46 93 67 55 99 43 1 0 87 81 41 80 12 14 13 99 42 9 20 93 66 15 24 29 4 46 38 18 81 17 30 0 58 0 4 35 36 2 4 73 80 6 48 61 61 64 36 61 84 27 89 99 92 77 28 81 9 57 8 90 72 47 69 88 99 72 23 34 55 25 28 78 20 87 95 2 97 50 68 78 74 91 20 53 82 77 32 1 65 38 66 52 73 9 32 43 14
run=15 seed=14 k=100 f=0
85 4 61 19 44 63 7 24 19 26 67 28 40 5 77 88 66 97 12 42 74 46 59 81 71 0 0 49 63 58 73 98 1 17 28 64 44 90 10 14 86 0 80 23 32 34 17 77 9 76 26 43 41 78 42 48 52 70 29 8 91 17 53 7 33 30 72 42 9 73 35 93 19 54 26 86 86 46 17 28 23 37 4 71 90 62 57 9 83 84 21 99 91 0 80 0 52 83 33 13 93 52 33 99 82 99 36 99 37 16 53 68 39 98 59 60 49 57 69 93
run=16 seed=15 k=100 f=0
91 79 97 31 12 87 74 99 41 59 4 96 45 57 85 99 93 38 89 54 87 0 93 59 76 60 68 76 85 85 45 8 2 0 96 57 39 21 78 10 26 16 69 80 55 62 36 72 14 23 77 95 51 70 53 5 53 23 76 46 43 20 52 8 59 62 22 85 45 97 99 0 67 32 75 2 50 39 99 19 38 61 95 90 67 72 32 50 49 17 97 14 65 68 34 30 11 87 41 29 23 29 35 5 39 52 2 32 16 0 22 93 15 4 11 29 84 44 82 68
run=17 seed=16 k=100 f=0
61 68 59 72 99 7 74 29 90 88 44 38 23 63 98 31 3 20 59 78 17 82 81 94 80 41 46 52 88 84 80 48 7 58 66 5 94 48 20 81 99 86 71 32 89 1 82 57 48 12 55 33 57 41 99 80 0 44 63 97 26 63 44 82 65 16 1 49 36 20 34 73 98 34 65 30 94 12 2 53 9 73 66 0 25 72 75 62 23 51 88 9 65 5 39 89 9 19 91 42 81 54 23 85 99 15 9 0 5 32 54 52 36 28 14 95 91 39 21 71
run=18 seed=17 k=100 f=0
83 54 30 0 42 75 64 41 82 27 93 60 99 48 77 38 65 99 52 23 9 28 57 47 0 51 8 50 99 78 3 17 30 32 10 67 92 92 99 1 40 59 68 22 23 54 50 64 44 10 56 35 84 67 83 1 29 38 34 98 94 79 97 58 55 36 25 89 72 98 76 16 19 23 38 47 56 16 52 5 87 2 47 47 43 87 0 69 91 16 61 0 19 40 60 16 30 73 48 11 94 7 72 32 63 67 77 18 25 91 82 90 27 87 70 99 26 8 78 60
run=19 seed=18 k=100 f=0
90 5 55 22 45 99 21 52 72 72 66 62 22 99 84 65 75 50 0 93 42 88 31 60 58 92 41 0 14 1 7 98 37 1 83 71 25 59 43 16 50 7 87 5 39 79 86 63 10 83 91 56 1 58 71 35 68 6 33 77 45 20 81 15 30 90 6 8 21 13 37 42 19 94 29 39 78 74 84 90 14 76 28 23 0 67 56 30 74 41 51 78 99 97 85 98 81 33 88 19 93 52 34 99 15 60 94 21 98 22 57 58 48 67 31 50 64 10 27 69
run=20 seed=19 k=100 f=0
49 74 48 0 93 19 21 52 90 86 76 80 22 78 11 83 72 99 3 56 48 8 55 30 29 83 39 28 5 90 44 33 74 2 11 89 7 12 99 92 99 87 68 60 51 44 89 50 96 40 15 51 49 25 77 83 53 64 68 94 0 60 69 54 61 40 70 13 0 72 32 34 14 84 21 44 4 49 28 97 99 61 75 45 39 1 64 8 60 91 37 19 47 21 76 85 24 57 94 95 39 68 56 27 11 58 31 58 81 34 93 2 31 61 0 17 7 36 78 65
