run=1 seed=0 k=109 f=0
7 105 17 96 22 23 9 39 88 52 33 76 78 34 108 56 12 0 100 57 95 16 30 105 4 31 0 43 3 83 97 87 98 10 30 26 37 78 51 28 62 80 108 49 42 70 101 103 54 91 22 21 43 5 56 68 14 87 41 64 62 83 29 38 92 14 65 15 23 10 49 106 5 11 73 92 82 34 102 55 35 108 35 99 72 3 82 43 89 65 48 84 16 94 73 66 77 17 81 92 68 46 86 100 13 20 79 59 71 108 0 19 45 51 29 49 22 29 61 42
run=2 seed=1 k=109 f=0
7 105 17 96 22 23 9 39 88 52 33 76 78 34 108 56 12 0 100 57 95 16 30 105 4 31 0 43 3 83 97 87 98 10 30 26 37 78 51 28 62 80 108 49 42 70 101 103 54 91 22 21 43 5 56 68 14 87 41 64 62 83 29 38 92 14 65 15 23 10 49 106 5 11 73 92 82 34 102 55 35 108 35 99 72 3 82 43 89 65 48 84 16 94 73 66 77 17 81 92 68 46 86 100 13 20 79 59 71 108 0 19 45 51 29 49 22 29 61 42
run=3 seed=2 k=109 f=0
45 26 36 79 11 40 55 64 99 37 88 100 39 26 0 94 68 46 25 53 0 36 25 45 87 35 22 13 63 108 105 85 107 5 59 64 62 74 94 79 39 69 29 100 108 6 64 48 108 1 90 73 87 41 108 10 91 26 10 77 52 8 36 19 103 69 81 43 77 98 97 92 42 15 59 33 28 32 44 73 50 17 79 84 62 94 12 60 20 93 51 22 64 21 56 39 55 73 39 1 78 31 16 21 32 71 95 58 7 7 108 77 20 68 68 101 78 52 4 49
run=4 seed=3 k=109 f=0
92 19 63 34 20 68 72 108 56 104 42 28 108 70 0 46 17 41 11 81 7 67 96 14 21 31 77 53 60 65 25 86 9 27 28 77 60 76 48 100 43 93 92 54 61 74 85 48 105 97 7 46 63 103 101 84 43 23 15 4 10 98 90 5 19 24 3 53 108 51 57 16 49 51 71 2 32 27 30 71 34 53 97 65 60 83 88 90 88 108 35 0 59 75 90 35 84 1 56 1 81 85 0 38 69 41 13 38 21 54 99 30 14 107 37 74 80 10 64 98
run=5 seed=4 k=109 f=0
73 53 90 56 26 80 100 73 55 87 58 47 92 5 66 13 51 58 72 7 98 69 18 10 50 42 108 53 67 96 32 0 38 4 79 88 23 44 35 83 89 53 66 34 59 4 7 40 72 81 80 59 63 102 86 106 10 104 75 77 26 5 94 17 26 1 49 68 107 45 36 93 1 16 93 66 51 27 91 84 35 20 62 101 46 57 10 70 14 75 48 81 30 40 97 12 101 33 33 12 91 108 14 99 19 9 107 69 34 23 30 11 25 20 31 84 108 53 42 83
run=6 seed=5 k=109 f=0
16 31 49 6 17 26 51 108 104 108 82 0 95 30 104 93 24 12 106 58 13 4 38 37 29 34 24 57 3 108 53 52 45 19 48 57 23 55 65 38 91 39 86 33 37 53 11 0 87 50 45 72 6 9 46 91 61 76 68 20 17 72 51 1 0 75 96 46 22 69 79 92 108 30 61 92 100 80 32 54 84 75 84 102 46 3 71 14 15 105 66 93 25 84 61 27 100 64 88 68 26 101 68 42 7 7 36 9 86 77 107 80 61 57 11 100 94 36 0 19
run=7 seed=6 k=109 f=0
107 76 55 25 31 45 38 5 65 58 12 0 55 74 101 98 37 108 51 88 2 45 81 70 28 70 103 8 6 36 25 63 2 73 69 108 52 33 22 23 0 104 16 26 15 93 16 37 44 6 53 88 58 43 0 85 0 32 39 72 30 5 24 99 92 95 60 105 54 82 64 81 90 76 79 17 77 47 97 13 24 9 4 42 69 40 20 60 13 12 85 103 64 96 40 83 65 13 105 68 85 63 97 101 47 68 82 14 8 87 29 80 54 92 87 80 50 58 92 104
run=8 seed=7 k=109 f=0
98 79 103 34 5 87 64 17 59 79 90 49 37 42 70 0 92 62 73 0 53 64 45 96 29 14 1 3 94 43 21 108 90 69 101 32 40 27 4 31 50 68 41 21 21 20 32 105 103 25 82 10 43 15 8 76 48 9 99 101 71 11 83 49 54 49 54 86 42 75 98 108 7 76 0 77 63 27 60 82 93 26 16 107 10 47 56 16 73 78 56 33 108 58 43 83 108 63 22 36 59 92 30 85 74 16 82 40 8 68 19 32 6 58 68 84 35 94 36 5
run=9 seed=8 k=109 f=0
6 80 95 81 77 69 70 91 8 33 68 107 82 98 73 73 0 52 87 17 50 96 6 15 47 36 4 23 15 50 67 22 107 33 7 15 13 61 11 100 90 92 3 39 9 61 43 21 21 59 58 92 84 56 18 84 16 42 76 57 7 26 79 72 79 55 22 95 41 98 90 72 68 27 27 47 107 70 59 23 104 65 34 98 31 1 45 33 108 11 91 108 54 86 65 24 25 52 11 77 42 38 48 95 86 48 81 47 108 77 8 105 98 41 1 0 106 45 35 55
run=10 seed=9 k=109 f=0
0 41 13 51 23 107 97 49 85 51 44 10 92 53 8 48 95 33 105 100 107 14 105 0 25 81 108 98 89 76 40 27 62 24 0 98 56 14 35 19 84 66 0 49 36 80 90 22 36 108 99 11 47 74 86 60 45 106 52 4 72 75 51 42 81 33 48 16 79 89 53 43 88 31 9 17 81 24 32 14 58 95 42 103 89 71 61 41 25 67 48 73 84 84 92 64 4 25 35 72 12 64 74 0 9 35 57 97 9 27 21 8 1 61 102 5 18 94 85 108
run=11 seed=10 k=109 f=0
54 91 31 11 63 61 54 106 21 93 26 72 30 81 79 14 95 76 39 17 99 77 1 53 47 29 66 10 12 85 71 107 70 32 10 21 15 53 40 36 103 31 98 40 92 87 11 49 80 9 4 43 63 71 23 71 97 101 39 2 55 61 1 2 1 12 85 21 64 32 69 28 108 59 86 0 96 97 73 106 57 46 106 15 52 20 38 42 18 105 5 80 56 80 103 60 90 45 4 82 81 97 53 0 94 64 75 80 76 17 7 98 33 22 35 86 48 88 22 61
run=12 seed=11 k=109 f=0
56 10 4 45 10 15 94 64 2 102 57 74 75 97 5 84 77 84 35 108 77 24 90 1 11 53 72 30 14 102 46 63 61 8 73 35 13 91 99 106 81 30 74 51 72 50 61 105 86 68 38 42 30 43 108 35 1 95 49 106 105 2 41 24 83 57 75 50 5 62 59 42 45 34 15 82 43 15 87 108 17 103 88 32 69 25 95 54 5 102 84 16 52 88 97 0 107 22 24 97 89 63 5 1 26 21 23 68 91 62 39 19 25 23 20 94 38 47 56 34
run=13 seed=12 k=109 f=0
19 48 95 99 101 105 54 26 46 64 2 55 63 49 46 66 59 99 48 22 30 100 10 55 58 69 26 105 93 10 40 89 79 85 70 72 34 41 8 70 88 96 0 49 77 108 39 79 0 89 79 17 30 82 31 95 0 90 51 4 38 108 2 13 17 10 86 41 77 1 24 47 9 99 108 106 69 39 69 95 17 37 88 54 11 4 79 72 71 5 14 93 27 95 14 63 15 64 107 58 9 85 102 18 43 57 29 20 48 23 108 100 30 63 28 59 45 76 26 65
run=14 seed=13 k=109 f=0
66 28 87 0 52 92 77 18 31 34 63 40 71 59 42 2 53 60 35 108 101 13 20 51 107 43 76 14 1 66 71 57 89 67 1 51 74 38 9 6 108 95 47 71 71 48 10 54 1 22 45 9 34 105 80 103 79 105 7 79 82 95 12 29 53 23 18 12 71 36 74 87 66 82 13 14 6 98 31 24 44 22 66 96 49 60 107 17 33 5 32 25 101 25 62 86 30 58 91 15 9 18 83 95 77 54 52 2 9 101 39 68 45 89 47 86 89 0 64 23
run=15 seed=14 k=109 f=0
73 95 57 81 55 68 17 94 75 62 78 108 68 64 11 46 44 96 38 60 17 5 35 24 104 81 0 1 24 49 73 74 96 74 92 55 17 27 64 42 29 67 48 90 15 90 26 37 6 64 106 78 101 29 38 103 9 81 25 25 14 82 19 106 85 83 1 54 52 98 87 99 73 56 0 45 22 8 94 41 99 108 48 58 34 32 23 63 34 9 105 102 21 10 67 9 39 49 60 3 79 0 54 37 1 26 97 60 34 18 43 30 9 90 93 87 31 18 0 86
run=16 seed=15 k=109 f=0
100 23 16 39 6 42 16 52 22 82 106 96 31 41 41 78 45 29 30 58 34 62 51 0 17 91 76 65 67 57 83 15 94 3 99 43 47 101 92 77 33 22 85 49 66 18 66 68 36 0 96 5 102 38 69 108 74 7 70 86 52 55 101 38 10 32 45 26 97 17 108 0 70 85 78 91 1 48 80 73 105 0 95 60 6 107 12 66 101 63 60 42 22 9 96 75 106 27 36 60 83 105 25 60 29 54 85 57 28 6 88 75 81 87 39 46 20 19 64 55
run=17 seed=16 k=109 f=0
15 77 93 38 70 55 25 40 99 92 49 39 75 88 8 92 43 14 9 5 24 68 68 67 2 65 28 47 62 102 97 0 86 95 30 60 78 86 102 24 18 74 47 65 40 105 42 89 28 51 78 100 9 51 108 0 88 64 57 18 85 29 26 58 21 73 16 73 34 10 1 7 102 33 74 20 35 49 15 57 81 108 20 28 90 95 20 0 73 82 41 73 21 61 54 64 69 70 43 101 97 48 55 93 81 99 53 62 55 0 99 85 46 93 101 43 34 7 63 108
run=18 seed=17 k=109 f=0
72 41 104 64 5 108 0 65 70 92 43 1 87 30 103 91 99 0 73 26 102 64 77 11 5 45 96 26 71 73 14 0 62 103 24 77 96 51 93 9 23 108 72 95 57 79 89 88 32 54 50 21 7 98 40 29 55 46 94 14 18 37 17 12 79 6 61 65 51 41 27 108 92 55 65 79 77 29 60 49 33 18 45 59 74 36 108 0 82 21 18 4 2 52 81 34 59 62 102 17 86 86 85 71 17 40 52 99 85 37 84 48 59 105 102 9 80 22 42 92
run=19 seed=18 k=109 f=0
74 47 24 24 40 105 0 23 67 17 15 105 17 18 48 95 108 101 6 28 9 65 22 1 87 50 82 99 28 93 9 35 68 33 77 85 83 71 79 34 47 50 85 80 45 54 76 88 0 30 64 106 77 68 15 57 100 92 42 22 57 12 49 5 1 18 11 72 0 57 22 65 11 25 91 12 39 73 61 30 57 20 0 63 107 103 68 12 44 60 7 55 60 57 0 96 36 19 60 96 27 40 71 97 89 0 56 27 40 84 76 97 9 102 32 83 40 47 91 97
run=20 seed=19 k=109 f=0
75 98 93 68 65 46 3 62 99 107 16 108 23 102 54 74 96 1 33 53 39 49 79 43 39 105 106 91 91 29 7 24 32 54 99 83 20 72 27 62 52 70 39 104 100 48 83 90 89 57 0 21 16 43 88 32 52 8 95 29 8 91 26 23 100 0 44 20 86 19 67 97 41 79 32 79 62 98 63 60 59 106 81 80 30 69 75 85 34 63 104 46 3 57 48 108 38 1 99 15 90 70 70 26 74 44 72 17 58 82 0 41 108 11 11 11 48 9 3 29
