run=1 seed=0 k=98 f=0
37 17 10 88 83 0 97 35 97 21 60 41 22 50 62 69 15 42 22 72 47 78 86 38 97 97 80 28 29 26 72 0 94 68 4 94 66 83 12 52 93 65 19 33 89 10 60 60 22 63 0 75 47 97 59 24 45 76 32 10 8 27 18 3 76 44 40 1 90 46 53 90 72 32 88 26 93 14 82 54 38 15 69 28 21 45 33 66 8 25 84 0 12 78 35 97 9 83 88 52 31 58 40 0 41 0 21 85 73 57 9 64 11 55 48 55 79 49 76 84
run=2 seed=1 k=98 f=0
37 17 10 88 83 0 97 35 97 21 60 41 22 50 62 69 15 42 22 72 47 78 86 38 97 97 80 28 29 26 72 0 94 68 4 94 66 83 12 52 93 65 19 33 89 10 60 60 22 63 0 75 47 97 59 24 45 76 32 10 8 27 18 3 76 44 40 1 90 46 53 90 72 32 88 26 93 14 82 54 38 15 69 28 21 45 33 66 8 25 84 0 12 78 35 97 9 83 88 52 31 58 40 0 41 0 21 85 73 57 9 64 11 55 48 55 79 49 76 84
run=3 seed=2 k=98 f=0
59 34 55 39 76 41 23 80 26 68 65 23 0 52 96 9 69 62 27 52 80 48 51 71 46 9 3 20 0 81 15 18 26 36 64 67 91 91 7 7 45 32 13 6 93 67 84 94 80 51 96 32 0 51 47 19 41 76 90 76 88 85 64 82 29 56 59 62 0 22 75 51 97 37 20 23 70 90 10 61 59 97 79 1 39 16 42 31 47 94 54 97 80 12 35 57 26 14 9 28 2 39 86 60 74 43 10 86 12 37 25 37 1 57 0 70 29 69 84 77
run=4 seed=3 k=98 f=0
97 24 84 40 96 39 62 68 76 88 73 6 71 43 12 9 91 42 64 21 67 51 62 60 15 56 17 33 14 26 63 78 27 3 24 42 20 24 95 46 33 5 87 97 26 85 17 16 14 35 0 35 47 35 51 8 44 56 96 1 84 59 25 11 43 54 88 46 29 68 97 67 63 38 70 83 0 51 47 81 90 16 84 77 38 0 0 8 52 29 92 14 42 75 82 59 96 28 2 71 52 92 83 76 0 4 9 93 88 5 85 1 63 76 35 58 20 33 71 75
run=5 seed=4 k=98 f=0
63 72 32 85 91 69 32 39 34 0 77 55 16 66 95 10 70 38 73 35 60 40 62 24 82 29 97 41 37 70 11 96 34 74 33 0 25 21 65 86 53 14 83 10 1 68 70 77 36 78 4 97 6 65 61 49 5 50 69 30 22 66 22 1 90 96 58 57 88 48 12 77 63 59 97 57 27 10 47 53 52 80 15 45 7 78 87 40 85 18 2 54 70 17 93 28 75 15 71 89 23 97 84 45 97 9 0 85 58 59 20 58 0 32 43 28 51 6 42 91
run=6 seed=5 k=98 f=0
93 5 29 5 60 96 61 7 48 81 81 24 44 72 0 79 10 3 70 34 89 45 11 66 41 58 27 73 1 93 95 27 18 55 30 67 58 78 92 31 51 65 14 66 33 69 38 3 0 79 42 13 30 12 23 31 47 80 8 52 51 87 36 93 71 57 26 2 73 58 36 13 97 97 44 22 84 36 49 77 0 39 23 64 97 53 18 13 52 85 88 0 63 65 17 29 63 40 83 42 95 75 21 88 60 49 78 14 20 37 17 25 70 80 97 56 70 46 83 48
run=7 seed=6 k=98 f=0
18 5 14 25 28 88 46 68 64 93 29 23 93 96 24 17 9 45 97 15 43 88 87 0 27 92 36 1 66 64 42 51 80 12 16 30 75 31 47 87 20 58 0 5 59 40 37 78 47 72 6 17 0 75 76 40 45 51 82 72 38 0 12 85 84 18 57 45 0 13 52 6 81 31 63 67 51 44 96 54 34 8 97 97 73 10 17 73 89 34 68 37 36 53 11 21 29 97 25 61 1 64 51 57 6 44 27 3 51 78 64 52 27 86 83 24 25 57 90 2
run=8 seed=7 k=98 f=0
60 96 91 85 97 82 10 96 18 76 34 48 64 13 47 78 17 24 60 76 65 30 38 0 43 33 8 32 1 60 86 9 10 87 49 20 71 16 71 18 44 24 38 65 18 37 79 2 26 90 23 40 0 32 76 49 82 88 46 54 55 67 27 97 27 91 96 10 1 49 70 3 40 53 47 14 32 16 97 93 40 91 42 62 85 26 80 33 69 58 79 8 56 25 89 51 77 12 83 10 0 84 95 63 58 96 61 56 95 68 16 33 69 70 34 54 8 0 69 51
run=9 seed=8 k=98 f=0
89 76 38 67 58 68 32 40 15 45 48 19 40 11 15 6 25 62 38 89 96 25 45 58 14 15 78 77 82 89 57 53 0 94 66 61 11 27 2 31 20 0 46 0 65 73 67 23 46 97 40 2 80 76 10 77 94 64 39 32 8 49 95 75 55 48 89 23 70 25 0 39 33 83 40 9 91 34 78 75 86 31 32 19 59 24 68 13 44 86 49 33 94 82 75 66 31 55 17 55 24 2 71 89 23 55 26 57 6 4 11 72 4 49 93 18 52 85 45 48
run=10 seed=9 k=98 f=0
28 72 16 5 70 84 81 32 92 6 48 2 97 54 0 96 41 92 60 33 88 44 21 84 81 9 39 40 35 93 21 14 33 79 17 57 53 4 88 84 0 40 44 32 39 44 38 76 89 18 12 69 27 52 24 58 83 17 58 10 97 64 21 70 72 67 94 26 78 61 33 95 80 61 61 25 96 53 97 24 30 1 27 54 21 69 49 75 0 84 9 64 51 72 90 15 65 36 42 51 8 21 95 67 0 65 27 0 21 75 8 50 13 30 50 66 0 97 92 46
run=11 seed=10 k=98 f=0
4 77 95 48 88 24 13 10 33 63 23 58 58 19 74 45 61 79 36 88 55 26 31 78 85 97 9 81 97 20 75 83 15 3 0 66 45 65 39 97 53 41 92 12 58 84 58 0 17 86 29 84 42 96 44 58 50 65 33 6 9 71 52 54 72 82 53 31 2 0 36 12 50 0 23 27 50 94 78 5 19 62 92 16 12 27 0 69 75 32 37 50 50 51 94 83 87 73 62 37 76 37 3 29 63 23 0 42 62 12 97 20 69 39 22 71 70 30 8 46
run=12 seed=11 k=98 f=0
6 74 12 18 36 49 57 67 25 91 15 52 10 96 29 81 71 91 0 62 38 11 39 40 14 49 32 76 71 69 85 67 0 30 24 24 22 14 21 96 23 7 40 64 93 35 77 69 89 63 5 25 80 74 76 3 57 71 53 59 97 36 16 0 58 79 84 72 88 78 55 82 42 61 19 41 92 54 24 22 46 30 57 84 79 87 33 97 10 27 47 47 65 45 28 7 14 14 48 22 86 67 57 2 33 57 51 88 47 39 0 10 34 89 3 97 10 96 16 2
run=13 seed=12 k=98 f=0
58 48 18 3 91 23 7 61 56 49 78 17 53 2 18 97 46 82 17 3 21 82 58 39 13 20 97 85 50 18 85 59 44 97 64 6 35 54 48 11 63 86 16 75 67 24 53 12 54 38 10 72 0 25 42 4 0 2 29 54 67 75 40 31 27 92 44 86 43 47 75 90 27 73 10 96 37 29 14 8 36 8 47 1 65 93 88 87 16 94 64 37 27 5 23 86 25 80 37 63 81 43 34 97 56 97 30 30 77 74 94 17 82 55 32 73 60 71 50 66
run=14 seed=13 k=98 f=0
77 97 12 9 62 8 28 93 72 17 87 68 42 76 71 19 7 42 46 96 55 41 15 17 65 53 65 28 17 34 59 82 62 66 0 10 12 0 21 0 83 75 15 53 37 23 5 22 77 62 48 63 16 29 32 85 53 33 47 75 0 29 31 23 39 47 47 1 14 91 85 60 27 55 94 21 76 74 0 27 5 91 58 49 25 95 36 1 82 81 82 7 7 42 11 76 97 91 94 38 13 83 39 45 62 48 56 1 56 30 34 64 97 25 51 66 71 57 39 1
run=15 seed=14 k=98 f=0
56 93 70 91 46 16 86 26 96 89 90 75 61 92 46 67 47 4 21 70 78 18 53 19 80 97 34 82 49 0 73 0 3 11 4 49 66 93 63 36 80 84 73 24 91 15 89 62 0 30 25 58 21 38 43 86 64 95 60 58 39 13 20 54 81 0 38 33 43 74 61 45 10 28 79 17 50 10 34 69 30 95 72 20 8 87 69 43 72 15 77 50 33 97 42 0 7 84 17 79 12 24 64 56 16 19 28 9 65 36 25 57 40 56 4 52 88 35 74 83
run=16 seed=15 k=98 f=0
92 31 89 97 97 48 5 31 79 64 84 59 58 50 82 82 33 95 6 19 64 55 67 85 74 55 0 53 24 65 61 14 0 22 17 71 35 86 2 7 91 48 37 28 66 76 24 71 97 25 31 89 66 34 67 14 69 26 75 38 40 48 91 45 44 39 55 27 97 39 81 84 15 15 4 81 60 21 28 29 23 89 97 11 8 69 89 48 77 18 97 92 47 2 92 59 11 0 67 2 43 22 42 48 52 43 38 0 15 84 39 65 24 78 11 0 74 76 60 69
run=17 seed=16 k=98 f=0
11 71 93 47 17 60 93 34 15 51 4 77 0 97 41 13 74 67 43 53 93 49 63 38 63 25 85 72 88 94 13 59 16 1 66 28 4 87 66 28 65 9 49 6 53 69 27 47 18 45 55 75 96 97 97 71 50 60 43 88 62 1 77 16 77 94 19 73 82 16 80 45 0 50 55 37 20 76 69 30 75 0 38 40 33 88 9 8 35 84 97 26 53 96 37 58 30 37 63 31 30 56 39 87 88 81 63 24 26 4 16 84 2 0 20 23 34 10 88 48
run=18 seed=17 k=98 f=0
23 4 67 38 27 14 89 88 21 87 50 68 28 83 40 82 1 41 61 8 44 64 18 13 57 65 88 10 1 54 71 22 74 8 70 14 54 97 30 93 61 15 61 21 9 34 58 29 97 74 97 23 86 35 70 39 7 16 58 94 58 36 59 81 76 83 11 72 30 71 92 42 37 47 18 47 5 22 73 95 52 90 71 24 84 1 48 79 51 55 86 38 59 2 20 0 49 8 35 52 97 78 38 24 19 63 37 50 6 10 97 9 92 29 48 0 30 46 78 92
run=19 seed=18 k=98 f=0
54 63 82 71 89 75 80 31 85 1 87 0 3 10 26 5 88 23 14 36 19 90 61 89 66 41 63 75 69 0 50 81 12 38 76 38 18 68 6 66 83 64 85 90 44 32 72 3 58 15 97 88 67 38 10 59 48 80 1 52 48 25 23 53 79 49 0 34 44 31 73 8 81 44 32 8 25 18 76 67 71 96 13 0 27 59 6 9 33 61 97 60 84 85 76 94 28 94 42 34 0 72 2 25 50 91 97 38 43 76 10 64 94 54 97 55 97 18 23 20
run=20 seed=19 k=98 f=0
9 3 51 34 59 49 41 8 70 76 17 70 21 35 39 54 62 95 95 83 97 31 89 42 62 0 72 26 90 62 77 12 71 30 74 60 91 83 77 64 54 90 14 64 72 49 81 97 43 53 97 69 28 40 57 1 51 79 25 23 89 87 80 46 97 21 14 5 45 9 22 1 11 33 36 31 38 27 6 50 80 0 87 66 58 96 80 1 32 86 57 0 3 97 32 51 45 19 60 76 26 36 7 97 33 85 96 32 79 16 74 89 12 20 46 67 72 39 19 25
