run=1 seed=0 k=89 f=0
4 21 42 0 9 9 80 74 50 64 65 60 41 88 52 28 33 72 37 49 59 69 22 70 87 0 54 88 13 12 69 81 16 4 23 35 47 65 44 35 5 32 37 29 20 10 65 70 88 42 40 32 16 71 48 58 62 67 88 8 51 42 80 86 84 86 71 73 8 24 79 18 7 79 24 41 0 88 24 58 46 0 22 13 75 0 66 33 45 10 25 30 82 30 0 54 27 27 3 78 88 81 48 74 1 74 57 31 81 81 39 4 41 63 54 17 58 22 53 21
run=2 seed=1 k=89 f=0
4 21 42 0 9 9 80 74 50 64 65 60 41 88 52 28 33 72 37 49 59 69 22 70 87 0 54 88 13 12 69 81 16 4 23 35 47 65 44 35 5 32 37 29 20 10 65 70 88 42 40 32 16 71 48 58 62 67 88 8 51 42 80 86 84 86 71 73 8 24 79 18 7 79 24 41 0 88 24 58 46 0 22 13 75 0 66 33 45 10 25 30 82 30 0 54 27 27 3 78 88 81 48 74 1 74 57 31 81 81 39 4 41 63 54 17 58 22 53 21
run=3 seed=2 k=89 f=0
55 37 3 54 5 88 18 11 37 72 25 43 69 29 44 75 35 82 31 34 62 28 2 28 35 0 74 14 77 88 6 51 21 32 46 3 87 50 77 63 46 0 17 36 0 1 47 60 80 10 21 87 61 13 6 24 67 76 80 67 51 83 12 66 65 69 52 48 8 36 75 23 19 51 44 27 77 15 16 79 21 39 47 58 70 35 88 62 63 55 9 86 57 5 17 0 67 30 4 12 81 13 84 70 53 29 24 81 9 16 45 55 0 0 58 88 26 41 58 40
run=4 seed=3 k=89 f=0
79 48 14 0 81 78 71 67 62 35 71 4 66 6 85 27 0 82 43 13 85 9 49 24 1 9 58 16 82 42 19 57 35 2 62 64 62 45 26 47 67 50 13 71 88 12 27 54 43 34 88 12 59 35 30 38 24 27 31 77 16 39 83 21 54 22 22 12 40 72 74 87 25 0 51 88 87 8 62 48 17 68 31 61 0 75 88 81 61 40 55 80 3 22 69 36 48 70 50 7 0 31 30 80 46 7 88 71 34 75 22 1 13 15 51 77 67 88 7 56
run=5 seed=4 k=89 f=0
88 32 76 69 83 75 82 81 64 75 73 82 62 33 17 0 8 41 13 55 62 21 32 29 8 27 2 6 56 41 47 88 81 58 1 10 31 2 17 53 24 68 11 87 35 12 28 31 58 0 62 64 36 51 32 46 60 0 81 70 66 27 42 72 40 55 72 86 46 12 79 64 45 69 17 18 39 56 0 6 75 30 8 23 36 37 88 77 12 63 46 88 73 48 57 50 15 20 48 24 23 39 70 74 28 24 40 86 50 83 14 26 18 88 18 7 52 67 40 0
run=6 seed=5 k=89 f=0
66 4 37 88 65 66 84 31 0 16 7 18 62 69 10 37 40 5 88 68 54 64 37 0 30 22 61 48 39 70 51 10 19 51 14 25 28 20 80 2 44 60 37 14 57 87 77 39 9 88 33 2 0 73 84 57 40 77 88 0 79 70 50 29 43 75 33 9 44 8 15 39 33 50 65 82 4 81 16 54 20 29 88 72 35 33 48 26 20 75 42 60 70 88 80 0 4 62 48 46 5 52 84 71 25 57 8 17 50 14 77 62 27 18 45 0 56 11 50 27
run=7 seed=6 k=89 f=0
54 44 79 88 55 58 62 47 31 81 17 12 17 4 8 35 9 22 73 51 66 56 27 11 7 0 30 40 74 20 41 80 48 31 29 4 2 88 11 25 60 60 41 15 27 87 88 66 20 37 48 86 79 88 5 78 38 35 32 19 88 85 88 74 24 39 22 62 9 55 15 45 70 72 59 69 50 2 41 68 48 1 4 53 74 58 28 40 49 85 80 61 88 73 41 80 14 62 2 28 8 31 24 53 2 66 9 13 70 66 87 2 22 79 51 24 47 69 15 55
run=8 seed=7 k=89 f=0
72 82 55 48 82 20 81 88 27 50 60 7 68 87 54 25 79 41 16 85 43 73 24 28 40 19 81 30 76 72 13 9 45 25 4 15 64 54 9 38 23 78 15 34 49 15 45 50 43 88 56 44 0 38 83 4 29 25 32 0 67 59 13 72 47 41 30 69 0 13 49 83 26 88 60 20 78 40 14 7 88 57 88 1 51 77 35 63 66 29 0 38 84 21 79 77 37 74 1 67 71 32 69 54 70 10 21 71 88 48 22 54 61 4 12 66 8 64 47 2
run=9 seed=8 k=89 f=0
14 61 35 69 71 70 61 17 11 72 51 51 0 47 40 85 27 63 44 33 41 7 29 88 48 81 53 52 75 43 88 55 21 77 87 78 7 8 26 88 13 80 86 81 76 74 65 24 42 0 25 9 57 10 31 60 20 30 24 67 34 2 53 40 37 2 50 58 15 18 21 37 88 47 49 48 16 6 60 64 30 1 44 55 88 81 11 34 20 17 57 1 11 82 20 67 63 18 34 51 62 26 37 66 9 63 85 83 0 6 74 75 33 81 11 67 72 46 37 55
run=10 seed=9 k=89 f=0
16 54 36 57 16 46 53 77 15 48 26 27 88 48 47 4 8 15 45 57 83 41 36 0 55 88 31 27 15 41 82 31 66 36 27 10 1 69 10 55 66 8 4 23 85 72 47 38 19 33 75 64 58 79 82 29 53 33 0 74 67 18 51 53 52 2 28 29 49 8 24 88 81 81 74 41 57 50 36 75 60 69 72 61 75 11 0 17 82 64 22 44 58 9 66 88 2 40 21 10 36 61 37 49 66 40 75 61 24 26 14 69 81 87 38 21 43 20 88 56
run=11 seed=10 k=89 f=0
61 10 14 66 64 87 6 19 11 71 33 68 88 30 38 55 8 83 22 74 20 36 80 53 65 65 2 23 64 44 21 0 0 3 5 61 85 63 70 75 58 59 12 72 41 19 54 79 38 16 11 46 88 47 49 56 77 45 51 88 46 27 60 23 80 40 77 8 82 88 71 12 79 32 32 38 7 73 5 16 70 13 23 39 42 66 0 24 24 42 9 57 29 35 76 88 83 53 33 33 33 3 50 26 14 51 88 2 79 74 65 49 68 35 18 28 56 29 88 1
run=12 seed=11 k=89 f=0
78 3 10 29 6 26 88 32 84 38 58 61 0 72 29 72 38 74 50 17 52 21 5 66 66 0 50 88 6 20 13 83 54 21 88 36 33 40 0 46 34 34 53 63 29 6 44 36 76 9 0 65 67 14 5 48 75 70 68 42 45 88 65 31 73 17 75 18 8 40 81 24 27 16 59 55 1 10 88 46 60 0 57 66 77 38 18 88 31 49 83 46 74 54 78 12 63 85 8 81 67 13 83 53 38 60 22 9 57 23 28 40 74 77 6 43 88 87 24 56
run=13 seed=12 k=89 f=0
37 84 48 46 83 54 31 8 12 25 12 55 48 57 70 66 28 6 19 51 6 16 52 54 31 88 66 6 72 88 35 46 0 72 43 26 45 81 38 16 0 0 15 32 0 32 36 0 71 19 80 48 62 27 24 67 52 60 31 76 47 50 35 41 29 41 64 11 59 37 34 88 10 8 54 67 8 74 41 63 37 77 22 61 22 24 0 15 17 68 85 0 11 68 85 88 22 80 81 88 60 3 45 39 78 79 77 85 8 13 69 20 76 29 40 88 77 48 11 84
run=14 seed=13 k=89 f=0
34 35 51 2 4 55 30 13 7 20 53 20 15 68 79 76 64 82 20 7 18 56 35 30 52 17 57 44 18 20 85 48 63 49 33 70 12 20 59 0 12 80 40 26 37 72 0 15 80 0 75 2 39 67 8 70 42 25 71 0 10 88 85 32 30 45 47 61 88 65 25 65 48 88 55 15 87 82 33 71 10 27 77 67 62 38 88 45 56 45 50 78 6 79 15 2 50 58 11 63 87 42 25 30 23 56 80 24 88 6 42 40 34 37 27 0 73 88 58 35
run=15 seed=14 k=89 f=0
83 7 30 10 59 36 37 50 72 41 83 38 88 53 50 63 43 65 77 14 49 80 26 81 2 10 31 70 25 47 62 41 76 87 24 31 7 13 0 63 5 55 28 73 54 44 49 54 67 0 18 69 26 69 4 63 47 28 74 46 17 87 81 52 68 45 78 13 26 0 73 55 88 14 81 81 0 56 63 19 19 9 18 40 3 1 59 65 4 20 36 57 60 33 26 20 38 78 27 82 0 22 86 50 44 18 12 25 88 72 35 15 9 74 74 88 34 78 32 0
run=16 seed=15 k=89 f=0
6 85 24 15 81 30 88 16 72 63 41 61 0 51 80 63 27 50 23 71 0 13 8 88 34 88 23 34 31 48 5 38 55 57 42 29 76 42 0 21 41 6 24 74 8 85 49 0 35 79 80 44 55 15 83 8 67 45 81 18 20 80 12 14 49 51 78 71 20 69 7 52 70 29 63 27 19 7 62 73 75 88 79 34 31 14 44 59 65 38 64 88 40 26 88 76 65 3 22 64 0 41 16 12 10 70 8 23 34 73 54 61 88 0 0 47 0 68 57 84
run=17 seed=16 k=89 f=0
19 57 48 12 73 28 54 21 87 78 88 69 39 51 88 32 55 40 88 18 75 85 61 1 72 72 77 71 2 21 16 44 25 33 48 5 32 88 82 2 7 81 76 18 80 45 41 40 22 63 58 34 88 58 67 48 38 56 8 16 30 0 62 25 12 2 78 38 52 65 17 85 79 65 9 29 82 52 61 71 21 67 12 51 36 15 46 30 44 82 79 43 5 26 47 2 68 13 65 55 5 52 43 38 70 49 12 78 85 33 27 8 69 38 62 0 0 59 14 62
run=18 seed=17 k=89 f=0
40 84 33 58 28 67 78 19 46 86 48 36 55 85 46 13 39 24 88 16 28 42 11 49 57 0 10 0 7 87 55 52 24 52 56 3 52 88 28 69 44 34 34 15 74 61 4 23 22 47 35 31 88 45 43 2 81 5 88 47 65 66 76 60 61 32 23 33 76 27 16 27 56 32 79 10 51 70 57 38 61 21 9 72 66 14 30 0 1 69 79 81 66 7 0 0 64 12 51 77 5 79 26 73 38 18 66 55 18 17 7 37 83 78 20 0 9 10 70 47
run=19 seed=18 k=89 f=0
29 7 41 9 31 60 66 18 23 87 41 87 43 3 56 17 9 56 6 30 74 83 62 20 80 44 28 70 24 79 37 35 84 47 39 41 78 81 64 20 15 88 38 9 88 36 87 15 25 34 70 48 71 70 72 88 13 64 10 31 51 52 81 20 55 43 12 11 59 0 65 45 16 50 0 78 52 59 67 72 45 25 74 12 19 1 80 88 81 28 13 87 26 60 23 25 54 3 2 0 61 68 83 59 79 6 53 6 35 64 50 48 33 45 0 0 88 3 53 74
run=20 seed=19 k=89 f=0
16 74 68 17 0 38 8 50 84 63 54 66 11 60 69 63 72 22 85 34 20 40 17 56 0 88 33 34 87 42 40 49 81 69 46 5 74 57 18 4 24 59 33 12 36 88 52 47 20 37 50 67 0 16 1 24 67 59 71 24 28 80 10 79 76 74 75 69 88 74 15 42 56 47 63 24 63 0 44 21 29 6 17 42 12 30 47 84 18 53 39 26 50 55 45 84 77 11 35 88 54 33 14 81 63 25 32 31 65 31 0 56 3 8 13 79 8 9 38 2
