run=1 seed=0 k=94 f=0
65 81 67 19 18 59 16 84 44 90 79 18 39 38 8 22 86 79 81 16 73 3 65 0 0 49 78 18 82 28 64 93 60 64 41 45 3 28 35 84 13 86 43 19 42 45 60 81 10 0 92 90 40 56 90 13 68 93 26 59 62 68 89 56 49 0 41 77 62 8 33 38 93 32 70 77 48 86 7 14 12 47 70 10 53 22 24 63 28 7 70 0 88 10 32 21 55 54 66 36 27 28 21 76 68 54 77 33 71 30 41 6 23 43 50 34 16 73 0 0
run=2 seed=1 k=94 f=0
65 81 67 19 18 59 16 84 44 90 79 18 39 38 8 22 86 79 81 16 73 3 65 0 0 49 78 18 82 28 64 93 60 64 41 45 3 28 35 84 13 86 43 19 42 45 60 81 10 0 92 90 40 56 90 13 68 93 26 59 62 68 89 56 49 0 41 77 62 8 33 38 93 32 70 77 48 86 7 14 12 47 70 10 53 22 24 63 28 7 70 0 88 10 32 21 55 54 66 36 27 28 21 76 68 54 77 33 71 30 41 6 23 43 50 34 16 73 0 0
run=3 seed=2 k=94 f=0
64 31 67 28 87 75 39 55 59 81 65 25 1 71 55 59 45 38 42 90 0 68 21 11 46 66 0 43 88 93 80 8 85 90 35 42 48 31 18 11 20 15 61 82 79 91 42 12 36 75 39 31 0 50 14 66 63 76 46 87 18 13 43 5 39 21 64 66 37 75 51 2 9 29 26 3 52 58 55 47 93 29 33 70 22 18 93 67 21 55 38 9 66 56 24 82 62 82 3 93 21 72 32 58 30 24 9 3 84 12 75 81 87 48 35 83 85 0 72 1
run=4 seed=3 k=94 f=0
91 68 44 93 88 75 16 27 52 0 37 10 87 90 66 76 56 35 0 28 14 34 92 69 17 65 42 82 56 53 47 93 38 61 71 59 44 18 69 17 75 7 52 66 39 56 11 43 32 17 1 41 41 53 84 93 80 4 58 84 79 4 71 72 11 13 93 59 84 29 27 63 49 26 93 18 24 14 72 22 23 65 0 43 0 49 0 82 81 23 77 78 0 50 70 90 35 72 60 57 13 24 13 87 19 30 32 62 20 82 49 18 33 62 31 42 8 1 32 69
run=5 seed=4 k=94 f=0
71 39 38 47 61 15 88 69 47 36 45 0 78 46 13 67 41 76 1 36 93 49 6 38 74 93 11 93 59 1 2 78 31 48 81 58 60 8 1 86 53 17 21 84 14 24 31 0 74 83 66 30 63 53 61 78 90 42 0 6 25 28 67 0 30 93 15 42 62 74 69 12 16 5 54 68 43 60 86 89 33 42 26 89 72 67 7 20 65 13 54 14 46 50 58 80 35 35 22 53 73 80 78 48 56 20 5 56 27 22 23 10 35 92 93 8 32 39 26 69
run=6 seed=5 k=94 f=0
12 26 3 84 5 74 18 51 10 83 86 18 49 28 19 85 23 30 37 50 92 54 27 75 76 0 50 91 45 59 7 45 0 90 49 73 58 58 80 26 36 58 67 18 0 40 50 2 33 57 16 77 68 79 6 27 90 85 38 10 41 31 82 47 11 93 0 22 6 8 83 2 7 8 14 0 43 23 24 12 20 30 52 20 77 33 93 93 91 38 64 32 78 45 55 0 72 79 37 34 63 89 62 49 63 71 84 36 42 88 15 22 64 0 67 68 76 40 12 53
run=7 seed=6 k=94 f=0
18 79 38 93 34 63 1 80 48 70 30 69 54 3 9 43 93 54 55 74 2 33 77 16 93 76 84 28 91 75 61 69 38 73 21 91 33 27 54 78 27 38 46 77 0 46 58 71 14 40 53 66 1 76 0 91 4 61 10 21 60 84 11 83 5 22 45 31 84 35 7 4 49 93 20 64 52 65 58 45 16 27 0 35 21 24 30 7 34 11 71 64 0 39 75 93 18 23 17 8 86 55 36 85 42 89 18 84 0 46 50 67 34 43 12 93 67 15 47 72
run=8 seed=7 k=94 f=0
57 4 43 11 56 55 7 68 2 23 55 21 22 82 63 19 77 5 68 69 26 58 0 57 54 18 0 8 32 93 48 50 52 23 47 73 79 39 16 1 25 62 74 65 44 90 50 43 62 44 63 67 0 4 87 9 23 29 0 30 84 92 67 51 82 26 58 80 42 33 12 37 93 71 68 88 34 47 19 3 83 34 74 62 92 40 27 84 39 59 13 32 78 72 11 46 39 8 21 18 93 47 9 53 8 44 93 81 20 90 78 31 90 76 63 12 35 0 75 72
run=9 seed=8 k=94 f=0
93 47 31 47 5 0 46 49 61 13 35 30 74 41 5 10 34 48 75 26 92 71 17 80 27 0 10 24 27 19 90 32 33 65 29 37 69 56 93 40 65 0 31 18 0 48 57 92 7 55 1 12 43 88 89 36 68 12 43 52 15 89 7 10 12 27 93 38 80 28 83 59 64 26 25 37 82 54 66 42 23 60 54 40 7 87 93 93 36 61 63 75 49 5 63 1 51 86 23 43 43 21 81 77 57 53 66 16 70 18 17 83 70 36 78 51 71 21 14 4
run=10 seed=9 k=94 f=0
81 69 58 72 7 1 78 7 45 69 66 56 86 16 69 48 71 85 93 93 21 82 63 45 0 10 55 4 73 17 32 13 22 93 17 93 73 78 86 62 40 86 14 46 23 1 0 21 46 63 0 56 27 78 67 53 45 14 42 76 3 65 10 22 24 30 66 31 54 63 33 24 17 93 52 70 84 27 7 3 36 62 93 58 29 52 79 80 31 0 39 49 78 51 41 0 66 36 22 37 53 10 83 87 16 45 84 77 8 93 75 59 65 91 90 0 40 41 25 24
run=11 seed=10 k=94 f=0
0 2 5 93 86 57 2 66 20 60 62 85 4 15 41 79 0 61 50 0 39 65 13 37 17 80 11 89 78 53 24 31 57 52 27 13 22 1 22 13 44 45 15 21 1 77 15 92 37 91 65 22 18 68 87 27 4 48 72 93 46 44 67 41 9 11 37 73 8 28 24 69 72 93 9 78 73 19 26 89 22 59 82 76 53 27 55 82 51 69 66 44 80 8 36 93 35 6 10 37 39 52 87 63 83 31 28 0 73 50 17 79 44 2 27 93 31 34 14 58
run=12 seed=11 k=94 f=0
60 5 34 53 44 56 7 9 23 92 37 71 28 12 66 85 0 50 53 84 71 23 35 71 57 68 8 16 65 17 53 40 9 73 4 54 31 64 27 84 60 48 3 8 65 92 0 0 48 77 93 92 9 20 23 46 33 21 29 17 86 76 86 14 80 77 48 48 0 34 42 11 18 2 93 66 28 86 8 59 12 78 93 33 17 51 28 45 32 83 77 48 91 37 6 57 31 62 55 86 71 0 42 37 65 47 60 32 25 21 93 63 14 79 28 59 59 90 89 76
run=13 seed=12 k=94 f=0
87 21 53 25 58 0 21 83 27 36 17 52 39 28 3 28 92 24 85 62 47 57 29 33 16 55 73 77 0 46 63 68 71 12 5 90 66 93 23 46 20 53 50 42 37 93 1 81 83 15 7 37 71 75 61 73 22 29 7 7 63 45 45 85 56 53 63 54 81 57 77 0 29 59 0 32 65 65 73 53 0 14 90 69 26 12 46 0 48 9 82 1 90 24 92 42 51 39 85 18 48 76 41 6 88 55 88 11 80 78 35 93 37 90 63 93 36 32 41 16
run=14 seed=13 k=94 f=0
77 67 20 5 25 22 20 10 81 53 19 84 81 31 69 56 35 58 84 0 25 16 15 48 19 93 57 10 60 39 87 93 38 2 8 37 43 66 27 24 0 61 17 87 10 93 33 48 19 11 78 90 63 49 49 73 40 52 53 73 0 46 63 26 93 57 46 28 44 85 87 59 54 5 71 88 3 72 69 1 3 32 14 40 84 60 45 23 8 5 17 60 91 92 38 75 69 75 38 37 66 7 42 28 35 86 65 34 64 51 9 43 92 93 0 76 80 83 18 75
run=15 seed=14 k=94 f=0
59 44 91 85 74 93 69 60 77 25 55 76 54 26 90 52 8 78 7 5 61 89 61 93 40 48 77 18 64 22 36 16 73 51 35 6 68 22 73 7 53 93 11 2 93 46 62 68 0 93 4 87 64 66 65 36 44 24 47 83 24 20 30 41 44 8 2 72 38 68 71 92 55 82 31 11 84 11 85 64 30 0 24 0 69 0 84 31 52 58 36 93 13 49 63 34 14 14 13 47 86 31 89 39 14 42 12 17 59 72 22 1 54 42 0 78 17 85 57 82
run=16 seed=15 k=94 f=0
79 71 90 91 4 67 84 22 15 89 84 86 83 37 36 35 41 62 26 58 23 81 75 59 0 51 68 48 64 36 75 63 11 89 81 45 43 80 10 61 86 39 28 34 76 52 28 47 25 93 0 3 67 71 46 57 55 71 75 67 12 93 39 72 73 5 71 45 48 9 4 34 58 92 19 30 75 76 7 18 12 87 86 38 93 27 33 45 93 0 2 65 54 8 21 52 57 1 43 13 47 17 29 78 17 22 19 79 28 9 32 88 29 17 54 0 84 0 19 46
run=17 seed=16 k=94 f=0
39 86 14 93 39 63 18 29 0 29 35 21 74 88 0 55 26 93 64 74 67 0 83 83 17 17 0 65 23 24 73 80 44 22 14 13 70 37 67 7 31 59 0 30 25 27 61 84 91 46 66 49 0 73 51 13 89 86 16 33 73 93 9 68 89 93 71 68 93 55 32 60 64 17 83 1 73 8 85 62 8 31 51 60 52 53 55 47 9 40 34 10 14 0 85 44 12 80 89 6 50 51 51 37 2 79 79 25 75 61 25 48 42 39 42 44 8 77 22 2
run=18 seed=17 k=94 f=0
21 20 47 0 70 59 1 46 72 93 58 3 39 13 93 92 24 42 50 12 52 70 73 85 84 57 29 64 26 42 0 82 58 53 43 10 12 22 28 82 92 75 87 0 76 26 29 7 64 73 20 92 15 18 32 79 88 72 44 15 83 41 89 66 93 37 10 61 2 59 0 35 31 49 93 56 67 67 22 76 26 37 25 14 31 17 48 8 61 79 1 75 28 69 5 38 72 90 18 93 0 51 45 40 67 45 20 16 78 34 89 0 50 51 29 63 7 4 8 86
run=19 seed=18 k=94 f=0
62 42 35 16 36 40 56 82 33 34 46 74 66 91 38 32 85 62 0 55 9 51 56 60 66 37 25 80 40 69 65 76 28 12 28 17 90 0 27 0 77 40 88 56 21 54 75 84 60 93 9 23 22 69 32 18 7 18 1 4 30 93 8 44 60 74 0 83 24 0 79 40 0 82 53 83 48 35 32 75 59 16 26 21 64 47 68 92 78 75 9 71 90 16 46 38 32 10 34 6 88 25 2 47 15 71 18 66 42 15 85 45 93 51 55 93 7 50 49 48
run=20 seed=19 k=94 f=0
36 11 56 88 10 93 63 16 45 20 46 22 48 7 93 4 13 35 69 8 64 86 63 8 48 61 16 84 58 34 23 30 31 87 24 57 43 7 31 58 41 0 50 74 56 13 90 19 6 83 70 42 52 49 25 61 85 72 23 15 73 34 10 68 67 29 80 64 54 46 19 0 93 87 0 35 38 54 81 75 77 93 53 78 72 1 29 63 20 90 22 1 40 92 25 59 84 66 4 83 40 80 32 37 92 8 13 0 79 76 37 89 70 0 73 15 44 40 60 48
