run=1 seed=0 k=99 f=0
33 85 46 81 86 9 55 98 93 1 83 96 28 51 95 0 80 55 22 74 44 31 38 36 26 89 44 68 95 11 36 91 17 66 95 75 43 87 13 9 86 27 77 95 98 90 16 84 33 41 74 28 50 36 17 72 3 61 98 40 15 81 65 31 4 0 43 72 8 56 0 54 59 80 98 47 56 68 0 86 70 79 20 47 65 2 24 98 80 71 49 58 56 63 48 26 16 3 93 27 62 20 1 68 33 84 0 29 19 62 17 56 45 29 8 54 7 38 14 22
run=2 seed=1 k=99 f=0
33 85 46 81 86 9 55 98 93 1 83 96 28 51 95 0 80 55 22 74 44 31 38 36 26 89 44 68 95 11 36 91 17 66 95 75 43 87 13 9 86 27 77 95 98 90 16 84 33 41 74 28 50 36 17 72 3 61 98 40 15 81 65 31 4 0 43 72 8 56 0 54 59 80 98 47 56 68 0 86 70 79 20 47 65 2 24 98 80 71 49 58 56 63 48 26 16 3 93 27 62 20 1 68 33 84 0 29 19 62 17 56 45 29 8 54 7 38 14 22
run=3 seed=2 k=99 f=0
96 66 23 71 94 10 72 51 20 65 41 58 0 69 16 89 8 53 0 1 32 6 80 13 82 61 42 56 34 33 20 44 36 21 86 23 20 93 34 81 86 98 5 80 21 52 93 0 32 16 62 12 41 36 44 28 68 64 83 53 84 98 52 35 66 88 52 30 52 22 98 2 49 7 70 6 57 56 18 27 14 76 46 76 70 90 0 79 82 88 73 58 98 14 7 13 97 74 4 66 55 38 51 92 27 28 63 97 94 78 92 58 37 0 73 61 26 84 26 44
run=4 seed=3 k=99 f=0
66 90 95 42 67 92 57 98 36 34 58 33 54 84 74 29 92 83 13 95 52 37 31 71 63 0 26 84 2 58 21 61 36 5 0 70 2 74 64 48 51 43 21 0 1 16 47 71 64 17 35 49 27 23 57 49 55 90 14 86 8 18 82 66 12 16 67 9 2 17 98 25 43 80 36 8 42 0 32 46 98 73 62 30 67 23 77 9 13 11 98 87 62 78 43 47 98 54 34 33 38 96 71 85 78 11 75 1 78 59 24 88 27 89 53 82 50 38 91 43
run=5 seed=4 k=99 f=0
80 80 71 49 97 66 87 55 59 19 70 14 98 89 31 67 76 35 81 8 26 91 78 2 10 58 18 45 66 91 23 13 67 24 58 61 5 73 38 60 82 86 9 57 59 48 44 13 98 20 42 53 8 20 46 87 5 39 97 44 0 98 6 83 80 35 24 1 0 66 52 32 43 76 92 66 25 34 18 43 52 36 97 98 57 22 29 58 73 14 11 88 89 72 88 63 0 70 0 4 29 54 32 86 31 93 93 75 76 48 42 30 50 9 26 75 67 0 45 6
run=6 seed=5 k=99 f=0
88 16 8 72 74 62 98 30 20 60 44 60 40 19 55 92 11 2 85 17 38 47 81 2 66 45 98 97 81 11 33 61 8 23 35 25 43 98 66 24 86 98 14 19 41 15 0 28 0 89 42 72 20 52 70 86 2 73 30 0 98 79 58 82 57 9 25 30 69 81 63 34 71 92 55 89 39 49 54 85 20 11 70 49 0 31 36 20 42 95 64 7 18 18 98 76 5 51 2 54 27 10 73 80 94 2 59 94 35 62 86 1 48 59 54 78 28 40 43 50
run=7 seed=6 k=99 f=0
45 62 53 24 89 83 32 44 91 31 50 2 51 7 36 28 16 46 48 63 76 88 88 57 71 59 0 73 25 96 50 68 20 54 63 20 26 19 13 58 89 84 89 5 84 14 27 50 32 73 32 92 84 2 77 60 74 95 33 39 52 12 32 66 4 26 76 98 42 66 39 88 97 75 25 11 14 39 92 84 16 98 41 31 0 67 8 9 60 94 2 82 10 63 4 71 78 66 13 33 36 78 68 44 23 82 18 18 75 37 9 8 70 46 51 55 0 98 24 85
run=8 seed=7 k=99 f=0
35 43 71 6 36 77 50 62 10 96 17 1 86 77 73 88 46 60 27 88 34 68 61 42 20 73 84 23 91 28 63 55 96 11 92 60 28 48 42 43 0 40 68 7 76 80 78 58 37 96 56 68 55 64 90 0 73 52 25 11 8 31 81 39 83 97 98 49 77 16 79 90 87 21 18 31 66 76 61 12 97 14 87 24 47 63 29 93 10 83 4 95 28 81 40 55 40 15 78 28 45 73 24 66 70 11 3 35 49 11 7 49 21 69 65 0 0 32 83 33
run=9 seed=8 k=99 f=0
26 78 93 31 5 24 34 98 42 0 74 91 58 89 87 95 41 62 14 46 24 50 30 40 29 0 48 7 1 83 80 38 71 3 68 62 54 33 20 18 96 9 91 84 65 10 20 94 69 98 23 48 57 48 45 15 58 98 98 20 34 4 67 12 10 57 70 86 66 2 19 82 7 34 27 27 37 66 16 26 73 82 7 69 32 3 85 14 98 51 46 39 15 12 77 82 63 24 23 70 33 39 8 48 89 64 62 32 56 18 57 4 78 73 47 0 75 53 91 30
run=10 seed=9 k=99 f=0
93 4 20 96 61 83 95 75 32 22 32 47 97 75 79 73 86 5 42 73 80 36 31 39 51 70 63 11 58 81 37 56 23 67 75 66 55 28 12 41 53 49 98 93 8 68 27 12 9 32 89 19 0 16 37 57 91 3 88 61 58 18 63 77 21 1 34 38 10 47 23 85 94 32 51 66 44 72 18 0 98 2 21 89 42 88 41 12 64 61 61 1 45 76 95 55 7 20 73 64 83 29 28 79 96 49 80 91 32 97 62 40 71 22 0 25 15 46 33 48
run=11 seed=10 k=99 f=0
65 3 11 98 79 54 23 0 89 31 8 82 38 76 58 43 28 21 64 76 83 53 79 32 1 0 23 43 39 41 14 71 23 14 98 30 90 98 91 76 59 59 85 92 85 29 31 18 19 11 68 57 54 51 5 71 3 13 0 95 72 25 47 59 37 80 2 14 33 52 44 57 98 50 79 15 38 74 66 84 10 90 9 67 46 95 89 9 82 48 3 56 70 49 37 26 4 41 91 64 29 8 84 63 19 84 50 61 0 95 98 13 28 89 77 23 37 48 39 63
run=12 seed=11 k=99 f=0
80 17 87 71 82 1 4 58 95 41 93 47 65 43 98 76 8 15 30 44 28 39 28 58 86 50 24 14 75 98 30 49 85 84 22 93 91 46 77 28 65 6 23 34 68 41 0 78 72 27 51 37 98 42 97 17 73 52 20 34 64 98 69 75 39 63 69 7 81 10 56 0 81 19 41 54 42 45 35 35 13 89 28 32 71 74 0 88 46 67 9 12 1 73 46 3 82 13 18 71 0 57 18 35 53 60 17 38 37 58 61 11 53 1 23 98 90 68 64 96
run=13 seed=12 k=99 f=0
8 50 17 98 12 65 54 72 76 20 34 57 56 25 80 40 32 68 1 63 13 67 45 73 27 85 89 88 60 46 79 57 65 15 86 30 73 92 98 50 2 7 36 58 90 21 74 38 15 76 18 69 63 64 80 0 45 32 73 15 7 5 48 2 6 84 36 71 90 63 97 97 39 42 46 17 96 27 52 86 98 80 17 61 43 98 23 11 83 11 3 85 13 79 48 27 38 0 8 45 22 86 70 92 18 38 96 9 81 98 0 56 26 55 62 27 55 50 35 50
run=14 seed=13 k=99 f=0
79 78 21 66 26 65 7 82 95 70 68 19 20 33 98 53 80 62 81 81 62 92 70 74 97 16 29 15 80 57 69 7 50 95 38 32 93 35 28 57 48 88 11 56 34 12 34 51 64 72 9 89 37 0 76 3 66 69 98 11 54 0 13 87 18 22 44 76 36 82 22 27 9 43 47 12 91 95 50 9 20 44 38 0 25 84 98 1 74 5 34 41 0 87 24 57 21 85 35 82 96 45 60 0 5 6 52 30 18 92 14 56 75 39 63 73 29 49 57 12
run=15 seed=14 k=99 f=0
57 91 63 73 0 49 65 3 29 87 17 39 2 42 25 65 56 27 47 26 43 73 69 51 42 86 37 98 95 21 80 20 34 20 24 58 19 62 45 70 67 69 35 16 6 62 41 66 49 65 13 36 33 58 91 75 39 84 0 82 5 98 83 0 98 96 79 33 53 0 79 0 23 9 43 98 4 80 93 65 29 11 57 52 35 92 14 98 13 71 43 70 14 25 16 10 29 95 46 31 93 11 2 74 78 78 52 11 44 20 62 21 38 90 52 86 98 83 78 9
run=16 seed=15 k=99 f=0
61 37 3 16 96 33 40 25 88 21 21 90 10 43 35 50 39 30 87 71 98 7 54 61 14 52 32 98 0 96 93 16 1 55 20 83 7 98 14 83 6 35 80 49 22 40 76 68 67 22 23 67 0 0 18 6 9 17 86 63 75 78 23 9 48 58 22 96 43 1 46 51 13 27 61 49 41 44 11 69 68 26 14 68 53 52 97 82 90 72 93 92 80 0 32 0 57 58 13 84 42 25 79 32 31 44 54 97 51 16 62 0 77 74 43 78 88 39 58 27
run=17 seed=16 k=99 f=0
20 48 60 71 61 59 91 45 87 68 9 54 53 56 69 25 34 27 72 47 40 6 60 41 17 7 52 86 35 0 1 65 15 65 47 32 93 10 75 33 93 77 38 44 34 47 6 39 85 42 64 15 62 88 94 80 22 60 29 89 0 80 69 18 31 98 46 49 18 33 77 9 23 80 51 12 23 9 84 94 98 0 6 85 93 24 98 18 80 88 3 23 38 28 63 55 45 74 67 71 7 39 21 14 62 43 30 30 98 79 71 9 15 83 3 56 70 0 36 98
run=18 seed=17 k=99 f=0
1 16 98 35 9 9 37 15 48 11 19 24 68 18 42 63 69 55 0 0 8 37 33 87 32 78 65 58 7 15 28 83 10 48 88 71 34 39 5 97 75 14 74 16 46 62 20 75 52 41 42 64 98 39 1 57 97 18 43 4 31 54 37 93 80 84 13 18 93 26 84 43 0 80 19 62 92 4 67 60 21 50 1 25 76 52 61 96 50 35 27 33 94 68 89 98 0 12 72 68 57 83 85 89 87 74 85 21 80 47 58 97 30 55 98 30 9 64 72 59
run=19 seed=18 k=99 f=0
24 52 54 49 62 33 88 98 24 36 74 18 0 27 88 16 33 69 72 84 92 69 68 77 87 55 86 7 47 32 62 79 35 28 14 35 48 3 46 60 17 98 59 82 98 68 64 87 41 0 41 7 76 45 50 65 89 98 49 63 26 43 4 91 89 10 59 76 39 22 82 82 64 28 19 67 18 94 17 67 30 0 75 40 59 53 98 60 40 44 12 66 43 55 9 12 97 7 32 98 23 94 4 88 1 72 73 57 12 83 25 71 48 70 0 9 10 78 55 14
run=20 seed=19 k=99 f=0
69 92 97 11 48 4 37 98 11 78 34 78 27 30 17 98 82 46 33 96 26 65 23 71 13 36 20 60 84 32 49 53 76 53 25 33 4 33 44 51 40 60 9 83 5 36 88 88 70 98 65 95 1 91 68 18 71 84 87 84 51 38 36 91 89 62 13 51 78 45 75 97 11 11 27 37 25 98 69 1 42 0 98 0 47 64 62 80 49 56 44 62 96 28 63 21 91 23 25 40 80 57 75 43 14 91 78 54 88 8 6 29 71 55 72 18 18 79 9 68
