run=1 seed=0 k=102 f=0
25 36 72 7 83 79 37 91 87 89 64 59 20 17 98 46 92 33 92 37 0 88 87 39 10 56 28 61 31 79 8 67 74 50 63 97 36 8 16 0 0 100 85 15 100 91 20 98 85 12 101 74 40 38 69 56 15 50 11 79 28 27 48 0 1 35 10 39 20 65 77 101 49 65 21 50 44 14 92 47 58 76 66 60 82 7 65 56 56 46 84 26 32 48 61 42 51 72 48 91 23 17 68 4 73 12 83 14 20 78 53 68 25 92 70 29 101 100 5 61
run=2 seed=1 k=102 f=0
25 36 72 7 83 79 37 91 87 89 64 59 20 17 98 46 92 33 92 37 0 88 87 39 10 56 28 61 31 79 8 67 74 50 63 97 36 8 16 0 0 100 85 15 100 91 20 98 85 12 101 74 40 38 69 56 15 50 11 79 28 27 48 0 1 35 10 39 20 65 77 101 49 65 21 50 44 14 92 47 58 76 66 60 82 7 65 56 56 46 84 26 32 48 61 42 51 72 48 91 23 17 68 4 73 12 83 14 20 78 53 68 25 92 70 29 101 100 5 61
run=3 seed=2 k=102 f=0
60 60 93 40 28 78 90 41 22 9 6 72 33 86 75 98 69 28 54 59 40 88 65 71 92 101 80 16 65 0 48 78 42 3 75 48 101 19 12 83 21 32 73 68 19 65 42 50 42 21 31 79 33 46 46 31 95 1 17 1 94 42 57 62 97 95 36 62 51 100 13 36 80 50 87 23 2 61 92 87 69 10 41 35 101 24 0 11 23 39 95 66 7 51 72 83 95 56 13 57 37 25 58 8 76 28 54 87 89 14 26 70 64 52 82 0 53 54 85 6
run=4 seed=3 k=102 f=0
0 0 5 97 51 72 76 66 60 52 62 60 68 62 85 16 56 41 74 101 50 70 4 6 44 101 73 61 48 22 94 6 94 59 14 41 22 50 16 48 0 56 30 80 101 39 69 100 83 48 82 3 5 25 1 39 87 78 21 84 25 93 33 10 7 5 55 58 77 65 17 99 92 29 77 69 92 43 12 101 63 43 53 97 30 55 34 89 85 87 13 38 23 9 26 73 40 14 36 62 0 31 27 71 0 35 96 87 51 16 86 11 19 13 67 94 65 89 34 72
run=5 seed=4 k=102 f=0
31 87 44 97 13 43 57 37 74 52 96 46 52 32 68 49 93 85 84 28 5 74 60 32 13 61 21 83 46 4 78 58 38 13 28 24 94 92 85 15 86 101 54 8 41 24 34 34 54 101 39 23 29 68 0 65 43 60 46 91 68 101 27 76 60 97 3 65 14 80 41 71 1 76 20 52 58 65 37 10 33 22 82 31 64 100 10 46 81 37 1 21 92 0 76 71 56 37 93 24 2 7 15 81 0 45 96 10 14 4 81 18 1 72 28 91 48 101 77 70
run=6 seed=5 k=102 f=0
20 16 75 90 73 14 30 1 5 40 51 1 63 55 73 22 34 79 101 73 58 67 57 69 87 66 101 1 38 43 45 94 40 61 45 31 35 52 45 86 17 18 19 40 41 57 57 49 81 55 62 81 9 30 7 99 87 95 34 6 73 78 40 94 29 34 11 15 43 22 46 71 90 28 0 66 70 53 89 84 11 79 86 38 101 6 101 34 0 15 15 12 101 28 50 83 2 22 59 1 61 62 74 41 64 53 90 25 80 87 25 94 60 9 97 0 25 74 54 99
run=7 seed=6 k=102 f=0
51 6 21 59 74 8 40 96 39 80 34 69 66 49 32 23 4 81 0 86 62 90 40 35 59 44 43 8 58 0 37 70 14 72 24 82 0 17 82 75 12 17 89 94 86 38 57 88 101 93 81 100 32 39 101 77 101 97 0 15 17 98 64 57 41 57 15 74 44 27 38 88 51 23 24 65 34 51 24 90 10 30 22 1 98 82 75 101 69 14 45 52 3 39 32 10 21 10 79 64 93 28 97 60 67 60 85 49 93 87 76 70 100 70 48 54 67 29 82 73
run=8 seed=7 k=102 f=0
37 64 53 100 81 43 74 4 78 27 30 1 97 101 2 100 23 0 62 60 36 80 48 56 91 42 92 11 60 83 30 55 42 97 101 25 23 27 81 75 13 76 61 75 31 67 14 55 93 15 45 7 59 90 50 13 0 50 86 20 74 68 3 35 55 22 34 5 95 8 7 101 51 8 67 40 100 35 50 75 45 26 89 87 69 16 101 0 97 90 29 41 83 52 76 19 78 84 63 65 71 10 52 33 12 92 43 69 66 6 1 97 34 22 40 8 81 72 16 70
run=9 seed=8 k=102 f=0
16 61 7 49 50 28 64 99 17 41 59 23 10 36 97 45 84 37 71 47 74 27 63 78 76 58 40 5 24 0 92 0 88 71 101 90 66 60 13 78 54 54 50 87 89 45 73 0 51 101 68 54 32 83 1 8 6 57 88 53 43 5 58 94 90 37 3 22 34 26 16 86 77 35 24 42 79 62 20 54 16 95 70 81 10 71 68 101 86 46 25 40 47 33 13 30 6 13 11 19 32 97 16 3 1 51 32 83 16 73 101 74 46 85 63 65 9 22 25 101
run=10 seed=9 k=102 f=0
30 48 25 1 2 15 1 37 56 67 93 98 36 69 99 65 23 40 37 67 39 9 79 12 74 101 52 1 7 43 0 18 45 20 15 26 14 0 87 91 96 47 53 88 53 66 84 3 75 67 81 99 89 28 74 82 61 81 57 84 16 93 86 30 28 32 64 0 1 65 95 38 34 23 81 7 50 29 13 76 89 72 73 62 24 5 57 88 31 48 58 6 68 8 28 44 59 0 88 63 96 61 37 43 76 51 38 43 74 13 84 66 96 21 45 101 5 101 81 92
run=11 seed=10 k=102 f=0
7 33 29 41 43 77 89 25 5 101 68 64 84 63 41 53 86 6 101 6 46 10 91 6 28 67 85 66 11 18 42 65 59 60 80 89 72 69 98 22 49 58 83 101 88 1 46 94 8 39 0 48 95 23 35 48 93 51 90 79 56 15 64 24 2 31 38 0 28 101 101 34 19 13 77 49 17 93 101 68 3 74 40 92 81 32 0 75 1 16 99 52 25 93 41 41 25 81 16 87 32 45 101 28 34 79 79 21 66 33 19 70 57 57 69 38 49 14 12 72
run=12 seed=11 k=102 f=0
71 52 17 0 22 0 92 101 59 19 2 35 48 87 89 33 59 86 101 35 96 69 96 75 40 8 97 26 55 86 14 46 11 5 32 61 45 16 30 56 34 17 56 39 9 19 96 31 89 77 48 7 41 92 25 48 57 0 60 25 1 74 71 66 62 93 30 49 87 28 101 84 26 28 33 40 64 54 51 32 80 5 13 93 75 100 17 41 64 96 64 43 78 4 94 81 78 98 42 75 73 14 1 68 22 36 77 41 13 23 11 25 82 61 58 26 49 71 66 45
run=13 seed=12 k=102 f=0
80 20 13 16 49 15 41 62 31 57 39 14 1 46 60 93 72 59 101 19 46 36 66 80 21 1 41 37 74 51 95 82 94 42 78 7 101 51 71 22 25 9 22 30 13 55 101 23 35 27 9 8 44 38 79 5 18 31 90 52 94 0 55 89 84 93 24 76 64 72 66 92 85 86 101 96 85 100 53 36 71 26 45 33 100 70 53 62 50 38 15 11 46 44 37 1 84 77 77 63 88 68 65 61 29 6 87 101 2 19 76 77 69 91 86 0 11 99 58 56
run=14 seed=13 k=102 f=0
95 4 10 73 17 48 22 75 62 5 9 31 75 70 49 92 66 44 31 74 37 70 19 29 86 16 63 62 17 0 3 53 24 82 5 20 72 99 53 15 53 97 11 68 59 2 25 96 9 101 35 89 25 64 61 31 39 56 17 42 59 0 41 0 1 17 6 15 82 82 51 48 40 99 88 48 58 10 30 40 11 24 74 24 60 66 74 20 98 55 85 67 4 24 101 92 86 93 56 89 74 64 42 82 101 35 61 84 48 95 46 8 2 97 75 0 33 38 88 28
run=15 seed=14 k=102 f=0
79 68 82 12 77 16 83 23 34 16 90 20 42 6 26 26 0 78 54 65 48 87 69 30 10 17 46 61 17 99 51 39 94 94 45 101 67 30 101 101 70 83 3 45 83 49 63 72 73 55 37 44 64 1 60 80 94 7 56 72 9 58 11 69 72 1 34 42 98 21 23 88 82 83 35 29 91 77 75 2 62 10 101 41 33 57 46 63 69 27 17 16 50 50 95 83 92 29 61 8 34 3 80 95 8 36 100 46 0 101 0 93 61 85 33 19 89 52 69 73
run=16 seed=15 k=102 f=0
44 4 75 35 0 99 64 44 49 100 1 98 62 26 88 45 9 46 61 13 93 66 3 3 39 0 101 9 88 58 35 85 38 91 27 54 33 37 84 17 67 49 6 1 13 6 92 28 60 39 19 37 82 18 80 56 96 54 22 0 30 78 95 24 71 88 80 30 57 26 74 87 90 77 66 65 45 44 80 17 32 7 14 60 101 28 17 92 49 56 99 31 48 51 93 51 50 70 0 65 80 25 76 48 64 70 21 4 84 93 42 37 73 10 69 73 101 19 39 43
run=17 seed=16 k=102 f=0
82 21 88 19 15 25 21 86 57 11 81 42 78 6 100 63 73 83 71 38 0 84 69 51 48 45 27 23 84 0 65 33 31 50 62 75 57 41 100 7 13 76 69 101 88 48 10 17 81 27 75 63 36 96 93 64 39 70 101 101 52 3 9 18 20 73 37 37 16 67 99 29 66 86 9 22 53 41 91 23 8 55 95 33 68 62 89 96 73 0 15 60 91 68 76 12 91 17 49 33 0 92 21 3 5 41 45 39 35 100 27 49 82 59 19 46 59 0 86 28
run=18 seed=17 k=102 f=0
51 58 95 54 5 49 25 84 79 35 32 45 6 6 33 65 74 40 48 18 94 35 81 101 4 13 41 62 91 92 98 1 46 25 20 16 85 15 42 0 82 54 78 64 31 76 74 20 53 101 22 66 92 89 91 71 39 98 62 101 81 40 1 55 0 99 57 82 43 73 48 11 24 66 0 68 28 28 6 86 80 12 90 7 75 55 66 0 84 85 22 99 15 22 55 69 68 34 48 82 60 71 47 6 49 91 0 62 64 60 85 16 40 13 92 25 31 60 100 17
run=19 seed=18 k=102 f=0
80 18 14 101 74 26 51 45 50 30 62 31 2 2 16 89 35 9 99 90 101 65 47 92 95 101 34 67 30 70 95 79 97 55 19 9 7 77 2 90 9 70 20 95 22 37 80 7 86 2 86 12 14 6 40 101 86 26 24 36 94 45 82 89 95 17 21 77 0 14 72 101 54 62 47 95 37 44 53 23 49 59 61 30 44 51 25 79 73 81 74 11 85 0 67 84 18 68 2 84 30 60 55 77 74 44 61 41 62 71 35 90 70 25 13 14 61 66 39 44
run=20 seed=19 k=102 f=0
6 24 81 85 48 32 77 59 70 88 75 93 78 60 57 1 56 26 80 50 37 54 47 101 46 18 35 39 21 44 29 63 0 6 35 86 84 67 27 32 0 43 37 15 89 23 73 10 67 9 78 101 81 12 52 0 91 13 29 28 0 9 93 98 88 101 63 37 83 8 62 54 49 48 73 0 88 17 5 38 101 72 63 79 93 92 32 61 88 3 66 101 27 62 98 45 51 41 5 41 27 18 95 101 65 96 39 50 27 38 13 39 23 69 71 20 89 18 56 69
