run=1 seed=0 k=97 f=0
50 83 35 20 29 30 85 1 21 22 38 41 72 82 16 69 96 11 61 0 44 56 64 40 37 44 57 77 44 30 51 33 28 93 96 93 84 66 72 96 66 82 40 45 24 21 0 95 54 35 94 96 87 49 23 14 21 36 73 79 26 46 50 82 81 76 73 13 64 49 71 60 7 46 60 57 54 13 51 63 89 5 0 49 96 54 17 81 9 29 3 9 90 90 55 29 36 68 48 87 75 31 14 78 88 67 58 67 73 73 21 89 40 6 0 14 0 57 40 4
run=2 seed=1 k=97 f=0
50 83 35 20 29 30 85 1 21 22 38 41 72 82 16 69 96 11 61 0 44 56 64 40 37 44 57 77 44 30 51 33 28 93 96 93 84 66 72 96 66 82 40 45 24 21 0 95 54 35 94 96 87 49 23 14 21 36 73 79 26 46 50 82 81 76 73 13 64 49 71 60 7 46 60 57 54 13 51 63 89 5 0 49 96 54 17 81 9 29 3 9 90 90 55 29 36 68 48 87 75 31 14 78 88 67 58 67 73 73 21 89 40 6 0 14 0 57 40 4
run=3 seed=2 k=97 f=0
0 12 44 87 62 35 58 6 82 66 10 78 6 77 54 81 94 64 29 77 0 73 89 0 13 32 96 96 29 30 58 43 26 15 47 96 10 28 44 85 69 36 0 87 95 93 53 69 41 18 41 93 0 75 52 96 92 71 95 62 54 47 40 39 65 23 84 72 86 49 46 56 86 18 9 13 77 57 48 83 8 55 58 91 28 35 70 76 41 24 63 35 43 90 22 82 5 27 3 10 0 35 85 62 57 39 0 15 64 49 19 53 2 20 3 66 79 74 22 14
run=4 seed=3 k=97 f=0
0 8 96 39 33 58 35 19 96 31 84 67 19 78 89 96 36 22 7 34 62 81 38 84 75 82 29 72 40 64 17 0 5 3 64 32 84 95 10 26 46 12 46 29 38 11 1 71 3 96 1 5 27 88 65 87 20 60 92 23 43 13 54 54 71 7 62 3 50 20 88 39 18 34 11 79 19 53 5 44 70 42 34 78 75 68 61 95 16 0 78 57 30 50 86 27 57 76 26 80 49 92 66 51 43 96 71 26 9 90 20 65 45 73 62 27 72 35 56 26
run=5 seed=4 k=97 f=0
8 60 18 54 48 46 85 7 12 57 0 41 81 79 40 84 46 53 10 67 96 71 74 37 90 37 62 90 0 4 30 53 68 62 82 48 62 0 76 47 42 44 33 79 43 33 0 37 17 76 96 61 8 26 71 25 73 22 88 15 30 6 2 14 85 55 24 26 78 17 89 71 0 93 23 6 89 28 58 46 1 35 65 43 10 54 67 76 49 85 0 51 10 34 63 20 13 84 39 6 94 96 70 55 36 28 68 84 69 60 28 32 74 84 77 18 96 94 63 92
run=6 seed=5 k=97 f=0
57 87 75 0 53 46 28 86 74 15 81 69 65 96 85 18 21 52 26 54 39 58 43 80 41 81 63 38 48 44 40 96 96 33 0 76 89 1 68 78 13 87 77 20 73 41 54 14 96 9 25 11 47 61 13 27 70 0 21 51 28 92 40 42 40 55 86 63 30 71 64 23 37 29 90 36 5 7 64 55 5 78 83 96 0 19 0 93 39 60 48 7 33 32 0 48 86 16 54 36 42 4 4 56 91 8 66 92 33 31 72 0 65 53 83 47 71 59 14 16
run=7 seed=6 k=97 f=0
80 80 74 32 13 81 64 71 0 31 0 59 7 13 70 62 64 57 96 77 55 15 49 73 8 41 92 90 34 42 3 72 57 86 69 37 3 1 52 23 79 8 46 13 40 65 40 59 75 50 62 76 84 51 25 92 78 41 94 89 22 27 49 78 61 19 88 68 85 51 70 96 92 50 32 61 5 0 37 64 1 31 68 96 47 95 0 19 10 19 85 10 28 18 56 19 25 29 55 52 87 46 55 14 26 12 23 9 85 96 65 40 28 8 77 22 8 36 42 83
run=8 seed=7 k=97 f=0
6 21 38 57 43 80 43 52 71 90 82 49 14 96 76 38 33 9 9 38 30 6 70 8 25 79 17 19 14 92 6 89 1 75 93 75 65 59 68 56 85 61 36 71 96 81 96 42 26 55 26 61 70 76 96 22 2 96 96 0 86 54 62 48 4 93 28 63 13 33 64 41 95 35 18 84 12 47 72 64 68 23 52 27 0 88 41 71 71 90 24 45 39 78 85 90 38 3 8 0 53 32 50 12 22 47 85 2 80 61 55 88 32 0 13 47 0 15 34 75
run=9 seed=8 k=97 f=0
68 55 93 84 70 18 2 71 62 5 95 93 96 88 14 62 96 67 0 26 47 84 40 7 32 84 47 89 60 38 7 75 73 33 18 21 18 95 88 51 0 89 23 75 19 4 48 31 64 37 14 41 50 54 49 82 45 28 58 49 72 70 77 5 54 9 83 11 3 57 90 59 0 42 16 64 42 24 80 50 96 11 69 78 69 58 28 76 17 43 82 42 65 24 78 63 32 79 71 59 82 40 70 10 9 34 10 46 93 23 17 36 91 65 88 38 58 0 30 51
run=10 seed=9 k=97 f=0
64 62 69 9 21 32 7 22 88 49 45 80 14 40 39 37 33 19 91 0 8 72 80 66 69 43 0 0 96 93 13 50 30 48 53 96 71 71 63 23 51 14 3 42 13 96 34 24 17 9 72 86 58 1 59 53 34 54 95 55 50 86 9 95 90 1 17 21 86 39 83 12 0 5 66 74 81 83 36 50 79 59 95 38 66 76 25 19 72 87 89 77 61 41 96 29 63 38 58 9 67 30 22 90 55 83 47 45 57 3 20 72 65 29 0 27 76 12 43 54
run=11 seed=10 k=97 f=0
91 77 87 86 61 20 80 66 80 66 62 95 67 46 46 21 37 16 42 90 7 66 34 34 60 0 78 22 75 21 57 96 76 74 50 41 70 2 82 10 14 57 41 35 70 53 48 29 64 29 0 53 73 13 60 88 75 0 72 46 55 13 13 49 96 43 93 89 48 57 88 31 20 26 96 66 8 43 18 93 34 0 64 24 39 17 9 7 14 67 86 54 4 81 28 12 31 84 35 95 90 4 91 47 1 39 61 71 95 23 29 25 53 66 37 83 81 32 25 10
run=12 seed=11 k=97 f=0
15 39 34 68 37 0 81 93 79 38 62 95 96 1 26 89 54 40 77 89 1 74 32 76 1 19 59 5 53 4 65 66 71 15 26 15 63 59 53 85 96 33 77 86 29 21 2 55 70 62 38 71 35 17 49 72 8 40 24 81 47 10 12 30 44 18 30 60 12 21 84 31 26 50 96 73 42 44 40 87 44 55 95 68 80 0 0 29 44 73 10 6 47 23 70 35 81 7 5 65 0 54 45 79 72 77 60 63 51 89 49 5 32 13 47 96 10 24 85 14
run=13 seed=12 k=97 f=0
51 71 91 53 6 12 81 51 30 67 85 62 57 35 84 56 67 47 35 20 38 16 52 79 83 58 96 5 93 67 51 77 96 17 94 91 88 32 91 43 74 44 82 56 69 35 17 46 0 40 25 21 96 63 95 66 53 68 68 45 22 10 71 3 74 89 56 95 96 88 10 25 51 8 76 82 26 31 6 14 87 0 0 63 59 0 31 41 8 25 22 0 37 37 21 25 84 14 29 73 23 76 5 82 33 16 41 57 10 16 50 22 80 0 1 28 88 41 13 62
run=14 seed=13 k=97 f=0
9 92 68 91 61 72 35 95 52 44 7 26 92 30 81 77 23 62 95 54 13 49 96 69 30 73 24 66 85 36 93 86 4 78 80 66 54 13 32 39 78 45 38 19 8 19 85 92 60 15 54 4 49 53 47 25 29 73 96 16 41 40 34 96 59 42 78 84 62 9 55 89 80 31 0 9 1 84 81 53 36 21 80 69 72 61 32 1 94 9 46 88 12 75 68 22 17 96 23 56 14 0 66 6 41 27 44 16 62 38 29 68 62 45 59 0 87 3 68 57
run=15 seed=14 k=97 f=0
66 4 32 96 22 44 51 17 94 87 93 87 90 92 74 36 96 56 0 0 83 96 67 69 70 84 25 31 45 87 16 64 22 32 70 52 12 95 51 1 78 8 0 81 89 28 86 36 45 10 38 22 0 94 23 5 30 81 25 81 30 44 52 47 39 71 14 28 55 60 90 37 77 52 65 86 55 17 69 30 48 76 15 71 34 61 19 8 95 74 40 10 13 52 18 61 63 68 78 64 58 23 54 58 78 46 57 62 47 27 43 77 27 0 8 17 37 85 40 2
run=16 seed=15 k=97 f=0
52 68 38 53 91 54 13 96 25 42 80 40 0 4 71 13 83 28 62 38 86 77 62 96 92 7 61 8 78 44 47 22 91 77 19 47 29 62 68 64 17 54 86 96 73 46 7 78 53 74 71 69 33 36 2 43 69 20 62 26 0 83 94 50 24 5 29 35 30 78 96 74 23 79 41 10 13 25 71 84 2 45 87 35 16 34 61 6 92 67 57 45 49 18 47 55 38 13 5 22 27 5 26 90 91 83 85 36 34 95 7 48 67 86 59 96 16 12 82 57
run=17 seed=16 k=97 f=0
36 23 94 41 33 60 37 39 75 9 83 89 13 11 81 37 43 14 0 24 73 50 6 25 31 52 82 90 55 8 64 17 31 3 20 96 23 96 90 49 20 66 47 53 94 95 13 35 70 61 96 92 28 8 33 20 96 74 33 75 9 63 26 68 28 0 22 51 92 57 85 57 36 1 77 39 71 48 2 88 27 80 47 56 43 56 0 65 8 22 42 65 21 1 20 18 36 80 52 27 88 42 3 17 52 65 85 94 0 84 11 6 84 73 84 57 92 79 48 29
run=18 seed=17 k=97 f=0
26 72 56 16 86 1 80 69 39 50 14 50 1 29 82 92 74 87 5 74 7 59 32 96 33 96 25 73 10 54 61 50 67 59 23 31 19 78 8 44 44 0 40 96 24 76 88 55 65 56 0 96 26 72 14 32 95 59 89 68 81 77 14 67 86 64 48 11 66 83 20 83 10 31 47 11 20 7 55 39 16 30 81 28 24 14 0 63 70 7 51 0 23 94 42 96 80 90 55 45 58 3 52 40 32 10 19 74 34 16 44 96 90 72 56 81 34 50 41 41
run=19 seed=18 k=97 f=0
64 10 16 18 70 78 70 89 93 86 93 86 68 2 29 16 8 48 29 58 24 96 64 53 67 36 96 53 21 41 30 63 79 3 83 69 74 19 25 36 69 12 32 42 92 57 49 28 51 16 60 8 96 56 95 9 21 93 32 36 43 52 82 82 46 49 85 80 50 27 89 15 78 22 57 96 87 0 5 35 0 77 37 66 71 9 0 76 37 71 47 13 17 44 10 77 46 29 46 67 7 3 79 63 84 0 93 18 83 88 41 32 61 7 26 88 25 55 44 52
run=20 seed=19 k=97 f=0
87 34 17 11 68 29 71 55 96 79 81 40 83 87 58 25 65 33 35 36 44 84 2 62 56 83 70 18 34 96 13 16 41 47 19 67 62 80 15 71 79 29 61 66 88 52 80 85 0 9 21 10 18 51 22 8 42 33 65 0 58 75 23 2 1 17 21 45 0 37 96 23 49 15 74 84 41 48 21 19 59 74 56 88 54 7 27 28 55 52 93 28 75 31 66 70 45 77 85 94 96 12 4 90 95 47 40 47 88 95 9 80 70 55 96 91 42 38 6 26
