run=1 seed=0 k=108 f=0
6 70 45 79 41 0 46 58 8 86 5 55 86 49 59 59 94 23 52 14 36 92 5 4 37 65 26 103 91 91 71 19 28 68 22 83 33 50 31 71 98 96 107 62 104 0 29 56 20 102 40 82 76 81 8 81 106 50 75 46 28 23 68 86 88 90 106 1 45 66 59 63 11 79 35 56 74 104 85 70 9 28 20 77 104 11 49 17 62 55 96 96 44 98 91 19 84 89 0 34 72 107 106 41 64 21 77 38 33 14 54 51 102 56 13 0 0 41 65 5
run=2 seed=1 k=108 f=0
6 70 45 79 41 0 46 58 8 86 5 55 86 49 59 59 94 23 52 14 36 92 5 4 37 65 26 103 91 91 71 19 28 68 22 83 33 50 31 71 98 96 107 62 104 0 29 56 20 102 40 82 76 81 8 81 106 50 75 46 28 23 68 86 88 90 106 1 45 66 59 63 11 79 35 56 74 104 85 70 9 28 20 77 104 11 49 17 62 55 96 96 44 98 91 19 84 89 0 34 72 107 106 41 64 21 77 38 33 14 54 51 102 56 13 0 0 41 65 5
run=3 seed=2 k=108 f=0
78 33 91 35 107 25 56 72 49 0 46 26 45 17 89 13 35 42 71 37 97 22 17 75 19 55 26 38 72 15 49 42 62 64 84 82 85 95 54 18 41 0 18 55 28 95 1 66 101 5 106 1 20 35 0 38 26 2 16 92 62 5 94 28 33 13 97 56 88 46 49 50 74 69 107 102 45 86 107 22 63 78 1 78 71 102 93 56 10 12 10 25 33 104 80 10 97 12 85 75 95 67 0 44 82 56 36 78 93 65 58 21 87 5 37 51 85 104 9 26
run=4 seed=3 k=108 f=0
78 9 1 96 39 4 75 96 73 4 23 0 45 91 24 2 24 94 49 5 43 57 94 53 97 38 9 11 53 19 103 95 88 27 98 89 55 14 107 36 35 80 42 75 64 6 57 107 97 107 47 63 52 88 103 34 59 17 51 76 31 37 91 67 77 81 13 53 64 71 74 26 63 71 85 0 52 29 100 79 19 28 98 59 14 60 16 0 31 46 105 86 2 88 107 0 61 43 48 61 7 103 73 79 70 67 97 18 105 11 34 54 43 82 11 107 3 51 71 80
run=5 seed=4 k=108 f=0
65 54 33 78 63 49 1 87 32 101 79 32 94 8 103 76 28 92 33 66 40 84 14 27 59 107 18 46 28 61 100 98 32 63 43 2 107 4 56 84 34 59 81 107 68 38 94 22 44 19 85 107 86 90 24 100 81 24 32 49 69 37 64 46 45 58 42 84 49 5 100 6 78 53 57 25 86 70 88 39 18 9 71 14 105 4 9 101 64 66 77 94 62 73 1 72 51 61 81 40 52 15 0 95 8 18 54 82 94 75 23 105 10 44 27 0 37 36 70 20
run=6 seed=5 k=108 f=0
7 103 1 0 100 25 103 54 62 84 84 77 0 85 46 54 74 31 0 19 26 36 63 21 4 92 66 76 35 91 53 71 86 107 56 0 97 98 64 69 41 79 20 57 30 61 45 51 33 24 9 79 107 40 46 91 23 39 58 67 59 41 16 67 13 8 64 105 48 48 80 47 50 52 14 32 69 33 0 71 107 14 101 88 99 11 41 81 6 101 107 73 27 56 89 39 18 9 53 40 86 27 0 85 31 16 72 38 73 62 8 106 77 57 18 91 5 1 64 26
run=7 seed=6 k=108 f=0
16 99 76 41 106 33 79 54 2 94 83 30 34 94 22 57 83 90 43 18 25 34 52 4 38 34 98 64 18 15 10 86 76 80 17 6 0 62 103 40 78 93 47 68 93 104 85 106 46 107 30 88 95 63 7 42 27 50 107 48 66 69 95 100 1 77 63 28 0 106 40 79 76 84 0 6 92 61 68 102 11 50 50 22 44 92 57 71 51 26 11 95 1 59 18 13 58 12 3 0 81 88 42 22 36 29 40 67 85 71 60 85 14 50 3 76 15 71 36 103
run=8 seed=7 k=108 f=0
45 80 99 67 24 8 29 37 98 97 91 1 103 102 1 72 25 78 62 51 44 107 72 92 58 4 107 36 42 14 10 10 66 86 70 22 61 58 64 88 29 96 96 32 4 96 16 71 16 101 85 77 67 49 68 91 107 26 36 93 59 48 45 18 13 20 86 13 59 23 11 9 32 52 51 15 0 60 103 74 88 0 83 28 68 10 89 46 55 107 81 3 57 69 102 74 0 76 15 41 35 38 58 45 81 20 7 33 6 94 17 2 53 76 29 28 39 46 78 68
run=9 seed=8 k=108 f=0
10 72 56 7 16 1 106 17 69 45 77 57 4 45 56 35 74 88 50 89 45 103 21 60 64 26 74 89 79 98 93 10 79 29 33 89 49 79 85 72 38 22 107 37 107 22 43 44 41 17 106 22 107 58 68 95 74 34 68 18 33 94 85 47 5 59 68 54 30 88 0 104 98 86 8 5 12 51 38 40 0 83 76 39 55 94 82 26 53 101 15 62 105 3 74 97 63 5 5 21 41 79 13 67 105 26 98 106 44 52 16 48 28 18 28 96 60 54 105 1
run=10 seed=9 k=108 f=0
31 83 61 103 33 65 68 20 38 68 15 36 106 85 1 93 89 1 79 103 21 63 28 57 75 25 78 15 4 2 12 8 52 70 19 71 24 103 77 84 41 88 40 22 67 100 36 3 18 44 93 39 66 99 53 46 0 69 57 1 97 58 18 16 6 56 106 33 32 11 9 107 56 9 80 51 30 25 80 35 107 41 93 61 2 93 106 48 57 100 42 96 81 91 46 87 21 77 28 82 56 50 72 4 67 61 98 107 86 51 48 82 76 33 13 73 34 29 65 29
run=11 seed=10 k=108 f=0
67 66 2 32 80 17 7 102 71 95 93 31 0 17 15 3 63 34 19 48 107 96 7 62 70 0 80 42 76 102 93 86 51 44 32 78 80 90 11 8 41 101 4 96 100 37 14 44 72 41 70 84 83 93 107 36 0 93 79 51 7 37 101 70 73 26 20 80 24 93 22 102 91 26 14 54 62 20 69 42 73 42 53 82 36 75 53 9 97 47 105 63 89 13 89 29 4 17 64 77 49 61 56 107 0 33 54 81 0 25 14 31 1 49 25 61 99 55 10 107
run=12 seed=11 k=108 f=0
26 95 69 5 51 67 53 36 77 52 56 101 39 48 51 76 53 25 91 80 87 68 73 85 23 107 44 44 19 73 89 59 107 75 38 27 80 105 1 65 27 31 16 45 102 12 36 100 69 2 65 105 20 82 57 6 5 94 23 35 77 13 41 34 97 23 78 84 0 94 41 0 60 57 84 95 15 33 47 64 43 107 91 49 38 3 11 104 28 63 21 9 82 73 46 64 78 33 36 80 20 90 7 46 71 8 5 32 15 40 101 13 52 55 64 15 98 87 71 32
run=13 seed=12 k=108 f=0
0 32 1 28 44 39 17 79 106 36 34 45 97 38 73 40 107 34 11 44 24 6 0 77 84 98 107 14 78 17 12 49 32 50 53 103 79 3 21 91 56 100 102 107 92 52 101 0 37 9 92 98 28 77 16 97 20 104 73 15 82 63 71 63 59 63 64 4 82 61 42 9 58 4 89 39 74 86 17 55 107 0 9 27 93 64 0 48 2 53 21 11 40 98 73 86 1 17 89 29 32 25 65 69 2 60 33 27 37 21 55 53 18 70 53 62 75 69 89 86
run=14 seed=13 k=108 f=0
30 44 96 106 88 25 56 43 53 38 32 9 15 54 106 35 46 100 18 42 77 99 61 3 107 64 21 6 24 12 31 69 66 78 105 59 19 36 105 88 100 95 0 5 5 72 85 77 26 107 78 65 1 41 19 85 0 56 107 89 17 14 1 28 65 102 0 24 87 71 71 49 87 44 55 74 45 29 18 81 26 10 92 49 57 36 35 52 38 75 97 24 26 99 55 95 40 96 26 61 79 66 15 78 72 78 14 18 91 91 3 29 67 62 79 49 10 11 62 82
run=15 seed=14 k=108 f=0
103 48 58 66 25 6 11 19 56 21 25 16 48 102 68 56 9 50 84 89 82 100 15 6 92 32 58 40 28 75 19 69 57 88 58 5 27 79 10 75 39 48 27 34 8 63 99 29 92 23 12 81 0 92 61 44 76 9 7 44 75 34 22 16 70 91 50 105 61 45 67 52 40 34 107 20 83 28 74 20 39 0 102 1 16 91 56 107 21 72 0 55 98 62 79 96 50 101 1 22 14 69 79 83 41 85 91 76 99 63 107 1 67 90 0 30 98 104 103 3
run=16 seed=15 k=108 f=0
100 107 21 51 28 57 94 0 19 88 105 16 1 96 83 14 49 26 55 37 1 22 68 107 20 13 88 57 52 12 29 75 92 65 41 64 107 103 97 35 2 91 83 96 6 26 40 76 6 101 21 31 69 66 74 88 3 10 9 96 41 51 1 36 29 34 8 30 59 41 93 45 30 74 0 107 3 80 26 99 34 47 45 6 68 52 78 59 66 89 64 18 45 76 105 55 64 54 21 12 80 0 41 86 76 19 82 95 68 107 85 49 67 33 60 100 60 42 19 73
run=17 seed=16 k=108 f=0
96 104 85 76 44 71 19 107 51 63 25 39 11 75 2 92 14 45 103 57 44 63 93 86 107 84 52 52 14 0 90 52 26 16 0 16 89 63 31 33 8 20 97 35 11 17 39 60 48 32 64 49 99 81 27 0 95 44 36 0 91 73 8 7 6 43 1 32 99 13 0 10 75 76 54 107 105 21 0 41 30 6 24 37 85 68 23 101 105 66 57 78 80 81 46 49 24 3 67 13 58 26 43 61 66 107 57 35 93 1 12 18 97 35 55 73 107 88 65 100
run=18 seed=17 k=108 f=0
61 35 71 70 64 72 1 98 39 47 69 69 67 30 78 102 37 96 47 51 0 65 33 0 55 88 107 85 43 57 67 16 40 56 100 57 24 18 4 33 75 107 67 104 69 52 38 63 81 29 91 19 20 55 33 50 37 4 32 42 12 8 1 7 44 9 65 94 43 24 74 105 3 16 50 21 93 84 60 50 26 73 83 107 10 91 102 9 103 78 101 25 10 16 80 86 100 95 72 43 5 87 12 44 103 95 85 19 46 0 95 106 28 37 31 82 61 78 91 56
run=19 seed=18 k=108 f=0
94 71 96 79 29 98 3 55 33 31 18 89 12 14 106 86 79 103 19 84 94 42 23 67 72 68 18 17 42 37 86 77 31 73 80 5 101 82 35 66 57 69 16 27 99 75 62 15 61 31 1 84 0 56 62 107 103 55 33 37 98 13 22 38 25 6 105 107 61 8 23 46 107 5 55 89 58 26 6 94 1 12 87 49 52 43 12 49 94 46 86 99 74 1 25 89 72 19 32 76 47 80 105 40 44 38 19 80 90 21 107 94 44 99 56 25 91 1 39 34
run=20 seed=19 k=108 f=0
72 65 52 58 28 16 22 93 79 40 30 3 37 11 83 33 62 69 55 39 80 43 95 16 46 0 50 107 47 83 55 21 11 47 81 27 98 36 12 64 4 1 102 0 14 26 25 30 18 107 98 95 33 96 8 72 64 44 50 94 10 103 63 28 78 53 58 85 59 74 56 13 48 89 78 34 40 65 16 96 72 87 87 20 94 1 88 105 76 39 54 86 23 25 2 0 69 81 106 96 40 54 85 72 70 19 15 2 34 23 7 38 103 25 75 105 96 63 11 102
