run=1 seed=0 k=106 f=0
7 3 64 104 0 47 60 25 59 29 48 103 105 67 18 45 34 12 60 24 69 17 95 83 56 62 9 100 32 18 85 93 78 87 68 88 83 54 39 34 78 75 66 74 72 97 102 82 16 81 96 81 7 83 30 92 100 70 0 25 96 37 74 1 2 103 72 82 104 28 40 50 55 3 105 17 0 55 85 24 30 7 67 19 61 48 71 65 90 93 89 10 40 90 3 75 0 43 50 17 23 62 42 27 94 59 11 20 49 22 35 6 33 37 14 53 48 99 41 55
run=2 seed=1 k=106 f=0
7 3 64 104 0 47 60 25 59 29 48 103 105 67 18 45 34 12 60 24 69 17 95 83 56 62 9 100 32 18 85 93 78 87 68 88 83 54 39 34 78 75 66 74 72 97 102 82 16 81 96 81 7 83 30 92 100 70 0 25 96 37 74 1 2 103 72 82 104 28 40 50 55 3 105 17 0 55 85 24 30 7 67 19 61 48 71 65 90 93 89 10 40 90 3 75 0 43 50 17 23 62 42 27 94 59 11 20 49 22 35 6 33 37 14 53 48 99 41 55
run=3 seed=2 k=106 f=0
33 105 78 75 103 23 104 15 54 1 68 62 63 17 104 85 0 37 27 10 42 22 39 10 67 59 48 68 42 57 92 74 16 74 36 2 22 52 92 86 81 0 84 89 0 0 94 72 72 89 100 94 42 67 105 2 46 95 50 93 52 17 91 66 45 82 20 50 32 66 28 7 13 53 20 84 63 37 104 89 7 16 15 8 89 45 80 28 69 49 77 0 5 81 34 60 70 101 9 98 90 45 8 33 20 57 30 103 21 27 80 64 41 1 102 97 98 32 58 63
run=4 seed=3 k=106 f=0
105 15 104 105 45 81 24 21 25 48 26 2 101 83 28 21 17 97 105 65 33 48 22 86 86 29 78 3 102 26 92 7 44 88 34 70 66 105 12 83 33 41 71 27 78 23 11 70 36 9 63 52 85 88 60 39 14 94 18 101 62 41 63 51 47 97 34 6 83 17 23 10 93 73 0 50 53 50 105 34 60 73 32 36 1 16 44 0 7 67 60 99 8 18 53 79 10 53 82 17 2 28 48 105 91 37 90 15 71 57 55 90 5 96 63 97 77 2 25 3
run=5 seed=4 k=106 f=0
50 78 4 105 71 82 95 11 16 100 87 4 70 26 56 1 13 105 88 24 105 44 40 51 47 97 22 4 17 76 49 29 105 44 32 93 28 69 0 11 100 66 26 20 96 63 40 38 22 72 39 43 31 52 35 93 20 92 95 83 61 65 75 90 77 60 78 32 57 32 7 71 49 44 81 0 103 12 48 96 11 38 25 53 5 82 40 2 68 56 36 63 16 57 74 18 84 105 53 11 61 37 6 87 36 77 102 50 92 66 72 32 3 61 17 82 0 100 101 36
run=6 seed=5 k=106 f=0
21 47 16 18 76 77 11 50 39 7 54 10 102 88 70 0 44 74 67 79 21 105 77 89 62 13 105 56 26 56 35 84 28 90 87 57 48 33 41 3 10 72 59 39 101 60 87 3 20 95 76 43 29 51 0 67 60 95 91 51 79 74 52 24 83 28 63 14 64 67 66 104 37 39 53 25 49 46 14 2 30 8 13 9 2 79 4 33 84 82 16 72 61 92 82 100 49 70 99 102 95 26 99 87 27 85 54 84 40 63 35 104 93 1 40 43 105 17 103 6
run=7 seed=6 k=106 f=0
95 43 30 56 2 20 38 0 98 58 31 49 57 67 13 57 40 49 14 60 67 34 70 39 9 1 0 51 88 93 105 7 84 59 49 26 4 28 52 63 82 24 97 2 46 78 95 11 33 102 33 54 64 63 79 73 104 22 0 18 9 0 24 14 87 57 6 92 52 73 89 71 81 45 72 33 43 65 93 19 97 41 81 36 83 104 55 11 23 85 30 104 92 83 28 21 52 92 97 105 81 105 8 17 45 39 75 89 103 94 13 79 34 24 38 75 23 9 88 46
run=8 seed=7 k=106 f=0
15 24 79 80 38 25 22 47 84 77 8 30 9 19 96 105 104 41 82 29 65 5 78 2 61 76 53 67 1 28 29 13 105 79 94 83 100 105 21 0 11 87 2 52 0 71 58 94 94 67 96 88 36 24 13 73 7 62 20 97 11 71 103 31 68 0 68 9 40 17 50 38 0 80 88 104 66 89 79 67 32 73 10 97 94 21 58 39 9 6 45 87 37 46 20 36 65 18 45 86 54 53 83 45 103 27 49 53 70 51 56 30 36 105 88 49 21 59 61 99
run=9 seed=8 k=106 f=0
28 68 91 84 85 19 10 91 105 65 14 37 32 22 10 103 83 24 48 48 96 19 51 76 52 64 17 78 89 45 72 11 20 32 99 44 95 66 59 2 54 90 12 46 61 73 4 78 29 105 65 1 10 4 79 0 66 86 63 4 57 32 40 4 39 10 79 75 80 32 89 12 0 41 38 17 60 0 33 102 73 55 88 51 105 56 75 92 68 16 66 22 95 21 40 73 102 50 43 98 34 80 33 20 86 103 38 26 99 47 5 71 51 7 90 40 96 101 26 57
run=10 seed=9 k=106 f=0
51 7 5 28 49 23 92 46 72 26 50 23 94 70 44 25 9 98 13 63 101 59 105 48 79 83 0 10 3 87 48 0 21 105 40 86 102 71 12 60 55 7 5 63 55 29 50 13 45 17 21 14 105 105 41 96 78 80 81 93 34 47 34 50 27 0 62 17 90 14 77 1 54 14 26 19 38 39 24 57 66 32 103 61 15 71 0 104 45 58 4 35 35 70 103 94 79 73 36 78 92 39 34 96 1 86 26 89 96 91 72 64 57 65 32 45 67 85 57 101
run=11 seed=10 k=106 f=0
52 13 22 90 68 105 42 3 35 61 54 97 48 37 78 100 42 99 26 12 87 61 102 5 93 16 62 90 19 101 69 79 0 92 34 39 37 25 33 71 0 104 9 37 40 15 13 10 58 89 48 6 25 59 46 67 2 105 27 56 0 30 61 82 77 96 100 71 36 73 52 23 75 88 33 42 0 54 74 69 9 50 42 70 0 29 105 40 29 5 97 41 59 102 20 18 12 47 14 89 84 85 97 8 65 8 76 49 21 53 97 85 20 31 1 19 64 60 91 90
run=12 seed=11 k=106 f=0
95 36 42 7 8 83 45 49 33 41 74 87 46 48 37 15 53 87 62 46 25 71 17 54 5 39 89 4 25 66 9 97 61 77 55 102 54 25 18 12 59 19 98 8 35 81 56 41 68 22 16 71 93 29 58 65 103 72 33 93 60 80 97 15 37 74 63 68 0 36 47 63 11 0 4 92 103 25 55 84 50 41 13 68 105 99 80 105 98 64 19 85 77 17 102 10 97 44 20 94 85 25 83 31 96 85 17 21 46 73 63 89 53 75 57 80 105 0 69 33
run=13 seed=12 k=106 f=0
53 15 50 82 103 15 55 76 83 101 13 81 0 22 62 95 34 93 42 82 7 76 98 102 48 73 73 20 70 8 53 57 45 10 76 67 36 69 20 13 46 99 54 101 22 69 105 91 58 50 33 102 9 33 44 59 11 105 42 105 41 61 99 80 102 0 14 70 28 41 105 1 89 29 23 90 24 23 72 54 85 66 51 29 51 79 0 93 76 15 88 2 34 93 79 62 1 19 35 36 52 27 105 98 34 74 40 31 16 85 92 65 42 63 39 19 64 85 2 97
run=14 seed=13 k=106 f=0
10 104 21 55 55 16 22 105 95 19 28 85 97 92 42 97 25 49 68 19 52 89 83 77 91 101 17 91 0 93 35 24 53 66 21 70 64 31 81 28 82 34 57 102 105 36 39 84 42 92 102 47 54 80 75 44 5 105 68 35 33 76 54 39 90 26 95 25 0 3 82 96 9 89 16 105 51 45 85 13 41 13 60 97 100 69 63 27 32 86 5 46 31 49 12 5 50 19 76 92 29 0 7 77 38 73 5 34 35 71 77 71 5 66 61 60 2 22 91 61
run=15 seed=14 k=106 f=0
87 29 19 86 29 68 49 51 76 54 41 66 59 72 99 8 103 94 95 105 98 17 19 96 48 45 68 0 81 32 29 77 49 59 105 105 32 105 98 9 21 12 78 51 39 42 79 96 91 74 41 21 15 84 40 24 54 19 61 60 83 22 64 27 1 4 13 31 89 49 52 79 7 105 0 72 83 1 27 10 67 44 58 11 50 83 36 77 103 86 71 33 41 14 71 20 10 55 89 34 20 97 96 24 82 26 90 32 103 53 5 103 15 58 1 35 65 87 1 38
run=16 seed=15 k=106 f=0
93 70 6 87 62 35 94 42 71 66 3 57 10 30 34 79 47 83 96 28 10 100 17 0 49 61 72 73 105 62 67 51 67 105 30 27 29 5 67 101 13 58 30 42 57 3 84 61 9 1 22 43 32 14 55 99 45 41 94 40 78 8 92 71 12 50 54 101 85 104 40 84 87 78 15 69 1 28 43 18 1 23 86 91 75 58 96 96 7 102 49 50 85 0 87 21 56 66 21 75 84 18 5 105 102 22 15 6 50 91 64 24 17 40 72 36 24 78 104 80
run=17 seed=16 k=106 f=0
46 57 67 7 71 79 71 8 105 15 31 4 50 56 29 67 13 43 85 40 47 28 65 83 104 95 26 87 97 44 46 20 9 59 24 11 96 89 24 58 0 10 74 5 56 19 21 27 102 78 63 31 61 43 17 65 52 73 71 89 20 33 96 26 48 46 39 23 62 73 67 80 88 89 52 95 37 56 54 23 100 34 87 100 89 104 37 15 91 105 39 82 96 63 42 0 35 44 13 102 15 52 70 29 14 3 1 12 91 84 105 56 1 104 74 1 2 35 78 18
run=18 seed=17 k=106 f=0
61 76 85 19 29 18 81 26 54 89 30 66 18 24 91 103 51 96 18 17 4 25 31 39 33 63 94 40 66 61 39 90 82 0 84 17 21 67 7 30 9 10 83 48 41 74 4 101 81 89 31 4 0 0 32 39 75 11 81 94 44 72 72 21 77 62 59 22 98 49 57 105 9 45 73 24 91 1 42 29 58 36 8 13 72 65 28 85 15 6 56 93 7 3 10 47 56 98 30 73 97 54 100 36 54 99 28 1 104 15 63 90 83 77 83 49 105 103 66 92
run=19 seed=18 k=106 f=0
28 50 9 55 61 88 55 62 2 79 104 3 32 49 70 65 0 82 31 95 9 77 87 12 44 63 102 101 82 46 40 17 55 73 42 59 74 24 40 48 33 24 3 62 81 105 82 57 25 37 20 34 46 1 44 9 73 9 41 99 70 54 92 95 80 33 24 26 84 71 19 38 11 90 54 100 16 63 31 21 105 48 98 32 67 41 88 3 0 15 82 55 5 63 8 90 8 97 104 77 11 18 92 80 20 15 45 68 27 73 0 84 46 87 90 57 105 100 90 29
run=20 seed=19 k=106 f=0
64 8 36 56 6 51 8 68 58 79 33 58 41 68 91 98 14 71 70 96 39 64 32 84 0 83 5 48 14 65 31 89 7 78 23 105 97 92 10 83 23 105 37 44 78 52 13 21 66 0 91 85 39 56 59 105 83 25 11 26 30 51 7 7 47 30 33 104 79 105 45 5 76 0 23 66 3 33 60 20 18 29 83 17 70 73 98 48 24 105 104 86 61 91 38 103 100 19 64 65 36 42 45 90 21 18 95 98 12 61 51 25 39 74 14 0 52 0 43 79
