run=1 seed=0 k=115 f=0
55 46 52 25 98 1 106 91 34 1 70 62 75 40 41 86 14 47 21 81 18 103 52 44 47 67 9 84 62 95 114 67 91 24 90 11 78 99 76 102 102 107 63 19 59 47 68 26 5 76 73 21 38 75 72 83 45 22 41 26 30 5 94 7 11 50 11 79 93 57 84 15 21 32 94 13 40 66 61 105 114 0 59 35 29 13 111 86 79 59 112 110 1 108 70 0 1 87 2 109 8 95 25 53 100 9 26 17 110 82 7 101 71 35 36 54 103 54 34 99
run=2 seed=1 k=115 f=0
55 46 52 25 98 1 106 91 34 1 70 62 75 40 41 86 14 47 21 81 18 103 52 44 47 67 9 84 62 95 114 67 91 24 90 11 78 99 76 102 102 107 63 19 59 47 68 26 5 76 73 21 38 75 72 83 45 22 41 26 30 5 94 7 11 50 11 79 93 57 84 15 21 32 94 13 40 66 61 105 114 0 59 35 29 13 111 86 79 59 112 110 1 108 70 0 1 87 2 109 8 95 25 53 100 9 26 17 110 82 7 101 71 35 36 54 103 54 34 99
run=3 seed=2 k=115 f=0
10 69 46 65 80 83 59 11 72 52 72 76 64 111 47 14 44 28 7 13 30 93 84 37 68 53 10 20 66 48 3 76 89 58 26 46 42 102 66 70 57 45 93 73 37 110 82 38 63 100 99 39 91 95 6 112 17 33 3 110 112 57 88 67 87 16 50 83 21 20 0 97 24 80 82 59 92 114 97 14 65 114 65 49 106 24 35 92 77 106 103 114 0 27 46 79 34 16 101 55 53 88 18 6 53 59 18 47 29 75 39 29 1 83 2 86 13 35 34 89
run=4 seed=3 k=115 f=0
86 13 93 95 0 20 67 109 99 60 71 59 93 105 7 66 66 38 16 0 83 113 83 44 78 28 84 0 8 54 34 75 59 79 91 32 11 31 12 33 24 23 0 102 6 41 1 52 91 19 69 91 0 33 114 5 81 72 51 89 43 41 86 88 87 62 34 110 8 33 56 22 73 100 10 64 37 16 16 68 57 99 92 48 35 81 105 106 101 76 25 25 51 69 98 63 114 50 46 12 50 3 48 82 103 105 58 42 77 57 92 29 77 3 53 43 97 96 108 16
run=5 seed=4 k=115 f=0
114 12 54 31 108 102 65 58 43 20 14 89 95 49 63 83 14 66 58 59 28 51 23 45 54 80 86 32 100 113 70 43 72 19 88 21 14 84 67 1 10 114 74 40 23 107 13 81 63 103 62 32 0 2 2 114 51 81 36 36 31 7 96 112 33 90 86 64 103 69 92 49 72 55 57 12 68 103 79 16 74 65 12 42 4 25 47 77 16 97 38 98 5 77 90 107 20 39 5 25 31 98 36 114 47 87 76 54 96 88 87 21 32 2 111 94 24 10 21 110
run=6 seed=5 k=115 f=0
35 74 94 61 44 1 2 53 64 45 58 53 31 43 0 59 0 76 34 97 14 83 8 113 101 84 93 63 101 37 114 104 99 35 9 114 26 18 10 106 66 49 98 40 5 60 17 83 40 94 54 90 103 18 89 113 110 83 32 89 23 41 76 109 25 103 78 113 23 105 56 68 65 73 13 89 73 5 113 69 94 77 9 4 1 17 32 24 50 68 50 106 91 0 14 44 9 16 11 54 84 79 18 7 76 11 61 34 17 59 68 88 46 77 31 40 49 62 64 25
run=7 seed=6 k=115 f=0
61 13 82 50 38 30 96 36 62 7 50 74 114 90 1 51 105 91 95 84 92 101 61 67 39 70 112 28 32 33 10 109 22 109 26 44 41 43 2 102 40 77 15 72 17 31 9 8 18 37 74 4 96 57 63 21 103 52 0 63 86 79 48 5 89 104 109 99 23 20 25 91 114 12 48 17 95 57 114 99 32 68 55 99 9 76 57 3 85 29 87 68 106 47 87 77 54 65 27 1 8 0 22 7 31 80 20 91 11 0 59 112 78 96 25 42 79 55 88 44
run=8 seed=7 k=115 f=0
97 36 18 41 5 98 51 57 20 59 110 69 1 35 83 29 114 56 79 11 22 4 13 9 35 24 111 7 13 64 93 114 65 49 88 45 112 72 103 18 80 0 92 110 50 37 25 80 51 97 3 101 4 16 40 30 57 90 85 15 13 63 56 81 80 62 80 75 61 75 106 2 60 102 67 28 51 55 35 36 93 42 39 19 98 74 88 26 42 10 46 29 21 44 23 1 20 29 73 88 66 85 103 77 68 52 8 113 102 44 52 86 1 89 105 73 33 10 104 85
run=9 seed=8 k=115 f=0
89 48 82 78 25 89 27 98 12 62 20 66 31 107 63 69 45 106 1 102 77 23 12 37 105 63 112 112 95 53 78 97 105 60 94 1 3 15 108 15 90 31 114 2 31 95 30 104 34 74 3 6 54 114 70 44 62 42 0 57 101 39 39 96 3 28 42 6 43 64 39 49 12 57 20 82 37 11 68 94 87 16 72 26 10 74 87 24 113 31 83 51 3 23 95 91 67 25 97 57 102 78 15 109 37 70 73 53 98 114 112 70 63 44 114 53 5 83 73 24
run=10 seed=9 k=115 f=0
97 12 95 47 11 33 20 113 58 67 109 46 8 24 32 82 16 26 21 79 1 60 106 56 28 64 39 83 34 92 0 105 65 0 79 68 3 59 41 54 12 64 72 53 53 114 102 13 24 76 110 54 33 41 99 86 51 41 95 99 54 112 95 38 11 104 68 42 46 81 91 75 107 19 114 4 22 0 14 113 72 30 2 81 37 78 5 101 45 84 88 65 23 20 7 31 71 84 87 44 98 36 94 98 54 109 2 48 31 104 24 80 67 63 89 114 47 20 87 60
run=11 seed=10 k=115 f=0
98 33 23 65 36 65 110 39 87 22 90 39 93 33 114 23 101 114 111 37 78 114 24 109 42 73 97 43 81 86 89 58 73 76 25 106 57 16 59 12 16 12 53 92 12 66 16 48 112 12 75 23 29 65 105 7 75 34 103 84 59 52 3 86 83 110 44 61 50 22 67 78 21 22 46 97 102 10 28 51 91 42 74 25 70 102 93 30 56 63 82 0 61 31 100 9 52 49 32 57 52 4 108 84 112 0 68 17 2 0 18 102 35 44 72 3 37 95 84 10
run=12 seed=11 k=115 f=0
26 48 42 100 96 114 111 16 89 68 53 67 113 113 19 113 10 94 10 89 96 39 67 0 75 70 9 55 61 23 101 104 9 3 114 0 93 73 33 82 93 60 39 53 61 74 33 80 87 79 70 29 52 41 103 27 29 33 45 90 33 53 22 47 98 66 84 99 68 62 64 16 99 58 114 51 98 107 114 86 18 83 0 87 10 50 18 39 72 58 99 79 40 108 31 23 17 111 2 15 67 7 34 41 105 1 103 47 52 0 30 75 9 83 44 2 26 60 74 49
run=13 seed=12 k=115 f=0
9 45 39 73 63 99 77 90 17 69 85 32 79 67 3 1 17 91 45 5 108 13 20 0 22 42 114 32 12 82 56 52 114 47 55 66 55 11 112 18 96 102 20 51 68 26 56 6 0 52 36 43 61 112 65 42 88 91 93 93 24 103 76 103 54 30 1 114 60 104 83 41 95 67 33 71 21 45 47 95 27 79 86 0 22 36 73 13 29 114 104 77 55 84 9 98 3 11 106 75 6 76 76 107 69 48 86 107 63 85 32 25 59 23 59 39 6 35 18 105
run=14 seed=13 k=115 f=0
36 8 64 81 4 1 92 60 64 61 26 79 22 89 91 31 104 9 18 5 67 23 34 96 74 70 30 2 72 39 18 0 80 18 26 37 99 29 102 57 110 91 84 89 65 6 34 55 29 2 3 1 87 103 97 47 70 72 99 84 54 93 73 39 91 10 55 2 41 21 46 49 95 15 61 12 71 58 75 68 111 59 35 108 84 113 15 49 81 80 42 35 60 28 103 0 55 65 70 112 78 19 46 114 112 109 108 97 12 34 15 25 81 66 12 50 23 72 35 99
run=15 seed=14 k=115 f=0
74 102 56 7 30 8 37 40 89 101 77 9 99 30 81 40 106 72 10 26 70 80 64 113 5 12 65 55 98 83 88 108 8 15 70 31 61 53 71 105 39 36 109 1 114 27 108 47 20 39 49 72 57 50 62 31 82 37 12 14 114 58 2 81 85 111 62 87 45 22 88 93 0 1 48 6 38 31 53 58 0 21 16 4 114 68 66 74 9 95 18 33 49 22 33 96 18 83 88 86 62 50 78 74 106 43 80 79 95 3 61 63 98 104 67 90 26 24 98 111
run=16 seed=15 k=115 f=0
24 99 76 25 54 55 59 92 103 98 33 30 81 2 0 0 7 101 73 43 56 20 103 45 8 36 53 9 95 88 48 106 30 0 110 114 85 20 74 73 40 50 82 89 25 113 20 111 63 15 112 12 95 99 31 69 20 50 71 35 79 93 39 50 8 2 44 110 94 34 89 14 54 19 110 79 97 4 16 101 64 10 11 40 112 58 24 76 29 60 91 104 112 64 56 64 69 103 76 45 34 46 104 0 85 42 52 48 61 87 3 23 84 14 80 28 72 114 88 24
run=17 seed=16 k=115 f=0
77 51 43 32 114 93 67 24 63 3 34 15 114 31 83 32 12 114 54 16 112 74 51 54 58 37 68 22 95 0 3 103 69 17 20 8 111 83 10 31 108 0 74 64 2 59 96 21 45 70 24 81 22 86 32 42 35 2 82 81 0 108 87 5 98 102 11 26 94 102 62 50 30 19 54 108 0 39 7 76 13 46 111 46 25 46 108 89 48 91 96 1 27 90 73 90 58 79 91 11 95 38 49 88 69 105 74 78 45 81 57 53 31 77 99 64 100 108 72 111
run=18 seed=17 k=115 f=0
15 77 19 82 16 39 55 114 62 82 26 113 104 52 113 84 87 113 92 38 114 51 58 33 18 70 46 95 75 23 64 43 65 63 51 28 70 106 90 35 91 58 34 80 9 59 65 70 22 60 100 37 104 32 4 17 81 88 18 67 9 1 27 26 70 95 114 108 89 5 93 102 38 27 45 111 57 13 79 96 24 99 104 82 106 43 0 55 27 98 77 99 84 56 45 55 2 82 98 30 106 92 110 52 10 3 2 84 111 31 0 52 6 70 32 67 16 47 4 42
run=19 seed=18 k=115 f=0
69 15 67 67 66 106 47 27 23 53 76 51 87 95 62 40 9 30 56 40 48 79 16 5 83 64 106 100 64 32 57 95 0 46 81 59 81 4 113 44 75 88 58 10 11 57 1 32 72 43 87 111 105 5 92 75 114 112 111 113 97 22 95 16 97 62 85 34 0 98 23 12 85 22 52 14 98 81 100 55 31 72 45 37 57 96 114 14 23 77 35 66 79 62 70 105 3 4 68 25 105 91 25 32 17 28 41 0 114 37 9 39 88 44 102 21 0 83 44 104
run=20 seed=19 k=115 f=0
84 81 28 54 27 5 71 73 67 99 105 71 95 67 6 40 86 114 3 89 59 24 45 25 26 95 87 67 25 11 58 71 19 88 107 46 1 66 114 51 74 114 45 55 13 78 112 48 112 0 41 113 38 64 25 106 93 28 30 66 54 94 0 79 59 81 16 53 50 95 107 16 63 60 15 10 21 68 66 77 86 101 60 9 77 106 29 1 36 103 40 97 56 34 80 36 17 9 89 74 77 106 49 21 43 112 51 98 34 6 3 22 37 103 114 17 70 17 36 77
