run=1 seed=0 k=95 f=0
82 91 53 53 55 16 92 8 23 26 46 7 74 13 55 76 93 19 46 1 8 55 27 68 10 45 83 5 87 17 4 37 20 65 9 42 36 94 74 94 63 51 41 30 66 1 73 6 17 26 74 54 54 0 3 57 73 45 94 19 0 32 53 86 35 46 81 84 69 36 77 60 63 27 10 42 38 93 77 48 26 15 86 52 21 86 35 6 69 60 11 83 38 72 94 15 33 74 4 79 92 50 21 84 57 66 22 32 25 79 31 90 71 44 0 85 70 25 63 41
run=2 seed=1 k=95 f=0
82 91 53 53 55 16 92 8 23 26 46 7 74 13 55 76 93 19 46 1 8 55 27 68 10 45 83 5 87 17 4 37 20 65 9 42 36 94 74 94 63 51 41 30 66 1 73 6 17 26 74 54 54 0 3 57 73 45 94 19 0 32 53 86 35 46 81 84 69 36 77 60 63 27 10 42 38 93 77 48 26 15 86 52 21 86 35 6 69 60 11 83 38 72 94 15 33 74 4 79 92 50 21 84 57 66 22 32 25 79 31 90 71 44 0 85 70 25 63 41
run=3 seed=2 k=95 f=0
62 17 91 15 75 86 94 2 79 81 45 86 48 47 84 92 0 30 41 80 73 50 54 88 46 63 0 13 10 61 20 7 38 20 1 59 30 94 76 21 83 67 41 79 16 78 42 27 70 23 69 75 44 31 58 47 14 92 0 27 94 77 40 49 34 18 17 36 37 35 6 41 34 5 14 89 9 22 16 74 83 22 0 69 94 66 79 43 52 73 57 53 25 94 66 85 29 11 31 36 62 3 94 53 62 71 28 57 78 37 28 23 66 52 55 57 87 11 48 58
run=4 seed=3 k=95 f=0
82 61 22 75 10 94 24 67 41 72 20 29 16 72 69 31 65 51 64 60 53 83 58 86 11 0 9 8 56 19 48 15 47 74 18 5 65 3 84 54 26 6 15 68 0 2 76 73 80 19 0 33 56 37 60 10 72 94 77 77 72 68 81 41 55 29 88 57 68 39 32 19 47 75 9 50 57 55 30 3 45 24 48 24 40 36 94 64 13 77 25 92 78 49 42 46 83 12 61 83 55 87 15 38 11 41 61 62 48 33 0 4 20 94 94 94 86 36 86 6
run=5 seed=4 k=95 f=0
38 42 40 74 0 63 94 94 89 0 27 81 2 23 94 26 44 66 40 84 67 88 74 24 72 78 14 87 75 53 32 6 18 86 54 13 54 27 33 11 66 45 74 92 18 30 67 72 37 28 81 62 88 13 53 81 23 69 53 48 51 36 27 35 68 7 1 7 19 0 94 92 71 85 18 93 22 37 11 66 81 60 52 7 75 77 60 91 81 10 43 60 51 28 86 47 4 21 45 0 88 65 94 7 40 62 17 17 61 55 0 45 37 44 58 34 1 15 71 85
run=6 seed=5 k=95 f=0
85 74 70 79 90 55 70 70 36 46 66 42 90 77 56 19 31 24 65 3 54 8 29 18 13 94 30 39 93 94 38 94 13 91 20 25 73 32 9 32 87 60 50 15 27 24 7 93 0 61 46 60 70 10 65 81 39 5 24 61 87 82 2 76 42 22 84 40 43 55 37 55 52 49 6 49 0 38 89 27 0 72 66 0 34 81 18 71 15 84 66 83 46 0 51 59 64 11 31 43 54 94 54 79 75 20 41 48 1 13 15 76 11 10 70 81 44 18 30 3
run=7 seed=6 k=95 f=0
66 90 80 21 0 79 52 14 0 31 10 81 40 42 80 36 93 16 79 35 27 14 63 34 10 84 71 57 94 94 60 58 51 23 12 49 36 42 62 9 7 51 68 88 89 75 59 49 29 37 28 64 54 94 58 94 41 24 1 44 21 73 21 76 74 70 84 1 76 12 8 94 72 62 0 30 19 46 92 58 7 20 40 32 44 16 63 85 30 26 0 53 31 52 65 84 78 3 0 7 63 60 19 13 19 45 5 10 0 69 65 83 29 55 25 85 46 3 70 12
run=8 seed=7 k=95 f=0
87 92 82 47 76 48 29 84 0 47 80 19 40 50 79 44 94 74 66 89 73 15 71 75 71 53 39 66 24 30 77 84 31 41 88 6 94 31 74 5 84 20 58 25 90 63 60 56 87 37 58 66 69 35 89 18 10 72 41 61 46 0 38 2 94 92 76 20 0 20 82 41 60 48 11 70 36 0 8 57 27 94 8 67 64 12 28 94 9 63 22 19 93 80 30 49 15 78 18 67 1 52 5 0 56 57 39 26 9 43 32 66 77 67 11 51 20 8 59 32
run=9 seed=8 k=95 f=0
52 36 94 0 74 49 42 63 3 70 81 60 85 23 94 91 69 46 5 47 0 10 77 50 1 30 27 63 73 67 90 70 24 71 94 46 90 80 32 77 11 87 89 4 24 69 81 57 15 94 56 1 41 17 36 10 28 32 31 75 23 66 15 55 53 86 27 35 22 92 63 39 76 44 0 9 65 19 14 5 80 52 77 15 94 58 85 76 88 18 13 5 68 13 50 42 34 5 17 26 45 28 48 52 68 6 48 70 40 80 58 81 38 84 84 40 9 23 63 63
run=10 seed=9 k=95 f=0
15 44 62 34 75 3 64 44 77 89 57 92 94 90 52 14 57 23 84 31 63 27 19 56 60 1 85 42 9 4 34 54 24 69 51 4 62 88 82 72 25 79 60 35 31 2 70 41 10 30 41 84 48 67 78 15 11 87 47 78 75 69 11 8 20 57 3 39 19 48 16 27 84 45 93 59 81 65 9 10 0 36 94 50 71 35 65 18 40 72 79 94 69 47 5 37 62 37 22 50 43 54 79 21 0 6 27 86 94 15 85 51 26 72 21 92 40 29 25 45
run=11 seed=10 k=95 f=0
11 4 53 25 18 30 40 57 39 33 64 24 77 49 52 55 43 11 41 94 79 36 20 69 27 67 13 87 69 94 6 89 93 81 94 45 48 65 5 2 75 59 48 22 68 17 76 0 34 18 63 3 0 10 1 94 83 39 42 0 83 18 62 36 37 10 59 9 16 2 60 80 94 85 27 36 86 46 8 6 24 72 74 90 30 62 52 55 86 86 26 72 33 41 83 24 37 73 12 42 31 63 22 9 85 67 94 21 40 58 51 85 52 83 94 0 76 16 48 15
run=12 seed=11 k=95 f=0
65 6 49 0 18 70 93 64 26 45 10 57 79 57 92 67 38 87 35 33 19 29 28 26 15 62 75 74 37 65 3 87 20 15 6 40 86 94 74 10 21 25 46 23 23 2 63 79 46 0 43 77 74 74 78 53 64 40 94 80 82 49 48 31 84 11 68 58 60 50 68 22 91 69 52 82 32 15 68 43 11 0 88 58 77 61 24 36 10 18 50 25 1 36 1 38 12 31 43 41 93 71 82 15 1 56 82 39 9 94 50 18 0 91 93 43 9 6 54 26
run=13 seed=12 k=95 f=0
87 4 2 27 62 11 94 51 46 44 18 45 36 8 5 21 57 87 44 5 12 68 77 56 71 48 77 69 49 7 23 94 94 61 91 55 0 18 0 54 0 25 6 52 30 73 79 81 37 65 15 78 93 70 78 66 7 14 50 40 19 81 7 26 27 25 60 13 75 37 42 22 83 64 0 36 41 87 89 19 0 83 1 94 40 27 74 47 39 34 81 83 59 94 4 71 41 8 51 92 53 62 70 28 64 31 20 34 63 80 31 91 57 94 51 58 12 38 16 91
run=14 seed=13 k=95 f=0
8 14 90 1 24 13 82 79 59 52 32 28 34 25 54 82 54 83 64 12 5 37 24 86 12 94 57 29 53 69 0 29 13 36 52 52 72 1 17 94 32 94 51 56 53 49 9 69 87 45 92 74 21 0 66 94 9 23 86 93 68 23 28 16 8 22 46 42 77 78 60 81 0 0 30 34 32 8 50 47 18 43 41 90 66 79 77 40 91 39 63 44 4 66 75 72 82 10 60 76 87 59 73 36 0 42 29 48 50 64 23 35 84 16 0 58 7 27 71 13
run=15 seed=14 k=95 f=0
62 81 91 6 20 78 72 63 31 42 59 30 66 81 46 46 94 4 71 69 34 56 9 53 1 52 16 89 58 41 21 64 20 33 8 92 72 93 40 54 73 50 84 48 10 12 43 88 0 36 32 27 85 38 68 8 58 82 42 76 70 37 63 59 51 56 87 65 23 62 46 22 19 35 77 77 0 26 83 74 87 0 69 15 94 5 10 86 40 42 94 76 31 94 28 0 47 43 63 28 94 7 6 61 29 1 2 21 79 66 7 1 41 94 53 14 27 24 29 13
run=16 seed=15 k=95 f=0
66 68 25 74 78 77 91 44 70 53 55 35 73 42 13 13 48 17 94 37 80 31 3 44 28 39 94 33 0 83 79 23 51 36 62 42 78 0 8 22 9 8 89 43 36 41 51 62 55 74 52 23 0 0 68 23 17 87 94 83 23 48 10 81 18 49 79 63 45 0 10 94 85 30 30 51 5 67 15 36 56 87 86 51 64 60 94 20 69 6 1 74 81 11 0 26 25 64 46 94 44 4 66 15 85 45 61 1 60 89 1 28 38 34 73 72 61 59 33 14
run=17 seed=16 k=95 f=0
68 32 24 50 40 11 20 68 43 86 29 57 24 53 58 87 30 85 19 53 94 15 0 32 42 13 42 18 0 59 19 58 87 17 0 46 27 52 59 41 94 35 26 4 34 81 91 55 88 39 12 69 51 77 35 82 92 0 21 2 80 64 66 74 77 22 10 80 82 89 67 94 0 64 59 15 39 18 63 94 27 7 74 8 1 72 22 5 48 45 12 41 44 52 24 89 35 8 86 65 51 19 65 72 13 6 59 4 78 5 73 27 94 25 12 44 94 0 68 81
run=18 seed=17 k=95 f=0
40 21 55 16 37 47 0 12 33 87 24 29 49 88 22 8 23 82 58 92 61 47 36 32 35 94 84 63 31 75 38 87 11 52 7 71 74 37 83 0 0 42 18 88 73 35 82 2 65 56 25 23 77 50 4 69 75 90 11 64 39 81 82 72 74 21 46 54 79 51 10 9 86 60 46 22 77 43 71 94 17 0 62 90 53 68 0 7 62 62 82 44 57 19 26 66 54 49 78 31 94 94 70 15 1 31 17 55 91 7 36 64 92 63 44 29 32 28 66 78
run=19 seed=18 k=95 f=0
63 64 76 91 15 85 16 12 17 51 83 16 74 52 39 6 66 26 51 94 13 47 84 33 73 94 41 91 86 51 30 87 55 41 70 30 70 65 0 0 18 63 90 32 63 45 5 39 24 75 59 77 9 43 5 47 93 30 28 55 87 82 30 82 25 71 55 45 54 81 19 37 42 94 57 10 55 4 70 24 34 21 1 51 39 11 0 67 30 15 86 59 66 11 0 33 73 60 38 12 82 92 3 51 18 80 43 8 12 45 3 60 94 26 27 77 35 75 0 22
run=20 seed=19 k=95 f=0
42 21 70 17 9 75 16 9 36 94 83 72 48 18 4 48 75 8 55 72 57 77 90 8 15 24 0 14 75 61 43 31 35 43 34 5 64 94 34 78 50 1 70 36 3 28 87 13 94 40 29 1 0 74 29 56 91 88 24 59 31 27 93 17 22 4 49 73 9 70 87 9 13 19 49 51 63 42 37 24 84 17 45 79 46 69 66 79 81 91 58 63 82 50 41 52 67 53 64 21 26 37 10 82 15 24 41 26 36 34 93 79 85 90 87 65 58 0 42 54
