run=1 seed=0 k=118 f=0
117 49 3 46 117 15 22 108 99 0 72 86 84 39 71 98 9 98 36 7 39 90 23 115 110 46 18 107 117 55 95 108 53 42 99 71 78 24 54 94 103 60 33 107 62 45 96 91 100 80 85 68 58 12 69 4 90 32 117 5 25 32 109 53 80 115 0 43 29 26 106 63 2 23 89 0 72 36 48 102 53 69 52 61 100 62 37 93 92 29 10 0 0 100 13 12 2 14 58 83 23 54 67 111 88 41 85 26 7 20 20 68 41 74 75 78 117 93 43 50
run=2 seed=1 k=118 f=0
117 49 3 46 117 15 22 108 99 0 72 86 84 39 71 98 9 98 36 7 39 90 23 115 110 46 18 107 117 55 95 108 53 42 99 71 78 24 54 94 103 60 33 107 62 45 96 91 100 80 85 68 58 12 69 4 90 32 117 5 25 32 109 53 80 115 0 43 29 26 106 63 2 23 89 0 72 36 48 102 53 69 52 61 100 62 37 93 92 29 10 0 0 100 13 12 2 14 58 83 23 54 67 111 88 41 85 26 7 20 20 68 41 74 75 78 117 93 43 50
run=3 seed=2 k=118 f=0
86 21 4 57 96 39 4 55 98 105 106 66 69 33 37 33 62 86 107 74 114 54 26 91 41 48 66 1 90 35 83 85 7 28 115 44 74 0 35 21 12 64 44 52 64 44 86 64 89 79 21 55 26 2 112 19 53 99 36 25 117 94 25 101 8 88 69 82 98 44 69 114 108 31 15 90 116 116 13 0 71 19 107 93 25 58 37 78 44 73 107 63 51 7 117 81 53 53 27 31 27 14 117 0 50 63 16 47 5 96 0 80 7 101 50 46 6 73 78 24
run=4 seed=3 k=118 f=0
76 108 74 110 115 50 89 94 61 63 81 1 13 113 96 100 78 3 38 21 64 90 102 61 115 44 90 29 58 26 22 78 84 102 81 49 45 83 63 110 52 33 111 65 58 102 3 110 26 17 101 69 116 106 13 73 68 54 0 70 8 29 35 92 4 2 25 89 114 35 70 21 62 67 32 53 42 117 72 72 25 16 24 24 10 4 99 80 106 106 37 34 22 51 6 55 73 35 16 32 90 95 0 85 106 0 41 85 3 65 97 28 12 15 41 45 53 44 6 97
run=5 seed=4 k=118 f=0
35 81 96 75 55 97 72 54 112 77 0 20 94 108 57 59 13 52 97 25 33 100 21 53 25 115 42 70 78 26 92 43 103 70 117 48 50 24 104 0 62 83 61 30 37 9 64 84 66 5 99 49 57 18 0 36 27 81 12 12 108 85 65 102 117 59 33 101 91 86 93 106 36 30 43 50 14 68 72 114 76 5 5 16 63 39 27 1 84 85 17 78 46 56 66 46 21 99 103 109 107 115 70 88 97 112 20 76 116 33 53 26 45 12 1 112 75 8 67 2
run=6 seed=5 k=118 f=0
111 58 22 22 56 60 26 116 7 45 5 116 26 18 10 100 108 41 116 62 91 43 105 96 56 85 30 57 90 105 62 83 50 34 87 106 30 25 67 65 41 0 81 93 9 102 79 68 23 0 116 78 35 69 72 109 29 85 103 79 76 89 44 9 87 36 116 17 53 12 66 2 14 17 99 112 2 60 77 68 36 13 14 52 117 115 47 77 15 55 38 18 93 98 29 96 4 54 61 116 44 38 71 93 40 76 96 100 1 28 30 16 79 50 69 22 117 1 96 46
run=7 seed=6 k=118 f=0
5 44 34 5 44 102 34 67 72 92 100 90 15 28 117 102 84 24 89 68 1 94 22 38 9 36 80 30 41 115 117 52 95 116 66 27 100 47 94 52 108 39 32 61 22 44 79 55 70 50 96 64 0 5 74 13 108 82 117 115 19 48 90 9 1 30 116 58 12 65 109 64 117 27 64 18 114 88 46 46 72 26 82 87 32 73 101 21 7 44 61 39 2 17 34 16 72 9 47 0 79 38 6 58 24 109 87 20 31 15 77 111 42 52 81 61 93 57 96 101
run=8 seed=7 k=118 f=0
49 22 49 86 109 23 71 49 87 83 96 44 112 62 14 63 96 42 31 6 80 92 48 70 55 117 50 69 98 28 3 14 54 7 60 100 79 82 75 0 40 25 31 93 8 105 110 47 73 10 117 39 82 39 56 1 84 38 108 27 37 75 55 105 14 105 16 93 55 95 49 117 109 86 19 99 35 17 32 100 48 0 74 113 72 63 0 8 107 76 25 64 33 36 19 89 23 29 27 13 75 13 14 58 21 98 31 31 58 33 40 110 64 107 109 116 65 100 68 88
run=9 seed=8 k=118 f=0
111 4 76 5 42 109 94 23 30 55 42 83 115 4 53 60 0 51 115 6 111 88 81 88 1 90 73 72 19 22 79 70 66 83 96 22 49 13 51 102 114 36 65 87 49 58 33 38 117 109 46 68 37 10 42 56 55 92 99 41 46 108 83 101 102 5 11 86 51 63 31 7 97 1 18 65 25 13 83 104 79 1 94 117 16 44 59 38 114 27 79 93 31 77 96 0 32 28 35 117 88 66 53 72 32 37 106 101 54 64 63 16 66 103 14 25 9 74 105 97
run=10 seed=9 k=118 f=0
116 54 59 15 13 20 36 56 34 24 70 75 0 55 13 33 102 63 96 30 3 100 47 77 0 78 45 75 42 26 95 64 67 33 67 82 6 104 117 44 117 21 7 13 78 23 46 65 89 29 1 13 58 48 51 90 5 93 94 48 0 17 100 85 46 1 80 69 38 101 109 55 16 102 40 88 28 7 82 117 107 117 80 96 50 33 69 62 51 3 110 88 83 96 89 23 31 112 96 73 26 37 10 48 110 87 1 11 92 20 14 42 112 109 113 75 116 76 57 112
run=11 seed=10 k=118 f=0
36 36 54 63 12 117 20 39 21 91 23 85 70 47 20 117 88 16 76 86 100 27 77 17 58 111 54 65 32 104 23 91 83 67 41 3 29 23 8 110 115 70 78 71 45 91 28 90 60 52 76 62 79 50 47 56 83 3 54 70 69 32 47 103 30 5 10 1 44 27 117 50 22 45 7 103 43 36 114 90 63 33 30 0 77 100 96 7 105 41 59 95 30 115 16 59 99 103 44 12 112 41 1 13 105 11 80 107 45 65 13 72 78 88 105 5 31 87 22 93
run=12 seed=11 k=118 f=0
54 115 89 115 53 19 53 106 111 45 110 42 44 108 13 91 63 6 110 96 76 47 61 90 21 112 48 72 79 103 54 29 78 25 26 35 115 65 79 33 12 19 117 12 9 84 18 77 21 103 23 20 30 83 86 54 11 64 54 52 56 62 87 36 91 33 42 38 63 65 95 12 87 98 49 47 115 57 34 20 40 1 1 73 7 1 12 31 70 18 108 40 87 95 102 17 94 2 82 40 71 27 3 71 69 22 27 47 83 42 86 9 96 73 82 103 79 1 117 117
run=13 seed=12 k=118 f=0
74 81 107 60 94 61 101 5 81 46 86 95 11 6 2 116 10 27 57 47 54 30 76 26 16 99 97 115 61 3 83 40 105 54 48 107 14 87 65 62 20 4 45 21 102 111 33 28 54 89 67 35 117 32 0 15 19 45 97 4 17 67 49 111 26 39 80 93 13 43 61 37 42 70 69 72 98 89 34 38 77 108 69 95 22 80 33 51 114 57 95 106 49 108 27 117 30 24 73 7 11 86 39 3 0 30 13 106 14 48 70 95 115 111 52 63 78 35 87 73
run=14 seed=13 k=118 f=0
14 9 17 109 82 18 68 45 49 111 19 60 34 73 1 30 11 2 14 112 55 22 87 44 51 20 12 24 59 57 44 77 105 94 69 82 77 55 4 54 64 9 108 35 63 112 93 30 4 54 24 3 39 114 83 64 33 41 1 72 69 42 23 46 101 104 77 3 37 81 115 29 90 20 100 24 117 73 68 117 106 95 2 14 28 94 30 101 36 66 85 74 75 95 88 62 85 47 98 97 53 117 0 106 50 67 27 86 5 93 89 115 74 33 17 46 76 25 61 112
run=15 seed=14 k=118 f=0
71 14 27 56 112 18 25 61 79 4 0 117 57 112 81 39 83 76 61 58 65 49 105 77 12 43 8 18 51 87 14 73 27 85 14 99 8 53 25 63 63 117 32 46 20 51 58 106 27 52 42 93 0 99 67 0 82 89 42 69 61 30 66 98 14 39 39 51 29 115 114 80 36 35 8 51 75 19 101 108 5 90 92 106 10 43 91 97 77 58 117 72 5 95 117 93 75 106 47 7 46 43 104 73 112 110 10 56 1 32 20 97 29 28 86 108 20 43 23 68
run=16 seed=15 k=118 f=0
117 45 84 31 80 74 91 38 9 4 69 2 0 20 75 93 81 104 42 117 31 8 69 11 46 6 43 49 56 22 108 0 112 16 49 78 83 82 26 26 85 74 49 9 67 56 64 66 30 111 69 7 72 20 67 1 6 7 50 58 97 113 106 33 102 29 114 80 109 60 87 74 53 103 42 97 45 79 12 92 102 86 100 58 41 66 63 52 81 117 40 5 23 104 33 94 99 39 59 92 111 12 49 18 79 94 15 51 90 91 22 79 18 4 23 58 24 112 35 38
run=17 seed=16 k=118 f=0
62 78 99 90 49 17 13 53 31 74 93 100 91 109 4 90 83 54 29 8 27 53 109 112 96 63 37 82 91 66 57 117 33 85 12 69 14 61 101 112 117 100 95 117 82 76 57 65 35 117 102 75 49 77 24 46 68 51 83 48 3 33 88 33 32 104 113 67 0 7 43 42 108 26 74 89 83 55 49 77 107 59 38 10 65 103 16 20 2 0 69 75 22 4 112 109 29 57 41 6 95 85 43 91 116 96 46 77 46 10 38 4 95 79 17 17 101 1 41 35
run=18 seed=17 k=118 f=0
117 112 61 39 46 113 75 62 89 73 22 63 60 50 50 101 26 33 32 64 47 17 27 79 1 66 2 92 37 64 72 39 16 47 54 70 55 90 106 0 117 117 72 9 13 96 46 23 49 3 29 84 38 0 20 53 17 74 11 58 89 49 99 108 5 69 29 112 56 49 58 108 103 85 96 96 94 23 2 9 79 25 2 117 73 103 80 92 59 44 33 83 113 18 37 38 10 10 14 77 67 28 83 19 113 65 109 10 16 57 93 81 35 104 86 108 13 28 87 90
run=19 seed=18 k=118 f=0
54 2 71 117 82 60 62 66 20 88 97 50 116 113 70 91 67 95 115 112 38 55 107 57 35 53 86 45 76 8 104 27 11 102 23 97 1 40 79 32 15 65 73 16 46 40 108 79 19 77 95 52 28 3 114 0 57 23 87 15 43 69 32 22 15 9 23 25 47 75 61 108 86 81 12 41 48 27 0 41 103 12 113 30 20 49 107 102 14 83 92 52 0 7 97 7 60 9 32 31 34 59 41 116 60 63 39 103 38 5 71 50 94 50 82 78 36 90 95 91
run=20 seed=19 k=118 f=0
51 94 67 60 101 93 89 116 41 62 98 25 69 81 35 54 89 105 111 9 65 32 27 50 99 77 71 98 31 28 17 85 0 45 47 105 17 66 107 91 109 22 15 84 25 79 3 78 70 114 93 117 32 6 29 59 30 44 106 46 42 90 87 96 38 102 17 17 116 86 83 36 11 56 2 62 46 5 57 90 15 39 28 56 46 113 51 15 54 39 24 24 81 113 7 73 64 99 34 113 67 0 8 61 86 11 45 14 114 56 0 30 1 42 73 75 22 6 94 100
