run=1 seed=0 k=124 f=0
20 98 65 7 81 116 38 12 40 53 19 75 54 80 123 44 11 113 123 100 5 32 75 41 108 2 58 36 107 123 39 22 98 106 41 115 93 75 29 110 32 61 121 47 96 12 12 32 106 28 69 2 58 105 97 21 53 62 40 1 50 81 49 35 38 80 86 33 49 25 80 120 123 24 90 0 70 108 123 29 74 92 60 62 112 0 19 78 62 103 72 0 16 10 117 53 18 85 50 7 114 66 50 42 79 4 97 100 97 120 69 64 89 88 59 13 68 84 29 27
run=2 seed=1 k=124 f=0
20 98 65 7 81 116 38 12 40 53 19 75 54 80 123 44 11 113 123 100 5 32 75 41 108 2 58 36 107 123 39 22 98 106 41 115 93 75 29 110 32 61 121 47 96 12 12 32 106 28 69 2 58 105 97 21 53 62 40 1 50 81 49 35 38 80 86 33 49 25 80 120 123 24 90 0 70 108 123 29 74 92 60 62 112 0 19 78 62 103 72 0 16 10 117 53 18 85 50 7 114 66 50 42 79 4 97 100 97 120 69 64 89 88 59 13 68 84 29 27
run=3 seed=2 k=124 f=0
69 31 84 54 57 86 12 80 95 35 69 51 21 103 37 93 66 73 4 79 6 16 117 94 63 48 62 82 40 43 113 84 74 45 91 68 113 105 17 122 77 98 23 98 25 4 68 123 10 19 3 58 95 46 35 69 78 44 55 73 78 42 15 89 52 41 33 117 26 112 112 103 120 29 0 0 61 85 119 0 37 107 5 9 91 102 104 120 73 13 60 99 9 20 52 61 91 61 21 27 123 86 24 39 1 14 19 29 101 123 42 74 51 19 11 64 57 121 11 6
run=4 seed=3 k=124 f=0
86 47 74 0 13 66 68 11 117 60 45 16 52 2 66 56 24 79 100 12 83 74 94 122 13 100 57 1 28 67 82 114 113 40 50 94 101 119 78 36 114 5 29 100 108 119 21 4 31 5 15 97 43 21 52 93 60 45 25 88 86 42 97 70 100 106 5 70 122 83 106 110 55 93 14 108 30 31 103 14 31 90 18 0 54 6 114 22 51 62 81 19 102 27 122 65 39 63 12 85 79 0 72 77 89 18 38 55 49 92 36 86 46 98 97 67 123 110 42 47
run=5 seed=4 k=124 f=0
25 63 118 14 31 18 97 93 8 97 78 39 64 115 107 42 61 41 101 21 113 81 76 27 29 52 35 88 76 60 98 5 0 56 19 48 18 121 3 120 7 107 68 27 50 112 6 0 12 123 107 106 103 56 105 35 66 95 31 110 32 75 42 91 44 71 11 20 123 1 7 6 95 83 112 38 110 118 0 100 25 93 55 83 87 38 21 89 68 3 11 100 48 83 64 26 69 72 21 45 78 56 27 0 65 53 56 63 73 85 52 110 97 44 123 14 76 12 117 20
run=6 seed=5 k=124 f=0
83 45 58 72 12 76 12 17 12 104 113 79 44 10 123 32 40 8 88 78 10 74 51 17 23 0 107 93 74 61 114 59 108 108 63 89 41 28 58 57 33 45 37 16 41 0 105 107 105 69 91 60 94 76 52 93 25 27 87 67 33 95 120 123 121 64 1 57 19 98 115 112 23 87 60 105 6 116 65 32 110 119 22 84 29 10 14 4 38 102 70 96 99 2 79 71 66 119 101 84 51 9 84 51 50 17 120 56 50 26 39 98 44 123 118 98 78 3 0 50
run=7 seed=6 k=124 f=0
23 1 120 21 106 36 70 109 12 74 77 61 89 10 14 44 3 92 25 120 94 111 44 107 65 83 77 120 81 95 31 18 32 58 40 68 38 102 49 3 113 33 74 14 57 69 59 93 116 14 38 89 104 122 7 123 70 82 86 88 53 97 106 22 31 81 39 32 61 11 44 50 96 45 64 0 69 123 40 62 80 9 26 116 24 100 36 2 119 111 53 67 72 105 6 17 61 25 17 1 97 122 51 76 7 65 5 43 51 71 104 1 113 86 115 52 123 87 113 99
run=8 seed=7 k=124 f=0
119 67 15 55 2 59 64 113 8 13 94 13 39 118 13 80 122 38 66 36 100 2 64 104 21 29 113 80 13 82 83 123 2 4 30 58 42 27 49 98 61 44 65 116 34 87 31 33 21 98 93 40 74 107 80 43 117 66 8 7 82 71 55 19 74 71 82 117 73 67 116 54 47 78 89 81 83 122 65 29 89 19 100 55 112 53 7 10 55 59 22 15 107 90 48 123 38 0 111 93 75 28 1 36 85 48 123 17 46 50 26 78 120 28 107 54 109 98 96 100
run=9 seed=8 k=124 f=0
28 42 86 109 74 110 99 15 53 18 95 50 82 71 113 1 47 94 65 111 69 115 68 70 45 25 22 77 38 95 90 28 92 115 13 92 39 79 38 10 102 60 21 13 34 18 115 100 113 101 80 118 35 110 0 63 90 106 77 73 15 106 35 40 69 123 77 90 6 10 123 85 82 32 8 102 3 123 53 101 97 122 46 30 34 46 56 0 88 107 63 104 25 121 25 58 30 4 25 36 54 65 13 72 24 99 54 85 34 118 86 95 21 59 8 46 66 47 38 5
run=10 seed=9 k=124 f=0
103 122 13 31 86 65 87 50 111 52 46 92 64 55 34 31 106 19 6 103 1 42 15 13 1 39 4 23 104 106 24 116 55 94 122 63 38 11 70 121 63 37 59 1 62 29 32 43 46 98 97 74 83 102 84 122 64 0 57 22 4 13 58 120 3 74 10 41 16 75 77 59 113 73 67 110 95 45 30 23 79 49 33 109 67 110 54 84 49 91 94 117 117 71 110 39 35 11 60 105 72 79 123 21 10 9 42 1 54 8 84 10 86 117 119 91 30 29 25 79
run=11 seed=10 k=124 f=0
115 118 30 49 6 66 63 12 8 47 79 89 87 48 10 109 20 114 83 44 67 96 95 57 102 92 88 72 19 2 57 19 33 23 40 41 123 94 73 103 41 28 49 87 57 78 60 82 68 77 10 96 47 91 40 1 61 53 12 2 56 11 117 70 30 34 106 119 103 77 85 36 103 63 0 70 18 120 57 68 75 116 108 62 122 19 28 99 73 106 45 5 107 77 32 110 71 4 4 120 104 19 33 112 88 92 6 24 24 123 34 100 54 113 68 0 9 123 48 82
run=12 seed=11 k=124 f=0
7 10 123 89 87 101 9 81 73 99 24 47 78 46 57 65 108 59 31 7 55 28 65 9 71 43 108 42 56 28 10 78 115 122 75 111 69 109 96 123 97 123 90 37 23 21 51 53 15 118 39 19 92 104 12 43 61 104 16 106 36 41 109 31 33 25 106 59 70 78 99 30 75 36 5 35 117 45 88 66 116 1 7 20 43 1 53 122 40 69 96 50 31 116 82 2 117 0 80 75 12 88 79 63 60 84 1 62 20 25 105 117 88 63 12 95 84 65 50 93
run=13 seed=12 k=124 f=0
112 102 94 44 95 83 28 29 62 36 34 85 121 88 82 37 123 101 3 108 122 12 22 2 58 93 77 70 66 53 20 54 52 120 66 1 10 63 48 19 36 26 41 33 100 58 41 116 39 15 96 98 6 105 77 108 80 94 2 18 61 7 9 110 103 43 84 76 43 68 31 65 76 72 84 49 58 90 78 102 71 114 1 9 98 42 51 111 74 45 26 88 60 120 89 20 118 109 13 12 31 45 56 23 117 100 55 99 14 29 62 73 22 25 29 90 69 1 14 104
run=14 seed=13 k=124 f=0
18 33 41 107 16 28 47 123 50 87 94 85 123 108 72 73 45 75 88 85 61 81 17 66 54 11 1 62 91 77 99 122 110 67 29 15 11 49 32 117 15 77 7 115 24 91 57 4 77 103 41 13 20 38 99 88 0 36 3 92 113 6 73 36 76 102 123 105 27 33 121 100 2 46 90 68 81 24 35 9 46 10 122 83 53 58 53 98 30 26 81 20 32 31 116 41 83 28 82 14 60 44 33 67 105 5 67 114 59 119 70 41 60 117 63 113 61 110 103 0
run=15 seed=14 k=124 f=0
110 94 19 14 57 36 15 92 0 71 46 80 36 94 76 45 16 106 81 7 34 13 27 119 37 88 58 7 104 91 4 119 52 24 66 109 119 83 53 43 26 27 116 122 70 11 43 62 23 120 43 27 70 4 46 7 18 0 84 89 37 26 42 95 109 111 80 105 68 109 64 32 47 104 30 43 51 5 60 84 102 91 22 72 20 23 7 67 57 52 96 100 15 97 7 0 84 55 41 91 32 65 35 99 122 90 114 120 99 113 113 101 75 75 56 52 79 15 109 69
run=16 seed=15 k=124 f=0
41 99 70 47 80 65 62 12 35 119 90 52 16 100 7 57 115 101 4 37 29 41 101 121 44 25 105 77 76 0 65 122 49 22 100 10 88 39 31 0 15 68 112 0 90 102 24 112 61 2 85 10 95 23 7 99 43 116 50 0 69 35 54 85 123 90 40 98 78 93 34 66 107 28 46 59 75 72 2 112 105 86 123 94 110 81 123 34 82 17 94 66 65 111 73 57 51 39 109 52 32 18 7 80 100 56 94 3 64 33 17 105 19 114 25 95 55 49 11 122
run=17 seed=16 k=124 f=0
104 17 104 112 79 106 91 39 113 80 26 0 64 27 17 6 110 5 122 44 91 113 109 90 18 61 36 8 43 10 2 99 0 49 88 64 21 94 15 56 81 32 85 59 87 98 65 41 10 122 18 101 33 63 67 122 0 39 13 57 54 75 64 38 73 88 111 98 80 1 101 89 93 112 24 117 33 123 58 43 40 49 76 117 67 75 45 103 123 16 29 7 100 29 0 108 117 70 19 10 26 109 99 84 97 123 77 7 25 50 122 50 17 67 43 21 75 30 108 86
run=18 seed=17 k=124 f=0
81 22 103 117 63 7 29 17 81 67 97 123 27 56 37 102 1 77 38 0 77 33 105 20 11 34 32 54 80 66 11 69 0 123 0 43 104 96 110 45 98 7 64 0 25 64 7 123 8 52 2 15 83 93 114 32 81 12 86 1 106 63 13 42 83 108 97 46 107 11 89 19 61 89 16 31 18 55 14 83 114 20 99 4 119 123 97 76 115 120 112 37 59 94 80 28 108 113 0 88 52 28 47 71 68 119 85 71 40 92 59 94 49 85 117 46 25 53 123 64
run=19 seed=18 k=124 f=0
42 13 110 23 50 38 51 24 60 61 48 62 59 98 12 24 27 11 111 111 4 51 4 7 37 92 35 53 18 108 40 76 123 44 13 119 18 73 79 115 121 57 63 19 91 27 46 117 85 36 47 88 45 0 32 51 83 67 91 81 100 105 78 114 5 99 106 115 35 61 21 92 72 76 123 21 82 16 14 42 43 118 67 85 26 99 3 89 42 69 1 118 31 1 17 97 10 53 120 2 33 8 0 110 61 86 7 9 116 105 70 122 28 80 72 102 79 109 67 56
run=20 seed=19 k=124 f=0
120 52 84 62 83 45 41 94 72 32 113 112 9 34 111 100 11 112 58 123 107 68 48 30 108 104 101 14 104 90 123 44 78 35 41 38 103 82 106 47 69 52 123 105 35 35 17 64 28 119 81 71 45 120 7 54 18 58 62 92 82 3 39 50 49 17 52 13 35 74 60 86 2 95 22 104 76 39 25 0 75 9 28 100 97 21 91 48 12 39 66 71 99 41 67 13 111 75 26 94 27 22 3 66 89 1 111 2 114 96 81 86 115 22 123 0 72 25 91 25
