run=1 seed=0 k=87 f=0
81 82 26 86 29 18 45 12 45 7 3 12 77 13 23 24 69 37 59 38 45 6 54 26 31 9 72 0 75 2 3 33 14 23 6 67 28 4 61 38 81 64 86 81 86 66 42 67 34 0 46 28 86 40 65 28 84 5 77 77 42 40 2 47 80 37 36 51 56 54 15 46 51 51 78 23 0 36 28 44 71 0 76 55 86 86 60 17 59 19 59 71 33 19 12 33 24 74 12 51 18 57 39 22 50 72 84 55 10 54 20 23 86 62 1 13 28 42 49 63
run=2 seed=1 k=87 f=0
81 82 26 86 29 18 45 12 45 7 3 12 77 13 23 24 69 37 59 38 45 6 54 26 31 9 72 0 75 2 3 33 14 23 6 67 28 4 61 38 81 64 86 81 86 66 42 67 34 0 46 28 86 40 65 28 84 5 77 77 42 40 2 47 80 37 36 51 56 54 15 46 51 51 78 23 0 36 28 44 71 0 76 55 86 86 60 17 59 19 59 71 33 19 12 33 24 74 12 51 18 57 39 22 50 72 84 55 10 54 20 23 86 62 1 13 28 42 49 63
run=3 seed=2 k=87 f=0
31 60 83 34 69 50 85 64 59 4 69 54 86 67 7 40 58 32 53 27 51 31 61 3 47 49 51 14 47 78 3 73 55 44 80 83 81 17 75 23 86 35 4 40 82 61 20 68 67 0 60 23 78 4 79 34 14 0 0 9 42 0 46 65 10 1 53 18 9 43 72 39 17 45 10 57 76 17 80 28 23 86 20 54 42 36 26 68 33 20 73 86 19 66 59 36 14 7 42 61 30 73 29 34 58 49 63 13 11 39 18 22 86 24 27 64 86 26 46 76
run=4 seed=3 k=87 f=0
36 36 0 31 75 71 24 83 20 7 24 85 40 29 6 80 52 6 38 15 64 7 48 9 70 32 23 69 54 43 45 29 16 19 26 73 1 63 47 23 36 71 28 48 13 56 62 81 41 16 0 16 78 47 77 42 83 47 86 42 25 21 53 39 37 4 76 32 42 69 46 14 59 75 86 61 24 52 34 0 56 20 13 55 51 64 0 85 7 22 31 69 81 78 0 10 73 67 38 57 66 51 12 8 59 86 34 62 16 62 77 77 33 59 61 0 70 0 11 81
run=5 seed=4 k=87 f=0
61 32 81 0 66 71 65 80 63 49 69 2 0 85 55 48 77 14 0 29 56 66 73 47 5 36 38 13 41 86 61 23 42 5 81 81 83 43 15 21 54 62 86 64 60 50 57 55 16 52 75 27 86 30 56 0 43 7 16 86 43 15 19 29 25 29 51 68 37 9 21 36 61 66 68 4 12 60 45 16 10 72 46 74 78 77 8 25 77 46 31 51 86 76 41 62 31 72 12 22 17 55 5 27 8 70 13 8 67 22 0 49 86 17 30 86 0 34 52 71
run=6 seed=5 k=87 f=0
69 82 33 67 13 68 8 57 42 58 23 52 7 1 48 37 29 40 70 0 15 4 31 20 1 55 76 12 13 10 22 50 76 33 57 61 43 1 17 1 33 9 50 59 56 58 76 22 9 0 85 75 86 1 24 12 77 84 70 78 22 46 1 81 41 31 41 10 42 38 71 32 36 14 15 36 85 0 79 63 27 63 76 9 32 37 46 46 62 6 27 64 17 86 65 86 61 67 20 45 44 16 42 77 48 21 86 61 28 72 56 82 52 54 23 86 64 76 20 49
run=7 seed=6 k=87 f=0
6 31 1 70 41 39 0 12 61 65 8 44 10 65 56 56 27 13 25 38 14 73 46 62 48 48 37 23 22 86 42 86 85 4 1 81 14 26 57 78 57 20 86 65 67 50 46 71 36 0 28 79 86 79 53 79 53 30 0 35 55 11 30 34 33 18 9 75 62 19 41 57 9 21 69 11 57 77 81 26 6 33 86 63 27 43 19 1 61 60 69 19 34 83 20 76 74 72 42 9 61 24 15 63 69 38 70 48 47 6 53 84 0 10 0 46 78 45 70 85
run=8 seed=7 k=87 f=0
77 55 3 8 49 38 1 74 67 56 41 70 47 84 19 77 24 80 18 8 15 4 40 63 49 67 53 9 16 44 74 67 30 52 64 22 44 6 13 0 0 0 43 66 60 24 32 12 78 49 26 44 15 10 18 60 36 55 32 37 40 28 54 35 34 27 25 68 50 35 73 86 31 37 58 78 85 78 72 4 43 86 48 27 60 85 86 17 59 9 70 0 60 20 83 66 61 61 67 75 72 12 33 6 20 64 77 80 85 43 80 7 0 70 1 24 0 86 56 53
run=9 seed=8 k=87 f=0
44 42 36 64 65 63 19 1 80 65 55 65 4 11 50 3 29 6 86 16 62 12 44 54 37 62 0 25 49 35 68 21 85 58 49 31 1 74 20 58 59 8 33 0 46 30 60 71 37 71 27 57 46 30 24 53 0 73 47 72 55 59 39 41 42 14 75 27 35 18 79 15 22 21 15 59 30 45 27 27 54 79 45 49 86 13 0 82 39 52 39 8 64 7 18 67 41 83 1 82 15 50 20 9 77 79 26 23 8 78 0 47 5 74 82 70 86 85 41 3
run=10 seed=9 k=87 f=0
42 33 82 61 6 27 60 0 51 62 55 18 38 43 78 16 54 6 80 5 77 52 9 4 22 15 37 53 53 28 25 0 59 67 64 42 34 17 23 12 66 12 76 71 38 1 51 3 28 70 13 68 37 22 58 81 32 86 36 57 61 47 86 30 32 64 32 72 27 45 22 76 79 71 86 74 55 81 19 14 69 58 38 39 46 23 0 53 85 64 47 83 67 3 10 10 84 49 43 46 51 66 3 8 72 28 20 72 20 76 64 40 12 74 86 86 45 49 42 10
run=11 seed=10 k=87 f=0
53 84 55 78 31 29 34 45 21 12 39 61 39 64 9 50 86 26 11 85 33 23 0 52 28 58 86 72 81 31 50 66 58 52 46 14 16 0 59 33 15 27 37 64 82 75 0 4 69 78 1 16 9 19 82 73 86 0 47 72 0 37 68 71 68 40 74 58 8 69 64 86 51 46 44 36 49 21 71 3 41 0 59 11 17 68 32 61 57 3 82 28 29 46 0 76 26 40 66 16 73 5 74 24 1 23 43 12 8 37 56 53 84 42 19 78 17 19 59 11
run=12 seed=11 k=87 f=0
80 6 46 16 16 86 5 75 79 4 62 12 63 2 6 81 27 51 29 77 69 38 16 69 75 9 8 47 56 46 15 58 36 3 55 25 41 44 50 28 39 86 13 79 67 1 72 37 73 0 86 83 56 74 31 19 42 17 15 44 65 0 44 71 36 1 43 59 0 0 78 63 47 50 86 33 10 23 53 12 49 8 28 58 44 76 18 57 26 62 86 85 25 19 10 21 67 83 50 58 1 53 48 34 6 57 12 61 29 79 31 7 52 76 33 23 40 66 65 34
run=13 seed=12 k=87 f=0
35 60 52 64 57 47 42 10 55 16 0 71 72 60 15 1 10 58 9 37 70 23 86 21 76 86 0 67 9 34 80 32 0 77 35 7 22 26 43 78 16 16 4 86 67 86 19 0 55 27 71 1 64 49 15 38 25 51 8 86 79 56 86 34 33 73 83 23 55 78 41 62 18 9 49 2 30 43 27 85 41 63 16 66 78 63 0 56 15 21 28 20 38 4 47 86 51 45 72 8 81 30 31 36 61 44 31 23 7 42 46 80 64 86 38 86 72 53 74 68
run=14 seed=13 k=87 f=0
68 72 36 86 68 31 17 56 80 37 48 42 53 85 79 36 39 54 7 19 26 53 69 47 30 14 78 58 69 68 32 80 12 83 41 17 50 47 13 33 53 73 19 62 19 18 23 69 77 86 24 7 23 60 9 0 23 4 40 61 7 85 36 28 25 42 53 51 65 14 61 25 32 85 69 52 52 30 57 19 46 14 23 36 8 40 48 0 81 80 63 75 28 7 42 2 44 65 44 86 86 0 5 56 32 44 45 61 60 62 86 19 11 37 75 0 0 66 32 20
run=15 seed=14 k=87 f=0
86 54 82 17 63 75 85 26 68 40 47 40 18 55 36 69 79 27 86 14 40 29 53 26 63 16 60 9 18 7 86 19 63 3 71 76 31 12 41 54 0 34 51 66 34 81 45 43 70 0 70 66 49 26 85 35 0 45 72 82 9 13 0 72 70 57 27 54 62 49 65 19 86 11 57 43 26 86 24 55 48 79 8 20 86 2 33 40 76 6 74 33 84 74 45 79 45 61 15 0 12 3 29 25 56 25 4 21 33 64 0 50 84 79 26 7 41 61 56 36
run=16 seed=15 k=87 f=0
14 84 41 17 79 24 85 30 16 71 34 55 62 37 24 19 86 37 40 59 51 37 67 77 10 52 85 56 1 65 58 29 84 71 2 5 29 13 19 1 48 45 0 31 1 9 48 75 35 61 24 14 0 71 47 5 16 72 0 76 15 46 30 21 63 37 34 59 77 34 30 40 70 18 77 36 67 55 24 12 63 86 48 56 68 35 43 0 65 67 49 7 4 21 84 41 74 80 75 84 24 64 15 23 85 78 9 86 43 29 16 67 59 8 33 9 8 80 55 81
run=17 seed=16 k=87 f=0
59 2 73 38 14 4 76 31 72 81 14 80 63 19 8 36 0 37 57 5 46 26 32 70 0 77 11 69 70 0 83 10 54 73 6 17 14 58 86 0 64 40 19 43 44 73 11 63 7 61 76 25 22 66 82 13 48 34 71 86 70 52 9 27 0 53 85 13 61 21 53 27 31 86 13 29 20 48 53 15 77 0 86 7 82 23 86 29 0 67 42 41 74 38 22 65 43 50 56 33 24 64 33 40 23 48 49 24 84 54 33 81 39 56 72 19 46 49 86 8
run=18 seed=17 k=87 f=0
39 20 54 33 30 0 3 34 42 52 39 35 23 45 14 5 18 80 21 82 70 42 56 11 28 38 25 28 21 86 3 14 66 42 8 50 19 66 22 7 65 0 15 33 37 84 21 10 78 0 53 62 55 44 26 55 53 53 48 56 64 80 83 7 50 77 85 66 57 46 32 62 11 30 71 25 85 59 19 37 86 77 63 58 8 76 86 0 51 61 45 0 86 0 11 76 13 44 37 47 70 71 82 25 65 80 41 18 18 30 27 66 28 73 46 34 47 86 63 75
run=19 seed=18 k=87 f=0
16 19 52 67 31 49 33 34 60 81 30 59 40 85 85 65 56 71 41 51 44 55 21 76 30 24 37 26 55 86 68 79 61 43 19 5 7 61 67 77 60 86 1 78 86 30 86 28 14 40 46 23 0 49 29 85 68 48 72 74 31 0 81 17 76 40 62 19 0 0 78 37 49 20 86 6 65 8 18 27 14 25 14 53 63 1 65 53 80 46 70 84 12 46 58 23 4 83 49 21 1 24 77 73 39 55 2 4 15 34 9 18 73 26 10 35 8 12 58 13
run=20 seed=19 k=87 f=0
34 4 75 36 23 29 40 7 0 9 44 44 30 1 68 32 17 32 86 58 50 71 25 50 38 47 60 84 86 82 53 41 59 50 35 19 27 86 38 18 31 28 0 39 75 53 43 19 34 77 44 57 0 54 22 76 69 75 86 14 54 24 39 70 71 46 5 49 9 71 40 3 86 86 61 46 4 14 67 22 62 0 84 14 21 6 26 0 30 83 39 80 79 69 0 28 11 12 65 55 7 62 72 68 2 45 14 11 7 39 35 52 63 21 83 78 8 59 16 64
