run=1 seed=0 k=116 f=0
95 40 87 83 17 0 17 41 48 52 46 47 88 65 52 21 0 55 89 37 6 29 9 49 82 37 34 59 103 14 92 97 70 23 33 13 0 92 52 14 24 25 105 67 37 101 54 20 30 98 57 78 68 51 32 77 4 36 14 115 89 105 28 44 16 101 114 29 66 93 62 87 107 77 17 43 10 63 55 102 59 106 84 3 91 21 79 111 50 26 6 112 80 64 94 84 41 58 106 111 67 72 82 7 99 113 24 113 73 49 77 8 57 5 10 115 115 70 82 73
run=2 seed=1 k=116 f=0
95 40 87 83 17 0 17 41 48 52 46 47 88 65 52 21 0 55 89 37 6 29 9 49 82 37 34 59 103 14 92 97 70 23 33 13 0 92 52 14 24 25 105 67 37 101 54 20 30 98 57 78 68 51 32 77 4 36 14 115 89 105 28 44 16 101 114 29 66 93 62 87 107 77 17 43 10 63 55 102 59 106 84 3 91 21 79 111 50 26 6 112 80 64 94 84 41 58 106 111 67 72 82 7 99 113 24 113 73 49 77 8 57 5 10 115 115 70 82 73
run=3 seed=2 k=116 f=0
42 27 28 87 114 105 29 11 53 27 45 66 65 66 53 85 30 62 23 103 18 99 97 31 94 87 62 113 88 42 114 61 7 110 93 79 1 1 84 33 21 11 33 98 14 25 56 20 38 0 104 49 47 79 80 28 41 79 115 5 114 115 3 41 20 88 97 60 37 54 13 51 58 115 73 30 6 14 25 76 70 2 38 49 87 87 96 0 113 19 102 94 22 72 44 66 81 17 57 47 55 105 12 8 6 17 36 76 97 55 75 42 114 71 34 50 105 57 107 1
run=4 seed=3 k=116 f=0
38 100 66 10 97 46 89 97 115 48 18 32 17 111 66 64 28 8 36 98 28 39 110 58 108 71 89 101 68 112 5 106 8 66 29 57 62 114 88 52 78 4 24 95 0 83 37 28 114 81 19 3 13 12 76 15 54 74 61 88 49 44 53 43 106 103 48 98 84 98 90 10 21 107 106 67 55 27 35 103 20 46 82 33 73 34 2 48 75 52 115 10 86 20 54 0 102 41 100 1 82 78 40 95 44 2 105 7 72 87 52 42 63 0 71 115 61 57 90 15
run=5 seed=4 k=116 f=0
1 46 17 90 91 97 80 112 2 29 17 93 15 0 95 29 24 62 66 77 105 37 80 43 17 33 14 44 40 115 58 14 50 48 35 22 19 76 83 86 97 111 103 3 1 109 70 10 54 99 51 17 15 7 14 28 76 59 86 78 108 109 102 40 37 40 55 88 69 6 71 101 0 6 115 102 105 66 32 106 97 43 51 89 51 74 81 81 6 51 35 25 28 64 52 58 106 42 113 82 50 9 74 64 97 70 98 86 35 90 4 54 68 26 41 60 7 0 25 112
run=6 seed=5 k=116 f=0
63 24 29 96 7 53 32 89 61 93 30 18 13 83 34 62 101 58 47 100 1 104 65 31 55 13 53 77 64 3 6 11 1 44 106 73 27 15 21 109 109 76 97 9 100 7 61 91 53 109 25 92 1 27 0 111 65 99 115 5 94 41 10 87 80 3 44 21 44 114 7 47 43 89 27 94 69 62 60 23 35 85 78 34 69 70 66 81 54 115 50 108 103 13 111 54 35 79 81 102 114 87 94 33 10 41 4 24 42 47 91 106 36 69 30 53 76 71 18 72
run=7 seed=6 k=116 f=0
49 54 0 90 64 65 2 73 82 95 11 107 93 85 2 8 91 80 43 79 30 18 68 49 65 57 112 63 21 10 7 100 15 115 36 76 56 19 36 23 29 22 6 74 25 8 83 2 64 10 55 36 24 90 43 89 55 70 115 36 1 0 106 29 107 26 44 76 49 19 37 115 84 85 109 9 52 79 59 115 82 73 43 98 40 36 47 63 99 16 106 25 58 12 104 85 100 33 89 33 17 44 77 98 68 40 113 115 1 36 93 98 14 40 87 1 71 57 109 51
run=8 seed=7 k=116 f=0
37 74 114 23 89 22 106 1 84 28 115 13 87 11 105 84 86 57 29 54 66 23 66 96 73 37 7 13 81 37 21 94 58 112 2 32 80 100 33 20 90 16 41 72 6 114 77 93 0 67 104 29 27 101 28 47 51 50 105 18 115 39 113 19 58 107 42 109 79 67 5 5 96 31 77 33 0 110 0 11 58 112 32 83 9 41 51 54 51 45 73 91 115 62 96 49 61 42 91 82 38 88 115 59 20 92 15 72 0 99 36 26 59 76 53 43 107 75 71 0
run=9 seed=8 k=116 f=0
36 108 115 101 15 104 94 48 25 81 103 20 20 55 79 38 61 49 113 13 74 30 105 92 0 27 79 13 73 15 98 8 98 57 4 63 5 75 2 87 36 80 111 61 51 31 91 0 95 87 112 20 113 97 92 11 32 70 0 101 54 77 50 101 68 95 41 14 57 70 3 57 78 49 70 43 83 6 91 33 87 23 42 42 114 110 36 60 112 81 41 85 1 111 63 26 66 104 57 32 71 42 3 11 34 27 30 76 26 43 47 114 67 45 92 66 17 18 106 106
run=10 seed=9 k=116 f=0
45 67 45 91 56 113 108 92 23 91 115 91 62 1 93 60 69 61 23 66 52 100 87 1 115 81 103 76 87 65 108 16 27 108 99 78 99 17 33 36 43 74 99 6 69 69 54 59 2 103 31 78 18 48 42 70 65 83 83 86 10 105 94 0 10 50 98 39 28 74 35 24 44 9 52 10 78 17 94 79 112 0 105 75 106 106 27 52 49 115 115 58 13 4 78 24 60 61 12 89 82 15 11 111 47 55 70 9 10 36 6 102 41 113 53 37 92 83 89 27
run=11 seed=10 k=116 f=0
35 36 19 72 55 25 63 114 51 55 91 114 6 31 76 9 24 31 95 15 80 98 19 113 3 83 51 11 99 2 113 62 67 20 78 27 45 99 65 96 39 102 77 92 50 29 32 110 57 0 22 24 48 33 49 83 47 87 28 42 92 32 93 111 38 14 92 83 52 33 63 20 17 15 71 67 46 82 113 98 109 21 0 87 42 55 104 61 2 12 106 105 27 91 112 10 79 78 16 60 14 69 92 8 58 0 74 34 91 64 71 8 74 105 103 2 40 2 86 52
run=12 seed=11 k=116 f=0
48 110 36 66 64 7 65 97 37 81 91 103 91 16 21 46 59 69 14 25 18 62 113 41 39 50 58 10 2 13 66 30 79 80 108 35 31 14 20 40 47 81 56 50 54 53 12 74 8 17 99 57 75 96 90 106 23 1 0 96 83 70 47 104 112 25 74 108 54 110 96 18 43 112 113 47 41 73 109 50 88 115 99 38 100 65 0 86 35 11 100 67 5 62 28 6 38 64 44 114 2 88 107 25 76 70 109 16 5 93 43 85 60 27 8 8 32 29 72 28
run=13 seed=12 k=116 f=0
12 28 11 104 47 27 1 21 53 48 74 6 33 100 112 69 60 22 103 64 115 60 61 70 21 10 114 28 89 37 75 81 85 83 6 103 106 7 90 39 48 42 52 38 0 0 34 16 70 48 29 58 98 62 113 72 112 96 50 77 39 43 93 67 108 45 76 112 106 92 91 88 18 25 31 70 103 80 86 44 95 33 61 99 24 58 78 7 30 1 17 44 51 33 92 14 66 55 49 93 86 64 39 113 32 76 113 115 14 84 2 101 2 57 57 11 106 61 20 19
run=14 seed=13 k=116 f=0
7 109 27 92 92 33 36 71 5 91 85 103 70 50 43 115 115 81 9 52 25 47 109 18 108 106 65 34 61 41 89 65 85 27 21 91 0 9 20 113 24 3 48 102 87 91 49 66 49 5 103 73 59 72 90 53 30 77 105 4 29 32 57 70 96 78 13 97 16 51 100 44 75 37 36 46 13 31 115 114 38 81 115 57 33 102 14 5 105 96 12 3 60 75 52 40 34 67 86 41 104 24 77 85 64 55 93 101 83 43 75 113 89 115 13 97 22 105 56 18
run=15 seed=14 k=116 f=0
103 64 15 18 13 61 71 52 85 94 62 52 12 66 82 94 61 54 65 105 56 110 111 48 100 115 101 20 39 35 85 18 30 107 28 40 87 70 41 43 78 115 98 87 86 5 3 2 96 71 11 97 17 102 12 114 58 75 84 4 104 22 14 78 82 43 81 53 26 109 91 115 82 65 44 43 20 57 37 4 33 77 74 35 0 93 8 87 53 24 109 115 51 72 111 19 30 25 61 50 48 12 52 34 93 61 109 96 27 107 71 21 31 0 44 8 0 27 90 8
run=16 seed=15 k=116 f=0
16 32 97 87 92 58 97 65 51 92 12 109 96 60 10 97 37 23 35 105 73 0 62 57 112 11 28 1 17 76 81 51 46 2 70 8 55 99 93 27 95 58 52 43 64 102 24 28 1 74 1 71 28 79 33 9 0 38 114 42 101 78 3 63 74 90 7 22 90 115 84 72 19 89 115 98 67 107 33 69 18 9 16 109 81 20 56 14 87 106 114 44 77 32 53 27 112 63 49 114 108 86 49 45 54 82 78 111 64 68 64 37 75 42 12 41 93 18 26 31
run=17 seed=16 k=116 f=0
83 9 9 44 67 58 39 18 92 115 106 105 27 59 0 112 54 97 45 7 33 48 85 95 41 115 14 105 45 112 29 0 113 37 3 98 93 8 96 36 2 92 26 33 28 8 73 15 63 2 37 97 13 75 71 102 25 75 115 4 29 87 4 61 1 80 85 50 83 73 19 21 38 101 106 50 2 62 22 79 56 16 24 79 65 88 90 53 51 84 17 53 48 13 76 88 93 49 11 50 106 71 68 80 41 59 111 31 28 20 74 54 41 86 62 101 45 112 38 77
run=18 seed=17 k=116 f=0
115 93 55 55 75 27 40 108 85 1 53 45 103 21 2 68 25 50 110 15 101 49 21 97 7 16 108 94 111 74 46 21 12 43 15 31 100 9 89 33 33 28 101 20 95 72 62 5 0 64 66 27 97 83 68 96 93 52 74 106 8 55 109 32 31 53 11 46 88 0 77 89 54 62 108 66 106 47 5 35 10 41 63 115 35 85 39 20 59 3 26 61 69 66 84 22 93 82 68 87 53 24 59 115 82 43 0 39 90 80 110 66 16 10 75 58 88 0 0 72
run=19 seed=18 k=116 f=0
34 68 98 19 76 115 7 109 97 95 64 109 69 101 107 114 106 32 85 19 100 59 95 3 76 44 74 64 110 37 64 27 19 60 40 47 74 40 11 0 53 71 103 77 43 101 114 105 60 98 9 18 11 95 93 87 21 55 51 17 37 1 38 51 53 55 94 105 80 85 5 8 79 46 71 32 45 62 114 30 12 107 68 25 90 90 115 115 35 1 80 74 10 53 34 84 81 91 52 15 52 27 34 20 43 86 27 13 28 25 35 46 24 95 64 2 86 1 61 56
run=20 seed=19 k=116 f=0
85 58 100 110 22 87 85 98 16 47 76 81 113 52 24 69 34 115 35 94 83 18 59 27 77 25 46 100 93 96 41 109 70 20 105 115 20 59 39 43 84 42 92 24 0 0 61 104 7 97 5 43 16 50 103 78 75 95 54 95 106 51 95 83 50 2 55 115 25 58 40 108 48 35 64 89 44 11 104 105 100 6 115 4 0 81 75 73 20 10 57 12 13 5 63 67 102 68 2 14 83 32 112 89 115 63 35 58 20 0 35 8 34 37 39 62 55 30 15 76
