run=1 seed=0 k=122 f=0
67 10 3 32 7 0 50 120 65 23 80 46 102 73 9 76 53 80 16 91 117 106 17 90 82 120 98 109 121 119 44 30 52 90 25 66 17 12 62 0 37 67 56 18 2 94 60 80 5 39 107 0 71 110 70 101 49 26 23 112 92 51 26 46 20 113 16 39 5 77 26 121 113 42 62 77 121 2 36 112 88 100 9 34 14 62 18 69 88 109 83 98 38 90 67 1 84 84 102 30 41 59 26 31 53 77 37 54 22 10 44 15 41 48 102 57 99 109 121 65
run=2 seed=1 k=122 f=0
67 10 3 32 7 0 50 120 65 23 80 46 102 73 9 76 53 80 16 91 117 106 17 90 82 120 98 109 121 119 44 30 52 90 25 66 17 12 62 0 37 67 56 18 2 94 60 80 5 39 107 0 71 110 70 101 49 26 23 112 92 51 26 46 20 113 16 39 5 77 26 121 113 42 62 77 121 2 36 112 88 100 9 34 14 62 18 69 88 109 83 98 38 90 67 1 84 84 102 30 41 59 26 31 53 77 37 54 22 10 44 15 41 48 102 57 99 109 121 65
run=3 seed=2 k=122 f=0
7 27 95 36 85 45 91 81 35 71 121 81 82 39 96 0 105 91 15 112 50 70 64 105 65 78 18 104 102 119 28 117 24 102 45 112 16 0 7 51 71 21 50 111 92 89 10 90 22 4 80 13 117 108 118 59 67 67 76 47 14 21 11 41 72 74 31 36 86 10 84 98 36 113 56 6 82 2 99 73 40 59 28 32 13 11 97 94 75 11 41 93 110 57 10 61 5 45 2 17 26 121 87 62 41 33 68 1 27 47 3 68 107 60 104 31 69 23 94 116
run=4 seed=3 k=122 f=0
34 74 30 106 89 75 54 66 26 93 62 56 115 27 105 9 86 13 109 41 56 45 6 8 71 100 59 86 100 68 64 93 53 96 120 84 111 43 10 4 40 5 60 65 40 81 45 86 0 68 0 21 121 16 81 119 42 91 119 50 93 117 17 2 1 100 121 24 101 31 27 20 17 64 54 51 50 99 19 24 68 25 110 115 110 73 110 47 65 74 15 86 31 12 0 51 18 31 76 93 32 102 114 47 75 46 105 5 118 7 32 60 37 78 80 82 36 107 61 51
run=5 seed=4 k=122 f=0
43 14 42 32 83 115 49 94 21 73 104 8 0 76 65 45 12 69 62 86 79 69 48 42 38 104 52 26 62 64 90 20 80 10 102 101 99 79 119 55 83 73 100 6 28 14 92 0 41 26 120 35 121 39 89 50 26 119 61 95 60 121 55 19 59 63 9 17 121 103 110 66 82 90 50 112 15 18 32 8 107 11 81 0 49 109 93 75 20 115 35 72 102 0 104 42 23 113 59 33 0 49 45 72 19 86 104 106 113 3 5 79 41 95 85 96 35 27 55 30
run=6 seed=5 k=122 f=0
33 50 10 110 32 50 61 92 33 19 6 66 44 55 6 88 7 85 15 94 30 9 79 0 63 17 89 65 1 57 64 113 54 2 107 79 2 105 58 87 23 42 11 69 37 15 23 9 43 60 9 18 72 50 76 63 119 111 15 45 0 119 2 121 19 87 30 94 55 29 100 74 34 101 27 89 118 66 71 14 1 101 108 66 84 73 92 118 114 50 22 111 121 10 53 35 82 117 77 18 80 28 98 106 103 97 44 24 74 37 119 82 98 47 107 64 112 43 23 106
run=7 seed=6 k=122 f=0
27 81 36 90 88 39 36 101 64 14 67 23 95 26 20 36 79 86 106 6 46 115 47 44 111 101 120 56 15 0 93 22 10 44 10 53 89 66 34 115 83 30 15 10 67 38 101 15 1 30 100 52 14 53 96 51 98 106 103 94 108 85 116 55 85 92 77 20 14 111 8 62 93 78 118 39 119 17 121 72 1 63 2 0 91 64 62 31 61 69 50 75 118 121 55 111 6 72 3 79 44 10 113 45 41 83 113 107 75 50 57 77 26 62 44 77 39 120 113 105
run=8 seed=7 k=122 f=0
109 67 95 99 16 77 98 93 120 119 34 19 45 0 61 86 62 121 62 63 76 55 120 0 51 71 63 69 119 82 105 98 20 39 82 3 57 10 48 2 7 70 19 57 10 66 26 7 102 83 31 55 33 53 103 32 91 94 105 94 11 107 73 1 3 107 32 66 119 120 27 46 93 121 110 10 16 38 51 55 42 26 50 59 16 31 45 110 77 23 77 83 9 30 1 113 16 76 1 116 35 37 90 116 25 84 87 97 44 40 91 21 41 54 75 0 53 71 111 10
run=9 seed=8 k=122 f=0
120 115 27 82 95 44 73 30 14 3 73 38 0 70 71 30 8 68 74 48 59 44 81 106 16 76 74 33 79 53 49 100 90 91 32 73 25 51 0 106 32 113 23 117 6 96 65 4 46 97 63 104 119 22 110 80 8 10 4 111 20 68 89 15 39 70 113 39 37 24 31 86 0 58 40 55 33 14 18 78 121 81 60 121 106 48 86 116 60 103 39 83 25 76 58 10 1 65 17 94 41 52 91 110 117 18 2 23 98 23 26 114 104 44 94 90 59 60 65 120
run=10 seed=9 k=122 f=0
9 107 99 119 76 32 82 108 61 82 14 27 43 15 65 3 113 70 16 51 119 60 35 100 35 21 47 115 116 38 60 91 82 39 95 86 104 55 74 94 82 102 91 1 102 33 22 93 76 36 23 40 65 58 121 79 0 58 71 74 94 11 50 47 0 23 12 90 80 87 9 48 52 2 102 12 10 13 4 53 48 29 40 27 23 109 1 63 57 30 120 99 11 0 21 63 105 121 100 65 120 112 72 14 89 25 72 101 30 90 35 28 119 5 54 111 82 19 41 51
run=11 seed=10 k=122 f=0
47 116 120 35 24 83 31 94 67 24 57 27 21 117 69 31 36 115 0 78 64 15 35 3 118 24 74 76 47 92 1 87 89 17 90 38 16 31 49 115 41 35 41 91 81 99 34 118 61 52 25 12 121 44 56 74 61 7 48 108 106 52 101 67 24 0 60 41 23 111 84 66 92 32 9 17 10 119 95 54 99 7 28 3 0 108 74 61 93 80 40 71 13 91 18 120 55 81 44 62 70 2 89 44 39 104 102 110 102 16 110 30 44 13 73 121 99 107 106 70
run=12 seed=11 k=122 f=0
72 51 31 21 83 15 115 61 57 61 85 32 45 85 96 87 73 2 35 52 79 2 107 67 69 82 116 16 34 78 97 14 77 101 111 41 100 120 112 38 15 6 68 54 57 63 22 104 18 57 44 21 119 94 88 48 51 121 69 46 103 95 27 20 22 37 0 13 105 54 27 80 66 9 11 42 64 37 19 16 116 62 7 35 38 0 94 102 62 41 26 5 87 1 24 46 0 87 86 80 21 116 64 4 94 54 93 90 93 26 121 69 114 7 106 29 110 77 75 49
run=13 seed=12 k=122 f=0
58 69 118 23 87 61 32 12 71 45 57 37 99 30 4 14 121 43 29 89 1 78 54 60 53 25 71 20 51 47 19 112 14 53 45 22 117 120 80 49 81 82 6 11 38 92 27 17 64 56 97 110 5 121 109 86 10 108 72 98 103 108 57 75 104 51 6 72 47 88 31 82 47 28 94 21 35 0 107 41 59 96 95 64 118 84 113 11 72 67 75 96 25 12 24 19 58 15 91 102 103 1 89 77 29 38 93 39 38 37 11 99 0 121 88 35 84 37 66 103
run=14 seed=13 k=122 f=0
17 105 87 93 52 50 44 103 61 25 30 68 30 113 117 118 5 54 76 10 61 27 5 114 109 117 19 108 7 5 51 2 10 111 121 41 94 13 88 2 120 23 72 29 38 24 9 34 110 17 44 36 74 100 93 82 84 84 38 21 88 57 91 102 57 115 65 83 73 51 80 116 58 37 66 58 105 104 120 74 16 45 24 121 97 66 30 59 54 23 45 22 102 101 4 3 69 50 88 67 64 10 82 100 66 75 79 74 27 91 51 45 5 76 46 111 45 37 32 100
run=15 seed=14 k=122 f=0
13 32 61 6 55 52 39 18 89 54 110 0 95 89 56 8 16 94 26 55 76 16 101 82 110 86 98 86 17 61 64 68 6 59 76 61 120 115 75 111 11 32 81 24 121 39 28 108 55 40 111 100 112 116 0 68 40 79 24 100 23 39 48 31 103 3 92 73 121 16 50 46 78 19 70 16 39 43 10 116 86 48 120 12 42 65 7 29 65 121 104 90 73 31 1 36 34 67 29 13 3 85 79 97 66 25 118 26 73 26 0 39 80 120 21 98 104 45 107 49
run=16 seed=15 k=122 f=0
27 23 61 111 18 70 60 24 39 112 83 71 46 18 12 80 109 119 93 66 89 108 29 23 86 51 45 5 42 72 89 71 68 14 60 14 42 108 90 83 105 52 47 3 25 109 38 54 58 41 1 69 29 30 86 115 84 19 118 59 92 33 76 75 120 16 33 44 17 11 6 10 101 94 20 108 79 86 0 59 4 39 101 34 28 102 82 36 109 98 0 58 119 120 69 100 77 3 18 34 118 50 121 116 10 57 84 30 63 10 45 63 87 54 99 99 66 0 11 26
run=17 seed=16 k=122 f=0
51 19 73 80 39 5 97 55 121 116 81 47 110 107 36 34 44 84 19 90 103 75 7 102 12 60 4 12 30 44 67 52 81 42 121 63 106 30 21 73 86 14 65 90 4 65 85 73 80 102 36 61 11 71 121 82 0 121 119 110 93 87 40 53 9 96 2 58 6 113 110 95 3 56 24 27 112 30 36 8 94 111 50 77 58 94 72 71 19 0 1 97 68 79 44 1 17 38 45 39 86 29 121 115 47 23 119 23 13 96 67 108 61 63 69 43 35 105 62 56
run=18 seed=17 k=122 f=0
15 102 0 102 77 37 110 58 83 51 98 20 0 16 52 26 93 57 58 89 36 93 13 120 65 79 30 64 87 8 118 67 112 91 115 59 7 81 6 105 52 81 111 28 40 72 116 6 65 27 111 25 36 32 66 50 19 91 114 78 86 113 23 100 33 121 33 92 0 41 73 84 119 46 18 6 112 95 27 69 11 121 15 12 61 83 51 61 3 44 23 45 35 32 20 120 68 98 90 72 97 44 1 110 77 39 77 69 84 105 19 98 104 75 0 106 6 24 51 62
run=19 seed=18 k=122 f=0
19 53 75 119 114 90 15 1 28 85 38 30 112 82 48 0 4 121 22 47 103 87 35 85 102 48 45 63 72 100 14 63 13 33 68 21 104 113 66 77 32 119 7 45 49 90 26 15 11 66 92 116 57 33 70 79 106 5 26 120 107 37 94 17 51 119 34 66 5 70 40 54 116 119 100 41 32 1 56 66 76 96 101 58 81 23 91 17 99 36 38 20 58 11 27 96 65 43 0 59 58 71 117 83 73 96 91 43 26 25 112 60 68 55 79 14 77 104 51 108
run=20 seed=19 k=122 f=0
45 44 111 22 73 0 63 107 76 87 34 102 49 4 59 13 79 105 55 55 27 92 65 66 107 47 50 74 24 12 15 67 28 98 8 60 94 30 45 67 59 100 39 76 120 109 91 84 54 25 107 81 10 90 55 119 81 0 86 38 36 5 112 86 70 94 116 71 120 3 16 15 121 21 2 61 52 93 74 110 112 48 65 116 18 119 111 37 102 95 80 80 103 60 47 62 42 73 10 10 25 81 119 88 94 7 29 24 99 33 9 53 103 74 23 1 70 6 36 54
