run=1 seed=0 k=112 f=0
71 101 9 19 1 41 10 25 108 45 58 75 4 66 110 72 19 26 27 80 87 55 103 93 4 60 109 26 99 8 79 42 38 80 45 23 1 57 51 58 87 109 5 110 48 66 62 100 106 51 0 54 6 35 35 65 55 18 49 111 67 13 60 103 102 89 110 81 17 49 12 98 31 80 94 23 74 28 0 70 63 7 12 44 27 47 84 58 82 0 101 66 12 53 91 111 36 91 46 19 89 37 12 43 11 89 36 0 101 111 36 36 53 72 30 97 74 16 76 43
run=2 seed=1 k=112 f=0
71 101 9 19 1 41 10 25 108 45 58 75 4 66 110 72 19 26 27 80 87 55 103 93 4 60 109 26 99 8 79 42 38 80 45 23 1 57 51 58 87 109 5 110 48 66 62 100 106 51 0 54 6 35 35 65 55 18 49 111 67 13 60 103 102 89 110 81 17 49 12 98 31 80 94 23 74 28 0 70 63 7 12 44 27 47 84 58 82 0 101 66 12 53 91 111 36 91 46 19 89 37 12 43 11 89 36 0 101 111 36 36 53 72 30 97 74 16 76 43
run=3 seed=2 k=112 f=0
88 33 68 34 37 2 48 77 37 107 37 99 61 72 82 105 96 107 48 74 50 22 9 87 39 15 65 20 24 21 36 81 49 50 86 12 32 38 89 13 29 30 99 79 68 105 84 50 23 2 12 39 49 10 64 29 22 71 60 17 68 91 15 73 57 103 17 0 89 78 80 79 111 93 57 66 10 54 7 12 2 97 22 9 16 2 88 109 61 43 25 0 41 54 99 25 1 61 9 91 74 5 103 40 96 100 108 93 97 81 108 24 67 43 26 42 29 17 111 89
run=4 seed=3 k=112 f=0
110 110 62 67 78 43 63 14 1 43 42 1 1 75 72 29 101 81 65 51 81 6 62 90 69 72 49 23 103 30 29 46 83 38 30 95 67 96 58 15 62 110 52 15 40 40 73 55 79 26 39 21 35 101 7 65 2 29 23 16 45 101 47 111 77 21 0 2 14 15 66 85 17 97 0 70 101 75 64 19 57 36 74 21 0 58 87 104 87 41 47 29 106 34 110 89 110 106 44 85 10 59 20 53 8 7 9 35 82 92 72 84 110 7 79 93 59 106 85 51
run=5 seed=4 k=112 f=0
77 3 34 78 108 98 105 11 31 91 15 33 58 92 67 84 36 2 41 71 37 28 48 23 37 95 87 7 32 54 78 65 0 108 59 75 110 75 87 14 101 1 17 57 7 82 82 106 88 111 64 13 27 95 40 48 78 99 45 58 44 105 75 84 0 23 43 15 57 6 101 23 62 47 69 29 13 70 82 102 21 11 62 32 111 91 10 111 85 105 39 24 84 2 96 53 9 54 1 69 70 68 46 18 99 32 54 2 37 59 91 58 82 16 48 103 51 65 51 20
run=6 seed=5 k=112 f=0
61 61 10 72 58 96 70 57 65 19 98 106 14 62 90 100 111 104 40 27 75 13 20 85 3 91 24 105 100 63 82 33 78 88 85 88 84 0 32 0 54 17 13 49 83 95 29 31 34 42 9 21 8 109 37 110 73 41 86 44 0 53 76 65 7 40 40 69 56 45 52 75 98 111 76 101 22 102 38 37 24 64 54 22 47 27 17 1 94 57 49 80 63 94 12 70 32 56 13 79 94 23 71 67 62 8 84 17 94 48 107 102 6 109 111 0 28 46 8 1
run=7 seed=6 k=112 f=0
9 23 35 86 92 95 102 35 106 98 63 100 57 5 66 104 42 76 39 104 111 42 12 14 77 19 108 20 38 33 87 66 104 83 4 89 33 13 91 94 46 58 49 2 0 24 107 46 60 34 22 26 0 18 66 74 46 50 79 28 81 56 68 57 55 18 15 46 50 0 6 42 51 85 108 72 82 99 13 26 9 86 31 98 36 40 70 75 75 28 1 72 82 69 86 28 58 111 53 53 79 3 78 11 44 75 89 87 51 100 0 61 6 66 12 27 92 111 99 49
run=8 seed=7 k=112 f=0
4 45 59 15 26 89 93 81 52 105 16 69 83 101 18 20 3 10 81 80 101 73 38 56 77 111 65 32 1 46 74 11 9 74 18 93 91 17 56 100 9 45 62 108 58 23 52 61 51 86 24 65 41 108 40 7 88 74 24 7 104 37 13 53 94 24 26 49 53 75 25 44 14 0 97 73 47 98 6 25 0 33 100 0 90 109 77 34 55 30 41 48 67 63 94 32 58 33 83 77 67 111 90 61 109 52 7 107 3 19 39 72 33 108 27 62 68 103 97 48
run=9 seed=8 k=112 f=0
73 33 75 109 55 19 35 8 105 42 79 40 68 106 98 74 48 83 97 4 101 45 73 46 48 74 71 34 55 19 33 111 24 62 70 54 17 28 89 48 92 30 2 49 11 30 39 44 99 27 62 70 65 0 100 56 9 61 71 59 107 20 52 10 44 87 61 106 87 38 94 111 0 4 39 93 35 55 50 8 64 39 78 51 13 78 18 101 44 111 40 36 15 28 35 20 43 90 17 6 85 6 15 81 106 83 26 29 10 4 58 74 65 1 85 21 57 71 78 97
run=10 seed=9 k=112 f=0
51 0 101 24 83 14 12 54 26 82 3 84 12 44 58 111 87 59 94 36 71 23 91 76 58 3 10 34 110 93 55 10 27 71 105 93 62 1 42 20 19 17 82 25 35 100 2 99 40 20 63 22 68 42 105 61 53 79 79 18 103 77 56 96 18 73 94 101 102 103 12 71 54 1 46 66 88 53 94 34 61 29 5 34 55 89 29 41 54 37 110 26 72 92 26 111 73 8 84 53 72 32 103 111 65 5 82 45 2 13 45 86 109 33 48 87 76 91 1 67
run=11 seed=10 k=112 f=0
111 56 54 21 94 101 19 87 2 0 6 105 0 62 88 32 58 72 61 19 97 24 59 69 80 28 9 39 24 86 77 9 15 79 28 4 45 6 12 8 0 1 93 66 2 55 16 52 69 39 106 0 111 39 34 110 111 65 108 90 48 50 97 19 62 14 36 107 44 77 64 29 78 80 86 102 22 46 58 58 77 52 61 107 72 35 12 29 66 104 99 39 51 69 38 52 16 96 76 0 14 61 97 21 30 76 101 37 56 45 82 20 82 38 15 89 1 25 68 6
run=12 seed=11 k=112 f=0
79 22 8 77 107 39 57 33 109 88 0 68 45 54 107 111 111 102 29 30 64 73 53 26 34 49 59 6 71 0 96 52 12 44 9 46 39 75 19 62 34 21 13 108 10 74 96 29 17 9 47 109 79 89 4 90 46 21 43 83 87 2 45 92 53 65 14 72 12 92 35 51 98 4 59 81 17 69 57 34 37 3 80 27 87 55 0 102 24 41 84 69 91 108 98 97 10 106 100 56 57 92 87 27 78 95 81 97 110 22 104 77 8 19 18 97 71 111 69 30
run=13 seed=12 k=112 f=0
59 4 84 54 107 102 37 86 65 68 90 93 72 91 81 69 9 51 78 44 102 50 44 98 29 28 65 50 106 45 1 26 21 31 31 13 38 79 52 1 111 54 70 109 60 54 53 56 48 111 84 56 78 18 1 19 8 12 33 19 57 0 98 17 6 39 100 51 111 8 84 111 21 28 92 74 26 34 10 58 39 94 89 42 81 90 37 0 86 60 105 21 6 102 89 97 50 104 9 11 46 81 20 69 73 96 29 7 18 42 65 109 74 75 9 0 101 61 85 75
run=14 seed=13 k=112 f=0
90 33 63 79 65 86 0 38 50 62 54 41 106 78 51 89 53 0 31 18 60 50 1 54 13 86 26 14 95 98 19 75 8 51 47 95 111 31 7 68 105 109 80 16 108 20 89 108 4 26 10 25 100 56 106 69 3 32 68 56 108 70 37 94 74 23 75 37 28 17 44 50 17 45 36 91 77 38 36 65 42 100 2 21 1 94 66 88 110 72 81 91 21 24 96 100 62 59 10 37 80 103 41 75 45 38 45 59 67 111 82 93 12 0 1 10 10 61 22 6
run=15 seed=14 k=112 f=0
43 6 55 74 100 98 82 104 36 11 27 48 16 78 111 65 18 107 89 103 96 80 11 32 54 44 110 100 91 99 9 0 27 23 64 41 21 39 80 35 66 84 92 31 34 71 19 62 56 64 19 25 91 29 76 86 12 95 74 16 74 26 6 51 52 71 111 78 35 85 33 5 25 83 2 42 43 6 65 105 47 108 110 14 10 61 100 47 45 70 0 0 39 69 107 111 28 13 101 2 74 85 104 111 41 77 100 51 58 36 57 93 13 39 97 20 83 67 54 63
run=16 seed=15 k=112 f=0
101 52 97 39 71 48 2 60 79 71 22 30 32 108 2 3 76 83 36 49 62 25 53 17 79 111 30 11 76 106 16 77 110 18 22 83 65 29 108 38 4 85 54 75 66 83 24 87 89 46 85 39 98 100 42 101 52 48 70 48 4 58 14 63 36 2 58 103 107 53 104 0 69 25 24 30 111 79 97 9 92 43 32 96 0 72 36 62 105 1 94 78 64 92 13 87 94 15 25 15 109 110 42 59 8 58 86 23 97 53 32 93 67 70 22 16 11 70 7 65
run=17 seed=16 k=112 f=0
76 24 89 12 51 6 99 111 63 48 47 59 39 28 100 103 62 29 26 15 95 50 21 92 0 111 54 14 78 2 48 63 62 64 60 15 44 22 83 92 20 31 37 51 93 9 21 43 32 75 106 17 84 111 79 88 99 26 107 74 40 111 36 45 93 105 61 10 80 33 90 19 6 109 98 22 95 46 68 23 43 88 24 105 38 83 53 69 35 0 52 74 8 85 57 4 95 68 91 33 11 98 7 104 25 4 7 51 61 37 57 14 75 83 35 5 18 54 74 102
run=18 seed=17 k=112 f=0
22 96 35 51 17 50 88 34 105 66 27 0 99 103 16 90 10 31 55 6 20 110 37 63 35 91 108 94 93 90 85 12 2 94 39 7 111 7 75 85 5 70 56 88 5 9 61 59 27 50 40 79 102 98 104 69 81 60 78 24 36 47 73 43 111 29 53 82 35 99 67 53 59 34 111 106 42 13 56 28 63 1 3 23 88 42 82 77 40 0 69 13 52 14 60 0 55 43 32 79 111 72 33 17 66 47 9 82 0 22 102 41 14 27 103 46 74 84 26 47
run=19 seed=18 k=112 f=0
45 95 65 15 34 9 78 22 60 29 63 60 74 17 26 17 0 92 79 23 34 54 57 59 56 56 75 109 30 0 38 69 95 79 72 4 33 70 91 54 25 111 39 83 39 2 98 20 90 35 111 60 18 48 104 96 0 16 77 87 73 47 90 12 5 47 38 111 86 37 65 78 103 65 26 18 110 105 96 10 26 102 67 48 42 40 82 49 14 76 86 15 47 65 101 29 96 10 28 27 95 25 63 43 107 6 111 105 99 48 0 15 78 86 8 10 111 56 59 9
run=20 seed=19 k=112 f=0
4 87 72 26 87 20 41 87 28 64 93 0 0 78 57 40 6 17 103 21 75 4 51 98 32 99 2 30 65 14 13 27 90 75 53 64 17 0 15 99 87 0 32 38 59 109 109 52 92 111 33 107 46 65 92 102 95 78 12 99 79 111 15 51 26 72 98 77 60 110 24 85 13 24 69 33 84 39 84 64 18 110 61 9 38 10 37 73 88 85 46 55 35 45 91 109 57 72 74 6 7 54 106 29 66 39 51 38 62 23 102 66 111 50 7 47 60 46 79 0
