run=1 seed=0 k=113 f=0
55 39 13 61 71 15 15 42 71 67 108 59 32 77 43 75 84 19 43 54 47 24 36 3 33 63 87 12 34 20 99 103 105 10 96 67 112 112 101 81 12 19 93 98 1 16 112 56 91 74 107 67 24 28 79 1 85 71 0 18 109 53 102 56 87 24 6 102 33 40 100 97 51 49 4 39 89 100 75 54 57 112 109 34 96 90 13 78 108 31 62 21 6 43 92 63 0 1 54 68 14 9 52 34 13 25 22 83 52 112 83 61 38 70 83 8 42 51 64 59
run=2 seed=1 k=113 f=0
55 39 13 61 71 15 15 42 71 67 108 59 32 77 43 75 84 19 43 54 47 24 36 3 33 63 87 12 34 20 99 103 105 10 96 67 112 112 101 81 12 19 93 98 1 16 112 56 91 74 107 67 24 28 79 1 85 71 0 18 109 53 102 56 87 24 6 102 33 40 100 97 51 49 4 39 89 100 75 54 57 112 109 34 96 90 13 78 108 31 62 21 6 43 92 63 0 1 54 68 14 9 52 34 13 25 22 83 52 112 83 61 38 70 83 8 42 51 64 59
run=3 seed=2 k=113 f=0
27 11 79 63 14 56 6 62 18 67 15 19 76 100 45 28 66 110 42 6 21 103 30 27 34 39 87 92 67 50 4 91 61 84 24 68 82 0 77 100 42 49 102 63 9 70 51 112 59 77 20 75 101 112 70 94 57 37 60 60 86 109 39 8 25 7 96 49 75 110 94 53 47 14 26 102 32 101 86 84 82 67 46 34 97 109 1 8 25 56 1 112 22 75 19 55 78 111 49 16 97 41 108 32 68 9 32 27 74 92 43 68 78 34 94 35 17 47 0 47
run=4 seed=3 k=113 f=0
8 110 30 44 16 73 61 35 30 52 73 4 31 0 21 77 76 111 57 82 4 33 4 68 62 18 27 67 41 92 48 49 41 61 73 14 34 52 93 57 36 112 79 39 7 13 109 4 67 58 74 112 106 83 100 20 95 88 100 85 27 45 65 69 112 59 83 34 91 15 86 108 49 48 34 61 48 54 37 0 66 27 110 42 20 110 96 101 12 90 75 28 12 25 112 11 83 82 46 11 44 73 63 40 47 94 74 43 4 10 56 88 98 110 95 12 2 0 0 97
run=5 seed=4 k=113 f=0
15 64 6 102 60 54 36 45 1 51 70 0 24 19 105 16 61 2 51 41 48 73 46 74 94 42 29 74 101 63 93 5 62 32 42 110 80 70 64 112 0 34 104 76 108 98 88 67 104 26 111 45 9 102 12 22 111 32 97 37 54 68 80 49 0 108 25 6 59 40 18 58 35 88 88 10 41 54 87 0 91 67 90 82 106 43 77 94 73 111 9 53 91 102 46 112 72 47 16 29 74 22 82 69 8 39 61 98 86 32 28 36 13 12 85 80 98 95 25 51
run=6 seed=5 k=113 f=0
110 68 36 112 29 75 101 13 30 88 21 53 91 47 21 33 25 7 104 30 112 97 40 36 4 95 13 72 27 87 104 51 105 65 112 22 25 35 44 36 73 93 107 102 24 68 6 111 10 111 95 36 34 8 56 88 37 58 103 16 0 82 62 79 99 20 68 49 42 45 50 45 102 0 16 18 60 24 66 72 0 60 97 91 75 43 60 64 89 71 80 82 12 31 72 3 20 90 77 28 45 63 2 81 54 97 17 1 3 86 12 54 41 55 101 84 42 25 71 63
run=7 seed=6 k=113 f=0
78 18 100 78 71 105 5 28 1 41 42 31 73 92 64 43 103 88 4 82 9 89 53 107 72 35 88 0 37 20 110 33 27 58 103 49 22 112 71 105 30 49 2 7 94 50 13 88 5 95 54 99 60 57 20 96 11 93 69 12 112 81 32 43 50 44 85 0 0 41 70 63 84 15 11 39 57 8 19 54 109 77 69 78 60 42 25 61 59 66 84 95 101 112 26 14 45 40 30 78 24 99 1 75 106 56 51 62 99 81 27 82 17 69 57 97 52 38 86 19
run=8 seed=7 k=113 f=0
71 103 111 106 63 15 73 54 88 39 101 56 34 58 93 33 0 100 42 111 53 4 30 57 68 48 97 57 31 70 104 20 14 108 71 84 0 1 63 101 51 0 70 86 58 62 5 59 7 39 79 84 22 27 33 77 49 41 45 98 67 79 4 79 21 112 105 21 65 29 59 90 30 83 91 58 23 89 25 47 11 105 46 44 35 23 112 10 10 63 108 83 78 30 112 9 42 76 33 66 95 16 72 97 73 48 94 36 18 84 92 10 100 0 49 78 13 95 88 20
run=9 seed=8 k=113 f=0
57 57 58 12 6 24 33 49 109 17 71 0 99 35 73 91 29 12 26 8 45 107 47 33 62 45 93 3 82 80 16 74 40 76 86 25 94 111 31 29 7 0 101 46 0 52 84 57 76 110 51 65 97 112 61 5 19 81 29 30 36 8 95 92 13 33 75 106 63 104 68 111 17 13 54 69 74 24 102 56 12 38 87 0 17 109 6 43 5 72 64 40 9 39 71 23 101 62 16 16 58 46 63 88 92 104 20 12 2 1 84 67 42 68 80 53 82 87 95 110
run=10 seed=9 k=113 f=0
38 63 89 26 90 87 112 22 26 80 70 46 55 84 87 44 112 23 16 28 35 12 112 49 66 81 93 47 67 105 26 85 99 59 58 104 59 9 32 106 16 8 102 74 79 68 5 108 9 97 61 11 53 67 93 52 100 21 60 91 28 56 10 48 46 68 75 111 20 11 75 97 88 42 38 38 40 36 43 71 0 51 17 0 91 29 17 79 23 6 12 15 2 14 38 111 74 35 99 30 30 76 44 0 4 72 43 95 69 103 100 1 78 0 26 75 67 81 109 57
run=11 seed=10 k=113 f=0
70 28 24 58 76 79 71 35 72 102 26 45 66 79 41 82 0 94 38 107 72 90 60 11 21 82 33 80 26 87 54 8 110 86 107 65 86 27 93 58 95 86 16 110 29 26 52 30 92 101 20 108 60 20 73 51 46 14 40 74 13 2 43 8 103 0 45 58 0 108 109 33 36 102 22 99 66 75 49 19 112 64 95 56 17 51 51 0 61 30 5 5 85 50 96 67 5 6 3 38 3 112 112 75 77 92 32 109 67 70 97 9 15 49 12 32 43 44 55 17
run=12 seed=11 k=113 f=0
98 30 91 8 99 70 28 44 18 78 78 77 93 25 73 95 74 96 11 95 58 3 63 0 103 65 77 22 3 102 44 86 28 24 90 45 88 7 14 1 60 51 112 0 62 67 67 94 51 0 111 70 112 40 51 105 79 109 34 82 90 24 63 42 89 39 9 72 104 51 80 32 104 16 33 62 58 38 43 61 69 112 10 61 9 53 21 87 42 57 82 0 11 111 53 100 35 9 59 79 31 58 93 39 67 41 99 77 69 83 18 57 28 18 8 26 13 35 1 108
run=13 seed=12 k=113 f=0
42 107 39 54 66 56 78 93 110 19 50 72 103 48 60 74 75 67 103 32 8 17 98 72 1 38 64 3 2 112 32 58 10 77 24 42 35 0 65 53 9 91 103 84 95 89 16 91 102 22 91 35 62 47 18 31 79 67 23 86 0 49 52 45 25 68 52 37 66 45 93 112 31 21 8 16 6 15 98 94 29 111 17 112 76 29 83 1 96 97 82 13 47 103 14 57 82 15 43 112 9 7 18 48 107 74 8 101 104 112 85 12 78 25 25 0 54 38 38 104
run=14 seed=13 k=113 f=0
26 16 25 52 55 2 85 104 59 8 24 83 36 51 60 112 40 47 28 40 88 56 26 9 75 58 43 111 100 86 107 5 16 34 11 36 91 11 87 76 14 50 71 55 14 105 62 86 111 89 30 33 67 80 83 112 109 6 12 101 99 22 98 105 61 37 48 84 32 19 27 55 51 48 3 91 67 66 111 108 43 20 22 94 77 97 76 77 8 31 83 2 70 36 64 53 62 30 66 93 69 44 93 11 68 101 91 46 94 81 103 15 77 112 2 64 19 20 100 69
run=15 seed=14 k=113 f=0
26 37 112 82 108 85 23 67 49 68 34 31 85 109 1 68 3 63 41 54 61 13 75 68 3 25 14 12 100 24 87 23 112 40 95 1 5 56 47 94 74 103 10 31 84 78 99 59 112 84 57 11 13 76 79 24 55 36 6 76 104 53 6 18 90 102 59 96 112 110 48 60 93 102 34 0 1 91 83 9 32 89 76 99 96 18 57 46 41 96 56 0 30 41 12 27 30 69 95 44 7 17 65 42 17 48 69 40 4 47 74 29 13 37 109 47 72 109 16 79
run=16 seed=15 k=113 f=0
0 95 98 100 106 52 107 65 33 12 52 9 5 54 50 19 32 92 34 27 103 31 61 69 29 5 39 40 85 22 14 55 81 58 27 0 76 3 9 57 2 71 71 65 83 95 39 41 17 66 30 41 100 94 14 94 2 66 37 107 87 47 105 82 86 11 65 58 6 47 38 85 57 44 23 84 84 13 89 104 64 112 71 112 80 32 75 59 22 106 112 98 22 99 2 45 111 27 90 109 76 39 62 109 108 27 2 23 76 42 15 78 61 90 67 46 50 31 12 74
run=17 seed=16 k=113 f=0
6 38 9 44 21 3 3 53 26 16 34 69 106 71 55 8 12 0 111 48 107 62 7 0 0 41 89 66 12 9 4 91 39 100 97 16 94 22 87 24 79 29 61 49 34 33 57 83 112 75 18 99 21 69 79 95 13 47 0 99 48 26 47 34 15 104 27 50 21 32 27 107 84 73 106 86 112 67 67 79 45 78 57 70 11 16 93 101 63 66 87 112 97 40 87 5 49 1 46 38 1 55 30 61 79 77 45 16 57 98 97 111 70 110 76 55 55 41 38 82
run=18 seed=17 k=113 f=0
36 105 45 80 87 97 57 82 29 80 10 78 46 7 76 9 13 66 75 76 16 65 25 68 89 110 93 92 63 112 88 82 9 21 46 24 87 112 59 109 47 36 41 25 37 27 105 19 93 57 30 33 32 58 9 36 67 65 112 29 85 49 101 90 105 46 11 109 44 41 0 11 70 56 77 5 0 102 29 29 0 23 64 30 101 0 45 12 89 51 20 69 97 2 15 95 105 18 2 75 96 100 38 5 1 51 21 6 2 24 55 72 55 20 62 91 100 50 105 71
run=19 seed=18 k=113 f=0
0 34 96 63 40 28 61 71 7 53 81 111 52 66 73 15 15 25 105 52 109 86 32 28 68 46 55 105 107 72 2 66 61 63 81 8 66 107 56 96 112 45 77 54 24 5 106 112 39 91 12 97 30 92 36 88 9 87 37 3 0 81 21 6 9 102 14 35 98 88 54 75 62 34 112 112 71 100 4 110 76 57 49 97 13 12 72 19 31 59 43 89 20 44 96 42 26 51 47 10 1 20 75 80 104 26 80 36 5 85 22 83 58 43 59 29 103 18 19 35
run=20 seed=19 k=113 f=0
62 60 63 19 68 44 64 9 107 100 42 95 58 50 3 10 75 82 26 31 104 81 54 100 34 57 2 15 69 29 19 72 76 29 92 31 7 103 80 107 108 85 90 20 91 68 47 31 103 24 63 84 1 109 71 64 46 34 65 2 50 110 20 11 49 75 37 65 94 71 98 82 86 21 35 0 0 84 77 14 38 19 98 0 4 93 67 53 75 94 48 57 110 42 18 110 9 40 99 111 59 55 85 14 22 28 2 5 38 43 13 91 55 93 76 54 112 38 100 27
