run=1 seed=0 k=111 f=0
31 87 42 46 56 109 103 27 96 64 31 110 65 8 41 60 89 22 94 53 110 38 9 3 49 80 31 15 55 85 101 0 110 84 17 53 47 9 40 58 93 89 94 29 107 82 65 5 19 68 110 44 59 8 75 89 29 101 63 25 27 12 56 54 18 71 93 40 81 99 101 0 3 12 36 39 100 53 96 34 70 102 62 62 44 21 46 75 11 109 92 70 83 96 76 1 41 39 24 17 84 71 72 96 105 6 74 19 23 0 10 11 37 64 85 22 13 49 48 26
run=2 seed=1 k=111 f=0
31 87 42 46 56 109 103 27 96 64 31 110 65 8 41 60 89 22 94 53 110 38 9 3 49 80 31 15 55 85 101 0 110 84 17 53 47 9 40 58 93 89 94 29 107 82 65 5 19 68 110 44 59 8 75 89 29 101 63 25 27 12 56 54 18 71 93 40 81 99 101 0 3 12 36 39 100 53 96 34 70 102 62 62 44 21 46 75 11 109 92 70 83 96 76 1 41 39 24 17 84 71 72 96 105 6 74 19 23 0 10 11 37 64 85 22 13 49 48 26
run=3 seed=2 k=111 f=0
21 4 110 44 110 6 78 90 61 37 109 87 90 50 80 31 42 66 83 30 86 39 38 77 53 57 98 73 84 86 63 105 31 44 38 64 5 59 2 50 110 15 96 80 67 66 0 51 72 12 33 30 0 74 16 70 1 106 78 44 110 75 90 105 81 33 94 89 68 61 51 58 21 42 29 89 98 17 43 0 8 50 22 35 95 57 80 26 44 6 11 11 65 101 2 73 91 35 103 89 97 27 16 95 52 95 36 110 5 100 21 76 42 69 15 59 88 24 24 23
run=4 seed=3 k=111 f=0
86 48 60 3 58 55 25 7 31 51 36 3 90 102 67 0 91 101 29 110 58 33 100 23 82 57 55 4 70 13 6 101 55 60 16 16 60 109 51 15 28 50 41 5 44 49 99 39 98 9 64 10 44 74 27 14 95 108 14 10 106 25 85 50 85 92 76 99 69 89 74 71 83 38 0 33 105 45 77 98 21 83 0 94 27 8 66 78 49 16 30 103 47 110 56 21 48 31 60 21 106 91 84 22 1 43 85 47 33 109 89 98 73 107 65 41 35 70 8 40
run=5 seed=4 k=111 f=0
51 6 109 2 99 85 27 58 35 2 23 0 55 47 2 40 101 19 50 52 110 77 69 61 30 110 69 34 75 106 9 69 91 37 91 25 10 106 98 75 54 45 75 62 92 110 40 25 82 12 37 11 30 62 28 70 37 66 83 18 59 55 102 94 89 95 96 108 33 27 87 39 72 22 52 27 54 79 92 12 0 19 44 66 102 43 42 95 1 79 103 14 83 87 63 47 24 49 45 4 77 103 86 92 40 60 84 78 48 66 61 48 10 16 72 10 1 0 106 32
run=6 seed=5 k=111 f=0
99 93 12 108 108 61 35 108 12 69 52 33 110 110 18 60 17 42 4 92 28 77 78 81 19 63 63 85 92 25 69 36 64 21 33 41 74 10 88 27 99 104 50 69 50 3 57 25 102 110 6 75 8 24 1 33 55 56 5 110 24 82 52 87 28 84 16 37 19 89 57 90 0 12 96 79 43 52 61 5 89 68 107 102 83 93 73 72 45 79 37 36 101 0 93 66 84 47 53 95 41 65 36 82 73 46 105 92 15 55 110 46 73 45 28 47 31 78 11 24
run=7 seed=6 k=111 f=0
86 72 100 68 54 104 28 84 34 26 101 110 20 110 34 22 0 9 15 16 85 0 97 9 52 106 18 48 42 83 26 97 80 52 68 41 74 32 75 94 95 35 43 26 31 61 51 59 89 56 60 1 46 45 18 95 89 41 69 7 30 89 9 71 59 15 63 80 54 40 64 33 13 52 37 11 68 0 92 96 107 62 45 90 43 107 79 28 18 85 68 23 2 18 62 110 35 5 10 1 3 66 7 22 31 57 10 25 109 66 7 43 78 48 103 77 97 4 26 76
run=8 seed=7 k=111 f=0
82 25 105 64 4 3 65 73 78 13 85 109 108 62 52 0 101 29 89 0 92 57 0 26 85 65 109 96 34 13 42 44 12 13 18 68 5 22 61 40 73 37 80 85 65 32 54 55 94 36 55 56 21 55 49 106 69 101 51 9 47 75 11 72 34 64 99 106 65 101 87 49 76 78 56 96 40 46 26 73 30 11 19 41 17 90 2 1 85 91 64 110 35 58 22 5 8 84 6 95 102 17 27 11 101 26 40 30 78 81 75 47 89 91 38 108 110 92 79 18
run=9 seed=8 k=111 f=0
32 75 23 2 75 13 82 92 22 104 46 51 1 98 65 16 25 95 88 104 52 84 108 62 26 5 10 44 26 42 107 99 56 28 20 23 95 62 35 24 56 12 85 55 35 70 109 4 62 81 33 54 42 46 76 47 37 79 34 45 90 70 98 104 53 80 73 55 61 23 57 86 110 16 15 0 88 96 80 49 5 69 64 41 93 105 33 85 37 65 38 11 75 13 80 1 47 10 20 35 62 0 75 101 70 6 11 57 72 87 19 70 106 103 110 26 50 110 108 1
run=10 seed=9 k=111 f=0
9 22 22 43 59 110 97 93 20 62 97 107 55 71 67 49 67 45 26 67 74 86 34 75 3 18 96 107 85 52 109 11 101 73 46 61 71 21 27 22 27 80 6 82 79 62 108 99 42 76 36 25 101 18 100 11 68 33 3 15 3 92 84 59 105 0 63 71 44 65 110 99 93 2 36 54 63 85 21 25 101 36 54 84 58 92 51 105 15 0 15 51 45 40 109 14 60 83 46 30 1 54 47 11 88 81 48 75 8 90 30 46 40 17 31 110 27 64 89 31
run=11 seed=10 k=111 f=0
53 33 25 110 27 107 49 14 95 38 19 98 48 51 66 101 8 110 79 105 25 52 43 63 94 26 55 84 109 0 1 89 28 102 86 109 90 0 69 74 30 34 61 56 2 109 40 7 45 84 86 21 104 71 79 37 96 15 59 59 58 70 85 49 54 20 86 47 0 38 14 31 0 4 96 52 74 23 94 12 45 110 29 90 81 99 75 72 58 18 37 6 92 103 24 39 99 21 67 86 62 81 41 66 46 21 6 60 96 61 72 31 47 46 11 14 36 28 6 79
run=12 seed=11 k=111 f=0
60 54 92 84 60 19 97 13 86 25 0 10 32 2 41 35 56 87 48 27 45 77 19 50 86 108 31 77 70 94 63 68 88 25 40 90 82 34 60 70 21 53 102 76 99 55 36 49 49 80 9 88 71 28 65 96 103 17 61 20 63 43 27 43 109 2 20 54 87 64 13 94 31 6 0 80 40 0 73 80 110 95 109 74 10 106 98 73 76 9 97 82 65 105 10 92 44 23 108 58 88 0 84 40 39 50 83 77 16 28 104 7 64 110 74 18 20 51 2 100
run=13 seed=12 k=111 f=0
91 68 35 5 56 36 82 87 1 9 53 74 34 21 43 89 26 49 26 103 43 32 63 93 48 63 38 56 63 110 53 61 8 57 90 81 63 19 47 19 78 4 81 43 72 2 65 97 56 0 14 73 35 77 4 67 19 84 26 57 95 1 31 102 98 24 4 22 84 49 110 40 9 70 88 66 11 21 36 1 11 110 84 40 16 52 18 58 14 12 100 65 79 80 37 10 105 107 29 77 35 28 5 47 0 107 51 56 68 42 74 17 108 28 109 96 75 28 48 91
run=14 seed=13 k=111 f=0
63 79 6 73 69 91 52 62 6 6 10 1 37 42 4 13 69 32 24 28 54 68 109 0 85 46 21 78 70 59 60 91 24 14 41 42 45 5 32 31 109 77 51 56 100 84 25 41 54 9 9 87 18 58 23 110 102 107 62 61 62 108 85 76 95 16 0 52 19 101 101 12 110 68 0 12 66 80 44 110 32 110 75 39 99 13 93 90 29 107 97 71 48 72 39 108 28 74 101 100 84 97 79 35 0 53 82 102 37 98 85 69 29 50 28 5 85 82 49 13
run=15 seed=14 k=111 f=0
16 5 78 39 84 110 56 88 42 40 84 106 102 61 92 14 67 53 3 57 98 68 2 12 31 110 91 25 20 80 104 90 52 64 104 83 98 45 97 83 7 41 78 7 22 0 69 92 38 46 52 71 58 71 36 28 10 71 1 75 30 63 1 25 52 14 34 109 24 1 13 46 74 32 99 95 84 46 12 65 53 32 102 105 48 21 90 107 102 17 40 29 76 7 97 20 74 10 1 61 46 55 34 22 70 64 12 76 60 82 110 66 55 27 87 79 2 3 61 45
run=16 seed=15 k=111 f=0
44 19 65 38 33 32 9 105 73 10 56 70 26 2 53 86 67 100 11 68 75 0 63 75 61 55 67 102 75 0 109 95 13 0 20 100 58 12 43 20 9 102 37 49 69 81 88 43 14 41 52 22 0 110 71 82 3 2 36 34 92 78 51 86 77 64 48 102 7 93 61 89 108 95 26 43 6 59 21 103 48 27 16 51 83 40 79 85 108 17 110 90 82 52 19 29 99 50 72 109 56 26 90 32 98 71 97 25 110 47 109 97 91 24 4 61 8 21 79 38
run=17 seed=16 k=111 f=0
0 39 18 76 14 94 29 40 36 45 27 46 11 26 102 53 43 88 110 54 98 61 54 68 59 22 18 61 62 0 1 4 91 11 1 89 28 50 58 70 38 76 0 101 81 53 43 58 74 52 101 76 102 64 76 6 102 110 68 106 13 9 110 36 81 20 88 73 13 93 29 100 110 83 61 92 29 32 36 52 20 30 48 67 108 23 82 45 106 70 39 19 30 86 25 93 110 2 4 65 37 19 85 34 5 16 57 72 9 94 45 64 82 53 36 85 6 106 49 34
run=18 seed=17 k=111 f=0
108 24 90 84 41 49 88 42 0 74 102 73 92 104 75 81 27 1 22 65 72 61 39 109 87 110 43 66 25 65 35 45 6 94 49 107 89 24 2 99 6 17 68 98 8 0 51 27 83 100 77 73 56 67 33 82 106 40 110 18 91 67 64 80 57 18 36 37 9 22 50 31 34 23 18 79 106 13 25 101 1 98 92 12 92 60 7 32 100 72 51 77 84 56 49 86 16 14 54 62 32 45 92 65 47 12 10 9 97 49 38 33 71 54 104 54 41 110 88 83
run=19 seed=18 k=111 f=0
17 53 43 39 43 42 45 48 26 86 65 88 13 110 98 95 102 75 103 47 71 43 104 28 54 91 66 8 69 1 27 110 22 68 94 19 56 16 85 46 84 54 105 30 38 32 14 12 79 59 98 16 42 32 5 110 13 106 16 82 109 73 79 84 27 99 101 23 100 109 11 65 2 5 50 68 52 48 6 78 62 85 72 39 79 39 30 91 34 36 62 0 88 31 7 57 52 97 80 65 77 12 4 70 34 74 4 89 20 13 91 38 0 75 106 24 22 95 0 78
run=20 seed=19 k=111 f=0
11 20 49 106 61 61 44 75 38 52 90 100 100 105 109 8 25 65 94 18 37 55 65 65 25 16 98 35 95 6 79 107 43 53 102 29 27 35 104 63 88 25 86 18 71 92 22 53 35 58 35 17 109 33 5 27 12 2 70 82 0 16 78 74 66 11 109 37 79 44 42 75 69 54 92 41 71 82 8 34 46 87 98 110 61 22 82 15 76 38 72 26 13 91 102 13 57 8 67 90 20 43 45 49 43 82 4 0 22 3 100 91 109 75 61 0 101 95 53 68
