run=1 seed=0 k=104 f=0
73 80 80 43 33 17 90 68 1 85 0 63 41 23 50 0 89 28 103 21 57 8 30 25 92 17 4 21 0 13 11 44 97 76 5 20 33 98 54 90 51 37 9 35 79 55 20 52 7 35 101 102 75 73 85 42 52 0 77 69 96 40 36 49 36 81 30 11 67 65 69 15 45 68 103 28 73 35 50 89 15 85 94 61 103 17 56 74 17 41 82 92 4 48 20 44 32 84 6 5 22 103 82 26 11 9 48 61 56 64 31 86 29 88 30 94 1 23 61 55
run=2 seed=1 k=104 f=0
73 80 80 43 33 17 90 68 1 85 0 63 41 23 50 0 89 28 103 21 57 8 30 25 92 17 4 21 0 13 11 44 97 76 5 20 33 98 54 90 51 37 9 35 79 55 20 52 7 35 101 102 75 73 85 42 52 0 77 69 96 40 36 49 36 81 30 11 67 65 69 15 45 68 103 28 73 35 50 89 15 85 94 61 103 17 56 74 17 41 82 92 4 48 20 44 32 84 6 5 22 103 82 26 11 9 48 61 56 64 31 86 29 88 30 94 1 23 61 55
run=3 seed=2 k=104 f=0
83 40 17 101 93 25 91 77 33 91 46 77 51 95 77 89 19 4 13 103 10 20 65 26 47 56 57 20 50 87 26 78 101 95 6 60 12 49 39 45 13 71 31 68 72 70 52 81 2 11 42 37 65 39 61 16 20 59 54 5 27 32 55 82 86 41 101 80 63 18 103 25 94 93 37 88 58 74 83 42 100 28 91 22 92 33 47 6 69 90 0 70 90 100 62 0 0 34 57 99 60 53 78 85 26 6 28 65 34 102 34 98 3 66 16 1 73 9 48 60
run=4 seed=3 k=104 f=0
58 75 38 0 37 6 96 103 57 32 72 0 81 22 2 41 59 25 58 36 29 54 30 8 100 88 97 18 103 47 66 12 53 16 75 92 103 62 51 66 80 67 96 46 77 88 18 40 27 7 39 87 97 19 34 89 6 12 97 26 36 17 1 0 28 69 77 66 0 17 103 74 66 21 50 42 14 59 59 28 103 90 78 84 47 36 19 68 35 13 95 8 102 92 9 41 52 53 4 101 28 83 3 44 89 40 57 99 85 32 20 82 25 29 48 81 78 76 51 93
run=5 seed=4 k=104 f=0
65 30 62 14 99 20 81 13 82 38 48 38 33 100 51 61 27 15 81 5 87 15 72 63 31 45 53 2 69 4 78 45 100 93 65 74 82 65 85 27 32 22 7 87 92 56 38 58 103 85 85 29 94 54 77 41 90 44 58 21 59 1 91 101 1 31 47 11 67 102 51 15 20 74 70 75 5 94 29 80 36 0 67 24 79 16 0 25 56 55 7 72 92 58 103 34 61 67 14 48 16 97 19 10 18 88 14 50 77 5 96 74 101 44 49 103 36 55 9 92
run=6 seed=5 k=104 f=0
76 11 74 99 45 75 88 0 33 93 99 103 20 65 82 17 15 79 3 83 25 94 7 61 99 88 27 46 12 71 54 65 0 93 29 85 87 43 62 34 36 90 103 66 27 14 3 86 30 97 0 47 71 11 11 56 82 67 47 71 22 61 100 27 19 24 22 36 0 53 35 6 55 96 48 19 94 6 33 31 103 39 3 68 15 42 0 85 6 39 51 76 71 22 11 52 103 79 101 35 96 49 81 42 7 102 100 44 44 5 59 94 15 17 80 74 62 84 53 92
run=7 seed=6 k=104 f=0
5 14 98 9 71 70 2 26 34 14 71 64 82 53 66 8 61 31 25 81 1 44 92 50 71 47 20 73 72 76 87 76 56 51 61 95 100 7 77 49 67 31 64 37 85 41 75 94 19 102 2 29 8 15 92 103 82 90 11 57 54 19 22 83 0 2 15 41 20 86 24 83 87 11 71 5 84 94 39 3 100 51 50 42 58 32 37 103 91 14 23 33 46 28 94 99 32 74 37 20 38 0 96 29 48 37 41 79 27 78 90 7 59 41 103 66 0 16 93 21
run=8 seed=7 k=104 f=0
9 64 19 103 71 10 99 55 0 17 43 22 83 46 0 85 0 99 0 33 101 3 36 55 91 55 11 58 5 22 73 46 26 73 49 14 36 40 24 90 62 64 61 3 10 15 36 93 8 76 85 35 40 17 50 83 8 50 56 55 48 73 39 32 102 26 26 33 22 67 25 67 103 73 67 41 76 91 14 8 36 93 53 17 87 64 93 42 15 13 97 0 16 1 43 81 32 60 3 103 103 81 102 30 95 44 56 101 35 23 70 78 66 0 101 78 85 90 29 93
run=9 seed=8 k=104 f=0
53 87 16 54 67 13 29 81 30 6 29 65 57 97 87 71 14 32 55 94 23 14 47 83 12 50 19 33 14 43 39 62 100 8 5 54 92 89 61 10 28 87 54 95 84 0 87 21 34 103 89 6 83 16 42 49 75 26 8 97 26 38 57 78 72 68 39 61 79 33 1 103 43 49 60 99 83 11 68 69 0 47 4 20 56 37 94 96 92 23 76 47 13 79 29 36 58 74 65 59 92 21 75 6 0 43 50 101 66 0 103 2 40 3 49 38 69 98 28 84
run=10 seed=9 k=104 f=0
61 5 82 7 65 16 42 29 4 94 15 50 2 50 36 53 39 67 46 77 61 20 27 93 23 91 36 101 0 103 30 103 15 21 55 42 40 3 48 23 12 85 87 9 82 56 96 86 0 16 71 94 62 93 96 36 76 96 45 99 100 90 42 57 66 100 29 5 30 44 33 77 84 65 48 5 62 20 54 61 10 38 29 11 0 48 25 78 81 103 86 102 77 15 34 40 83 9 20 43 24 30 21 71 24 9 74 53 28 6 92 78 72 55 65 69 77 75 17 61
run=11 seed=10 k=104 f=0
61 29 39 101 73 41 0 70 59 83 85 100 72 28 103 77 23 6 97 0 39 51 59 78 103 32 33 51 81 14 15 16 21 26 20 61 69 98 79 0 73 90 64 81 41 81 32 30 50 83 50 40 66 1 51 87 43 29 58 2 42 92 81 90 56 10 52 59 8 92 103 45 16 55 74 52 2 4 21 60 66 27 52 36 73 46 0 24 101 45 10 15 83 75 32 45 88 7 84 72 35 36 3 92 31 92 89 21 40 97 96 4 103 65 23 103 58 1 81 68
run=12 seed=11 k=104 f=0
51 41 0 5 58 10 65 67 29 13 63 12 0 80 24 47 85 100 103 18 57 25 53 54 96 7 28 98 71 66 21 34 14 21 75 87 91 32 76 6 0 41 45 80 74 69 96 21 103 59 12 5 94 20 54 0 50 42 0 82 0 2 5 74 14 98 46 57 99 78 67 28 78 84 27 29 40 19 48 90 11 67 87 82 89 33 50 103 88 36 60 38 78 39 32 6 98 21 36 66 85 62 63 33 27 73 25 57 92 45 73 45 74 37 19 80 16 91 93 55
run=13 seed=12 k=104 f=0
86 5 98 98 86 95 93 76 80 29 23 23 53 89 0 25 94 77 69 0 73 17 6 74 62 27 3 74 25 45 8 97 23 30 103 92 102 40 4 60 55 90 21 26 42 79 37 36 73 103 80 6 62 1 56 16 18 36 65 51 82 81 5 87 86 71 44 102 31 24 68 15 34 92 2 37 1 16 103 82 9 47 45 98 55 9 12 63 54 37 68 12 31 7 89 47 102 53 33 83 32 0 69 43 94 48 12 103 10 19 40 25 57 32 72 81 49 64 59 59
run=14 seed=13 k=104 f=0
80 96 57 25 95 48 48 81 66 62 94 61 50 94 27 90 27 2 80 69 26 57 17 44 84 79 90 89 34 81 85 8 11 74 29 72 6 25 35 97 12 0 54 11 31 75 89 40 102 50 54 1 92 44 39 94 87 34 50 101 41 12 77 97 8 103 27 71 77 34 33 51 19 57 60 58 29 18 85 1 66 35 2 89 41 85 10 101 62 16 67 0 103 43 56 102 21 84 18 77 53 28 4 0 59 0 8 10 5 44 14 30 21 69 2 101 69 64 17 102
run=15 seed=14 k=104 f=0
83 62 37 8 49 73 2 8 31 6 58 69 88 60 36 31 18 77 102 103 48 6 75 95 97 27 80 66 28 35 49 89 0 23 95 23 103 84 90 49 89 42 41 49 66 61 11 94 9 45 1 36 36 0 14 62 63 18 34 56 0 41 6 5 49 103 92 21 70 103 103 32 94 27 59 84 0 45 94 62 77 55 38 32 25 10 85 55 21 91 77 1 102 74 84 66 12 78 61 29 36 88 73 53 17 95 64 55 19 101 82 83 21 65 0 13 68 99 21 80
run=16 seed=15 k=104 f=0
101 91 80 39 66 95 95 88 83 80 67 21 55 86 79 41 66 90 82 26 33 78 103 73 27 40 8 25 72 89 101 70 90 50 45 14 36 16 10 69 79 62 100 66 49 61 29 50 47 58 65 103 95 54 2 60 92 16 87 64 0 1 103 76 31 75 50 10 9 21 24 88 103 28 10 78 87 49 17 33 23 103 8 63 96 0 84 102 59 19 43 81 65 44 92 39 44 7 25 40 11 54 26 73 56 9 38 15 30 52 46 5 27 56 73 0 31 71 37 2
run=17 seed=16 k=104 f=0
75 23 57 100 84 54 50 103 12 4 26 50 71 61 18 68 8 16 7 91 9 95 45 59 86 43 78 103 99 21 71 45 1 74 50 84 82 47 81 44 92 79 33 38 22 12 85 33 18 77 53 80 60 38 61 96 93 35 101 40 36 100 88 100 39 72 93 77 63 87 67 93 1 26 26 12 5 6 50 31 55 0 62 87 72 90 92 40 10 84 53 56 98 13 50 0 16 70 35 89 103 28 0 103 14 63 67 25 13 33 35 2 42 67 59 19 52 21 27 22
run=18 seed=17 k=104 f=0
41 97 79 102 65 87 61 103 49 103 22 52 90 56 102 77 9 73 102 44 0 88 44 84 86 30 2 65 13 93 36 49 72 15 45 26 98 80 0 20 43 71 34 103 23 81 0 31 16 103 78 79 58 30 62 96 56 0 102 64 78 36 73 23 40 66 44 46 63 23 48 30 2 9 85 3 58 35 54 46 40 95 21 6 9 59 67 68 103 95 27 70 4 14 4 91 20 38 32 43 8 72 71 91 81 50 89 39 10 49 32 26 3 51 95 17 41 54 83 64
run=19 seed=18 k=104 f=0
46 59 37 57 92 48 63 17 95 100 84 35 21 7 53 80 11 57 13 36 25 40 71 67 86 2 75 81 35 4 67 100 0 97 20 13 25 64 26 73 27 8 33 92 63 84 24 56 54 92 103 1 76 44 75 103 0 64 76 28 46 48 82 22 44 31 97 71 92 83 82 91 68 13 103 28 84 50 18 78 33 69 11 7 63 93 29 40 54 86 102 70 31 56 20 52 17 99 20 3 57 0 96 19 101 6 47 0 32 49 2 66 21 91 7 52 39 88 85 77
run=20 seed=19 k=104 f=0
15 73 0 65 103 6 49 32 28 27 63 0 91 63 69 92 71 48 80 11 4 83 55 73 98 3 57 45 25 1 11 67 0 14 71 48 94 58 47 52 80 87 76 81 1 103 85 76 18 62 89 99 53 26 67 21 95 61 100 20 10 31 15 103 102 53 90 42 44 10 31 37 99 43 39 1 34 49 77 32 58 36 92 85 29 82 80 25 8 94 10 22 99 57 11 94 101 28 82 99 7 67 46 88 38 86 59 103 96 32 53 89 43 38 77 18 24 0 50 77
