run=1 seed=0 k=101 f=0
49 57 98 97 52 61 83 28 69 87 14 44 71 18 4 48 41 0 91 29 20 74 20 48 41 74 37 14 100 10 48 9 43 18 98 28 77 99 44 28 63 69 70 14 1 93 87 87 52 21 86 66 100 27 90 38 3 57 41 83 67 95 43 50 85 5 47 27 100 68 80 64 89 17 32 47 27 0 78 22 35 59 96 7 52 86 12 76 25 84 100 63 62 6 59 35 29 35 94 46 76 15 8 4 92 37 4 16 24 93 0 91 78 55 70 85 60 55 16 35
run=2 seed=1 k=101 f=0
49 57 98 97 52 61 83 28 69 87 14 44 71 18 4 48 41 0 91 29 20 74 20 48 41 74 37 14 100 10 48 9 43 18 98 28 77 99 44 28 63 69 70 14 1 93 87 87 52 21 86 66 100 27 90 38 3 57 41 83 67 95 43 50 85 5 47 27 100 68 80 64 89 17 32 47 27 0 78 22 35 59 96 7 52 86 12 76 25 84 100 63 62 6 59 35 29 35 94 46 76 15 8 4 92 37 4 16 24 93 0 91 78 55 70 85 60 55 16 35
run=3 seed=2 k=101 f=0
81 18 25 23 99 50 92 78 70 52 52 55 52 85 26 58 0 42 72 83 100 68 68 7 100 74 99 91 21 80 68 24 76 71 0 29 97 1 64 61 33 36 27 67 39 15 16 23 39 65 1 47 100 81 99 32 63 35 13 76 8 85 87 85 87 94 4 31 75 71 92 6 81 69 15 19 79 46 29 17 47 6 58 56 0 85 49 62 81 59 1 44 97 66 18 35 13 89 16 7 29 46 44 23 95 42 39 2 89 93 61 19 41 53 0 90 33 13 54 52
run=4 seed=3 k=101 f=0
58 94 75 100 36 71 90 21 84 19 80 27 70 61 52 1 80 59 65 95 86 70 10 55 34 18 26 26 71 45 40 32 20 76 27 78 66 85 91 82 94 74 14 22 20 4 30 27 55 47 82 6 89 91 41 49 82 92 13 61 64 52 54 95 8 93 22 85 22 18 24 13 38 31 0 60 80 88 1 0 44 100 60 52 64 41 9 75 65 67 100 31 61 94 10 100 13 98 49 35 14 44 51 72 47 0 45 1 2 100 39 33 14 66 75 53 31 65 6 86
run=5 seed=4 k=101 f=0
62 34 58 74 42 12 85 33 73 99 15 24 72 79 100 64 83 62 53 31 55 11 83 66 38 47 89 40 3 37 53 46 89 24 80 81 83 43 61 18 44 7 52 87 21 95 42 26 75 0 25 66 100 99 75 81 17 32 79 75 67 93 55 95 92 65 13 13 93 99 17 49 90 0 38 61 51 81 0 27 85 72 1 9 66 48 56 6 52 6 57 100 10 29 0 84 96 42 32 33 2 6 70 12 49 77 97 39 50 19 40 16 96 14 56 24 29 0 35 90
run=6 seed=5 k=101 f=0
11 60 47 45 86 8 24 94 21 22 52 15 46 62 59 81 26 61 0 95 44 90 71 30 44 44 0 78 12 13 99 100 92 40 30 23 85 78 72 26 20 22 30 93 19 5 56 81 33 93 37 73 56 8 1 45 94 39 77 9 75 30 37 70 59 55 42 96 14 80 50 72 0 53 83 47 67 62 29 4 53 70 99 100 64 18 9 100 85 36 68 22 34 0 57 86 51 100 58 23 42 51 88 67 8 99 18 90 92 4 0 67 30 70 66 36 17 14 60 79
run=7 seed=6 k=101 f=0
92 89 41 98 100 9 42 38 51 13 32 51 8 99 30 53 16 81 75 23 38 63 13 27 79 48 12 81 26 83 54 5 98 3 8 31 34 45 100 57 21 68 73 51 19 15 3 42 94 57 33 10 75 60 61 67 34 45 56 100 41 44 4 91 54 89 53 4 100 40 10 0 23 78 100 43 74 2 0 18 27 92 26 19 47 88 0 58 0 6 69 66 51 27 89 85 43 7 91 33 0 72 88 84 13 20 94 19 50 64 75 62 98 70 60 83 34 28 17 76
run=8 seed=7 k=101 f=0
38 4 99 68 87 15 39 31 90 100 1 94 14 78 5 92 31 55 99 35 76 45 49 40 26 17 58 92 67 20 41 57 84 67 61 14 59 23 92 46 48 82 76 85 72 26 73 80 38 63 1 10 8 20 9 62 70 73 99 63 24 84 100 0 82 71 25 42 65 100 91 10 73 100 46 45 3 89 89 76 38 29 48 37 51 54 100 8 100 70 65 15 35 2 52 59 13 0 86 34 50 32 24 53 71 22 1 36 80 90 23 9 27 33 17 10 82 50 2 59
run=9 seed=8 k=101 f=0
23 73 72 87 26 0 63 26 87 88 58 35 85 89 99 67 75 3 0 12 88 7 41 95 60 28 66 34 26 55 52 30 0 11 50 15 78 81 4 63 100 79 71 25 12 91 56 47 21 55 8 0 10 92 90 99 14 8 48 49 92 84 5 48 65 76 11 21 22 0 63 55 44 27 99 4 60 38 35 61 55 41 36 20 69 72 83 79 94 17 52 98 19 70 96 43 34 2 80 8 73 100 1 68 83 46 19 66 19 62 0 52 16 45 4 100 37 35 62 42
run=10 seed=9 k=101 f=0
100 23 95 3 42 7 96 54 47 45 8 62 46 100 58 81 83 4 53 81 65 14 82 67 11 92 49 38 61 58 20 0 88 36 3 49 52 71 15 68 28 48 86 55 93 94 39 38 100 56 80 3 44 98 100 91 84 33 20 69 34 57 11 18 63 29 13 20 89 22 77 79 0 0 66 60 21 100 41 30 36 27 61 45 100 78 10 40 26 50 9 0 20 0 29 94 70 19 54 45 65 88 2 72 30 15 86 69 33 37 56 100 80 12 39 74 27 24 11 77
run=11 seed=10 k=101 f=0
14 8 60 5 60 66 59 44 87 28 76 98 78 41 32 55 93 20 43 93 21 40 9 29 11 45 65 52 11 38 4 64 59 79 91 49 82 58 30 22 56 71 5 75 33 9 44 97 38 60 97 31 78 17 39 25 51 92 46 24 25 85 19 100 99 3 93 97 85 88 33 45 86 0 11 39 15 49 34 20 78 28 50 90 58 42 0 13 77 53 100 65 67 63 49 51 74 67 20 90 1 3 85 17 9 71 2 73 78 32 0 56 40 21 73 100 70 14 8 23
run=12 seed=11 k=101 f=0
71 16 78 36 36 23 93 66 53 16 12 80 93 29 53 31 60 44 82 53 96 48 99 100 7 0 25 61 47 89 96 40 25 100 61 63 49 12 29 7 53 17 88 55 60 86 64 45 100 92 3 66 74 52 33 83 28 38 25 69 39 87 92 67 2 71 55 51 0 59 6 93 30 63 23 78 95 75 63 32 10 70 60 76 34 0 52 44 33 15 16 42 81 43 23 58 78 20 14 3 93 0 87 11 72 31 86 1 68 36 81 17 34 16 99 88 82 50 100 8
run=13 seed=12 k=101 f=0
51 63 22 80 39 49 52 19 86 13 78 57 20 66 39 16 48 86 4 54 6 81 79 28 38 60 19 63 25 64 13 92 57 44 75 45 43 33 94 31 4 85 68 63 66 13 0 99 100 9 73 11 69 100 100 2 64 71 31 74 91 0 25 76 85 74 72 54 69 47 54 6 29 84 18 0 27 90 17 74 57 23 36 25 98 98 38 37 87 94 1 1 8 96 82 12 54 21 35 82 30 86 83 78 63 90 35 64 11 33 40 42 11 99 26 47 0 58 12 42
run=14 seed=13 k=101 f=0
32 57 0 70 30 44 61 57 10 50 22 43 7 87 81 47 62 94 9 60 7 76 97 62 40 32 0 88 76 41 55 26 69 38 2 35 99 75 100 62 48 17 0 34 99 37 17 69 0 87 31 100 78 72 66 19 96 25 99 68 69 13 79 53 48 88 29 56 52 53 25 76 17 92 44 45 61 100 0 31 63 36 52 13 69 55 100 84 47 72 46 81 21 1 82 90 97 9 12 7 54 90 14 51 35 12 93 98 22 23 43 37 1 9 29 89 6 29 81 41
run=15 seed=14 k=101 f=0
11 68 48 39 31 79 72 71 43 66 91 0 50 9 66 50 97 53 22 47 60 85 14 76 26 4 64 25 99 95 23 95 5 24 99 100 61 100 83 41 48 71 62 0 67 71 34 9 90 27 87 15 64 88 91 50 63 20 79 41 77 91 100 70 8 59 28 59 27 5 10 49 38 99 18 18 95 13 100 23 9 42 32 42 14 33 47 55 55 33 91 55 81 18 80 0 0 14 7 41 76 32 73 55 65 55 89 1 20 42 36 29 18 30 5 0 84 33 54 62
run=16 seed=15 k=101 f=0
26 33 1 27 0 64 3 25 88 95 30 90 31 83 100 94 93 100 34 94 19 51 79 83 10 0 36 8 74 74 57 27 91 15 72 100 79 47 84 68 4 13 90 40 47 21 51 8 61 84 64 50 52 42 80 0 55 2 60 70 44 22 41 59 99 54 18 0 69 14 66 54 17 12 36 22 99 97 47 65 6 87 75 5 0 41 75 55 86 12 50 54 22 85 100 73 17 29 72 29 64 38 30 7 9 60 26 32 91 69 39 49 21 47 61 78 24 34 99 43
run=17 seed=16 k=101 f=0
67 24 41 86 42 37 98 80 97 11 73 76 52 22 82 12 37 84 81 37 1 46 23 37 72 0 98 44 91 16 6 57 93 100 95 84 38 8 14 19 53 50 69 78 27 87 61 69 67 54 44 65 100 34 20 49 4 2 9 61 7 35 42 47 1 58 32 18 29 25 62 52 16 11 27 77 29 65 93 6 89 69 85 33 82 72 91 78 74 13 31 54 61 88 99 42 31 30 23 94 62 95 81 45 64 99 1 24 71 60 18 73 2 2 5 100 75 91 21 70
run=18 seed=17 k=101 f=0
30 93 69 77 89 50 96 5 15 17 21 100 73 78 100 16 97 9 38 61 43 4 20 64 34 71 88 86 91 8 35 85 1 95 30 74 8 25 54 93 54 93 36 91 0 24 9 76 2 31 70 8 80 6 78 85 59 58 77 45 22 54 56 0 44 41 75 79 53 40 57 70 13 83 88 15 4 20 0 54 100 24 28 17 35 13 40 32 32 61 46 87 34 62 24 71 0 52 62 13 76 85 25 64 99 40 17 68 49 16 11 26 100 100 95 68 49 63 47 43
run=19 seed=18 k=101 f=0
33 70 65 67 51 95 54 24 87 48 29 85 14 4 74 11 32 50 41 84 61 32 6 100 81 41 21 22 78 90 14 89 45 35 7 46 67 88 78 94 83 36 67 11 56 38 57 47 100 11 39 68 20 100 19 73 83 58 96 20 92 93 66 4 13 1 38 4 52 13 26 12 54 7 73 58 34 0 44 63 2 26 80 100 20 27 63 76 29 96 87 0 35 73 35 56 71 76 89 25 67 28 48 0 69 0 48 9 29 57 8 30 58 54 64 75 84 44 15 89
run=20 seed=19 k=101 f=0
82 38 69 86 28 79 10 72 27 36 0 90 64 35 55 0 86 28 18 19 26 15 68 18 67 65 40 47 46 6 74 49 73 5 45 54 29 45 53 16 13 68 100 52 41 8 5 42 79 0 99 25 34 91 90 0 11 38 42 85 9 8 52 58 12 62 52 24 85 48 74 1 24 49 17 2 34 93 9 82 61 77 90 82 56 0 96 27 90 40 99 32 9 75 52 65 53 70 82 13 54 61 23 43 78 93 60 10 75 6 96 37 99 63 99 34 49 22 100 96
