run=1 seed=0 k=86 f=0
63 43 82 13 41 37 15 43 70 24 51 74 78 71 9 81 77 13 29 42 12 24 69 32 56 65 21 2 35 74 43 37 27 61 85 53 32 84 0 20 83 77 49 28 9 68 47 45 38 0 64 26 48 16 4 10 63 85 30 19 18 66 16 41 69 79 78 38 1 57 71 12 9 0 32 24 20 6 19 17 70 47 57 26 84 58 85 41 3 22 47 77 35 83 75 35 28 59 44 65 0 3 15 26 7 39 59 25 0 6 64 85 1 49 47 56 56 18 7 51
run=2 seed=1 k=86 f=0
63 43 82 13 41 37 15 43 70 24 51 74 78 71 9 81 77 13 29 42 12 24 69 32 56 65 21 2 35 74 43 37 27 61 85 53 32 84 0 20 83 77 49 28 9 68 47 45 38 0 64 26 48 16 4 10 63 85 30 19 18 66 16 41 69 79 78 38 1 57 71 12 9 0 32 24 20 6 19 17 70 47 57 26 84 58 85 41 3 22 47 77 35 83 75 35 28 59 44 65 0 3 15 26 7 39 59 25 0 6 64 85 1 49 47 56 56 18 7 51
run=3 seed=2 k=86 f=0
37 33 11 8 85 45 20 75 64 59 19 6 17 15 59 59 21 52 41 76 52 16 33 55 49 63 85 26 40 21 56 6 76 3 74 66 63 59 31 0 48 46 14 26 72 82 33 73 72 85 64 1 38 32 37 9 0 52 85 85 47 1 85 70 51 54 78 25 38 43 77 20 56 33 30 56 82 70 61 27 79 22 0 24 28 44 0 0 60 44 8 67 85 77 34 43 26 27 12 66 64 42 3 14 8 69 52 28 76 79 0 41 18 35 13 69 8 85 13 67
run=4 seed=3 k=86 f=0
53 45 66 20 54 42 45 67 80 70 23 16 34 43 9 37 0 36 6 66 16 70 38 40 0 69 0 17 74 66 19 61 62 82 83 2 27 20 13 2 35 49 73 26 85 68 58 72 50 23 84 60 41 68 6 32 34 77 41 49 76 65 38 47 38 62 27 31 85 76 63 36 32 20 14 10 84 13 56 55 27 77 50 28 32 85 85 28 83 79 48 50 23 8 75 0 10 60 35 14 43 82 61 8 76 42 36 24 7 29 7 6 0 56 21 0 56 58 20 51
run=5 seed=4 k=86 f=0
21 4 1 64 16 51 51 19 26 32 54 59 47 68 71 80 45 30 72 7 60 29 19 74 7 85 85 60 81 29 57 50 26 57 5 43 41 83 77 80 50 67 71 66 37 65 83 75 9 53 13 43 0 43 40 2 57 54 84 17 78 65 55 5 64 14 75 56 37 55 23 72 69 33 15 78 33 7 45 60 10 22 43 48 74 14 36 20 20 75 0 32 39 85 46 0 4 19 11 24 85 50 32 28 24 10 62 85 0 22 16 46 62 40 26 0 62 10 31 10
run=6 seed=5 k=86 f=0
15 35 10 51 13 12 9 1 45 57 52 64 68 33 57 3 37 76 74 43 58 78 84 74 9 61 19 27 16 1 0 49 20 66 45 14 73 48 27 35 56 9 57 23 60 52 1 61 79 45 10 56 9 31 31 85 0 2 72 69 54 29 54 4 74 34 73 46 26 42 24 84 0 43 85 78 52 34 34 47 40 65 0 40 16 81 70 63 23 51 10 9 38 0 80 82 46 20 33 41 54 41 74 30 63 47 38 24 28 25 0 65 71 81 19 85 17 18 20 66
run=7 seed=6 k=86 f=0
62 42 69 78 38 44 78 66 22 70 71 75 24 26 7 58 0 9 0 25 9 29 61 62 26 78 20 19 48 46 72 67 44 2 70 51 49 25 79 0 83 15 73 60 15 67 40 54 7 69 1 7 46 84 83 34 7 85 0 84 85 46 0 40 10 13 65 64 37 37 61 31 24 15 31 57 4 71 62 0 22 45 65 48 53 35 15 29 17 21 56 32 81 5 75 18 41 58 31 77 52 18 12 37 43 77 85 74 9 63 83 50 85 55 37 76 54 57 31 35
run=8 seed=7 k=86 f=0
34 6 12 18 81 46 76 67 60 71 24 82 30 81 6 17 8 70 44 36 79 40 73 47 85 85 39 13 28 69 15 71 81 3 66 52 26 27 18 64 23 85 12 63 25 1 72 69 68 0 4 10 47 52 80 36 37 73 46 0 29 76 29 40 42 20 51 36 0 31 62 8 15 18 22 76 0 11 55 0 60 8 11 49 65 54 76 85 66 32 41 85 22 20 65 74 51 58 24 54 1 44 72 37 6 49 59 4 78 63 14 84 78 58 55 29 55 58 21 0
run=9 seed=8 k=86 f=0
53 29 34 33 44 27 57 18 61 85 73 84 57 65 18 22 9 20 4 30 79 57 65 0 28 61 50 40 45 16 80 48 85 3 64 7 76 74 49 28 73 85 65 8 84 3 18 69 34 0 6 35 25 55 45 85 17 67 63 72 68 0 31 30 58 0 26 55 0 58 39 20 16 12 52 38 48 25 53 70 33 70 14 12 42 47 77 41 77 71 35 84 4 46 13 25 29 55 9 57 78 63 18 46 6 8 50 52 67 40 17 9 40 85 37 10 85 35 26 0
run=10 seed=9 k=86 f=0
7 34 37 60 85 59 61 23 66 41 6 44 39 0 77 80 69 55 16 48 63 54 1 17 20 78 75 18 71 51 33 23 12 3 40 72 35 74 80 85 65 11 65 23 37 69 30 81 29 0 42 53 38 31 84 16 61 0 38 29 9 0 1 31 33 7 6 71 85 0 24 76 85 60 16 79 51 31 18 84 45 70 37 40 29 24 61 8 27 6 48 57 66 50 60 13 13 19 36 0 5 64 57 52 68 56 18 44 24 23 76 75 28 85 10 0 46 49 52 85
run=12 seed=11 k=86 f=0
24 5 10 85 23 72 6 44 57 47 40 56 7 84 31 65 53 68 81 12 34 85 2 27 29 29 73 12 56 61 14 45 70 35 63 26 85 80 64 1 7 28 0 61 55 64 34 12 20 45 33 73 0 72 49 30 51 38 0 9 78 0 78 22 18 21 29 72 77 40 15 76 36 50 85 85 1 13 21 46 17 7 50 57 67 79 62 0 38 39 19 27 61 63 38 73 48 11 84 43 0 42 66 70 83 55 67 38 53 75 51 1 85 20 20 58 8 9 38 1
run=13 seed=12 k=86 f=0
20 43 0 20 75 36 32 42 23 60 76 82 24 81 50 59 85 41 52 41 6 27 28 7 85 76 28 9 51 77 5 79 33 73 65 52 55 18 9 43 57 0 82 77 1 12 83 63 61 0 13 11 47 30 5 55 45 0 62 75 69 22 46 64 66 85 19 40 49 38 33 67 18 73 25 56 14 46 32 15 38 21 0 48 85 85 9 66 2 15 61 0 76 32 14 57 41 28 46 48 84 4 69 38 23 81 70 7 85 32 15 80 72 0 49 70 55 28 11 61
run=14 seed=13 k=86 f=0
67 40 2 43 32 25 10 19 1 85 3 34 22 67 73 85 77 22 64 43 20 6 38 68 37 61 60 7 45 77 31 28 62 31 83 75 26 0 51 16 38 69 57 13 53 56 23 84 68 85 85 20 44 9 81 75 56 42 52 1 0 18 66 70 38 49 35 27 61 19 15 79 53 1 7 17 61 50 85 9 46 0 8 45 12 34 28 27 0 50 83 74 46 45 10 65 22 10 65 42 22 61 0 20 25 51 73 15 0 14 34 44 36 11 70 78 36 9 39 82
run=15 seed=14 k=86 f=0
19 12 17 63 85 55 10 66 33 60 29 6 64 51 53 59 10 30 49 38 2 34 8 47 66 56 55 46 72 17 65 70 32 14 73 53 70 84 0 39 85 54 60 66 29 58 6 80 76 85 31 84 35 41 5 24 0 1 16 21 63 44 3 49 44 46 55 53 46 0 41 30 26 10 70 65 0 70 75 6 79 9 71 76 85 23 0 38 42 79 84 52 73 12 0 22 22 16 21 38 17 82 3 47 7 77 27 62 9 42 62 84 15 77 75 24 19 35 32 34
run=16 seed=15 k=86 f=0
65 79 85 30 81 62 23 16 69 18 72 72 60 62 51 22 77 21 34 50 32 56 25 75 30 68 0 36 79 9 15 66 70 7 69 3 0 84 0 23 23 26 74 69 9 78 64 51 19 85 55 35 8 16 31 24 5 41 1 40 45 85 32 40 36 2 50 68 10 18 14 48 36 31 59 38 37 37 60 24 46 75 82 53 19 15 27 48 70 49 85 26 4 77 0 65 72 63 84 17 61 12 42 53 81 9 42 41 67 33 41 77 11 84 59 85 0 45 54 7
run=17 seed=16 k=86 f=0
73 81 67 68 81 60 60 54 22 24 40 68 11 38 42 22 0 56 37 61 34 57 4 60 53 45 85 16 82 19 53 47 67 65 21 2 60 39 11 84 73 76 85 25 5 1 77 43 76 9 31 48 85 12 5 71 56 34 8 14 38 85 51 16 20 0 19 62 17 8 23 8 52 53 31 42 9 38 52 2 64 0 81 76 26 77 62 47 32 79 22 0 29 37 29 47 14 28 68 50 71 44 65 18 81 49 43 13 78 24 70 85 33 0 76 85 70 29 30 8
run=18 seed=17 k=86 f=0
28 5 36 29 0 70 8 21 50 55 8 57 24 25 9 53 17 47 80 17 78 29 2 40 46 60 0 85 76 58 44 11 72 65 15 19 21 40 58 45 35 85 0 5 18 78 74 85 49 76 69 50 0 32 80 11 57 2 0 63 67 84 21 24 49 61 83 9 61 76 54 69 85 63 8 6 19 49 53 15 40 22 0 14 35 33 41 84 65 70 55 85 80 0 27 73 11 12 74 52 65 34 53 27 26 37 15 77 7 82 45 28 36 20 75 70 33 31 48 1
run=19 seed=18 k=86 f=0
51 70 83 44 23 71 51 28 12 15 81 17 73 39 62 64 68 6 13 69 11 22 53 25 72 44 72 23 25 81 3 51 16 84 56 41 67 57 42 0 60 18 48 43 80 46 22 25 35 60 19 13 23 0 22 35 67 31 44 0 51 47 43 37 9 52 65 21 59 54 29 82 85 55 78 8 1 10 26 48 30 85 85 65 3 39 0 1 0 54 85 17 4 36 56 74 49 75 82 14 46 27 84 9 52 8 35 78 65 30 35 4 62 34 9 76 15 0 38 74
run=20 seed=19 k=86 f=0
54 4 12 39 56 52 6 35 20 66 40 17 59 51 68 15 77 36 6 61 46 57 85 79 82 57 26 31 1 0 64 35 41 9 31 74 25 19 85 85 85 52 0 43 69 35 85 84 9 85 73 24 0 64 81 72 19 75 70 0 41 50 0 70 65 11 72 21 85 48 63 43 32 4 48 10 2 10 30 33 26 77 38 28 21 50 23 65 57 6 17 76 7 11 40 54 19 52 33 61 84 61 42 68 4 0 47 63 16 29 12 41 29 56 31 0 15 46 42 82
