run=1 seed=0 k=119 f=0
78 61 72 68 15 3 3 65 113 87 107 84 86 53 97 55 89 64 69 118 22 41 19 80 64 106 110 55 75 96 68 110 10 28 42 49 92 112 79 65 20 60 72 42 104 105 99 34 43 35 87 96 77 117 85 23 102 18 78 73 117 25 65 55 90 103 61 39 87 14 95 31 69 115 1 51 95 33 98 21 94 8 58 7 14 72 24 2 22 47 48 36 60 16 49 46 9 55 116 14 84 100 28 7 0 40 49 48 45 114 69 85 75 58 3 34 13 99 26 36
run=2 seed=1 k=119 f=0
78 61 72 68 15 3 3 65 113 87 107 84 86 53 97 55 89 64 69 118 22 41 19 80 64 106 110 55 75 96 68 110 10 28 42 49 92 112 79 65 20 60 72 42 104 105 99 34 43 35 87 96 77 117 85 23 102 18 78 73 117 25 65 55 90 103 61 39 87 14 95 31 69 115 1 51 95 33 98 21 94 8 58 7 14 72 24 2 22 47 48 36 60 16 49 46 9 55 116 14 84 100 28 7 0 40 49 48 45 114 69 85 75 58 3 34 13 99 26 36
run=3 seed=2 k=119 f=0
46 35 94 38 99 39 90 14 19 9 9 15 76 78 26 27 70 13 69 118 16 82 47 88 18 0 62 18 66 98 38 112 5 68 31 68 70 112 103 83 46 103 89 27 54 21 10 1 7 102 1 11 31 20 98 49 7 103 88 73 56 105 57 36 28 79 114 84 73 15 25 58 111 51 83 54 106 118 33 57 41 62 93 4 49 42 45 71 40 53 95 78 110 33 45 43 104 94 30 72 86 41 90 77 21 64 33 100 55 24 97 32 10 29 2 0 118 56 79 6
run=4 seed=3 k=119 f=0
42 117 14 28 62 56 82 80 41 103 112 4 57 117 1 32 70 10 86 79 39 60 36 78 93 52 18 110 56 69 6 74 12 73 2 90 53 116 44 33 90 118 35 24 1 94 52 32 12 29 109 42 61 45 62 8 35 81 67 65 45 18 12 0 17 105 113 49 93 99 19 116 105 46 94 57 76 117 31 24 111 102 67 100 0 104 82 9 17 41 66 25 73 78 26 6 76 75 2 94 95 99 99 37 58 89 100 117 85 22 48 51 19 44 9 10 112 91 19 30
run=5 seed=4 k=119 f=0
14 52 41 85 98 37 33 20 6 44 47 94 118 64 39 3 101 94 31 6 37 70 111 107 51 17 117 104 88 48 108 93 91 67 59 14 21 3 94 48 95 13 32 87 115 56 0 108 74 6 39 110 34 41 47 76 0 110 21 40 26 63 61 118 54 118 54 74 115 20 109 2 42 8 56 103 55 31 30 57 108 50 96 11 99 82 88 1 18 70 64 75 73 30 12 86 23 65 8 20 87 81 46 116 108 77 96 44 100 0 60 86 27 74 89 81 80 103 67 11
run=6 seed=5 k=119 f=0
47 32 31 20 0 1 45 71 23 11 9 109 41 41 58 9 34 27 113 72 117 83 74 1 87 113 33 35 72 77 24 67 80 41 96 75 20 9 27 87 116 54 78 108 95 74 23 66 101 19 13 64 80 22 118 47 31 96 18 17 44 103 6 97 16 37 0 73 27 93 106 4 92 27 52 6 92 49 62 70 45 77 103 87 37 13 8 101 17 61 113 53 105 115 52 2 90 118 76 58 61 38 106 58 81 67 56 54 108 0 93 107 77 62 63 105 72 62 87 8
run=7 seed=6 k=119 f=0
0 40 14 81 59 73 74 0 85 84 73 78 114 39 45 18 45 22 29 31 0 10 36 0 56 75 59 27 118 17 52 117 83 80 113 106 21 8 97 34 107 91 103 93 83 89 23 118 115 6 74 49 96 12 49 24 3 99 109 91 52 70 94 118 88 41 58 2 83 112 90 110 27 6 36 25 33 68 55 106 76 100 5 57 45 54 16 33 26 61 74 14 19 15 113 66 22 59 11 108 42 45 82 68 6 68 68 66 44 0 22 47 14 90 100 63 109 32 49 90
run=8 seed=7 k=119 f=0
104 89 96 22 10 60 108 10 77 70 68 52 97 118 65 55 107 12 46 31 62 26 73 80 88 49 104 88 8 92 68 74 43 55 99 103 81 79 0 58 30 111 110 50 100 37 87 89 0 73 1 62 98 32 29 70 90 72 93 111 20 35 20 66 101 112 19 77 9 11 5 118 42 109 84 24 18 48 104 58 118 0 6 94 51 1 33 117 0 58 17 117 32 46 1 17 44 13 97 105 19 95 16 62 77 24 77 103 66 91 42 52 40 56 18 83 116 45 66 38
run=9 seed=8 k=119 f=0
43 100 9 25 60 101 20 16 3 67 53 23 88 52 66 56 102 48 32 95 12 81 17 2 48 83 86 22 71 61 109 118 10 96 114 5 101 41 47 3 116 88 30 19 21 71 39 114 31 93 33 105 0 50 107 90 10 81 36 10 109 72 14 70 118 57 33 97 2 110 17 53 63 18 116 76 67 76 71 50 42 105 36 87 27 30 54 43 86 38 112 78 101 118 84 7 79 12 45 81 1 88 6 41 104 34 117 71 9 60 112 25 46 101 106 64 24 62 23 97
run=10 seed=9 k=119 f=0
30 68 53 55 57 23 75 40 96 6 118 4 96 6 1 34 1 35 116 35 112 9 28 15 86 10 23 87 58 106 16 24 74 55 80 50 47 100 71 38 118 61 64 0 2 82 101 104 105 118 98 19 56 7 114 14 18 10 77 43 17 77 27 84 4 73 115 52 43 68 95 69 79 63 24 29 87 44 101 34 91 70 5 46 0 111 41 78 2 108 21 21 58 22 96 107 51 91 105 46 42 112 38 30 11 117 89 59 31 63 86 86 34 89 105 52 72 29 106 78
run=11 seed=10 k=119 f=0
41 45 89 7 1 45 89 117 89 71 41 51 45 100 117 74 65 103 44 101 0 66 108 72 1 56 15 88 82 86 28 34 57 110 37 7 113 33 57 1 1 6 51 118 91 19 114 16 40 80 57 14 98 100 15 66 71 67 116 118 32 16 55 42 6 112 65 37 25 35 118 94 108 80 1 92 99 24 50 11 54 109 25 70 60 34 89 115 0 74 99 20 83 27 104 83 91 73 118 58 22 60 44 13 75 11 104 79 49 117 90 104 5 106 83 81 22 97 15 6
run=12 seed=11 k=119 f=0
89 85 77 78 67 49 22 7 116 53 21 117 45 11 95 111 7 0 38 33 14 53 88 70 18 22 33 63 29 52 82 63 75 94 1 1 80 14 45 0 62 49 68 28 79 36 96 23 93 79 89 109 107 118 59 34 30 57 81 58 42 31 3 86 87 79 52 69 41 8 101 47 29 27 116 109 1 20 103 83 99 73 64 37 3 115 63 100 73 97 13 75 35 7 93 28 112 17 93 112 22 99 54 71 60 104 60 41 115 35 116 28 99 0 41 89 49 105 9 43
run=13 seed=12 k=119 f=0
76 37 54 67 81 100 58 92 65 0 97 61 108 39 68 9 4 94 115 2 89 111 100 84 38 53 76 57 8 10 83 29 89 0 35 0 94 51 57 17 115 63 13 67 102 81 23 4 13 80 91 93 70 72 74 25 1 117 105 78 28 21 55 33 31 39 117 110 118 106 20 6 98 101 62 111 117 60 47 2 41 17 49 104 11 27 117 40 16 111 49 41 12 88 54 114 16 107 31 87 49 45 104 88 67 40 46 75 53 24 75 111 15 27 68 54 44 82 94 71
run=14 seed=13 k=119 f=0
20 34 71 58 5 3 56 71 38 41 87 67 77 2 114 85 102 0 114 114 57 110 7 100 60 50 46 99 51 24 26 65 58 98 107 25 11 117 40 1 33 93 108 34 76 103 110 113 95 118 94 21 85 26 9 78 72 39 22 5 43 15 58 90 18 46 40 30 3 38 70 48 7 90 21 84 56 65 78 2 48 37 65 81 43 16 59 82 84 40 28 31 43 93 51 49 62 76 73 95 55 115 13 109 66 86 10 101 7 78 12 86 19 109 107 102 31 61 15 116
run=15 seed=14 k=119 f=0
113 95 118 46 62 37 66 86 73 26 93 20 6 107 77 23 74 31 84 18 33 45 18 115 10 101 97 65 28 2 92 13 105 2 50 109 2 116 101 98 22 40 12 108 75 36 12 2 118 66 11 57 12 2 43 66 91 15 62 88 0 37 118 94 33 49 17 66 112 106 58 60 39 48 50 29 57 54 75 70 56 69 91 77 51 61 82 31 95 20 25 69 34 50 114 25 63 90 10 79 109 71 45 29 118 88 49 12 90 5 83 93 27 80 97 99 112 53 118 36
run=16 seed=15 k=119 f=0
87 75 58 18 97 14 49 117 79 50 15 96 11 39 54 66 77 6 39 95 34 91 88 0 93 21 34 6 27 108 107 102 111 38 110 24 0 23 31 41 7 10 59 102 30 117 31 71 110 53 49 17 12 18 82 108 28 20 49 55 118 19 27 112 70 52 114 115 58 98 105 28 62 60 44 64 4 25 24 37 118 73 116 97 111 79 86 67 91 65 97 3 30 104 76 88 118 71 74 44 80 81 57 37 41 68 79 0 86 94 81 37 98 75 3 1 30 48 89 1
run=17 seed=16 k=119 f=0
6 73 117 68 100 118 2 31 91 111 80 110 105 94 44 26 75 110 81 51 86 55 35 55 48 118 90 72 115 0 7 111 14 50 108 7 64 89 97 53 48 59 2 16 5 30 42 80 13 60 106 101 0 34 79 63 10 118 16 117 48 34 111 68 72 10 84 17 101 19 36 22 82 74 19 77 52 81 40 31 94 46 38 12 29 23 28 9 37 85 87 59 97 100 59 105 16 41 49 101 18 93 56 102 5 81 62 2 97 38 118 56 25 34 70 69 96 22 1 24
run=18 seed=17 k=119 f=0
30 106 44 2 114 1 50 56 64 84 13 23 22 113 82 118 118 70 65 22 81 18 30 90 112 52 68 92 57 41 74 41 57 18 45 0 14 47 76 117 82 8 85 62 14 38 108 77 87 100 98 65 65 0 37 107 79 4 113 92 45 78 115 93 96 40 74 25 72 105 58 59 34 105 4 36 28 113 101 12 28 95 10 112 89 97 13 53 33 107 71 29 39 39 102 66 18 74 116 114 20 50 36 111 2 47 9 21 30 27 47 50 88 11 5 55 79 7 107 87
run=19 seed=18 k=119 f=0
80 3 74 92 56 42 13 116 91 62 6 88 86 93 33 106 55 104 19 118 58 92 47 10 56 96 47 100 33 58 80 72 60 0 75 100 42 10 56 53 28 1 20 34 4 103 42 57 19 67 18 46 35 64 49 67 10 2 25 46 47 37 48 115 103 5 59 98 15 0 75 13 108 93 87 90 19 78 106 50 33 113 118 62 40 17 11 35 112 43 110 31 68 72 112 84 68 60 70 83 47 25 111 117 74 117 27 76 113 0 49 27 108 104 83 83 26 94 100 10
run=20 seed=19 k=119 f=0
48 28 77 19 116 118 52 72 91 20 1 86 42 3 12 65 22 110 41 99 58 37 47 1 92 36 30 3 60 49 87 48 83 96 67 97 99 58 51 111 80 91 45 90 16 6 39 10 43 79 110 16 1 29 2 26 56 23 82 79 51 24 18 29 19 67 0 105 117 38 89 69 15 90 63 104 105 102 41 64 109 4 80 11 24 74 116 118 88 55 32 33 100 118 56 104 98 60 116 50 98 33 72 107 111 58 107 101 72 10 69 3 35 8 7 13 101 85 76 43
