run=1 seed=0 k=92 f=0
48 15 87 69 9 60 43 53 87 81 63 85 71 14 55 72 42 74 45 0 84 4 44 21 65 62 53 25 38 35 71 21 34 0 52 44 40 90 13 91 91 68 66 24 82 64 4 0 77 91 62 57 0 1 38 18 79 17 76 90 69 50 77 49 72 33 71 24 49 85 56 71 35 27 8 14 52 12 26 61 30 91 42 81 10 83 26 77 82 32 0 43 10 33 40 21 5 11 24 80 63 59 23 51 89 6 62 9 0 83 35 40 69 44 0 58 18 29 38 47
run=2 seed=1 k=92 f=0
48 15 87 69 9 60 43 53 87 81 63 85 71 14 55 72 42 74 45 0 84 4 44 21 65 62 53 25 38 35 71 21 34 0 52 44 40 90 13 91 91 68 66 24 82 64 4 0 77 91 62 57 0 1 38 18 79 17 76 90 69 50 77 49 72 33 71 24 49 85 56 71 35 27 8 14 52 12 26 61 30 91 42 81 10 83 26 77 82 32 0 43 10 33 40 21 5 11 24 80 63 59 23 51 89 6 62 9 0 83 35 40 69 44 0 58 18 29 38 47
run=3 seed=2 k=92 f=0
47 60 1 35 66 10 76 64 27 20 68 66 90 65 60 15 16 6 33 83 36 71 22 25 91 54 48 38 25 0 78 50 79 85 54 21 84 29 52 24 57 62 58 17 59 2 56 56 9 82 19 2 73 86 71 1 12 71 19 40 32 28 69 37 22 36 38 68 91 90 46 14 91 35 64 71 64 63 55 8 78 0 85 13 44 51 0 82 18 88 17 0 44 54 82 77 5 49 53 49 21 76 33 40 31 8 30 18 10 45 8 83 76 70 0 27 25 42 40 11
run=4 seed=3 k=92 f=0
84 20 60 1 21 8 44 30 15 44 84 88 58 0 35 0 91 41 47 32 55 8 16 69 69 16 37 69 70 17 30 67 89 0 70 41 39 49 21 51 7 13 59 16 39 64 1 55 25 48 61 86 36 59 85 37 5 20 23 15 72 52 71 23 77 81 57 91 44 91 30 30 57 80 65 51 73 52 62 8 29 79 64 12 2 44 81 26 21 75 0 39 74 61 82 91 84 10 0 91 86 78 44 0 50 13 80 89 46 54 73 2 25 76 24 91 6 68 37 11
run=5 seed=4 k=92 f=0
26 73 39 19 22 72 73 57 28 87 85 56 47 91 85 41 75 67 63 10 3 50 0 73 33 52 57 77 7 88 15 26 58 78 78 14 72 31 91 40 26 90 8 51 11 90 6 90 20 91 66 25 9 47 87 43 38 13 77 91 82 78 83 17 0 63 63 69 34 1 59 6 0 79 26 0 2 38 64 65 83 70 35 48 44 3 43 9 40 3 21 70 31 61 0 38 41 29 5 25 5 46 83 65 52 52 30 52 31 60 19 38 19 48 19 57 35 22 14 47
run=6 seed=5 k=92 f=0
49 63 2 86 43 3 30 91 66 21 67 19 54 60 4 21 34 8 7 21 29 82 22 7 55 66 15 88 81 77 91 72 82 49 56 39 77 70 25 68 42 14 31 64 32 36 24 11 10 25 69 11 82 90 21 37 26 24 44 67 73 45 54 87 12 27 55 79 58 54 15 1 91 91 43 82 79 32 77 69 50 37 91 79 88 44 2 62 67 76 13 38 35 37 91 0 28 59 47 55 77 29 5 50 52 59 36 19 24 17 7 78 47 0 14 0 56 61 65 50
run=7 seed=6 k=92 f=0
76 32 34 56 70 52 50 44 61 51 26 44 72 27 62 48 20 75 58 17 56 21 76 48 90 0 33 85 5 68 78 77 16 88 33 3 66 21 76 38 15 84 67 13 5 81 82 28 73 54 91 88 37 15 58 81 51 4 35 13 82 69 12 7 12 3 63 80 9 22 14 19 91 55 45 23 70 9 72 38 28 1 18 38 45 29 63 77 78 85 91 2 0 0 42 51 60 26 21 43 89 58 50 9 61 10 0 91 40 68 91 69 37 0 25 65 29 30 41 42
run=8 seed=7 k=92 f=0
77 72 21 14 43 23 57 9 50 91 63 6 7 62 41 88 70 38 55 73 57 42 70 27 49 26 69 12 39 78 32 7 82 90 62 22 35 1 39 65 9 0 30 62 35 90 48 33 41 0 21 88 17 30 16 70 84 19 91 0 33 60 89 79 77 42 70 9 15 0 10 26 63 0 56 38 5 36 27 62 77 68 81 67 82 54 86 45 79 6 72 21 23 41 21 49 50 50 27 53 13 83 82 77 4 50 34 61 59 91 35 0 13 87 74 49 47 58 21 75
run=9 seed=8 k=92 f=0
22 54 33 32 43 79 34 41 68 37 52 91 0 74 74 39 50 39 32 10 19 71 68 41 57 66 69 57 91 87 14 5 27 3 0 26 3 31 16 64 56 27 70 86 90 38 42 3 9 0 47 45 21 69 20 51 85 52 65 0 83 79 28 57 60 36 63 24 90 5 14 31 43 83 76 38 26 77 0 64 49 58 91 47 43 91 33 15 25 6 10 25 35 45 68 80 1 72 16 65 21 17 37 59 73 87 0 58 62 28 34 84 17 23 9 78 90 91 14 83
run=10 seed=9 k=92 f=0
33 80 89 49 30 38 11 79 52 80 29 14 50 75 14 61 8 52 17 47 68 53 66 91 11 17 18 72 91 9 59 26 0 3 4 34 24 14 21 91 0 34 31 8 78 6 0 17 56 74 85 54 29 73 70 59 64 67 91 0 47 21 78 61 64 0 85 43 0 78 23 50 65 76 91 21 48 56 61 71 41 82 29 85 76 84 0 27 45 80 39 38 31 64 34 56 34 40 64 77 89 71 45 85 6 56 31 68 38 68 17 12 86 65 89 10 37 46 55 24
run=11 seed=10 k=92 f=0
59 76 2 65 16 5 24 19 58 91 49 90 63 86 41 37 47 17 30 88 27 45 56 37 75 73 57 68 53 90 35 0 91 69 74 5 3 48 42 19 42 12 25 30 21 81 11 25 58 82 74 0 0 43 78 36 63 33 59 57 66 84 1 40 62 14 40 13 68 48 53 51 21 71 91 35 43 18 5 75 91 52 79 1 39 54 30 0 66 62 9 32 83 39 47 11 5 12 32 55 5 27 14 38 77 77 48 72 82 25 18 82 90 29 66 81 8 87 23 78
run=12 seed=11 k=92 f=0
57 32 22 62 35 91 79 78 26 20 3 12 61 81 91 53 9 74 25 47 11 77 83 8 9 18 32 77 9 74 59 0 40 22 50 21 87 1 57 30 23 20 84 58 17 47 47 18 53 0 2 18 36 81 13 71 71 21 56 70 45 82 87 51 30 36 58 91 37 16 58 3 91 80 28 29 83 55 73 29 44 90 45 38 83 0 80 89 3 42 70 91 14 50 61 67 69 62 33 29 58 40 49 71 16 9 69 64 82 88 26 42 54 44 29 64 65 46 7 33
run=13 seed=12 k=92 f=0
81 61 69 82 63 33 25 0 78 72 4 75 45 30 91 69 40 49 54 20 80 16 16 51 8 0 38 6 0 61 85 34 66 14 30 44 42 41 47 33 6 59 87 82 91 58 78 45 15 91 69 13 66 45 5 53 17 19 41 39 7 49 58 29 26 22 35 18 50 1 22 90 33 85 58 68 74 75 29 34 24 0 91 67 72 10 82 26 87 11 0 55 27 61 82 34 56 25 72 60 75 0 47 51 63 50 6 14 14 20 91 41 66 91 29 9 74 75 88 62
run=14 seed=13 k=92 f=0
81 79 53 83 45 43 63 34 13 12 77 54 62 25 20 49 8 80 6 65 18 3 75 17 86 32 64 5 50 73 16 40 44 51 66 90 88 2 59 68 45 91 11 31 76 13 67 69 74 0 2 6 85 22 63 87 13 0 10 68 15 29 34 91 18 56 40 2 27 9 69 42 39 32 22 2 7 39 35 3 61 82 80 28 47 77 48 91 80 42 53 86 89 60 37 41 36 25 16 17 33 8 78 62 1 27 1 3 29 67 56 48 25 55 18 72 56 73 53 86
run=15 seed=14 k=92 f=0
76 50 66 25 25 18 60 50 33 63 16 88 40 86 62 29 91 49 8 70 38 13 68 65 1 63 75 88 68 9 42 91 13 23 72 59 57 76 0 34 30 45 13 90 17 6 53 9 76 0 17 24 54 54 4 42 85 83 7 54 19 78 24 40 66 84 46 36 24 47 69 15 36 20 29 31 58 0 52 79 67 0 0 56 61 50 9 91 83 73 71 43 27 24 87 91 59 26 4 31 37 68 4 45 30 1 4 62 83 22 84 91 71 38 45 77 82 35 15 34
run=16 seed=15 k=92 f=0
10 6 77 89 27 11 37 64 68 0 28 37 16 58 38 51 23 58 0 1 40 82 1 80 27 9 26 29 91 0 31 32 65 44 74 20 60 74 34 86 45 55 26 66 63 22 16 19 91 0 65 20 63 45 4 39 83 77 15 76 30 42 0 16 19 56 10 7 71 36 69 48 45 31 38 37 47 71 86 58 91 8 79 91 48 50 77 9 74 48 4 9 91 91 84 54 14 14 49 90 16 68 80 54 77 71 63 88 19 70 61 47 28 53 16 23 85 83 65 1
run=17 seed=16 k=92 f=0
6 3 19 68 79 25 90 32 72 70 16 67 51 54 66 59 0 7 52 37 29 13 25 42 48 91 50 31 4 81 22 91 0 78 45 53 55 16 42 75 73 84 87 46 69 83 52 41 25 17 89 17 58 11 37 53 71 21 7 33 84 23 31 28 9 0 79 78 76 34 43 39 34 34 66 62 77 5 55 60 40 0 9 56 46 12 75 25 62 81 91 0 37 61 9 23 31 47 32 91 26 91 13 9 89 46 35 85 16 41 64 15 62 59 0 21 50 68 33 70
run=18 seed=17 k=92 f=0
61 27 59 72 87 16 88 54 6 89 25 88 73 20 87 36 91 55 22 8 1 12 22 17 65 30 29 52 32 38 39 51 33 9 54 69 15 62 41 26 12 17 72 43 73 66 80 70 9 0 47 65 50 9 23 84 39 0 33 82 42 18 77 37 0 36 74 29 43 63 84 74 59 80 16 27 1 91 56 25 60 80 26 48 74 57 76 5 44 6 46 17 7 9 44 91 58 35 54 91 0 53 73 22 83 39 12 44 54 82 65 24 58 84 0 91 66 32 69 51
run=19 seed=18 k=92 f=0
46 73 52 57 1 61 47 84 90 55 60 66 42 91 53 83 61 46 20 29 36 24 18 91 61 70 68 78 65 19 17 64 25 30 67 59 37 11 73 91 35 15 56 18 91 1 70 80 31 9 0 1 90 32 91 42 58 16 52 16 0 40 0 77 49 71 58 49 1 83 84 23 18 60 37 24 6 50 69 0 8 75 51 65 81 72 52 28 33 3 84 41 10 86 70 20 75 78 68 34 50 6 48 43 7 67 22 10 44 83 90 18 26 10 30 44 25 0 87 40
run=20 seed=19 k=92 f=0
75 21 29 27 42 84 48 42 37 63 55 44 79 90 34 49 47 69 15 75 13 31 86 64 79 80 15 7 53 55 74 59 69 5 27 85 82 76 63 21 32 20 15 37 23 1 54 70 26 0 0 36 17 91 59 28 52 61 46 4 64 39 15 23 21 55 63 69 1 91 41 91 73 50 89 64 10 39 27 22 72 82 21 50 89 88 55 73 26 11 12 34 2 29 88 83 23 35 13 0 0 14 40 8 8 42 78 4 8 61 66 75 46 82 56 38 32 91 7 4
