run=1 seed=0 k=90 f=0
38 14 2 70 44 0 41 73 8 89 16 86 34 43 46 33 17 58 15 67 89 42 67 5 47 89 89 81 56 58 72 24 89 65 89 3 13 12 25 70 0 38 32 86 87 52 57 52 61 69 15 7 8 53 21 80 30 2 57 56 53 10 68 76 55 38 89 65 0 79 83 30 34 23 41 19 70 42 48 15 71 82 18 47 76 77 25 29 29 50 63 39 26 0 27 5 63 44 21 45 3 21 82 78 84 57 67 29 36 31 30 45 61 49 75 9 0 89 63 22
run=2 seed=1 k=90 f=0
38 14 2 70 44 0 41 73 8 89 16 86 34 43 46 33 17 58 15 67 89 42 67 5 47 89 89 81 56 58 72 24 89 65 89 3 13 12 25 70 0 38 32 86 87 52 57 52 61 69 15 7 8 53 21 80 30 2 57 56 53 10 68 76 55 38 89 65 0 79 83 30 34 23 41 19 70 42 48 15 71 82 18 47 76 77 25 29 29 50 63 39 26 0 27 5 63 44 21 45 3 21 82 78 84 57 67 29 36 31 30 45 61 49 75 9 0 89 63 22
run=3 seed=2 k=90 f=0
52 55 75 80 14 81 26 51 3 44 5 71 29 54 58 47 30 56 80 59 89 77 47 16 21 68 60 20 11 7 23 9 38 11 5 32 1 89 30 89 0 42 72 66 29 46 58 72 61 88 32 34 51 34 26 60 87 10 27 85 9 38 36 37 41 43 71 75 69 68 45 28 23 22 78 76 34 52 14 0 62 20 53 63 49 67 0 89 0 6 78 83 86 61 54 20 72 81 13 18 71 15 84 39 75 72 39 15 25 44 36 85 24 42 5 0 16 0 53 62
run=4 seed=3 k=90 f=0
22 62 26 89 40 52 62 79 34 81 60 29 82 4 16 10 32 83 82 84 45 79 52 19 74 0 0 31 30 71 44 0 0 34 4 53 55 72 66 76 64 65 44 59 63 11 73 0 81 40 13 39 58 25 5 14 48 89 7 42 73 18 84 19 21 25 48 31 20 80 26 66 7 39 66 75 88 31 38 7 34 89 78 56 29 49 89 56 1 11 61 0 36 8 53 12 85 47 11 37 70 0 23 17 51 45 82 71 39 76 71 6 43 48 89 55 50 89 14 56
run=5 seed=4 k=90 f=0
64 77 14 43 0 58 85 52 11 7 72 6 0 19 83 31 28 44 68 10 66 14 4 7 61 9 52 27 67 64 3 58 72 13 55 86 78 71 0 13 12 88 80 85 19 88 71 42 42 18 27 51 81 46 4 18 35 48 42 49 50 81 28 55 40 76 11 39 0 20 36 55 59 24 66 63 26 33 81 16 7 75 66 23 33 40 0 76 32 75 59 89 52 89 2 60 59 33 65 49 82 22 46 72 19 36 59 89 0 37 51 70 1 89 71 24 89 31 16 82
run=6 seed=5 k=90 f=0
40 21 68 58 47 66 28 45 86 68 8 70 52 2 63 82 9 2 28 44 74 48 74 66 55 46 26 0 89 89 31 11 6 60 8 6 89 89 76 76 52 34 51 30 72 58 47 58 0 88 40 53 26 19 80 36 77 22 26 0 54 64 32 39 29 6 62 46 59 47 32 50 79 44 72 52 22 0 81 75 41 67 75 12 17 83 63 9 77 57 33 0 18 8 16 68 14 14 44 13 58 29 66 37 53 14 39 15 17 82 89 62 49 73 37 2 18 20 86 23
run=7 seed=6 k=90 f=0
22 83 13 15 81 17 27 33 48 41 26 10 73 21 88 73 80 37 14 61 7 40 80 43 64 7 32 56 57 0 1 29 50 75 7 67 45 49 55 67 10 45 3 31 44 16 64 0 35 89 65 49 62 37 84 8 21 81 80 19 52 54 71 57 89 40 83 9 17 58 30 89 0 59 16 74 53 22 35 65 58 0 81 22 70 36 43 86 14 26 3 43 18 76 34 12 74 74 69 71 51 28 39 22 1 9 41 26 79 48 51 78 62 50 0 89 70 66 65 88
run=8 seed=7 k=90 f=0
65 4 67 48 62 62 70 81 37 83 85 49 82 40 0 68 33 48 53 27 51 16 87 7 20 71 57 45 75 74 26 32 51 67 75 75 4 89 6 89 67 58 0 30 77 60 26 25 14 55 82 31 0 4 37 44 14 75 9 87 89 9 71 78 32 11 56 0 40 15 27 30 64 37 8 67 75 31 73 42 23 89 54 14 0 14 42 89 10 86 24 45 34 72 48 57 11 23 1 4 38 39 51 81 18 10 80 0 39 61 64 17 85 0 60 80 20 23 46 1
run=9 seed=8 k=90 f=0
36 27 19 46 35 46 24 37 63 79 56 40 67 29 19 19 2 14 8 38 50 60 59 89 4 89 37 51 89 74 51 83 42 86 25 0 25 76 26 60 84 15 6 39 75 0 2 55 56 46 3 0 31 70 30 20 89 11 66 33 9 53 11 53 0 83 81 44 75 65 37 73 82 49 23 46 9 16 23 55 41 1 0 68 8 79 73 25 63 79 31 17 2 16 25 44 13 66 10 68 51 89 70 17 81 86 45 72 10 40 89 88 33 57 65 31 62 60 58 7
run=10 seed=9 k=90 f=0
77 11 15 37 45 14 13 8 32 47 74 55 71 85 18 19 80 39 63 32 68 36 1 64 9 52 89 38 19 16 11 89 28 30 84 82 88 88 47 1 76 15 76 47 83 61 61 85 41 89 56 33 16 54 21 0 70 11 7 43 63 70 8 9 37 57 25 25 59 81 46 20 24 35 0 24 25 47 51 8 29 0 74 56 42 54 33 25 71 60 82 1 43 60 53 15 66 74 57 34 8 30 36 6 87 66 43 67 71 27 22 23 42 4 0 79 70 64 38 3
run=11 seed=10 k=90 f=0
66 83 89 84 17 24 20 71 51 74 26 1 85 72 22 25 81 46 37 1 15 61 49 16 4 58 76 30 27 57 51 7 41 30 73 34 88 88 18 49 89 21 54 6 77 79 25 0 17 89 2 88 29 59 77 12 0 58 45 43 74 69 18 15 48 82 1 31 89 66 23 24 51 32 67 12 71 48 55 1 51 81 44 39 36 9 8 26 48 36 71 10 62 82 56 64 42 64 64 59 88 11 11 40 83 5 10 65 9 22 75 41 34 35 18 68 0 2 30 64
run=12 seed=11 k=90 f=0
65 84 88 19 52 11 87 68 77 6 24 78 61 22 41 47 72 40 9 35 5 39 11 36 56 7 68 33 71 45 0 21 16 20 24 69 21 50 7 0 57 43 89 59 65 8 36 53 38 25 88 43 89 70 1 37 81 87 66 15 14 1 45 65 82 86 0 73 76 28 33 44 0 74 81 13 21 82 85 9 89 30 30 75 50 29 46 2 63 17 50 42 80 89 82 60 78 53 33 79 38 29 42 63 0 56 13 63 75 32 15 18 0 10 36 58 56 29 1 49
run=13 seed=12 k=90 f=0
49 12 32 89 53 5 37 77 27 37 16 2 53 4 33 84 55 83 6 51 32 74 16 17 23 74 46 1 76 0 21 19 63 51 61 53 56 36 44 19 71 89 10 73 34 88 68 13 81 34 56 17 8 27 60 88 13 40 8 61 62 42 84 27 29 66 49 1 59 63 42 11 23 27 16 79 23 82 25 43 46 67 78 69 40 73 89 35 89 66 6 89 24 82 51 2 85 69 5 54 74 29 30 47 65 69 24 58 10 40 81 9 45 25 70 0 0 20 36 12
run=14 seed=13 k=90 f=0
89 4 28 37 48 79 65 59 9 79 64 56 67 22 8 29 89 44 89 36 87 40 71 0 35 65 66 39 0 75 71 79 52 20 5 18 15 52 89 1 15 44 29 59 62 83 68 89 42 25 45 44 0 35 85 2 56 74 8 0 82 84 47 5 12 34 75 9 52 20 59 48 72 60 35 84 43 29 18 14 14 67 54 76 73 43 50 89 85 79 23 46 85 23 51 0 84 32 56 12 74 65 30 9 81 29 49 19 8 56 26 27 64 54 72 0 15 68 23 8
run=15 seed=14 k=90 f=0
60 51 71 45 55 42 26 20 30 42 45 1 88 29 11 10 45 76 20 36 0 67 31 82 48 26 58 24 42 33 13 41 76 5 38 23 71 29 79 47 0 50 48 85 89 55 89 58 78 9 74 64 89 4 63 0 13 31 75 37 33 57 88 19 70 67 12 3 17 16 83 9 61 22 54 24 50 8 7 26 32 83 23 39 89 39 70 67 3 36 2 55 57 18 79 13 51 40 72 10 76 86 82 17 63 82 50 8 89 65 27 47 81 24 27 59 0 88 69 21
run=16 seed=15 k=90 f=0
36 49 75 15 4 26 30 0 89 84 5 86 30 9 20 58 47 8 68 48 88 9 73 48 50 89 5 47 77 24 64 34 85 85 30 77 25 76 22 77 83 73 32 0 80 41 56 59 31 39 42 15 72 52 18 10 61 68 17 1 23 38 0 67 62 46 61 10 65 89 0 60 63 14 56 9 84 36 57 10 23 43 18 44 80 55 14 76 83 26 3 70 40 71 89 12 19 53 3 39 15 17 35 6 36 9 23 36 56 1 28 81 71 68 29 0 80 53 84 52
run=17 seed=16 k=90 f=0
64 32 68 71 10 77 17 18 12 35 29 12 68 1 50 86 63 72 35 8 75 65 29 0 41 29 51 81 28 81 35 14 37 60 18 5 44 33 39 30 89 81 24 4 49 77 81 26 70 89 64 80 0 62 85 48 89 5 37 71 47 18 62 52 53 68 49 0 0 13 15 53 56 60 40 31 16 28 60 56 25 44 88 1 20 18 78 41 8 19 86 80 11 89 60 68 75 36 26 41 1 82 45 22 46 22 23 36 34 83 89 85 0 21 28 53 8 9 71 54
run=18 seed=17 k=90 f=0
19 4 12 45 27 46 49 53 26 8 17 70 58 5 30 52 89 51 88 69 41 26 0 0 28 73 19 53 14 36 57 74 13 60 7 86 62 39 77 76 64 22 69 32 6 40 56 87 80 64 88 60 0 66 1 16 55 3 89 39 36 17 9 82 87 58 82 58 61 55 15 33 55 50 29 83 67 81 53 24 13 1 2 23 8 89 45 10 31 19 68 46 39 89 70 32 31 11 19 23 38 48 48 22 0 44 43 35 26 39 80 0 78 72 80 33 8 9 46 67
run=19 seed=18 k=90 f=0
68 85 1 67 27 82 65 20 89 50 24 23 13 75 89 50 80 36 79 5 37 27 9 58 44 0 88 57 48 76 7 61 63 43 66 68 31 67 61 43 43 31 89 57 67 51 8 47 38 46 0 16 89 87 26 3 9 2 80 35 7 8 12 12 10 38 89 17 13 10 20 86 55 81 62 51 30 34 46 5 0 21 62 77 89 72 30 18 54 52 24 32 50 0 89 0 60 75 39 16 56 61 33 15 68 18 26 25 50 22 55 56 71 26 76 72 71 52 41 40
run=20 seed=19 k=90 f=0
54 6 62 20 89 88 73 45 50 5 66 35 12 54 48 12 8 47 45 5 22 49 73 30 57 32 8 41 32 89 82 36 35 28 77 60 9 64 0 28 25 29 37 32 68 20 41 1 50 0 62 6 65 63 4 23 8 0 58 1 25 76 30 80 10 69 26 29 89 0 71 67 15 72 56 18 14 42 78 76 82 0 41 19 14 61 41 55 46 22 83 84 4 15 40 53 15 86 18 54 23 44 45 77 33 89 13 60 48 72 42 36 79 77 88 71 89 75 52 0
