run=1 seed=0 k=93 f=0
5 15 70 92 25 59 78 91 86 26 12 55 83 91 30 0 13 53 77 46 54 67 75 18 70 41 84 37 2 2 78 9 69 44 14 78 80 78 55 47 46 82 65 40 30 0 34 33 6 21 71 64 83 90 17 0 33 61 37 20 48 83 12 88 71 22 9 41 74 61 35 89 92 24 73 1 90 36 28 45 43 61 68 8 92 92 61 53 88 27 10 84 54 12 50 23 20 69 39 7 68 36 56 30 62 19 20 75 27 66 3 5 50 11 61 19 0 31 50 49
run=2 seed=1 k=93 f=0
5 15 70 92 25 59 78 91 86 26 12 55 83 91 30 0 13 53 77 46 54 67 75 18 70 41 84 37 2 2 78 9 69 44 14 78 80 78 55 47 46 82 65 40 30 0 34 33 6 21 71 64 83 90 17 0 33 61 37 20 48 83 12 88 71 22 9 41 74 61 35 89 92 24 73 1 90 36 28 45 43 61 68 8 92 92 61 53 88 27 10 84 54 12 50 23 20 69 39 7 68 36 56 30 62 19 20 75 27 66 3 5 50 11 61 19 0 31 50 49
run=3 seed=2 k=93 f=0
6 14 40 89 91 30 75 59 71 61 66 74 46 31 61 86 17 35 58 37 72 32 86 56 28 71 64 52 13 14 44 51 35 92 47 65 42 66 41 26 75 28 11 57 78 67 6 8 50 25 23 24 8 19 21 0 75 15 58 2 82 46 61 48 50 44 87 70 92 0 55 87 91 1 0 84 90 29 46 84 41 0 22 75 80 92 41 38 35 79 74 29 9 36 10 3 3 59 52 75 33 20 55 33 13 80 18 86 80 88 21 18 53 49 55 9 62 83 65 66
run=4 seed=3 k=93 f=0
20 74 80 1 20 49 91 92 14 40 7 0 24 34 0 53 76 90 92 47 83 10 36 78 60 39 39 81 76 62 58 42 41 34 39 18 76 8 73 33 16 77 80 40 36 85 45 77 8 55 25 4 23 62 60 67 50 13 56 88 32 79 23 69 53 0 67 5 21 10 47 67 64 58 14 87 27 31 92 6 70 30 57 24 36 68 84 50 52 29 92 15 75 48 23 0 83 44 12 17 82 27 67 92 28 54 10 32 71 48 65 5 86 92 14 2 2 43 12 20
run=5 seed=4 k=93 f=0
56 40 48 71 19 1 65 40 15 33 62 70 0 22 83 6 28 39 87 72 49 30 89 55 20 73 36 71 42 8 89 59 34 47 62 78 41 24 68 92 1 43 88 72 36 76 2 44 35 92 80 82 44 0 61 52 9 15 12 91 52 54 36 15 78 65 53 63 92 47 67 0 20 48 82 54 19 89 84 41 68 77 30 32 36 67 8 20 5 55 25 18 59 79 72 55 50 85 46 83 49 26 13 60 27 9 26 88 28 65 2 5 76 62 44 23 0 8 32 33
run=6 seed=5 k=93 f=0
22 33 1 0 92 48 74 42 31 35 12 9 60 15 72 40 83 44 33 3 19 68 51 51 49 60 11 84 25 75 74 9 46 74 5 57 31 12 18 53 32 85 36 59 86 16 12 9 38 15 59 45 0 49 87 65 15 90 53 62 76 15 41 53 55 20 64 3 76 37 6 44 49 81 30 41 38 25 35 85 0 26 92 24 92 2 92 66 86 21 37 82 18 92 28 63 41 65 8 27 79 83 50 24 70 65 56 85 83 8 44 4 75 92 74 61 69 1 70 92
run=7 seed=6 k=93 f=0
67 46 40 84 45 23 11 0 81 24 43 61 18 17 41 5 92 48 76 10 80 55 1 30 40 13 11 32 42 40 84 15 62 90 19 37 92 62 78 83 48 50 40 30 88 35 0 67 75 67 91 74 42 68 71 45 8 25 72 31 85 70 51 80 34 6 66 55 31 0 19 45 27 0 57 84 77 57 20 69 24 39 38 6 1 50 0 76 21 23 9 51 86 0 12 26 62 7 52 86 0 17 71 51 86 56 90 92 67 5 63 73 58 23 80 92 34 14 59 51
run=8 seed=7 k=93 f=0
38 22 75 66 36 30 13 78 3 59 0 16 70 67 82 81 19 92 63 85 49 68 27 51 34 0 31 5 77 40 6 16 92 3 20 3 0 50 10 55 13 43 71 10 4 76 84 73 90 77 59 32 28 75 24 40 84 24 35 73 56 43 80 33 90 86 40 12 8 76 85 84 37 7 63 67 65 85 23 19 27 56 15 16 62 34 10 0 56 53 43 29 11 22 88 42 48 49 4 0 11 63 38 69 54 15 92 22 8 83 76 69 55 92 52 92 44 60 1 25
run=9 seed=8 k=93 f=0
52 65 17 89 86 55 15 49 90 63 54 47 85 81 25 79 63 30 41 64 0 11 42 20 4 44 61 34 47 52 13 20 47 23 3 40 21 40 30 78 0 92 69 63 92 64 55 10 70 16 28 60 35 67 86 75 76 39 83 71 25 16 81 9 11 26 29 25 72 43 50 91 83 14 0 25 83 34 7 67 58 49 0 59 43 2 92 80 6 54 57 92 9 83 36 78 39 56 49 92 30 31 89 7 18 70 41 64 13 22 27 6 35 72 55 35 76 2 13 69
run=10 seed=9 k=93 f=0
60 84 5 53 87 38 41 24 2 87 0 64 67 13 18 39 30 58 47 85 6 70 63 8 78 80 22 72 27 70 92 59 55 50 40 14 40 3 58 2 43 66 33 23 26 80 31 48 73 0 78 86 9 31 74 65 10 11 26 9 37 0 60 87 43 88 59 69 44 0 24 49 92 92 67 51 57 61 74 83 19 80 73 11 35 45 46 32 7 40 27 66 5 17 92 80 3 21 15 81 72 30 62 56 17 33 19 28 15 51 53 70 13 88 56 92 17 92 1 70
run=11 seed=10 k=93 f=0
9 89 54 92 48 57 19 23 38 71 38 72 31 68 85 70 75 40 58 19 60 15 25 40 64 92 84 48 79 1 24 0 69 13 27 36 61 90 84 37 12 53 4 21 79 52 0 16 19 83 48 28 66 88 79 47 73 92 92 42 56 54 90 61 63 2 48 92 77 65 24 84 10 79 49 64 74 56 69 48 22 35 84 71 9 5 0 73 58 16 14 55 59 19 12 45 37 28 3 30 5 3 57 43 1 0 73 28 33 5 29 10 66 20 29 44 31 33 13 87
run=12 seed=11 k=93 f=0
41 18 20 32 92 18 39 3 69 71 58 12 45 73 0 75 48 25 16 4 92 0 36 4 2 78 23 90 47 57 28 61 26 43 0 50 48 61 67 19 42 86 73 67 49 62 88 10 2 66 14 90 57 68 83 32 30 7 15 32 85 66 28 0 92 90 27 87 34 48 8 83 41 36 92 76 2 75 70 18 7 42 55 53 48 85 32 91 12 38 69 21 56 54 40 30 63 73 50 48 81 92 87 23 40 32 80 40 67 7 78 57 80 82 23 23 15 12 53 55
run=13 seed=12 k=93 f=0
43 81 52 46 43 74 60 14 92 26 90 90 27 90 36 92 83 68 21 16 64 43 72 65 49 59 9 63 21 74 71 72 78 54 91 4 32 38 80 21 0 39 86 16 1 72 41 82 66 75 30 0 19 59 7 49 3 55 7 68 52 37 17 46 63 65 84 86 24 83 13 80 27 86 0 67 57 92 77 14 13 49 0 21 56 47 36 22 74 30 2 1 90 7 76 72 40 10 44 90 79 59 50 44 45 13 5 42 37 12 33 26 10 55 16 85 92 29 30 63
run=14 seed=13 k=93 f=0
5 63 80 91 74 27 53 81 89 80 61 43 27 11 69 81 61 4 23 39 55 26 20 73 57 92 25 33 20 61 34 44 87 65 47 14 62 12 49 15 83 30 75 34 11 37 18 3 20 69 50 76 9 4 86 59 38 79 0 38 33 3 33 54 2 18 62 90 76 33 47 28 0 1 26 82 69 7 22 38 68 16 40 20 9 46 80 16 39 16 56 30 12 49 71 92 66 87 6 48 87 75 2 52 70 42 90 51 0 75 85 23 77 41 20 92 40 38 60 46
run=15 seed=14 k=93 f=0
5 47 56 23 13 6 79 29 46 82 82 0 0 38 46 9 62 23 92 26 39 79 74 58 48 41 92 33 60 80 87 53 79 60 50 58 50 79 69 90 0 33 36 17 73 37 36 87 25 92 52 26 53 67 88 54 41 20 62 88 16 63 79 48 42 34 91 17 14 67 68 13 34 64 2 8 62 16 46 72 21 85 71 9 72 29 83 44 7 12 10 52 55 26 0 19 70 71 64 42 58 42 20 8 5 60 69 14 32 31 92 60 23 9 35 0 75 0 76 46
run=16 seed=15 k=93 f=0
28 14 69 63 62 42 32 92 0 55 69 73 51 18 34 57 92 52 7 38 92 48 87 19 69 0 92 64 41 82 63 72 92 37 78 4 0 2 30 19 54 52 11 91 21 44 50 14 50 67 25 80 9 15 63 70 24 58 60 80 32 30 92 27 57 33 59 0 28 32 86 36 41 67 17 67 6 40 17 71 35 85 86 73 8 12 58 0 90 44 78 45 25 14 50 22 5 83 12 21 92 63 72 23 87 84 1 79 48 35 78 21 55 12 89 0 79 81 42 86
run=17 seed=16 k=93 f=0
56 29 4 46 1 92 45 83 62 79 79 45 68 59 81 92 42 84 25 12 73 83 75 18 73 62 55 21 22 32 89 7 0 75 10 59 6 19 46 30 67 88 66 36 63 74 64 5 19 92 10 35 33 69 10 51 47 92 65 11 8 51 84 55 5 25 16 0 41 92 48 66 69 60 25 21 44 84 49 26 16 32 75 39 25 52 78 3 89 16 12 58 34 88 43 90 37 85 27 60 39 36 49 53 35 40 72 35 62 73 1 77 15 77 20 56 0 30 78 30
run=18 seed=17 k=93 f=0
56 20 63 24 49 54 77 47 77 24 29 86 4 27 47 14 13 6 3 38 1 92 12 67 75 70 53 88 56 1 36 33 24 90 30 8 1 61 67 39 62 8 16 47 83 31 27 32 43 33 17 46 92 41 75 8 17 73 86 50 77 40 1 40 0 41 90 91 46 33 49 18 63 11 84 63 18 41 15 17 68 55 69 25 73 92 0 84 22 22 61 9 33 7 58 81 74 52 0 83 92 69 4 25 53 79 11 22 77 48 61 85 91 92 30 24 56 35 78 80
run=19 seed=18 k=93 f=0
76 86 65 45 78 49 24 43 8 8 88 63 64 43 82 37 25 77 16 16 8 20 47 79 71 39 91 58 3 68 85 64 11 20 70 55 16 57 78 3 61 33 69 16 29 87 42 90 8 0 52 74 92 2 29 64 41 31 57 12 32 2 71 87 12 0 83 57 72 21 45 38 72 72 62 11 73 1 44 26 48 92 38 5 0 52 17 37 63 11 42 51 35 83 45 36 18 48 37 82 55 26 32 81 66 23 33 80 30 69 27 33 22 11 92 82 52 92 24 58
run=20 seed=19 k=93 f=0
85 19 13 39 50 66 77 91 21 56 14 74 13 25 25 55 21 62 38 74 42 70 64 84 12 71 0 46 15 58 77 30 79 23 25 5 51 12 30 35 89 84 45 28 23 5 91 89 64 80 67 92 0 67 76 50 58 60 92 63 92 89 42 87 39 80 41 49 62 49 31 21 47 43 39 45 0 32 35 4 77 17 14 1 24 91 56 75 8 50 69 81 54 30 80 67 45 28 54 41 91 41 60 14 5 1 71 5 10 32 52 61 34 20 0 0 8 57 8 2
