run=1 seed=0 k=123 f=0
44 118 65 64 89 63 75 114 105 58 3 49 109 118 8 100 96 60 13 12 27 92 102 21 20 0 107 122 70 2 77 36 69 18 33 17 37 81 58 19 87 61 27 104 62 79 47 50 57 9 98 85 22 74 69 42 97 92 83 112 42 72 26 50 49 89 109 48 44 49 34 3 75 116 107 18 14 74 99 37 4 52 72 100 68 100 84 122 32 15 54 75 77 95 84 88 10 104 57 5 24 88 52 66 22 27 2 10 30 29 112 77 119 41 29 122 121 8 106 41
run=2 seed=1 k=123 f=0
44 118 65 64 89 63 75 114 105 58 3 49 109 118 8 100 96 60 13 12 27 92 102 21 20 0 107 122 70 2 77 36 69 18 33 17 37 81 58 19 87 61 27 104 62 79 47 50 57 9 98 85 22 74 69 42 97 92 83 112 42 72 26 50 49 89 109 48 44 49 34 3 75 116 107 18 14 74 99 37 4 52 72 100 68 100 84 122 32 15 54 75 77 95 84 88 10 104 57 5 24 88 52 66 22 27 2 10 30 29 112 77 119 41 29 122 121 8 106 41
run=3 seed=2 k=123 f=0
36 15 11 62 97 0 4 63 82 48 55 65 51 119 86 9 61 72 42 16 38 24 62 83 33 110 1 8 30 42 93 92 16 105 5 72 93 114 12 107 71 85 57 122 82 59 52 18 33 89 21 112 79 21 82 74 115 3 2 113 117 96 68 7 121 32 79 55 47 91 50 83 98 117 39 102 44 110 118 121 107 74 109 20 98 75 0 101 23 17 66 76 33 70 20 31 55 19 97 66 31 122 44 10 109 23 63 95 32 102 68 24 57 11 1 61 26 46 53 0
run=4 seed=3 k=123 f=0
61 48 60 72 32 91 82 23 79 95 61 106 75 106 31 8 95 55 83 33 25 93 64 45 23 122 53 80 94 18 47 104 40 3 98 0 4 110 55 48 67 77 64 82 47 91 42 28 53 70 3 38 7 21 32 101 63 22 5 34 113 55 61 43 10 121 67 14 69 122 78 74 37 100 105 12 47 114 49 66 113 122 18 118 16 14 18 84 16 24 56 40 122 121 89 99 13 28 24 0 71 84 75 62 108 109 118 112 105 34 86 95 37 28 68 42 85 73 90 6
run=5 seed=4 k=123 f=0
106 23 10 122 70 55 12 61 86 29 56 46 121 49 90 55 43 20 87 99 90 120 102 53 18 33 83 48 87 34 95 80 59 13 22 1 33 38 80 81 106 113 4 104 27 68 52 10 88 73 1 39 120 62 122 73 122 97 0 96 64 40 96 91 93 119 25 122 72 18 100 57 9 4 82 94 22 10 10 80 6 104 65 46 19 111 54 43 103 0 24 106 12 1 63 115 26 104 114 80 34 115 11 18 122 8 33 31 99 61 31 105 43 68 72 42 112 26 50 121
run=6 seed=5 k=123 f=0
109 34 66 33 86 72 37 9 105 64 108 77 30 1 16 44 52 75 103 86 101 113 96 24 90 11 7 4 110 112 60 93 89 17 74 25 119 41 34 96 76 0 98 87 36 0 54 1 110 40 87 49 30 65 63 51 115 70 122 4 60 59 91 106 25 120 94 21 78 55 120 42 69 60 0 17 101 103 61 1 12 26 44 55 7 78 85 42 120 93 52 47 63 102 116 71 99 16 29 13 56 51 45 101 95 35 105 65 120 122 20 16 26 66 71 51 22 80 38 34
run=7 seed=6 k=123 f=0
40 41 19 113 98 119 19 29 35 91 97 106 18 103 0 65 26 108 37 40 10 86 76 55 111 44 15 56 11 27 37 30 108 39 21 122 117 69 115 11 95 91 99 33 45 65 81 1 88 53 84 79 17 81 22 94 2 92 19 57 96 0 87 91 15 55 63 10 112 46 32 81 75 101 117 47 46 75 56 6 52 120 13 48 79 35 66 121 36 7 46 106 62 21 72 1 49 37 7 75 12 28 111 4 122 72 118 65 36 61 70 43 107 4 97 102 82 83 61 73
run=8 seed=7 k=123 f=0
105 22 5 94 44 32 114 2 66 47 20 121 13 1 73 48 10 83 122 32 2 38 96 102 55 42 58 18 10 85 31 115 37 37 69 80 52 9 86 113 109 52 116 102 67 79 96 43 35 51 70 35 90 27 61 22 102 26 84 95 113 111 36 0 28 58 16 2 97 121 30 71 60 64 74 7 75 7 42 30 60 75 108 107 122 46 102 22 85 96 0 75 83 37 22 49 80 16 60 50 90 8 121 2 111 58 44 117 39 63 67 17 84 48 86 15 19 97 36 23
run=9 seed=8 k=123 f=0
24 20 12 30 120 14 4 83 114 112 97 30 28 71 3 13 98 28 100 86 37 112 108 94 119 16 105 56 31 21 114 0 41 46 74 44 46 121 53 94 50 108 111 79 57 83 43 64 60 118 79 90 77 64 94 2 54 69 7 49 0 65 9 64 32 89 61 106 69 44 10 15 69 119 37 45 31 57 118 76 92 30 73 102 59 101 52 5 101 6 111 1 18 3 79 24 92 7 77 22 7 88 23 106 15 76 110 35 70 44 50 58 100 121 97 79 86 69 18 82
run=10 seed=9 k=123 f=0
73 103 112 10 24 50 32 58 20 34 64 54 85 13 43 30 17 43 13 79 94 17 103 39 51 8 122 6 118 19 102 68 117 12 37 1 111 81 117 92 111 122 0 73 116 79 3 35 119 36 72 3 97 77 100 67 62 102 114 99 78 76 90 29 32 4 88 108 55 83 113 18 62 33 69 18 105 91 0 4 44 6 114 21 28 12 88 59 42 122 54 106 66 1 63 51 48 26 97 18 54 8 85 45 9 25 24 78 51 0 39 40 97 30 89 86 55 91 98 76
run=11 seed=10 k=123 f=0
19 97 56 86 27 41 89 49 77 95 41 115 39 116 53 23 99 50 111 51 10 34 61 7 61 63 38 109 25 29 45 75 119 22 47 47 45 13 33 68 54 59 58 65 5 31 49 16 92 38 67 60 14 98 83 100 18 96 28 41 55 52 2 31 74 86 122 17 106 60 5 9 26 59 113 80 4 47 95 66 66 121 52 103 115 23 78 114 3 0 75 122 16 121 82 66 5 1 70 74 37 75 87 106 15 84 95 30 121 72 0 118 61 19 106 87 122 91 3 35
run=12 seed=11 k=123 f=0
74 97 84 59 73 53 29 85 32 121 12 12 70 44 1 65 58 50 44 33 46 29 118 76 23 75 67 83 61 98 22 54 34 9 92 121 21 0 49 95 121 61 109 94 105 103 24 99 31 66 31 73 91 31 26 39 113 63 122 115 23 7 107 119 100 79 3 89 22 5 85 0 113 87 40 39 110 39 106 18 2 86 10 18 92 116 104 107 13 15 10 41 26 37 59 78 112 81 41 61 13 69 85 46 56 57 39 118 16 98 70 61 23 49 79 77 4 67 101 106
run=13 seed=12 k=123 f=0
65 81 108 34 94 82 68 12 109 94 79 60 58 5 112 58 70 43 23 103 7 38 7 64 69 104 109 119 75 11 14 15 86 19 55 67 25 30 59 5 122 74 99 93 80 34 38 66 40 95 89 41 20 35 54 37 118 95 66 88 28 4 73 77 3 48 18 31 122 76 1 82 9 77 61 10 116 1 55 30 100 0 9 108 28 49 49 21 110 35 103 116 40 102 49 86 48 109 119 0 44 120 27 87 36 15 28 17 116 82 46 119 99 98 19 111 117 69 84 100
run=14 seed=13 k=123 f=0
48 34 108 13 82 103 113 112 26 86 31 121 103 82 116 52 18 53 38 113 64 16 88 119 43 4 57 98 119 67 112 95 79 37 56 24 59 46 121 23 1 71 0 62 9 89 38 92 95 61 39 98 74 117 94 83 47 71 122 99 85 68 17 80 78 39 24 32 85 78 101 15 11 32 120 25 9 45 41 24 30 1 122 71 8 14 109 108 5 43 0 21 63 111 21 59 48 50 56 76 64 78 65 40 96 8 16 0 28 100 49 34 66 92 1 104 27 12 13 31
run=15 seed=14 k=123 f=0
27 119 69 54 78 116 9 75 26 70 51 109 45 72 83 74 26 120 11 32 108 19 90 27 32 88 64 106 104 87 81 83 22 28 59 52 63 52 5 12 120 46 93 88 45 96 108 64 46 70 21 32 115 113 65 107 122 72 90 104 33 91 55 78 38 46 64 120 99 0 41 3 0 54 106 105 99 11 15 98 65 37 33 113 71 117 60 110 19 49 33 122 61 83 16 103 3 80 121 22 0 39 40 16 80 50 40 85 78 99 60 0 8 97 55 5 8 14 27 114
run=16 seed=15 k=123 f=0
63 69 30 5 35 0 77 24 106 20 53 24 68 56 19 53 66 51 78 105 112 101 57 61 31 0 118 105 3 48 92 0 80 81 54 85 0 102 121 113 71 18 30 67 117 102 112 84 44 111 105 23 57 27 60 36 86 54 79 4 77 42 42 89 46 10 121 96 121 77 6 92 14 87 38 9 75 26 89 105 62 71 26 18 31 10 97 95 108 105 39 66 93 56 66 94 12 119 39 96 110 107 79 32 2 74 13 118 20 22 11 76 58 85 14 44 122 111 96 44
run=17 seed=16 k=123 f=0
18 58 32 65 86 117 55 70 75 3 81 71 14 21 120 65 10 24 45 32 101 28 3 28 122 61 17 42 41 75 68 19 76 8 98 87 107 31 55 59 108 12 84 56 93 47 76 84 53 1 93 1 19 58 109 47 78 98 70 41 122 81 59 74 90 36 29 20 92 39 67 31 79 6 36 50 71 114 61 43 35 111 21 97 122 35 113 51 10 103 87 0 105 101 55 115 56 39 109 5 120 10 31 93 20 68 63 92 102 118 45 15 106 8 112 2 46 40 26 96
run=18 seed=17 k=123 f=0
79 57 118 116 2 8 39 57 83 38 34 120 86 6 15 44 23 89 54 122 104 95 81 92 58 9 103 66 106 1 15 67 74 50 103 21 47 0 118 58 87 49 36 67 7 21 34 75 94 82 78 118 53 79 19 31 121 0 83 75 2 109 1 75 91 110 12 121 0 10 43 100 110 38 122 7 49 25 61 63 26 17 59 63 11 121 31 47 2 59 105 25 35 26 17 109 28 72 48 93 91 12 71 63 44 111 100 19 31 39 74 40 99 62 89 114 103 81 40 83
run=19 seed=18 k=123 f=0
112 8 44 28 43 45 120 37 64 33 56 40 80 20 40 1 37 23 107 18 35 121 98 2 12 103 40 47 99 49 7 89 11 51 0 21 52 78 122 18 56 65 4 72 66 119 20 33 96 48 122 0 28 19 115 101 121 61 115 97 111 57 106 89 110 21 110 41 98 109 63 7 85 104 122 32 82 20 106 113 27 10 3 97 72 94 74 70 40 81 28 85 121 89 117 30 75 67 71 54 73 106 110 2 7 74 10 73 14 62 44 82 114 90 80 51 14 13 80 32
run=20 seed=19 k=123 f=0
95 62 13 1 49 8 38 39 74 43 83 46 79 122 88 43 113 106 21 71 18 92 62 45 1 49 77 68 11 24 71 80 51 86 31 110 14 119 26 3 40 98 74 39 29 64 112 109 75 5 115 49 17 73 0 93 86 37 32 97 101 117 54 33 60 33 25 49 49 10 25 25 87 104 94 55 52 68 41 97 9 64 84 45 4 117 40 90 4 78 20 111 30 82 105 11 106 120 121 20 0 69 86 31 94 109 87 23 61 26 122 113 61 98 60 108 58 100 119 62
