run=1 seed=0 k=88 f=0
47 72 37 66 42 24 4 30 40 27 8 19 19 74 7 21 42 73 87 58 41 53 50 55 81 16 38 38 42 75 32 11 62 13 72 63 71 86 0 0 61 49 38 45 47 13 78 32 77 0 0 86 68 57 4 63 5 33 18 31 35 2 57 29 20 79 58 55 0 46 22 86 9 43 51 83 71 26 73 1 77 34 0 66 87 87 87 9 13 81 78 47 28 64 71 78 49 55 37 16 16 41 23 27 36 56 29 7 17 6 28 86 49 87 14 65 60 56 25 64
run=2 seed=1 k=88 f=0
47 72 37 66 42 24 4 30 40 27 8 19 19 74 7 21 42 73 87 58 41 53 50 55 81 16 38 38 42 75 32 11 62 13 72 63 71 86 0 0 61 49 38 45 47 13 78 32 77 0 0 86 68 57 4 63 5 33 18 31 35 2 57 29 20 79 58 55 0 46 22 86 9 43 51 83 71 26 73 1 77 34 0 66 87 87 87 9 13 81 78 47 28 64 71 78 49 55 37 16 16 41 23 27 36 56 29 7 17 6 28 86 49 87 14 65 60 56 25 64
run=3 seed=2 k=88 f=0
23 82 38 72 85 65 53 81 40 64 55 18 4 51 29 23 46 6 64 36 61 4 41 87 56 61 58 36 61 8 32 52 46 58 48 44 1 74 32 85 67 10 87 19 42 55 69 87 28 37 17 19 87 2 41 10 26 13 18 69 54 87 49 30 20 55 33 16 87 49 22 48 68 39 79 58 3 24 0 53 33 79 78 49 46 77 0 33 8 71 65 9 18 8 0 66 76 76 79 48 17 34 3 8 75 71 1 21 0 23 27 5 31 41 78 70 15 0 40 86
run=4 seed=3 k=88 f=0
75 35 55 83 64 47 67 69 87 59 32 71 17 41 0 6 57 81 22 74 81 19 65 75 65 67 54 49 0 0 75 69 80 53 55 62 43 37 20 30 33 87 14 87 86 86 38 76 79 41 68 54 0 76 62 29 9 66 12 27 50 40 16 5 78 4 19 50 40 28 74 3 9 8 20 18 12 62 23 87 47 29 39 26 52 37 87 45 77 47 56 87 44 12 0 45 24 17 33 22 39 55 84 26 64 22 10 55 38 13 3 34 65 17 78 60 32 0 0 62
run=5 seed=4 k=88 f=0
50 82 85 70 0 76 71 70 27 21 27 36 87 82 0 75 31 58 16 47 14 43 29 62 69 40 31 67 35 1 63 52 45 43 49 29 61 13 81 28 43 21 87 5 35 19 32 0 13 22 56 7 87 81 26 38 72 7 0 56 63 11 46 68 60 64 17 27 87 20 8 77 72 69 79 11 18 77 36 25 6 30 86 34 78 54 0 12 27 16 36 19 73 41 48 52 23 45 57 48 57 3 73 55 9 14 65 10 48 5 69 19 54 87 87 62 49 2 41 53
run=6 seed=5 k=88 f=0
14 50 37 16 64 40 38 78 17 57 82 36 29 86 20 59 53 15 73 19 75 15 13 87 0 33 79 5 76 43 12 36 47 29 32 82 84 0 49 75 1 68 56 81 29 57 13 67 17 61 61 48 87 1 65 8 56 66 28 67 71 77 3 46 36 51 5 87 7 7 39 49 0 10 78 79 59 23 54 74 22 48 76 86 42 38 9 52 63 3 0 70 59 24 11 11 27 27 21 24 41 6 40 44 1 34 22 26 68 68 62 62 85 34 42 87 24 20 13 58
run=7 seed=6 k=88 f=0
57 6 48 8 83 0 31 69 63 77 84 13 1 24 42 43 8 80 74 7 71 56 81 32 37 42 0 69 58 23 75 87 27 50 5 20 22 87 33 87 16 79 11 65 61 37 21 8 78 0 39 44 25 24 37 23 40 8 19 81 35 69 18 71 17 46 3 23 48 60 64 45 49 53 56 58 75 45 29 86 33 12 84 26 62 65 86 79 76 31 74 76 15 6 13 2 85 60 52 15 52 30 51 69 54 33 86 54 51 63 39 76 36 68 51 0 17 60 67 13
run=8 seed=7 k=88 f=0
86 29 39 5 0 43 39 24 3 72 52 2 82 3 50 65 80 14 25 84 13 80 36 68 43 56 26 43 87 55 49 47 23 5 53 38 55 52 80 11 62 40 36 59 73 40 52 17 87 72 77 66 33 78 76 31 69 31 23 11 63 52 80 28 15 72 12 83 73 34 21 66 49 74 42 29 9 12 65 42 87 6 54 87 33 4 8 87 75 66 61 43 71 23 3 59 37 25 21 0 35 76 11 16 8 0 82 62 19 23 0 49 87 44 33 58 0 68 17 31
run=9 seed=8 k=88 f=0
46 40 19 43 23 73 12 10 31 79 0 86 6 33 73 61 27 13 11 75 24 14 0 33 69 64 9 21 63 0 56 4 59 3 0 31 3 80 87 66 48 18 33 65 28 78 86 57 71 0 72 75 36 49 23 17 58 29 43 50 79 0 8 41 40 48 49 85 54 79 58 38 9 16 87 28 27 65 9 25 79 70 39 70 64 50 19 87 22 75 41 18 86 58 42 48 18 54 85 7 40 24 82 45 31 12 0 66 59 6 84 23 1 26 17 35 51 62 87 44
run=10 seed=9 k=88 f=0
48 6 13 21 16 45 16 59 71 19 69 40 75 67 65 12 9 52 43 81 41 72 27 12 0 44 45 2 22 78 38 32 17 31 28 48 72 66 0 24 2 48 40 59 59 6 87 0 54 0 29 85 87 5 4 15 57 83 9 67 25 87 10 82 22 83 4 50 0 69 59 60 78 34 18 38 26 61 27 28 23 86 37 12 55 42 34 87 42 28 53 47 7 8 36 76 14 14 50 76 69 31 76 65 36 38 34 30 37 60 18 40 55 54 76 64 71 87 76 48
run=11 seed=10 k=88 f=0
85 15 3 39 71 61 19 13 5 67 82 1 18 67 64 56 35 14 24 35 75 5 50 57 19 64 31 28 87 8 11 67 9 31 8 37 14 6 46 57 81 0 68 20 0 69 87 38 87 44 0 32 19 49 40 26 39 46 25 87 71 73 79 51 56 73 80 29 43 17 58 33 28 26 81 57 47 87 9 43 32 17 12 87 61 0 8 74 45 25 80 0 35 6 38 20 43 78 63 81 62 63 57 53 70 40 13 52 66 74 52 65 87 50 47 87 0 77 79 49
run=12 seed=11 k=88 f=0
35 59 87 80 32 37 84 48 24 20 64 44 80 59 10 85 41 74 75 44 73 15 52 59 71 16 15 58 75 43 48 6 64 3 9 37 3 21 58 27 0 80 83 46 22 74 33 72 31 0 87 11 53 40 54 8 0 87 56 31 69 0 33 34 77 63 2 40 34 32 47 14 78 50 62 69 16 6 11 28 63 49 0 12 87 39 87 70 67 6 20 29 1 82 8 39 35 21 28 29 56 64 67 9 20 70 51 80 52 82 0 14 53 24 51 25 25 68 17 21
run=13 seed=12 k=88 f=0
43 22 0 13 33 8 0 47 65 55 56 55 17 54 73 15 58 43 56 23 75 59 0 28 9 72 1 63 9 70 65 6 37 29 10 31 69 1 17 1 33 51 76 67 78 48 31 57 9 0 22 33 26 71 53 40 80 24 32 48 79 64 35 21 68 73 63 30 66 87 14 35 65 59 87 60 49 53 14 63 26 39 85 61 0 8 49 40 23 6 82 7 46 22 40 37 76 18 42 17 1 84 45 40 80 12 50 15 47 16 45 82 27 61 0 87 34 85 19 28
run=14 seed=13 k=88 f=0
67 55 5 86 87 22 46 87 39 21 76 3 31 55 21 21 0 46 12 67 10 71 27 70 28 9 29 14 25 39 84 62 52 28 28 46 25 38 11 75 13 17 79 63 51 42 57 8 79 39 1 86 51 69 15 0 55 8 87 76 30 8 27 57 60 82 71 59 26 8 65 54 16 87 73 38 43 79 57 14 33 79 70 3 0 0 87 49 31 33 61 20 43 84 0 51 75 69 54 52 43 35 44 60 32 38 80 49 22 66 40 76 58 60 42 48 23 69 4 16
run=15 seed=14 k=88 f=0
31 4 84 22 69 1 54 7 14 40 61 65 24 21 9 84 16 5 40 70 38 75 71 30 0 62 0 47 3 39 33 65 36 68 6 21 3 49 84 16 86 47 58 31 52 59 71 84 37 71 9 86 0 77 79 42 87 73 8 60 55 34 33 39 35 22 27 70 29 61 32 87 80 43 87 35 9 15 79 76 14 56 53 13 19 51 46 69 75 52 83 43 62 78 9 0 58 28 34 63 30 49 42 9 52 67 44 61 80 77 87 51 70 49 25 0 25 26 23 67
run=16 seed=15 k=88 f=0
19 35 82 0 36 71 60 79 52 50 32 87 37 77 13 8 37 14 80 47 65 83 71 64 2 70 81 3 86 27 44 17 24 66 45 73 46 0 7 31 56 87 24 6 68 6 45 61 79 29 35 0 0 61 33 86 0 61 56 40 44 58 37 77 16 29 8 31 76 50 6 69 63 74 86 9 41 10 3 78 50 29 79 57 23 86 20 42 51 60 52 87 45 10 87 39 15 54 20 54 22 24 25 12 70 81 67 1 18 7 11 43 11 71 76 40 51 48 70 32
run=17 seed=16 k=88 f=0
21 4 76 78 46 20 23 44 11 12 2 81 26 83 87 54 78 67 9 42 12 46 42 65 61 28 87 57 1 42 20 73 70 84 70 31 29 0 63 38 35 50 75 12 18 60 67 87 9 87 71 35 0 60 57 70 26 13 29 26 62 87 58 46 16 39 7 35 65 3 22 67 71 77 37 5 4 20 57 34 0 36 78 9 20 0 53 56 61 6 51 51 8 76 44 34 11 19 52 31 81 50 49 44 71 4 16 29 14 59 79 80 50 27 6 86 15 26 16 42
run=18 seed=17 k=88 f=0
60 19 52 69 21 17 3 71 80 37 82 33 74 27 15 36 36 20 73 11 60 79 86 48 30 50 13 48 8 39 0 25 34 78 30 53 20 0 6 0 74 66 40 10 0 51 60 37 78 27 87 85 15 56 31 55 39 42 32 45 43 66 70 57 62 46 75 83 0 60 65 87 0 8 7 77 65 1 20 56 14 47 87 13 41 64 87 30 51 81 83 26 3 74 19 48 55 69 23 74 82 11 43 59 55 28 42 4 80 64 72 13 27 22 57 87 72 87 7 16
run=19 seed=18 k=88 f=0
57 82 28 10 63 22 80 41 86 40 6 27 39 12 12 76 7 39 49 35 53 39 19 18 18 78 51 66 85 82 59 67 72 87 71 20 35 64 18 20 75 59 74 46 33 79 55 77 41 62 24 72 87 41 2 31 80 47 45 55 0 44 50 55 80 12 64 85 25 59 46 3 71 61 16 18 38 3 83 65 87 9 67 10 74 87 33 34 15 68 27 58 52 72 0 29 0 13 57 84 23 65 37 52 66 83 4 4 41 47 15 72 57 67 9 0 25 50 31 21
run=20 seed=19 k=88 f=0
61 82 35 25 41 50 35 75 17 52 68 17 65 24 55 37 69 31 28 16 9 65 46 80 0 20 45 23 56 69 3 48 40 44 14 73 75 22 60 0 61 33 66 57 77 48 63 42 54 0 87 68 78 5 80 29 80 31 57 59 46 23 35 7 10 87 1 46 0 0 14 84 27 21 87 24 13 15 40 49 19 72 66 54 78 8 37 35 48 51 87 85 75 33 87 35 74 63 58 73 54 41 13 9 49 13 9 79 52 42 26 54 4 8 9 87 60 0 63 82
