run=1 seed=0 k=103 f=0
0 37 85 35 62 59 15 83 79 52 51 66 27 30 55 24 0 17 0 88 78 93 100 12 8 33 21 44 71 90 53 57 78 54 7 17 30 1 33 9 7 33 95 77 97 50 93 5 75 48 62 87 12 18 28 70 75 19 41 61 57 33 13 40 9 40 77 86 13 81 6 90 99 102 69 93 32 72 26 63 68 48 91 75 63 36 89 0 2 60 94 102 5 22 71 21 85 41 49 102 38 81 42 24 71 67 46 52 102 94 0 95 21 49 46 100 81 45 84 11
run=2 seed=1 k=103 f=0
0 37 85 35 62 59 15 83 79 52 51 66 27 30 55 24 0 17 0 88 78 93 100 12 8 33 21 44 71 90 53 57 78 54 7 17 30 1 33 9 7 33 95 77 97 50 93 5 75 48 62 87 12 18 28 70 75 19 41 61 57 33 13 40 9 40 77 86 13 81 6 90 99 102 69 93 32 72 26 63 68 48 91 75 63 36 89 0 2 60 94 102 5 22 71 21 85 41 49 102 38 81 42 24 71 67 46 52 102 94 0 95 21 49 46 100 81 45 84 11
run=3 seed=2 k=103 f=0
88 80 53 0 48 95 16 102 61 28 15 9 97 22 72 27 67 84 80 54 9 36 50 60 12 52 102 8 10 25 58 59 24 64 56 16 65 55 49 32 49 22 37 13 98 55 70 34 42 92 82 75 76 66 28 70 11 46 30 70 101 42 15 45 86 22 100 21 46 94 2 99 59 14 10 86 78 69 81 33 91 102 5 73 0 83 33 8 25 98 0 94 40 51 61 22 91 84 87 41 1 0 30 25 39 18 62 83 15 1 67 1 48 40 83 74 19 6 38 42
run=4 seed=3 k=103 f=0
70 45 93 50 92 69 28 37 12 80 85 84 0 48 85 87 80 65 77 21 79 17 6 95 40 51 21 43 78 12 87 35 15 47 84 55 9 11 77 57 30 13 56 36 69 91 13 43 21 12 1 12 60 100 84 101 45 26 42 49 35 28 81 97 96 24 1 93 93 78 72 98 101 49 27 1 78 37 51 29 6 26 59 0 70 64 90 58 90 18 76 63 99 19 60 30 97 75 74 51 53 64 71 1 9 34 58 33 87 6 102 53 89 66 3 58 42 20 66 33
run=5 seed=4 k=103 f=0
34 55 13 77 89 44 62 53 35 88 49 70 30 5 100 44 53 70 73 21 14 35 26 20 50 22 53 66 33 99 46 6 73 16 0 25 54 82 96 15 87 40 102 21 20 23 84 27 102 0 26 14 13 52 58 74 16 82 73 30 77 11 53 8 9 98 39 0 88 67 47 5 86 62 96 94 55 36 31 47 65 80 85 90 60 91 62 1 71 30 8 67 59 102 60 38 60 43 5 66 35 94 72 33 81 43 93 2 45 81 0 63 15 12 77 102 40 25 25 102
run=6 seed=5 k=103 f=0
71 99 53 60 30 4 30 31 61 95 6 30 98 80 48 47 47 74 60 91 0 83 59 51 15 102 68 18 94 16 12 9 64 9 76 62 102 57 0 36 28 102 44 16 102 84 4 42 3 55 101 45 19 87 95 101 22 56 50 35 11 24 95 1 87 81 10 6 26 76 89 49 70 10 36 56 24 34 73 42 95 67 68 21 60 75 80 0 67 66 26 102 3 86 55 78 41 42 2 88 0 77 59 94 40 80 84 20 44 87 15 75 51 89 67 35 27 66 43 22
run=7 seed=6 k=103 f=0
9 23 86 19 21 88 65 48 79 94 69 49 5 79 99 68 26 62 30 97 34 53 44 96 100 16 75 20 92 49 99 17 51 72 37 96 41 41 1 87 11 25 54 0 78 25 36 37 76 0 66 11 57 62 22 59 53 72 47 88 67 0 2 80 83 27 42 25 0 40 10 65 85 16 47 92 49 83 11 69 7 102 11 102 60 61 38 30 101 6 35 17 13 33 43 29 43 7 75 76 45 18 34 102 39 57 58 18 58 71 87 9 70 1 56 75 92 94 83 21
run=8 seed=7 k=103 f=0
63 13 6 88 81 36 60 42 60 5 49 68 99 0 9 94 59 15 12 14 31 86 55 73 75 82 25 29 38 1 10 0 78 79 90 61 13 57 63 0 79 7 97 21 35 85 45 26 99 51 99 97 42 44 47 72 62 39 59 17 75 27 1 66 31 8 75 101 79 45 36 92 21 59 1 36 83 12 90 65 53 71 101 8 40 47 91 35 10 102 22 0 34 41 66 23 50 33 41 93 29 48 19 7 70 51 54 50 55 71 102 84 17 66 57 23 29 88 98 88
run=9 seed=8 k=103 f=0
97 10 87 78 23 16 87 90 72 21 84 18 91 29 67 78 94 81 56 9 95 30 97 97 7 37 52 29 1 1 68 87 102 60 63 41 72 35 52 4 10 102 45 102 15 84 11 52 57 65 87 74 24 41 0 83 8 13 64 51 49 68 22 72 67 3 62 29 46 69 88 45 76 38 7 80 43 18 26 83 0 71 62 27 36 25 102 61 100 54 48 16 9 85 102 77 101 32 28 76 96 92 78 0 0 60 37 97 25 45 55 43 29 40 38 19 16 99 32 20
run=10 seed=9 k=103 f=0
21 12 32 23 54 99 30 81 15 68 29 90 62 86 1 0 27 78 41 0 43 57 45 4 47 93 14 33 10 57 3 72 101 88 66 23 59 29 69 50 96 24 20 0 64 10 5 40 17 63 79 40 43 15 38 63 95 73 65 18 35 76 80 48 49 90 48 96 80 86 71 82 52 25 8 47 24 31 53 18 102 33 73 2 17 38 84 67 2 56 92 101 54 2 10 60 62 99 90 52 77 30 34 0 38 42 58 54 38 72 93 33 5 48 38 7 102 11 86 18
run=11 seed=10 k=103 f=0
28 25 67 62 72 79 64 37 44 97 18 1 42 19 78 18 93 61 99 9 59 5 16 50 43 47 14 0 50 2 82 76 33 95 61 95 101 17 102 16 89 0 28 0 90 70 11 21 9 102 43 84 76 85 42 69 13 53 28 82 56 63 86 71 64 31 23 10 68 98 35 88 65 24 22 93 51 81 81 18 34 52 102 51 98 61 85 30 33 14 91 0 102 73 53 76 67 30 2 91 5 49 58 40 47 65 102 2 21 32 89 95 59 74 31 43 3 8 22 40
run=12 seed=11 k=103 f=0
14 20 43 50 96 41 89 83 76 73 44 84 3 92 90 57 56 98 26 75 1 96 59 30 9 0 73 50 58 93 49 85 102 68 33 37 61 28 35 33 100 92 77 19 17 76 73 101 15 64 85 21 31 42 50 0 77 45 36 31 74 42 11 36 5 64 80 63 10 21 87 1 102 23 23 4 55 13 18 82 70 102 33 15 65 54 44 41 49 81 68 101 18 100 93 56 27 51 13 84 11 69 38 93 88 81 34 26 63 70 27 58 90 0 79 50 9 93 61 14
run=13 seed=12 k=103 f=0
83 41 1 31 94 55 59 41 47 53 45 102 57 19 44 56 62 101 29 0 102 13 51 23 69 27 12 67 54 53 33 77 14 49 69 22 90 92 86 23 102 18 69 74 38 51 62 102 36 94 61 44 45 85 82 0 42 32 92 96 1 81 27 40 99 64 6 2 26 2 76 43 84 97 8 99 25 68 9 81 4 63 15 31 83 0 54 42 15 88 74 62 102 15 47 20 71 11 30 8 11 60 0 69 54 8 26 94 79 79 71 74 81 90 26 35 17 11 51 11
run=14 seed=13 k=103 f=0
10 97 52 86 1 101 24 79 31 43 30 39 6 89 80 41 102 21 27 12 52 87 86 94 102 57 24 68 47 33 69 79 31 11 95 22 100 28 37 0 61 22 86 60 6 91 72 5 28 73 101 96 85 58 2 72 86 47 94 65 0 49 58 66 65 15 7 33 0 3 33 82 50 74 93 7 80 68 40 14 15 34 93 46 60 57 14 43 85 79 22 19 41 92 85 102 17 7 75 36 74 57 35 64 84 53 17 85 74 9 73 1 42 53 74 102 40 56 67 0
run=15 seed=14 k=103 f=0
23 26 75 11 4 20 0 35 39 8 53 14 46 90 85 72 0 58 43 7 97 88 91 92 31 47 26 60 58 82 16 61 18 2 67 44 98 90 74 0 97 84 99 35 99 57 84 98 90 20 44 100 102 34 69 53 25 9 45 57 7 4 14 29 24 72 32 47 21 65 77 71 54 39 38 56 43 3 77 100 51 12 5 12 32 29 65 52 71 95 76 83 54 91 17 62 34 80 43 63 89 37 7 31 102 33 47 81 37 71 69 61 29 73 82 0 84 44 101 25
run=16 seed=15 k=103 f=0
7 85 90 2 93 8 102 15 37 67 44 27 11 1 90 51 47 82 80 56 36 99 35 86 87 23 12 29 22 24 59 18 22 89 31 69 46 46 52 83 43 11 69 29 30 56 69 97 16 55 72 47 64 3 60 84 41 66 80 11 8 75 47 14 75 20 63 99 26 48 41 95 77 2 0 50 41 95 0 59 60 87 67 27 93 102 92 33 86 73 38 6 71 19 0 102 89 37 19 0 67 61 80 102 20 75 7 76 79 97 65 101 56 63 43 72 33 35 102 37
run=17 seed=16 k=103 f=0
48 96 76 35 14 97 4 36 58 36 70 17 90 79 81 19 25 71 36 50 12 46 60 77 42 86 69 72 17 87 52 55 17 3 59 72 1 26 63 56 41 41 79 32 78 36 49 4 49 41 96 28 101 4 49 84 49 67 0 31 9 4 30 94 89 21 39 89 91 4 64 83 32 24 16 100 12 57 60 29 64 73 77 102 21 6 0 12 75 6 43 43 98 22 53 55 1 91 61 63 94 62 62 78 98 11 93 70 51 35 35 8 43 26 98 82 57 14 25 100
run=18 seed=17 k=103 f=0
57 95 84 10 12 21 24 40 54 48 91 47 20 73 81 67 50 57 95 45 57 2 74 0 89 66 66 0 82 38 95 17 29 14 82 85 38 68 61 88 17 63 32 76 81 101 72 81 59 17 55 100 90 4 88 94 72 12 35 29 73 100 44 24 75 63 50 15 78 26 44 19 8 73 100 22 38 90 70 102 41 88 5 4 8 43 36 79 88 11 52 83 60 70 3 52 31 0 14 50 27 78 2 27 0 97 60 34 48 41 26 8 72 99 54 101 80 102 53 20
run=19 seed=18 k=103 f=0
0 37 19 101 93 52 12 70 78 87 42 71 6 22 39 78 95 81 68 19 91 57 88 13 3 43 29 26 43 60 50 25 100 63 79 6 44 90 5 83 68 32 99 27 42 20 50 4 0 53 92 53 25 16 0 39 40 32 82 19 102 93 56 9 56 13 3 53 73 5 16 58 62 51 72 88 97 44 53 22 49 100 63 47 64 91 87 85 69 59 65 33 54 35 102 77 2 12 78 73 6 28 102 79 96 73 94 93 50 14 10 30 23 77 65 1 33 20 60 87
run=20 seed=19 k=103 f=0
26 33 24 33 26 50 23 102 72 15 76 95 82 102 0 2 90 32 58 35 70 82 64 25 64 81 17 7 77 78 48 102 32 21 44 22 72 75 82 61 95 53 66 15 20 101 61 63 9 102 55 62 27 66 86 92 18 19 95 77 74 10 88 5 30 37 39 52 61 100 14 83 0 43 43 0 7 3 16 11 39 88 82 96 46 51 52 69 85 70 93 53 100 0 99 40 37 37 48 102 97 45 1 66 5 38 5 16 9 20 26 3 28 87 36 9 60 0 75 12
