run=1 seed=0 k=91 f=0
81 11 1 20 71 40 66 46 52 41 41 89 51 44 20 28 13 6 9 50 57 44 4 10 52 66 37 34 12 57 20 90 40 69 86 69 45 60 28 57 27 0 35 48 20 65 44 27 81 41 68 82 50 51 83 76 25 13 8 36 32 79 35 26 90 88 50 88 33 1 19 73 59 0 75 60 56 82 85 63 65 78 68 52 71 30 0 46 18 56 76 78 87 26 61 2 4 7 90 20 35 17 85 24 62 7 26 17 75 35 24 62 5 90 5 17 90 15 42 72
run=2 seed=1 k=91 f=0
81 11 1 20 71 40 66 46 52 41 41 89 51 44 20 28 13 6 9 50 57 44 4 10 52 66 37 34 12 57 20 90 40 69 86 69 45 60 28 57 27 0 35 48 20 65 44 27 81 41 68 82 50 51 83 76 25 13 8 36 32 79 35 26 90 88 50 88 33 1 19 73 59 0 75 60 56 82 85 63 65 78 68 52 71 30 0 46 18 56 76 78 87 26 61 2 4 7 90 20 35 17 85 24 62 7 26 17 75 35 24 62 5 90 5 17 90 15 42 72
run=3 seed=2 k=91 f=0
66 11 56 58 42 61 49 72 1 26 33 24 90 42 38 21 50 90 7 6 45 2 86 8 46 27 50 5 90 26 21 83 48 55 22 32 12 31 25 84 85 38 78 25 33 76 85 37 66 58 34 36 15 90 46 18 61 31 76 87 74 69 26 9 84 52 61 14 67 76 21 39 43 59 0 48 7 65 20 80 53 14 90 64 58 21 83 41 25 69 0 14 63 79 0 40 11 90 71 74 69 52 62 6 50 55 11 11 16 78 89 45 81 0 59 28 36 4 0 4
run=4 seed=3 k=91 f=0
67 5 38 83 13 80 48 16 3 43 90 45 43 20 60 74 31 62 67 77 15 62 71 56 54 83 66 90 31 46 42 28 1 25 90 80 6 9 72 37 78 9 35 54 46 82 62 21 0 39 0 82 9 21 88 65 78 51 68 1 90 20 74 76 41 44 24 37 54 23 69 59 24 21 17 47 72 90 23 70 39 0 90 0 34 11 56 34 0 3 29 59 85 78 9 82 51 73 36 0 52 30 60 64 5 16 76 53 73 70 45 85 34 15 90 85 48 50 60 89
run=5 seed=4 k=91 f=0
86 86 1 74 86 68 89 36 51 4 19 41 90 69 0 36 56 10 0 62 75 4 85 66 53 0 89 52 6 14 13 23 40 3 57 58 63 20 13 76 23 81 52 38 62 47 76 60 81 25 39 75 90 30 29 77 7 17 10 90 49 81 18 63 58 0 49 29 54 29 35 24 67 56 75 42 89 81 0 48 47 67 26 81 38 25 16 3 36 84 9 70 69 70 43 44 78 32 13 48 75 0 48 8 85 33 59 8 50 34 29 87 42 59 18 90 42 90 16 26
run=6 seed=5 k=91 f=0
90 67 2 78 38 56 16 41 24 27 45 52 74 76 22 22 69 30 29 78 0 40 86 90 48 0 68 6 90 21 49 8 0 3 68 85 39 23 72 66 85 34 50 73 66 29 56 89 7 16 59 54 90 15 65 32 2 11 90 57 25 34 79 39 82 6 82 7 53 0 75 20 35 46 56 23 44 33 69 8 73 83 16 89 17 59 46 52 34 10 83 59 36 71 89 34 4 79 26 82 55 0 36 62 6 50 43 49 11 22 26 60 67 41 80 62 82 12 46 62
run=7 seed=6 k=91 f=0
36 77 39 36 33 12 42 81 52 89 34 66 32 21 89 90 43 66 76 78 65 39 17 0 19 16 44 22 37 54 63 0 41 55 52 12 17 37 27 0 12 71 74 49 62 26 26 25 6 59 79 51 72 15 21 0 6 75 9 28 23 72 65 9 68 43 85 2 20 63 31 54 50 49 80 38 60 19 43 82 47 58 34 46 88 10 90 71 30 27 65 1 3 10 37 14 3 83 69 80 24 43 86 36 60 82 17 76 86 53 52 21 86 27 81 29 0 90 83 76
run=8 seed=7 k=91 f=0
86 76 35 88 78 26 90 90 4 32 79 52 82 50 66 29 9 30 65 27 68 45 32 63 73 79 80 24 4 53 40 82 18 39 58 12 1 48 32 74 70 74 63 80 40 59 15 34 28 0 32 35 45 90 4 12 32 35 60 61 60 89 71 16 20 54 22 48 37 18 23 43 90 90 70 2 42 26 88 38 7 22 86 84 16 46 36 0 66 87 9 54 55 9 1 10 14 67 43 69 14 81 23 18 43 50 57 46 8 63 0 83 63 44 18 52 53 75 43 74
run=9 seed=8 k=91 f=0
68 87 2 80 9 15 67 83 90 20 75 44 44 24 6 47 47 7 20 0 40 31 30 11 38 20 19 81 82 28 13 71 75 71 67 23 16 52 37 52 37 25 24 41 83 90 74 26 82 0 89 43 29 78 33 76 51 25 83 75 54 12 81 80 11 6 27 26 10 45 14 33 72 0 65 16 66 55 65 22 3 90 46 43 49 35 38 72 18 57 63 90 86 88 54 59 52 61 52 88 42 3 4 9 29 39 52 34 4 75 19 67 58 62 63 58 90 1 35 34
run=10 seed=9 k=91 f=0
26 66 0 51 81 45 32 12 90 88 69 86 44 75 53 49 63 15 17 5 28 90 25 73 71 90 90 2 20 10 12 10 14 61 7 77 61 70 49 79 0 22 29 90 63 8 44 75 48 0 65 42 72 55 5 83 90 70 84 41 56 22 18 51 0 32 69 12 61 19 43 16 19 21 35 46 20 58 15 0 1 35 66 86 41 33 9 27 14 25 88 78 65 52 31 21 32 39 59 57 28 3 55 28 33 37 60 59 39 42 52 68 8 80 81 75 80 39 67 86
run=11 seed=10 k=91 f=0
64 74 27 8 38 40 52 85 47 6 72 11 32 42 90 57 8 35 48 81 25 35 9 72 75 20 90 26 1 28 32 68 77 65 73 47 85 50 11 0 13 31 24 0 31 59 42 89 38 0 51 70 52 0 90 60 23 44 17 0 61 88 30 81 30 22 10 13 52 81 14 33 89 23 71 58 32 1 63 40 78 9 12 5 2 11 29 63 82 58 52 38 60 51 66 57 75 68 3 70 63 21 66 79 46 15 89 5 20 86 90 66 79 37 40 42 44 76 87 16
run=12 seed=11 k=91 f=0
26 15 79 5 77 32 23 81 42 69 13 57 31 38 46 21 17 29 13 80 32 52 87 41 49 74 62 76 15 28 86 0 1 37 54 71 85 1 90 39 0 7 20 11 29 19 88 24 65 90 77 1 35 36 86 65 27 71 24 40 24 78 56 67 27 76 54 8 90 52 60 3 81 53 52 17 58 83 56 75 60 46 49 9 40 90 0 15 76 6 10 47 63 16 64 74 49 47 46 40 67 32 25 9 2 59 29 3 70 59 65 70 88 90 89 73 43 55 84 70
run=13 seed=12 k=91 f=0
36 4 34 87 78 44 69 87 10 62 77 70 9 39 72 10 56 84 87 41 89 36 32 79 40 73 61 83 10 36 81 74 50 37 50 58 15 77 29 2 15 82 0 67 54 31 48 90 21 32 1 59 0 59 52 61 38 65 67 21 49 0 22 25 70 34 90 69 54 9 66 53 80 90 15 7 6 27 32 1 45 18 54 9 12 20 90 46 43 6 41 59 59 8 80 46 30 39 5 20 68 86 49 9 4 25 3 0 54 65 24 56 71 72 30 0 42 17 27 21
run=14 seed=13 k=91 f=0
73 25 28 14 86 65 19 20 35 55 8 63 69 32 89 52 38 24 26 21 14 5 49 33 2 66 78 64 68 24 45 90 57 13 71 34 47 84 51 30 89 0 41 58 37 21 70 2 74 9 53 59 29 18 71 46 34 80 83 81 45 70 22 50 61 76 38 45 30 70 59 38 0 6 89 51 39 47 57 1 76 64 28 31 70 40 18 62 8 3 14 90 27 89 60 77 8 86 46 19 57 13 22 53 36 1 87 54 40 58 48 81 11 0 29 41 80 0 9 15
run=15 seed=14 k=91 f=0
30 4 10 66 4 84 90 66 29 39 73 64 71 1 18 25 48 81 38 37 18 33 77 10 0 29 31 66 28 20 21 90 51 50 87 50 46 73 79 78 88 0 25 31 14 58 50 76 83 57 76 48 0 78 61 8 20 2 82 43 41 71 15 6 43 56 20 33 45 0 67 16 22 24 15 52 1 82 63 28 59 69 22 35 27 90 75 48 5 38 38 90 61 8 52 12 12 34 80 45 47 90 61 9 5 86 77 48 57 70 54 72 39 40 82 10 90 0 31 84
run=16 seed=15 k=91 f=0
59 82 64 18 86 74 18 82 63 76 42 66 33 29 23 20 33 56 42 60 31 45 78 57 70 69 36 14 55 89 87 90 51 27 18 73 36 48 55 81 50 37 18 89 81 18 45 42 58 49 0 47 78 27 39 13 57 90 23 56 21 33 7 83 34 22 89 89 52 45 63 45 40 71 0 46 34 80 84 2 64 12 55 6 69 42 90 26 63 24 9 90 61 25 48 75 63 28 32 6 71 12 17 6 14 3 0 90 7 43 0 50 0 73 0 77 12 67 3 76
run=17 seed=16 k=91 f=0
53 85 53 52 36 1 43 55 50 6 36 28 47 20 8 52 11 58 61 27 59 72 20 16 15 34 41 41 90 90 48 32 89 30 28 8 12 15 85 76 28 68 39 68 79 38 90 38 80 43 79 76 90 86 89 62 76 0 49 66 18 1 84 4 46 75 64 31 80 33 65 86 0 22 73 55 19 73 16 81 12 22 90 79 90 57 52 64 54 83 31 9 71 23 89 22 57 70 1 45 46 47 2 60 64 67 9 11 23 66 0 34 28 7 40 41 25 71 3 39
run=18 seed=17 k=91 f=0
44 28 33 24 30 76 17 41 27 65 46 7 40 20 81 89 83 29 53 0 18 50 29 77 71 64 15 22 11 6 4 74 49 71 77 68 27 0 6 72 59 24 60 42 25 86 71 59 33 75 45 55 24 61 89 34 86 62 56 60 57 37 51 18 15 18 30 6 82 52 38 53 90 20 46 69 67 32 90 90 3 43 9 80 65 2 1 66 2 54 12 32 57 87 16 23 29 42 37 25 19 79 71 15 75 34 80 2 38 39 9 69 87 89 47 34 9 50 12 90
run=19 seed=18 k=91 f=0
14 50 65 35 61 81 88 75 13 0 48 84 61 71 47 81 7 71 13 58 73 62 40 25 39 16 75 71 19 58 53 44 89 42 41 12 7 51 5 27 30 66 11 57 31 54 21 22 73 56 9 57 90 1 1 36 78 40 27 19 40 4 29 85 88 66 48 50 9 1 78 65 0 0 29 50 46 67 82 12 55 90 90 22 38 79 65 49 28 37 19 68 5 90 74 32 43 33 7 29 25 45 62 23 15 83 8 54 16 80 0 42 3 90 59 19 47 60 33 0
run=20 seed=19 k=91 f=0
16 12 76 57 53 78 78 90 85 41 46 74 77 1 90 70 70 30 23 89 35 85 8 35 13 79 78 25 72 87 14 49 67 39 0 58 34 66 21 0 62 41 48 3 40 85 15 11 17 0 41 8 53 31 16 27 73 45 25 31 45 1 62 86 32 52 66 89 77 68 22 8 90 22 9 10 90 50 0 18 5 61 70 74 55 58 36 0 23 42 11 82 32 67 57 5 32 65 45 34 90 50 89 28 12 54 86 19 23 23 67 73 43 9 80 17 61 57 83 57
