run=1 seed=0 k=105 f=0
5 20 90 104 8 84 31 40 99 94 27 85 20 4 47 58 45 38 70 11 101 7 41 9 1 25 47 55 22 0 100 43 87 31 59 38 26 58 15 37 17 18 95 50 104 52 43 37 67 10 38 93 95 50 67 26 32 97 35 30 59 90 22 18 89 5 61 39 66 77 51 45 76 77 87 104 74 93 93 35 25 1 55 80 56 59 104 27 49 55 69 72 104 63 49 2 81 3 39 14 98 101 62 32 45 81 77 62 87 73 85 71 46 68 78 76 0 104 88 13
run=2 seed=1 k=105 f=0
5 20 90 104 8 84 31 40 99 94 27 85 20 4 47 58 45 38 70 11 101 7 41 9 1 25 47 55 22 0 100 43 87 31 59 38 26 58 15 37 17 18 95 50 104 52 43 37 67 10 38 93 95 50 67 26 32 97 35 30 59 90 22 18 89 5 61 39 66 77 51 45 76 77 87 104 74 93 93 35 25 1 55 80 56 59 104 27 49 55 69 72 104 63 49 2 81 3 39 14 98 101 62 32 45 81 77 62 87 73 85 71 46 68 78 76 0 104 88 13
run=3 seed=2 k=105 f=0
41 57 53 80 88 90 69 23 40 75 19 73 7 98 47 104 69 3 75 98 13 2 14 95 67 104 0 20 74 47 13 22 62 52 101 98 11 102 94 88 20 63 84 41 37 80 21 99 0 10 89 25 52 0 18 68 11 103 54 79 87 89 14 60 1 54 80 98 71 66 32 56 19 69 94 48 9 38 6 54 94 82 26 72 28 16 40 27 47 27 32 64 75 5 28 44 34 27 16 75 58 46 58 62 79 96 3 2 104 45 89 61 81 9 16 41 78 10 33 86
run=4 seed=3 k=105 f=0
74 40 95 0 76 70 57 18 1 85 0 90 78 55 68 81 61 43 15 31 17 27 13 49 104 93 80 47 26 58 19 6 59 57 60 59 25 35 103 0 43 23 26 77 58 53 66 104 46 83 68 49 36 90 0 52 51 41 76 22 2 46 61 104 82 30 13 2 56 12 74 63 100 95 13 11 42 21 64 104 35 102 93 66 96 11 22 30 34 30 87 11 28 11 68 48 88 9 3 6 0 33 3 68 40 103 0 22 37 76 87 74 81 97 95 44 52 91 69 102
run=5 seed=4 k=105 f=0
72 42 34 65 41 37 0 43 30 54 92 104 79 29 61 36 39 88 50 65 7 98 75 32 26 74 81 22 60 101 7 22 49 25 92 89 65 81 7 42 0 45 96 5 15 56 57 45 95 10 42 104 27 2 14 72 31 10 104 0 19 59 18 46 102 63 42 74 55 6 33 17 81 24 0 10 53 73 0 0 68 77 92 67 38 95 60 52 23 54 104 75 35 93 103 51 69 3 15 22 101 32 91 48 16 0 96 79 93 16 28 51 1 21 45 87 102 59 61 80
run=6 seed=5 k=105 f=0
85 74 69 96 32 81 80 70 93 75 95 29 90 35 13 26 50 2 92 104 87 60 39 78 32 59 88 33 2 7 93 51 4 104 23 95 98 9 85 60 55 0 64 27 13 19 1 38 104 68 17 15 38 83 91 49 74 71 79 81 18 68 76 75 16 3 103 48 8 33 44 6 9 50 30 46 98 103 26 45 41 99 12 24 36 37 86 62 52 21 28 0 63 40 59 52 67 79 41 56 65 54 77 0 45 46 10 66 71 12 67 103 21 43 101 17 98 33 58 84
run=7 seed=6 k=105 f=0
37 97 7 71 8 0 46 20 11 28 16 26 32 68 21 53 73 26 97 34 10 30 40 53 14 42 30 13 86 21 10 43 62 99 36 71 104 59 6 86 39 58 37 72 87 8 29 88 58 103 99 7 83 81 10 104 27 71 24 63 7 101 47 51 30 54 99 72 76 0 89 78 17 44 0 2 44 12 84 75 18 104 78 77 51 99 33 89 75 96 0 69 82 45 23 45 79 93 88 17 48 2 53 49 95 54 61 31 44 20 0 61 68 61 34 91 64 85 70 34
run=8 seed=7 k=105 f=0
72 25 58 1 44 23 40 67 60 28 5 15 76 8 104 32 56 26 68 30 104 8 3 14 44 90 104 97 52 95 98 16 45 85 36 97 33 5 58 58 62 0 94 76 23 93 86 103 7 74 43 86 21 92 104 53 10 2 39 102 83 88 69 39 12 0 96 13 71 26 0 81 43 67 65 64 46 36 21 60 57 82 9 19 88 22 32 81 61 47 86 77 32 53 76 48 29 51 48 67 103 64 78 103 96 17 28 33 56 1 62 97 89 70 0 48 13 31 26 20
run=9 seed=8 k=105 f=0
81 50 38 0 36 13 67 75 59 18 25 26 54 17 45 104 44 32 75 38 0 88 87 68 70 53 104 104 2 33 28 44 36 101 68 19 74 50 1 12 50 81 8 3 96 101 88 67 60 1 41 46 14 23 64 22 101 65 53 33 103 79 49 85 33 38 82 1 96 59 94 39 36 0 23 5 55 7 104 79 14 62 85 40 9 94 68 16 32 98 21 59 3 48 11 16 79 91 17 74 50 6 90 82 85 90 25 6 89 7 69 82 95 24 60 31 76 90 90 58
run=10 seed=9 k=105 f=0
73 63 85 37 65 88 5 94 66 81 1 14 103 89 22 18 104 45 31 43 27 95 91 15 11 60 59 53 79 79 7 69 83 26 16 54 89 72 36 29 27 36 17 63 39 56 18 78 47 70 0 64 20 91 82 2 45 66 60 102 39 77 53 34 8 100 73 87 104 104 10 0 29 8 0 24 23 70 74 0 7 81 12 101 13 49 87 88 30 76 36 66 58 58 67 49 66 99 16 51 74 23 39 79 22 15 47 31 47 52 88 74 42 96 49 52 95 57 0 24
run=11 seed=10 k=105 f=0
67 34 68 35 8 62 5 55 47 47 1 1 94 33 74 50 54 25 83 48 103 90 10 71 7 9 27 85 55 51 99 22 57 87 35 12 18 46 7 104 81 63 100 52 16 46 16 85 39 104 8 82 68 99 15 23 90 33 80 62 47 100 58 37 78 98 29 71 9 15 62 75 78 87 0 16 30 2 96 81 0 43 39 71 30 23 19 101 61 84 8 40 37 92 42 21 90 59 97 77 27 84 44 27 67 2 48 72 86 75 57 34 5 64 32 72 93 31 54 19
run=12 seed=11 k=105 f=0
40 76 57 30 76 21 103 12 74 88 0 104 77 74 86 34 59 42 89 48 6 86 67 50 95 50 98 104 1 68 24 62 1 5 58 56 48 85 44 57 87 13 54 103 11 65 33 7 40 95 40 67 72 1 73 94 31 22 28 44 9 72 17 14 63 48 84 58 96 81 66 78 18 93 80 84 38 59 57 41 52 104 82 25 80 10 0 4 10 89 34 104 98 28 104 92 54 85 21 29 43 4 12 27 17 14 44 104 11 104 38 58 64 20 19 71 33 34 22 96
run=13 seed=12 k=105 f=0
90 32 83 95 58 11 6 75 103 56 29 24 0 74 104 78 29 46 6 89 58 44 30 51 1 95 104 71 100 17 50 26 61 0 32 101 38 99 93 7 67 11 86 18 100 55 74 84 62 77 57 23 86 84 33 40 75 29 19 92 54 49 76 59 45 69 59 40 2 6 7 82 15 98 68 66 26 42 51 72 37 94 96 23 80 86 39 33 44 11 21 63 38 31 65 14 91 47 86 51 19 69 4 0 38 47 28 47 26 20 71 20 60 79 19 103 104 54 46 40
run=14 seed=13 k=105 f=0
90 16 84 16 38 61 65 30 42 53 61 10 7 23 55 43 95 28 85 5 83 67 64 85 18 0 60 21 96 94 44 92 30 99 95 3 1 21 55 37 72 12 80 75 6 97 19 99 21 103 1 56 50 104 37 5 77 79 39 96 59 58 52 88 10 16 44 73 30 77 73 26 32 16 9 45 91 23 50 37 54 0 69 46 75 104 41 45 26 56 67 91 95 81 104 0 83 69 80 51 27 47 31 86 17 12 104 87 67 16 103 65 26 104 35 21 66 69 64 6
run=15 seed=14 k=105 f=0
42 48 99 102 13 32 3 26 60 0 46 92 31 85 58 64 39 91 0 29 2 25 39 3 10 7 55 101 39 78 28 97 20 82 91 12 77 62 90 65 66 8 42 11 90 104 33 48 71 63 9 102 54 22 1 70 44 11 38 82 99 103 13 25 36 4 52 49 69 18 33 18 0 84 16 62 19 37 15 66 32 85 94 104 79 96 85 26 24 48 49 8 76 57 74 73 0 44 73 56 102 30 94 23 99 88 91 104 93 103 60 78 84 46 38 52 77 53 75 70
run=16 seed=15 k=105 f=0
0 85 104 95 50 66 79 72 58 58 32 68 104 0 27 0 58 97 77 86 38 29 18 24 104 49 103 81 55 3 94 69 87 104 94 98 41 36 82 98 72 56 88 16 45 78 31 39 2 40 42 88 103 32 9 49 18 59 22 35 22 93 0 0 4 96 44 67 48 32 64 18 13 8 30 81 81 14 0 45 89 7 11 45 75 36 74 55 25 68 69 95 54 26 6 56 28 33 37 56 63 54 19 90 67 47 96 77 86 7 13 32 25 64 83 101 82 19 42 35
run=17 seed=16 k=105 f=0
86 79 9 65 35 68 37 83 75 48 13 50 102 90 93 52 56 15 59 3 104 7 21 29 83 47 104 37 101 75 12 43 70 50 46 32 75 59 39 26 83 75 77 44 12 34 91 53 9 97 55 47 20 0 102 0 10 1 36 2 40 27 104 4 30 97 61 101 27 96 64 15 0 59 28 54 80 49 97 13 93 66 36 92 60 41 72 20 28 36 81 70 6 57 73 22 31 104 91 27 102 67 1 89 47 64 69 23 5 65 87 63 14 40 40 18 83 9 84 24
run=18 seed=17 k=105 f=0
22 36 44 2 64 0 40 6 98 13 32 30 29 3 12 83 93 57 100 63 8 74 93 83 54 41 10 82 89 64 27 0 1 89 91 95 67 27 104 36 98 70 69 81 37 55 26 42 9 104 56 49 0 22 47 34 48 91 51 45 62 63 52 5 58 11 60 104 104 75 14 99 52 104 32 14 50 21 84 96 30 58 91 98 93 43 85 49 82 65 77 77 58 2 95 40 81 18 18 100 8 79 17 73 1 51 70 64 103 49 21 85 76 36 19 40 22 18 79 104
run=19 seed=18 k=105 f=0
71 84 25 22 1 18 27 7 3 62 1 41 37 91 82 8 79 86 104 11 18 101 26 94 26 70 104 95 101 69 53 44 46 104 75 75 78 32 60 10 39 97 13 62 77 18 56 68 89 19 61 1 104 35 2 95 66 101 63 16 0 58 76 55 46 54 80 68 29 0 64 52 49 1 38 6 103 29 73 7 90 56 39 24 38 56 9 49 49 46 65 96 16 104 49 80 74 27 98 8 15 97 28 58 88 31 34 25 82 4 50 13 83 9 35 80 95 70 22 17
run=20 seed=19 k=105 f=0
55 38 60 82 38 61 41 28 77 34 23 69 73 36 97 72 78 92 90 58 88 26 53 0 42 1 61 88 65 21 89 51 82 20 102 62 11 37 92 63 73 95 101 46 104 102 1 52 96 10 96 57 57 81 6 87 64 26 67 16 104 57 36 29 0 11 73 28 33 35 72 78 21 90 49 73 70 53 5 64 0 20 30 56 77 34 86 12 32 41 18 44 42 93 66 83 26 42 4 80 29 1 16 33 14 4 51 1 68 101 103 17 97 43 84 42 65 67 11 8
