run=1 seed=0 k=117 f=0
71 61 63 33 14 31 64 3 105 59 86 93 101 68 77 42 84 97 81 12 98 8 42 108 1 44 80 94 7 9 113 89 27 48 5 26 10 70 22 63 38 63 58 38 95 87 5 65 56 17 92 51 65 36 116 85 50 36 46 68 114 54 23 24 93 17 107 14 78 0 90 22 0 51 8 94 74 22 27 85 106 116 4 80 56 3 33 65 35 52 114 33 17 85 33 109 16 79 84 92 27 46 29 101 67 108 88 47 58 75 1 38 114 101 111 20 107 13 72 101
run=2 seed=1 k=117 f=0
71 61 63 33 14 31 64 3 105 59 86 93 101 68 77 42 84 97 81 12 98 8 42 108 1 44 80 94 7 9 113 89 27 48 5 26 10 70 22 63 38 63 58 38 95 87 5 65 56 17 92 51 65 36 116 85 50 36 46 68 114 54 23 24 93 17 107 14 78 0 90 22 0 51 8 94 74 22 27 85 106 116 4 80 56 3 33 65 35 52 114 33 17 85 33 109 16 79 84 92 27 46 29 101 67 108 88 47 58 75 1 38 114 101 111 20 107 13 72 101
run=3 seed=2 k=117 f=0
69 52 71 26 80 57 5 42 97 39 90 59 27 77 116 116 112 0 96 23 99 5 19 53 73 55 61 80 10 36 3 87 88 26 113 70 50 78 53 33 116 0 116 14 1 95 78 21 102 46 44 39 37 60 90 110 104 15 65 82 94 47 43 99 19 66 63 31 12 71 62 0 29 41 9 30 49 82 80 10 20 74 90 36 56 64 18 91 95 83 104 72 0 17 59 104 31 76 31 29 13 10 22 86 32 58 54 32 98 64 111 85 0 16 109 48 73 6 40 101
run=4 seed=3 k=117 f=0
89 111 9 42 6 0 57 23 82 5 31 4 81 37 25 22 51 44 114 96 45 0 4 1 38 0 50 39 46 85 113 13 51 116 44 76 110 94 60 32 92 108 7 86 30 45 39 72 116 92 64 93 71 70 73 37 60 98 74 107 101 70 64 30 86 55 103 14 88 16 84 53 35 17 108 0 105 115 20 93 101 35 8 54 115 68 59 103 67 65 7 39 104 79 50 15 8 25 30 19 87 62 28 12 5 13 31 99 33 79 65 17 115 73 93 53 18 103 26 98
run=5 seed=4 k=117 f=0
58 106 10 53 34 103 42 29 113 74 53 52 11 50 49 114 55 75 89 12 91 57 33 63 0 6 72 28 21 82 84 17 76 96 70 12 44 87 109 0 14 5 21 112 27 103 86 58 92 100 113 107 25 55 39 77 24 34 111 69 70 93 90 48 46 44 60 11 30 102 32 87 40 22 109 81 70 3 22 27 76 46 3 115 102 94 81 38 82 67 111 73 68 116 61 61 0 114 72 25 107 30 104 62 84 99 27 34 24 37 39 84 14 92 39 64 15 0 96 92
run=6 seed=5 k=117 f=0
53 5 48 81 5 24 112 56 33 81 60 109 12 21 21 26 103 79 83 44 37 88 72 48 17 89 109 108 76 19 83 57 33 19 21 71 15 108 78 42 12 75 41 72 99 26 9 91 65 36 90 99 18 42 30 116 31 103 14 44 27 64 102 0 4 81 55 55 0 6 58 91 96 5 9 52 16 58 96 92 116 66 62 100 28 112 45 99 6 62 76 115 45 9 35 49 3 79 62 98 108 0 42 53 107 97 35 5 27 71 81 16 49 37 75 103 115 69 91 108
run=7 seed=6 k=117 f=0
18 4 115 113 0 95 64 82 73 63 0 52 33 30 50 85 38 110 21 41 72 14 79 46 107 24 105 100 5 6 68 47 2 90 43 27 9 4 12 83 77 6 100 21 10 23 36 1 17 75 39 20 0 108 71 50 77 95 22 116 65 77 87 31 108 15 54 1 103 66 83 69 92 56 58 68 68 17 62 75 38 56 32 18 80 110 46 89 97 96 64 51 90 89 54 36 14 107 76 78 63 43 112 116 97 27 74 40 53 51 115 6 59 25 31 92 8 26 31 85
run=8 seed=7 k=117 f=0
90 54 32 103 74 87 11 107 78 43 77 64 31 111 98 24 82 56 55 18 71 96 36 10 7 48 51 81 73 113 36 48 50 80 33 41 36 27 52 115 18 1 113 76 35 107 114 67 99 21 85 95 0 103 43 0 66 75 107 107 12 81 36 5 12 58 0 60 59 41 90 17 116 43 107 23 7 94 8 57 15 39 44 35 32 67 73 1 28 15 22 1 109 70 97 100 7 87 42 101 116 49 58 30 92 3 40 114 60 94 116 5 17 30 116 83 65 69 94 23
run=9 seed=8 k=117 f=0
116 54 0 87 90 24 75 98 115 108 31 30 112 5 87 3 51 43 52 18 65 85 48 73 64 62 20 98 64 108 14 12 35 76 16 43 40 65 85 10 115 74 29 37 74 105 61 85 86 73 37 84 22 115 56 13 60 52 57 18 14 103 31 84 51 48 43 86 48 11 91 92 0 2 116 7 109 97 1 15 23 38 97 110 113 25 36 44 53 103 63 41 78 55 115 11 71 113 104 71 68 78 28 98 70 69 89 62 1 79 96 20 0 55 37 103 7 3 83 112
run=10 seed=9 k=117 f=0
65 5 88 85 116 47 98 61 101 22 16 25 11 49 82 30 64 108 64 44 92 40 40 93 36 17 107 55 103 16 33 100 72 12 55 62 107 82 22 33 98 36 95 100 4 49 18 66 94 55 6 16 116 46 68 33 89 18 84 111 34 56 81 1 105 19 56 96 113 25 87 77 73 2 26 72 75 34 28 115 77 21 89 50 58 102 102 66 3 9 60 37 26 88 73 75 21 9 46 6 11 0 89 82 4 97 35 11 50 77 68 91 56 75 13 0 43 114 107 115
run=11 seed=10 k=117 f=0
28 83 26 43 77 85 32 78 96 5 94 66 72 63 11 47 16 79 107 103 113 99 17 85 34 99 97 64 103 66 74 0 114 47 46 32 108 58 65 89 49 15 29 5 66 37 58 107 0 51 11 78 90 7 20 115 100 4 62 21 73 79 10 67 107 26 110 115 71 111 105 51 9 79 113 116 17 56 29 107 92 36 72 89 45 20 60 27 43 33 46 9 32 13 97 37 39 116 19 98 29 42 83 26 84 99 90 63 78 5 21 4 44 0 58 54 42 1 84 53
run=12 seed=11 k=117 f=0
86 73 33 44 101 116 101 88 104 56 2 101 29 104 62 16 61 82 64 74 33 85 1 21 104 107 67 76 1 76 41 93 53 58 71 112 93 22 79 19 97 10 67 108 114 4 18 30 80 7 28 112 31 29 43 74 112 107 65 46 45 69 5 0 36 16 51 84 53 13 15 63 23 45 116 88 38 37 98 116 77 44 91 96 116 99 91 90 10 99 81 28 15 28 1 110 85 55 36 62 55 11 11 68 45 114 77 83 109 20 20 58 46 55 37 105 52 11 0 67
run=13 seed=12 k=117 f=0
46 41 97 46 82 6 80 0 22 75 25 53 79 45 30 74 116 56 27 40 13 105 72 116 114 48 28 115 15 71 22 64 101 18 92 87 110 78 59 59 54 32 104 109 91 7 11 87 100 10 80 71 74 47 89 71 6 23 3 21 62 4 1 68 11 36 26 49 79 59 95 67 27 92 1 103 46 14 109 108 98 20 100 35 70 66 108 37 2 40 0 84 49 12 37 45 63 37 98 29 110 79 96 18 94 87 105 63 94 31 53 82 54 107 102 116 82 114 57 88
run=14 seed=13 k=117 f=0
115 20 99 96 88 113 23 107 49 26 16 45 37 81 55 48 87 22 6 102 29 87 43 107 70 54 116 103 113 55 25 107 75 68 54 36 1 92 0 12 1 35 9 51 113 62 76 66 71 63 15 92 16 75 59 76 99 30 60 96 94 15 19 41 82 97 66 60 80 81 2 80 113 20 77 116 15 68 7 27 67 13 2 100 93 98 28 8 101 116 46 24 66 108 1 114 60 102 44 26 21 54 95 7 72 86 29 36 31 35 51 92 86 44 32 0 106 34 44 6
run=15 seed=14 k=117 f=0
92 59 113 81 18 44 59 57 96 3 45 7 53 93 20 1 97 63 77 16 116 91 114 15 22 88 106 76 32 115 66 48 97 95 5 68 35 31 0 44 39 84 51 22 33 63 63 3 51 33 21 0 79 103 81 107 112 110 55 73 42 43 58 72 23 64 79 10 98 90 103 100 24 27 13 41 91 71 33 39 12 26 12 7 3 86 0 0 17 45 7 69 61 65 52 87 75 16 100 100 93 87 4 116 106 13 25 82 30 57 78 33 73 60 106 71 110 116 63 103
run=16 seed=15 k=117 f=0
101 33 111 103 78 0 78 75 113 56 88 42 78 32 64 70 15 56 62 18 2 112 54 69 39 68 10 12 70 21 61 44 25 101 69 56 91 83 6 36 111 26 111 72 26 72 22 103 98 77 39 103 86 93 47 66 0 3 66 103 22 51 51 38 37 88 89 1 100 50 9 82 107 116 29 56 53 60 116 33 10 35 8 92 50 52 116 95 45 104 43 58 92 31 87 26 78 62 12 34 17 8 46 50 107 111 64 41 31 93 76 31 79 87 116 83 2 15 109 84
run=17 seed=16 k=117 f=0
24 4 96 22 109 25 64 116 51 33 64 34 110 88 54 84 0 9 15 111 43 116 84 3 92 49 58 97 47 12 76 61 40 45 8 67 58 1 85 5 30 25 55 35 7 94 46 107 26 40 96 36 61 48 92 69 81 74 52 74 18 20 62 82 105 88 15 113 33 114 107 105 78 83 115 116 78 45 90 31 95 2 6 28 15 16 98 103 97 23 66 97 9 0 58 37 17 112 22 61 72 12 7 88 0 87 0 38 39 103 73 76 97 80 42 104 71 16 39 111
run=18 seed=17 k=117 f=0
106 26 53 8 67 27 87 79 62 38 106 102 86 110 24 113 44 31 58 60 34 11 51 32 19 105 44 13 70 53 36 51 114 102 46 61 49 61 94 0 3 71 51 107 105 61 0 113 112 68 78 1 85 15 0 88 36 95 98 43 37 4 12 11 22 18 15 94 21 99 18 30 53 74 77 27 70 18 46 64 91 80 101 111 115 7 4 107 103 115 42 7 99 60 33 72 60 22 45 81 99 72 51 13 29 66 76 37 88 25 86 52 3 116 85 1 96 39 109 92
run=19 seed=18 k=117 f=0
9 104 91 21 94 75 102 7 61 48 84 16 89 96 100 56 32 72 103 61 39 25 14 103 21 59 49 107 33 73 115 116 38 65 70 66 26 16 35 82 12 78 87 51 2 46 8 12 99 79 85 21 110 23 100 116 59 65 97 84 52 94 49 39 55 96 50 71 3 94 0 1 43 113 93 107 33 60 52 13 47 11 24 28 31 21 10 31 67 4 53 115 70 58 11 77 68 72 59 108 83 116 104 87 70 32 111 85 110 47 18 40 1 0 38 89 21 46 35 77
run=20 seed=19 k=117 f=0
47 14 52 40 103 34 62 75 2 13 86 113 28 57 76 33 116 64 1 103 43 68 68 1 85 17 30 110 38 74 76 81 87 11 9 50 3 0 58 36 85 49 29 102 95 97 7 77 81 8 94 24 70 39 86 67 69 68 74 8 106 22 41 46 45 53 103 67 19 101 76 90 27 17 55 98 21 62 64 96 60 90 96 38 4 115 90 51 112 35 9 113 60 31 50 93 105 58 43 42 20 75 48 43 25 22 33 11 21 0 55 83 112 10 41 110 98 20 29 90
