run=1 seed=0 k=110 f=0
89 76 17 107 18 15 66 72 95 1 48 7 38 69 73 27 4 77 2 73 18 88 27 99 92 50 91 102 47 54 35 64 94 54 29 56 77 96 63 32 61 43 45 6 43 47 48 64 96 63 0 92 72 98 67 0 70 108 94 51 32 15 4 37 6 83 76 79 103 67 101 61 42 18 90 54 72 24 25 10 36 78 26 22 58 64 13 82 14 28 3 31 86 38 7 81 16 86 104 106 85 104 100 24 39 51 37 104 7 83 0 56 48 40 70 8 108 109 109 9
run=2 seed=1 k=110 f=0
89 76 17 107 18 15 66 72 95 1 48 7 38 69 73 27 4 77 2 73 18 88 27 99 92 50 91 102 47 54 35 64 94 54 29 56 77 96 63 32 61 43 45 6 43 47 48 64 96 63 0 92 72 98 67 0 70 108 94 51 32 15 4 37 6 83 76 79 103 67 101 61 42 18 90 54 72 24 25 10 36 78 26 22 58 64 13 82 14 28 3 31 86 38 7 81 16 86 104 106 85 104 100 24 39 51 37 104 7 83 0 56 48 40 70 8 108 109 109 9
run=3 seed=2 k=110 f=0
93 19 28 5 18 38 94 55 96 27 72 28 29 53 87 13 23 67 36 56 80 68 36 15 42 91 70 80 76 33 0 106 7 76 29 95 1 27 33 50 105 8 0 46 78 74 101 24 64 35 84 85 100 86 96 64 95 103 34 87 3 23 43 8 83 86 107 108 46 24 85 37 77 22 49 40 12 90 15 80 53 62 109 104 92 38 109 49 37 81 57 63 45 100 6 41 95 44 9 57 1 58 31 11 100 69 8 7 99 42 2 77 51 60 65 23 58 15 76 62
run=4 seed=3 k=110 f=0
66 93 18 23 7 50 2 103 0 44 97 22 98 0 10 12 13 101 57 5 82 62 108 78 52 46 67 21 63 58 104 100 36 39 46 70 105 94 85 74 7 88 72 67 20 16 11 32 84 4 40 73 64 77 0 61 16 45 72 108 37 31 71 59 17 10 23 82 50 13 19 58 109 26 78 61 42 91 14 48 0 34 97 10 41 0 28 32 101 34 61 65 83 1 98 54 75 51 56 105 66 8 21 98 33 88 93 19 1 54 106 94 87 99 73 23 90 27 109 81
run=5 seed=4 k=110 f=0
84 19 101 46 68 67 65 86 48 105 45 44 90 90 66 42 98 49 98 99 9 103 78 106 3 2 86 2 0 0 80 30 24 101 79 70 109 11 33 32 71 18 25 43 17 61 52 108 9 62 97 9 38 107 58 18 7 73 84 56 28 26 85 84 53 92 29 79 67 66 92 20 80 14 16 41 3 78 25 6 74 59 57 41 1 50 107 35 106 32 41 72 100 38 88 109 109 89 55 29 25 99 47 54 14 54 76 38 23 23 36 10 77 58 66 50 73 0 91 60
run=6 seed=5 k=110 f=0
55 86 100 72 0 74 43 19 53 28 15 43 87 108 26 25 1 95 93 66 100 57 59 0 11 31 92 101 22 47 46 77 44 9 58 36 22 0 62 13 67 84 83 65 85 3 30 17 109 63 83 71 81 33 108 93 106 33 29 2 17 63 26 56 103 105 8 53 0 100 25 74 8 103 72 97 85 38 43 109 7 18 34 46 92 63 101 19 88 87 78 37 10 36 43 75 35 90 61 24 45 98 98 54 6 92 76 44 62 12 109 98 4 7 106 50 40 29 70 60
run=7 seed=6 k=110 f=0
63 98 42 79 108 45 46 35 102 44 39 68 95 19 48 86 100 14 53 99 15 78 0 109 93 25 101 18 53 4 5 7 10 28 97 22 98 6 106 89 45 90 64 32 20 36 49 63 109 43 35 72 52 76 96 16 18 0 53 28 61 108 38 107 56 25 59 71 71 55 35 8 90 22 78 27 109 15 109 40 102 43 2 86 1 76 8 28 5 70 57 47 66 84 36 20 94 82 13 55 1 48 61 16 81 29 81 53 89 86 62 81 92 69 59 34 0 73 65 109
run=8 seed=7 k=110 f=0
40 42 55 81 45 12 6 72 20 49 95 48 95 75 15 80 23 89 30 31 23 92 88 24 43 14 51 62 47 90 92 0 33 106 3 11 4 96 43 79 106 75 79 32 88 27 100 83 34 56 3 97 0 109 52 65 37 88 9 34 108 54 74 7 88 47 106 5 85 62 29 71 85 57 45 51 109 9 40 1 101 16 56 37 67 69 72 36 87 64 47 60 107 108 97 14 59 63 23 75 63 19 39 95 109 22 35 93 98 82 48 58 38 17 65 58 101 22 94 9
run=9 seed=8 k=110 f=0
6 104 82 99 0 42 12 61 97 33 23 39 48 34 65 44 70 38 35 77 64 8 107 62 0 47 44 92 65 23 13 72 24 16 61 94 86 52 46 100 55 4 77 65 87 70 69 0 10 19 85 26 99 82 101 109 92 15 99 13 54 108 36 8 89 83 37 98 88 74 84 58 31 32 108 47 73 91 41 9 27 17 60 27 32 80 1 109 76 58 1 107 37 23 53 69 0 78 107 29 100 48 77 63 10 43 1 23 37 25 49 70 14 7 76 56 91 3 109 95
run=10 seed=9 k=110 f=0
43 21 5 39 10 83 40 90 96 12 64 5 61 89 7 85 109 20 56 34 7 30 31 95 79 100 74 73 71 85 53 15 90 46 19 56 20 106 56 54 34 0 36 54 24 30 60 73 83 49 65 5 25 109 68 22 88 109 93 107 40 0 8 79 76 1 78 97 78 25 88 101 74 13 2 47 102 105 20 71 38 67 62 96 53 80 11 56 23 32 38 0 18 88 45 27 21 92 62 29 74 35 8 65 108 0 14 41 16 43 43 30 50 3 59 101 59 15 27 104
run=11 seed=10 k=110 f=0
53 91 8 95 108 87 45 48 67 87 61 85 58 83 84 16 37 46 76 88 48 37 35 38 47 88 62 72 108 86 56 56 0 58 7 61 35 109 9 102 33 42 73 23 8 65 86 98 44 9 44 68 21 34 33 39 50 93 30 107 69 80 47 16 18 0 57 63 109 1 1 10 29 15 79 17 71 70 75 106 0 83 30 25 97 27 107 53 11 66 47 81 66 23 30 41 101 76 102 62 22 0 73 53 0 41 28 79 22 3 13 24 55 9 94 67 97 93 93 92
run=12 seed=11 k=110 f=0
98 2 98 26 50 5 81 101 29 107 39 29 84 30 70 109 23 9 7 48 33 42 4 91 101 33 82 43 51 3 109 16 104 0 22 50 88 37 90 2 38 88 19 70 91 49 19 51 7 104 59 100 81 71 108 84 39 12 64 11 60 22 107 76 11 61 14 34 24 105 87 66 95 76 44 11 43 65 108 57 58 0 22 66 7 35 15 45 90 92 24 81 94 58 46 28 97 40 62 13 31 78 67 71 72 30 43 94 15 0 94 20 74 72 0 79 53 54 103 78
run=13 seed=12 k=110 f=0
28 74 42 8 88 37 67 71 87 94 79 93 107 109 77 44 9 61 57 91 36 109 100 81 38 53 89 84 60 37 18 25 43 50 30 50 101 19 0 0 25 3 29 102 4 18 19 14 107 1 0 28 83 76 109 5 19 66 54 78 16 87 44 78 96 63 0 108 15 18 89 59 65 8 35 106 26 56 45 22 65 96 51 41 70 96 99 47 94 69 34 63 58 14 99 11 78 32 41 93 10 23 40 44 21 52 85 97 68 92 102 18 78 103 53 84 23 84 40 49
run=14 seed=13 k=110 f=0
90 60 50 1 77 65 82 29 79 26 67 94 11 95 21 23 99 34 88 109 93 43 59 77 17 90 21 106 18 94 79 104 50 101 109 86 14 75 61 30 10 61 20 0 64 43 17 54 54 0 86 41 19 40 57 36 52 4 0 48 28 38 16 83 2 10 105 96 83 29 70 59 78 98 108 22 45 38 50 62 32 71 28 10 26 86 40 53 72 6 69 88 94 83 108 38 104 104 90 96 14 72 36 65 77 39 63 92 107 60 15 42 102 66 7 8 48 47 97 29
run=15 seed=14 k=110 f=0
3 102 85 13 73 1 87 100 109 66 12 109 60 102 26 26 106 75 102 65 72 54 69 4 39 18 88 94 73 43 80 9 78 109 49 41 71 42 33 35 28 30 51 28 50 91 20 22 97 28 63 47 68 16 65 14 109 17 105 88 60 98 70 99 73 59 2 77 21 33 0 58 49 53 9 87 90 73 46 85 62 0 36 23 37 98 85 21 108 46 109 58 41 28 19 93 51 5 13 71 82 13 0 77 1 47 54 94 107 91 82 43 81 97 0 96 37 85 41 31
run=16 seed=15 k=110 f=0
83 0 61 0 16 5 35 81 13 98 35 42 44 66 70 29 101 8 66 83 20 87 25 51 4 92 88 51 100 98 15 7 30 88 0 95 0 108 72 62 42 93 97 80 94 76 76 72 108 73 7 90 64 85 65 53 102 94 44 104 13 80 96 45 18 22 24 62 108 14 81 34 27 103 56 24 93 22 13 91 38 74 46 31 68 6 36 60 79 0 16 50 109 12 47 59 53 85 51 29 45 56 77 50 1 22 2 87 77 30 99 28 35 34 71 60 20 39 52 108
run=17 seed=16 k=110 f=0
5 19 37 12 15 34 55 10 14 80 47 0 83 31 50 47 81 94 93 28 79 4 58 74 8 25 38 16 72 0 101 68 35 102 78 31 21 63 81 66 19 0 29 75 75 77 1 55 48 64 50 13 37 33 85 108 109 57 37 109 99 56 38 46 55 96 101 66 99 83 53 42 11 14 4 43 45 98 18 61 25 59 65 38 90 26 73 109 83 16 92 73 9 91 98 0 88 106 1 12 5 84 9 90 65 105 19 3 25 56 108 88 82 65 36 11 109 19 86 44
run=18 seed=17 k=110 f=0
35 35 109 81 69 23 15 69 0 56 52 89 79 17 27 86 86 55 56 25 45 20 33 108 3 0 45 47 26 28 36 97 103 13 101 54 13 3 29 69 91 39 47 81 64 40 20 97 97 78 7 77 27 14 74 52 5 4 90 48 11 39 47 32 59 34 105 29 60 65 92 25 108 20 41 84 62 0 70 91 109 30 11 100 103 61 67 73 67 8 52 38 13 109 100 109 62 60 28 41 23 75 106 47 9 97 96 105 18 72 0 8 87 100 17 77 19 84 49 52
run=19 seed=18 k=110 f=0
38 59 55 9 36 30 19 72 62 15 14 52 32 78 97 83 61 51 48 67 104 41 65 59 104 18 89 105 63 80 24 96 1 64 92 21 23 102 82 64 98 9 35 109 19 109 86 0 92 70 52 86 46 108 77 95 17 13 23 91 79 7 26 0 21 54 70 43 1 33 12 82 4 76 86 43 41 104 87 18 63 72 9 44 49 85 28 69 37 95 50 94 41 74 66 55 1 101 98 19 25 31 33 37 37 7 29 45 45 9 78 108 85 19 57 31 106 7 55 102
run=20 seed=19 k=110 f=0
9 72 51 0 98 37 41 44 2 34 67 78 64 80 79 27 97 75 34 87 41 10 45 72 68 88 108 0 95 17 61 59 94 91 89 100 106 68 77 21 7 76 100 15 16 3 77 22 15 0 25 51 38 68 59 106 1 53 30 95 23 55 88 43 26 51 85 82 51 100 82 61 64 85 106 106 7 58 14 5 84 20 64 17 102 31 55 39 72 29 14 36 107 47 107 109 34 30 14 84 10 87 52 47 58 69 1 73 51 20 3 62 97 88 2 94 9 0 45 109
