run=1 seed=0 k=107 f=0
64 17 72 90 37 27 33 38 102 13 44 10 76 86 94 66 68 85 94 11 58 99 64 82 2 20 99 21 95 14 60 87 7 106 23 32 36 3 65 0 1 105 71 20 12 89 6 68 106 2 47 2 48 5 47 53 63 101 22 78 61 106 32 56 16 92 79 26 36 23 78 56 40 19 100 42 77 63 94 105 28 75 0 24 1 27 91 34 105 31 53 52 37 94 52 89 26 25 19 35 82 70 39 83 79 46 54 11 69 77 69 59 42 56 40 49 11 97 15 16
run=2 seed=1 k=107 f=0
64 17 72 90 37 27 33 38 102 13 44 10 76 86 94 66 68 85 94 11 58 99 64 82 2 20 99 21 95 14 60 87 7 106 23 32 36 3 65 0 1 105 71 20 12 89 6 68 106 2 47 2 48 5 47 53 63 101 22 78 61 106 32 56 16 92 79 26 36 23 78 56 40 19 100 42 77 63 94 105 28 75 0 24 1 27 91 34 105 31 53 52 37 94 52 89 26 25 19 35 82 70 39 83 79 46 54 11 69 77 69 59 42 56 40 49 11 97 15 16
run=3 seed=2 k=107 f=0
12 26 33 70 14 30 86 74 100 55 106 0 84 56 50 106 50 13 95 50 80 11 28 13 9 68 51 79 102 0 18 33 40 22 56 65 22 96 35 33 64 18 64 76 23 56 72 92 10 58 25 1 40 76 41 9 27 5 95 39 18 59 38 104 14 19 60 77 1 96 74 71 88 92 29 8 84 35 25 22 47 87 2 3 71 103 97 79 40 91 65 57 9 28 88 86 74 78 23 54 2 47 34 106 7 97 51 51 106 1 41 82 62 42 99 63 81 49 102 10
run=4 seed=3 k=107 f=0
84 35 72 39 105 86 56 6 74 21 53 62 41 2 3 71 106 95 78 11 59 2 45 79 56 67 47 64 81 15 91 17 25 81 11 91 36 48 90 76 73 67 21 106 41 56 4 62 50 84 103 35 41 97 39 33 39 14 93 13 75 82 4 1 15 12 89 2 106 3 8 95 99 88 57 56 44 32 80 94 29 86 23 63 23 105 16 60 20 78 69 32 53 105 92 102 24 23 106 54 22 44 34 3 0 49 28 49 67 9 41 38 96 86 33 48 29 71 0 49
run=5 seed=4 k=107 f=0
105 54 90 68 82 64 65 92 24 48 30 42 1 5 11 78 39 13 70 94 106 21 57 97 36 57 22 78 74 33 64 0 47 0 106 31 53 85 56 32 45 16 33 78 6 83 26 7 89 48 106 30 0 24 43 49 35 94 39 103 8 15 104 106 7 35 101 27 8 86 64 2 102 63 95 66 56 7 85 58 90 99 87 24 73 72 79 78 43 21 24 15 87 89 65 101 91 25 85 100 54 71 82 16 63 68 12 15 15 30 48 98 73 53 56 59 71 70 45 48
run=6 seed=5 k=107 f=0
78 48 56 30 40 92 56 54 45 66 0 54 48 25 0 7 96 25 71 28 36 102 21 20 13 43 102 54 99 92 81 82 103 3 1 94 92 100 106 70 15 106 77 18 49 27 84 12 65 9 38 9 76 61 86 63 52 10 75 62 84 88 33 50 68 79 19 23 66 58 70 18 0 60 59 33 27 69 87 6 25 15 53 14 9 87 19 79 36 33 34 93 67 106 32 43 72 103 84 36 90 43 53 36 19 40 75 21 10 3 56 96 105 1 0 44 106 31 97 64
run=7 seed=6 k=107 f=0
5 106 73 52 96 5 1 52 25 83 71 70 74 47 35 38 42 11 18 40 77 6 87 80 90 102 1 69 32 106 64 88 0 44 11 97 88 75 27 55 72 0 0 23 80 102 64 44 49 34 39 20 1 32 96 85 104 28 95 102 16 60 10 83 36 17 52 14 13 24 24 42 79 66 55 80 31 45 61 10 67 45 70 63 51 19 90 32 88 28 94 18 106 34 26 88 96 9 11 103 74 22 81 61 4 15 8 77 64 19 31 96 61 11 50 24 71 106 56 106
run=8 seed=7 k=107 f=0
60 91 4 80 3 28 32 63 47 78 89 55 74 52 105 68 58 72 51 103 26 10 0 66 46 19 46 11 87 23 102 18 96 45 31 41 71 0 38 26 73 96 23 50 36 0 77 96 12 106 93 74 46 76 12 56 11 81 0 82 4 5 32 85 17 86 96 95 35 104 52 35 76 51 96 67 63 33 72 1 106 58 7 32 48 40 66 57 55 27 16 7 47 105 62 77 64 87 2 37 91 20 6 30 56 87 44 15 13 79 64 78 72 0 28 84 38 98 41 15
run=9 seed=8 k=107 f=0
99 7 74 23 12 99 53 51 10 38 96 13 53 27 70 43 10 23 106 13 25 52 106 103 55 90 93 12 59 84 52 75 19 104 65 82 50 84 23 29 70 6 94 12 34 59 0 79 33 74 41 101 105 95 32 18 40 4 66 65 97 1 33 50 9 1 70 18 36 52 16 78 46 38 39 28 89 63 56 43 60 18 27 62 106 80 57 31 42 68 91 78 61 106 9 43 16 23 31 56 80 92 99 65 30 84 91 63 75 80 0 74 44 6 85 86 1 70 49 106
run=10 seed=9 k=107 f=0
99 6 105 7 91 26 104 44 14 1 79 70 103 33 72 102 91 84 69 53 45 23 45 89 28 60 15 88 93 98 100 76 15 55 56 86 24 77 22 58 63 106 31 95 0 34 32 82 106 76 0 57 19 6 18 103 21 82 10 81 53 65 89 2 96 37 81 95 1 78 99 47 29 8 11 48 45 23 19 33 32 62 3 65 37 51 38 70 26 25 42 88 1 39 11 106 49 96 45 65 39 15 81 0 29 30 41 74 52 70 70 63 57 42 55 95 46 8 83 5
run=11 seed=10 k=107 f=0
86 91 43 47 3 22 25 35 62 48 84 23 24 53 44 45 45 83 20 32 103 17 60 30 58 62 20 8 66 105 103 55 73 76 62 80 97 13 45 52 7 25 1 68 12 79 29 4 86 53 96 35 2 88 40 100 106 0 94 3 32 29 29 105 106 74 9 94 0 2 8 106 101 61 94 44 57 39 50 51 35 79 86 58 61 15 71 68 83 16 91 68 103 77 103 27 28 40 58 33 50 64 74 13 14 19 0 12 83 36 42 95 46 59 38 70 25 89 10 91
run=12 seed=11 k=107 f=0
100 73 45 0 20 50 23 21 85 35 82 67 86 84 10 97 64 22 40 48 88 63 105 80 77 42 11 79 1 53 48 24 32 60 86 10 0 93 33 18 60 106 84 68 105 105 53 19 78 106 72 64 88 69 37 8 30 93 39 20 35 56 12 76 44 40 96 0 3 19 48 50 18 41 6 94 106 27 19 4 51 11 0 0 99 73 97 99 41 30 64 68 49 8 30 14 24 58 7 80 2 85 102 27 57 26 13 27 91 15 30 74 97 36 43 77 55 105 59 37
run=13 seed=12 k=107 f=0
3 24 105 76 6 83 47 2 63 34 72 88 42 35 54 93 60 90 66 29 6 55 84 36 40 106 67 75 81 27 98 84 9 97 92 63 103 75 33 30 42 0 21 48 105 59 43 96 53 17 58 106 77 31 38 104 42 83 20 30 95 1 16 3 43 55 19 85 47 51 83 22 34 72 27 70 68 2 61 88 75 13 43 51 38 18 43 102 32 11 95 106 103 49 60 11 88 10 92 29 22 70 22 1 81 89 61 6 95 48 90 38 23 10 16 100 69 59 53 73
run=14 seed=13 k=107 f=0
13 103 33 84 92 100 83 106 70 35 101 9 90 27 62 48 49 28 20 44 16 40 49 103 76 74 9 79 6 25 37 60 6 36 55 69 0 4 10 70 91 25 91 84 34 21 64 32 30 1 0 91 62 12 17 42 103 106 8 25 22 4 105 67 24 61 40 58 87 51 55 90 95 49 106 37 51 59 67 13 73 1 7 46 53 39 86 72 103 98 29 73 73 45 15 62 55 79 63 72 42 52 82 42 0 97 17 84 33 19 31 51 21 42 101 96 10 81 80 70
run=15 seed=14 k=107 f=0
30 55 80 2 44 63 42 48 99 5 62 89 1 87 42 62 18 0 73 21 29 46 64 38 27 92 95 95 14 69 73 37 56 58 89 97 51 11 68 81 7 106 21 47 85 20 38 26 34 78 47 97 59 6 30 85 27 64 87 106 25 0 89 71 77 17 84 45 0 18 86 40 67 73 101 49 73 26 42 14 17 80 5 38 12 100 10 82 67 53 90 104 24 72 55 4 64 104 12 93 57 13 39 2 53 16 4 78 106 28 73 8 43 56 94 95 44 96 66 106
run=16 seed=15 k=107 f=0
94 20 105 59 43 0 106 17 50 59 95 43 86 98 104 84 103 23 104 23 73 53 10 6 5 46 105 36 3 38 40 8 72 40 4 106 52 10 4 3 87 79 106 63 76 23 1 39 81 37 26 55 55 22 54 29 71 13 0 16 96 30 17 83 59 88 17 49 43 16 61 75 28 98 2 31 72 66 86 52 36 92 8 91 104 30 71 75 86 31 41 30 62 67 92 48 63 64 32 47 13 88 19 8 66 19 73 60 96 76 14 80 102 50 101 60 14 74 50 90
run=17 seed=16 k=107 f=0
25 47 62 45 79 91 102 48 7 47 86 29 75 17 86 83 26 19 61 62 55 34 13 95 2 7 104 62 70 10 85 25 100 83 50 96 78 63 71 9 30 69 54 49 91 50 29 81 106 89 53 10 55 106 106 29 87 34 78 18 80 52 21 0 18 68 38 72 17 20 72 90 15 59 35 32 37 69 45 30 41 2 0 42 103 2 64 84 48 76 16 28 56 38 27 93 0 0 18 9 20 67 61 41 36 106 2 43 61 48 8 59 100 76 101 94 99 5 11 94
run=18 seed=17 k=107 f=0
68 4 51 2 6 19 26 47 54 35 101 58 24 1 56 32 93 77 41 26 39 76 10 10 19 9 60 90 82 28 24 85 80 24 17 26 7 70 63 49 50 10 0 8 11 74 87 2 18 69 17 69 0 68 97 40 78 95 49 97 84 70 68 16 7 30 106 61 59 45 61 106 103 39 38 33 102 68 80 90 22 0 77 89 92 0 52 83 90 106 103 33 72 0 78 54 33 32 49 58 55 89 73 44 14 17 63 98 36 58 69 35 87 98 50 106 29 106 96 13
run=19 seed=18 k=107 f=0
77 90 86 79 34 106 80 67 8 36 29 13 81 38 50 44 22 43 52 45 65 34 32 70 59 87 18 0 95 55 49 83 12 74 2 20 84 18 49 41 84 38 83 67 67 33 73 47 5 58 64 18 77 61 27 1 70 60 73 3 106 79 18 3 101 24 28 29 55 96 50 51 29 91 96 21 59 44 0 34 27 92 84 36 17 105 68 4 89 33 21 9 94 103 14 60 73 99 66 11 16 71 1 45 87 29 2 39 31 103 105 56 97 106 94 7 12 92 102 61
run=20 seed=19 k=107 f=0
87 21 14 18 15 48 72 87 29 62 64 0 64 106 79 59 62 89 45 88 30 105 91 32 91 18 69 105 85 53 74 96 1 106 53 12 10 16 22 45 26 23 40 34 25 58 62 2 86 44 91 38 7 77 66 100 62 29 46 100 96 50 60 51 31 11 103 81 2 40 72 20 55 94 80 8 79 105 16 87 85 37 66 0 79 21 35 7 25 101 38 95 48 31 4 9 14 68 91 58 1 76 39 104 103 71 44 75 99 0 55 54 20 80 41 69 27 78 103 53
