run=1 seed=0 k=120 f=0
103 86 57 115 89 55 106 12 108 35 2 67 36 19 2 33 42 66 52 16 23 8 87 70 62 51 62 43 67 30 97 42 59 45 29 48 29 4 90 89 38 93 20 11 99 97 38 0 35 24 53 7 92 14 116 33 62 50 76 0 114 77 44 87 27 18 46 9 119 17 75 15 100 107 14 48 74 44 30 102 82 111 96 96 67 24 3 93 74 79 12 60 116 48 19 37 10 79 54 104 75 109 0 58 107 81 28 62 1 30 52 116 84 80 90 102 107 79 4 112
run=2 seed=1 k=120 f=0
103 86 57 115 89 55 106 12 108 35 2 67 36 19 2 33 42 66 52 16 23 8 87 70 62 51 62 43 67 30 97 42 59 45 29 48 29 4 90 89 38 93 20 11 99 97 38 0 35 24 53 7 92 14 116 33 62 50 76 0 114 77 44 87 27 18 46 9 119 17 75 15 100 107 14 48 74 44 30 102 82 111 96 96 67 24 3 93 74 79 12 60 116 48 19 37 10 79 54 104 75 109 0 58 107 81 28 62 1 30 52 116 84 80 90 102 107 79 4 112
run=3 seed=2 k=120 f=0
19 79 67 95 21 18 24 117 25 27 22 118 68 64 77 65 40 93 87 97 0 92 89 107 7 31 54 110 96 63 111 17 25 38 41 36 52 57 31 32 77 80 48 26 100 5 13 114 98 72 44 85 49 6 0 86 29 43 70 21 3 42 63 80 76 96 37 116 33 119 24 103 110 93 10 49 9 37 10 84 54 113 36 104 119 114 63 20 59 101 12 63 50 80 59 88 1 85 1 75 75 69 24 18 108 59 108 77 10 57 42 106 51 86 33 104 117 12 61 74
run=4 seed=3 k=120 f=0
68 60 48 0 105 100 60 85 1 45 56 91 12 19 82 81 23 55 1 13 20 101 54 18 73 47 31 17 28 44 94 93 73 12 86 1 41 38 48 108 71 68 78 107 22 24 81 112 74 82 119 109 64 117 92 19 36 0 3 64 38 112 38 69 70 10 13 103 43 9 107 52 119 99 5 99 42 91 34 36 53 28 26 115 87 51 15 60 85 33 117 26 26 28 38 98 39 8 36 64 61 19 57 30 105 58 73 89 105 109 76 74 51 82 11 109 100 61 9 1
run=5 seed=4 k=120 f=0
73 87 34 51 65 96 60 43 119 65 47 111 112 44 43 32 22 61 81 29 77 23 28 39 77 118 109 82 93 100 30 50 68 50 19 98 34 4 23 119 16 119 101 46 44 11 22 58 72 33 87 50 47 9 28 112 28 95 38 6 56 106 51 12 33 71 30 59 67 6 41 45 7 24 90 73 13 118 4 86 0 59 28 68 13 54 105 65 16 75 1 84 20 26 88 119 57 63 105 88 114 19 6 82 60 102 6 82 30 98 112 66 37 75 118 96 0 76 105 82
run=6 seed=5 k=120 f=0
90 57 70 42 116 98 80 9 33 61 66 70 24 78 10 20 59 66 103 86 6 115 39 93 14 74 103 73 92 7 10 91 0 25 39 38 16 111 102 45 53 0 53 105 28 63 16 7 1 22 28 15 104 13 39 64 25 83 109 109 82 53 76 87 18 23 45 93 99 85 11 25 46 32 118 72 118 119 22 48 67 33 89 2 52 107 31 69 65 49 55 34 98 6 119 79 19 113 101 77 50 99 41 90 117 112 36 44 15 111 43 118 54 61 81 79 96 92 58 2
run=7 seed=6 k=120 f=0
21 15 112 115 68 5 95 99 17 58 95 43 67 22 82 56 99 12 83 84 33 47 15 102 29 118 60 73 88 15 55 90 32 84 36 101 105 74 12 13 5 100 33 42 117 116 99 97 9 37 30 112 23 27 94 53 52 3 41 108 92 8 78 50 43 114 39 76 61 45 57 35 81 94 108 79 89 87 119 110 2 113 71 114 20 56 72 37 75 29 47 1 24 0 100 65 104 61 13 105 44 87 43 52 51 99 1 31 95 64 9 69 62 76 17 72 3 23 13 79
run=8 seed=7 k=120 f=0
117 73 2 31 5 7 26 97 0 13 35 1 91 7 26 45 59 52 56 69 108 83 108 60 109 4 1 72 74 110 119 9 41 31 73 95 98 40 87 34 53 100 0 92 98 47 60 37 87 37 38 41 68 20 70 55 119 11 0 61 11 119 23 98 112 67 66 30 53 11 45 54 103 20 113 81 106 119 45 51 28 38 84 119 116 106 21 74 55 14 81 7 5 22 80 58 90 78 3 48 107 40 106 29 26 63 103 93 21 46 16 80 116 100 90 90 81 19 64 23
run=9 seed=8 k=120 f=0
16 37 57 29 18 13 90 45 87 33 91 64 76 47 2 14 60 117 43 44 105 85 49 50 68 88 41 96 95 3 33 113 102 65 101 3 73 85 97 48 21 36 75 97 23 30 103 76 44 70 82 6 16 87 20 59 50 39 53 50 29 94 49 41 33 23 37 106 19 14 94 87 113 12 8 6 5 111 81 64 71 27 114 52 64 90 79 97 116 0 56 25 117 3 59 0 117 97 17 31 0 10 75 53 10 111 79 105 58 109 119 28 40 67 40 96 101 112 59 25
run=10 seed=9 k=120 f=0
119 77 85 7 79 52 20 87 32 92 19 58 52 8 37 95 102 55 46 0 58 13 91 45 23 74 53 23 111 109 40 67 63 62 70 119 33 115 96 44 91 90 79 28 34 0 59 44 50 65 15 94 111 107 5 22 98 96 45 42 1 63 18 20 39 1 118 117 34 26 43 69 28 26 92 62 102 85 119 31 115 5 117 107 103 9 10 119 105 47 78 70 117 6 82 51 81 81 52 69 55 103 24 18 9 109 2 61 74 119 84 70 80 62 51 25 35 15 17 67
run=11 seed=10 k=120 f=0
57 5 38 5 95 22 35 83 107 107 18 53 48 4 104 109 0 119 71 108 75 15 115 61 26 70 112 43 88 81 64 23 87 28 20 115 82 56 119 32 43 32 15 83 117 117 27 73 61 86 98 17 23 3 104 63 112 96 9 59 102 10 17 7 74 38 44 83 118 18 50 0 77 72 95 67 14 92 49 119 53 43 114 66 0 10 42 33 61 111 24 41 67 37 100 98 75 109 52 95 62 90 29 10 88 18 78 89 72 15 58 4 50 51 48 99 34 1 84 104
run=12 seed=11 k=120 f=0
75 14 11 5 3 33 1 1 89 54 50 3 68 14 86 80 0 56 73 18 3 115 60 61 95 118 78 98 48 105 26 46 19 114 40 51 91 88 10 40 114 109 79 118 39 101 48 45 60 23 55 98 87 92 98 54 119 49 28 30 95 58 77 47 73 22 54 86 37 70 65 118 107 12 9 81 82 45 76 26 65 11 97 29 95 117 73 94 40 110 4 59 35 16 1 104 41 32 12 104 103 68 103 44 119 108 113 13 87 80 84 103 64 19 112 56 37 39 22 69
run=13 seed=12 k=120 f=0
15 92 74 89 21 15 62 31 97 24 60 86 55 67 88 64 50 70 1 100 109 4 60 34 78 0 9 106 77 72 96 73 23 63 10 48 59 39 94 47 56 30 110 104 26 77 29 24 23 60 116 5 41 105 25 5 48 116 51 18 10 118 10 89 104 46 36 40 39 0 18 36 32 68 116 66 116 44 90 106 97 84 81 53 22 98 79 81 14 35 2 80 40 94 49 1 29 96 22 53 38 0 84 107 69 72 45 56 98 16 12 65 71 19 109 117 101 119 57 119
run=14 seed=13 k=120 f=0
90 101 103 31 54 64 30 35 89 11 68 19 22 0 67 23 117 49 117 112 54 72 49 118 78 38 40 79 117 49 60 42 36 85 39 119 43 109 54 100 112 101 9 14 35 11 49 24 96 56 18 41 87 70 29 76 87 53 35 96 31 1 13 99 44 97 75 61 79 9 23 72 110 81 79 28 84 59 47 74 108 61 50 61 10 110 13 94 86 5 0 0 84 27 48 117 73 3 50 37 12 84 101 64 27 59 64 42 67 24 88 5 116 86 105 2 70 18 19 34
run=15 seed=14 k=120 f=0
54 14 102 28 73 68 47 22 39 106 0 64 0 5 116 67 1 108 29 101 79 109 99 51 100 58 40 71 83 3 50 118 88 63 82 97 3 119 43 35 88 58 99 58 90 97 3 78 105 83 59 57 10 38 15 110 50 47 9 8 51 58 118 46 52 31 92 117 46 93 32 19 22 110 69 107 18 101 36 68 2 96 47 4 26 21 114 14 69 77 79 112 31 77 49 91 108 75 13 91 12 86 19 41 17 27 16 4 113 119 70 93 101 78 38 87 93 83 19 33
run=16 seed=15 k=120 f=0
53 30 117 101 75 7 34 72 0 7 19 111 100 83 40 49 28 67 112 73 98 80 93 0 40 0 88 81 40 117 12 14 88 114 9 59 45 79 11 13 55 54 25 31 90 78 6 95 18 52 26 103 38 83 58 45 0 24 6 64 73 3 30 16 50 84 74 80 119 77 44 70 119 60 84 94 20 32 86 81 69 23 56 90 62 112 9 48 9 76 6 0 16 28 21 36 111 95 81 105 44 85 69 65 29 117 22 68 17 100 109 40 115 64 118 38 108 102 103 50
run=17 seed=16 k=120 f=0
61 93 31 92 96 23 18 10 63 71 69 65 119 35 0 2 62 96 21 119 47 24 45 14 48 9 28 112 11 60 92 81 67 118 78 105 51 38 19 7 68 88 109 59 72 89 46 14 26 82 111 100 41 9 87 75 104 107 39 16 54 87 104 46 45 116 61 58 17 102 33 77 73 44 18 54 68 75 28 31 32 113 96 65 107 56 113 5 43 76 21 77 81 117 28 100 48 14 91 2 42 35 119 98 55 95 69 83 45 103 8 36 44 83 96 61 0 29 70 54
run=18 seed=17 k=120 f=0
79 77 31 76 79 119 25 111 107 47 101 87 59 70 102 59 45 116 42 63 26 16 93 68 69 54 88 70 79 98 119 97 16 34 34 50 35 95 78 51 0 73 63 101 105 74 50 87 17 28 30 55 8 65 7 18 0 94 110 0 95 118 97 75 55 70 45 82 54 115 103 101 67 116 0 103 78 43 45 111 7 85 47 23 35 30 37 20 7 20 5 70 39 110 20 86 59 59 38 55 53 24 95 111 14 88 97 1 10 105 0 10 27 50 11 118 84 46 19 3
run=19 seed=18 k=120 f=0
76 67 104 7 92 78 87 33 92 117 106 82 56 85 82 23 79 94 101 25 84 56 11 116 71 31 19 21 54 40 4 117 45 101 47 99 2 66 83 94 28 69 27 3 39 109 26 49 72 0 92 36 47 61 48 110 7 67 93 61 108 11 106 11 21 39 110 1 49 74 37 52 15 14 55 20 118 85 15 70 76 30 99 113 40 32 88 49 3 20 102 74 91 99 85 59 113 59 68 59 83 34 103 24 118 38 79 23 104 63 7 58 8 65 111 0 119 0 108 45
run=20 seed=19 k=120 f=0
89 56 85 113 68 16 107 105 92 4 83 1 99 6 45 23 44 96 99 28 47 111 95 42 53 88 98 68 65 71 27 62 54 11 117 95 26 84 47 109 17 19 31 60 14 73 37 52 79 36 81 76 8 0 53 66 29 15 71 76 22 85 111 76 73 26 92 94 11 50 119 46 66 35 111 41 100 23 3 64 36 78 75 62 117 1 102 9 16 14 118 38 27 61 107 92 38 116 34 114 47 11 74 51 58 79 51 38 34 56 103 58 7 58 39 89 0 22 109 100
